<JSB052_Satsuma_1945_Bow_ports.visual>
	<node>
		<identifier>	Scene Root	</identifier>
		<transform>
			<row0>	1.0000 0.0000 0.0000 0.0000	</row0>
			<row1>	0.0000 1.0000 0.0000 0.0000	</row1>
			<row2>	0.0000 0.0000 1.0000 0.0000	</row2>
			<row3>	0.0000 0.0000 0.0000 1.0000	</row3>
		</transform>
		<node>
			<identifier>	Bow_ports	</identifier>
			<transform>
				<row0>	1.0000 0.0000 0.0000 0.0000	</row0>
				<row1>	0.0000 1.0000 0.0000 0.0000	</row1>
				<row2>	0.0000 0.0000 1.0000 0.0000	</row2>
				<row3>	0.0000 0.0000 0.0000 1.0000	</row3>
			</transform>
			<node>
				<identifier>	HP_FX_Fire_1	</identifier>
				<transform>
					<row0>	1.0000 0.0000 0.0000 0.0000	</row0>
					<row1>	0.0000 1.0000 0.0000 0.0000	</row1>
					<row2>	0.0000 0.0000 1.0000 0.0000	</row2>
					<row3>	0.0000 0.5439 7.8461 1.0000	</row3>
				</transform>
			</node>
			<node>
				<identifier>	HP_FX_WakeTrace	</identifier>
				<transform>
					<row0>	1.0000 0.0000 0.0000 0.0000	</row0>
					<row1>	0.0000 1.0000 0.0000 0.0000	</row1>
					<row2>	0.0000 0.0000 1.0000 0.0000	</row2>
					<row3>	0.0000 0.0000 9.6650 1.0000	</row3>
				</transform>
			</node>
			<node>
				<identifier>	HP_Ship_death_1	</identifier>
				<transform>
					<row0>	1.0000 0.0000 0.0000 0.0000	</row0>
					<row1>	0.0000 1.0000 0.0000 0.0000	</row1>
					<row2>	0.0000 0.0000 1.0000 0.0000	</row2>
					<row3>	0.0000 0.0000 6.5988 1.0000	</row3>
				</transform>
			</node>
			<node>
				<identifier>	MP_CM011_Fire_Fighting_Gear	</identifier>
				<transform>
					<row0>	1.0000 0.0000 0.0000 0.0000	</row0>
					<row1>	0.0000 1.0000 0.0000 0.0000	</row1>
					<row2>	0.0000 0.0000 1.0000 0.0000	</row2>
					<row3>	-0.0897 0.4914 7.1328 1.0000	</row3>
				</transform>
			</node>
			<node>
				<identifier>	MP_CM013_Fire_Hose_Rack_2	</identifier>
				<transform>
					<row0>	0.0000 0.0000 1.0000 0.0000	</row0>
					<row1>	0.0000 1.0000 0.0000 0.0000	</row1>
					<row2>	-1.0000 0.0000 0.0000 0.0000	</row2>
					<row3>	-0.0897 0.5459 7.1443 1.0000	</row3>
				</transform>
			</node>
			<node>
				<identifier>	MP_JM029_Leadsman_Platform	</identifier>
				<transform>
					<row0>	0.9472 0.1617 0.2767 0.0000	</row0>
					<row1>	-0.1379 0.9850 -0.1034 0.0000	</row1>
					<row2>	-0.2893 0.0597 0.9554 0.0000	</row2>
					<row3>	0.3439 0.6268 9.8259 1.0000	</row3>
				</transform>
			</node>
			<node>
				<identifier>	MP_JM029_Leadsman_Platform_INDEX_1	</identifier>
				<transform>
					<row0>	-0.9475 0.1617 0.2760 0.0000	</row0>
					<row1>	0.1379 0.9850 -0.1034 0.0000	</row1>
					<row2>	-0.2886 -0.0599 -0.9556 0.0000	</row2>
					<row3>	-0.3439 0.6268 9.8259 1.0000	</row3>
				</transform>
			</node>
			<node>
				<identifier>	MP_JM033_Roller_Fairled	</identifier>
				<transform>
					<row0>	0.1540 -0.0744 -1.2401 0.0000	</row0>
					<row1>	0.0059 1.1872 -0.0705 0.0000	</row1>
					<row2>	1.2424 0.0030 0.1541 0.0000	</row2>
					<row3>	0.4429 0.5621 8.5678 1.0000	</row3>
				</transform>
			</node>
			<node>
				<identifier>	MP_JM062_Deck_Hatch_11	</identifier>
				<transform>
					<row0>	-0.7738 0.0000 0.0000 0.0000	</row0>
					<row1>	0.0000 0.7738 0.0000 0.0000	</row1>
					<row2>	0.0000 0.0000 -0.7738 0.0000	</row2>
					<row3>	0.1031 0.5512 8.4400 1.0000	</row3>
				</transform>
			</node>
			<node>
				<identifier>	MP_JM062_Deck_Hatch_11_INDEX_1	</identifier>
				<transform>
					<row0>	-0.7738 0.0000 0.0000 0.0000	</row0>
					<row1>	0.0000 0.7738 0.0000 0.0000	</row1>
					<row2>	0.0000 0.0000 -0.7738 0.0000	</row2>
					<row3>	-0.0238 0.5834 9.0995 1.0000	</row3>
				</transform>
			</node>
			<node>
				<identifier>	MP_JM062_Deck_Hatch_11_INDEX_2	</identifier>
				<transform>
					<row0>	-0.7738 0.0000 0.0000 0.0000	</row0>
					<row1>	0.0000 0.7738 0.0000 0.0000	</row1>
					<row2>	0.0000 0.0000 -0.7738 0.0000	</row2>
					<row3>	-0.1030 0.4975 7.4197 1.0000	</row3>
				</transform>
			</node>
			<node>
				<identifier>	MP_JM079_Roller_Fairled	</identifier>
				<transform>
					<row0>	-0.1534 -0.0729 -1.2403 0.0000	</row0>
					<row1>	0.0059 1.1872 -0.0705 0.0000	</row1>
					<row2>	1.2424 -0.0152 -0.1527 0.0000	</row2>
					<row3>	-0.4430 0.5621 8.5678 1.0000	</row3>
				</transform>
			</node>
			<node>
				<identifier>	MP_JM125_Signal_Lamp_3	</identifier>
				<transform>
					<row0>	1.0000 0.0000 0.0000 0.0000	</row0>
					<row1>	0.0000 1.0000 0.0000 0.0000	</row1>
					<row2>	0.0000 0.0000 1.0000 0.0000	</row2>
					<row3>	0.0000 1.2685 10.0077 1.0000	</row3>
				</transform>
			</node>
			<node>
				<identifier>	MP_JM141_Break_Handwheel_1	</identifier>
				<transform>
					<row0>	0.9659 0.0000 -0.2588 0.0000	</row0>
					<row1>	0.0000 1.0000 0.0000 0.0000	</row1>
					<row2>	0.2588 0.0000 0.9659 0.0000	</row2>
					<row3>	0.0276 0.5223 7.8942 1.0000	</row3>
				</transform>
			</node>
			<node>
				<identifier>	MP_JM141_Break_Handwheel_1_INDEX_1	</identifier>
				<transform>
					<row0>	0.7071 0.0000 0.7071 0.0000	</row0>
					<row1>	0.0000 1.0000 0.0000 0.0000	</row1>
					<row2>	-0.7071 0.0000 0.7071 0.0000	</row2>
					<row3>	0.1617 0.5183 7.8291 1.0000	</row3>
				</transform>
			</node>
			<node>
				<identifier>	MP_JM141_Break_Handwheel_1_INDEX_2	</identifier>
				<transform>
					<row0>	0.2588 0.0000 -0.9659 0.0000	</row0>
					<row1>	0.0000 1.0000 0.0000 0.0000	</row1>
					<row2>	0.9659 0.0000 0.2588 0.0000	</row2>
					<row3>	-0.1617 0.5183 7.8291 1.0000	</row3>
				</transform>
			</node>
			<node>
				<identifier>	MP_JM141_Break_Handwheel_1_INDEX_3	</identifier>
				<transform>
					<row0>	-1.0000 0.0000 0.0000 0.0000	</row0>
					<row1>	0.0000 1.0000 0.0000 0.0000	</row1>
					<row2>	0.0000 0.0000 -1.0000 0.0000	</row2>
					<row3>	-0.2577 0.4996 7.4145 1.0000	</row3>
				</transform>
			</node>
			<node>
				<identifier>	MP_JM141_Break_Handwheel_1_INDEX_4	</identifier>
				<transform>
					<row0>	-0.5000 0.0000 0.8660 0.0000	</row0>
					<row1>	0.0000 1.0000 0.0000 0.0000	</row1>
					<row2>	-0.8660 0.0000 -0.5000 0.0000	</row2>
					<row3>	0.2577 0.4996 7.4145 1.0000	</row3>
				</transform>
			</node>
			<node>
				<identifier>	MP_JM310_Chrysanthemum_full	</identifier>
				<transform>
					<row0>	1.0000 0.0000 0.0000 0.0000	</row0>
					<row1>	0.0000 1.0000 0.0000 0.0000	</row1>
					<row2>	0.0000 0.0000 1.0000 0.0000	</row2>
					<row3>	0.0000 0.6515 10.1262 1.0000	</row3>
				</transform>
			</node>
			<node>
				<identifier>	MP_JM368_Life_Buoy	</identifier>
				<transform>
					<row0>	-0.1740 0.0000 0.9847 0.0000	</row0>
					<row1>	0.0000 1.0000 0.0000 0.0000	</row1>
					<row2>	-0.9847 0.0000 -0.1740 0.0000	</row2>
					<row3>	0.6303 0.5624 7.2633 1.0000	</row3>
				</transform>
			</node>
			<node>
				<identifier>	MP_JM368_Life_Buoy_INDEX_1	</identifier>
				<transform>
					<row0>	-0.0744 0.0000 0.9972 0.0000	</row0>
					<row1>	0.0000 1.0000 0.0000 0.0000	</row1>
					<row2>	-0.9972 0.0000 -0.0744 0.0000	</row2>
					<row3>	0.3639 0.6791 9.6659 1.0000	</row3>
				</transform>
			</node>
			<node>
				<identifier>	MP_JM368_Life_Buoy_INDEX_2	</identifier>
				<transform>
					<row0>	-0.1740 0.0000 -0.9847 0.0000	</row0>
					<row1>	0.0000 1.0000 0.0000 0.0000	</row1>
					<row2>	0.9847 0.0000 -0.1740 0.0000	</row2>
					<row3>	-0.6303 0.5624 7.2633 1.0000	</row3>
				</transform>
			</node>
			<node>
				<identifier>	MP_JM368_Life_Buoy_INDEX_3	</identifier>
				<transform>
					<row0>	-0.0744 0.0000 -0.9972 0.0000	</row0>
					<row1>	0.0000 1.0000 0.0000 0.0000	</row1>
					<row2>	0.9972 0.0000 -0.0744 0.0000	</row2>
					<row3>	-0.3639 0.6791 9.6659 1.0000	</row3>
				</transform>
			</node>
		</node>
	</node>
	<boundingBox>
		<min>	-0.0667 -0.0667 -0.0667	</min>
		<max>	0.0667 0.0667 0.0667	</max>
	</boundingBox>
</JSB052_Satsuma_1945_Bow_ports.visual>
