<VSC010_Ignacio_Allende_1950_Stern_ports.visual>
	<node>
		<identifier>	Scene Root	</identifier>
		<transform>
			<row0>	1.0000 0.0000 0.0000 0.0000	</row0>
			<row1>	0.0000 1.0000 0.0000 0.0000	</row1>
			<row2>	0.0000 0.0000 1.0000 0.0000	</row2>
			<row3>	0.0000 0.0000 0.0000 1.0000	</row3>
		</transform>
		<node>
			<identifier>	Stern_ports	</identifier>
			<transform>
				<row0>	1.0000 0.0000 0.0000 0.0000	</row0>
				<row1>	0.0000 1.0000 0.0000 0.0000	</row1>
				<row2>	0.0000 0.0000 1.0000 0.0000	</row2>
				<row3>	0.0000 0.0000 0.0000 1.0000	</row3>
			</transform>
			<node>
				<identifier>	HP_FX_Death_3	</identifier>
				<transform>
					<row0>	1.0000 0.0000 0.0000 0.0000	</row0>
					<row1>	0.0000 1.0000 0.0000 0.0000	</row1>
					<row2>	0.0000 0.0000 1.0000 0.0000	</row2>
					<row3>	0.0000 0.0000 -3.6560 1.0000	</row3>
				</transform>
			</node>
			<node>
				<identifier>	HP_FX_Fire_4	</identifier>
				<transform>
					<row0>	1.0000 0.0000 0.0000 0.0000	</row0>
					<row1>	0.0000 1.0000 0.0000 0.0000	</row1>
					<row2>	0.0000 0.0000 1.0000 0.0000	</row2>
					<row3>	0.0000 0.4081 -4.4448 1.0000	</row3>
				</transform>
			</node>
			<node>
				<identifier>	HP_FX_Flood_water_left	</identifier>
				<transform>
					<row0>	-0.2287 -0.9639 -0.1363 0.0000	</row0>
					<row1>	-0.9730 0.2308 0.0000 0.0000	</row1>
					<row2>	0.0315 0.1326 -0.9907 0.0000	</row2>
					<row3>	-0.5616 0.2150 -4.7638 1.0000	</row3>
				</transform>
			</node>
			<node>
				<identifier>	HP_FX_Flood_water_right	</identifier>
				<transform>
					<row0>	0.2329 -0.9639 0.1290 0.0000	</row0>
					<row1>	0.9725 0.2309 -0.0309 0.0000	</row1>
					<row2>	0.0000 0.1326 0.9912 0.0000	</row2>
					<row3>	0.5620 0.2150 -4.7640 1.0000	</row3>
				</transform>
			</node>
			<node>
				<identifier>	HP_FX_RepairLight_left_2	</identifier>
				<transform>
					<row0>	-0.0842 0.0000 0.9964 0.0000	</row0>
					<row1>	0.0000 1.0000 0.0000 0.0000	</row1>
					<row2>	-0.9964 0.0000 -0.0842 0.0000	</row2>
					<row3>	-0.6276 0.3989 -3.3746 1.0000	</row3>
				</transform>
			</node>
			<node>
				<identifier>	HP_FX_WakeTraceBack	</identifier>
				<transform>
					<row0>	1.0000 0.0000 0.0000 0.0000	</row0>
					<row1>	0.0000 1.0000 0.0000 0.0000	</row1>
					<row2>	0.0000 0.0000 1.0000 0.0000	</row2>
					<row3>	0.0000 0.0000 -6.1217 1.0000	</row3>
				</transform>
			</node>
			<node>
				<identifier>	HP_FX_WakeTrace_screw_1	</identifier>
				<transform>
					<row0>	1.0000 0.0000 0.0000 0.0000	</row0>
					<row1>	0.0000 1.0000 0.0000 0.0000	</row1>
					<row2>	0.0000 0.0000 1.0000 0.0000	</row2>
					<row3>	-0.4320 -0.3501 -4.3430 1.0000	</row3>
				</transform>
			</node>
			<node>
				<identifier>	HP_FX_WakeTrace_screw_2	</identifier>
				<transform>
					<row0>	1.0000 0.0000 0.0000 0.0000	</row0>
					<row1>	0.0000 1.0000 0.0000 0.0000	</row1>
					<row2>	0.0000 0.0000 1.0000 0.0000	</row2>
					<row3>	-0.2419 -0.3550 -5.1115 1.0000	</row3>
				</transform>
			</node>
			<node>
				<identifier>	HP_FX_WakeTrace_screw_3	</identifier>
				<transform>
					<row0>	1.0000 0.0000 0.0000 0.0000	</row0>
					<row1>	0.0000 1.0000 0.0000 0.0000	</row1>
					<row2>	0.0000 0.0000 1.0000 0.0000	</row2>
					<row3>	0.2419 -0.3550 -5.1115 1.0000	</row3>
				</transform>
			</node>
			<node>
				<identifier>	HP_FX_WakeTrace_screw_4	</identifier>
				<transform>
					<row0>	1.0000 0.0000 0.0000 0.0000	</row0>
					<row1>	0.0000 1.0000 0.0000 0.0000	</row1>
					<row2>	0.0000 0.0000 1.0000 0.0000	</row2>
					<row3>	0.4320 -0.3501 -4.3430 1.0000	</row3>
				</transform>
			</node>
			<node>
				<identifier>	HP_Ship_death_3	</identifier>
				<transform>
					<row0>	1.0000 0.0000 0.0000 0.0000	</row0>
					<row1>	0.0000 1.0000 0.0000 0.0000	</row1>
					<row2>	0.0000 0.0000 1.0000 0.0000	</row2>
					<row3>	0.0000 0.0000 -3.1454 1.0000	</row3>
				</transform>
			</node>
			<node>
				<identifier>	HP_VC_1	</identifier>
				<transform>
					<row0>	0.5878 0.0000 0.8090 0.0000	</row0>
					<row1>	0.0000 1.0000 0.0000 0.0000	</row1>
					<row2>	-0.8090 0.0000 0.5878 0.0000	</row2>
					<row3>	-0.4336 0.4902 -5.0867 1.0000	</row3>
				</transform>
			</node>
			<node>
				<identifier>	HP_VGA_25	</identifier>
				<transform>
					<row0>	-1.0000 0.0000 0.0000 0.0000	</row0>
					<row1>	0.0000 1.0000 0.0000 0.0000	</row1>
					<row2>	0.0000 0.0000 -1.0000 0.0000	</row2>
					<row3>	-0.2662 0.4424 -6.0284 1.0000	</row3>
				</transform>
			</node>
			<node>
				<identifier>	HP_VGA_26	</identifier>
				<transform>
					<row0>	-1.0000 0.0000 0.0000 0.0000	</row0>
					<row1>	0.0000 1.0000 0.0000 0.0000	</row1>
					<row2>	0.0000 0.0000 -1.0000 0.0000	</row2>
					<row3>	0.2662 0.4424 -6.0284 1.0000	</row3>
				</transform>
			</node>
			<node>
				<identifier>	HP_VGM_4	</identifier>
				<transform>
					<row0>	-1.0000 0.0000 0.0000 0.0000	</row0>
					<row1>	0.0000 1.0000 0.0000 0.0000	</row1>
					<row2>	0.0000 0.0000 -1.0000 0.0000	</row2>
					<row3>	0.0000 0.4286 -3.4189 1.0000	</row3>
				</transform>
			</node>
			<node>
				<identifier>	MP_CM002_Propeller4_L	</identifier>
				<transform>
					<row0>	0.8788 -0.0008 -0.0164 0.0000	</row0>
					<row1>	0.0002 0.8784 -0.0310 0.0000	</row1>
					<row2>	0.0164 0.0310 0.8782 0.0000	</row2>
					<row3>	-0.4320 -0.3501 -4.3430 1.0000	</row3>
				</transform>
			</node>
			<node>
				<identifier>	MP_CM002_Propeller4_L_INDEX_1	</identifier>
				<transform>
					<row0>	0.8789 -0.0006 -0.0054 0.0000	</row0>
					<row1>	0.0004 0.8781 -0.0372 0.0000	</row1>
					<row2>	0.0054 0.0372 0.8781 0.0000	</row2>
					<row3>	-0.2419 -0.3550 -5.1115 1.0000	</row3>
				</transform>
			</node>
			<node>
				<identifier>	MP_CM011_Fire_Fighting_Gear	</identifier>
				<transform>
					<row0>	1.0000 0.0000 0.0000 0.0000	</row0>
					<row1>	0.0000 1.0000 0.0000 0.0000	</row1>
					<row2>	0.0000 0.0000 1.0000 0.0000	</row2>
					<row3>	0.2240 0.4455 -6.1441 1.0000	</row3>
				</transform>
			</node>
			<node>
				<identifier>	MP_CM011_Fire_Fighting_Gear_INDEX_1	</identifier>
				<transform>
					<row0>	1.0000 0.0000 0.0000 0.0000	</row0>
					<row1>	0.0000 1.0000 0.0000 0.0000	</row1>
					<row2>	0.0000 0.0000 1.0000 0.0000	</row2>
					<row3>	-0.2240 0.4455 -6.1441 1.0000	</row3>
				</transform>
			</node>
			<node>
				<identifier>	MP_CM012_Fire_Hose_Rack_1	</identifier>
				<transform>
					<row0>	0.4551 0.0000 0.8904 0.0000	</row0>
					<row1>	0.0000 1.0000 0.0000 0.0000	</row1>
					<row2>	-0.8904 0.0000 0.4551 0.0000	</row2>
					<row3>	0.2183 0.4900 -6.1222 1.0000	</row3>
				</transform>
			</node>
			<node>
				<identifier>	MP_CM012_Fire_Hose_Rack_1_INDEX_1	</identifier>
				<transform>
					<row0>	-0.4551 0.0000 0.8904 0.0000	</row0>
					<row1>	0.0000 1.0000 0.0000 0.0000	</row1>
					<row2>	-0.8904 0.0000 -0.4551 0.0000	</row2>
					<row3>	-0.2183 0.4900 -6.1222 1.0000	</row3>
				</transform>
			</node>
			<node>
				<identifier>	MP_CM029_Emergency_Box	</identifier>
				<transform>
					<row0>	0.4586 0.0000 -0.8886 0.0000	</row0>
					<row1>	0.0000 1.0000 0.0000 0.0000	</row1>
					<row2>	0.8886 0.0000 0.4586 0.0000	</row2>
					<row3>	0.1667 0.5019 -6.0780 1.0000	</row3>
				</transform>
			</node>
			<node>
				<identifier>	MP_CM029_Emergency_Box_INDEX_1	</identifier>
				<transform>
					<row0>	0.4586 0.0000 0.8886 0.0000	</row0>
					<row1>	0.0000 1.0000 0.0000 0.0000	</row1>
					<row2>	-0.8886 0.0000 0.4586 0.0000	</row2>
					<row3>	-0.1667 0.5019 -6.0780 1.0000	</row3>
				</transform>
			</node>
			<node>
				<identifier>	MP_CM033_Propeller4_R	</identifier>
				<transform>
					<row0>	0.8789 0.0006 0.0054 0.0000	</row0>
					<row1>	-0.0004 0.8781 -0.0372 0.0000	</row1>
					<row2>	-0.0054 0.0372 0.8781 0.0000	</row2>
					<row3>	0.2419 -0.3550 -5.1115 1.0000	</row3>
				</transform>
			</node>
			<node>
				<identifier>	MP_CM033_Propeller4_R_INDEX_1	</identifier>
				<transform>
					<row0>	0.8788 0.0008 0.0164 0.0000	</row0>
					<row1>	-0.0002 0.8784 -0.0310 0.0000	</row1>
					<row2>	-0.0164 0.0310 0.8782 0.0000	</row2>
					<row3>	0.4320 -0.3501 -4.3430 1.0000	</row3>
				</transform>
			</node>
			<node>
				<identifier>	MP_VM002_Speaker	</identifier>
				<transform>
					<row0>	-0.2267 0.0000 0.4456 0.0000	</row0>
					<row1>	0.0000 0.5000 0.0000 0.0000	</row1>
					<row2>	-0.4456 0.0000 -0.2267 0.0000	</row2>
					<row3>	0.1887 0.5070 -6.0690 1.0000	</row3>
				</transform>
			</node>
			<node>
				<identifier>	MP_VM002_Speaker_INDEX_1	</identifier>
				<transform>
					<row0>	-0.2267 0.0000 -0.4456 0.0000	</row0>
					<row1>	0.0000 0.5000 0.0000 0.0000	</row1>
					<row2>	0.4456 0.0000 -0.2267 0.0000	</row2>
					<row3>	-0.1887 0.5070 -6.0690 1.0000	</row3>
				</transform>
			</node>
			<node>
				<identifier>	MP_VM039_Crane_Control_Wheel	</identifier>
				<transform>
					<row0>	-0.4960 0.0000 0.8683 0.0000	</row0>
					<row1>	0.0000 1.0000 0.0000 0.0000	</row1>
					<row2>	-0.8683 0.0000 -0.4960 0.0000	</row2>
					<row3>	0.1636 0.4458 -6.1520 1.0000	</row3>
				</transform>
			</node>
			<node>
				<identifier>	MP_VM058_Talker_Helmets_Rack	</identifier>
				<transform>
					<row0>	0.8891 0.0000 0.4578 0.0000	</row0>
					<row1>	0.0000 1.0000 0.0000 0.0000	</row1>
					<row2>	-0.4578 0.0000 0.8891 0.0000	</row2>
					<row3>	0.2161 0.4725 -5.9342 1.0000	</row3>
				</transform>
			</node>
			<node>
				<identifier>	MP_VM058_Talker_Helmets_Rack_INDEX_1	</identifier>
				<transform>
					<row0>	0.8891 0.0000 -0.4578 0.0000	</row0>
					<row1>	0.0000 1.0000 0.0000 0.0000	</row1>
					<row2>	0.4578 0.0000 0.8891 0.0000	</row2>
					<row3>	-0.2161 0.4725 -5.9342 1.0000	</row3>
				</transform>
			</node>
			<node>
				<identifier>	MP_VM066_Floater_Net_Basket	</identifier>
				<transform>
					<row0>	0.9994 -0.0349 -0.0055 0.0000	</row0>
					<row1>	0.0350 0.9992 0.0181 0.0000	</row1>
					<row2>	0.0049 -0.0183 0.9998 0.0000	</row2>
					<row3>	0.4485 0.4168 -4.3101 1.0000	</row3>
				</transform>
			</node>
			<node>
				<identifier>	MP_VM066_Floater_Net_Basket_INDEX_1	</identifier>
				<transform>
					<row0>	0.9994 0.0349 0.0055 0.0000	</row0>
					<row1>	-0.0350 0.9992 0.0181 0.0000	</row1>
					<row2>	-0.0049 -0.0183 0.9998 0.0000	</row2>
					<row3>	-0.4485 0.4168 -4.3101 1.0000	</row3>
				</transform>
			</node>
			<node>
				<identifier>	MP_VM520_Boat_5	</identifier>
				<transform>
					<row0>	0.0005 -0.0095 1.0000 0.0000	</row0>
					<row1>	-0.0341 0.9994 0.0095 0.0000	</row1>
					<row2>	-0.9994 -0.0341 0.0002 0.0000	</row2>
					<row3>	-0.4186 0.4113 -3.8792 1.0000	</row3>
				</transform>
			</node>
			<node>
				<identifier>	MP_VM520_Boat_5_INDEX_1	</identifier>
				<transform>
					<row0>	0.0005 0.0134 -0.9999 0.0000	</row0>
					<row1>	0.0341 0.9993 0.0134 0.0000	</row1>
					<row2>	0.9994 -0.0341 0.0000 0.0000	</row2>
					<row3>	0.4219 0.4186 -4.5780 1.0000	</row3>
				</transform>
			</node>
			<node>
				<identifier>	MP_VM520_Boat_5_INDEX_2	</identifier>
				<transform>
					<row0>	0.0005 0.0095 -1.0000 0.0000	</row0>
					<row1>	0.0341 0.9994 0.0095 0.0000	</row1>
					<row2>	0.9994 -0.0341 0.0002 0.0000	</row2>
					<row3>	0.4186 0.4113 -3.8792 1.0000	</row3>
				</transform>
			</node>
			<node>
				<identifier>	MP_VM520_Boat_5_INDEX_3	</identifier>
				<transform>
					<row0>	0.0005 0.0095 -1.0000 0.0000	</row0>
					<row1>	0.0341 0.9994 0.0095 0.0000	</row1>
					<row2>	0.9994 -0.0341 0.0002 0.0000	</row2>
					<row3>	0.4263 0.4119 -4.0249 1.0000	</row3>
				</transform>
			</node>
			<node>
				<identifier>	MP_VM520_Boat_5_INDEX_4	</identifier>
				<transform>
					<row0>	0.0005 -0.0134 0.9999 0.0000	</row0>
					<row1>	-0.0341 0.9993 0.0134 0.0000	</row1>
					<row2>	-0.9994 -0.0341 0.0000 0.0000	</row2>
					<row3>	-0.4219 0.4186 -4.5780 1.0000	</row3>
				</transform>
			</node>
			<node>
				<identifier>	MP_VM520_Boat_5_INDEX_5	</identifier>
				<transform>
					<row0>	0.0005 -0.0095 1.0000 0.0000	</row0>
					<row1>	-0.0341 0.9994 0.0095 0.0000	</row1>
					<row2>	-0.9994 -0.0341 0.0002 0.0000	</row2>
					<row3>	-0.4263 0.4119 -4.0249 1.0000	</row3>
				</transform>
			</node>
			<node>
				<identifier>	MP_VM520_Boat_5_INDEX_6	</identifier>
				<transform>
					<row0>	0.0005 0.0134 -0.9999 0.0000	</row0>
					<row1>	0.0341 0.9993 0.0134 0.0000	</row1>
					<row2>	0.9994 -0.0341 0.0000 0.0000	</row2>
					<row3>	0.4152 0.4171 -4.4336 1.0000	</row3>
				</transform>
			</node>
			<node>
				<identifier>	MP_VM520_Boat_5_INDEX_7	</identifier>
				<transform>
					<row0>	0.0005 -0.0134 0.9999 0.0000	</row0>
					<row1>	-0.0341 0.9993 0.0134 0.0000	</row1>
					<row2>	-0.9994 -0.0341 0.0000 0.0000	</row2>
					<row3>	-0.4152 0.4171 -4.4336 1.0000	</row3>
				</transform>
			</node>
			<node>
				<identifier>	MP_VM522_Motor_launch_36ft	</identifier>
				<transform>
					<row0>	0.9951 -0.0342 -0.0929 0.0000	</row0>
					<row1>	0.0357 0.9993 0.0143 0.0000	</row1>
					<row2>	0.0923 -0.0175 0.9956 0.0000	</row2>
					<row3>	0.4022 0.4463 -5.0254 1.0000	</row3>
				</transform>
			</node>
			<node>
				<identifier>	MP_VM602_Multiple_Switch	</identifier>
				<transform>
					<row0>	0.1538 0.0000 -0.9881 0.0000	</row0>
					<row1>	0.0000 1.0000 0.0000 0.0000	</row1>
					<row2>	0.9881 0.0000 0.1538 0.0000	</row2>
					<row3>	0.1629 0.4924 -6.0464 1.0000	</row3>
				</transform>
			</node>
			<node>
				<identifier>	MP_VM602_Multiple_Switch_INDEX_1	</identifier>
				<transform>
					<row0>	0.1538 0.0000 0.9881 0.0000	</row0>
					<row1>	0.0000 1.0000 0.0000 0.0000	</row1>
					<row2>	-0.9881 0.0000 0.1538 0.0000	</row2>
					<row3>	-0.1629 0.4924 -6.0464 1.0000	</row3>
				</transform>
			</node>
			<node>
				<identifier>	MP_VM713_Ammobox_big	</identifier>
				<transform>
					<row0>	0.9160 -0.0082 -0.4011 0.0000	</row0>
					<row1>	0.0122 0.9999 0.0075 0.0000	</row1>
					<row2>	0.4010 -0.0118 0.9160 0.0000	</row2>
					<row3>	0.2780 0.4415 -5.8917 1.0000	</row3>
				</transform>
			</node>
			<node>
				<identifier>	MP_VM713_Ammobox_big_INDEX_1	</identifier>
				<transform>
					<row0>	0.9160 0.0082 0.4011 0.0000	</row0>
					<row1>	-0.0122 0.9999 0.0075 0.0000	</row1>
					<row2>	-0.4010 -0.0118 0.9160 0.0000	</row2>
					<row3>	-0.2780 0.4415 -5.8917 1.0000	</row3>
				</transform>
			</node>
			<node>
				<identifier>	MP_VM757_Hatch_2	</identifier>
				<transform>
					<row0>	1.0000 0.0000 0.0000 0.0000	</row0>
					<row1>	0.0000 1.0000 0.0000 0.0000	</row1>
					<row2>	0.0000 0.0000 1.0000 0.0000	</row2>
					<row3>	-0.3707 0.4137 -4.1641 1.0000	</row3>
				</transform>
			</node>
			<node>
				<identifier>	MP_VM757_Hatch_2_INDEX_1	</identifier>
				<transform>
					<row0>	1.0000 0.0000 0.0000 0.0000	</row0>
					<row1>	0.0000 1.0000 0.0000 0.0000	</row1>
					<row2>	0.0000 0.0000 1.0000 0.0000	</row2>
					<row3>	0.2772 0.4161 -4.0759 1.0000	</row3>
				</transform>
			</node>
			<node>
				<identifier>	MP_VM758_Hatch_8	</identifier>
				<transform>
					<row0>	1.0000 0.0000 0.0000 0.0000	</row0>
					<row1>	0.0000 1.0000 0.0000 0.0000	</row1>
					<row2>	0.0000 0.0000 1.0000 0.0000	</row2>
					<row3>	0.0362 0.4196 -3.7508 1.0000	</row3>
				</transform>
			</node>
			<node>
				<identifier>	MP_VM760_Hatch	</identifier>
				<transform>
					<row0>	-1.0000 0.0000 0.0000 0.0000	</row0>
					<row1>	0.0000 1.0000 0.0000 0.0000	</row1>
					<row2>	0.0000 0.0000 -1.0000 0.0000	</row2>
					<row3>	-0.0759 0.4468 -6.2059 1.0000	</row3>
				</transform>
			</node>
			<node>
				<identifier>	MP_VM760_Hatch_INDEX_1	</identifier>
				<transform>
					<row0>	-1.0000 0.0000 0.0000 0.0000	</row0>
					<row1>	0.0000 1.0000 0.0000 0.0000	</row1>
					<row2>	0.0000 0.0000 -1.0000 0.0000	</row2>
					<row3>	0.1206 0.4457 -6.1054 1.0000	</row3>
				</transform>
			</node>
			<node>
				<identifier>	MP_VM806_Ventilation_4	</identifier>
				<transform>
					<row0>	0.5463 0.0000 0.0000 0.0000	</row0>
					<row1>	0.0000 0.5463 0.0000 0.0000	</row1>
					<row2>	0.0000 0.0000 0.5463 0.0000	</row2>
					<row3>	0.2670 0.4393 -5.7773 1.0000	</row3>
				</transform>
			</node>
			<node>
				<identifier>	MP_VM806_Ventilation_4_INDEX_1	</identifier>
				<transform>
					<row0>	0.5463 0.0000 0.0000 0.0000	</row0>
					<row1>	0.0000 0.5463 0.0000 0.0000	</row1>
					<row2>	0.0000 0.0000 0.5463 0.0000	</row2>
					<row3>	-0.1869 0.4172 -3.9137 1.0000	</row3>
				</transform>
			</node>
			<node>
				<identifier>	MP_VM806_Ventilation_4_INDEX_2	</identifier>
				<transform>
					<row0>	0.5463 0.0000 0.0000 0.0000	</row0>
					<row1>	0.0000 0.5463 0.0000 0.0000	</row1>
					<row2>	0.0000 0.0000 0.5463 0.0000	</row2>
					<row3>	-0.1869 0.4167 -3.8261 1.0000	</row3>
				</transform>
			</node>
			<node>
				<identifier>	MP_VM806_Ventilation_4_INDEX_3	</identifier>
				<transform>
					<row0>	0.5463 0.0000 0.0000 0.0000	</row0>
					<row1>	0.0000 0.5463 0.0000 0.0000	</row1>
					<row2>	0.0000 0.0000 0.5463 0.0000	</row2>
					<row3>	0.2503 0.4220 -4.4727 1.0000	</row3>
				</transform>
			</node>
			<node>
				<identifier>	MP_VM806_Ventilation_4_INDEX_4	</identifier>
				<transform>
					<row0>	0.5463 0.0000 0.0000 0.0000	</row0>
					<row1>	0.0000 0.5463 0.0000 0.0000	</row1>
					<row2>	0.0000 0.0000 0.5463 0.0000	</row2>
					<row3>	-0.3021 0.4387 -5.7773 1.0000	</row3>
				</transform>
			</node>
			<node>
				<identifier>	MP_VM806_Ventilation_4_INDEX_5	</identifier>
				<transform>
					<row0>	0.5463 0.0000 0.0000 0.0000	</row0>
					<row1>	0.0000 0.5463 0.0000 0.0000	</row1>
					<row2>	0.0000 0.0000 0.5463 0.0000	</row2>
					<row3>	0.0622 0.4210 -4.0514 1.0000	</row3>
				</transform>
			</node>
			<node>
				<identifier>	MP_VM858_Signal_Lamp	</identifier>
				<transform>
					<row0>	1.0000 0.0000 0.0000 0.0000	</row0>
					<row1>	0.0000 0.9710 -0.2389 0.0000	</row1>
					<row2>	0.0000 0.2389 0.9710 0.0000	</row2>
					<row3>	0.0000 0.6993 -6.3686 1.0000	</row3>
				</transform>
			</node>
			<node>
				<identifier>	MP_VM860_Running_Light	</identifier>
				<transform>
					<row0>	-1.0000 0.0000 0.0000 0.0000	</row0>
					<row1>	0.0000 1.0000 0.0000 0.0000	</row1>
					<row2>	0.0000 0.0000 -1.0000 0.0000	</row2>
					<row3>	0.0000 0.3813 -6.3103 1.0000	</row3>
				</transform>
			</node>
			<node>
				<identifier>	MP_VM860_Running_Light_INDEX_1	</identifier>
				<transform>
					<row0>	-1.0000 0.0000 0.0000 0.0000	</row0>
					<row1>	0.0000 1.0000 0.0000 0.0000	</row1>
					<row2>	0.0000 0.0000 -1.0000 0.0000	</row2>
					<row3>	0.0000 0.3487 -6.2973 1.0000	</row3>
				</transform>
			</node>
			<node>
				<identifier>	MP_VM871_Wake_Light	</identifier>
				<transform>
					<row0>	-1.0000 0.0000 0.0000 0.0000	</row0>
					<row1>	0.0000 0.9979 0.0646 0.0000	</row1>
					<row2>	0.0000 0.0646 -0.9979 0.0000	</row2>
					<row3>	0.0000 0.4541 -6.3374 1.0000	</row3>
				</transform>
			</node>
			<node>
				<identifier>	MP_VM903_Airplane_Crane	</identifier>
				<transform>
					<row0>	1.0000 0.0000 0.0000 0.0000	</row0>
					<row1>	0.0000 1.0000 0.0000 0.0000	</row1>
					<row2>	0.0000 0.0000 1.0000 0.0000	</row2>
					<row3>	0.0000 0.4453 -6.0587 1.0000	</row3>
				</transform>
			</node>
			<node>
				<identifier>	MP_VM969_Fairlead	</identifier>
				<transform>
					<row0>	0.1314 0.0152 -0.9912 0.0000	</row0>
					<row1>	0.0029 0.9999 0.0157 0.0000	</row1>
					<row2>	0.9913 -0.0049 0.1314 0.0000	</row2>
					<row3>	0.0713 0.4491 -6.2936 1.0000	</row3>
				</transform>
			</node>
			<node>
				<identifier>	MP_VM969_Fairlead_INDEX_1	</identifier>
				<transform>
					<row0>	0.1314 -0.0152 0.9912 0.0000	</row0>
					<row1>	-0.0029 0.9999 0.0157 0.0000	</row1>
					<row2>	-0.9913 -0.0049 0.1314 0.0000	</row2>
					<row3>	-0.0713 0.4491 -6.2936 1.0000	</row3>
				</transform>
			</node>
			<node>
				<identifier>	MP_VM970_Fairlead	</identifier>
				<transform>
					<row0>	0.9960 -0.0021 0.0897 0.0000	</row0>
					<row1>	0.0006 0.9999 0.0162 0.0000	</row1>
					<row2>	-0.0897 -0.0160 0.9958 0.0000	</row2>
					<row3>	-0.4989 0.4204 -5.2292 1.0000	</row3>
				</transform>
			</node>
			<node>
				<identifier>	MP_VM970_Fairlead_INDEX_1	</identifier>
				<transform>
					<row0>	0.9960 0.0021 -0.0897 0.0000	</row0>
					<row1>	-0.0006 0.9999 0.0162 0.0000	</row1>
					<row2>	0.0897 -0.0160 0.9958 0.0000	</row2>
					<row3>	0.4989 0.4204 -5.2292 1.0000	</row3>
				</transform>
			</node>
			<node>
				<identifier>	MP_VM970_Fairlead_INDEX_2	</identifier>
				<transform>
					<row0>	0.9892 -0.0016 0.1466 0.0000	</row0>
					<row1>	0.0008 1.0000 0.0052 0.0000	</row1>
					<row2>	-0.1466 -0.0051 0.9892 0.0000	</row2>
					<row3>	-0.4222 0.4350 -5.8342 1.0000	</row3>
				</transform>
			</node>
			<node>
				<identifier>	MP_VM970_Fairlead_INDEX_3	</identifier>
				<transform>
					<row0>	0.9995 -0.0016 0.0324 0.0000	</row0>
					<row1>	0.0015 1.0000 0.0028 0.0000	</row1>
					<row2>	-0.0324 -0.0028 0.9995 0.0000	</row2>
					<row3>	-0.6224 0.3977 -3.3585 1.0000	</row3>
				</transform>
			</node>
			<node>
				<identifier>	MP_VM970_Fairlead_INDEX_4	</identifier>
				<transform>
					<row0>	0.9986 0.0019 -0.0528 0.0000	</row0>
					<row1>	-0.0012 0.9999 0.0124 0.0000	</row1>
					<row2>	0.0528 -0.0123 0.9985 0.0000	</row2>
					<row3>	0.5984 0.3991 -3.8467 1.0000	</row3>
				</transform>
			</node>
			<node>
				<identifier>	MP_VM970_Fairlead_INDEX_5	</identifier>
				<transform>
					<row0>	0.9972 -0.0021 0.0743 0.0000	</row0>
					<row1>	0.0009 0.9999 0.0162 0.0000	</row1>
					<row2>	-0.0743 -0.0160 0.9971 0.0000	</row2>
					<row3>	-0.5654 0.4066 -4.3892 1.0000	</row3>
				</transform>
			</node>
			<node>
				<identifier>	MP_VM970_Fairlead_INDEX_6	</identifier>
				<transform>
					<row0>	0.9972 0.0021 -0.0743 0.0000	</row0>
					<row1>	-0.0009 0.9999 0.0162 0.0000	</row1>
					<row2>	0.0743 -0.0160 0.9971 0.0000	</row2>
					<row3>	0.5654 0.4066 -4.3892 1.0000	</row3>
				</transform>
			</node>
			<node>
				<identifier>	MP_VM970_Fairlead_INDEX_7	</identifier>
				<transform>
					<row0>	0.9995 0.0016 -0.0324 0.0000	</row0>
					<row1>	-0.0015 1.0000 0.0028 0.0000	</row1>
					<row2>	0.0324 -0.0028 0.9995 0.0000	</row2>
					<row3>	0.6224 0.3977 -3.3585 1.0000	</row3>
				</transform>
			</node>
			<node>
				<identifier>	MP_VM970_Fairlead_INDEX_8	</identifier>
				<transform>
					<row0>	0.9986 -0.0019 0.0528 0.0000	</row0>
					<row1>	0.0012 0.9999 0.0124 0.0000	</row1>
					<row2>	-0.0528 -0.0123 0.9985 0.0000	</row2>
					<row3>	-0.5984 0.3991 -3.8467 1.0000	</row3>
				</transform>
			</node>
			<node>
				<identifier>	MP_VM970_Fairlead_INDEX_9	</identifier>
				<transform>
					<row0>	0.9892 0.0016 -0.1466 0.0000	</row0>
					<row1>	-0.0008 1.0000 0.0052 0.0000	</row1>
					<row2>	0.1466 -0.0051 0.9892 0.0000	</row2>
					<row3>	0.4222 0.4350 -5.8342 1.0000	</row3>
				</transform>
			</node>
			<node>
				<identifier>	MP_VM971_Winch	</identifier>
				<transform>
					<row0>	-0.9999 -0.0114 0.0000 0.0000	</row0>
					<row1>	-0.0114 0.9999 0.0109 0.0000	</row1>
					<row2>	-0.0001 0.0109 -0.9999 0.0000	</row2>
					<row3>	-0.1171 0.4228 -4.0397 1.0000	</row3>
				</transform>
			</node>
			<node>
				<identifier>	MP_VM971_Winch_INDEX_1	</identifier>
				<transform>
					<row0>	-1.0000 0.0076 0.0000 0.0000	</row0>
					<row1>	0.0076 0.9999 0.0109 0.0000	</row1>
					<row2>	0.0000 0.0109 -0.9999 0.0000	</row2>
					<row3>	0.1538 0.4198 -3.7498 1.0000	</row3>
				</transform>
			</node>
			<node>
				<identifier>	SP_YMS011_YHWL_M_1_INDEX_13	</identifier>
				<transform>
					<row0>	0.9900 0.0000 0.1414 0.0000	</row0>
					<row1>	0.0000 1.0000 0.0000 0.0000	</row1>
					<row2>	-0.1414 0.0000 0.9900 0.0000	</row2>
					<row3>	-0.4868 0.0000 -5.3488 1.0000	</row3>
				</transform>
			</node>
			<node>
				<identifier>	SP_YMS011_YHWL_M_1_INDEX_2	</identifier>
				<transform>
					<row0>	0.9800 0.0000 0.0561 0.0000	</row0>
					<row1>	0.0000 0.9816 0.0000 0.0000	</row1>
					<row2>	-0.0561 0.0000 0.9800 0.0000	</row2>
					<row3>	-0.6347 0.0000 -3.6771 1.0000	</row3>
				</transform>
			</node>
			<node>
				<identifier>	SP_YMS011_YHWL_M_1_INDEX_8	</identifier>
				<transform>
					<row0>	0.9790 0.0000 0.0712 0.0000	</row0>
					<row1>	0.0000 0.9816 0.0000 0.0000	</row1>
					<row2>	-0.0712 0.0000 0.9790 0.0000	</row2>
					<row3>	-0.5782 0.0000 -4.5102 1.0000	</row3>
				</transform>
			</node>
			<node>
				<identifier>	SP_YMS012_YHWR_M_1_INDEX_1	</identifier>
				<transform>
					<row0>	0.9790 0.0000 -0.0712 0.0000	</row0>
					<row1>	0.0000 0.9816 0.0000 0.0000	</row1>
					<row2>	0.0712 0.0000 0.9790 0.0000	</row2>
					<row3>	0.5782 0.0000 -4.5102 1.0000	</row3>
				</transform>
			</node>
			<node>
				<identifier>	SP_YMS012_YHWR_M_1_INDEX_10	</identifier>
				<transform>
					<row0>	0.9800 0.0000 -0.0561 0.0000	</row0>
					<row1>	0.0000 0.9816 0.0000 0.0000	</row1>
					<row2>	0.0561 0.0000 0.9800 0.0000	</row2>
					<row3>	0.6347 0.0000 -3.6771 1.0000	</row3>
				</transform>
			</node>
			<node>
				<identifier>	SP_YMS012_YHWR_M_1_INDEX_12	</identifier>
				<transform>
					<row0>	0.9900 0.0000 -0.1414 0.0000	</row0>
					<row1>	0.0000 1.0000 0.0000 0.0000	</row1>
					<row2>	0.1414 0.0000 0.9900 0.0000	</row2>
					<row3>	0.4868 0.0000 -5.3488 1.0000	</row3>
				</transform>
			</node>
			<node>
				<identifier>	SP_YMS023_YHUC_L_1	</identifier>
				<transform>
					<row0>	0.6500 0.0005 0.0040 0.0000	</row0>
					<row1>	-0.0003 0.6494 -0.0275 0.0000	</row1>
					<row2>	-0.0040 0.0275 0.6494 0.0000	</row2>
					<row3>	0.2419 -0.3550 -5.1115 1.0000	</row3>
				</transform>
			</node>
			<node>
				<identifier>	SP_YMS023_YHUC_L_1_INDEX_1	</identifier>
				<transform>
					<row0>	0.6500 -0.0005 -0.0040 0.0000	</row0>
					<row1>	0.0003 0.6494 -0.0275 0.0000	</row1>
					<row2>	0.0040 0.0275 0.6494 0.0000	</row2>
					<row3>	-0.2419 -0.3550 -5.1115 1.0000	</row3>
				</transform>
			</node>
			<node>
				<identifier>	SP_YMS023_YHUC_L_1_INDEX_2	</identifier>
				<transform>
					<row0>	0.6499 0.0006 0.0121 0.0000	</row0>
					<row1>	-0.0002 0.6496 -0.0229 0.0000	</row1>
					<row2>	-0.0122 0.0229 0.6495 0.0000	</row2>
					<row3>	0.4320 -0.3501 -4.3430 1.0000	</row3>
				</transform>
			</node>
			<node>
				<identifier>	SP_YMS023_YHUC_L_1_INDEX_3	</identifier>
				<transform>
					<row0>	0.6499 -0.0006 -0.0121 0.0000	</row0>
					<row1>	0.0002 0.6496 -0.0229 0.0000	</row1>
					<row2>	0.0122 0.0229 0.6495 0.0000	</row2>
					<row3>	-0.4320 -0.3501 -4.3430 1.0000	</row3>
				</transform>
			</node>
			<node>
				<identifier>	SP_YMS030_YHAM_M_1	</identifier>
				<transform>
					<row0>	0.7631 0.0000 0.0000 0.0000	</row0>
					<row1>	0.0000 0.7631 0.0000 0.0000	</row1>
					<row2>	0.0000 0.0000 0.7631 0.0000	</row2>
					<row3>	0.0000 0.1839 -6.2668 1.0000	</row3>
				</transform>
			</node>
			<node>
				<identifier>	SP_YMS031_YHAL_M_1	</identifier>
				<transform>
					<row0>	0.9740 0.0000 0.2264 0.0000	</row0>
					<row1>	0.0000 1.0000 0.0000 0.0000	</row1>
					<row2>	-0.2264 0.0000 0.9740 0.0000	</row2>
					<row3>	-0.4428 0.2948 -5.9581 1.0000	</row3>
				</transform>
			</node>
			<node>
				<identifier>	SP_YMS032_YHAR_M_1	</identifier>
				<transform>
					<row0>	0.9740 0.0000 -0.2264 0.0000	</row0>
					<row1>	0.0000 1.0000 0.0000 0.0000	</row1>
					<row2>	0.2264 0.0000 0.9740 0.0000	</row2>
					<row3>	0.4427 0.2948 -5.9585 1.0000	</row3>
				</transform>
			</node>
			<node>
				<identifier>	SP_YMS041_YHCS_M_1_INDEX_1	</identifier>
				<transform>
					<row0>	-1.2291 0.0422 0.1147 0.0000	</row0>
					<row1>	0.0441 1.2343 0.0177 0.0000	</row1>
					<row2>	-0.1141 0.0217 -1.2297 0.0000	</row2>
					<row3>	0.4042 0.5010 -5.0246 1.0000	</row3>
				</transform>
			</node>
			<node>
				<identifier>	SP_YMS053_YHDC_S_1	</identifier>
				<transform>
					<row0>	1.0000 0.0000 0.0000 0.0000	</row0>
					<row1>	0.0000 1.0000 0.0060 0.0000	</row1>
					<row2>	0.0000 -0.0060 1.0000 0.0000	</row2>
					<row3>	0.0000 0.4388 -4.2617 1.0000	</row3>
				</transform>
			</node>
			<node>
				<identifier>	SP_YMS080_YHSL_M_1	</identifier>
				<transform>
					<row0>	0.6886 0.0145 0.0604 0.0000	</row0>
					<row1>	-0.0003 0.6732 -0.1576 0.0000	</row1>
					<row2>	-0.0621 0.1570 0.6705 0.0000	</row2>
					<row3>	-0.5496 0.2425 -4.7712 1.0000	</row3>
				</transform>
			</node>
			<node>
				<identifier>	SP_YMS081_YHSR_M_1	</identifier>
				<transform>
					<row0>	0.6886 -0.0145 -0.0604 0.0000	</row0>
					<row1>	0.0003 0.6732 -0.1576 0.0000	</row1>
					<row2>	0.0621 0.1570 0.6705 0.0000	</row2>
					<row3>	0.5496 0.2425 -4.7712 1.0000	</row3>
				</transform>
			</node>
			<node>
				<identifier>	SP_YMS083_YHSC_L_1_INDEX_2	</identifier>
				<transform>
					<row0>	0.0395 0.0010 -0.8321 0.0000	</row0>
					<row1>	-0.0091 0.8329 0.0006 0.0000	</row1>
					<row2>	0.8320 0.0091 0.0395 0.0000	</row2>
					<row3>	-0.6157 0.3853 -3.7672 1.0000	</row3>
				</transform>
			</node>
			<node>
				<identifier>	SP_YMS083_YHSC_L_1_INDEX_3	</identifier>
				<transform>
					<row0>	0.0395 -0.0010 0.8321 0.0000	</row0>
					<row1>	0.0091 0.8329 0.0006 0.0000	</row1>
					<row2>	-0.8320 0.0091 0.0395 0.0000	</row2>
					<row3>	0.6157 0.3853 -3.7672 1.0000	</row3>
				</transform>
			</node>
		</node>
	</node>
	<boundingBox>
		<min>	-0.0667 -0.0667 -0.0667	</min>
		<max>	0.0667 0.0667 0.0667	</max>
	</boundingBox>
</VSC010_Ignacio_Allende_1950_Stern_ports.visual>
