<BSB030_Incomparable_1944_Bow_ports.visual>
	<node>
		<identifier>	Scene Root	</identifier>
		<transform>
			<row0>	1.0000 0.0000 0.0000 0.0000	</row0>
			<row1>	0.0000 1.0000 0.0000 0.0000	</row1>
			<row2>	0.0000 0.0000 1.0000 0.0000	</row2>
			<row3>	0.0000 0.0000 0.0000 1.0000	</row3>
		</transform>
		<node>
			<identifier>	Bow_ports	</identifier>
			<transform>
				<row0>	1.0000 0.0000 0.0000 0.0000	</row0>
				<row1>	0.0000 1.0000 0.0000 0.0000	</row1>
				<row2>	0.0000 0.0000 1.0000 0.0000	</row2>
				<row3>	0.0000 0.0000 0.0000 1.0000	</row3>
			</transform>
			<node>
				<identifier>	HP_BGA_1	</identifier>
				<transform>
					<row0>	1.0000 0.0000 0.0000 0.0000	</row0>
					<row1>	0.0000 1.0000 0.0000 0.0000	</row1>
					<row2>	0.0000 0.0000 1.0000 0.0000	</row2>
					<row3>	-0.1830 0.4424 7.5373 1.0000	</row3>
				</transform>
			</node>
			<node>
				<identifier>	HP_BGA_2	</identifier>
				<transform>
					<row0>	1.0000 0.0000 0.0000 0.0000	</row0>
					<row1>	0.0000 1.0000 0.0000 0.0000	</row1>
					<row2>	0.0000 0.0000 1.0000 0.0000	</row2>
					<row3>	0.1830 0.4424 7.5373 1.0000	</row3>
				</transform>
			</node>
			<node>
				<identifier>	HP_BGA_3	</identifier>
				<transform>
					<row0>	1.0000 0.0000 0.0000 0.0000	</row0>
					<row1>	0.0000 1.0000 0.0000 0.0000	</row1>
					<row2>	0.0000 0.0000 1.0000 0.0000	</row2>
					<row3>	-0.3734 0.4313 7.2212 1.0000	</row3>
				</transform>
			</node>
			<node>
				<identifier>	HP_BGA_4	</identifier>
				<transform>
					<row0>	1.0000 0.0000 0.0000 0.0000	</row0>
					<row1>	0.0000 1.0000 0.0000 0.0000	</row1>
					<row2>	0.0000 0.0000 1.0000 0.0000	</row2>
					<row3>	0.3735 0.4313 7.2212 1.0000	</row3>
				</transform>
			</node>
			<node>
				<identifier>	HP_BGM_1	</identifier>
				<transform>
					<row0>	1.0000 0.0000 0.0000 0.0000	</row0>
					<row1>	0.0000 1.0000 0.0000 0.0000	</row1>
					<row2>	0.0000 0.0000 1.0000 0.0000	</row2>
					<row3>	0.0000 0.5231 5.7206 1.0000	</row3>
				</transform>
			</node>
			<node>
				<identifier>	HP_FX_Fire_1	</identifier>
				<transform>
					<row0>	1.0000 0.0000 0.0000 0.0000	</row0>
					<row1>	0.0000 1.0000 0.0000 0.0000	</row1>
					<row2>	0.0000 0.0000 1.0000 0.0000	</row2>
					<row3>	0.0000 0.4674 8.0910 1.0000	</row3>
				</transform>
			</node>
			<node>
				<identifier>	HP_FX_RepairLight_right_1	</identifier>
				<transform>
					<row0>	0.0652 0.0000 -0.9979 0.0000	</row0>
					<row1>	0.1998 0.9797 0.0131 0.0000	</row1>
					<row2>	0.9777 -0.2003 0.0639 0.0000	</row2>
					<row3>	0.8239 0.4048 4.7324 1.0000	</row3>
				</transform>
			</node>
			<node>
				<identifier>	HP_FX_WakeTrace	</identifier>
				<transform>
					<row0>	1.0000 0.0000 0.0000 0.0000	</row0>
					<row1>	0.0000 1.0000 0.0000 0.0000	</row1>
					<row2>	0.0000 0.0000 1.0000 0.0000	</row2>
					<row3>	0.0000 0.0000 10.0510 1.0000	</row3>
				</transform>
			</node>
			<node>
				<identifier>	HP_Ship_death_1	</identifier>
				<transform>
					<row0>	1.0000 0.0000 0.0000 0.0000	</row0>
					<row1>	0.0000 1.0000 0.0000 0.0000	</row1>
					<row2>	0.0000 0.0000 1.0000 0.0000	</row2>
					<row3>	0.0000 0.0000 4.6905 1.0000	</row3>
				</transform>
			</node>
			<node>
				<identifier>	MP_BM001_Paravane	</identifier>
				<transform>
					<row0>	1.0000 0.0000 0.0000 0.0000	</row0>
					<row1>	0.0000 1.0000 0.0000 0.0000	</row1>
					<row2>	0.0000 0.0000 1.0000 0.0000	</row2>
					<row3>	0.0642 0.4339 6.3731 1.0000	</row3>
				</transform>
			</node>
			<node>
				<identifier>	MP_BM001_Paravane_INDEX_1	</identifier>
				<transform>
					<row0>	1.0000 0.0000 0.0000 0.0000	</row0>
					<row1>	0.0000 1.0000 0.0000 0.0000	</row1>
					<row2>	0.0000 0.0000 1.0000 0.0000	</row2>
					<row3>	0.0639 0.4403 6.8009 1.0000	</row3>
				</transform>
			</node>
			<node>
				<identifier>	MP_BM001_Paravane_INDEX_2	</identifier>
				<transform>
					<row0>	1.0000 0.0000 0.0000 0.0000	</row0>
					<row1>	0.0000 1.0000 0.0000 0.0000	</row1>
					<row2>	0.0000 0.0000 1.0000 0.0000	</row2>
					<row3>	-0.0639 0.4403 6.8261 1.0000	</row3>
				</transform>
			</node>
			<node>
				<identifier>	MP_BM004_Reels	</identifier>
				<transform>
					<row0>	0.9109 -0.0107 -1.1096 0.0000	</row0>
					<row1>	-0.0021 1.4355 -0.0155 0.0000	</row1>
					<row2>	1.1096 0.0114 0.9109 0.0000	</row2>
					<row3>	0.3784 0.4107 6.0379 1.0000	</row3>
				</transform>
			</node>
			<node>
				<identifier>	MP_BM004_Reels_INDEX_1	</identifier>
				<transform>
					<row0>	0.9109 0.0107 1.1096 0.0000	</row0>
					<row1>	0.0021 1.4355 -0.0155 0.0000	</row1>
					<row2>	-1.1096 0.0114 0.9109 0.0000	</row2>
					<row3>	-0.3784 0.4107 6.0379 1.0000	</row3>
				</transform>
			</node>
			<node>
				<identifier>	MP_BM019_Reels_1	</identifier>
				<transform>
					<row0>	0.7096 0.0000 0.0000 0.0000	</row0>
					<row1>	0.0000 0.7095 -0.0124 0.0000	</row1>
					<row2>	0.0000 0.0124 0.7095 0.0000	</row2>
					<row3>	0.2554 0.4128 6.1782 1.0000	</row3>
				</transform>
			</node>
			<node>
				<identifier>	MP_BM019_Reels_1_INDEX_1	</identifier>
				<transform>
					<row0>	0.7096 0.0000 0.0000 0.0000	</row0>
					<row1>	0.0000 0.7095 -0.0124 0.0000	</row1>
					<row2>	0.0000 0.0124 0.7095 0.0000	</row2>
					<row3>	-0.2554 0.4128 6.1782 1.0000	</row3>
				</transform>
			</node>
			<node>
				<identifier>	MP_BM035_Motor_for_Oerlikon	</identifier>
				<transform>
					<row0>	-1.0000 0.0000 0.0000 0.0000	</row0>
					<row1>	0.0000 0.9996 -0.0274 0.0000	</row1>
					<row2>	0.0000 -0.0274 -0.9996 0.0000	</row2>
					<row3>	0.1147 0.4402 7.3827 1.0000	</row3>
				</transform>
			</node>
			<node>
				<identifier>	MP_BM035_Motor_for_Oerlikon_INDEX_1	</identifier>
				<transform>
					<row0>	-1.0000 0.0000 0.0000 0.0000	</row0>
					<row1>	0.0000 1.0000 0.0000 0.0000	</row1>
					<row2>	0.0000 0.0000 -1.0000 0.0000	</row2>
					<row3>	-0.1147 0.4404 7.3827 1.0000	</row3>
				</transform>
			</node>
			<node>
				<identifier>	MP_BM705_Ammunition_Box	</identifier>
				<transform>
					<row0>	0.2588 -0.0211 -0.9657 0.0000	</row0>
					<row1>	0.0007 0.9998 -0.0216 0.0000	</row1>
					<row2>	0.9659 0.0050 0.2587 0.0000	</row2>
					<row3>	0.4742 0.4288 7.0254 1.0000	</row3>
				</transform>
			</node>
			<node>
				<identifier>	MP_BM705_Ammunition_Box_INDEX_1	</identifier>
				<transform>
					<row0>	1.0000 0.0000 0.0000 0.0000	</row0>
					<row1>	0.0000 0.9998 -0.0219 0.0000	</row1>
					<row2>	0.0000 0.0219 0.9998 0.0000	</row2>
					<row3>	-0.1564 0.4349 7.2680 1.0000	</row3>
				</transform>
			</node>
			<node>
				<identifier>	MP_BM705_Ammunition_Box_INDEX_2	</identifier>
				<transform>
					<row0>	0.2588 0.0211 0.9657 0.0000	</row0>
					<row1>	-0.0007 0.9998 -0.0216 0.0000	</row1>
					<row2>	-0.9659 0.0050 0.2587 0.0000	</row2>
					<row3>	-0.4742 0.4288 7.0254 1.0000	</row3>
				</transform>
			</node>
			<node>
				<identifier>	MP_BM705_Ammunition_Box_INDEX_3	</identifier>
				<transform>
					<row0>	1.0000 0.0000 0.0000 0.0000	</row0>
					<row1>	0.0000 0.9998 -0.0219 0.0000	</row1>
					<row2>	0.0000 0.0219 0.9998 0.0000	</row2>
					<row3>	0.1564 0.4349 7.2680 1.0000	</row3>
				</transform>
			</node>
			<node>
				<identifier>	MP_BM750_Deck_Hatch	</identifier>
				<transform>
					<row0>	-1.0000 0.0000 0.0000 0.0000	</row0>
					<row1>	0.0000 0.9998 -0.0204 0.0000	</row1>
					<row2>	0.0000 -0.0204 -0.9998 0.0000	</row2>
					<row3>	0.0628 0.4217 6.5794 1.0000	</row3>
				</transform>
			</node>
			<node>
				<identifier>	MP_BM750_Deck_Hatch_INDEX_1	</identifier>
				<transform>
					<row0>	1.0000 0.0000 0.0000 0.0000	</row0>
					<row1>	0.0000 0.9998 -0.0204 0.0000	</row1>
					<row2>	0.0000 0.0204 0.9998 0.0000	</row2>
					<row3>	-0.0628 0.4217 6.5794 1.0000	</row3>
				</transform>
			</node>
			<node>
				<identifier>	MP_BM750_Deck_Hatch_INDEX_2	</identifier>
				<transform>
					<row0>	-1.0000 0.0000 0.0000 0.0000	</row0>
					<row1>	0.0000 0.9998 -0.0204 0.0000	</row1>
					<row2>	0.0000 -0.0204 -0.9998 0.0000	</row2>
					<row3>	0.0368 0.4297 6.9710 1.0000	</row3>
				</transform>
			</node>
			<node>
				<identifier>	MP_BM751_Deck_Hatch	</identifier>
				<transform>
					<row0>	0.0000 -0.0197 -0.9998 0.0000	</row0>
					<row1>	0.0000 0.9998 -0.0197 0.0000	</row1>
					<row2>	1.0000 0.0000 0.0000 0.0000	</row2>
					<row3>	0.2659 0.4004 5.1160 1.0000	</row3>
				</transform>
			</node>
			<node>
				<identifier>	MP_BM751_Deck_Hatch_INDEX_1	</identifier>
				<transform>
					<row0>	0.0000 0.0197 0.9998 0.0000	</row0>
					<row1>	0.0000 0.9998 -0.0197 0.0000	</row1>
					<row2>	-1.0000 0.0000 0.0000 0.0000	</row2>
					<row3>	-0.4918 0.4073 5.7447 1.0000	</row3>
				</transform>
			</node>
			<node>
				<identifier>	MP_BM751_Deck_Hatch_INDEX_2	</identifier>
				<transform>
					<row0>	0.0000 -0.0197 -0.9998 0.0000	</row0>
					<row1>	0.0000 0.9998 -0.0197 0.0000	</row1>
					<row2>	1.0000 0.0000 0.0000 0.0000	</row2>
					<row3>	0.4918 0.4073 5.7447 1.0000	</row3>
				</transform>
			</node>
			<node>
				<identifier>	MP_BM751_Deck_Hatch_INDEX_3	</identifier>
				<transform>
					<row0>	0.0000 0.0197 0.9998 0.0000	</row0>
					<row1>	0.0000 0.9998 -0.0197 0.0000	</row1>
					<row2>	-1.0000 0.0000 0.0000 0.0000	</row2>
					<row3>	-0.2659 0.4004 5.1160 1.0000	</row3>
				</transform>
			</node>
			<node>
				<identifier>	MP_BM752_Deck_Hatch	</identifier>
				<transform>
					<row0>	-1.0000 0.0000 0.0000 0.0000	</row0>
					<row1>	0.0000 0.9998 -0.0197 0.0000	</row1>
					<row2>	0.0000 -0.0197 -0.9998 0.0000	</row2>
					<row3>	0.1666 0.4178 6.2029 1.0000	</row3>
				</transform>
			</node>
			<node>
				<identifier>	MP_BM752_Deck_Hatch_INDEX_1	</identifier>
				<transform>
					<row0>	-1.0000 0.0000 0.0000 0.0000	</row0>
					<row1>	0.0000 0.9998 -0.0197 0.0000	</row1>
					<row2>	0.0000 -0.0197 -0.9998 0.0000	</row2>
					<row3>	-0.1666 0.4178 6.2029 1.0000	</row3>
				</transform>
			</node>
			<node>
				<identifier>	MP_BM755_Hatch	</identifier>
				<transform>
					<row0>	0.0000 0.0000 -1.0000 0.0000	</row0>
					<row1>	0.0000 1.0000 0.0000 0.0000	</row1>
					<row2>	1.0000 0.0000 0.0000 0.0000	</row2>
					<row3>	0.0356 0.4444 7.6591 1.0000	</row3>
				</transform>
			</node>
			<node>
				<identifier>	MP_BM755_Hatch_INDEX_1	</identifier>
				<transform>
					<row0>	-1.0000 0.0000 0.0000 0.0000	</row0>
					<row1>	0.0000 0.9998 -0.0210 0.0000	</row1>
					<row2>	0.0000 -0.0210 -0.9998 0.0000	</row2>
					<row3>	0.2949 0.4222 6.5621 1.0000	</row3>
				</transform>
			</node>
			<node>
				<identifier>	MP_BM755_Hatch_INDEX_2	</identifier>
				<transform>
					<row0>	-1.0000 0.0000 0.0000 0.0000	</row0>
					<row1>	0.0000 0.9998 -0.0210 0.0000	</row1>
					<row2>	0.0000 -0.0210 -0.9998 0.0000	</row2>
					<row3>	-0.2949 0.4222 6.5621 1.0000	</row3>
				</transform>
			</node>
			<node>
				<identifier>	MP_BM800_Ventilators_mushroom	</identifier>
				<transform>
					<row0>	-0.7071 0.0000 -0.7071 0.0000	</row0>
					<row1>	0.0000 1.0000 0.0000 0.0000	</row1>
					<row2>	0.7071 0.0000 -0.7071 0.0000	</row2>
					<row3>	0.4513 0.4029 5.4783 1.0000	</row3>
				</transform>
			</node>
			<node>
				<identifier>	MP_BM800_Ventilators_mushroom_INDEX_1	</identifier>
				<transform>
					<row0>	-1.0000 0.0000 0.0000 0.0000	</row0>
					<row1>	0.0000 1.0000 0.0000 0.0000	</row1>
					<row2>	0.0000 0.0000 -1.0000 0.0000	</row2>
					<row3>	0.4168 0.4029 5.3823 1.0000	</row3>
				</transform>
			</node>
			<node>
				<identifier>	MP_BM800_Ventilators_mushroom_INDEX_2	</identifier>
				<transform>
					<row0>	-1.0000 0.0000 0.0000 0.0000	</row0>
					<row1>	0.0000 1.0000 0.0000 0.0000	</row1>
					<row2>	0.0000 0.0000 -1.0000 0.0000	</row2>
					<row3>	-0.3789 0.4400 7.5034 1.0000	</row3>
				</transform>
			</node>
			<node>
				<identifier>	MP_BM800_Ventilators_mushroom_INDEX_3	</identifier>
				<transform>
					<row0>	-1.0000 0.0000 0.0000 0.0000	</row0>
					<row1>	0.0000 1.0000 0.0000 0.0000	</row1>
					<row2>	0.0000 0.0000 -1.0000 0.0000	</row2>
					<row3>	-0.4168 0.4029 5.3823 1.0000	</row3>
				</transform>
			</node>
			<node>
				<identifier>	MP_BM800_Ventilators_mushroom_INDEX_4	</identifier>
				<transform>
					<row0>	-1.0000 0.0000 0.0000 0.0000	</row0>
					<row1>	0.0000 1.0000 0.0000 0.0000	</row1>
					<row2>	0.0000 0.0000 -1.0000 0.0000	</row2>
					<row3>	0.0000 0.4149 6.3767 1.0000	</row3>
				</transform>
			</node>
			<node>
				<identifier>	MP_BM800_Ventilators_mushroom_INDEX_5	</identifier>
				<transform>
					<row0>	-1.0000 0.0000 0.0000 0.0000	</row0>
					<row1>	0.0000 1.0000 0.0000 0.0000	</row1>
					<row2>	0.0000 0.0000 -1.0000 0.0000	</row2>
					<row3>	-0.0388 0.4454 7.7416 1.0000	</row3>
				</transform>
			</node>
			<node>
				<identifier>	MP_BM800_Ventilators_mushroom_INDEX_6	</identifier>
				<transform>
					<row0>	-0.7071 0.0000 0.7071 0.0000	</row0>
					<row1>	0.0000 1.0000 0.0000 0.0000	</row1>
					<row2>	-0.7071 0.0000 -0.7071 0.0000	</row2>
					<row3>	-0.4513 0.4029 5.4783 1.0000	</row3>
				</transform>
			</node>
			<node>
				<identifier>	MP_BM800_Ventilators_mushroom_INDEX_7	</identifier>
				<transform>
					<row0>	-1.0000 0.0000 0.0000 0.0000	</row0>
					<row1>	0.0000 1.0000 0.0000 0.0000	</row1>
					<row2>	0.0000 0.0000 -1.0000 0.0000	</row2>
					<row3>	0.0388 0.4454 7.7416 1.0000	</row3>
				</transform>
			</node>
			<node>
				<identifier>	MP_BM800_Ventilators_mushroom_INDEX_8	</identifier>
				<transform>
					<row0>	-1.0000 0.0000 0.0000 0.0000	</row0>
					<row1>	0.0000 1.0000 0.0000 0.0000	</row1>
					<row2>	0.0000 0.0000 -1.0000 0.0000	</row2>
					<row3>	0.3789 0.4400 7.5078 1.0000	</row3>
				</transform>
			</node>
			<node>
				<identifier>	MP_BM800_Ventilators_mushroom_INDEX_9	</identifier>
				<transform>
					<row0>	-1.0000 0.0000 0.0000 0.0000	</row0>
					<row1>	0.0000 1.0000 0.0000 0.0000	</row1>
					<row2>	0.0000 0.0000 -1.0000 0.0000	</row2>
					<row3>	0.0861 0.4299 7.0269 1.0000	</row3>
				</transform>
			</node>
			<node>
				<identifier>	MP_BM801_Ventilators_mushroom	</identifier>
				<transform>
					<row0>	1.0000 0.0000 0.0000 0.0000	</row0>
					<row1>	0.0000 1.0000 0.0000 0.0000	</row1>
					<row2>	0.0000 0.0000 1.0000 0.0000	</row2>
					<row3>	0.4918 0.4077 5.9034 1.0000	</row3>
				</transform>
			</node>
			<node>
				<identifier>	MP_BM858_Signal_Lamp	</identifier>
				<transform>
					<row0>	1.0000 0.0000 0.0000 0.0000	</row0>
					<row1>	0.0000 1.0000 0.0000 0.0000	</row1>
					<row2>	0.0000 0.0000 1.0000 0.0000	</row2>
					<row3>	0.0131 1.0377 10.2817 1.0000	</row3>
				</transform>
			</node>
			<node>
				<identifier>	MP_BM871_Running_Lights_F	</identifier>
				<transform>
					<row0>	-1.0000 0.0000 0.0000 0.0000	</row0>
					<row1>	0.0000 1.0000 0.0000 0.0000	</row1>
					<row2>	0.0000 0.0000 -1.0000 0.0000	</row2>
					<row3>	0.0131 0.9367 10.2723 1.0000	</row3>
				</transform>
			</node>
			<node>
				<identifier>	MP_BM950_Anchor_top	</identifier>
				<transform>
					<row0>	0.4976 -1.6310 -0.8379 0.0000	</row0>
					<row1>	0.3164 0.9316 -1.6254 0.0000	</row1>
					<row2>	1.8062 0.2861 0.5156 0.0000	</row2>
					<row3>	-0.1761 0.3624 9.5895 1.0000	</row3>
				</transform>
			</node>
			<node>
				<identifier>	MP_BM950_Anchor_top_INDEX_1	</identifier>
				<transform>
					<row0>	0.4976 1.6310 0.8379 0.0000	</row0>
					<row1>	-0.3164 0.9316 -1.6254 0.0000	</row1>
					<row2>	-1.8062 0.2861 0.5156 0.0000	</row2>
					<row3>	0.1761 0.3624 9.5895 1.0000	</row3>
				</transform>
			</node>
			<node>
				<identifier>	MP_BM950_Anchor_top_INDEX_2	</identifier>
				<transform>
					<row0>	0.4896 1.6244 0.8554 0.0000	</row0>
					<row1>	-0.1613 0.9199 -1.6546 0.0000	</row1>
					<row2>	-1.8287 0.3537 0.3750 0.0000	</row2>
					<row3>	0.2119 0.3379 9.3249 1.0000	</row3>
				</transform>
			</node>
			<node>
				<identifier>	MP_BM951_Anchor_down	</identifier>
				<transform>
					<row0>	0.4987 -1.6146 -0.8685 0.0000	</row0>
					<row1>	-0.0620 0.8847 -1.6803 0.0000	</row1>
					<row2>	1.8323 0.4694 0.1795 0.0000	</row2>
					<row3>	-0.1762 0.3614 9.5915 1.0000	</row3>
				</transform>
			</node>
			<node>
				<identifier>	MP_BM951_Anchor_down_INDEX_1	</identifier>
				<transform>
					<row0>	0.4987 1.6146 0.8685 0.0000	</row0>
					<row1>	0.0620 0.8847 -1.6803 0.0000	</row1>
					<row2>	-1.8323 0.4694 0.1795 0.0000	</row2>
					<row3>	0.1762 0.3614 9.5915 1.0000	</row3>
				</transform>
			</node>
			<node>
				<identifier>	MP_BM951_Anchor_down_INDEX_2	</identifier>
				<transform>
					<row0>	0.5031 1.6047 0.8843 0.0000	</row0>
					<row1>	0.1569 0.8759 -1.6787 0.0000	</row1>
					<row2>	-1.8255 0.5175 0.0994 0.0000	</row2>
					<row3>	0.2121 0.3368 9.3270 1.0000	</row3>
				</transform>
			</node>
			<node>
				<identifier>	MP_BM964_3ton_electrik_winch_R	</identifier>
				<transform>
					<row0>	-1.0000 0.0000 0.0000 0.0000	</row0>
					<row1>	0.0000 0.9998 -0.0210 0.0000	</row1>
					<row2>	0.0000 -0.0210 -0.9998 0.0000	</row2>
					<row3>	0.1769 0.4143 6.3358 1.0000	</row3>
				</transform>
			</node>
			<node>
				<identifier>	MP_BM965_3ton_electrik_winch_L	</identifier>
				<transform>
					<row0>	-1.0000 0.0000 0.0000 0.0000	</row0>
					<row1>	0.0000 0.9998 -0.0210 0.0000	</row1>
					<row2>	0.0000 -0.0210 -0.9998 0.0000	</row2>
					<row3>	-0.1769 0.4143 6.3358 1.0000	</row3>
				</transform>
			</node>
			<node>
				<identifier>	MP_CM011_Fire_Fighting_Gear	</identifier>
				<transform>
					<row0>	1.0000 0.0000 0.0000 0.0000	</row0>
					<row1>	0.0000 1.0000 0.0000 0.0000	</row1>
					<row2>	0.0000 0.0000 1.0000 0.0000	</row2>
					<row3>	0.1213 0.4484 7.7416 1.0000	</row3>
				</transform>
			</node>
			<node>
				<identifier>	MP_CM011_Fire_Fighting_Gear_INDEX_1	</identifier>
				<transform>
					<row0>	1.0000 0.0000 0.0000 0.0000	</row0>
					<row1>	0.0000 1.0000 0.0000 0.0000	</row1>
					<row2>	0.0000 0.0000 1.0000 0.0000	</row2>
					<row3>	-0.1213 0.4484 7.7416 1.0000	</row3>
				</transform>
			</node>
			<node>
				<identifier>	MP_CM011_Fire_Fighting_Gear_INDEX_2	</identifier>
				<transform>
					<row0>	0.0000 0.0000 1.0000 0.0000	</row0>
					<row1>	0.0000 1.0000 0.0000 0.0000	</row1>
					<row2>	-1.0000 0.0000 0.0000 0.0000	</row2>
					<row3>	0.3124 0.4062 5.3657 1.0000	</row3>
				</transform>
			</node>
			<node>
				<identifier>	MP_CM011_Fire_Fighting_Gear_INDEX_3	</identifier>
				<transform>
					<row0>	1.0000 0.0000 0.0000 0.0000	</row0>
					<row1>	0.0000 1.0000 0.0000 0.0000	</row1>
					<row2>	0.0000 0.0000 1.0000 0.0000	</row2>
					<row3>	0.3416 0.4318 7.0177 1.0000	</row3>
				</transform>
			</node>
			<node>
				<identifier>	MP_CM011_Fire_Fighting_Gear_INDEX_4	</identifier>
				<transform>
					<row0>	0.0000 0.0000 -1.0000 0.0000	</row0>
					<row1>	0.0000 1.0000 0.0000 0.0000	</row1>
					<row2>	1.0000 0.0000 0.0000 0.0000	</row2>
					<row3>	-0.3124 0.4062 5.3657 1.0000	</row3>
				</transform>
			</node>
			<node>
				<identifier>	MP_CM011_Fire_Fighting_Gear_INDEX_5	</identifier>
				<transform>
					<row0>	1.0000 0.0000 0.0000 0.0000	</row0>
					<row1>	0.0000 1.0000 0.0000 0.0000	</row1>
					<row2>	0.0000 0.0000 1.0000 0.0000	</row2>
					<row3>	-0.3416 0.4318 7.0166 1.0000	</row3>
				</transform>
			</node>
			<node>
				<identifier>	MP_CM012_Fire_Hose_Rack_1	</identifier>
				<transform>
					<row0>	-0.7764 0.0000 0.6302 0.0000	</row0>
					<row1>	0.0000 1.0000 0.0000 0.0000	</row1>
					<row2>	-0.6302 0.0000 -0.7764 0.0000	</row2>
					<row3>	0.3423 0.4578 5.4370 1.0000	</row3>
				</transform>
			</node>
			<node>
				<identifier>	MP_CM012_Fire_Hose_Rack_1_INDEX_1	</identifier>
				<transform>
					<row0>	0.7764 0.0000 0.6302 0.0000	</row0>
					<row1>	0.0000 1.0000 0.0000 0.0000	</row1>
					<row2>	-0.6302 0.0000 0.7764 0.0000	</row2>
					<row3>	-0.3423 0.4578 5.4370 1.0000	</row3>
				</transform>
			</node>
			<node>
				<identifier>	MP_CM012_Fire_Hose_Rack_1_INDEX_2	</identifier>
				<transform>
					<row0>	-0.6093 0.0000 -0.7929 0.0000	</row0>
					<row1>	0.0000 1.0000 0.0000 0.0000	</row1>
					<row2>	0.7929 0.0000 -0.6093 0.0000	</row2>
					<row3>	-0.2625 0.4817 7.3765 1.0000	</row3>
				</transform>
			</node>
			<node>
				<identifier>	MP_CM012_Fire_Hose_Rack_1_INDEX_3	</identifier>
				<transform>
					<row0>	-0.1325 0.0000 0.9912 0.0000	</row0>
					<row1>	0.0000 1.0000 0.0000 0.0000	</row1>
					<row2>	-0.9912 0.0000 -0.1325 0.0000	</row2>
					<row3>	-0.3567 0.4817 7.0300 1.0000	</row3>
				</transform>
			</node>
			<node>
				<identifier>	MP_CM012_Fire_Hose_Rack_1_INDEX_4	</identifier>
				<transform>
					<row0>	0.6093 0.0000 -0.7929 0.0000	</row0>
					<row1>	0.0000 1.0000 0.0000 0.0000	</row1>
					<row2>	0.7929 0.0000 0.6093 0.0000	</row2>
					<row3>	0.2625 0.4817 7.3768 1.0000	</row3>
				</transform>
			</node>
			<node>
				<identifier>	MP_CM012_Fire_Hose_Rack_1_INDEX_5	</identifier>
				<transform>
					<row0>	0.1325 0.0000 0.9912 0.0000	</row0>
					<row1>	0.0000 1.0000 0.0000 0.0000	</row1>
					<row2>	-0.9912 0.0000 0.1325 0.0000	</row2>
					<row3>	0.3585 0.4817 7.0297 1.0000	</row3>
				</transform>
			</node>
			<node>
				<identifier>	MP_CM029_Emergency_Box	</identifier>
				<transform>
					<row0>	-0.9239 0.0000 0.3826 0.0000	</row0>
					<row1>	0.0000 1.0000 0.0000 0.0000	</row1>
					<row2>	-0.3826 0.0000 -0.9239 0.0000	</row2>
					<row3>	-0.3051 0.4817 7.4066 1.0000	</row3>
				</transform>
			</node>
			<node>
				<identifier>	MP_CM029_Emergency_Box_INDEX_1	</identifier>
				<transform>
					<row0>	-0.9239 0.0000 -0.3826 0.0000	</row0>
					<row1>	0.0000 1.0000 0.0000 0.0000	</row1>
					<row2>	0.3826 0.0000 -0.9239 0.0000	</row2>
					<row3>	0.3051 0.4817 7.4066 1.0000	</row3>
				</transform>
			</node>
			<node>
				<identifier>	MP_CM029_Emergency_Box_INDEX_2	</identifier>
				<transform>
					<row0>	0.8816 0.0000 0.4720 0.0000	</row0>
					<row1>	0.0000 1.0000 0.0000 0.0000	</row1>
					<row2>	-0.4720 0.0000 0.8816 0.0000	</row2>
					<row3>	0.2222 0.4817 5.3284 1.0000	</row3>
				</transform>
			</node>
			<node>
				<identifier>	MP_CM029_Emergency_Box_INDEX_3	</identifier>
				<transform>
					<row0>	0.8816 0.0000 -0.4720 0.0000	</row0>
					<row1>	0.0000 1.0000 0.0000 0.0000	</row1>
					<row2>	0.4720 0.0000 0.8816 0.0000	</row2>
					<row3>	-0.2222 0.4817 5.3284 1.0000	</row3>
				</transform>
			</node>
			<node>
				<identifier>	MP_CM029_Emergency_Box_INDEX_4	</identifier>
				<transform>
					<row0>	0.9246 0.0000 0.3810 0.0000	</row0>
					<row1>	0.0000 1.0000 0.0000 0.0000	</row1>
					<row2>	-0.3810 0.0000 0.9246 0.0000	</row2>
					<row3>	-0.3051 0.4817 7.0351 1.0000	</row3>
				</transform>
			</node>
			<node>
				<identifier>	MP_CM029_Emergency_Box_INDEX_5	</identifier>
				<transform>
					<row0>	-0.7749 0.0000 -0.6321 0.0000	</row0>
					<row1>	0.0000 1.0000 0.0000 0.0000	</row1>
					<row2>	0.6321 0.0000 -0.7749 0.0000	</row2>
					<row3>	-0.2979 0.4817 6.0594 1.0000	</row3>
				</transform>
			</node>
			<node>
				<identifier>	MP_CM029_Emergency_Box_INDEX_6	</identifier>
				<transform>
					<row0>	-0.7749 0.0000 0.6321 0.0000	</row0>
					<row1>	0.0000 1.0000 0.0000 0.0000	</row1>
					<row2>	-0.6321 0.0000 -0.7749 0.0000	</row2>
					<row3>	0.2979 0.4817 6.0594 1.0000	</row3>
				</transform>
			</node>
			<node>
				<identifier>	MP_CM029_Emergency_Box_INDEX_7	</identifier>
				<transform>
					<row0>	0.9246 0.0000 -0.3810 0.0000	</row0>
					<row1>	0.0000 1.0000 0.0000 0.0000	</row1>
					<row2>	0.3810 0.0000 0.9246 0.0000	</row2>
					<row3>	0.3051 0.4817 7.0352 1.0000	</row3>
				</transform>
			</node>
			<node>
				<identifier>	SP_YMS001_YHBM_M_1	</identifier>
				<transform>
					<row0>	0.8273 0.0000 0.0000 0.0000	</row0>
					<row1>	0.0000 0.8202 0.1087 0.0000	</row1>
					<row2>	0.0000 -0.1087 0.8202 0.0000	</row2>
					<row3>	0.0000 0.5382 10.3052 1.0000	</row3>
				</transform>
			</node>
			<node>
				<identifier>	SP_YMS002_YHBL_M_1	</identifier>
				<transform>
					<row0>	0.7692 0.0000 0.0000 0.0000	</row0>
					<row1>	0.0000 0.7686 -0.0295 0.0000	</row1>
					<row2>	0.0000 0.0295 0.7686 0.0000	</row2>
					<row3>	0.0000 0.5382 10.3052 1.0000	</row3>
				</transform>
			</node>
			<node>
				<identifier>	SP_YMS003_YHBR_M_1	</identifier>
				<transform>
					<row0>	0.7692 0.0000 0.0000 0.0000	</row0>
					<row1>	0.0000 0.7686 -0.0295 0.0000	</row1>
					<row2>	0.0000 0.0295 0.7686 0.0000	</row2>
					<row3>	0.0000 0.5382 10.3052 1.0000	</row3>
				</transform>
			</node>
			<node>
				<identifier>	SP_YMS004_YHXL_L_1	</identifier>
				<transform>
					<row0>	1.0447 0.4142 -0.1973 0.0000	</row0>
					<row1>	-0.4086 1.0631 0.0686 0.0000	</row1>
					<row2>	0.2088 0.0078 1.1217 0.0000	</row2>
					<row3>	-0.1724 0.3632 9.4527 1.0000	</row3>
				</transform>
			</node>
			<node>
				<identifier>	SP_YMS005_YHXR_L_1	</identifier>
				<transform>
					<row0>	1.0447 -0.4142 0.1973 0.0000	</row0>
					<row1>	0.4086 1.0631 0.0686 0.0000	</row1>
					<row2>	-0.2088 0.0078 1.1217 0.0000	</row2>
					<row3>	0.1724 0.3632 9.4527 1.0000	</row3>
				</transform>
			</node>
			<node>
				<identifier>	SP_YMS010_YHWM_L_1	</identifier>
				<transform>
					<row0>	0.6740 0.0000 0.0000 0.0000	</row0>
					<row1>	0.0000 0.6740 0.0000 0.0000	</row1>
					<row2>	0.0000 0.0000 0.6740 0.0000	</row2>
					<row3>	0.0000 0.0000 10.0918 1.0000	</row3>
				</transform>
			</node>
			<node>
				<identifier>	SP_YMS011_YHWL_M_1	</identifier>
				<transform>
					<row0>	0.9931 -0.0213 -0.1157 0.0000	</row0>
					<row1>	0.0210 0.9998 -0.0041 0.0000	</row1>
					<row2>	0.1157 0.0017 0.9933 0.0000	</row2>
					<row3>	-0.6849 0.0000 4.9553 1.0000	</row3>
				</transform>
			</node>
			<node>
				<identifier>	SP_YMS011_YHWL_M_1_INDEX_12	</identifier>
				<transform>
					<row0>	0.9933 -0.0029 -0.1157 0.0000	</row0>
					<row1>	0.0026 1.0000 -0.0020 0.0000	</row1>
					<row2>	0.1157 0.0017 0.9933 0.0000	</row2>
					<row3>	-0.6849 0.0000 4.9553 1.0000	</row3>
				</transform>
			</node>
			<node>
				<identifier>	SP_YMS011_YHWL_M_1_INDEX_13	</identifier>
				<transform>
					<row0>	0.9771 0.1603 -0.1397 0.0000	</row0>
					<row1>	-0.1588 0.9871 0.0218 0.0000	</row1>
					<row2>	0.1414 0.0009 0.9900 0.0000	</row2>
					<row3>	-0.4522 0.0000 6.6496 1.0000	</row3>
				</transform>
			</node>
			<node>
				<identifier>	SP_YMS011_YHWL_M_1_INDEX_21	</identifier>
				<transform>
					<row0>	0.9789 0.1602 -0.1269 0.0000	</row0>
					<row1>	-0.1588 0.9871 0.0206 0.0000	</row1>
					<row2>	0.1286 0.0000 0.9917 0.0000	</row2>
					<row3>	-0.2213 0.0000 8.3263 1.0000	</row3>
				</transform>
			</node>
			<node>
				<identifier>	SP_YMS011_YHWL_M_1_INDEX_22	</identifier>
				<transform>
					<row0>	0.9898 0.0479 -0.1344 0.0000	</row0>
					<row1>	-0.0475 0.9989 0.0067 0.0000	</row1>
					<row2>	0.1345 -0.0002 0.9909 0.0000	</row2>
					<row3>	-0.5727 0.0000 5.8017 1.0000	</row3>
				</transform>
			</node>
			<node>
				<identifier>	SP_YMS011_YHWL_M_1_INDEX_25	</identifier>
				<transform>
					<row0>	0.9789 0.1597 -0.1275 0.0000	</row0>
					<row1>	-0.1588 0.9872 0.0170 0.0000	</row1>
					<row2>	0.1286 0.0036 0.9917 0.0000	</row2>
					<row3>	-0.3183 0.0000 7.4775 1.0000	</row3>
				</transform>
			</node>
			<node>
				<identifier>	SP_YMS011_YHWL_M_1_INDEX_6	</identifier>
				<transform>
					<row0>	0.9898 0.0479 -0.1344 0.0000	</row0>
					<row1>	-0.0475 0.9989 0.0067 0.0000	</row1>
					<row2>	0.1345 -0.0002 0.9909 0.0000	</row2>
					<row3>	-0.5727 0.0000 5.8017 1.0000	</row3>
				</transform>
			</node>
			<node>
				<identifier>	SP_YMS012_YHWR_M_1_INDEX_17	</identifier>
				<transform>
					<row0>	0.9789 -0.1602 0.1269 0.0000	</row0>
					<row1>	0.1588 0.9871 0.0206 0.0000	</row1>
					<row2>	-0.1286 0.0000 0.9917 0.0000	</row2>
					<row3>	0.2213 0.0000 8.3263 1.0000	</row3>
				</transform>
			</node>
			<node>
				<identifier>	SP_YMS012_YHWR_M_1_INDEX_19	</identifier>
				<transform>
					<row0>	0.9789 -0.1597 0.1275 0.0000	</row0>
					<row1>	0.1588 0.9872 0.0170 0.0000	</row1>
					<row2>	-0.1286 0.0036 0.9917 0.0000	</row2>
					<row3>	0.3183 0.0000 7.4775 1.0000	</row3>
				</transform>
			</node>
			<node>
				<identifier>	SP_YMS012_YHWR_M_1_INDEX_2	</identifier>
				<transform>
					<row0>	0.9898 -0.0479 0.1344 0.0000	</row0>
					<row1>	0.0475 0.9989 0.0067 0.0000	</row1>
					<row2>	-0.1345 -0.0002 0.9909 0.0000	</row2>
					<row3>	0.5727 0.0000 5.8017 1.0000	</row3>
				</transform>
			</node>
			<node>
				<identifier>	SP_YMS012_YHWR_M_1_INDEX_20	</identifier>
				<transform>
					<row0>	0.9771 -0.1603 0.1397 0.0000	</row0>
					<row1>	0.1588 0.9871 0.0218 0.0000	</row1>
					<row2>	-0.1414 0.0009 0.9900 0.0000	</row2>
					<row3>	0.4522 0.0000 6.6496 1.0000	</row3>
				</transform>
			</node>
			<node>
				<identifier>	SP_YMS012_YHWR_M_1_INDEX_22	</identifier>
				<transform>
					<row0>	0.9898 -0.0479 0.1344 0.0000	</row0>
					<row1>	0.0475 0.9989 0.0067 0.0000	</row1>
					<row2>	-0.1345 -0.0002 0.9909 0.0000	</row2>
					<row3>	0.5727 0.0000 5.8017 1.0000	</row3>
				</transform>
			</node>
			<node>
				<identifier>	SP_YMS012_YHWR_M_1_INDEX_24	</identifier>
				<transform>
					<row0>	0.9933 0.0029 0.1157 0.0000	</row0>
					<row1>	-0.0026 1.0000 -0.0020 0.0000	</row1>
					<row2>	-0.1157 0.0017 0.9933 0.0000	</row2>
					<row3>	0.6849 0.0000 4.9553 1.0000	</row3>
				</transform>
			</node>
			<node>
				<identifier>	SP_YMS012_YHWR_M_1_INDEX_25	</identifier>
				<transform>
					<row0>	0.9931 0.0213 0.1157 0.0000	</row0>
					<row1>	-0.0210 0.9998 -0.0041 0.0000	</row1>
					<row2>	-0.1157 0.0017 0.9933 0.0000	</row2>
					<row3>	0.6849 0.0000 4.9553 1.0000	</row3>
				</transform>
			</node>
			<node>
				<identifier>	SP_YMS020_YHBU_M_1	</identifier>
				<transform>
					<row0>	0.9913 0.0000 0.0000 0.0000	</row0>
					<row1>	0.0000 0.9913 0.0000 0.0000	</row1>
					<row2>	0.0000 0.0000 0.9913 0.0000	</row2>
					<row3>	0.0000 -0.2205 10.0708 1.0000	</row3>
				</transform>
			</node>
			<node>
				<identifier>	SP_YMS022_YHUS_L_1_INDEX_1	</identifier>
				<transform>
					<row0>	-0.1375 0.0000 0.9905 0.0000	</row0>
					<row1>	0.5914 0.8022 0.0821 0.0000	</row1>
					<row2>	-0.7946 0.5971 -0.1103 0.0000	</row2>
					<row3>	0.3822 -0.5449 5.7104 1.0000	</row3>
				</transform>
			</node>
			<node>
				<identifier>	SP_YMS022_YHUS_L_1_INDEX_2	</identifier>
				<transform>
					<row0>	-0.1375 0.0000 -0.9905 0.0000	</row0>
					<row1>	-0.5914 0.8022 0.0821 0.0000	</row1>
					<row2>	0.7946 0.5971 -0.1103 0.0000	</row2>
					<row3>	-0.3822 -0.5449 5.7104 1.0000	</row3>
				</transform>
			</node>
			<node>
				<identifier>	SP_YMS051_YHDL_L_1	</identifier>
				<transform>
					<row0>	0.9934 -0.0049 -0.1148 0.0000	</row0>
					<row1>	0.0009 0.9994 -0.0346 0.0000	</row1>
					<row2>	0.1149 0.0343 0.9928 0.0000	</row2>
					<row3>	-0.4602 0.4497 8.3294 1.0000	</row3>
				</transform>
			</node>
			<node>
				<identifier>	SP_YMS052_YHDR_L_1	</identifier>
				<transform>
					<row0>	0.9934 0.0049 0.1148 0.0000	</row0>
					<row1>	-0.0009 0.9994 -0.0346 0.0000	</row1>
					<row2>	-0.1149 0.0343 0.9928 0.0000	</row2>
					<row3>	0.4602 0.4497 8.3294 1.0000	</row3>
				</transform>
			</node>
			<node>
				<identifier>	SP_YMS053_YHDC_S_1_INDEX_10	</identifier>
				<transform>
					<row0>	1.0000 0.0000 0.0000 0.0000	</row0>
					<row1>	0.0000 1.0000 0.0000 0.0000	</row1>
					<row2>	0.0000 0.0000 1.0000 0.0000	</row2>
					<row3>	0.4406 0.4263 6.4135 1.0000	</row3>
				</transform>
			</node>
			<node>
				<identifier>	SP_YMS053_YHDC_S_1_INDEX_11	</identifier>
				<transform>
					<row0>	1.0000 0.0000 0.0000 0.0000	</row0>
					<row1>	0.0000 1.0000 0.0000 0.0000	</row1>
					<row2>	0.0000 0.0000 1.0000 0.0000	</row2>
					<row3>	0.0000 0.4456 7.2395 1.0000	</row3>
				</transform>
			</node>
			<node>
				<identifier>	SP_YMS053_YHDC_S_1_INDEX_12	</identifier>
				<transform>
					<row0>	1.0000 0.0000 0.0000 0.0000	</row0>
					<row1>	0.0000 1.0000 0.0000 0.0000	</row1>
					<row2>	0.0000 0.0000 1.0000 0.0000	</row2>
					<row3>	-0.4406 0.4263 6.4135 1.0000	</row3>
				</transform>
			</node>
			<node>
				<identifier>	SP_YMS053_YHDC_S_1_INDEX_15	</identifier>
				<transform>
					<row0>	1.0000 0.0000 0.0000 0.0000	</row0>
					<row1>	0.0000 1.0000 0.0000 0.0000	</row1>
					<row2>	0.0000 0.0000 1.0000 0.0000	</row2>
					<row3>	0.4184 0.4086 4.9798 1.0000	</row3>
				</transform>
			</node>
			<node>
				<identifier>	SP_YMS053_YHDC_S_1_INDEX_2	</identifier>
				<transform>
					<row0>	1.0000 0.0000 0.0000 0.0000	</row0>
					<row1>	0.0000 1.0000 0.0000 0.0000	</row1>
					<row2>	0.0000 0.0000 1.0000 0.0000	</row2>
					<row3>	0.0000 0.4963 8.7984 1.0000	</row3>
				</transform>
			</node>
			<node>
				<identifier>	SP_YMS053_YHDC_S_1_INDEX_4	</identifier>
				<transform>
					<row0>	1.0000 0.0000 0.0000 0.0000	</row0>
					<row1>	0.0000 1.0000 0.0000 0.0000	</row1>
					<row2>	0.0000 0.0000 1.0000 0.0000	</row2>
					<row3>	-0.4184 0.4086 4.9798 1.0000	</row3>
				</transform>
			</node>
			<node>
				<identifier>	SP_YMS063_YHGQ_S_1_INDEX_3	</identifier>
				<transform>
					<row0>	0.0000 0.0000 1.0000 0.0000	</row0>
					<row1>	0.0000 0.8000 0.0000 0.0000	</row1>
					<row2>	-1.0000 0.0000 0.0000 0.0000	</row2>
					<row3>	0.3865 0.5269 7.2218 1.0000	</row3>
				</transform>
			</node>
			<node>
				<identifier>	SP_YMS063_YHGQ_S_1_INDEX_4	</identifier>
				<transform>
					<row0>	0.0000 0.0000 -1.0000 0.0000	</row0>
					<row1>	0.0000 0.8000 0.0000 0.0000	</row1>
					<row2>	1.0000 0.0000 0.0000 0.0000	</row2>
					<row3>	-0.3865 0.5269 7.2218 1.0000	</row3>
				</transform>
			</node>
			<node>
				<identifier>	SP_YMS080_YHSL_M_1	</identifier>
				<transform>
					<row0>	0.9161 0.3788 -0.1315 0.0000	</row0>
					<row1>	-0.3836 0.9234 -0.0122 0.0000	</row1>
					<row2>	0.1168 0.0616 0.9912 0.0000	</row2>
					<row3>	-0.4416 0.2377 7.2576 1.0000	</row3>
				</transform>
			</node>
			<node>
				<identifier>	SP_YMS081_YHSR_M_1_INDEX_1	</identifier>
				<transform>
					<row0>	0.9161 -0.3788 0.1315 0.0000	</row0>
					<row1>	0.3836 0.9234 -0.0122 0.0000	</row1>
					<row2>	-0.1168 0.0616 0.9912 0.0000	</row2>
					<row3>	0.4416 0.2377 7.2576 1.0000	</row3>
				</transform>
			</node>
			<node>
				<identifier>	SP_YMS083_YHSC_L_1_INDEX_4	</identifier>
				<transform>
					<row0>	-0.0917 0.0000 -0.9958 0.0000	</row0>
					<row1>	-0.4690 0.8821 0.0432 0.0000	</row1>
					<row2>	0.8784 0.4710 -0.0809 0.0000	</row2>
					<row3>	-0.7379 0.3980 5.7272 1.0000	</row3>
				</transform>
			</node>
			<node>
				<identifier>	SP_YMS083_YHSC_L_1_INDEX_6	</identifier>
				<transform>
					<row0>	-0.0917 0.0000 0.9958 0.0000	</row0>
					<row1>	0.4690 0.8821 0.0432 0.0000	</row1>
					<row2>	-0.8784 0.4710 -0.0809 0.0000	</row2>
					<row3>	0.7379 0.3980 5.7272 1.0000	</row3>
				</transform>
			</node>
			<node>
				<identifier>	SP_YMS084_YHSC_L_2_INDEX_2	</identifier>
				<transform>
					<row0>	-0.0690 0.0000 -0.9976 0.0000	</row0>
					<row1>	-0.4699 0.8821 0.0325 0.0000	</row1>
					<row2>	0.8800 0.4710 -0.0609 0.0000	</row2>
					<row3>	-0.7985 0.3980 4.9864 1.0000	</row3>
				</transform>
			</node>
			<node>
				<identifier>	SP_YMS084_YHSC_L_2_INDEX_3	</identifier>
				<transform>
					<row0>	-0.0690 0.0000 0.9976 0.0000	</row0>
					<row1>	0.4699 0.8821 0.0325 0.0000	</row1>
					<row2>	-0.8800 0.4710 -0.0609 0.0000	</row2>
					<row3>	0.7985 0.3980 4.9864 1.0000	</row3>
				</transform>
			</node>
		</node>
	</node>
	<boundingBox>
		<min>	-0.0667 -0.0667 -0.0667	</min>
		<max>	0.0667 0.0667 0.0667	</max>
	</boundingBox>
</BSB030_Incomparable_1944_Bow_ports.visual>
