<RSB003_Knyaz_Suvorov_1916_Bow_ports.visual>
	<node>
		<identifier>	Scene Root	</identifier>
		<transform>
			<row0>	1.0000 0.0000 0.0000 0.0000	</row0>
			<row1>	0.0000 1.0000 0.0000 0.0000	</row1>
			<row2>	0.0000 0.0000 1.0000 0.0000	</row2>
			<row3>	0.0000 0.0000 0.0000 1.0000	</row3>
		</transform>
		<node>
			<identifier>	Bow_ports	</identifier>
			<transform>
				<row0>	1.0000 0.0000 0.0000 0.0000	</row0>
				<row1>	0.0000 1.0000 0.0000 0.0000	</row1>
				<row2>	0.0000 0.0000 1.0000 0.0000	</row2>
				<row3>	0.0000 0.0000 0.0000 1.0000	</row3>
			</transform>
			<node>
				<identifier>	HP_FX_Fire_1	</identifier>
				<transform>
					<row0>	1.0000 0.0000 0.0000 0.0000	</row0>
					<row1>	0.0000 1.0000 0.0000 0.0000	</row1>
					<row2>	0.0000 0.0000 1.0000 0.0000	</row2>
					<row3>	0.0000 0.3825 5.0485 1.0000	</row3>
				</transform>
			</node>
			<node>
				<identifier>	HP_FX_Flood_steam_left	</identifier>
				<transform>
					<row0>	-1.0000 0.0000 0.0000 0.0000	</row0>
					<row1>	0.0000 1.0000 0.0000 0.0000	</row1>
					<row2>	0.0000 0.0000 -1.0000 0.0000	</row2>
					<row3>	-0.3449 0.2780 5.0330 1.0000	</row3>
				</transform>
			</node>
			<node>
				<identifier>	HP_FX_RepairLight_left_1	</identifier>
				<transform>
					<row0>	0.1470 0.0000 0.9891 0.0000	</row0>
					<row1>	0.0000 1.0000 0.0000 0.0000	</row1>
					<row2>	-0.9891 0.0000 0.1470 0.0000	</row2>
					<row3>	-0.6324 0.3353 3.7424 1.0000	</row3>
				</transform>
			</node>
			<node>
				<identifier>	HP_FX_WakeTrace	</identifier>
				<transform>
					<row0>	1.0000 0.0000 0.0000 0.0000	</row0>
					<row1>	0.0000 1.0000 0.0000 0.0000	</row1>
					<row2>	0.0000 0.0000 1.0000 0.0000	</row2>
					<row3>	0.0000 0.0000 6.0245 1.0000	</row3>
				</transform>
			</node>
			<node>
				<identifier>	HP_RGM_1	</identifier>
				<transform>
					<row0>	1.0000 0.0000 0.0000 0.0000	</row0>
					<row1>	0.0000 1.0000 0.0000 0.0000	</row1>
					<row2>	0.0000 0.0000 1.0000 0.0000	</row2>
					<row3>	0.0000 0.3729 4.0311 1.0000	</row3>
				</transform>
			</node>
			<node>
				<identifier>	HP_Ship_death_1	</identifier>
				<transform>
					<row0>	1.0000 0.0000 0.0000 0.0000	</row0>
					<row1>	0.0000 1.0000 0.0000 0.0000	</row1>
					<row2>	0.0000 0.0000 1.0000 0.0000	</row2>
					<row3>	0.0000 0.0000 3.4961 1.0000	</row3>
				</transform>
			</node>
			<node>
				<identifier>	MP_CM126_Cleat	</identifier>
				<transform>
					<row0>	0.9572 0.0000 -0.2896 0.0000	</row0>
					<row1>	0.0000 1.0000 0.0000 0.0000	</row1>
					<row2>	0.2896 0.0000 0.9572 0.0000	</row2>
					<row3>	-0.2954 0.3874 5.1739 1.0000	</row3>
				</transform>
			</node>
			<node>
				<identifier>	MP_CM126_Cleat_INDEX_1	</identifier>
				<transform>
					<row0>	0.9572 0.0000 0.2896 0.0000	</row0>
					<row1>	0.0000 1.0000 0.0000 0.0000	</row1>
					<row2>	-0.2896 0.0000 0.9572 0.0000	</row2>
					<row3>	0.2954 0.3874 5.1739 1.0000	</row3>
				</transform>
			</node>
			<node>
				<identifier>	MP_CM137_Anchor_Up	</identifier>
				<transform>
					<row0>	-0.0027 -0.8391 -0.5440 0.0000	</row0>
					<row1>	0.2579 0.5250 -0.8111 0.0000	</row1>
					<row2>	0.9662 -0.1424 0.2150 0.0000	</row2>
					<row3>	-0.1569 0.2365 5.7378 1.0000	</row3>
				</transform>
			</node>
			<node>
				<identifier>	MP_CM137_Anchor_Up_INDEX_1	</identifier>
				<transform>
					<row0>	0.2756 0.0000 -0.9613 0.0000	</row0>
					<row1>	0.0252 0.9997 0.0072 0.0000	</row1>
					<row2>	0.9609 -0.0262 0.2755 0.0000	</row2>
					<row3>	0.2403 0.1236 5.3817 1.0000	</row3>
				</transform>
			</node>
			<node>
				<identifier>	MP_CM137_Anchor_Up_INDEX_2	</identifier>
				<transform>
					<row0>	-0.0027 0.8391 0.5440 0.0000	</row0>
					<row1>	-0.2579 0.5250 -0.8111 0.0000	</row1>
					<row2>	-0.9662 -0.1424 0.2150 0.0000	</row2>
					<row3>	0.1569 0.2365 5.7378 1.0000	</row3>
				</transform>
			</node>
			<node>
				<identifier>	MP_CM137_Anchor_Up_INDEX_3	</identifier>
				<transform>
					<row0>	0.2756 0.0000 0.9613 0.0000	</row0>
					<row1>	-0.0252 0.9997 0.0072 0.0000	</row1>
					<row2>	-0.9609 -0.0262 0.2755 0.0000	</row2>
					<row3>	-0.2403 0.1236 5.3817 1.0000	</row3>
				</transform>
			</node>
			<node>
				<identifier>	MP_CM138_Anchor_Bottom	</identifier>
				<transform>
					<row0>	-0.0160 -0.8544 -0.5194 0.0000	</row0>
					<row1>	0.0126 0.5193 -0.8545 0.0000	</row1>
					<row2>	0.9998 -0.0202 0.0025 0.0000	</row2>
					<row3>	-0.1566 0.2418 5.7291 1.0000	</row3>
				</transform>
			</node>
			<node>
				<identifier>	MP_CM138_Anchor_Bottom_INDEX_1	</identifier>
				<transform>
					<row0>	-0.0160 0.8544 0.5194 0.0000	</row0>
					<row1>	-0.0126 0.5193 -0.8545 0.0000	</row1>
					<row2>	-0.9998 -0.0202 0.0025 0.0000	</row2>
					<row3>	0.1566 0.2418 5.7291 1.0000	</row3>
				</transform>
			</node>
			<node>
				<identifier>	MP_CM138_Anchor_Bottom_INDEX_2	</identifier>
				<transform>
					<row0>	0.2756 0.0000 -0.9613 0.0000	</row0>
					<row1>	-0.1338 0.9903 -0.0384 0.0000	</row1>
					<row2>	0.9519 0.1392 0.2730 0.0000	</row2>
					<row3>	0.2403 0.1236 5.3817 1.0000	</row3>
				</transform>
			</node>
			<node>
				<identifier>	MP_CM138_Anchor_Bottom_INDEX_3	</identifier>
				<transform>
					<row0>	0.2756 0.0000 0.9613 0.0000	</row0>
					<row1>	0.1338 0.9903 -0.0384 0.0000	</row1>
					<row2>	-0.9519 0.1392 0.2730 0.0000	</row2>
					<row3>	-0.2403 0.1236 5.3817 1.0000	</row3>
				</transform>
			</node>
			<node>
				<identifier>	MP_RM028_Signal_Lamp	</identifier>
				<transform>
					<row0>	1.0000 0.0000 0.0000 0.0000	</row0>
					<row1>	0.0000 1.0000 0.0000 0.0000	</row1>
					<row2>	0.0000 0.0000 1.0000 0.0000	</row2>
					<row3>	0.0000 0.8246 5.9251 1.0000	</row3>
				</transform>
			</node>
			<node>
				<identifier>	MP_RM214_Life_Buoy	</identifier>
				<transform>
					<row0>	-0.2419 0.0000 -0.9703 0.0000	</row0>
					<row1>	0.0000 1.0000 0.0000 0.0000	</row1>
					<row2>	0.9703 0.0000 -0.2419 0.0000	</row2>
					<row3>	-0.5534 0.4135 4.1316 1.0000	</row3>
				</transform>
			</node>
			<node>
				<identifier>	MP_RM214_Life_Buoy_INDEX_1	</identifier>
				<transform>
					<row0>	-0.2419 0.0000 0.9703 0.0000	</row0>
					<row1>	0.0000 1.0000 0.0000 0.0000	</row1>
					<row2>	-0.9703 0.0000 -0.2419 0.0000	</row2>
					<row3>	0.5534 0.4135 4.1316 1.0000	</row3>
				</transform>
			</node>
			<node>
				<identifier>	MP_RM255_Break_Handwheel	</identifier>
				<transform>
					<row0>	1.0000 0.0000 0.0000 0.0000	</row0>
					<row1>	0.0000 1.0000 0.0000 0.0000	</row1>
					<row2>	0.0000 0.0000 1.0000 0.0000	</row2>
					<row3>	0.0894 0.3639 4.7011 1.0000	</row3>
				</transform>
			</node>
			<node>
				<identifier>	MP_RM285_Hatch	</identifier>
				<transform>
					<row0>	0.7071 0.0000 0.7071 0.0000	</row0>
					<row1>	0.0000 1.0000 0.0000 0.0000	</row1>
					<row2>	-0.7071 0.0000 0.7071 0.0000	</row2>
					<row3>	0.2247 0.3297 3.7826 1.0000	</row3>
				</transform>
			</node>
			<node>
				<identifier>	MP_RM285_Hatch_INDEX_1	</identifier>
				<transform>
					<row0>	0.7071 0.0000 -0.7071 0.0000	</row0>
					<row1>	0.0000 1.0000 0.0000 0.0000	</row1>
					<row2>	0.7071 0.0000 0.7071 0.0000	</row2>
					<row3>	-0.2267 0.3297 3.7826 1.0000	</row3>
				</transform>
			</node>
			<node>
				<identifier>	MP_RM310_Crane_for_Ladder	</identifier>
				<transform>
					<row0>	-0.9772 0.0000 0.2125 0.0000	</row0>
					<row1>	0.0000 1.0000 0.0000 0.0000	</row1>
					<row2>	-0.2125 0.0000 -0.9772 0.0000	</row2>
					<row3>	-0.5411 0.3820 4.2545 1.0000	</row3>
				</transform>
			</node>
			<node>
				<identifier>	MP_RM310_Crane_for_Ladder_INDEX_1	</identifier>
				<transform>
					<row0>	0.9700 0.0000 0.2431 0.0000	</row0>
					<row1>	0.0000 1.0000 0.0000 0.0000	</row1>
					<row2>	-0.2431 0.0000 0.9700 0.0000	</row2>
					<row3>	0.4360 0.3820 4.7063 1.0000	</row3>
				</transform>
			</node>
			<node>
				<identifier>	MP_RM310_Crane_for_Ladder_INDEX_2	</identifier>
				<transform>
					<row0>	0.9700 0.0000 -0.2431 0.0000	</row0>
					<row1>	0.0000 1.0000 0.0000 0.0000	</row1>
					<row2>	0.2431 0.0000 0.9700 0.0000	</row2>
					<row3>	-0.4360 0.3820 4.7064 1.0000	</row3>
				</transform>
			</node>
			<node>
				<identifier>	MP_RM310_Crane_for_Ladder_INDEX_3	</identifier>
				<transform>
					<row0>	-0.9778 0.0000 -0.2094 0.0000	</row0>
					<row1>	0.0000 1.0000 0.0000 0.0000	</row1>
					<row2>	0.2094 0.0000 -0.9778 0.0000	</row2>
					<row3>	0.5412 0.3820 4.2545 1.0000	</row3>
				</transform>
			</node>
			<node>
				<identifier>	MP_RM349_Ventilation_3	</identifier>
				<transform>
					<row0>	1.0000 0.0000 0.0000 0.0000	</row0>
					<row1>	0.0000 1.0000 0.0000 0.0000	</row1>
					<row2>	0.0000 0.0000 1.0000 0.0000	</row2>
					<row3>	0.2475 0.3510 4.3386 1.0000	</row3>
				</transform>
			</node>
			<node>
				<identifier>	MP_RM349_Ventilation_3_INDEX_1	</identifier>
				<transform>
					<row0>	1.0000 0.0000 0.0000 0.0000	</row0>
					<row1>	0.0000 1.0000 0.0000 0.0000	</row1>
					<row2>	0.0000 0.0000 1.0000 0.0000	</row2>
					<row3>	0.2745 0.3499 4.2650 1.0000	</row3>
				</transform>
			</node>
			<node>
				<identifier>	MP_RM349_Ventilation_3_INDEX_2	</identifier>
				<transform>
					<row0>	1.0000 0.0000 0.0000 0.0000	</row0>
					<row1>	0.0000 1.0000 0.0000 0.0000	</row1>
					<row2>	0.0000 0.0000 1.0000 0.0000	</row2>
					<row3>	-0.2618 0.3499 4.2921 1.0000	</row3>
				</transform>
			</node>
			<node>
				<identifier>	MP_RM349_Ventilation_3_INDEX_3	</identifier>
				<transform>
					<row0>	1.0000 0.0000 0.0000 0.0000	</row0>
					<row1>	0.0000 1.0000 0.0000 0.0000	</row1>
					<row2>	0.0000 0.0000 1.0000 0.0000	</row2>
					<row3>	-0.1814 0.3526 4.3967 1.0000	</row3>
				</transform>
			</node>
			<node>
				<identifier>	MP_RM349_Ventilation_3_INDEX_4	</identifier>
				<transform>
					<row0>	1.0000 0.0000 0.0000 0.0000	</row0>
					<row1>	0.0000 1.0000 0.0000 0.0000	</row1>
					<row2>	0.0000 0.0000 1.0000 0.0000	</row2>
					<row3>	0.1814 0.3526 4.3967 1.0000	</row3>
				</transform>
			</node>
			<node>
				<identifier>	MP_RM356_Reel	</identifier>
				<transform>
					<row0>	0.9000 0.0000 0.0000 0.0000	</row0>
					<row1>	0.0000 0.9000 0.0000 0.0000	</row1>
					<row2>	0.0000 0.0000 0.9000 0.0000	</row2>
					<row3>	0.2622 0.3508 4.3953 1.0000	</row3>
				</transform>
			</node>
			<node>
				<identifier>	MP_RM356_Reel_INDEX_1	</identifier>
				<transform>
					<row0>	0.9000 0.0000 0.0000 0.0000	</row0>
					<row1>	0.0000 0.9000 0.0000 0.0000	</row1>
					<row2>	0.0000 0.0000 0.9000 0.0000	</row2>
					<row3>	-0.2622 0.3508 4.3953 1.0000	</row3>
				</transform>
			</node>
			<node>
				<identifier>	MP_RM404_Coat_of_arms_Suvorov	</identifier>
				<transform>
					<row0>	1.0000 0.0000 0.0000 0.0000	</row0>
					<row1>	0.0000 1.0000 0.0000 0.0000	</row1>
					<row2>	0.0000 0.0000 1.0000 0.0000	</row2>
					<row3>	0.0000 0.3583 5.9293 1.0000	</row3>
				</transform>
			</node>
		</node>
	</node>
	<boundingBox>
		<min>	-0.0667 -0.0667 -0.0667	</min>
		<max>	0.0667 0.0667 0.0667	</max>
	</boundingBox>
</RSB003_Knyaz_Suvorov_1916_Bow_ports.visual>
