<AAD704_Douglas_SBD2_proto_lod1.visual>
	<node>
		<identifier>	Scene Root	</identifier>
		<transform>
			<row0>	1.0000 0.0000 0.0000 0.0000	</row0>
			<row1>	0.0000 1.0000 0.0000 0.0000	</row1>
			<row2>	0.0000 0.0000 1.0000 0.0000	</row2>
			<row3>	0.0000 0.0000 0.0000 1.0000	</row3>
		</transform>
		<node>
			<identifier>	Hull	</identifier>
			<transform>
				<row0>	1.0000 0.0000 0.0000 0.0000	</row0>
				<row1>	0.0000 1.0000 0.0000 0.0000	</row1>
				<row2>	0.0000 0.0000 1.0000 0.0000	</row2>
				<row3>	0.0000 0.0000 0.0000 1.0000	</row3>
			</transform>
			<node>
				<identifier>	chassis_off_BlendBone	</identifier>
				<transform>
					<row0>	1.0000 0.0000 0.0000 0.0000	</row0>
					<row1>	0.0000 1.0000 0.0000 0.0000	</row1>
					<row2>	0.0000 0.0000 1.0000 0.0000	</row2>
					<row3>	0.0000 0.0000 0.0000 1.0000	</row3>
				</transform>
			</node>
			<node>
				<identifier>	chassis_on_BlendBone	</identifier>
				<transform>
					<row0>	1.0000 0.0000 0.0000 0.0000	</row0>
					<row1>	0.0000 1.0000 0.0000 0.0000	</row1>
					<row2>	0.0000 0.0000 1.0000 0.0000	</row2>
					<row3>	0.0000 0.0000 0.0000 1.0000	</row3>
				</transform>
			</node>
			<node>
				<identifier>	hull_wire	</identifier>
				<transform>
					<row0>	1.0000 0.0000 0.0000 0.0000	</row0>
					<row1>	0.0000 1.0000 0.0000 0.0000	</row1>
					<row2>	0.0000 0.0000 1.0000 0.0000	</row2>
					<row3>	0.0000 0.0000 0.0000 1.0000	</row3>
				</transform>
			</node>
			<node>
				<identifier>	propeller_mod	</identifier>
				<transform>
					<row0>	1.0000 0.0000 0.0000 0.0000	</row0>
					<row1>	0.0000 1.0000 0.0000 0.0000	</row1>
					<row2>	0.0000 0.0000 1.0000 0.0000	</row2>
					<row3>	0.0000 0.1309 0.1307 1.0000	</row3>
				</transform>
				<node>
					<identifier>	disc	</identifier>
					<transform>
						<row0>	1.0000 0.0000 0.0000 0.0000	</row0>
						<row1>	0.0000 1.0000 0.0000 0.0000	</row1>
						<row2>	0.0000 0.0000 1.0000 0.0000	</row2>
						<row3>	0.0000 0.0000 0.0000 1.0000	</row3>
					</transform>
				</node>
				<node>
					<identifier>	mod	</identifier>
					<transform>
						<row0>	1.0000 0.0000 0.0000 0.0000	</row0>
						<row1>	0.0000 1.0000 0.0000 0.0000	</row1>
						<row2>	0.0000 0.0000 1.0000 0.0000	</row2>
						<row3>	0.0000 0.0000 0.0000 1.0000	</row3>
					</transform>
				</node>
			</node>
			<node>
				<identifier>	pylon_bomb_default_BlendBone	</identifier>
				<transform>
					<row0>	1.0000 0.0000 0.0000 0.0000	</row0>
					<row1>	0.0000 1.0000 0.0000 0.0000	</row1>
					<row2>	0.0000 0.0000 1.0000 0.0000	</row2>
					<row3>	0.0000 0.0000 0.0000 1.0000	</row3>
				</transform>
			</node>
		</node>
		<node>
			<identifier>	Root	</identifier>
			<transform>
				<row0>	1.0000 0.0000 0.0000 0.0000	</row0>
				<row1>	0.0000 1.0000 0.0000 0.0000	</row1>
				<row2>	0.0000 0.0000 1.0000 0.0000	</row2>
				<row3>	0.0000 0.0000 0.0000 1.0000	</row3>
			</transform>
			<node>
				<identifier>	HP_Air_bomb_1	</identifier>
				<transform>
					<row0>	1.0000 0.0000 0.0000 0.0000	</row0>
					<row1>	0.0000 1.0000 0.0000 0.0000	</row1>
					<row2>	0.0000 0.0000 1.0000 0.0000	</row2>
					<row3>	0.0000 0.0775 -0.0513 1.0000	</row3>
				</transform>
			</node>
			<node>
				<identifier>	HP_Air_break_1	</identifier>
				<transform>
					<row0>	1.0000 0.0000 0.0000 0.0000	</row0>
					<row1>	0.0000 1.0000 0.0000 0.0000	</row1>
					<row2>	0.0000 0.0000 1.0000 0.0000	</row2>
					<row3>	-0.1569 0.1004 -0.1423 1.0000	</row3>
				</transform>
			</node>
			<node>
				<identifier>	HP_Air_break_2	</identifier>
				<transform>
					<row0>	1.0000 0.0000 0.0000 0.0000	</row0>
					<row1>	0.0000 1.0000 0.0000 0.0000	</row1>
					<row2>	0.0000 0.0000 1.0000 0.0000	</row2>
					<row3>	0.1569 0.1004 -0.1423 1.0000	</row3>
				</transform>
			</node>
			<node>
				<identifier>	HP_Air_death_1	</identifier>
				<transform>
					<row0>	1.0000 0.0000 0.0000 0.0000	</row0>
					<row1>	0.0000 1.0000 0.0000 0.0000	</row1>
					<row2>	0.0000 0.0000 1.0000 0.0000	</row2>
					<row3>	0.0000 0.1422 0.0424 1.0000	</row3>
				</transform>
			</node>
			<node>
				<identifier>	HP_Air_enginelight_1	</identifier>
				<transform>
					<row0>	0.8361 -0.0333 -0.5476 0.0000	</row0>
					<row1>	-0.0466 0.9902 -0.1315 0.0000	</row1>
					<row2>	0.5466 0.1354 0.8264 0.0000	</row2>
					<row3>	-0.0471 0.1043 0.0750 1.0000	</row3>
				</transform>
			</node>
			<node>
				<identifier>	HP_Air_enginelight_2	</identifier>
				<transform>
					<row0>	0.8361 0.0333 0.5476 0.0000	</row0>
					<row1>	0.0466 0.9902 -0.1315 0.0000	</row1>
					<row2>	-0.5466 0.1354 0.8264 0.0000	</row2>
					<row3>	0.0471 0.1043 0.0750 1.0000	</row3>
				</transform>
			</node>
			<node>
				<identifier>	HP_Air_fire_1	</identifier>
				<transform>
					<row0>	1.0000 0.0000 0.0000 0.0000	</row0>
					<row1>	0.0000 1.0000 0.0000 0.0000	</row1>
					<row2>	0.0000 0.0000 1.0000 0.0000	</row2>
					<row3>	0.0471 0.1043 0.0750 1.0000	</row3>
				</transform>
			</node>
			<node>
				<identifier>	HP_Air_fire_2	</identifier>
				<transform>
					<row0>	1.0000 0.0000 0.0000 0.0000	</row0>
					<row1>	0.0000 1.0000 0.0000 0.0000	</row1>
					<row2>	0.0000 0.0000 1.0000 0.0000	</row2>
					<row3>	-0.0471 0.1043 0.0750 1.0000	</row3>
				</transform>
			</node>
			<node>
				<identifier>	HP_Air_fire_3	</identifier>
				<transform>
					<row0>	1.0000 0.0000 0.0000 0.0000	</row0>
					<row1>	0.0000 1.0000 0.0000 0.0000	</row1>
					<row2>	0.0000 0.0000 1.0000 0.0000	</row2>
					<row3>	0.0886 0.1018 0.0147 1.0000	</row3>
				</transform>
			</node>
			<node>
				<identifier>	HP_Air_fire_4	</identifier>
				<transform>
					<row0>	1.0000 0.0000 0.0000 0.0000	</row0>
					<row1>	0.0000 1.0000 0.0000 0.0000	</row1>
					<row2>	0.0000 0.0000 1.0000 0.0000	</row2>
					<row3>	-0.0948 0.1088 0.0041 1.0000	</row3>
				</transform>
			</node>
			<node>
				<identifier>	HP_Air_fire_5	</identifier>
				<transform>
					<row0>	1.0000 0.0000 0.0000 0.0000	</row0>
					<row1>	0.0000 1.0000 0.0000 0.0000	</row1>
					<row2>	0.0000 0.0000 1.0000 0.0000	</row2>
					<row3>	-0.0414 0.1459 0.0688 1.0000	</row3>
				</transform>
			</node>
			<node>
				<identifier>	HP_Air_fire_6	</identifier>
				<transform>
					<row0>	1.0000 0.0000 0.0000 0.0000	</row0>
					<row1>	0.0000 1.0000 0.0000 0.0000	</row1>
					<row2>	0.0000 0.0000 1.0000 0.0000	</row2>
					<row3>	-0.0253 0.1027 -0.1990 1.0000	</row3>
				</transform>
			</node>
			<node>
				<identifier>	HP_Air_fire_7	</identifier>
				<transform>
					<row0>	1.0000 0.0000 0.0000 0.0000	</row0>
					<row1>	0.0000 1.0000 0.0000 0.0000	</row1>
					<row2>	0.0000 0.0000 1.0000 0.0000	</row2>
					<row3>	0.0000 0.1488 -0.4222 1.0000	</row3>
				</transform>
			</node>
			<node>
				<identifier>	HP_Air_flytrail_1	</identifier>
				<transform>
					<row0>	1.0000 0.0000 0.0000 0.0000	</row0>
					<row1>	0.0000 1.0000 0.0000 0.0000	</row1>
					<row2>	0.0000 0.0000 1.0000 0.0000	</row2>
					<row3>	-0.4205 0.1495 -0.0758 1.0000	</row3>
				</transform>
			</node>
			<node>
				<identifier>	HP_Air_flytrail_2	</identifier>
				<transform>
					<row0>	1.0000 0.0000 0.0000 0.0000	</row0>
					<row1>	0.0000 1.0000 0.0000 0.0000	</row1>
					<row2>	0.0000 0.0000 1.0000 0.0000	</row2>
					<row3>	0.4205 0.1495 -0.0758 1.0000	</row3>
				</transform>
			</node>
			<node>
				<identifier>	HP_Air_gunfire_1	</identifier>
				<transform>
					<row0>	1.0000 0.0000 0.0000 0.0000	</row0>
					<row1>	0.0000 1.0000 0.0000 0.0000	</row1>
					<row2>	0.0000 0.0000 1.0000 0.0000	</row2>
					<row3>	-0.0160 0.1783 0.0764 1.0000	</row3>
				</transform>
			</node>
			<node>
				<identifier>	HP_Air_gunfire_2	</identifier>
				<transform>
					<row0>	1.0000 0.0000 0.0000 0.0000	</row0>
					<row1>	0.0000 1.0000 0.0000 0.0000	</row1>
					<row2>	0.0000 0.0000 1.0000 0.0000	</row2>
					<row3>	0.0160 0.1783 0.0764 1.0000	</row3>
				</transform>
			</node>
			<node>
				<identifier>	HP_Air_ricochet_1	</identifier>
				<transform>
					<row0>	1.0000 0.0000 0.0000 0.0000	</row0>
					<row1>	0.0000 1.0000 0.0000 0.0000	</row1>
					<row2>	0.0000 0.0000 1.0000 0.0000	</row2>
					<row3>	-0.0302 0.1488 -0.2856 1.0000	</row3>
				</transform>
			</node>
			<node>
				<identifier>	HP_Air_ricochet_10	</identifier>
				<transform>
					<row0>	1.0000 0.0000 0.0000 0.0000	</row0>
					<row1>	0.0000 1.0000 0.0000 0.0000	</row1>
					<row2>	0.0000 0.0000 1.0000 0.0000	</row2>
					<row3>	-0.0151 0.1992 -0.0724 1.0000	</row3>
				</transform>
			</node>
			<node>
				<identifier>	HP_Air_ricochet_2	</identifier>
				<transform>
					<row0>	1.0000 0.0000 0.0000 0.0000	</row0>
					<row1>	0.0000 1.0000 0.0000 0.0000	</row1>
					<row2>	0.0000 0.0000 1.0000 0.0000	</row2>
					<row3>	0.0334 0.1496 -0.2296 1.0000	</row3>
				</transform>
			</node>
			<node>
				<identifier>	HP_Air_ricochet_3	</identifier>
				<transform>
					<row0>	1.0000 0.0000 0.0000 0.0000	</row0>
					<row1>	0.0000 1.0000 0.0000 0.0000	</row1>
					<row2>	0.0000 0.0000 1.0000 0.0000	</row2>
					<row3>	0.0786 0.1588 -0.4004 1.0000	</row3>
				</transform>
			</node>
			<node>
				<identifier>	HP_Air_ricochet_4	</identifier>
				<transform>
					<row0>	1.0000 0.0000 0.0000 0.0000	</row0>
					<row1>	0.0000 1.0000 0.0000 0.0000	</row1>
					<row2>	0.0000 0.0000 1.0000 0.0000	</row2>
					<row3>	-0.0482 0.1593 -0.3765 1.0000	</row3>
				</transform>
			</node>
			<node>
				<identifier>	HP_Air_ricochet_5	</identifier>
				<transform>
					<row0>	1.0000 0.0000 0.0000 0.0000	</row0>
					<row1>	0.0000 1.0000 0.0000 0.0000	</row1>
					<row2>	0.0000 0.0000 1.0000 0.0000	</row2>
					<row3>	-0.2765 0.1338 -0.0612 1.0000	</row3>
				</transform>
			</node>
			<node>
				<identifier>	HP_Air_ricochet_6	</identifier>
				<transform>
					<row0>	1.0000 0.0000 0.0000 0.0000	</row0>
					<row1>	0.0000 1.0000 0.0000 0.0000	</row1>
					<row2>	0.0000 0.0000 1.0000 0.0000	</row2>
					<row3>	0.2209 0.1245 -0.0794 1.0000	</row3>
				</transform>
			</node>
			<node>
				<identifier>	HP_Air_ricochet_7	</identifier>
				<transform>
					<row0>	1.0000 0.0000 0.0000 0.0000	</row0>
					<row1>	0.0000 1.0000 0.0000 0.0000	</row1>
					<row2>	0.0000 0.0000 1.0000 0.0000	</row2>
					<row3>	0.0122 0.0973 -0.2101 1.0000	</row3>
				</transform>
			</node>
			<node>
				<identifier>	HP_Air_ricochet_8	</identifier>
				<transform>
					<row0>	1.0000 0.0000 0.0000 0.0000	</row0>
					<row1>	0.0000 1.0000 0.0000 0.0000	</row1>
					<row2>	0.0000 0.0000 1.0000 0.0000	</row2>
					<row3>	-0.0034 0.2177 -0.4144 1.0000	</row3>
				</transform>
			</node>
			<node>
				<identifier>	HP_Air_ricochet_9	</identifier>
				<transform>
					<row0>	1.0000 0.0000 0.0000 0.0000	</row0>
					<row1>	0.0000 1.0000 0.0000 0.0000	</row1>
					<row2>	0.0000 0.0000 1.0000 0.0000	</row2>
					<row3>	0.0048 0.1842 -0.4125 1.0000	</row3>
				</transform>
			</node>
			<node>
				<identifier>	HP_jato_1	</identifier>
				<transform>
					<row0>	0.7071 -0.7071 0.0000 0.0000	</row0>
					<row1>	0.7071 0.7071 0.0000 0.0000	</row1>
					<row2>	0.0000 0.0000 1.0000 0.0000	</row2>
					<row3>	-0.0291 0.1251 -0.2564 1.0000	</row3>
				</transform>
			</node>
			<node>
				<identifier>	HP_jato_2	</identifier>
				<transform>
					<row0>	0.7071 0.7071 0.0000 0.0000	</row0>
					<row1>	-0.7071 0.7071 0.0000 0.0000	</row1>
					<row2>	0.0000 0.0000 1.0000 0.0000	</row2>
					<row3>	0.0291 0.1251 -0.2564 1.0000	</row3>
				</transform>
			</node>
			<node>
				<identifier>	Root_BlendBone	</identifier>
				<transform>
					<row0>	1.0000 0.0000 0.0000 0.0000	</row0>
					<row1>	0.0000 1.0000 0.0000 0.0000	</row1>
					<row2>	0.0000 0.0000 1.0000 0.0000	</row2>
					<row3>	0.0000 0.0000 0.0000 1.0000	</row3>
				</transform>
			</node>
			<node>
				<identifier>	elevator_1	</identifier>
				<transform>
					<row0>	1.0000 0.0000 0.0000 0.0000	</row0>
					<row1>	0.0000 1.0000 0.0000 0.0000	</row1>
					<row2>	0.0000 0.0000 1.0000 0.0000	</row2>
					<row3>	0.0000 0.1556 -0.4264 1.0000	</row3>
				</transform>
				<node>
					<identifier>	elevator_1_BlendBone	</identifier>
					<transform>
						<row0>	1.0000 0.0000 0.0000 0.0000	</row0>
						<row1>	0.0000 1.0000 0.0000 0.0000	</row1>
						<row2>	0.0000 0.0000 1.0000 0.0000	</row2>
						<row3>	0.0000 -0.1556 0.4264 1.0000	</row3>
					</transform>
				</node>
			</node>
			<node>
				<identifier>	l_ailerone_1	</identifier>
				<transform>
					<row0>	0.9649 -0.1964 -0.1743 0.0000	</row0>
					<row1>	0.1995 0.9799 0.0000 0.0000	</row1>
					<row2>	0.1708 -0.0348 0.9847 0.0000	</row2>
					<row3>	-0.3857 0.1404 -0.0935 1.0000	</row3>
				</transform>
				<node>
					<identifier>	l_ailerone_1_BlendBone	</identifier>
					<transform>
						<row0>	0.9649 0.1995 0.1708 0.0000	</row0>
						<row1>	-0.1964 0.9799 -0.0348 0.0000	</row1>
						<row2>	-0.1743 0.0000 0.9847 0.0000	</row2>
						<row3>	0.3834 -0.0606 0.1628 1.0000	</row3>
					</transform>
				</node>
			</node>
			<node>
				<identifier>	l_airbreak_1	</identifier>
				<transform>
					<row0>	0.9657 -0.1738 -0.1928 0.0000	</row0>
					<row1>	0.1771 0.9842 0.0000 0.0000	</row1>
					<row2>	0.1897 -0.0341 0.9812 0.0000	</row2>
					<row3>	-0.1171 0.0991 -0.1401 1.0000	</row3>
				</transform>
				<node>
					<identifier>	l_airbreak_1_BlendBone	</identifier>
					<transform>
						<row0>	0.9657 0.1771 0.1897 0.0000	</row0>
						<row1>	-0.1738 0.9842 -0.0341 0.0000	</row1>
						<row2>	-0.1928 0.0000 0.9812 0.0000	</row2>
						<row3>	0.1033 -0.0768 0.1631 1.0000	</row3>
					</transform>
				</node>
			</node>
			<node>
				<identifier>	l_flaps_1	</identifier>
				<transform>
					<row0>	0.9627 -0.1867 -0.1959 0.0000	</row0>
					<row1>	0.1904 0.9817 0.0000 0.0000	</row1>
					<row2>	0.1924 -0.0373 0.9806 0.0000	</row2>
					<row3>	-0.1131 0.0879 -0.1404 1.0000	</row3>
				</transform>
				<node>
					<identifier>	l_flaps_1_BlendBone	</identifier>
					<transform>
						<row0>	0.9627 0.1904 0.1924 0.0000	</row0>
						<row1>	-0.1867 0.9817 -0.0373 0.0000	</row1>
						<row2>	-0.1959 0.0000 0.9806 0.0000	</row2>
						<row3>	0.0978 -0.0648 0.1627 1.0000	</row3>
					</transform>
				</node>
			</node>
			<node>
				<identifier>	l_flaps_2	</identifier>
				<transform>
					<row0>	1.0000 0.0000 0.0000 0.0000	</row0>
					<row1>	0.0000 1.0000 0.0000 0.0000	</row1>
					<row2>	0.0000 0.0000 1.0000 0.0000	</row2>
					<row3>	0.0000 0.0872 -0.1404 1.0000	</row3>
				</transform>
				<node>
					<identifier>	l_flaps_2_BlendBone	</identifier>
					<transform>
						<row0>	1.0000 0.0000 0.0000 0.0000	</row0>
						<row1>	0.0000 1.0000 0.0000 0.0000	</row1>
						<row2>	0.0000 0.0000 1.0000 0.0000	</row2>
						<row3>	0.0000 -0.0872 0.1404 1.0000	</row3>
					</transform>
				</node>
			</node>
			<node>
				<identifier>	r_ailerone_1	</identifier>
				<transform>
					<row0>	0.9649 0.1964 0.1743 0.0000	</row0>
					<row1>	-0.1995 0.9799 0.0000 0.0000	</row1>
					<row2>	-0.1708 -0.0348 0.9847 0.0000	</row2>
					<row3>	0.3857 0.1404 -0.0935 1.0000	</row3>
				</transform>
				<node>
					<identifier>	r_ailerone_1_BlendBone	</identifier>
					<transform>
						<row0>	0.9649 -0.1995 -0.1708 0.0000	</row0>
						<row1>	0.1964 0.9799 -0.0348 0.0000	</row1>
						<row2>	0.1743 0.0000 0.9847 0.0000	</row2>
						<row3>	-0.3834 -0.0606 0.1628 1.0000	</row3>
					</transform>
				</node>
			</node>
			<node>
				<identifier>	r_airbreak_1	</identifier>
				<transform>
					<row0>	0.9657 0.1738 0.1928 0.0000	</row0>
					<row1>	-0.1771 0.9842 0.0000 0.0000	</row1>
					<row2>	-0.1897 -0.0341 0.9812 0.0000	</row2>
					<row3>	0.1171 0.0991 -0.1401 1.0000	</row3>
				</transform>
				<node>
					<identifier>	r_airbreak_1_BlendBone	</identifier>
					<transform>
						<row0>	0.9657 -0.1771 -0.1897 0.0000	</row0>
						<row1>	0.1738 0.9842 -0.0341 0.0000	</row1>
						<row2>	0.1928 0.0000 0.9812 0.0000	</row2>
						<row3>	-0.1033 -0.0768 0.1631 1.0000	</row3>
					</transform>
				</node>
			</node>
			<node>
				<identifier>	r_flaps_1	</identifier>
				<transform>
					<row0>	0.9627 0.1867 0.1959 0.0000	</row0>
					<row1>	-0.1904 0.9817 0.0000 0.0000	</row1>
					<row2>	-0.1924 -0.0373 0.9806 0.0000	</row2>
					<row3>	0.1131 0.0879 -0.1404 1.0000	</row3>
				</transform>
				<node>
					<identifier>	r_flaps_1_BlendBone	</identifier>
					<transform>
						<row0>	0.9627 -0.1904 -0.1924 0.0000	</row0>
						<row1>	0.1867 0.9817 -0.0373 0.0000	</row1>
						<row2>	0.1959 0.0000 0.9806 0.0000	</row2>
						<row3>	-0.0978 -0.0648 0.1627 1.0000	</row3>
					</transform>
				</node>
			</node>
			<node>
				<identifier>	rudder_1	</identifier>
				<transform>
					<row0>	1.0000 0.0000 0.0000 0.0000	</row0>
					<row1>	0.0000 0.9972 -0.0751 0.0000	</row1>
					<row2>	0.0000 0.0751 0.9972 0.0000	</row2>
					<row3>	0.0000 0.1721 -0.4261 1.0000	</row3>
				</transform>
				<node>
					<identifier>	rudder_1_BlendBone	</identifier>
					<transform>
						<row0>	1.0000 0.0000 0.0000 0.0000	</row0>
						<row1>	0.0000 0.9972 0.0751 0.0000	</row1>
						<row2>	0.0000 -0.0751 0.9972 0.0000	</row2>
						<row3>	0.0000 -0.2036 0.4120 1.0000	</row3>
					</transform>
				</node>
			</node>
		</node>
	</node>
	<renderSet>
		<treatAsWorldSpaceObject>	true	</treatAsWorldSpaceObject>
		<node>	r_airbreak_1_BlendBone	</node>
		<node>	Root_BlendBone	</node>
		<node>	r_flaps_1_BlendBone	</node>
		<node>	l_airbreak_1_BlendBone	</node>
		<node>	r_ailerone_1_BlendBone	</node>
		<node>	l_ailerone_1_BlendBone	</node>
		<node>	l_flaps_2_BlendBone	</node>
		<node>	l_flaps_1_BlendBone	</node>
		<node>	elevator_1_BlendBone	</node>
		<node>	rudder_1_BlendBone	</node>
		<geometry>
			<vertices>	Hull_lod1Shape.vertices	</vertices>
			<primitive>	Hull_lod1Shape.indices	</primitive>
			<primitiveGroup>	0
				<material>
					<identifier>	TL2_SHIPMAT_PBS_Hull_skinned	</identifier>
					<mfm>	PnFMods/ModsSDK.zip/ASB208_Nebraska/aircraft/AAD704_Douglas_SBD2_skinned.mfm	</mfm>
				</material>
			</primitiveGroup>
		</geometry>
	</renderSet>
	<renderSet>
		<treatAsWorldSpaceObject>	false	</treatAsWorldSpaceObject>
		<node>	chassis_off_BlendBone	</node>
		<geometry>
			<vertices>	chassis_off_BlendBone_lod1Shape.vertices	</vertices>
			<primitive>	chassis_off_BlendBone_lod1Shape.indices	</primitive>
			<primitiveGroup>	0
				<material>
					<identifier>	TL2_SHIPMAT_PBS_Other	</identifier>
					<mfm>	PnFMods/ModsSDK.zip/ASB208_Nebraska/aircraft/AAD704_Douglas_SBD2.mfm	</mfm>
				</material>
			</primitiveGroup>
		</geometry>
	</renderSet>
	<renderSet>
		<treatAsWorldSpaceObject>	false	</treatAsWorldSpaceObject>
		<node>	chassis_on_BlendBone	</node>
		<geometry>
			<vertices>	chassis_on_BlendBone_lod1Shape.vertices	</vertices>
			<primitive>	chassis_on_BlendBone_lod1Shape.indices	</primitive>
			<primitiveGroup>	0
				<material>
					<identifier>	TL2_SHIPMAT_PBS_Other	</identifier>
					<mfm>	PnFMods/ModsSDK.zip/ASB208_Nebraska/aircraft/AAD704_Douglas_SBD2.mfm	</mfm>
				</material>
			</primitiveGroup>
		</geometry>
	</renderSet>
	<renderSet>
		<treatAsWorldSpaceObject>	false	</treatAsWorldSpaceObject>
		<node>	disc	</node>
		<geometry>
			<vertices>	disc_lod1Shape.vertices	</vertices>
			<primitive>	disc_lod1Shape.indices	</primitive>
			<primitiveGroup>	0
				<material>
					<identifier>	PROPELLERMAT_propeller	</identifier>
					<mfm>	PnFMods/ModsSDK.zip/ASB208_Nebraska/aircraft/USA_Disk_3Blade_05_alpha.mfm	</mfm>
				</material>
			</primitiveGroup>
		</geometry>
	</renderSet>
	<renderSet>
		<treatAsWorldSpaceObject>	false	</treatAsWorldSpaceObject>
		<node>	hull_wire	</node>
		<geometry>
			<vertices>	hull_wire_lod1Shape.vertices	</vertices>
			<primitive>	hull_wire_lod1Shape.indices	</primitive>
			<primitiveGroup>	0
				<material>
					<identifier>	TL2_SHIPWIRE_PBS_Hull	</identifier>
					<mfm>	PnFMods/ModsSDK.zip/ASB208_Nebraska/aircraft/AAD704_Douglas_SBD2_wire.mfm	</mfm>
				</material>
			</primitiveGroup>
		</geometry>
	</renderSet>
	<renderSet>
		<treatAsWorldSpaceObject>	false	</treatAsWorldSpaceObject>
		<node>	mod	</node>
		<geometry>
			<vertices>	mod_lod1Shape.vertices	</vertices>
			<primitive>	mod_lod1Shape.indices	</primitive>
			<primitiveGroup>	0
				<material>
					<identifier>	TL2_SHIPMAT_PBS_Other	</identifier>
					<mfm>	PnFMods/ModsSDK.zip/ASB208_Nebraska/aircraft/AAD704_Douglas_SBD2.mfm	</mfm>
				</material>
			</primitiveGroup>
		</geometry>
	</renderSet>
	<renderSet>
		<treatAsWorldSpaceObject>	false	</treatAsWorldSpaceObject>
		<node>	pylon_bomb_default_BlendBone	</node>
		<geometry>
			<vertices>	pylon_bomb_default_BlendBone_lod1Shape.vertices	</vertices>
			<primitive>	pylon_bomb_default_BlendBone_lod1Shape.indices	</primitive>
			<primitiveGroup>	0
				<material>
					<identifier>	TL2_SHIPMAT_PBS_Other	</identifier>
					<mfm>	PnFMods/ModsSDK.zip/ASB208_Nebraska/aircraft/AAD704_Douglas_SBD2.mfm	</mfm>
				</material>
			</primitiveGroup>
		</geometry>
	</renderSet>
	<boundingBox>
		<min>	-0.4210 0.0009 -0.4881	</min>
		<max>	0.4210 0.2887 0.1974	</max>
	</boundingBox>
</AAD704_Douglas_SBD2_proto_lod1.visual>
