<JSD017_Kamikaze_1930_MidFront_ports.visual>
	<node>
		<identifier>	Scene Root	</identifier>
		<transform>
			<row0>	1.0000 0.0000 0.0000 0.0000	</row0>
			<row1>	0.0000 1.0000 0.0000 0.0000	</row1>
			<row2>	0.0000 0.0000 1.0000 0.0000	</row2>
			<row3>	0.0000 0.0000 0.0000 1.0000	</row3>
		</transform>
		<node>
			<identifier>	MidFront_ports	</identifier>
			<transform>
				<row0>	1.0000 0.0000 0.0000 0.0000	</row0>
				<row1>	0.0000 1.0000 0.0000 0.0000	</row1>
				<row2>	0.0000 0.0000 1.0000 0.0000	</row2>
				<row3>	0.0000 0.0000 0.0000 1.0000	</row3>
			</transform>
			<node>
				<identifier>	HP_FX_Death_2	</identifier>
				<transform>
					<row0>	1.0000 0.0000 0.0000 0.0000	</row0>
					<row1>	0.0000 1.0000 0.0000 0.0000	</row1>
					<row2>	0.0000 0.0000 1.0000 0.0000	</row2>
					<row3>	0.0000 0.0000 -0.4337 1.0000	</row3>
				</transform>
			</node>
			<node>
				<identifier>	HP_FX_Fire_2	</identifier>
				<transform>
					<row0>	1.0000 0.0000 0.0000 0.0000	</row0>
					<row1>	0.0000 1.0000 0.0000 0.0000	</row1>
					<row2>	0.0000 0.0000 1.0000 0.0000	</row2>
					<row3>	0.0000 0.3589 1.2238 1.0000	</row3>
				</transform>
			</node>
			<node>
				<identifier>	HP_FX_Fire_2_side_1	</identifier>
				<transform>
					<row0>	1.0000 0.0000 0.0000 0.0000	</row0>
					<row1>	0.0000 1.0000 0.0000 0.0000	</row1>
					<row2>	0.0000 0.0000 1.0000 0.0000	</row2>
					<row3>	-0.2136 0.2051 0.5969 1.0000	</row3>
				</transform>
			</node>
			<node>
				<identifier>	HP_FX_Fire_2_side_2	</identifier>
				<transform>
					<row0>	1.0000 0.0000 0.0000 0.0000	</row0>
					<row1>	0.0000 1.0000 0.0000 0.0000	</row1>
					<row2>	0.0000 0.0000 1.0000 0.0000	</row2>
					<row3>	0.2653 0.3601 -0.2757 1.0000	</row3>
				</transform>
			</node>
			<node>
				<identifier>	HP_FX_FloodLight_left_2	</identifier>
				<transform>
					<row0>	-1.0000 0.0000 0.0000 0.0000	</row0>
					<row1>	0.0000 1.0000 0.0000 0.0000	</row1>
					<row2>	0.0000 0.0000 -1.0000 0.0000	</row2>
					<row3>	-0.0780 0.5340 0.9680 1.0000	</row3>
				</transform>
			</node>
			<node>
				<identifier>	HP_FX_FloodLight_right_2	</identifier>
				<transform>
					<row0>	1.0000 0.0000 0.0000 0.0000	</row0>
					<row1>	0.0000 1.0000 0.0000 0.0000	</row1>
					<row2>	0.0000 0.0000 1.0000 0.0000	</row2>
					<row3>	0.0780 0.5280 0.9660 1.0000	</row3>
				</transform>
			</node>
			<node>
				<identifier>	HP_FX_Flood_steam_1	</identifier>
				<transform>
					<row0>	1.0000 0.0000 0.0000 0.0000	</row0>
					<row1>	0.0000 0.9630 -0.2696 0.0000	</row1>
					<row2>	0.0000 0.2696 0.9630 0.0000	</row2>
					<row3>	0.0480 0.5920 0.8090 1.0000	</row3>
				</transform>
			</node>
			<node>
				<identifier>	HP_FX_Flood_steam_2	</identifier>
				<transform>
					<row0>	1.0000 0.0000 0.0000 0.0000	</row0>
					<row1>	0.0000 0.9620 -0.2730 0.0000	</row1>
					<row2>	0.0000 0.2730 0.9620 0.0000	</row2>
					<row3>	-0.0040 0.6720 -0.1171 1.0000	</row3>
				</transform>
			</node>
			<node>
				<identifier>	HP_FX_Flood_steam_exhaust_1	</identifier>
				<transform>
					<row0>	1.0000 0.0000 0.0000 0.0000	</row0>
					<row1>	0.0000 1.0000 0.0000 0.0000	</row1>
					<row2>	0.0000 0.0000 1.0000 0.0000	</row2>
					<row3>	0.0510 0.6344 1.0702 1.0000	</row3>
				</transform>
			</node>
			<node>
				<identifier>	HP_FX_Flood_steam_exhaust_2	</identifier>
				<transform>
					<row0>	1.0000 0.0000 0.0000 0.0000	</row0>
					<row1>	0.0000 1.0000 0.0000 0.0000	</row1>
					<row2>	0.0000 0.0000 1.0000 0.0000	</row2>
					<row3>	0.0020 0.6784 0.1420 1.0000	</row3>
				</transform>
			</node>
			<node>
				<identifier>	HP_FX_Flood_steam_left	</identifier>
				<transform>
					<row0>	-1.0000 0.0000 0.0000 0.0000	</row0>
					<row1>	0.0000 1.0000 0.0000 0.0000	</row1>
					<row2>	0.0000 0.0000 -1.0000 0.0000	</row2>
					<row3>	-0.2840 0.1530 1.7500 1.0000	</row3>
				</transform>
			</node>
			<node>
				<identifier>	HP_FX_Flood_water_left	</identifier>
				<transform>
					<row0>	-1.0000 0.0000 0.0000 0.0000	</row0>
					<row1>	0.0000 1.0000 0.0000 0.0000	</row1>
					<row2>	0.0000 0.0000 -1.0000 0.0000	</row2>
					<row3>	-0.2996 0.0939 -1.0771 1.0000	</row3>
				</transform>
			</node>
			<node>
				<identifier>	HP_FX_Flood_water_left_2	</identifier>
				<transform>
					<row0>	-1.0000 0.0000 0.0000 0.0000	</row0>
					<row1>	0.0000 1.0000 0.0000 0.0000	</row1>
					<row2>	0.0000 0.0000 -1.0000 0.0000	</row2>
					<row3>	-0.2968 0.0865 0.4827 1.0000	</row3>
				</transform>
			</node>
			<node>
				<identifier>	HP_FX_Flood_water_right	</identifier>
				<transform>
					<row0>	1.0000 0.0000 0.0000 0.0000	</row0>
					<row1>	0.0000 1.0000 0.0000 0.0000	</row1>
					<row2>	0.0000 0.0000 1.0000 0.0000	</row2>
					<row3>	0.2978 0.0910 -1.0759 1.0000	</row3>
				</transform>
			</node>
			<node>
				<identifier>	HP_FX_Flood_water_right_2	</identifier>
				<transform>
					<row0>	1.0000 0.0000 0.0000 0.0000	</row0>
					<row1>	0.0000 1.0000 0.0000 0.0000	</row1>
					<row2>	0.0000 0.0000 1.0000 0.0000	</row2>
					<row3>	0.2968 0.0889 0.4835 1.0000	</row3>
				</transform>
			</node>
			<node>
				<identifier>	HP_FX_Smoke_1	</identifier>
				<transform>
					<row0>	1.0000 0.0000 0.0000 0.0000	</row0>
					<row1>	0.0000 0.9974 -0.0726 0.0000	</row1>
					<row2>	0.0000 0.0726 0.9974 0.0000	</row2>
					<row3>	0.0000 0.6648 0.9513 1.0000	</row3>
				</transform>
			</node>
			<node>
				<identifier>	HP_FX_Smoke_2	</identifier>
				<transform>
					<row0>	1.0000 0.0000 0.0000 0.0000	</row0>
					<row1>	0.0000 0.9985 -0.0547 0.0000	</row1>
					<row2>	0.0000 0.0547 0.9985 0.0000	</row2>
					<row3>	0.0000 0.6368 0.0338 1.0000	</row3>
				</transform>
			</node>
			<node>
				<identifier>	HP_JF_1	</identifier>
				<transform>
					<row0>	1.0000 0.0000 0.0000 0.0000	</row0>
					<row1>	0.0000 1.0000 0.0000 0.0000	</row1>
					<row2>	0.0000 0.0000 1.0000 0.0000	</row2>
					<row3>	0.0000 0.6237 1.4434 1.0000	</row3>
				</transform>
			</node>
			<node>
				<identifier>	HP_JF_2	</identifier>
				<transform>
					<row0>	1.0000 0.0000 0.0000 0.0000	</row0>
					<row1>	0.0000 1.0000 0.0000 0.0000	</row1>
					<row2>	0.0000 0.0000 1.0000 0.0000	</row2>
					<row3>	0.0000 0.6410 1.3433 1.0000	</row3>
				</transform>
			</node>
			<node>
				<identifier>	HP_JGA_1	</identifier>
				<transform>
					<row0>	0.7071 0.0000 0.7071 0.0000	</row0>
					<row1>	0.0000 1.0000 0.0000 0.0000	</row1>
					<row2>	-0.7071 0.0000 0.7071 0.0000	</row2>
					<row3>	-0.2001 0.3383 1.5650 1.0000	</row3>
				</transform>
			</node>
			<node>
				<identifier>	HP_JGA_2	</identifier>
				<transform>
					<row0>	0.7071 0.0000 -0.7071 0.0000	</row0>
					<row1>	0.0000 1.0000 0.0000 0.0000	</row1>
					<row2>	0.7071 0.0000 0.7071 0.0000	</row2>
					<row3>	0.1998 0.3383 1.5650 1.0000	</row3>
				</transform>
			</node>
			<node>
				<identifier>	HP_JGM_2	</identifier>
				<transform>
					<row0>	1.0000 0.0000 0.0000 0.0000	</row0>
					<row1>	0.0000 1.0000 0.0000 0.0000	</row1>
					<row2>	0.0000 0.0000 1.0000 0.0000	</row2>
					<row3>	0.0000 0.3484 0.5104 1.0000	</row3>
				</transform>
			</node>
			<node>
				<identifier>	HP_JGT_2	</identifier>
				<transform>
					<row0>	1.0000 0.0000 0.0000 0.0000	</row0>
					<row1>	0.0000 1.0000 0.0000 0.0000	</row1>
					<row2>	0.0000 0.0000 1.0000 0.0000	</row2>
					<row3>	0.0000 0.2313 -0.8039 1.0000	</row3>
				</transform>
			</node>
			<node>
				<identifier>	HP_flag_1	</identifier>
				<transform>
					<row0>	0.9871 -0.1602 -0.0061 0.0000	</row0>
					<row1>	0.1602 0.9842 0.0756 0.0000	</row1>
					<row2>	-0.0061 -0.0756 0.9971 0.0000	</row2>
					<row3>	0.1968 1.0916 1.2501 1.0000	</row3>
				</transform>
			</node>
			<node>
				<identifier>	HP_flag_2	</identifier>
				<transform>
					<row0>	0.9732 0.2300 0.0087 0.0000	</row0>
					<row1>	-0.2300 0.9703 0.0746 0.0000	</row1>
					<row2>	0.0087 -0.0746 0.9972 0.0000	</row2>
					<row3>	-0.1939 1.0842 1.2495 1.0000	</row3>
				</transform>
			</node>
			<node>
				<identifier>	HP_flag_3	</identifier>
				<transform>
					<row0>	1.0000 0.0098 0.0004 0.0000	</row0>
					<row1>	-0.0098 0.9970 0.0765 0.0000	</row1>
					<row2>	0.0004 -0.0765 0.9971 0.0000	</row2>
					<row3>	0.0876 1.0909 1.2500 1.0000	</row3>
				</transform>
			</node>
			<node>
				<identifier>	HP_flag_4	</identifier>
				<transform>
					<row0>	0.9986 0.0524 0.0020 0.0000	</row0>
					<row1>	-0.0524 0.9957 0.0764 0.0000	</row1>
					<row2>	0.0020 -0.0764 0.9971 0.0000	</row2>
					<row3>	-0.0866 1.0906 1.2500 1.0000	</row3>
				</transform>
			</node>
			<node>
				<identifier>	HP_flag_courtesy	</identifier>
				<transform>
					<row0>	1.0000 -0.0058 0.0001 0.0000	</row0>
					<row1>	0.0058 0.9987 -0.0516 0.0000	</row1>
					<row2>	0.0001 0.0516 0.9987 0.0000	</row2>
					<row3>	0.1040 1.3575 1.1682 1.0000	</row3>
				</transform>
			</node>
			<node>
				<identifier>	HP_flag_house	</identifier>
				<transform>
					<row0>	0.9980 0.0634 -0.0016 0.0000	</row0>
					<row1>	-0.0634 0.9967 -0.0512 0.0000	</row1>
					<row2>	-0.0016 0.0512 0.9987 0.0000	</row2>
					<row3>	-0.1036 1.3575 1.1682 1.0000	</row3>
				</transform>
			</node>
			<node>
				<identifier>	HP_flag_rank	</identifier>
				<transform>
					<row0>	1.0000 0.0000 0.0000 0.0000	</row0>
					<row1>	0.0000 0.9970 -0.0776 0.0000	</row1>
					<row2>	0.0000 0.0776 0.9970 0.0000	</row2>
					<row3>	-0.0003 1.7911 1.1779 1.0000	</row3>
				</transform>
			</node>
			<node>
				<identifier>	MP_CM008_Life_Buoy_1	</identifier>
				<transform>
					<row0>	0.0000 0.0000 1.0000 0.0000	</row0>
					<row1>	0.0000 1.0000 0.0000 0.0000	</row1>
					<row2>	-1.0000 0.0000 0.0000 0.0000	</row2>
					<row3>	-0.1210 0.5505 1.3353 1.0000	</row3>
				</transform>
			</node>
			<node>
				<identifier>	MP_CM008_Life_Buoy_1_INDEX_1	</identifier>
				<transform>
					<row0>	0.0000 0.0000 1.0000 0.0000	</row0>
					<row1>	0.0000 1.0000 0.0000 0.0000	</row1>
					<row2>	-1.0000 0.0000 0.0000 0.0000	</row2>
					<row3>	0.1211 0.5523 1.3354 1.0000	</row3>
				</transform>
			</node>
			<node>
				<identifier>	MP_CM008_Life_Buoy_1_INDEX_2	</identifier>
				<transform>
					<row0>	0.0000 0.0000 1.0000 0.0000	</row0>
					<row1>	0.0000 1.0000 0.0000 0.0000	</row1>
					<row2>	-1.0000 0.0000 0.0000 0.0000	</row2>
					<row3>	0.0893 0.2620 0.4650 1.0000	</row3>
				</transform>
			</node>
			<node>
				<identifier>	MP_CM008_Life_Buoy_1_INDEX_3	</identifier>
				<transform>
					<row0>	0.0000 0.0000 -1.0000 0.0000	</row0>
					<row1>	0.0000 1.0000 0.0000 0.0000	</row1>
					<row2>	1.0000 0.0000 0.0000 0.0000	</row2>
					<row3>	-0.0892 0.2837 0.3741 1.0000	</row3>
				</transform>
			</node>
			<node>
				<identifier>	MP_CM011_Fire_Fighting_Gear	</identifier>
				<transform>
					<row0>	1.0000 0.0000 0.0000 0.0000	</row0>
					<row1>	0.0000 1.0000 0.0000 0.0000	</row1>
					<row2>	0.0000 0.0000 1.0000 0.0000	</row2>
					<row3>	0.0904 0.2006 0.5680 1.0000	</row3>
				</transform>
			</node>
			<node>
				<identifier>	MP_CM011_Fire_Fighting_Gear_INDEX_1	</identifier>
				<transform>
					<row0>	1.0000 0.0000 0.0000 0.0000	</row0>
					<row1>	0.0000 1.0000 0.0000 0.0000	</row1>
					<row2>	0.0000 0.0000 1.0000 0.0000	</row2>
					<row3>	-0.0930 0.2007 0.5850 1.0000	</row3>
				</transform>
			</node>
			<node>
				<identifier>	MP_CM012_Fire_Hose_Rack_1	</identifier>
				<transform>
					<row0>	1.0000 0.0000 0.0000 0.0000	</row0>
					<row1>	0.0000 1.0000 0.0000 0.0000	</row1>
					<row2>	0.0000 0.0000 1.0000 0.0000	</row2>
					<row3>	-0.0822 0.2607 0.4875 1.0000	</row3>
				</transform>
			</node>
			<node>
				<identifier>	MP_CM012_Fire_Hose_Rack_1_INDEX_1	</identifier>
				<transform>
					<row0>	-1.0000 0.0000 0.0000 0.0000	</row0>
					<row1>	0.0000 1.0000 0.0000 0.0000	</row1>
					<row2>	0.0000 0.0000 -1.0000 0.0000	</row2>
					<row3>	0.0818 0.2839 0.5789 1.0000	</row3>
				</transform>
			</node>
			<node>
				<identifier>	MP_CM019_Wood_Box_2	</identifier>
				<transform>
					<row0>	1.0000 0.0000 0.0000 0.0000	</row0>
					<row1>	0.0000 1.0000 0.0000 0.0000	</row1>
					<row2>	0.0000 0.0000 1.0000 0.0000	</row2>
					<row3>	-0.0945 0.2005 0.4792 1.0000	</row3>
				</transform>
			</node>
			<node>
				<identifier>	MP_CM029_Emergency_Box	</identifier>
				<transform>
					<row0>	0.5869 0.0087 0.8096 0.0000	</row0>
					<row1>	-0.0157 0.9999 0.0007 0.0000	</row1>
					<row2>	-0.8095 -0.0131 0.5870 0.0000	</row2>
					<row3>	-0.1948 0.5343 1.5054 1.0000	</row3>
				</transform>
			</node>
			<node>
				<identifier>	MP_CM029_Emergency_Box_INDEX_1	</identifier>
				<transform>
					<row0>	0.0000 0.0000 1.0000 0.0000	</row0>
					<row1>	0.0000 1.0000 0.0000 0.0000	</row1>
					<row2>	-1.0000 0.0000 0.0000 0.0000	</row2>
					<row3>	0.0860 0.2934 -0.4326 1.0000	</row3>
				</transform>
			</node>
			<node>
				<identifier>	MP_CM029_Emergency_Box_INDEX_2	</identifier>
				<transform>
					<row0>	0.0000 0.0000 1.0000 0.0000	</row0>
					<row1>	0.0000 1.0000 0.0000 0.0000	</row1>
					<row2>	-1.0000 0.0000 0.0000 0.0000	</row2>
					<row3>	0.0604 0.5337 1.4347 1.0000	</row3>
				</transform>
			</node>
			<node>
				<identifier>	MP_CM029_Emergency_Box_INDEX_3	</identifier>
				<transform>
					<row0>	0.5906 -0.0113 -0.8069 0.0000	</row0>
					<row1>	0.0249 0.9997 0.0043 0.0000	</row1>
					<row2>	0.8066 -0.0226 0.5907 0.0000	</row2>
					<row3>	0.1947 0.5344 1.5053 1.0000	</row3>
				</transform>
			</node>
			<node>
				<identifier>	MP_CM029_Emergency_Box_INDEX_4	</identifier>
				<transform>
					<row0>	0.0000 0.0000 -1.0000 0.0000	</row0>
					<row1>	0.0000 1.0000 0.0000 0.0000	</row1>
					<row2>	1.0000 0.0000 0.0000 0.0000	</row2>
					<row3>	-0.0876 0.2705 0.5212 1.0000	</row3>
				</transform>
			</node>
			<node>
				<identifier>	MP_CM030_Swab_Rack_2	</identifier>
				<transform>
					<row0>	0.0000 0.0000 -1.0000 0.0000	</row0>
					<row1>	0.0000 1.0000 0.0000 0.0000	</row1>
					<row2>	1.0000 0.0000 0.0000 0.0000	</row2>
					<row3>	0.0815 0.1958 0.5226 1.0000	</row3>
				</transform>
			</node>
			<node>
				<identifier>	MP_CM057_Accommodation_Ladder_Closed	</identifier>
				<transform>
					<row0>	0.0000 0.8000 -0.0032 0.0000	</row0>
					<row1>	1.0000 0.0000 0.0000 0.0000	</row1>
					<row2>	0.0000 -0.0040 -1.0000 0.0000	</row2>
					<row3>	0.0909 0.2351 1.1254 1.0000	</row3>
				</transform>
			</node>
			<node>
				<identifier>	MP_CM057_Accommodation_Ladder_Closed_INDEX_1	</identifier>
				<transform>
					<row0>	0.0000 -0.8000 0.0032 0.0000	</row0>
					<row1>	-1.0000 0.0000 0.0000 0.0000	</row1>
					<row2>	0.0000 -0.0040 -1.0000 0.0000	</row2>
					<row3>	-0.0909 0.2351 1.1254 1.0000	</row3>
				</transform>
			</node>
			<node>
				<identifier>	MP_CM060_Flag_Box	</identifier>
				<transform>
					<row0>	1.0000 0.0000 0.0000 0.0000	</row0>
					<row1>	0.0000 1.0000 0.0000 0.0000	</row1>
					<row2>	0.0000 0.0000 1.0000 0.0000	</row2>
					<row3>	0.0450 0.5224 1.2049 1.0000	</row3>
				</transform>
			</node>
			<node>
				<identifier>	MP_JM010_Deck_Lamp	</identifier>
				<transform>
					<row0>	0.0000 0.0000 1.0000 0.0000	</row0>
					<row1>	0.0000 1.0000 0.0000 0.0000	</row1>
					<row2>	-1.0000 0.0000 0.0000 0.0000	</row2>
					<row3>	-0.0764 0.6608 1.3344 1.0000	</row3>
				</transform>
			</node>
			<node>
				<identifier>	MP_JM010_Deck_Lamp_INDEX_1	</identifier>
				<transform>
					<row0>	0.0000 0.0000 -1.0000 0.0000	</row0>
					<row1>	0.0000 1.0000 0.0000 0.0000	</row1>
					<row2>	1.0000 0.0000 0.0000 0.0000	</row2>
					<row3>	0.0764 0.6608 1.3344 1.0000	</row3>
				</transform>
			</node>
			<node>
				<identifier>	MP_JM019_Ventilators_3	</identifier>
				<transform>
					<row0>	1.0000 0.0000 0.0000 0.0000	</row0>
					<row1>	0.0000 1.0000 0.0000 0.0000	</row1>
					<row2>	0.0000 0.0000 1.0000 0.0000	</row2>
					<row3>	0.1085 0.1884 -0.4228 1.0000	</row3>
				</transform>
			</node>
			<node>
				<identifier>	MP_JM019_Ventilators_3_INDEX_1	</identifier>
				<transform>
					<row0>	1.0000 0.0000 0.0000 0.0000	</row0>
					<row1>	0.0000 1.0000 0.0000 0.0000	</row1>
					<row2>	0.0000 0.0000 1.0000 0.0000	</row2>
					<row3>	-0.1142 0.1884 -0.4228 1.0000	</row3>
				</transform>
			</node>
			<node>
				<identifier>	MP_JM019_Ventilators_3_INDEX_2	</identifier>
				<transform>
					<row0>	0.7500 0.0000 0.0000 0.0000	</row0>
					<row1>	0.0000 0.7500 0.0000 0.0000	</row1>
					<row2>	0.0000 0.0000 0.7500 0.0000	</row2>
					<row3>	0.0642 0.3305 0.3244 1.0000	</row3>
				</transform>
			</node>
			<node>
				<identifier>	MP_JM024_Ventilators_8	</identifier>
				<transform>
					<row0>	1.0000 0.0000 0.0000 0.0000	</row0>
					<row1>	0.0000 1.0000 0.0000 0.0000	</row1>
					<row2>	0.0000 0.0000 1.0000 0.0000	</row2>
					<row3>	-0.0988 0.1857 -0.9924 1.0000	</row3>
				</transform>
			</node>
			<node>
				<identifier>	MP_JM024_Ventilators_8_INDEX_1	</identifier>
				<transform>
					<row0>	0.7500 0.0000 0.0000 0.0000	</row0>
					<row1>	0.0000 0.7500 0.0000 0.0000	</row1>
					<row2>	0.0000 0.0000 0.7500 0.0000	</row2>
					<row3>	-0.2699 0.1954 0.6033 1.0000	</row3>
				</transform>
			</node>
			<node>
				<identifier>	MP_JM024_Ventilators_8_INDEX_2	</identifier>
				<transform>
					<row0>	1.0000 0.0000 0.0000 0.0000	</row0>
					<row1>	0.0000 1.0000 0.0000 0.0000	</row1>
					<row2>	0.0000 0.0000 1.0000 0.0000	</row2>
					<row3>	0.1059 0.1859 -0.6252 1.0000	</row3>
				</transform>
			</node>
			<node>
				<identifier>	MP_JM024_Ventilators_8_INDEX_3	</identifier>
				<transform>
					<row0>	0.7500 0.0000 0.0000 0.0000	</row0>
					<row1>	0.0000 0.7500 0.0000 0.0000	</row1>
					<row2>	0.0000 0.0000 0.7500 0.0000	</row2>
					<row3>	0.2699 0.1954 0.6033 1.0000	</row3>
				</transform>
			</node>
			<node>
				<identifier>	MP_JM030_Wind_Direction	</identifier>
				<transform>
					<row0>	0.7000 0.0000 0.0000 0.0000	</row0>
					<row1>	0.0000 0.7000 0.0000 0.0000	</row1>
					<row2>	0.0000 0.0000 0.7000 0.0000	</row2>
					<row3>	0.0000 1.8003 1.1803 1.0000	</row3>
				</transform>
			</node>
			<node>
				<identifier>	MP_JM052_Deck_Hatch_1	</identifier>
				<transform>
					<row0>	1.0000 0.0000 0.0000 0.0000	</row0>
					<row1>	0.0000 1.0000 0.0000 0.0000	</row1>
					<row2>	0.0000 0.0000 1.0000 0.0000	</row2>
					<row3>	0.0000 0.3473 0.3453 1.0000	</row3>
				</transform>
			</node>
			<node>
				<identifier>	MP_JM052_Deck_Hatch_1_INDEX_1	</identifier>
				<transform>
					<row0>	1.0000 0.0000 0.0000 0.0000	</row0>
					<row1>	0.0000 1.0000 0.0000 0.0000	</row1>
					<row2>	0.0000 0.0000 1.0000 0.0000	</row2>
					<row3>	0.0000 0.3388 -0.1996 1.0000	</row3>
				</transform>
			</node>
			<node>
				<identifier>	MP_JM058_Deck_Hatch_7	</identifier>
				<transform>
					<row0>	0.0000 0.0000 -1.0000 0.0000	</row0>
					<row1>	0.0000 1.0000 0.0000 0.0000	</row1>
					<row2>	1.0000 0.0000 0.0000 0.0000	</row2>
					<row3>	-0.1034 0.3374 1.4496 1.0000	</row3>
				</transform>
			</node>
			<node>
				<identifier>	MP_JM058_Deck_Hatch_7_INDEX_1	</identifier>
				<transform>
					<row0>	0.0000 0.0000 1.0000 0.0000	</row0>
					<row1>	0.0000 1.0000 0.0000 0.0000	</row1>
					<row2>	-1.0000 0.0000 0.0000 0.0000	</row2>
					<row3>	0.1029 0.3373 1.4460 1.0000	</row3>
				</transform>
			</node>
			<node>
				<identifier>	MP_JM059_Deck_Hatch_8	</identifier>
				<transform>
					<row0>	1.0000 0.0000 0.0000 0.0000	</row0>
					<row1>	0.0000 1.0000 0.0000 0.0000	</row1>
					<row2>	0.0000 0.0000 1.0000 0.0000	</row2>
					<row3>	0.0000 0.3473 0.6911 1.0000	</row3>
				</transform>
			</node>
			<node>
				<identifier>	MP_JM072_Crane_Small_1	</identifier>
				<transform>
					<row0>	0.0000 0.0000 1.0000 0.0000	</row0>
					<row1>	0.0000 1.0000 0.0000 0.0000	</row1>
					<row2>	-1.0000 0.0000 0.0000 0.0000	</row2>
					<row3>	-0.2550 0.2002 0.0659 1.0000	</row3>
				</transform>
			</node>
			<node>
				<identifier>	MP_JM072_Crane_Small_1_INDEX_1	</identifier>
				<transform>
					<row0>	0.0000 0.0000 1.0000 0.0000	</row0>
					<row1>	0.0000 1.0000 0.0000 0.0000	</row1>
					<row2>	-1.0000 0.0000 0.0000 0.0000	</row2>
					<row3>	0.2550 0.2002 0.0659 1.0000	</row3>
				</transform>
			</node>
			<node>
				<identifier>	MP_JM092_Running_Lights_R	</identifier>
				<transform>
					<row0>	1.0000 0.0000 0.0000 0.0000	</row0>
					<row1>	0.0000 1.0000 0.0000 0.0000	</row1>
					<row2>	0.0000 0.0000 1.0000 0.0000	</row2>
					<row3>	0.2308 0.5042 1.3979 1.0000	</row3>
				</transform>
			</node>
			<node>
				<identifier>	MP_JM093_Running_Lights_L	</identifier>
				<transform>
					<row0>	1.0000 0.0000 0.0000 0.0000	</row0>
					<row1>	0.0000 1.0000 0.0000 0.0000	</row1>
					<row2>	0.0000 0.0000 1.0000 0.0000	</row2>
					<row3>	-0.2277 0.5043 1.3970 1.0000	</row3>
				</transform>
			</node>
			<node>
				<identifier>	MP_JM107_Binocular_2	</identifier>
				<transform>
					<row0>	0.0000 0.0000 1.0000 0.0000	</row0>
					<row1>	0.0000 1.0000 0.0000 0.0000	</row1>
					<row2>	-1.0000 0.0000 0.0000 0.0000	</row2>
					<row3>	-0.0571 0.4868 1.6766 1.0000	</row3>
				</transform>
			</node>
			<node>
				<identifier>	MP_JM107_Binocular_2_INDEX_1	</identifier>
				<transform>
					<row0>	0.0000 0.0000 1.0000 0.0000	</row0>
					<row1>	0.0000 1.0000 0.0000 0.0000	</row1>
					<row2>	-1.0000 0.0000 0.0000 0.0000	</row2>
					<row3>	0.0571 0.4868 1.6766 1.0000	</row3>
				</transform>
			</node>
			<node>
				<identifier>	MP_JM107_Binocular_2_INDEX_2	</identifier>
				<transform>
					<row0>	1.0000 0.0000 0.0000 0.0000	</row0>
					<row1>	0.0000 1.0000 0.0000 0.0000	</row1>
					<row2>	0.0000 0.0000 1.0000 0.0000	</row2>
					<row3>	0.1862 0.4871 1.4411 1.0000	</row3>
				</transform>
			</node>
			<node>
				<identifier>	MP_JM107_Binocular_2_INDEX_3	</identifier>
				<transform>
					<row0>	-1.0000 0.0000 0.0000 0.0000	</row0>
					<row1>	0.0000 1.0000 0.0000 0.0000	</row1>
					<row2>	0.0000 0.0000 -1.0000 0.0000	</row2>
					<row3>	-0.1862 0.4870 1.4411 1.0000	</row3>
				</transform>
			</node>
			<node>
				<identifier>	MP_JM120_Cutter_6m	</identifier>
				<transform>
					<row0>	0.9962 0.0000 -0.0870 0.0000	</row0>
					<row1>	0.0000 1.0000 0.0000 0.0000	</row1>
					<row2>	0.0870 0.0000 0.9962 0.0000	</row2>
					<row3>	-0.2102 0.3448 1.2184 1.0000	</row3>
				</transform>
			</node>
			<node>
				<identifier>	MP_JM120_Cutter_6m_INDEX_1	</identifier>
				<transform>
					<row0>	1.0000 0.0000 0.0000 0.0000	</row0>
					<row1>	0.0000 1.0000 0.0000 0.0000	</row1>
					<row2>	0.0000 0.0000 1.0000 0.0000	</row2>
					<row3>	-0.2589 0.2869 -0.3232 1.0000	</row3>
				</transform>
			</node>
			<node>
				<identifier>	MP_JM120_Cutter_6m_INDEX_2	</identifier>
				<transform>
					<row0>	0.9962 0.0000 0.0871 0.0000	</row0>
					<row1>	0.0000 1.0000 0.0000 0.0000	</row1>
					<row2>	-0.0871 0.0000 0.9962 0.0000	</row2>
					<row3>	0.2102 0.3448 1.2184 1.0000	</row3>
				</transform>
			</node>
			<node>
				<identifier>	MP_JM120_Cutter_6m_INDEX_3	</identifier>
				<transform>
					<row0>	1.0000 0.0000 0.0000 0.0000	</row0>
					<row1>	0.0000 1.0000 0.0000 0.0000	</row1>
					<row2>	0.0000 0.0000 1.0000 0.0000	</row2>
					<row3>	0.2589 0.2869 -0.3232 1.0000	</row3>
				</transform>
			</node>
			<node>
				<identifier>	MP_JM125_Signal_Lamp_3	</identifier>
				<transform>
					<row0>	1.0000 0.0000 0.0000 0.0000	</row0>
					<row1>	0.0000 1.0000 0.0000 0.0000	</row1>
					<row2>	0.0000 0.0000 1.0000 0.0000	</row2>
					<row3>	0.0000 1.1219 1.3006 1.0000	</row3>
				</transform>
			</node>
			<node>
				<identifier>	MP_JM127_Ventilators_11	</identifier>
				<transform>
					<row0>	0.7000 0.0000 0.0000 0.0000	</row0>
					<row1>	0.0000 0.7000 0.0000 0.0000	</row1>
					<row2>	0.0000 0.0000 0.7000 0.0000	</row2>
					<row3>	0.2541 0.1994 1.5981 1.0000	</row3>
				</transform>
			</node>
			<node>
				<identifier>	MP_JM146_Searchlight_900mm	</identifier>
				<transform>
					<row0>	-1.0000 0.0000 0.0000 0.0000	</row0>
					<row1>	0.0000 1.0000 0.0000 0.0000	</row1>
					<row2>	0.0000 0.0000 -1.0000 0.0000	</row2>
					<row3>	-0.0010 0.3844 -0.4577 1.0000	</row3>
				</transform>
			</node>
			<node>
				<identifier>	MP_JM158_Main_Wheel	</identifier>
				<transform>
					<row0>	1.0000 0.0000 0.0000 0.0000	</row0>
					<row1>	0.0000 1.0000 0.0000 0.0000	</row1>
					<row2>	0.0000 0.0000 1.0000 0.0000	</row2>
					<row3>	0.0000 0.4867 1.6163 1.0000	</row3>
				</transform>
			</node>
			<node>
				<identifier>	MP_JM158_Main_Wheel_INDEX_1	</identifier>
				<transform>
					<row0>	1.0000 0.0000 0.0000 0.0000	</row0>
					<row1>	0.0000 1.0000 0.0000 0.0000	</row1>
					<row2>	0.0000 0.0000 1.0000 0.0000	</row2>
					<row3>	-0.0003 0.3843 -0.3368 1.0000	</row3>
				</transform>
			</node>
			<node>
				<identifier>	MP_JM161_Ventilation	</identifier>
				<transform>
					<row0>	0.5880 0.0000 0.0000 0.0000	</row0>
					<row1>	0.0000 0.5880 0.0000 0.0000	</row1>
					<row2>	0.0000 0.0000 0.5880 0.0000	</row2>
					<row3>	0.2616 0.1995 0.3394 1.0000	</row3>
				</transform>
			</node>
			<node>
				<identifier>	MP_JM161_Ventilation_INDEX_1	</identifier>
				<transform>
					<row0>	0.5880 0.0000 0.0000 0.0000	</row0>
					<row1>	0.0000 0.5880 0.0000 0.0000	</row1>
					<row2>	0.0000 0.0000 0.5880 0.0000	</row2>
					<row3>	-0.2616 0.1988 0.3394 1.0000	</row3>
				</transform>
			</node>
			<node>
				<identifier>	MP_JM166_Voice_Tube	</identifier>
				<transform>
					<row0>	0.0000 0.0000 -1.0000 0.0000	</row0>
					<row1>	0.0000 1.0000 0.0000 0.0000	</row1>
					<row2>	1.0000 0.0000 0.0000 0.0000	</row2>
					<row3>	0.1845 0.4866 1.4174 1.0000	</row3>
				</transform>
			</node>
			<node>
				<identifier>	MP_JM166_Voice_Tube_INDEX_1	</identifier>
				<transform>
					<row0>	1.0000 0.0000 0.0000 0.0000	</row0>
					<row1>	0.0000 1.0000 0.0000 0.0000	</row1>
					<row2>	0.0000 0.0000 1.0000 0.0000	</row2>
					<row3>	0.0673 0.4862 1.6049 1.0000	</row3>
				</transform>
			</node>
			<node>
				<identifier>	MP_JM166_Voice_Tube_INDEX_2	</identifier>
				<transform>
					<row0>	0.0000 0.0000 -1.0000 0.0000	</row0>
					<row1>	0.0000 1.0000 0.0000 0.0000	</row1>
					<row2>	1.0000 0.0000 0.0000 0.0000	</row2>
					<row3>	0.0536 0.6233 1.3969 1.0000	</row3>
				</transform>
			</node>
			<node>
				<identifier>	MP_JM166_Voice_Tube_INDEX_3	</identifier>
				<transform>
					<row0>	1.0000 0.0000 0.0000 0.0000	</row0>
					<row1>	0.0000 1.0000 0.0000 0.0000	</row1>
					<row2>	0.0000 0.0000 1.0000 0.0000	</row2>
					<row3>	-0.0112 0.4869 1.5219 1.0000	</row3>
				</transform>
			</node>
			<node>
				<identifier>	MP_JM166_Voice_Tube_INDEX_4	</identifier>
				<transform>
					<row0>	0.0000 0.0000 1.0000 0.0000	</row0>
					<row1>	0.0000 1.0000 0.0000 0.0000	</row1>
					<row2>	-1.0000 0.0000 0.0000 0.0000	</row2>
					<row3>	-0.1846 0.4866 1.4174 1.0000	</row3>
				</transform>
			</node>
			<node>
				<identifier>	MP_JM166_Voice_Tube_INDEX_5	</identifier>
				<transform>
					<row0>	1.0000 0.0000 0.0000 0.0000	</row0>
					<row1>	0.0000 1.0000 0.0000 0.0000	</row1>
					<row2>	0.0000 0.0000 1.0000 0.0000	</row2>
					<row3>	0.0204 0.3841 -0.3200 1.0000	</row3>
				</transform>
			</node>
			<node>
				<identifier>	MP_JM183_Table	</identifier>
				<transform>
					<row0>	1.0000 0.0000 0.0000 0.0000	</row0>
					<row1>	0.0000 1.0000 0.0000 0.0000	</row1>
					<row2>	0.0000 0.0000 1.0000 0.0000	</row2>
					<row3>	0.0485 0.4850 1.5306 1.0000	</row3>
				</transform>
			</node>
			<node>
				<identifier>	MP_JM189_Compass_Binnacle	</identifier>
				<transform>
					<row0>	1.0000 0.0000 0.0000 0.0000	</row0>
					<row1>	0.0000 1.0000 0.0000 0.0000	</row1>
					<row2>	0.0000 0.0000 1.0000 0.0000	</row2>
					<row3>	0.0000 0.3845 -0.3063 1.0000	</row3>
				</transform>
			</node>
			<node>
				<identifier>	MP_JM189_Compass_Binnacle_INDEX_1	</identifier>
				<transform>
					<row0>	1.0000 0.0000 0.0000 0.0000	</row0>
					<row1>	0.0000 1.0000 0.0000 0.0000	</row1>
					<row2>	0.0000 0.0000 1.0000 0.0000	</row2>
					<row3>	0.0000 0.4865 1.6502 1.0000	</row3>
				</transform>
			</node>
			<node>
				<identifier>	MP_JM202_Fender	</identifier>
				<transform>
					<row0>	-0.7000 0.0000 0.0000 0.0000	</row0>
					<row1>	0.0000 0.7000 0.0000 0.0000	</row1>
					<row2>	0.0000 0.0000 -0.7000 0.0000	</row2>
					<row3>	-0.0984 0.1933 0.3464 1.0000	</row3>
				</transform>
			</node>
			<node>
				<identifier>	MP_JM202_Fender_INDEX_1	</identifier>
				<transform>
					<row0>	0.7000 0.0000 0.0000 0.0000	</row0>
					<row1>	0.0000 0.7000 0.0000 0.0000	</row1>
					<row2>	0.0000 0.0000 0.7000 0.0000	</row2>
					<row3>	0.0985 0.1929 0.4272 1.0000	</row3>
				</transform>
			</node>
			<node>
				<identifier>	MP_JM212_Torpedo_Bogie	</identifier>
				<transform>
					<row0>	1.3238 0.0000 -0.0021 0.0000	</row0>
					<row1>	0.0000 1.3238 0.0000 0.0000	</row1>
					<row2>	0.0021 0.0000 1.3238 0.0000	</row2>
					<row3>	-0.1863 0.2044 -0.1111 1.0000	</row3>
				</transform>
			</node>
			<node>
				<identifier>	MP_JM212_Torpedo_Bogie_INDEX_1	</identifier>
				<transform>
					<row0>	1.3238 0.0000 -0.0046 0.0000	</row0>
					<row1>	0.0000 1.3238 0.0000 0.0000	</row1>
					<row2>	0.0046 0.0000 1.3238 0.0000	</row2>
					<row3>	-0.1865 0.2050 0.0779 1.0000	</row3>
				</transform>
			</node>
			<node>
				<identifier>	MP_JM219_Barbette_TA	</identifier>
				<transform>
					<row0>	1.1850 0.0000 0.0000 0.0000	</row0>
					<row1>	0.0000 1.0000 0.0000 0.0000	</row1>
					<row2>	0.0000 0.0000 1.1850 0.0000	</row2>
					<row3>	0.0000 0.1953 -0.8039 1.0000	</row3>
				</transform>
			</node>
			<node>
				<identifier>	MP_JM234_Antenna	</identifier>
				<transform>
					<row0>	-0.5000 0.0000 0.8660 0.0000	</row0>
					<row1>	0.0000 1.0000 0.0000 0.0000	</row1>
					<row2>	-0.8660 0.0000 -0.5000 0.0000	</row2>
					<row3>	0.0391 0.7893 1.2680 1.0000	</row3>
				</transform>
			</node>
			<node>
				<identifier>	MP_JM249_Gauge_1	</identifier>
				<transform>
					<row0>	1.0000 0.0000 0.0000 0.0000	</row0>
					<row1>	0.0000 0.9919 0.1267 0.0000	</row1>
					<row2>	0.0000 -0.1267 0.9919 0.0000	</row2>
					<row3>	-0.0092 0.5472 1.7026 1.0000	</row3>
				</transform>
			</node>
			<node>
				<identifier>	MP_JM250_Gauge_2	</identifier>
				<transform>
					<row0>	0.5707 -0.0109 -0.8211 0.0000	</row0>
					<row1>	0.0602 0.9978 0.0286 0.0000	</row1>
					<row2>	0.8189 -0.0657 0.5701 0.0000	</row2>
					<row3>	0.1424 0.5271 1.5864 1.0000	</row3>
				</transform>
			</node>
			<node>
				<identifier>	MP_JM250_Gauge_2_INDEX_1	</identifier>
				<transform>
					<row0>	0.5552 -0.0097 -0.8317 0.0000	</row0>
					<row1>	0.0602 0.9978 0.0286 0.0000	</row1>
					<row2>	0.8295 -0.0659 0.5545 0.0000	</row2>
					<row3>	0.1433 0.5450 1.5878 1.0000	</row3>
				</transform>
			</node>
			<node>
				<identifier>	MP_JM251_Gauge_3	</identifier>
				<transform>
					<row0>	0.5938 -0.0151 -0.8045 0.0000	</row0>
					<row1>	0.0642 0.9975 0.0287 0.0000	</row1>
					<row2>	0.8020 -0.0687 0.5933 0.0000	</row2>
					<row3>	0.0957 0.5492 1.6566 1.0000	</row3>
				</transform>
			</node>
			<node>
				<identifier>	MP_JM251_Gauge_3_INDEX_1	</identifier>
				<transform>
					<row0>	1.0000 0.0000 0.0000 0.0000	</row0>
					<row1>	0.0000 0.9898 0.1421 0.0000	</row1>
					<row2>	0.0000 -0.1421 0.9898 0.0000	</row2>
					<row3>	0.0044 0.5472 1.7022 1.0000	</row3>
				</transform>
			</node>
			<node>
				<identifier>	MP_JM251_Gauge_3_INDEX_2	</identifier>
				<transform>
					<row0>	0.5822 -0.0134 -0.8129 0.0000	</row0>
					<row1>	0.0610 0.9978 0.0272 0.0000	</row1>
					<row2>	0.8107 -0.0654 0.5817 0.0000	</row2>
					<row3>	0.0855 0.5492 1.6713 1.0000	</row3>
				</transform>
			</node>
			<node>
				<identifier>	MP_JM252_Gauge_4	</identifier>
				<transform>
					<row0>	0.5962 -0.0065 -0.8028 0.0000	</row0>
					<row1>	0.0461 0.9986 0.0261 0.0000	</row1>
					<row2>	0.8015 -0.0526 0.5956 0.0000	</row2>
					<row3>	0.1196 0.5259 1.6192 1.0000	</row3>
				</transform>
			</node>
			<node>
				<identifier>	MP_JM252_Gauge_4_INDEX_1	</identifier>
				<transform>
					<row0>	0.5707 0.0086 0.8211 0.0000	</row0>
					<row1>	-0.1009 0.9931 0.0597 0.0000	</row1>
					<row2>	-0.8150 -0.1169 0.5676 0.0000	</row2>
					<row3>	-0.0746 0.5218 1.6816 1.0000	</row3>
				</transform>
			</node>
			<node>
				<identifier>	MP_JM252_Gauge_4_INDEX_2	</identifier>
				<transform>
					<row0>	1.0000 0.0000 0.0000 0.0000	</row0>
					<row1>	0.0000 0.9862 0.1656 0.0000	</row1>
					<row2>	0.0000 -0.1656 0.9862 0.0000	</row2>
					<row3>	0.0291 0.5464 1.7019 1.0000	</row3>
				</transform>
			</node>
			<node>
				<identifier>	MP_JM253_Gauge_5	</identifier>
				<transform>
					<row0>	0.6073 -0.0582 0.7923 0.0000	</row0>
					<row1>	-0.0661 0.9901 0.1234 0.0000	</row1>
					<row2>	-0.7917 -0.1273 0.5975 0.0000	</row2>
					<row3>	-0.1237 0.5280 1.6136 1.0000	</row3>
				</transform>
			</node>
			<node>
				<identifier>	MP_JM253_Gauge_5_INDEX_1	</identifier>
				<transform>
					<row0>	1.0000 0.0000 0.0000 0.0000	</row0>
					<row1>	0.0000 0.9819 0.1896 0.0000	</row1>
					<row2>	0.0000 -0.1896 0.9819 0.0000	</row2>
					<row3>	-0.0286 0.5306 1.6993 1.0000	</row3>
				</transform>
			</node>
			<node>
				<identifier>	MP_JM254_Gauge_6	</identifier>
				<transform>
					<row0>	0.6009 -0.0727 0.7960 0.0000	</row0>
					<row1>	-0.0324 0.9928 0.1151 0.0000	</row1>
					<row2>	-0.7987 -0.0950 0.5942 0.0000	</row2>
					<row3>	-0.1144 0.5263 1.6251 1.0000	</row3>
				</transform>
			</node>
			<node>
				<identifier>	MP_JM254_Gauge_6_INDEX_1	</identifier>
				<transform>
					<row0>	0.9999 -0.0024 0.0146 0.0000	</row0>
					<row1>	0.0004 0.9908 0.1350 0.0000	</row1>
					<row2>	-0.0148 -0.1350 0.9907 0.0000	</row2>
					<row3>	-0.0286 0.5423 1.7003 1.0000	</row3>
				</transform>
			</node>
			<node>
				<identifier>	MP_JM255_Double_Gauge	</identifier>
				<transform>
					<row0>	0.5613 0.0022 -0.8276 0.0000	</row0>
					<row1>	0.0435 0.9985 0.0322 0.0000	</row1>
					<row2>	0.8264 -0.0541 0.5604 0.0000	</row2>
					<row3>	0.1199 0.5454 1.6212 1.0000	</row3>
				</transform>
			</node>
			<node>
				<identifier>	MP_JM255_Double_Gauge_INDEX_1	</identifier>
				<transform>
					<row0>	1.0000 0.0000 0.0000 0.0000	</row0>
					<row1>	0.0000 0.9874 0.1585 0.0000	</row1>
					<row2>	0.0000 -0.1585 0.9874 0.0000	</row2>
					<row3>	-0.0027 0.5310 1.6994 1.0000	</row3>
				</transform>
			</node>
			<node>
				<identifier>	MP_JM257_Clock	</identifier>
				<transform>
					<row0>	0.5925 0.0104 0.8055 0.0000	</row0>
					<row1>	-0.0894 0.9946 0.0530 0.0000	</row1>
					<row2>	-0.8006 -0.1034 0.5902 0.0000	</row2>
					<row3>	-0.1243 0.5435 1.6145 1.0000	</row3>
				</transform>
			</node>
			<node>
				<identifier>	MP_JM257_Clock_INDEX_1	</identifier>
				<transform>
					<row0>	0.5782 0.0093 0.8159 0.0000	</row0>
					<row1>	-0.0850 0.9952 0.0489 0.0000	</row1>
					<row2>	-0.8115 -0.0976 0.5762 0.0000	</row2>
					<row3>	-0.0752 0.5437 1.6833 1.0000	</row3>
				</transform>
			</node>
			<node>
				<identifier>	MP_JM259_Gauge_8	</identifier>
				<transform>
					<row0>	0.5675 0.0076 0.8233 0.0000	</row0>
					<row1>	-0.0820 0.9955 0.0473 0.0000	</row1>
					<row2>	-0.8193 -0.0944 0.5656 0.0000	</row2>
					<row3>	-0.0881 0.5406 1.6648 1.0000	</row3>
				</transform>
			</node>
			<node>
				<identifier>	MP_JM261_Fuse_box_1	</identifier>
				<transform>
					<row0>	0.5862 0.0307 -0.8096 0.0000	</row0>
					<row1>	0.0626 0.9946 0.0830 0.0000	</row1>
					<row2>	0.8077 -0.0993 0.5811 0.0000	</row2>
					<row3>	0.0842 0.5270 1.6693 1.0000	</row3>
				</transform>
			</node>
			<node>
				<identifier>	MP_JM263_Small_fuse_box	</identifier>
				<transform>
					<row0>	0.6159 0.0050 0.7878 0.0000	</row0>
					<row1>	-0.0967 0.9929 0.0693 0.0000	</row1>
					<row2>	-0.7819 -0.1188 0.6120 0.0000	</row2>
					<row3>	-0.1157 0.5419 1.6263 1.0000	</row3>
				</transform>
			</node>
			<node>
				<identifier>	MP_JM264_Wall_trigger_1	</identifier>
				<transform>
					<row0>	0.6010 0.0123 0.7992 0.0000	</row0>
					<row1>	-0.0820 0.9956 0.0463 0.0000	</row1>
					<row2>	-0.7951 -0.0934 0.5993 0.0000	</row2>
					<row3>	-0.0957 0.5380 1.6539 1.0000	</row3>
				</transform>
			</node>
			<node>
				<identifier>	MP_JM264_Wall_trigger_1_INDEX_1	</identifier>
				<transform>
					<row0>	0.5720 0.0105 0.8202 0.0000	</row0>
					<row1>	-0.0845 0.9954 0.0461 0.0000	</row1>
					<row2>	-0.8159 -0.0957 0.5702 0.0000	</row2>
					<row3>	-0.0964 0.5451 1.6542 1.0000	</row3>
				</transform>
			</node>
			<node>
				<identifier>	MP_JM265_Wall_trigger_2	</identifier>
				<transform>
					<row0>	0.6125 0.0098 0.7904 0.0000	</row0>
					<row1>	-0.0627 0.9974 0.0362 0.0000	</row1>
					<row2>	-0.7880 -0.0717 0.6115 0.0000	</row2>
					<row3>	-0.1441 0.5435 1.5859 1.0000	</row3>
				</transform>
			</node>
			<node>
				<identifier>	MP_JM266_Wall_trigger_3	</identifier>
				<transform>
					<row0>	0.5709 0.0093 0.8210 0.0000	</row0>
					<row1>	-0.0612 0.9976 0.0312 0.0000	</row1>
					<row2>	-0.8187 -0.0681 0.5701 0.0000	</row2>
					<row3>	-0.1489 0.5438 1.5794 1.0000	</row3>
				</transform>
			</node>
			<node>
				<identifier>	MP_JM280_Telegraph_Engine	</identifier>
				<transform>
					<row0>	1.0000 0.0000 0.0000 0.0000	</row0>
					<row1>	0.0000 1.0000 0.0000 0.0000	</row1>
					<row2>	0.0000 0.0000 1.0000 0.0000	</row2>
					<row3>	-0.0703 0.4869 1.5248 1.0000	</row3>
				</transform>
			</node>
			<node>
				<identifier>	MP_JM280_Telegraph_Engine_INDEX_1	</identifier>
				<transform>
					<row0>	1.0000 0.0000 0.0000 0.0000	</row0>
					<row1>	0.0000 1.0000 0.0000 0.0000	</row1>
					<row2>	0.0000 0.0000 1.0000 0.0000	</row2>
					<row3>	-0.0998 0.4869 1.5134 1.0000	</row3>
				</transform>
			</node>
			<node>
				<identifier>	MP_JM280_Telegraph_Engine_INDEX_2	</identifier>
				<transform>
					<row0>	1.0000 0.0000 0.0000 0.0000	</row0>
					<row1>	0.0000 1.0000 0.0000 0.0000	</row1>
					<row2>	0.0000 0.0000 1.0000 0.0000	</row2>
					<row3>	-0.0405 0.4869 1.5134 1.0000	</row3>
				</transform>
			</node>
		</node>
	</node>
	<boundingBox>
		<min>	-0.0667 -0.0667 -0.0667	</min>
		<max>	0.0667 0.0667 0.0667	</max>
	</boundingBox>
</JSD017_Kamikaze_1930_MidFront_ports.visual>
