<BSC017_Minotaur_1947_Bow_ports.visual>
	<node>
		<identifier>	Scene Root	</identifier>
		<transform>
			<row0>	1.0000 0.0000 0.0000 0.0000	</row0>
			<row1>	0.0000 1.0000 0.0000 0.0000	</row1>
			<row2>	0.0000 0.0000 1.0000 0.0000	</row2>
			<row3>	0.0000 0.0000 0.0000 1.0000	</row3>
		</transform>
		<node>
			<identifier>	Bow_ports	</identifier>
			<transform>
				<row0>	1.0000 0.0000 0.0000 0.0000	</row0>
				<row1>	0.0000 1.0000 0.0000 0.0000	</row1>
				<row2>	0.0000 0.0000 1.0000 0.0000	</row2>
				<row3>	0.0000 0.0000 0.0000 1.0000	</row3>
			</transform>
			<node>
				<identifier>	HP_BGA_1	</identifier>
				<transform>
					<row0>	1.0000 0.0000 0.0000 0.0000	</row0>
					<row1>	0.0000 1.0000 0.0000 0.0000	</row1>
					<row2>	0.0000 0.0000 1.0000 0.0000	</row2>
					<row3>	-0.3295 0.4642 4.8899 1.0000	</row3>
				</transform>
			</node>
			<node>
				<identifier>	HP_BGA_2	</identifier>
				<transform>
					<row0>	1.0000 0.0000 0.0000 0.0000	</row0>
					<row1>	0.0000 1.0000 0.0000 0.0000	</row1>
					<row2>	0.0000 0.0000 1.0000 0.0000	</row2>
					<row3>	0.3295 0.4642 4.8899 1.0000	</row3>
				</transform>
			</node>
			<node>
				<identifier>	HP_BGM_1	</identifier>
				<transform>
					<row0>	1.0000 0.0000 0.0000 0.0000	</row0>
					<row1>	0.0000 1.0000 0.0000 0.0000	</row1>
					<row2>	0.0000 0.0000 1.0000 0.0000	</row2>
					<row3>	0.0000 0.4999 4.1337 1.0000	</row3>
				</transform>
			</node>
			<node>
				<identifier>	HP_FX_Death_1	</identifier>
				<transform>
					<row0>	1.0000 0.0000 0.0000 0.0000	</row0>
					<row1>	0.0000 1.0000 0.0000 0.0000	</row1>
					<row2>	0.0000 0.0000 1.0000 0.0000	</row2>
					<row3>	0.0000 0.0000 3.4706 1.0000	</row3>
				</transform>
			</node>
			<node>
				<identifier>	HP_FX_Fire_1	</identifier>
				<transform>
					<row0>	1.0000 0.0000 0.0000 0.0000	</row0>
					<row1>	0.0000 1.0000 0.0000 0.0000	</row1>
					<row2>	0.0000 0.0000 1.0000 0.0000	</row2>
					<row3>	0.0000 0.5369 5.3884 1.0000	</row3>
				</transform>
			</node>
			<node>
				<identifier>	HP_FX_WakeTrace	</identifier>
				<transform>
					<row0>	1.0000 0.0000 0.0000 0.0000	</row0>
					<row1>	0.0000 1.0000 0.0000 0.0000	</row1>
					<row2>	0.0000 0.0000 1.0000 0.0000	</row2>
					<row3>	0.0000 0.0000 6.2425 1.0000	</row3>
				</transform>
			</node>
			<node>
				<identifier>	HP_Ship_death_1	</identifier>
				<transform>
					<row0>	1.0000 0.0000 0.0000 0.0000	</row0>
					<row1>	0.0000 1.0000 0.0000 0.0000	</row1>
					<row2>	0.0000 0.0000 1.0000 0.0000	</row2>
					<row3>	0.0000 0.0000 3.4706 1.0000	</row3>
				</transform>
			</node>
			<node>
				<identifier>	MP_BM004_Reels	</identifier>
				<transform>
					<row0>	0.9682 0.0282 0.7083 0.0000	</row0>
					<row1>	-0.0008 1.1991 -0.0467 0.0000	</row1>
					<row2>	-0.7089 0.0372 0.9675 0.0000	</row2>
					<row3>	-0.2138 0.4516 4.6865 1.0000	</row3>
				</transform>
			</node>
			<node>
				<identifier>	MP_BM004_Reels_INDEX_1	</identifier>
				<transform>
					<row0>	0.9682 -0.0282 -0.7083 0.0000	</row0>
					<row1>	0.0008 1.1991 -0.0467 0.0000	</row1>
					<row2>	0.7089 0.0372 0.9675 0.0000	</row2>
					<row3>	0.2138 0.4516 4.6865 1.0000	</row3>
				</transform>
			</node>
			<node>
				<identifier>	MP_BM704_Locker	</identifier>
				<transform>
					<row0>	-1.2014 0.0000 0.8981 0.0000	</row0>
					<row1>	0.0000 1.2500 0.0000 0.0000	</row1>
					<row2>	-0.7484 0.0000 -1.0012 0.0000	</row2>
					<row3>	0.2616 0.4558 4.7598 1.0000	</row3>
				</transform>
			</node>
			<node>
				<identifier>	MP_BM704_Locker_INDEX_1	</identifier>
				<transform>
					<row0>	-1.2014 0.0000 -0.8981 0.0000	</row0>
					<row1>	0.0000 1.2500 0.0000 0.0000	</row1>
					<row2>	0.7484 0.0000 -1.0012 0.0000	</row2>
					<row3>	-0.2077 0.4558 4.8004 1.0000	</row3>
				</transform>
			</node>
			<node>
				<identifier>	MP_BM704_Locker_INDEX_2	</identifier>
				<transform>
					<row0>	-1.2014 0.0000 -0.8981 0.0000	</row0>
					<row1>	0.0000 1.2500 0.0000 0.0000	</row1>
					<row2>	0.7484 0.0000 -1.0012 0.0000	</row2>
					<row3>	-0.2616 0.4558 4.7598 1.0000	</row3>
				</transform>
			</node>
			<node>
				<identifier>	MP_BM704_Locker_INDEX_3	</identifier>
				<transform>
					<row0>	-1.2014 0.0000 0.8981 0.0000	</row0>
					<row1>	0.0000 1.2500 0.0000 0.0000	</row1>
					<row2>	-0.7484 0.0000 -1.0012 0.0000	</row2>
					<row3>	0.2077 0.4558 4.8004 1.0000	</row3>
				</transform>
			</node>
			<node>
				<identifier>	MP_BM752_Deck_Hatch	</identifier>
				<transform>
					<row0>	-1.0000 0.0000 0.0000 0.0000	</row0>
					<row1>	0.0000 1.0000 0.0000 0.0000	</row1>
					<row2>	0.0000 0.0000 -1.0000 0.0000	</row2>
					<row3>	-0.1875 0.4254 3.8600 1.0000	</row3>
				</transform>
			</node>
			<node>
				<identifier>	MP_BM752_Deck_Hatch_INDEX_1	</identifier>
				<transform>
					<row0>	-1.0000 0.0000 0.0000 0.0000	</row0>
					<row1>	0.0000 1.0000 0.0000 0.0000	</row1>
					<row2>	0.0000 0.0000 -1.0000 0.0000	</row2>
					<row3>	0.1875 0.4254 3.8600 1.0000	</row3>
				</transform>
			</node>
			<node>
				<identifier>	MP_BM753_Deck_Hatch	</identifier>
				<transform>
					<row0>	1.0000 0.0000 0.0000 0.0000	</row0>
					<row1>	0.0000 1.0000 0.0000 0.0000	</row1>
					<row2>	0.0000 0.0000 1.0000 0.0000	</row2>
					<row3>	0.0000 0.4236 3.6709 1.0000	</row3>
				</transform>
			</node>
			<node>
				<identifier>	MP_BM753_Deck_Hatch_INDEX_1	</identifier>
				<transform>
					<row0>	1.0000 0.0000 0.0000 0.0000	</row0>
					<row1>	0.0000 1.0000 0.0000 0.0000	</row1>
					<row2>	0.0000 0.0000 1.0000 0.0000	</row2>
					<row3>	0.0000 0.4478 4.5526 1.0000	</row3>
				</transform>
			</node>
			<node>
				<identifier>	MP_BM800_Ventilators_mushroom	</identifier>
				<transform>
					<row0>	-1.5000 0.0000 0.0000 0.0000	</row0>
					<row1>	0.0000 1.5000 0.0000 0.0000	</row1>
					<row2>	0.0000 0.0000 -1.5000 0.0000	</row2>
					<row3>	0.1924 0.4156 3.7347 1.0000	</row3>
				</transform>
			</node>
			<node>
				<identifier>	MP_BM800_Ventilators_mushroom_INDEX_1	</identifier>
				<transform>
					<row0>	-1.5000 0.0000 0.0000 0.0000	</row0>
					<row1>	0.0000 1.5000 0.0000 0.0000	</row1>
					<row2>	0.0000 0.0000 -1.5000 0.0000	</row2>
					<row3>	0.0921 0.4506 4.7530 1.0000	</row3>
				</transform>
			</node>
			<node>
				<identifier>	MP_BM800_Ventilators_mushroom_INDEX_2	</identifier>
				<transform>
					<row0>	-1.5000 0.0000 0.0000 0.0000	</row0>
					<row1>	0.0000 1.5000 0.0000 0.0000	</row1>
					<row2>	0.0000 0.0000 -1.5000 0.0000	</row2>
					<row3>	-0.0921 0.4506 4.7530 1.0000	</row3>
				</transform>
			</node>
			<node>
				<identifier>	MP_BM800_Ventilators_mushroom_INDEX_3	</identifier>
				<transform>
					<row0>	-1.0000 0.0000 0.0000 0.0000	</row0>
					<row1>	0.0000 1.0000 0.0000 0.0000	</row1>
					<row2>	0.0000 0.0000 -1.0000 0.0000	</row2>
					<row3>	-0.2965 0.4790 5.3590 1.0000	</row3>
				</transform>
			</node>
			<node>
				<identifier>	MP_BM800_Ventilators_mushroom_INDEX_4	</identifier>
				<transform>
					<row0>	-1.0000 0.0000 0.0000 0.0000	</row0>
					<row1>	0.0000 1.0000 0.0000 0.0000	</row1>
					<row2>	0.0000 0.0000 -1.0000 0.0000	</row2>
					<row3>	0.2965 0.4790 5.3590 1.0000	</row3>
				</transform>
			</node>
			<node>
				<identifier>	MP_BM800_Ventilators_mushroom_INDEX_5	</identifier>
				<transform>
					<row0>	-1.5000 0.0000 0.0000 0.0000	</row0>
					<row1>	0.0000 1.5000 0.0000 0.0000	</row1>
					<row2>	0.0000 0.0000 -1.5000 0.0000	</row2>
					<row3>	-0.1924 0.4156 3.7347 1.0000	</row3>
				</transform>
			</node>
			<node>
				<identifier>	MP_BM858_Signal_Lamp	</identifier>
				<transform>
					<row0>	0.8660 0.0000 -0.5000 0.0000	</row0>
					<row1>	0.0000 1.0000 0.0000 0.0000	</row1>
					<row2>	0.5000 0.0000 0.8660 0.0000	</row2>
					<row3>	0.0194 1.0019 6.3396 1.0000	</row3>
				</transform>
			</node>
			<node>
				<identifier>	MP_BM862_Signal_Lamp	</identifier>
				<transform>
					<row0>	1.0000 0.0000 0.0000 0.0000	</row0>
					<row1>	0.0000 1.0000 0.0000 0.0000	</row1>
					<row2>	0.0000 0.0000 1.0000 0.0000	</row2>
					<row3>	0.0194 0.8955 6.3239 1.0000	</row3>
				</transform>
			</node>
			<node>
				<identifier>	MP_BM952_Bollard	</identifier>
				<transform>
					<row0>	1.0000 0.0000 0.0000 0.0000	</row0>
					<row1>	0.0000 0.9988 -0.0484 0.0000	</row1>
					<row2>	0.0000 0.0484 0.9988 0.0000	</row2>
					<row3>	0.0000 0.4765 5.0800 1.0000	</row3>
				</transform>
			</node>
			<node>
				<identifier>	MP_BM952_Bollard_INDEX_1	</identifier>
				<transform>
					<row0>	0.9680 -0.0121 -0.2506 0.0000	</row0>
					<row1>	0.0000 0.9988 -0.0484 0.0000	</row1>
					<row2>	0.2509 0.0469 0.9669 0.0000	</row2>
					<row3>	-0.4072 0.4811 5.2077 1.0000	</row3>
				</transform>
			</node>
			<node>
				<identifier>	MP_BM952_Bollard_INDEX_2	</identifier>
				<transform>
					<row0>	0.9680 0.0121 0.2506 0.0000	</row0>
					<row1>	0.0000 0.9988 -0.0484 0.0000	</row1>
					<row2>	-0.2509 0.0469 0.9669 0.0000	</row2>
					<row3>	0.4072 0.4811 5.2077 1.0000	</row3>
				</transform>
			</node>
			<node>
				<identifier>	MP_BM957_Anchor_Capstan_big	</identifier>
				<transform>
					<row0>	0.6384 0.0000 0.0000 0.0000	</row0>
					<row1>	0.0000 0.6384 0.0000 0.0000	</row1>
					<row2>	0.0000 0.0000 0.6384 0.0000	</row2>
					<row3>	0.0000 0.4895 5.3600 1.0000	</row3>
				</transform>
			</node>
			<node>
				<identifier>	MP_BM959_Anchor_WW2_top	</identifier>
				<transform>
					<row0>	0.9969 0.0781 -0.0005 0.0000	</row0>
					<row1>	-0.0486 0.6156 -0.7866 0.0000	</row1>
					<row2>	-0.0611 0.7842 0.6175 0.0000	</row2>
					<row3>	0.1651 0.3940 6.0901 1.0000	</row3>
				</transform>
			</node>
			<node>
				<identifier>	MP_BM959_Anchor_WW2_top_INDEX_1	</identifier>
				<transform>
					<row0>	0.9969 -0.0781 0.0005 0.0000	</row0>
					<row1>	0.0487 0.6163 -0.7860 0.0000	</row1>
					<row2>	0.0610 0.7837 0.6182 0.0000	</row2>
					<row3>	-0.1651 0.3940 6.0901 1.0000	</row3>
				</transform>
			</node>
			<node>
				<identifier>	MP_BM960_Anchor_WW2_down	</identifier>
				<transform>
					<row0>	0.9558 0.1170 -0.2696 0.0000	</row0>
					<row1>	-0.2845 0.5990 -0.7485 0.0000	</row1>
					<row2>	0.0739 0.7921 0.6059 0.0000	</row2>
					<row3>	-0.1652 0.3939 6.0900 1.0000	</row3>
				</transform>
			</node>
			<node>
				<identifier>	MP_BM960_Anchor_WW2_down_INDEX_1	</identifier>
				<transform>
					<row0>	0.9558 -0.1170 0.2696 0.0000	</row0>
					<row1>	0.2844 0.5995 -0.7481 0.0000	</row1>
					<row2>	-0.0741 0.7918 0.6063 0.0000	</row2>
					<row3>	0.1652 0.3939 6.0900 1.0000	</row3>
				</transform>
			</node>
			<node>
				<identifier>	MP_BM961_Anchor_Capstan_Cruiser_WW2_Bow	</identifier>
				<transform>
					<row0>	0.7071 0.0000 -0.7071 0.0000	</row0>
					<row1>	0.0000 1.0000 0.0000 0.0000	</row1>
					<row2>	0.7071 0.0000 0.7071 0.0000	</row2>
					<row3>	-0.1577 0.5048 5.2553 1.0000	</row3>
				</transform>
			</node>
			<node>
				<identifier>	MP_BM961_Anchor_Capstan_Cruiser_WW2_Bow_INDEX_1	</identifier>
				<transform>
					<row0>	0.7071 0.0000 0.7071 0.0000	</row0>
					<row1>	0.0000 1.0000 0.0000 0.0000	</row1>
					<row2>	-0.7071 0.0000 0.7071 0.0000	</row2>
					<row3>	0.1577 0.5048 5.2553 1.0000	</row3>
				</transform>
			</node>
			<node>
				<identifier>	MP_BM962_Chain_Fairlead	</identifier>
				<transform>
					<row0>	0.9832 0.0000 0.1827 0.0000	</row0>
					<row1>	0.0000 1.0000 0.0000 0.0000	</row1>
					<row2>	-0.1827 0.0000 0.9832 0.0000	</row2>
					<row3>	0.0945 0.4954 5.5076 1.0000	</row3>
				</transform>
			</node>
			<node>
				<identifier>	MP_BM962_Chain_Fairlead_INDEX_1	</identifier>
				<transform>
					<row0>	0.9832 0.0000 -0.1827 0.0000	</row0>
					<row1>	0.0000 1.0000 0.0000 0.0000	</row1>
					<row2>	0.1827 0.0000 0.9832 0.0000	</row2>
					<row3>	-0.0945 0.4954 5.5076 1.0000	</row3>
				</transform>
			</node>
			<node>
				<identifier>	MP_CM011_Fire_Fighting_Gear	</identifier>
				<transform>
					<row0>	-1.0000 0.0000 0.0000 0.0000	</row0>
					<row1>	0.0000 1.0000 0.0000 0.0000	</row1>
					<row2>	0.0000 0.0000 -1.0000 0.0000	</row2>
					<row3>	-0.1249 0.4636 4.8814 1.0000	</row3>
				</transform>
			</node>
			<node>
				<identifier>	MP_CM011_Fire_Fighting_Gear_INDEX_1	</identifier>
				<transform>
					<row0>	0.0000 0.0000 -1.0000 0.0000	</row0>
					<row1>	0.0000 1.0000 0.0000 0.0000	</row1>
					<row2>	1.0000 0.0000 0.0000 0.0000	</row2>
					<row3>	-0.2026 0.4305 3.9450 1.0000	</row3>
				</transform>
			</node>
			<node>
				<identifier>	MP_CM013_Fire_Hose_Rack_2	</identifier>
				<transform>
					<row0>	0.0000 -0.3938 0.9192 0.0000	</row0>
					<row1>	0.0000 0.9192 0.3938 0.0000	</row1>
					<row2>	-1.0000 0.0000 0.0000 0.0000	</row2>
					<row3>	-0.1318 0.4982 4.7977 1.0000	</row3>
				</transform>
			</node>
			<node>
				<identifier>	SP_YMS001_YHBM_M_1	</identifier>
				<transform>
					<row0>	1.2820 0.0000 0.0000 0.0000	</row0>
					<row1>	0.0000 1.2737 0.1453 0.0000	</row1>
					<row2>	0.0000 -0.1453 1.2737 0.0000	</row2>
					<row3>	0.0000 0.5499 6.3539 1.0000	</row3>
				</transform>
			</node>
			<node>
				<identifier>	SP_YMS002_YHBL_M_1	</identifier>
				<transform>
					<row0>	1.0510 -0.1026 -0.1525 0.0000	</row0>
					<row1>	0.0899 1.0591 -0.0929 0.0000	</row1>
					<row2>	0.1603 0.0787 1.0519 0.0000	</row2>
					<row3>	0.0000 0.5499 6.3539 1.0000	</row3>
				</transform>
			</node>
			<node>
				<identifier>	SP_YMS003_YHBR_M_1	</identifier>
				<transform>
					<row0>	1.0510 0.1026 0.1525 0.0000	</row0>
					<row1>	-0.0899 1.0591 -0.0929 0.0000	</row1>
					<row2>	-0.1603 0.0787 1.0519 0.0000	</row2>
					<row3>	0.0000 0.5499 6.3539 1.0000	</row3>
				</transform>
			</node>
			<node>
				<identifier>	SP_YMS004_YHXL_L_1	</identifier>
				<transform>
					<row0>	0.8653 0.3689 -0.3393 0.0000	</row0>
					<row1>	-0.3553 0.9290 0.1039 0.0000	</row1>
					<row2>	0.3535 0.0307 0.9349 0.0000	</row2>
					<row3>	-0.1813 0.3917 5.9553 1.0000	</row3>
				</transform>
			</node>
			<node>
				<identifier>	SP_YMS005_YHXR_L_1	</identifier>
				<transform>
					<row0>	0.8653 -0.3689 0.3393 0.0000	</row0>
					<row1>	0.3553 0.9290 0.1039 0.0000	</row1>
					<row2>	-0.3535 0.0307 0.9349 0.0000	</row2>
					<row3>	0.1813 0.3917 5.9553 1.0000	</row3>
				</transform>
			</node>
			<node>
				<identifier>	SP_YMS010_YHWM_L_1	</identifier>
				<transform>
					<row0>	0.7058 0.0000 0.0000 0.0000	</row0>
					<row1>	0.0000 0.7058 0.0000 0.0000	</row1>
					<row2>	0.0000 0.0000 0.7058 0.0000	</row2>
					<row3>	0.0000 0.0000 6.3559 1.0000	</row3>
				</transform>
			</node>
			<node>
				<identifier>	SP_YMS011_YHWL_M_1	</identifier>
				<transform>
					<row0>	0.9352 0.3024 -0.1841 0.0000	</row0>
					<row1>	-0.2972 0.9532 0.0560 0.0000	</row1>
					<row2>	0.1924 0.0023 0.9813 0.0000	</row2>
					<row3>	-0.2690 0.0000 5.0480 1.0000	</row3>
				</transform>
			</node>
			<node>
				<identifier>	SP_YMS011_YHWL_M_1_INDEX_1	</identifier>
				<transform>
					<row0>	0.9373 0.3158 -0.1477 0.0000	</row0>
					<row1>	-0.3122 0.9488 0.0476 0.0000	</row1>
					<row2>	0.1551 0.0015 0.9879 0.0000	</row2>
					<row3>	-0.4153 -0.0002 4.2159 1.0000	</row3>
				</transform>
			</node>
			<node>
				<identifier>	SP_YMS012_YHWR_M_1	</identifier>
				<transform>
					<row0>	0.9352 -0.3024 0.1841 0.0000	</row0>
					<row1>	0.2972 0.9532 0.0560 0.0000	</row1>
					<row2>	-0.1924 0.0023 0.9813 0.0000	</row2>
					<row3>	0.2690 0.0000 5.0480 1.0000	</row3>
				</transform>
			</node>
			<node>
				<identifier>	SP_YMS012_YHWR_M_1_INDEX_1	</identifier>
				<transform>
					<row0>	0.9373 -0.3158 0.1477 0.0000	</row0>
					<row1>	0.3122 0.9488 0.0476 0.0000	</row1>
					<row2>	-0.1551 0.0015 0.9879 0.0000	</row2>
					<row3>	0.4153 0.0000 4.2163 1.0000	</row3>
				</transform>
			</node>
			<node>
				<identifier>	SP_YMS020_YHBU_M_1	</identifier>
				<transform>
					<row0>	1.0207 0.0000 0.0000 0.0000	</row0>
					<row1>	0.0000 1.0207 0.0000 0.0000	</row1>
					<row2>	0.0000 0.0000 1.0207 0.0000	</row2>
					<row3>	0.0000 -0.0912 6.1636 1.0000	</row3>
				</transform>
			</node>
			<node>
				<identifier>	SP_YMS022_YHUS_L_1	</identifier>
				<transform>
					<row0>	-0.1049 -0.0105 -0.9944 0.0000	</row0>
					<row1>	-0.4143 0.9095 0.0341 0.0000	</row1>
					<row2>	0.9041 0.4156 -0.0997 0.0000	</row2>
					<row3>	-0.3003 -0.3475 3.8357 1.0000	</row3>
				</transform>
			</node>
			<node>
				<identifier>	SP_YMS022_YHUS_L_1_INDEX_1	</identifier>
				<transform>
					<row0>	-0.1049 0.0105 0.9944 0.0000	</row0>
					<row1>	0.4143 0.9095 0.0341 0.0000	</row1>
					<row2>	-0.9041 0.4156 -0.0997 0.0000	</row2>
					<row3>	0.3003 -0.3475 3.8357 1.0000	</row3>
				</transform>
			</node>
			<node>
				<identifier>	SP_YMS051_YHDL_L_1	</identifier>
				<transform>
					<row0>	0.7948 -0.0056 -0.1209 0.0000	</row0>
					<row1>	0.0029 0.8038 -0.0180 0.0000	</row1>
					<row2>	0.1210 0.0174 0.7946 0.0000	</row2>
					<row3>	-0.5426 0.4486 4.7114 1.0000	</row3>
				</transform>
			</node>
			<node>
				<identifier>	SP_YMS052_YHDR_L_1	</identifier>
				<transform>
					<row0>	0.7948 0.0056 0.1209 0.0000	</row0>
					<row1>	-0.0029 0.8038 -0.0180 0.0000	</row1>
					<row2>	-0.1210 0.0174 0.7946 0.0000	</row2>
					<row3>	0.5426 0.4486 4.7114 1.0000	</row3>
				</transform>
			</node>
			<node>
				<identifier>	SP_YMS053_YHDC_S_1	</identifier>
				<transform>
					<row0>	1.0000 0.0000 0.0000 0.0000	</row0>
					<row1>	0.0000 1.0000 0.0000 0.0000	</row1>
					<row2>	0.0000 0.0000 1.0000 0.0000	</row2>
					<row3>	-0.3846 0.4386 4.3202 1.0000	</row3>
				</transform>
			</node>
			<node>
				<identifier>	SP_YMS053_YHDC_S_1_INDEX_1	</identifier>
				<transform>
					<row0>	1.0000 0.0000 0.0000 0.0000	</row0>
					<row1>	0.0000 1.0000 0.0000 0.0000	</row1>
					<row2>	0.0000 0.0000 1.0000 0.0000	</row2>
					<row3>	0.3846 0.4386 4.3202 1.0000	</row3>
				</transform>
			</node>
			<node>
				<identifier>	SP_YMS053_YHDC_S_1_INDEX_2	</identifier>
				<transform>
					<row0>	1.0000 0.0000 0.0000 0.0000	</row0>
					<row1>	0.0000 1.0000 0.0000 0.0000	</row1>
					<row2>	0.0000 0.0000 1.0000 0.0000	</row2>
					<row3>	-0.4120 0.4226 3.7620 1.0000	</row3>
				</transform>
			</node>
			<node>
				<identifier>	SP_YMS053_YHDC_S_1_INDEX_3	</identifier>
				<transform>
					<row0>	1.0000 0.0000 0.0000 0.0000	</row0>
					<row1>	0.0000 1.0000 0.0000 0.0000	</row1>
					<row2>	0.0000 0.0000 1.0000 0.0000	</row2>
					<row3>	0.4120 0.4226 3.7620 1.0000	</row3>
				</transform>
			</node>
			<node>
				<identifier>	SP_YMS080_YHSL_M_1	</identifier>
				<transform>
					<row0>	0.8907 0.4369 -0.1254 0.0000	</row0>
					<row1>	-0.4322 0.8995 0.0639 0.0000	</row1>
					<row2>	0.1407 -0.0028 0.9900 0.0000	</row2>
					<row3>	-0.3552 0.2439 5.0972 1.0000	</row3>
				</transform>
			</node>
			<node>
				<identifier>	SP_YMS080_YHSL_M_1_INDEX_1	</identifier>
				<transform>
					<row0>	0.8837 0.4572 -0.1008 0.0000	</row0>
					<row1>	-0.4515 0.8891 0.0746 0.0000	</row1>
					<row2>	0.1237 -0.0204 0.9921 0.0000	</row2>
					<row3>	-0.5041 0.2287 4.1492 1.0000	</row3>
				</transform>
			</node>
			<node>
				<identifier>	SP_YMS081_YHSR_M_1	</identifier>
				<transform>
					<row0>	0.8907 -0.4369 0.1254 0.0000	</row0>
					<row1>	0.4322 0.8995 0.0639 0.0000	</row1>
					<row2>	-0.1407 -0.0028 0.9900 0.0000	</row2>
					<row3>	0.3552 0.2439 5.0972 1.0000	</row3>
				</transform>
			</node>
			<node>
				<identifier>	SP_YMS081_YHSR_M_1_INDEX_1	</identifier>
				<transform>
					<row0>	0.8837 -0.4572 0.1008 0.0000	</row0>
					<row1>	0.4515 0.8891 0.0746 0.0000	</row1>
					<row2>	-0.1237 -0.0204 0.9921 0.0000	</row2>
					<row3>	0.5041 0.2287 4.1492 1.0000	</row3>
				</transform>
			</node>
		</node>
	</node>
	<boundingBox>
		<min>	-0.0667 -0.0667 -0.0667	</min>
		<max>	0.0667 0.0667 0.0667	</max>
	</boundingBox>
</BSC017_Minotaur_1947_Bow_ports.visual>
