<JAF709_Kawanishi_N1K2_proto.visual>
	<node>
		<identifier>	Scene Root	</identifier>
		<transform>
			<row0>	1.0000 0.0000 0.0000 0.0000	</row0>
			<row1>	0.0000 1.0000 0.0000 0.0000	</row1>
			<row2>	0.0000 0.0000 1.0000 0.0000	</row2>
			<row3>	0.0000 0.0000 0.0000 1.0000	</row3>
		</transform>
		<node>
			<identifier>	Root	</identifier>
			<transform>
				<row0>	1.0000 0.0000 0.0000 0.0000	</row0>
				<row1>	0.0000 1.0000 0.0000 0.0000	</row1>
				<row2>	0.0000 0.0000 1.0000 0.0000	</row2>
				<row3>	0.0000 0.0000 0.0000 1.0000	</row3>
			</transform>
			<node>
				<identifier>	HP_Air_break_1	</identifier>
				<transform>
					<row0>	1.0000 0.0000 0.0000 0.0000	</row0>
					<row1>	0.0000 1.0000 0.0000 0.0000	</row1>
					<row2>	0.0000 0.0000 1.0000 0.0000	</row2>
					<row3>	-0.1300 0.1074 -0.1082 1.0000	</row3>
				</transform>
			</node>
			<node>
				<identifier>	HP_Air_break_2	</identifier>
				<transform>
					<row0>	1.0000 0.0000 0.0000 0.0000	</row0>
					<row1>	0.0000 1.0000 0.0000 0.0000	</row1>
					<row2>	0.0000 0.0000 1.0000 0.0000	</row2>
					<row3>	0.1301 0.1074 -0.1082 1.0000	</row3>
				</transform>
			</node>
			<node>
				<identifier>	HP_Air_death_1	</identifier>
				<transform>
					<row0>	1.0000 0.0000 0.0000 0.0000	</row0>
					<row1>	0.0000 1.0000 0.0000 0.0000	</row1>
					<row2>	0.0000 0.0000 1.0000 0.0000	</row2>
					<row3>	0.0000 0.1354 0.0198 1.0000	</row3>
				</transform>
			</node>
			<node>
				<identifier>	HP_Air_enginelight_1	</identifier>
				<transform>
					<row0>	0.9451 0.0000 -0.3269 0.0000	</row0>
					<row1>	-0.2326 0.7028 -0.6723 0.0000	</row1>
					<row2>	0.2297 0.7114 0.6642 0.0000	</row2>
					<row3>	-0.0168 0.0914 0.0330 1.0000	</row3>
				</transform>
			</node>
			<node>
				<identifier>	HP_Air_enginelight_2	</identifier>
				<transform>
					<row0>	0.9467 0.0000 0.3222 0.0000	</row0>
					<row1>	0.2293 0.7028 -0.6735 0.0000	</row1>
					<row2>	-0.2265 0.7114 0.6653 0.0000	</row2>
					<row3>	0.0168 0.0914 0.0330 1.0000	</row3>
				</transform>
			</node>
			<node>
				<identifier>	HP_Air_fire_1	</identifier>
				<transform>
					<row0>	1.0000 0.0000 0.0000 0.0000	</row0>
					<row1>	0.0000 1.0000 0.0000 0.0000	</row1>
					<row2>	0.0000 0.0000 1.0000 0.0000	</row2>
					<row3>	0.0168 0.0914 0.0330 1.0000	</row3>
				</transform>
			</node>
			<node>
				<identifier>	HP_Air_fire_2	</identifier>
				<transform>
					<row0>	1.0000 0.0000 0.0000 0.0000	</row0>
					<row1>	0.0000 1.0000 0.0000 0.0000	</row1>
					<row2>	0.0000 0.0000 1.0000 0.0000	</row2>
					<row3>	-0.0168 0.0914 0.0330 1.0000	</row3>
				</transform>
			</node>
			<node>
				<identifier>	HP_Air_fire_3	</identifier>
				<transform>
					<row0>	1.0000 0.0000 0.0000 0.0000	</row0>
					<row1>	0.0000 1.0000 0.0000 0.0000	</row1>
					<row2>	0.0000 0.0000 1.0000 0.0000	</row2>
					<row3>	-0.1593 0.1274 -0.0501 1.0000	</row3>
				</transform>
			</node>
			<node>
				<identifier>	HP_Air_fire_4	</identifier>
				<transform>
					<row0>	1.0000 0.0000 0.0000 0.0000	</row0>
					<row1>	0.0000 1.0000 0.0000 0.0000	</row1>
					<row2>	0.0000 0.0000 1.0000 0.0000	</row2>
					<row3>	0.1352 0.1255 -0.0542 1.0000	</row3>
				</transform>
			</node>
			<node>
				<identifier>	HP_Air_fire_5	</identifier>
				<transform>
					<row0>	1.0000 0.0000 0.0000 0.0000	</row0>
					<row1>	0.0000 1.0000 0.0000 0.0000	</row1>
					<row2>	0.0000 0.0000 1.0000 0.0000	</row2>
					<row3>	0.0647 0.1179 -0.0802 1.0000	</row3>
				</transform>
			</node>
			<node>
				<identifier>	HP_Air_fire_6	</identifier>
				<transform>
					<row0>	1.0000 0.0000 0.0000 0.0000	</row0>
					<row1>	0.0000 1.0000 0.0000 0.0000	</row1>
					<row2>	0.0000 0.0000 1.0000 0.0000	</row2>
					<row3>	0.0000 0.0883 -0.0117 1.0000	</row3>
				</transform>
			</node>
			<node>
				<identifier>	HP_Air_fire_7	</identifier>
				<transform>
					<row0>	1.0000 0.0000 0.0000 0.0000	</row0>
					<row1>	0.0000 1.0000 0.0000 0.0000	</row1>
					<row2>	0.0000 0.0000 1.0000 0.0000	</row2>
					<row3>	0.0252 0.1309 -0.3155 1.0000	</row3>
				</transform>
			</node>
			<node>
				<identifier>	HP_Air_flytrail_1	</identifier>
				<transform>
					<row0>	1.0000 0.0000 0.0000 0.0000	</row0>
					<row1>	0.0000 1.0000 0.0000 0.0000	</row1>
					<row2>	0.0000 0.0000 1.0000 0.0000	</row2>
					<row3>	-0.4028 0.1422 -0.0500 1.0000	</row3>
				</transform>
			</node>
			<node>
				<identifier>	HP_Air_flytrail_2	</identifier>
				<transform>
					<row0>	1.0000 0.0000 0.0000 0.0000	</row0>
					<row1>	0.0000 1.0000 0.0000 0.0000	</row1>
					<row2>	0.0000 0.0000 1.0000 0.0000	</row2>
					<row3>	0.4028 0.1422 -0.0500 1.0000	</row3>
				</transform>
			</node>
			<node>
				<identifier>	HP_Air_gunfire_1	</identifier>
				<transform>
					<row0>	1.0000 0.0000 0.0000 0.0000	</row0>
					<row1>	0.0000 1.0000 0.0000 0.0000	</row1>
					<row2>	0.0000 0.0000 1.0000 0.0000	</row2>
					<row3>	0.1729 0.1193 0.0421 1.0000	</row3>
				</transform>
			</node>
			<node>
				<identifier>	HP_Air_gunfire_2	</identifier>
				<transform>
					<row0>	1.0000 0.0000 0.0000 0.0000	</row0>
					<row1>	0.0000 1.0000 0.0000 0.0000	</row1>
					<row2>	0.0000 0.0000 1.0000 0.0000	</row2>
					<row3>	0.1526 0.1173 0.0421 1.0000	</row3>
				</transform>
			</node>
			<node>
				<identifier>	HP_Air_gunfire_3	</identifier>
				<transform>
					<row0>	1.0000 0.0000 0.0000 0.0000	</row0>
					<row1>	0.0000 1.0000 0.0000 0.0000	</row1>
					<row2>	0.0000 0.0000 1.0000 0.0000	</row2>
					<row3>	-0.1729 0.1195 0.0421 1.0000	</row3>
				</transform>
			</node>
			<node>
				<identifier>	HP_Air_gunfire_4	</identifier>
				<transform>
					<row0>	1.0000 0.0000 0.0000 0.0000	</row0>
					<row1>	0.0000 1.0000 0.0000 0.0000	</row1>
					<row2>	0.0000 0.0000 1.0000 0.0000	</row2>
					<row3>	-0.1526 0.1175 0.0421 1.0000	</row3>
				</transform>
			</node>
			<node>
				<identifier>	HP_Air_ricochet_1	</identifier>
				<transform>
					<row0>	1.0000 0.0000 0.0000 0.0000	</row0>
					<row1>	0.0000 1.0000 0.0000 0.0000	</row1>
					<row2>	0.0000 0.0000 1.0000 0.0000	</row2>
					<row3>	-0.0384 0.1527 -0.1824 1.0000	</row3>
				</transform>
			</node>
			<node>
				<identifier>	HP_Air_ricochet_2	</identifier>
				<transform>
					<row0>	1.0000 0.0000 0.0000 0.0000	</row0>
					<row1>	0.0000 1.0000 0.0000 0.0000	</row1>
					<row2>	0.0000 0.0000 1.0000 0.0000	</row2>
					<row3>	0.0294 0.1761 -0.0672 1.0000	</row3>
				</transform>
			</node>
			<node>
				<identifier>	HP_Air_ricochet_3	</identifier>
				<transform>
					<row0>	1.0000 0.0000 0.0000 0.0000	</row0>
					<row1>	0.0000 1.0000 0.0000 0.0000	</row1>
					<row2>	0.0000 0.0000 1.0000 0.0000	</row2>
					<row3>	0.0610 0.1669 -0.3872 1.0000	</row3>
				</transform>
			</node>
			<node>
				<identifier>	HP_Air_ricochet_4	</identifier>
				<transform>
					<row0>	1.0000 0.0000 0.0000 0.0000	</row0>
					<row1>	0.0000 1.0000 0.0000 0.0000	</row1>
					<row2>	0.0000 0.0000 1.0000 0.0000	</row2>
					<row3>	-0.0953 0.1660 -0.4304 1.0000	</row3>
				</transform>
			</node>
			<node>
				<identifier>	HP_Air_ricochet_5	</identifier>
				<transform>
					<row0>	1.0000 0.0000 0.0000 0.0000	</row0>
					<row1>	0.0000 1.0000 0.0000 0.0000	</row1>
					<row2>	0.0000 0.0000 1.0000 0.0000	</row2>
					<row3>	-0.2708 0.1356 -0.0515 1.0000	</row3>
				</transform>
			</node>
			<node>
				<identifier>	HP_Air_ricochet_6	</identifier>
				<transform>
					<row0>	1.0000 0.0000 0.0000 0.0000	</row0>
					<row1>	0.0000 1.0000 0.0000 0.0000	</row1>
					<row2>	0.0000 0.0000 1.0000 0.0000	</row2>
					<row3>	0.3044 0.1364 -0.0656 1.0000	</row3>
				</transform>
			</node>
			<node>
				<identifier>	HP_Air_rocket_1	</identifier>
				<transform>
					<row0>	0.9930 0.1180 0.0000 0.0000	</row0>
					<row1>	-0.1180 0.9930 0.0000 0.0000	</row1>
					<row2>	0.0000 0.0000 1.0000 0.0000	</row2>
					<row3>	0.2629 0.1162 -0.0712 1.0000	</row3>
				</transform>
			</node>
			<node>
				<identifier>	HP_Air_rocket_2	</identifier>
				<transform>
					<row0>	0.9930 -0.1180 0.0000 0.0000	</row0>
					<row1>	0.1180 0.9930 0.0000 0.0000	</row1>
					<row2>	0.0000 0.0000 1.0000 0.0000	</row2>
					<row3>	-0.2629 0.1162 -0.0712 1.0000	</row3>
				</transform>
			</node>
			<node>
				<identifier>	HP_Air_rocket_3	</identifier>
				<transform>
					<row0>	0.9930 0.1180 0.0000 0.0000	</row0>
					<row1>	-0.1180 0.9930 0.0000 0.0000	</row1>
					<row2>	0.0000 0.0000 1.0000 0.0000	</row2>
					<row3>	0.2315 0.1125 -0.0712 1.0000	</row3>
				</transform>
			</node>
			<node>
				<identifier>	HP_Air_rocket_4	</identifier>
				<transform>
					<row0>	0.9930 -0.1180 0.0000 0.0000	</row0>
					<row1>	0.1180 0.9930 0.0000 0.0000	</row1>
					<row2>	0.0000 0.0000 1.0000 0.0000	</row2>
					<row3>	-0.2315 0.1125 -0.0712 1.0000	</row3>
				</transform>
			</node>
			<node>
				<identifier>	HP_Air_rocket_5	</identifier>
				<transform>
					<row0>	0.9930 0.1180 0.0000 0.0000	</row0>
					<row1>	-0.1180 0.9930 0.0000 0.0000	</row1>
					<row2>	0.0000 0.0000 1.0000 0.0000	</row2>
					<row3>	0.2003 0.1088 -0.0712 1.0000	</row3>
				</transform>
			</node>
			<node>
				<identifier>	HP_Air_rocket_6	</identifier>
				<transform>
					<row0>	0.9930 -0.1180 0.0000 0.0000	</row0>
					<row1>	0.1180 0.9930 0.0000 0.0000	</row1>
					<row2>	0.0000 0.0000 1.0000 0.0000	</row2>
					<row3>	-0.2003 0.1088 -0.0712 1.0000	</row3>
				</transform>
			</node>
			<node>
				<identifier>	HP_Air_sleeve_1	</identifier>
				<transform>
					<row0>	1.0000 0.0000 0.0000 0.0000	</row0>
					<row1>	0.0000 1.0000 0.0000 0.0000	</row1>
					<row2>	0.0000 0.0000 1.0000 0.0000	</row2>
					<row3>	0.1758 0.1119 -0.0550 1.0000	</row3>
				</transform>
			</node>
			<node>
				<identifier>	HP_Air_sleeve_2	</identifier>
				<transform>
					<row0>	1.0000 0.0000 0.0000 0.0000	</row0>
					<row1>	0.0000 1.0000 0.0000 0.0000	</row1>
					<row2>	0.0000 0.0000 1.0000 0.0000	</row2>
					<row3>	0.1536 0.1095 -0.0550 1.0000	</row3>
				</transform>
			</node>
			<node>
				<identifier>	HP_Air_sleeve_3	</identifier>
				<transform>
					<row0>	1.0000 0.0000 0.0000 0.0000	</row0>
					<row1>	0.0000 1.0000 0.0000 0.0000	</row1>
					<row2>	0.0000 0.0000 1.0000 0.0000	</row2>
					<row3>	-0.1538 0.1095 -0.0550 1.0000	</row3>
				</transform>
			</node>
			<node>
				<identifier>	HP_Air_sleeve_4	</identifier>
				<transform>
					<row0>	1.0000 0.0000 0.0000 0.0000	</row0>
					<row1>	0.0000 1.0000 0.0000 0.0000	</row1>
					<row2>	0.0000 0.0000 1.0000 0.0000	</row2>
					<row3>	-0.1761 0.1118 -0.0550 1.0000	</row3>
				</transform>
			</node>
			<node>
				<identifier>	HP_jato_1	</identifier>
				<transform>
					<row0>	1.0000 0.0000 0.0000 0.0000	</row0>
					<row1>	0.0000 0.9999 0.0157 0.0000	</row1>
					<row2>	0.0000 -0.0157 0.9999 0.0000	</row2>
					<row3>	-0.0333 0.0960 -0.1070 1.0000	</row3>
				</transform>
			</node>
			<node>
				<identifier>	HP_jato_2	</identifier>
				<transform>
					<row0>	1.0000 0.0000 0.0000 0.0000	</row0>
					<row1>	0.0000 0.9999 0.0157 0.0000	</row1>
					<row2>	0.0000 -0.0157 0.9999 0.0000	</row2>
					<row3>	0.0333 0.0960 -0.1070 1.0000	</row3>
				</transform>
			</node>
			<node>
				<identifier>	HP_smoke_generator_1	</identifier>
				<transform>
					<row0>	1.0000 0.0000 0.0000 0.0000	</row0>
					<row1>	0.0000 1.0000 0.0000 0.0000	</row1>
					<row2>	0.0000 0.0000 1.0000 0.0000	</row2>
					<row3>	0.0000 0.0998 -0.0806 1.0000	</row3>
				</transform>
			</node>
			<node>
				<identifier>	Root_BlendBone	</identifier>
				<transform>
					<row0>	1.0000 0.0000 0.0000 0.0000	</row0>
					<row1>	0.0000 1.0000 0.0000 0.0000	</row1>
					<row2>	0.0000 0.0000 1.0000 0.0000	</row2>
					<row3>	0.0000 0.0000 0.0000 1.0000	</row3>
				</transform>
			</node>
			<node>
				<identifier>	elevator_1	</identifier>
				<transform>
					<row0>	1.0000 0.0000 0.0000 0.0000	</row0>
					<row1>	0.0000 1.0000 0.0000 0.0000	</row1>
					<row2>	0.0000 0.0000 1.0000 0.0000	</row2>
					<row3>	0.0000 0.1643 -0.4367 1.0000	</row3>
				</transform>
				<node>
					<identifier>	elevator_1_BlendBone	</identifier>
					<transform>
						<row0>	1.0000 0.0000 0.0000 0.0000	</row0>
						<row1>	0.0000 1.0000 0.0000 0.0000	</row1>
						<row2>	0.0000 0.0000 1.0000 0.0000	</row2>
						<row3>	0.0000 -0.1643 0.4367 1.0000	</row3>
					</transform>
				</node>
			</node>
			<node>
				<identifier>	l_ailerone_1	</identifier>
				<transform>
					<row0>	0.9862 -0.1104 -0.1236 0.0000	</row0>
					<row1>	0.1113 0.9938 0.0000 0.0000	</row1>
					<row2>	0.1229 -0.0138 0.9923 0.0000	</row2>
					<row3>	-0.3617 0.1364 -0.0810 1.0000	</row3>
				</transform>
				<node>
					<identifier>	l_ailerone_1_BlendBone	</identifier>
					<transform>
						<row0>	0.9862 0.1113 0.1229 0.0000	</row0>
						<row1>	-0.1104 0.9938 -0.0138 0.0000	</row1>
						<row2>	-0.1236 0.0000 0.9923 0.0000	</row2>
						<row3>	0.3617 -0.0953 0.1267 1.0000	</row3>
					</transform>
				</node>
			</node>
			<node>
				<identifier>	l_flaps_1	</identifier>
				<transform>
					<row0>	0.9925 0.0000 -0.1224 0.0000	</row0>
					<row1>	0.0000 1.0000 0.0000 0.0000	</row1>
					<row2>	0.1224 0.0000 0.9925 0.0000	</row2>
					<row3>	-0.2001 0.1171 -0.0960 1.0000	</row3>
				</transform>
				<node>
					<identifier>	l_flaps_1_BlendBone	</identifier>
					<transform>
						<row0>	0.9925 0.0000 0.1224 0.0000	</row0>
						<row1>	0.0000 1.0000 0.0000 0.0000	</row1>
						<row2>	-0.1224 0.0000 0.9925 0.0000	</row2>
						<row3>	0.1869 -0.1171 0.1198 1.0000	</row3>
					</transform>
				</node>
			</node>
			<node>
				<identifier>	r_ailerone_1	</identifier>
				<transform>
					<row0>	0.9862 0.1104 0.1237 0.0000	</row0>
					<row1>	-0.1113 0.9938 0.0000 0.0000	</row1>
					<row2>	-0.1229 -0.0138 0.9923 0.0000	</row2>
					<row3>	0.3617 0.1364 -0.0810 1.0000	</row3>
				</transform>
				<node>
					<identifier>	r_ailerone_1_BlendBone	</identifier>
					<transform>
						<row0>	0.9862 -0.1113 -0.1229 0.0000	</row0>
						<row1>	0.1104 0.9938 -0.0138 0.0000	</row1>
						<row2>	0.1237 0.0000 0.9923 0.0000	</row2>
						<row3>	-0.3617 -0.0952 0.1267 1.0000	</row3>
					</transform>
				</node>
			</node>
			<node>
				<identifier>	r_flaps_1	</identifier>
				<transform>
					<row0>	0.9925 0.0000 0.1224 0.0000	</row0>
					<row1>	0.0000 1.0000 0.0000 0.0000	</row1>
					<row2>	-0.1224 0.0000 0.9925 0.0000	</row2>
					<row3>	0.2001 0.1171 -0.0960 1.0000	</row3>
				</transform>
				<node>
					<identifier>	r_flaps_1_BlendBone	</identifier>
					<transform>
						<row0>	0.9925 0.0000 -0.1224 0.0000	</row0>
						<row1>	0.0000 1.0000 0.0000 0.0000	</row1>
						<row2>	0.1224 0.0000 0.9925 0.0000	</row2>
						<row3>	-0.1869 -0.1171 0.1198 1.0000	</row3>
					</transform>
				</node>
			</node>
			<node>
				<identifier>	rudder_1	</identifier>
				<transform>
					<row0>	1.0000 0.0000 0.0000 0.0000	</row0>
					<row1>	0.0000 1.0000 0.0000 0.0000	</row1>
					<row2>	0.0000 0.0000 1.0000 0.0000	</row2>
					<row3>	0.0000 0.1289 -0.4559 1.0000	</row3>
				</transform>
				<node>
					<identifier>	rudder_1_BlendBone	</identifier>
					<transform>
						<row0>	1.0000 0.0000 0.0000 0.0000	</row0>
						<row1>	0.0000 1.0000 0.0000 0.0000	</row1>
						<row2>	0.0000 0.0000 1.0000 0.0000	</row2>
						<row3>	0.0000 -0.1289 0.4559 1.0000	</row3>
					</transform>
				</node>
			</node>
		</node>
		<node>
			<identifier>	hull	</identifier>
			<transform>
				<row0>	1.0000 0.0000 0.0000 0.0000	</row0>
				<row1>	0.0000 1.0000 0.0000 0.0000	</row1>
				<row2>	0.0000 0.0000 1.0000 0.0000	</row2>
				<row3>	0.0000 0.0000 0.0000 1.0000	</row3>
			</transform>
			<node>
				<identifier>	chassis_off_BlendBone	</identifier>
				<transform>
					<row0>	1.0000 0.0000 0.0000 0.0000	</row0>
					<row1>	0.0000 1.0000 0.0000 0.0000	</row1>
					<row2>	0.0000 0.0000 1.0000 0.0000	</row2>
					<row3>	0.0000 0.0000 0.0000 1.0000	</row3>
				</transform>
			</node>
			<node>
				<identifier>	chassis_on_BlendBone	</identifier>
				<transform>
					<row0>	1.0000 0.0000 0.0000 0.0000	</row0>
					<row1>	0.0000 1.0000 0.0000 0.0000	</row1>
					<row2>	0.0000 0.0000 1.0000 0.0000	</row2>
					<row3>	0.0000 0.0000 0.0000 1.0000	</row3>
				</transform>
			</node>
			<node>
				<identifier>	hull_wire	</identifier>
				<transform>
					<row0>	1.0000 0.0000 0.0000 0.0000	</row0>
					<row1>	0.0000 1.0000 0.0000 0.0000	</row1>
					<row2>	0.0000 0.0000 1.0000 0.0000	</row2>
					<row3>	0.0000 0.0000 0.0000 1.0000	</row3>
				</transform>
			</node>
			<node>
				<identifier>	propeller_mod	</identifier>
				<transform>
					<row0>	1.0000 0.0000 0.0000 0.0000	</row0>
					<row1>	0.0000 1.0000 0.0000 0.0000	</row1>
					<row2>	0.0000 0.0000 1.0000 0.0000	</row2>
					<row3>	0.0000 0.1354 0.1108 1.0000	</row3>
				</transform>
				<node>
					<identifier>	disc	</identifier>
					<transform>
						<row0>	1.0000 0.0000 0.0000 0.0000	</row0>
						<row1>	0.0000 1.0000 0.0000 0.0000	</row1>
						<row2>	0.0000 0.0000 1.0000 0.0000	</row2>
						<row3>	0.0000 0.0000 0.0000 1.0000	</row3>
					</transform>
					<node>
						<identifier>	disc_cap	</identifier>
						<transform>
							<row0>	1.0000 0.0000 0.0000 0.0000	</row0>
							<row1>	0.0000 1.0000 0.0000 0.0000	</row1>
							<row2>	0.0000 0.0000 1.0000 0.0000	</row2>
							<row3>	0.0000 0.0000 0.0000 1.0000	</row3>
						</transform>
					</node>
				</node>
				<node>
					<identifier>	mod	</identifier>
					<transform>
						<row0>	1.0000 0.0000 0.0000 0.0000	</row0>
						<row1>	0.0000 1.0000 0.0000 0.0000	</row1>
						<row2>	0.0000 0.0000 1.0000 0.0000	</row2>
						<row3>	0.0000 0.0000 0.0000 1.0000	</row3>
					</transform>
				</node>
			</node>
			<node>
				<identifier>	pylon_rocket_default_BlendBone	</identifier>
				<transform>
					<row0>	1.0000 0.0000 0.0000 0.0000	</row0>
					<row1>	0.0000 1.0000 0.0000 0.0000	</row1>
					<row2>	0.0000 0.0000 1.0000 0.0000	</row2>
					<row3>	0.0000 0.0000 0.0000 1.0000	</row3>
				</transform>
			</node>
		</node>
	</node>
	<renderSet>
		<treatAsWorldSpaceObject>	false	</treatAsWorldSpaceObject>
		<node>	chassis_off_BlendBone	</node>
		<geometry>
			<vertices>	chassis_off_BlendBoneShape.vertices	</vertices>
			<primitive>	chassis_off_BlendBoneShape.indices	</primitive>
			<primitiveGroup>	0
				<material>
					<identifier>	SHIPMAT_PBS_Other	</identifier>
					<mfm>	PnFMods/ModsSDK.zip/JSA108_Shokaku/aircraft/JAF709_Kawanishi_N1K2.mfm	</mfm>
				</material>
			</primitiveGroup>
		</geometry>
	</renderSet>
	<renderSet>
		<treatAsWorldSpaceObject>	false	</treatAsWorldSpaceObject>
		<node>	chassis_on_BlendBone	</node>
		<geometry>
			<vertices>	chassis_on_BlendBoneShape.vertices	</vertices>
			<primitive>	chassis_on_BlendBoneShape.indices	</primitive>
			<primitiveGroup>	0
				<material>
					<identifier>	SHIPMAT_PBS_Other	</identifier>
					<mfm>	PnFMods/ModsSDK.zip/JSA108_Shokaku/aircraft/JAF709_Kawanishi_N1K2.mfm	</mfm>
				</material>
			</primitiveGroup>
		</geometry>
	</renderSet>
	<renderSet>
		<treatAsWorldSpaceObject>	false	</treatAsWorldSpaceObject>
		<node>	disc	</node>
		<geometry>
			<vertices>	discShape.vertices	</vertices>
			<primitive>	discShape.indices	</primitive>
			<primitiveGroup>	0
				<material>
					<identifier>	PROPELLERMAT_propeller	</identifier>
					<mfm>	PnFMods/ModsSDK.zip/JSA108_Shokaku/aircraft/Japan_Disk_4Blade_01_alpha.mfm	</mfm>
				</material>
			</primitiveGroup>
		</geometry>
	</renderSet>
	<renderSet>
		<treatAsWorldSpaceObject>	false	</treatAsWorldSpaceObject>
		<node>	disc_cap	</node>
		<geometry>
			<vertices>	disc_capShape.vertices	</vertices>
			<primitive>	disc_capShape.indices	</primitive>
			<primitiveGroup>	0
				<material>
					<identifier>	SHIPMAT_PBS_Other	</identifier>
					<mfm>	PnFMods/ModsSDK.zip/JSA108_Shokaku/aircraft/JAF709_Kawanishi_N1K2.mfm	</mfm>
				</material>
			</primitiveGroup>
		</geometry>
	</renderSet>
	<renderSet>
		<treatAsWorldSpaceObject>	true	</treatAsWorldSpaceObject>
		<node>	elevator_1_BlendBone	</node>
		<node>	r_flaps_1_BlendBone	</node>
		<node>	l_ailerone_1_BlendBone	</node>
		<node>	l_flaps_1_BlendBone	</node>
		<node>	rudder_1_BlendBone	</node>
		<node>	r_ailerone_1_BlendBone	</node>
		<node>	Root_BlendBone	</node>
		<geometry>
			<vertices>	hullShape.vertices	</vertices>
			<primitive>	hullShape.indices	</primitive>
			<primitiveGroup>	0
				<material>
					<identifier>	SHIPMAT_PBS_Hull_skinned	</identifier>
					<mfm>	PnFMods/ModsSDK.zip/JSA108_Shokaku/aircraft/JAF709_Kawanishi_N1K2_skinned.mfm	</mfm>
				</material>
			</primitiveGroup>
		</geometry>
	</renderSet>
	<renderSet>
		<treatAsWorldSpaceObject>	false	</treatAsWorldSpaceObject>
		<node>	hull_wire	</node>
		<geometry>
			<vertices>	hull_wireShape.vertices	</vertices>
			<primitive>	hull_wireShape.indices	</primitive>
			<primitiveGroup>	0
				<material>
					<identifier>	SHIPWIRE_PBS_Hull	</identifier>
					<mfm>	PnFMods/ModsSDK.zip/JSA108_Shokaku/aircraft/JAF709_Kawanishi_N1K2_wire.mfm	</mfm>
				</material>
			</primitiveGroup>
		</geometry>
	</renderSet>
	<renderSet>
		<treatAsWorldSpaceObject>	false	</treatAsWorldSpaceObject>
		<node>	mod	</node>
		<geometry>
			<vertices>	modShape.vertices	</vertices>
			<primitive>	modShape.indices	</primitive>
			<primitiveGroup>	0
				<material>
					<identifier>	SHIPMAT_PBS_Other	</identifier>
					<mfm>	PnFMods/ModsSDK.zip/JSA108_Shokaku/aircraft/JAF709_Kawanishi_N1K2.mfm	</mfm>
				</material>
			</primitiveGroup>
		</geometry>
	</renderSet>
	<renderSet>
		<treatAsWorldSpaceObject>	false	</treatAsWorldSpaceObject>
		<node>	pylon_rocket_default_BlendBone	</node>
		<geometry>
			<vertices>	pylon_rocket_default_BlendBoneShape.vertices	</vertices>
			<primitive>	pylon_rocket_default_BlendBoneShape.indices	</primitive>
			<primitiveGroup>	0
				<material>
					<identifier>	SHIPMAT_PBS_Other	</identifier>
					<mfm>	PnFMods/ModsSDK.zip/JSA108_Shokaku/aircraft/JAF709_Kawanishi_N1K2.mfm	</mfm>
				</material>
			</primitiveGroup>
		</geometry>
	</renderSet>
	<boundingBox>
		<min>	-0.4028 0.0687 -0.4884	</min>
		<max>	0.4028 0.2625 0.1775	</max>
	</boundingBox>
</JAF709_Kawanishi_N1K2_proto.visual>
