<IGM078_381mm_50_2barrels_M1934_lod2.visual>
	<node>
		<identifier>	Scene Root	</identifier>
		<transform>
			<row0>	1.0000 0.0000 0.0000 0.0000	</row0>
			<row1>	0.0000 1.0000 0.0000 0.0000	</row1>
			<row2>	0.0000 0.0000 1.0000 0.0000	</row2>
			<row3>	0.0000 0.0000 0.0000 1.0000	</row3>
		</transform>
		<node>
			<identifier>	Root	</identifier>
			<transform>
				<row0>	1.0000 0.0000 0.0000 0.0000	</row0>
				<row1>	0.0000 1.0000 0.0000 0.0000	</row1>
				<row2>	0.0000 0.0000 1.0000 0.0000	</row2>
				<row3>	0.0000 0.0000 0.0000 1.0000	</row3>
			</transform>
			<node>
				<identifier>	Root_BlendBone	</identifier>
				<transform>
					<row0>	1.0000 0.0000 0.0000 0.0000	</row0>
					<row1>	0.0000 1.0000 0.0000 0.0000	</row1>
					<row2>	0.0000 0.0000 -1.0000 0.0000	</row2>
					<row3>	0.0000 0.0000 0.0000 1.0000	</row3>
				</transform>
			</node>
			<node>
				<identifier>	Rotate_Y	</identifier>
				<transform>
					<row0>	1.0000 0.0000 0.0000 0.0000	</row0>
					<row1>	0.0000 1.0000 0.0000 0.0000	</row1>
					<row2>	0.0000 0.0000 1.0000 0.0000	</row2>
					<row3>	0.0000 0.0333 0.0000 1.0000	</row3>
				</transform>
				<node>
					<identifier>	HP_IGA_1	</identifier>
					<transform>
						<row0>	1.0000 0.0000 0.0000 0.0000	</row0>
						<row1>	0.0000 1.0000 0.0000 0.0000	</row1>
						<row2>	0.0000 0.0000 1.0000 0.0000	</row2>
						<row3>	-0.1158 0.1989 -0.3350 1.0000	</row3>
					</transform>
				</node>
				<node>
					<identifier>	HP_IGA_2	</identifier>
					<transform>
						<row0>	1.0000 0.0000 0.0000 0.0000	</row0>
						<row1>	0.0000 1.0000 0.0000 0.0000	</row1>
						<row2>	0.0000 0.0000 1.0000 0.0000	</row2>
						<row3>	0.1158 0.1989 -0.3350 1.0000	</row3>
					</transform>
				</node>
				<node>
					<identifier>	MP_IM021_Turtle	</identifier>
					<transform>
						<row0>	0.9901 0.0000 0.1405 0.0000	</row0>
						<row1>	0.0000 1.0000 0.0000 0.0000	</row1>
						<row2>	-0.1405 0.0000 0.9901 0.0000	</row2>
						<row3>	0.1148 0.2555 -0.5115 1.0000	</row3>
					</transform>
				</node>
				<node>
					<identifier>	MP_IM021_Turtle_INDEX_1	</identifier>
					<transform>
						<row0>	0.9904 0.0000 0.1381 0.0000	</row0>
						<row1>	0.0000 1.0000 0.0000 0.0000	</row1>
						<row2>	-0.1381 0.0000 0.9904 0.0000	</row2>
						<row3>	0.0999 0.2556 -0.5132 1.0000	</row3>
					</transform>
				</node>
				<node>
					<identifier>	MP_IM021_Turtle_INDEX_2	</identifier>
					<transform>
						<row0>	0.9990 0.0000 0.0442 0.0000	</row0>
						<row1>	0.0000 1.0000 0.0000 0.0000	</row1>
						<row2>	-0.0442 0.0000 0.9990 0.0000	</row2>
						<row3>	0.0382 0.2558 -0.5214 1.0000	</row3>
					</transform>
				</node>
				<node>
					<identifier>	MP_IM021_Turtle_INDEX_3	</identifier>
					<transform>
						<row0>	0.9896 0.0000 0.1441 0.0000	</row0>
						<row1>	0.0000 1.0000 0.0000 0.0000	</row1>
						<row2>	-0.1441 0.0000 0.9896 0.0000	</row2>
						<row3>	0.1089 0.2377 -0.5120 1.0000	</row3>
					</transform>
				</node>
				<node>
					<identifier>	MP_IM021_Turtle_INDEX_4	</identifier>
					<transform>
						<row0>	0.9994 0.0000 0.0353 0.0000	</row0>
						<row1>	0.0000 1.0000 0.0000 0.0000	</row1>
						<row2>	-0.0353 0.0000 0.9994 0.0000	</row2>
						<row3>	0.0224 0.2555 -0.5220 1.0000	</row3>
					</transform>
				</node>
				<node>
					<identifier>	MP_IM021_Turtle_INDEX_5	</identifier>
					<transform>
						<row0>	0.9891 0.0000 0.1469 0.0000	</row0>
						<row1>	0.0000 1.0000 0.0000 0.0000	</row1>
						<row2>	-0.1469 0.0000 0.9891 0.0000	</row2>
						<row3>	0.1233 0.2377 -0.5100 1.0000	</row3>
					</transform>
				</node>
				<node>
					<identifier>	MP_IM021_Turtle_INDEX_6	</identifier>
					<transform>
						<row0>	0.9993 0.0000 0.0380 0.0000	</row0>
						<row1>	0.0000 1.0000 0.0000 0.0000	</row1>
						<row2>	-0.0380 0.0000 0.9993 0.0000	</row2>
						<row3>	0.0311 0.2378 -0.5217 1.0000	</row3>
					</transform>
				</node>
				<node>
					<identifier>	MP_IM021_Turtle_INDEX_7	</identifier>
					<transform>
						<row0>	0.9824 0.0000 0.1869 0.0000	</row0>
						<row1>	0.0000 1.0000 0.0000 0.0000	</row1>
						<row2>	-0.1869 0.0000 0.9824 0.0000	</row2>
						<row3>	0.1292 0.2556 -0.5091 1.0000	</row3>
					</transform>
				</node>
				<node>
					<identifier>	MP_IM021_Turtle_INDEX_8	</identifier>
					<transform>
						<row0>	0.9924 0.0000 0.1229 0.0000	</row0>
						<row1>	0.0000 1.0000 0.0000 0.0000	</row1>
						<row2>	-0.1229 0.0000 0.9924 0.0000	</row2>
						<row3>	0.0927 0.2377 -0.5141 1.0000	</row3>
					</transform>
				</node>
				<node>
					<identifier>	MP_IM021_Turtle_INDEX_9	</identifier>
					<transform>
						<row0>	0.9903 0.0000 0.1389 0.0000	</row0>
						<row1>	0.0000 1.0000 0.0000 0.0000	</row1>
						<row2>	-0.1389 0.0000 0.9903 0.0000	</row2>
						<row3>	0.0856 0.2556 -0.5153 1.0000	</row3>
					</transform>
				</node>
				<node>
					<identifier>	MP_IM462_Gun_Deck_IGM078	</identifier>
					<transform>
						<row0>	1.0000 0.0000 0.0000 0.0000	</row0>
						<row1>	0.0000 1.0000 0.0000 0.0000	</row1>
						<row2>	0.0000 0.0000 1.0000 0.0000	</row2>
						<row3>	0.0000 -0.0333 0.0000 1.0000	</row3>
					</transform>
				</node>
				<node>
					<identifier>	MP_IM464_Rangefinder_IGM078	</identifier>
					<transform>
						<row0>	1.0000 0.0000 0.0000 0.0000	</row0>
						<row1>	0.0000 1.0000 0.0000 0.0000	</row1>
						<row2>	0.0000 0.0000 1.0000 0.0000	</row2>
						<row3>	0.0000 -0.0333 0.0000 1.0000	</row3>
					</transform>
				</node>
				<node>
					<identifier>	MP_IM500_Life_Boat	</identifier>
					<transform>
						<row0>	-0.0022 -0.1212 0.9926 0.0000	</row0>
						<row1>	0.0000 0.9926 0.1212 0.0000	</row1>
						<row2>	-1.0000 0.0003 -0.0021 0.0000	</row2>
						<row3>	-0.1258 0.1667 0.0811 1.0000	</row3>
					</transform>
				</node>
				<node>
					<identifier>	MP_IM500_Life_Boat_INDEX_1	</identifier>
					<transform>
						<row0>	0.0000 -0.1227 0.9924 0.0000	</row0>
						<row1>	0.0000 0.9924 0.1227 0.0000	</row1>
						<row2>	-1.0000 0.0000 0.0000 0.0000	</row2>
						<row3>	-0.1258 0.1870 -0.0833 1.0000	</row3>
					</transform>
				</node>
				<node>
					<identifier>	MP_IM500_Life_Boat_INDEX_2	</identifier>
					<transform>
						<row0>	0.0000 0.1227 -0.9924 0.0000	</row0>
						<row1>	0.0000 0.9924 0.1227 0.0000	</row1>
						<row2>	1.0000 0.0000 0.0000 0.0000	</row2>
						<row3>	0.1259 0.1870 -0.0833 1.0000	</row3>
					</transform>
				</node>
				<node>
					<identifier>	MP_IM500_Life_Boat_INDEX_3	</identifier>
					<transform>
						<row0>	1.0000 0.0000 0.0000 0.0000	</row0>
						<row1>	0.0000 1.0000 0.0000 0.0000	</row1>
						<row2>	0.0000 0.0000 1.0000 0.0000	</row2>
						<row3>	-0.0926 0.1989 -0.3311 1.0000	</row3>
					</transform>
				</node>
				<node>
					<identifier>	MP_IM500_Life_Boat_INDEX_4	</identifier>
					<transform>
						<row0>	0.0166 0.1211 -0.9925 0.0000	</row0>
						<row1>	0.0000 0.9926 0.1212 0.0000	</row1>
						<row2>	0.9999 -0.0020 0.0165 0.0000	</row2>
						<row3>	0.1260 0.1666 0.0811 1.0000	</row3>
					</transform>
				</node>
				<node>
					<identifier>	MP_IM500_Life_Boat_INDEX_5	</identifier>
					<transform>
						<row0>	1.0000 0.0000 0.0000 0.0000	</row0>
						<row1>	0.0000 1.0000 0.0000 0.0000	</row1>
						<row2>	0.0000 0.0000 1.0000 0.0000	</row2>
						<row3>	0.0926 0.1989 -0.3310 1.0000	</row3>
					</transform>
				</node>
				<node>
					<identifier>	Rotate_X	</identifier>
					<transform>
						<row0>	1.0000 0.0000 0.0000 0.0000	</row0>
						<row1>	0.0000 1.0000 0.0000 0.0000	</row1>
						<row2>	0.0000 0.0000 1.0000 0.0000	</row2>
						<row3>	0.0000 0.0450 0.2893 1.0000	</row3>
					</transform>
					<node>
						<identifier>	Roll_Back1	</identifier>
						<transform>
							<row0>	1.0000 0.0000 0.0000 0.0000	</row0>
							<row1>	0.0000 1.0000 0.0000 0.0000	</row1>
							<row2>	0.0000 0.0000 1.0000 0.0000	</row2>
							<row3>	0.0000 0.0000 0.9305 1.0000	</row3>
						</transform>
						<node>
							<identifier>	HP_gunFire1	</identifier>
							<transform>
								<row0>	1.0000 0.0000 0.0000 0.0000	</row0>
								<row1>	0.0000 1.0000 0.0000 0.0000	</row1>
								<row2>	0.0000 0.0000 1.0000 0.0000	</row2>
								<row3>	0.0844 0.0000 0.0000 1.0000	</row3>
							</transform>
						</node>
						<node>
							<identifier>	HP_gunFire2	</identifier>
							<transform>
								<row0>	1.0000 0.0000 0.0000 0.0000	</row0>
								<row1>	0.0000 1.0000 0.0000 0.0000	</row1>
								<row2>	0.0000 0.0000 1.0000 0.0000	</row2>
								<row3>	-0.0844 0.0000 0.0000 1.0000	</row3>
							</transform>
						</node>
						<node>
							<identifier>	HP_gunFireEffect	</identifier>
							<transform>
								<row0>	1.0000 0.0000 0.0000 0.0000	</row0>
								<row1>	0.0000 1.0000 0.0000 0.0000	</row1>
								<row2>	0.0000 0.0000 1.0000 0.0000	</row2>
								<row3>	0.0000 0.0000 0.0000 1.0000	</row3>
							</transform>
						</node>
						<node>
							<identifier>	Roll_Back1_BlendBone	</identifier>
							<transform>
								<row0>	1.0000 0.0000 0.0000 0.0000	</row0>
								<row1>	0.0000 1.0000 0.0000 0.0000	</row1>
								<row2>	0.0000 0.0000 -1.0000 0.0000	</row2>
								<row3>	0.0000 -0.0784 -1.2198 1.0000	</row3>
							</transform>
						</node>
					</node>
					<node>
						<identifier>	Rotate_X_BlendBone	</identifier>
						<transform>
							<row0>	1.0000 0.0000 0.0000 0.0000	</row0>
							<row1>	0.0000 1.0000 0.0000 0.0000	</row1>
							<row2>	0.0000 0.0000 -1.0000 0.0000	</row2>
							<row3>	0.0000 -0.0784 -0.2893 1.0000	</row3>
						</transform>
					</node>
				</node>
				<node>
					<identifier>	Rotate_Y_BlendBone	</identifier>
					<transform>
						<row0>	1.0000 0.0000 0.0000 0.0000	</row0>
						<row1>	0.0000 1.0000 0.0000 0.0000	</row1>
						<row2>	0.0000 0.0000 -1.0000 0.0000	</row2>
						<row3>	0.0000 -0.0333 0.0000 1.0000	</row3>
					</transform>
				</node>
			</node>
		</node>
		<node>
			<identifier>	Turret	</identifier>
			<transform>
				<row0>	1.0000 0.0000 0.0000 0.0000	</row0>
				<row1>	0.0000 1.0000 0.0000 0.0000	</row1>
				<row2>	0.0000 0.0000 1.0000 0.0000	</row2>
				<row3>	0.0000 0.0000 0.0000 1.0000	</row3>
			</transform>
		</node>
	</node>
	<renderSet>
		<treatAsWorldSpaceObject>	true	</treatAsWorldSpaceObject>
		<node>	Rotate_Y_BlendBone	</node>
		<node>	Rotate_X_BlendBone	</node>
		<node>	Roll_Back1_BlendBone	</node>
		<geometry>
			<vertices>	Turret_lod2Shape.vertices	</vertices>
			<primitive>	Turret_lod2Shape.indices	</primitive>
			<primitiveGroup>	0
				<material>
					<identifier>	TL2_SHIPMAT_PBS_Gun_skinned	</identifier>
					<mfm>	PnFMods/ModsSDK.zip/ISB107_Francesco_Caracciolo/gun/IGM078_381mm_50_2barrels_M1934_skinned.mfm	</mfm>
				</material>
			</primitiveGroup>
		</geometry>
	</renderSet>
	<boundingBox>
		<min>	-0.4000 0.0000 -0.5233	</min>
		<max>	0.4000 0.2324 1.2198	</max>
	</boundingBox>
</IGM078_381mm_50_2barrels_M1934_lod2.visual>
