<JSD035_Hayate_1945_MidFront_ports.visual>
	<node>
		<identifier>	Scene Root	</identifier>
		<transform>
			<row0>	1.0000 0.0000 0.0000 0.0000	</row0>
			<row1>	0.0000 1.0000 0.0000 0.0000	</row1>
			<row2>	0.0000 0.0000 1.0000 0.0000	</row2>
			<row3>	0.0000 0.0000 0.0000 1.0000	</row3>
		</transform>
		<node>
			<identifier>	MidFront_ports	</identifier>
			<transform>
				<row0>	1.0000 0.0000 0.0000 0.0000	</row0>
				<row1>	0.0000 1.0000 0.0000 0.0000	</row1>
				<row2>	0.0000 0.0000 1.0000 0.0000	</row2>
				<row3>	0.0000 0.0000 0.0000 1.0000	</row3>
			</transform>
			<node>
				<identifier>	HP_FX_Death_2	</identifier>
				<transform>
					<row0>	1.0000 0.0000 0.0000 0.0000	</row0>
					<row1>	0.0000 1.0000 0.0000 0.0000	</row1>
					<row2>	0.0000 0.0000 1.0000 0.0000	</row2>
					<row3>	0.0000 0.0000 -0.2429 1.0000	</row3>
				</transform>
			</node>
			<node>
				<identifier>	HP_FX_Fire_2	</identifier>
				<transform>
					<row0>	1.0000 0.0000 0.0000 0.0000	</row0>
					<row1>	0.0000 1.0000 0.0000 0.0000	</row1>
					<row2>	0.0000 0.0000 1.0000 0.0000	</row2>
					<row3>	0.0000 0.3790 1.2946 1.0000	</row3>
				</transform>
			</node>
			<node>
				<identifier>	HP_FX_Fire_2_side_1	</identifier>
				<transform>
					<row0>	1.0000 0.0000 0.0000 0.0000	</row0>
					<row1>	0.0000 1.0000 0.0000 0.0000	</row1>
					<row2>	0.0000 0.0000 1.0000 0.0000	</row2>
					<row3>	-0.3373 0.6010 1.9179 1.0000	</row3>
				</transform>
			</node>
			<node>
				<identifier>	HP_FX_Fire_2_side_2	</identifier>
				<transform>
					<row0>	1.0000 0.0000 0.0000 0.0000	</row0>
					<row1>	0.0000 1.0000 0.0000 0.0000	</row1>
					<row2>	0.0000 0.0000 1.0000 0.0000	</row2>
					<row3>	0.3011 0.2825 1.3073 1.0000	</row3>
				</transform>
			</node>
			<node>
				<identifier>	HP_FX_Fire_2_side_3	</identifier>
				<transform>
					<row0>	1.0000 0.0000 0.0000 0.0000	</row0>
					<row1>	0.0000 1.0000 0.0000 0.0000	</row1>
					<row2>	0.0000 0.0000 1.0000 0.0000	</row2>
					<row3>	-0.3143 0.5750 0.3645 1.0000	</row3>
				</transform>
			</node>
			<node>
				<identifier>	HP_FX_FloodLight_left_1	</identifier>
				<transform>
					<row0>	-1.0000 0.0000 0.0000 0.0000	</row0>
					<row1>	0.0000 1.0000 0.0000 0.0000	</row1>
					<row2>	0.0000 0.0000 -1.0000 0.0000	</row2>
					<row3>	-0.0880 0.5840 0.5410 1.0000	</row3>
				</transform>
			</node>
			<node>
				<identifier>	HP_FX_FloodLight_right_2	</identifier>
				<transform>
					<row0>	1.0000 0.0000 0.0000 0.0000	</row0>
					<row1>	0.0000 1.0000 0.0000 0.0000	</row1>
					<row2>	0.0000 0.0000 1.0000 0.0000	</row2>
					<row3>	0.0860 0.5840 0.5660 1.0000	</row3>
				</transform>
			</node>
			<node>
				<identifier>	HP_FX_Flood_steam_1	</identifier>
				<transform>
					<row0>	0.3781 -0.9258 0.0000 0.0000	</row0>
					<row1>	0.9258 0.3781 0.0000 0.0000	</row1>
					<row2>	0.0000 0.0000 1.0000 0.0000	</row2>
					<row3>	0.0370 0.6570 0.2770 1.0000	</row3>
				</transform>
			</node>
			<node>
				<identifier>	HP_FX_Flood_steam_2	</identifier>
				<transform>
					<row0>	0.3531 0.9356 0.0000 0.0000	</row0>
					<row1>	-0.9356 0.3531 0.0000 0.0000	</row1>
					<row2>	0.0000 0.0000 1.0000 0.0000	</row2>
					<row3>	-0.0378 0.6570 0.2890 1.0000	</row3>
				</transform>
			</node>
			<node>
				<identifier>	HP_FX_Flood_steam_exhaust_1	</identifier>
				<transform>
					<row0>	1.0000 0.0000 0.0000 0.0000	</row0>
					<row1>	0.0000 1.0000 0.0000 0.0000	</row1>
					<row2>	0.0000 0.0000 1.0000 0.0000	</row2>
					<row3>	-0.0997 0.9003 0.6047 1.0000	</row3>
				</transform>
			</node>
			<node>
				<identifier>	HP_FX_Flood_steam_left	</identifier>
				<transform>
					<row0>	-1.0000 0.0000 0.0000 0.0000	</row0>
					<row1>	0.0000 1.0000 0.0000 0.0000	</row1>
					<row2>	0.0000 0.0000 -1.0000 0.0000	</row2>
					<row3>	-0.3840 0.3180 2.0320 1.0000	</row3>
				</transform>
			</node>
			<node>
				<identifier>	HP_FX_Flood_water_left_0	</identifier>
				<transform>
					<row0>	-1.0000 0.0000 0.0000 0.0000	</row0>
					<row1>	0.0000 1.0000 0.0000 0.0000	</row1>
					<row2>	0.0000 0.0000 -1.0000 0.0000	</row2>
					<row3>	-0.3751 0.0099 1.1701 1.0000	</row3>
				</transform>
			</node>
			<node>
				<identifier>	HP_FX_Flood_water_right_0	</identifier>
				<transform>
					<row0>	1.0000 0.0000 0.0000 0.0000	</row0>
					<row1>	0.0000 1.0000 0.0000 0.0000	</row1>
					<row2>	0.0000 0.0000 1.0000 0.0000	</row2>
					<row3>	0.3751 0.0091 1.1701 1.0000	</row3>
				</transform>
			</node>
			<node>
				<identifier>	HP_FX_RepairLight_left_1	</identifier>
				<transform>
					<row0>	0.0044 0.0000 1.0000 0.0000	</row0>
					<row1>	0.9557 0.2944 -0.0042 0.0000	</row1>
					<row2>	-0.2944 0.9557 0.0013 0.0000	</row2>
					<row3>	-0.3645 0.3411 2.4605 1.0000	</row3>
				</transform>
			</node>
			<node>
				<identifier>	HP_FX_RepairLight_right_2	</identifier>
				<transform>
					<row0>	0.0001 0.0000 -1.0000 0.0000	</row0>
					<row1>	0.0000 1.0000 0.0000 0.0000	</row1>
					<row2>	1.0000 0.0000 0.0001 0.0000	</row2>
					<row3>	0.3617 0.3495 2.0807 1.0000	</row3>
				</transform>
			</node>
			<node>
				<identifier>	HP_FX_Smoke_1	</identifier>
				<transform>
					<row0>	1.0000 0.0000 0.0000 0.0000	</row0>
					<row1>	0.0000 0.9962 -0.0875 0.0000	</row1>
					<row2>	0.0000 0.0875 0.9962 0.0000	</row2>
					<row3>	0.0000 0.7491 0.5438 1.0000	</row3>
				</transform>
			</node>
			<node>
				<identifier>	HP_FX_Smoke_2	</identifier>
				<transform>
					<row0>	1.0000 0.0000 0.0000 0.0000	</row0>
					<row1>	0.0000 0.9962 -0.0875 0.0000	</row1>
					<row2>	0.0000 0.0875 0.9962 0.0000	</row2>
					<row3>	0.0000 0.7037 0.4151 1.0000	</row3>
				</transform>
			</node>
			<node>
				<identifier>	HP_JD_1	</identifier>
				<transform>
					<row0>	1.0000 0.0000 0.0000 0.0000	</row0>
					<row1>	0.0000 1.0000 0.0000 0.0000	</row1>
					<row2>	0.0000 0.0000 1.0000 0.0000	</row2>
					<row3>	0.0000 0.9482 1.8009 1.0000	</row3>
				</transform>
			</node>
			<node>
				<identifier>	HP_JGA_1	</identifier>
				<transform>
					<row0>	1.0000 0.0000 0.0000 0.0000	</row0>
					<row1>	0.0000 1.0000 0.0000 0.0000	</row1>
					<row2>	0.0000 0.0000 1.0000 0.0000	</row2>
					<row3>	0.0000 0.5154 2.4145 1.0000	</row3>
				</transform>
			</node>
			<node>
				<identifier>	HP_JGA_2	</identifier>
				<transform>
					<row0>	0.7071 0.0000 0.7071 0.0000	</row0>
					<row1>	0.0000 1.0000 0.0000 0.0000	</row1>
					<row2>	-0.7071 0.0000 0.7071 0.0000	</row2>
					<row3>	-0.2865 0.3620 2.3855 1.0000	</row3>
				</transform>
			</node>
			<node>
				<identifier>	HP_JGA_3	</identifier>
				<transform>
					<row0>	0.7071 0.0000 -0.7071 0.0000	</row0>
					<row1>	0.0000 1.0000 0.0000 0.0000	</row1>
					<row2>	0.7071 0.0000 0.7071 0.0000	</row2>
					<row3>	0.2865 0.3620 2.3855 1.0000	</row3>
				</transform>
			</node>
			<node>
				<identifier>	HP_JGA_4	</identifier>
				<transform>
					<row0>	0.7071 0.0000 0.7071 0.0000	</row0>
					<row1>	0.0000 1.0000 0.0000 0.0000	</row1>
					<row2>	-0.7071 0.0000 0.7071 0.0000	</row2>
					<row3>	-0.2977 0.3620 2.1698 1.0000	</row3>
				</transform>
			</node>
			<node>
				<identifier>	HP_JGA_5	</identifier>
				<transform>
					<row0>	0.7071 0.0000 -0.7071 0.0000	</row0>
					<row1>	0.0000 1.0000 0.0000 0.0000	</row1>
					<row2>	0.7071 0.0000 0.7071 0.0000	</row2>
					<row3>	0.2977 0.3620 2.1698 1.0000	</row3>
				</transform>
			</node>
			<node>
				<identifier>	HP_JGA_6	</identifier>
				<transform>
					<row0>	0.0000 0.0000 1.0000 0.0000	</row0>
					<row1>	0.0000 1.0000 0.0000 0.0000	</row1>
					<row2>	-1.0000 0.0000 0.0000 0.0000	</row2>
					<row3>	-0.3205 0.5137 1.8887 1.0000	</row3>
				</transform>
			</node>
			<node>
				<identifier>	HP_JGA_7	</identifier>
				<transform>
					<row0>	0.0000 0.0000 -1.0000 0.0000	</row0>
					<row1>	0.0000 1.0000 0.0000 0.0000	</row1>
					<row2>	1.0000 0.0000 0.0000 0.0000	</row2>
					<row3>	0.3205 0.5137 1.8887 1.0000	</row3>
				</transform>
			</node>
			<node>
				<identifier>	HP_JGA_8	</identifier>
				<transform>
					<row0>	0.0000 0.0000 1.0000 0.0000	</row0>
					<row1>	0.0000 1.0000 0.0000 0.0000	</row1>
					<row2>	-1.0000 0.0000 0.0000 0.0000	</row2>
					<row3>	-0.2799 0.4489 0.3999 1.0000	</row3>
				</transform>
			</node>
			<node>
				<identifier>	HP_JGA_9	</identifier>
				<transform>
					<row0>	0.0000 0.0000 -1.0000 0.0000	</row0>
					<row1>	0.0000 1.0000 0.0000 0.0000	</row1>
					<row2>	1.0000 0.0000 0.0000 0.0000	</row2>
					<row3>	0.2799 0.4489 0.3999 1.0000	</row3>
				</transform>
			</node>
			<node>
				<identifier>	HP_JRS_1	</identifier>
				<transform>
					<row0>	1.0000 0.0000 0.0000 0.0000	</row0>
					<row1>	0.0000 1.0000 0.0000 0.0000	</row1>
					<row2>	0.0000 0.0000 1.0000 0.0000	</row2>
					<row3>	0.0000 1.1595 1.4973 1.0000	</row3>
				</transform>
			</node>
			<node>
				<identifier>	HP_JRS_2	</identifier>
				<transform>
					<row0>	1.0000 0.0000 0.0000 0.0000	</row0>
					<row1>	0.0000 1.0000 0.0000 0.0000	</row1>
					<row2>	0.0000 0.0000 1.0000 0.0000	</row2>
					<row3>	0.0000 1.3570 1.3372 1.0000	</row3>
				</transform>
			</node>
			<node>
				<identifier>	HP_flag_1	</identifier>
				<transform>
					<row0>	0.9991 -0.0417 0.0035 0.0000	</row0>
					<row1>	0.0417 0.9851 -0.1668 0.0000	</row1>
					<row2>	0.0035 0.1668 0.9860 0.0000	</row2>
					<row3>	0.1189 1.3345 1.2747 1.0000	</row3>
				</transform>
			</node>
			<node>
				<identifier>	HP_flag_2	</identifier>
				<transform>
					<row0>	0.9992 0.0403 -0.0034 0.0000	</row0>
					<row1>	-0.0403 0.9852 -0.1668 0.0000	</row1>
					<row2>	-0.0034 0.1668 0.9860 0.0000	</row2>
					<row3>	-0.1177 1.3345 1.2747 1.0000	</row3>
				</transform>
			</node>
			<node>
				<identifier>	HP_flag_3	</identifier>
				<transform>
					<row0>	0.9991 -0.0431 0.0036 0.0000	</row0>
					<row1>	0.0431 0.9851 -0.1668 0.0000	</row1>
					<row2>	0.0036 0.1668 0.9860 0.0000	</row2>
					<row3>	0.0789 1.3347 1.2746 1.0000	</row3>
				</transform>
			</node>
			<node>
				<identifier>	HP_flag_4	</identifier>
				<transform>
					<row0>	0.9991 0.0412 -0.0035 0.0000	</row0>
					<row1>	-0.0412 0.9851 -0.1668 0.0000	</row1>
					<row2>	-0.0035 0.1668 0.9860 0.0000	</row2>
					<row3>	-0.0773 1.3347 1.2746 1.0000	</row3>
				</transform>
			</node>
			<node>
				<identifier>	HP_flag_courtesy	</identifier>
				<transform>
					<row0>	0.9927 -0.1176 0.0279 0.0000	</row0>
					<row1>	0.1176 0.8867 -0.4471 0.0000	</row1>
					<row2>	0.0279 0.4471 0.8941 0.0000	</row2>
					<row3>	0.2034 1.5921 1.2135 1.0000	</row3>
				</transform>
			</node>
			<node>
				<identifier>	HP_flag_house	</identifier>
				<transform>
					<row0>	0.9927 0.1176 -0.0279 0.0000	</row0>
					<row1>	-0.1176 0.8867 -0.4471 0.0000	</row1>
					<row2>	-0.0279 0.4471 0.8941 0.0000	</row2>
					<row3>	-0.2034 1.5921 1.2135 1.0000	</row3>
				</transform>
			</node>
			<node>
				<identifier>	HP_flag_rank	</identifier>
				<transform>
					<row0>	1.0000 0.0000 0.0000 0.0000	</row0>
					<row1>	0.0000 0.9575 -0.2885 0.0000	</row1>
					<row2>	0.0000 0.2885 0.9575 0.0000	</row2>
					<row3>	0.0006 1.4087 1.1812 1.0000	</row3>
				</transform>
			</node>
			<node>
				<identifier>	MP_CM011_Fire_Fighting_Gear	</identifier>
				<transform>
					<row0>	0.0000 0.0000 1.0000 0.0000	</row0>
					<row1>	0.0000 1.0000 0.0000 0.0000	</row1>
					<row2>	-1.0000 0.0000 0.0000 0.0000	</row2>
					<row3>	0.0931 0.2219 0.5647 1.0000	</row3>
				</transform>
			</node>
			<node>
				<identifier>	MP_CM011_Fire_Fighting_Gear_INDEX_1	</identifier>
				<transform>
					<row0>	0.0000 0.0000 -1.0000 0.0000	</row0>
					<row1>	0.0000 1.0000 0.0000 0.0000	</row1>
					<row2>	1.0000 0.0000 0.0000 0.0000	</row2>
					<row3>	-0.0931 0.2219 0.5647 1.0000	</row3>
				</transform>
			</node>
			<node>
				<identifier>	MP_CM011_Fire_Fighting_Gear_INDEX_2	</identifier>
				<transform>
					<row0>	0.0000 0.0000 1.0000 0.0000	</row0>
					<row1>	0.0000 1.0000 0.0000 0.0000	</row1>
					<row2>	-1.0000 0.0000 0.0000 0.0000	</row2>
					<row3>	0.1964 0.3662 2.1603 1.0000	</row3>
				</transform>
			</node>
			<node>
				<identifier>	MP_CM011_Fire_Fighting_Gear_INDEX_3	</identifier>
				<transform>
					<row0>	0.0000 0.0000 -1.0000 0.0000	</row0>
					<row1>	0.0000 1.0000 0.0000 0.0000	</row1>
					<row2>	1.0000 0.0000 0.0000 0.0000	</row2>
					<row3>	-0.1964 0.3662 2.1603 1.0000	</row3>
				</transform>
			</node>
			<node>
				<identifier>	MP_CM013_Fire_Hose_Rack_2	</identifier>
				<transform>
					<row0>	-1.0000 0.0000 0.0000 0.0000	</row0>
					<row1>	0.0000 1.0000 0.0000 0.0000	</row1>
					<row2>	0.0000 0.0000 -1.0000 0.0000	</row2>
					<row3>	0.0860 0.2933 0.5637 1.0000	</row3>
				</transform>
			</node>
			<node>
				<identifier>	MP_CM013_Fire_Hose_Rack_2_INDEX_1	</identifier>
				<transform>
					<row0>	1.0000 0.0000 0.0000 0.0000	</row0>
					<row1>	0.0000 1.0000 0.0000 0.0000	</row1>
					<row2>	0.0000 0.0000 1.0000 0.0000	</row2>
					<row3>	-0.0860 0.2932 0.5629 1.0000	</row3>
				</transform>
			</node>
			<node>
				<identifier>	MP_CM013_Fire_Hose_Rack_2_INDEX_2	</identifier>
				<transform>
					<row0>	-0.9864 -0.0536 -0.1552 0.0000	</row0>
					<row1>	-0.0540 0.9985 -0.0015 0.0000	</row1>
					<row2>	0.1550 0.0069 -0.9879 0.0000	</row2>
					<row3>	0.1824 0.4425 2.1605 1.0000	</row3>
				</transform>
			</node>
			<node>
				<identifier>	MP_CM013_Fire_Hose_Rack_2_INDEX_3	</identifier>
				<transform>
					<row0>	0.9851 -0.0535 -0.1634 0.0000	</row0>
					<row1>	0.0540 0.9985 -0.0015 0.0000	</row1>
					<row2>	0.1632 -0.0074 0.9866 0.0000	</row2>
					<row3>	-0.1826 0.4423 2.1591 1.0000	</row3>
				</transform>
			</node>
			<node>
				<identifier>	MP_CM014_Fuel_Oil_Hose	</identifier>
				<transform>
					<row0>	-1.0000 0.0000 0.0000 0.0000	</row0>
					<row1>	0.0000 -1.0000 0.0000 0.0000	</row1>
					<row2>	0.0000 0.0000 1.0000 0.0000	</row2>
					<row3>	0.0874 0.2564 1.3504 1.0000	</row3>
				</transform>
			</node>
			<node>
				<identifier>	MP_CM014_Fuel_Oil_Hose_INDEX_1	</identifier>
				<transform>
					<row0>	-1.0000 0.0000 0.0000 0.0000	</row0>
					<row1>	0.0000 -1.0000 0.0000 0.0000	</row1>
					<row2>	0.0000 0.0000 1.0000 0.0000	</row2>
					<row3>	0.0874 0.2844 1.3504 1.0000	</row3>
				</transform>
			</node>
			<node>
				<identifier>	MP_CM014_Fuel_Oil_Hose_INDEX_2	</identifier>
				<transform>
					<row0>	1.0000 0.0000 0.0000 0.0000	</row0>
					<row1>	0.0000 1.0000 0.0000 0.0000	</row1>
					<row2>	0.0000 0.0000 1.0000 0.0000	</row2>
					<row3>	-0.0874 0.2844 1.3504 1.0000	</row3>
				</transform>
			</node>
			<node>
				<identifier>	MP_CM014_Fuel_Oil_Hose_INDEX_3	</identifier>
				<transform>
					<row0>	1.0000 0.0000 0.0000 0.0000	</row0>
					<row1>	0.0000 1.0000 0.0000 0.0000	</row1>
					<row2>	0.0000 0.0000 1.0000 0.0000	</row2>
					<row3>	-0.0874 0.2564 1.3504 1.0000	</row3>
				</transform>
			</node>
			<node>
				<identifier>	MP_CM029_Emergency_Box	</identifier>
				<transform>
					<row0>	0.0000 0.0000 -1.0000 0.0000	</row0>
					<row1>	0.0000 1.0000 0.0000 0.0000	</row1>
					<row2>	1.0000 0.0000 0.0000 0.0000	</row2>
					<row3>	-0.0904 0.2953 0.4589 1.0000	</row3>
				</transform>
			</node>
			<node>
				<identifier>	MP_CM029_Emergency_Box_INDEX_1	</identifier>
				<transform>
					<row0>	0.0000 0.0000 1.0000 0.0000	</row0>
					<row1>	0.0000 1.0000 0.0000 0.0000	</row1>
					<row2>	-1.0000 0.0000 0.0000 0.0000	</row2>
					<row3>	0.0904 0.2953 0.4589 1.0000	</row3>
				</transform>
			</node>
			<node>
				<identifier>	MP_CM029_Emergency_Box_INDEX_2	</identifier>
				<transform>
					<row0>	1.0000 0.0000 0.0000 0.0000	</row0>
					<row1>	0.0000 1.0000 0.0000 0.0000	</row1>
					<row2>	0.0000 0.0000 1.0000 0.0000	</row2>
					<row3>	0.1353 0.2953 1.4615 1.0000	</row3>
				</transform>
			</node>
			<node>
				<identifier>	MP_CM029_Emergency_Box_INDEX_3	</identifier>
				<transform>
					<row0>	1.0000 0.0000 0.0000 0.0000	</row0>
					<row1>	0.0000 1.0000 0.0000 0.0000	</row1>
					<row2>	0.0000 0.0000 1.0000 0.0000	</row2>
					<row3>	-0.1353 0.2953 1.4615 1.0000	</row3>
				</transform>
			</node>
			<node>
				<identifier>	MP_CM029_Emergency_Box_INDEX_4	</identifier>
				<transform>
					<row0>	0.4007 0.0000 0.9162 0.0000	</row0>
					<row1>	0.0000 1.0000 0.0000 0.0000	</row1>
					<row2>	-0.9162 0.0000 0.4007 0.0000	</row2>
					<row3>	0.1379 0.4466 1.8768 1.0000	</row3>
				</transform>
			</node>
			<node>
				<identifier>	MP_CM029_Emergency_Box_INDEX_5	</identifier>
				<transform>
					<row0>	0.4007 0.0000 -0.9162 0.0000	</row0>
					<row1>	0.0000 1.0000 0.0000 0.0000	</row1>
					<row2>	0.9162 0.0000 0.4007 0.0000	</row2>
					<row3>	-0.1379 0.4466 1.8768 1.0000	</row3>
				</transform>
			</node>
			<node>
				<identifier>	MP_CM029_Emergency_Box_INDEX_6	</identifier>
				<transform>
					<row0>	0.0000 0.0000 -1.0000 0.0000	</row0>
					<row1>	0.0000 1.0000 0.0000 0.0000	</row1>
					<row2>	1.0000 0.0000 0.0000 0.0000	</row2>
					<row3>	-0.0790 0.5960 1.8201 1.0000	</row3>
				</transform>
			</node>
			<node>
				<identifier>	MP_CM029_Emergency_Box_INDEX_7	</identifier>
				<transform>
					<row0>	0.0000 0.0000 1.0000 0.0000	</row0>
					<row1>	0.0000 1.0000 0.0000 0.0000	</row1>
					<row2>	-1.0000 0.0000 0.0000 0.0000	</row2>
					<row3>	0.0790 0.5960 1.8201 1.0000	</row3>
				</transform>
			</node>
			<node>
				<identifier>	MP_CM029_Emergency_Box_INDEX_8	</identifier>
				<transform>
					<row0>	1.0000 0.0000 0.0000 0.0000	</row0>
					<row1>	0.0000 1.0000 0.0000 0.0000	</row1>
					<row2>	0.0000 0.0000 1.0000 0.0000	</row2>
					<row3>	0.0000 0.7551 1.7243 1.0000	</row3>
				</transform>
			</node>
			<node>
				<identifier>	MP_CM029_Emergency_Box_INDEX_9	</identifier>
				<transform>
					<row0>	0.0000 0.0000 1.0000 0.0000	</row0>
					<row1>	0.0000 1.0000 0.0000 0.0000	</row1>
					<row2>	-1.0000 0.0000 0.0000 0.0000	</row2>
					<row3>	-0.1389 0.5528 2.3697 1.0000	</row3>
				</transform>
			</node>
			<node>
				<identifier>	MP_CM053_Telegraph	</identifier>
				<transform>
					<row0>	1.0000 0.0000 0.0000 0.0000	</row0>
					<row1>	0.0000 1.0000 0.0000 0.0000	</row1>
					<row2>	0.0000 0.0000 1.0000 0.0000	</row2>
					<row3>	0.0733 0.6744 2.0722 1.0000	</row3>
				</transform>
			</node>
			<node>
				<identifier>	MP_CM053_Telegraph_INDEX_1	</identifier>
				<transform>
					<row0>	1.0000 0.0000 0.0000 0.0000	</row0>
					<row1>	0.0000 1.0000 0.0000 0.0000	</row1>
					<row2>	0.0000 0.0000 1.0000 0.0000	</row2>
					<row3>	0.0959 0.6744 2.0454 1.0000	</row3>
				</transform>
			</node>
			<node>
				<identifier>	MP_CM056_Ships_bell	</identifier>
				<transform>
					<row0>	0.8000 0.0000 0.0000 0.0000	</row0>
					<row1>	0.0000 0.8000 0.0000 0.0000	</row1>
					<row2>	0.0000 0.0000 0.8000 0.0000	</row2>
					<row3>	-0.0005 0.4861 1.7055 1.0000	</row3>
				</transform>
			</node>
			<node>
				<identifier>	MP_CM057_Accommodation_Ladder_Closed	</identifier>
				<transform>
					<row0>	0.6669 -0.0141 0.0000 0.0000	</row0>
					<row1>	0.0141 0.6668 0.0035 0.0000	</row1>
					<row2>	0.0000 -0.0035 0.6670 0.0000	</row2>
					<row3>	0.1490 0.2207 0.4994 1.0000	</row3>
				</transform>
			</node>
			<node>
				<identifier>	MP_CM057_Accommodation_Ladder_Closed_INDEX_1	</identifier>
				<transform>
					<row0>	0.6662 0.0334 0.0000 0.0000	</row0>
					<row1>	-0.0334 0.6662 0.0035 0.0000	</row1>
					<row2>	0.0001 -0.0035 0.6670 0.0000	</row2>
					<row3>	-0.2114 0.2190 0.4994 1.0000	</row3>
				</transform>
			</node>
			<node>
				<identifier>	MP_CM092_Siren	</identifier>
				<transform>
					<row0>	1.2330 0.0000 0.0000 0.0000	</row0>
					<row1>	0.0000 1.2330 0.0000 0.0000	</row1>
					<row2>	0.0000 0.0000 1.2330 0.0000	</row2>
					<row3>	0.0795 0.6388 0.6681 1.0000	</row3>
				</transform>
			</node>
			<node>
				<identifier>	MP_CM092_Siren_INDEX_1	</identifier>
				<transform>
					<row0>	1.2330 0.0000 0.0000 0.0000	</row0>
					<row1>	0.0000 1.2330 0.0000 0.0000	</row1>
					<row2>	0.0000 0.0000 1.2330 0.0000	</row2>
					<row3>	-0.0795 0.6388 0.6681 1.0000	</row3>
				</transform>
			</node>
			<node>
				<identifier>	MP_CM126_Cleat	</identifier>
				<transform>
					<row0>	0.5000 0.8660 0.0000 0.0000	</row0>
					<row1>	0.0000 0.0000 -1.0000 0.0000	</row1>
					<row2>	-0.8660 0.5000 0.0000 0.0000	</row2>
					<row3>	0.3001 0.3259 0.9520 1.0000	</row3>
				</transform>
			</node>
			<node>
				<identifier>	MP_CM126_Cleat_INDEX_1	</identifier>
				<transform>
					<row0>	0.5000 0.8660 0.0000 0.0000	</row0>
					<row1>	0.0000 0.0000 1.0000 0.0000	</row1>
					<row2>	0.8660 -0.5000 0.0000 0.0000	</row2>
					<row3>	0.3001 0.3259 0.6613 1.0000	</row3>
				</transform>
			</node>
			<node>
				<identifier>	MP_CM126_Cleat_INDEX_2	</identifier>
				<transform>
					<row0>	0.5000 -0.8660 0.0000 0.0000	</row0>
					<row1>	0.0000 0.0000 -1.0000 0.0000	</row1>
					<row2>	0.8660 0.5000 0.0000 0.0000	</row2>
					<row3>	-0.3001 0.3259 0.9520 1.0000	</row3>
				</transform>
			</node>
			<node>
				<identifier>	MP_CM126_Cleat_INDEX_3	</identifier>
				<transform>
					<row0>	0.5000 -0.8660 0.0000 0.0000	</row0>
					<row1>	0.0000 0.0000 1.0000 0.0000	</row1>
					<row2>	-0.8660 -0.5000 0.0000 0.0000	</row2>
					<row3>	-0.3001 0.3259 0.6613 1.0000	</row3>
				</transform>
			</node>
			<node>
				<identifier>	MP_CM126_Cleat_INDEX_4	</identifier>
				<transform>
					<row0>	0.2156 0.0000 0.9765 0.0000	</row0>
					<row1>	-0.9765 0.0000 0.2156 0.0000	</row1>
					<row2>	0.0000 -1.0000 0.0000 0.0000	</row2>
					<row3>	0.3361 0.3243 1.6226 1.0000	</row3>
				</transform>
			</node>
			<node>
				<identifier>	MP_CM126_Cleat_INDEX_5	</identifier>
				<transform>
					<row0>	-0.6716 0.0000 0.7409 0.0000	</row0>
					<row1>	-0.7409 0.0000 -0.6716 0.0000	</row1>
					<row2>	0.0000 -1.0000 0.0000 0.0000	</row2>
					<row3>	0.3531 0.3243 1.1369 1.0000	</row3>
				</transform>
			</node>
			<node>
				<identifier>	MP_CM126_Cleat_INDEX_6	</identifier>
				<transform>
					<row0>	0.2156 0.0000 -0.9765 0.0000	</row0>
					<row1>	0.9765 0.0000 0.2156 0.0000	</row1>
					<row2>	0.0000 -1.0000 0.0000 0.0000	</row2>
					<row3>	-0.3361 0.3243 1.6226 1.0000	</row3>
				</transform>
			</node>
			<node>
				<identifier>	MP_CM126_Cleat_INDEX_7	</identifier>
				<transform>
					<row0>	-0.6716 0.0000 -0.7409 0.0000	</row0>
					<row1>	0.7409 0.0000 -0.6716 0.0000	</row1>
					<row2>	0.0000 -1.0000 0.0000 0.0000	</row2>
					<row3>	-0.3531 0.3243 1.1369 1.0000	</row3>
				</transform>
			</node>
			<node>
				<identifier>	MP_JM006_Binocular_1	</identifier>
				<transform>
					<row0>	-0.9306 0.0000 0.3661 0.0000	</row0>
					<row1>	0.0000 1.0000 0.0000 0.0000	</row1>
					<row2>	-0.3661 0.0000 -0.9306 0.0000	</row2>
					<row3>	-0.1562 0.6744 2.0867 1.0000	</row3>
				</transform>
			</node>
			<node>
				<identifier>	MP_JM006_Binocular_1_INDEX_1	</identifier>
				<transform>
					<row0>	-0.7071 0.0000 0.7071 0.0000	</row0>
					<row1>	0.0000 1.0000 0.0000 0.0000	</row1>
					<row2>	-0.7071 0.0000 -0.7071 0.0000	</row2>
					<row3>	-0.1900 0.6744 1.9593 1.0000	</row3>
				</transform>
			</node>
			<node>
				<identifier>	MP_JM006_Binocular_1_INDEX_2	</identifier>
				<transform>
					<row0>	0.9306 0.0000 0.3661 0.0000	</row0>
					<row1>	0.0000 1.0000 0.0000 0.0000	</row1>
					<row2>	-0.3661 0.0000 0.9306 0.0000	</row2>
					<row3>	0.1562 0.6744 2.0867 1.0000	</row3>
				</transform>
			</node>
			<node>
				<identifier>	MP_JM006_Binocular_1_INDEX_3	</identifier>
				<transform>
					<row0>	0.7071 0.0000 0.7071 0.0000	</row0>
					<row1>	0.0000 1.0000 0.0000 0.0000	</row1>
					<row2>	-0.7071 0.0000 0.7071 0.0000	</row2>
					<row3>	0.1900 0.6744 1.9593 1.0000	</row3>
				</transform>
			</node>
			<node>
				<identifier>	MP_JM010_Deck_Lamp	</identifier>
				<transform>
					<row0>	0.0000 0.0000 -1.0000 0.0000	</row0>
					<row1>	0.0000 1.0000 0.0000 0.0000	</row1>
					<row2>	1.0000 0.0000 0.0000 0.0000	</row2>
					<row3>	0.2238 0.8206 1.9022 1.0000	</row3>
				</transform>
			</node>
			<node>
				<identifier>	MP_JM010_Deck_Lamp_INDEX_1	</identifier>
				<transform>
					<row0>	0.0000 0.0000 1.0000 0.0000	</row0>
					<row1>	0.0000 1.0000 0.0000 0.0000	</row1>
					<row2>	-1.0000 0.0000 0.0000 0.0000	</row2>
					<row3>	-0.2238 0.8206 1.9022 1.0000	</row3>
				</transform>
			</node>
			<node>
				<identifier>	MP_JM011_Day_Light	</identifier>
				<transform>
					<row0>	1.0000 0.0000 0.0000 0.0000	</row0>
					<row1>	0.0000 1.0000 0.0000 0.0000	</row1>
					<row2>	0.0000 0.0000 1.0000 0.0000	</row2>
					<row3>	-0.0388 1.4992 1.3028 1.0000	</row3>
				</transform>
			</node>
			<node>
				<identifier>	MP_JM021_Ventilators_5	</identifier>
				<transform>
					<row0>	1.0000 0.0000 0.0000 0.0000	</row0>
					<row1>	0.0000 1.0000 0.0000 0.0000	</row1>
					<row2>	0.0000 0.0000 1.0000 0.0000	</row2>
					<row3>	0.2126 0.3620 1.5670 1.0000	</row3>
				</transform>
			</node>
			<node>
				<identifier>	MP_JM021_Ventilators_5_INDEX_1	</identifier>
				<transform>
					<row0>	1.0000 0.0000 0.0000 0.0000	</row0>
					<row1>	0.0000 1.0000 0.0000 0.0000	</row1>
					<row2>	0.0000 0.0000 1.0000 0.0000	</row2>
					<row3>	-0.2089 0.3620 1.6330 1.0000	</row3>
				</transform>
			</node>
			<node>
				<identifier>	MP_JM021_Ventilators_5_INDEX_2	</identifier>
				<transform>
					<row0>	1.0000 0.0000 0.0000 0.0000	</row0>
					<row1>	0.0000 1.0000 0.0000 0.0000	</row1>
					<row2>	0.0000 0.0000 1.0000 0.0000	</row2>
					<row3>	0.2894 0.3576 1.9241 1.0000	</row3>
				</transform>
			</node>
			<node>
				<identifier>	MP_JM021_Ventilators_5_INDEX_3	</identifier>
				<transform>
					<row0>	1.0000 0.0000 0.0000 0.0000	</row0>
					<row1>	0.0000 1.0000 0.0000 0.0000	</row1>
					<row2>	0.0000 0.0000 1.0000 0.0000	</row2>
					<row3>	0.2049 0.3620 2.1112 1.0000	</row3>
				</transform>
			</node>
			<node>
				<identifier>	MP_JM021_Ventilators_5_INDEX_4	</identifier>
				<transform>
					<row0>	1.0000 0.0000 0.0000 0.0000	</row0>
					<row1>	0.0000 1.0000 0.0000 0.0000	</row1>
					<row2>	0.0000 0.0000 1.0000 0.0000	</row2>
					<row3>	-0.2020 0.3620 2.0350 1.0000	</row3>
				</transform>
			</node>
			<node>
				<identifier>	MP_JM027_Fairlead_2	</identifier>
				<transform>
					<row0>	0.4988 -0.0196 0.0280 0.0000	</row0>
					<row1>	0.0196 0.4996 0.0004 0.0000	</row1>
					<row2>	-0.0280 0.0007 0.4992 0.0000	</row2>
					<row3>	0.3432 0.3582 2.7350 1.0000	</row3>
				</transform>
			</node>
			<node>
				<identifier>	MP_JM027_Fairlead_2_INDEX_1	</identifier>
				<transform>
					<row0>	0.4988 0.0196 -0.0280 0.0000	</row0>
					<row1>	-0.0196 0.4996 0.0004 0.0000	</row1>
					<row2>	0.0280 0.0007 0.4992 0.0000	</row2>
					<row3>	-0.3432 0.3582 2.7350 1.0000	</row3>
				</transform>
			</node>
			<node>
				<identifier>	MP_JM030_Wind_Direction	</identifier>
				<transform>
					<row0>	0.9000 0.0000 0.0000 0.0000	</row0>
					<row1>	0.0000 0.9000 0.0000 0.0000	</row1>
					<row2>	0.0000 0.0000 0.9000 0.0000	</row2>
					<row3>	0.0000 1.7009 1.2367 1.0000	</row3>
				</transform>
			</node>
			<node>
				<identifier>	MP_JM031_Wind_Intensity	</identifier>
				<transform>
					<row0>	0.8000 0.0000 0.0000 0.0000	</row0>
					<row1>	0.0000 0.8000 0.0000 0.0000	</row1>
					<row2>	0.0000 0.0000 0.8000 0.0000	</row2>
					<row3>	-0.0578 1.6128 1.2565 1.0000	</row3>
				</transform>
			</node>
			<node>
				<identifier>	MP_JM058_Deck_Hatch_7	</identifier>
				<transform>
					<row0>	-0.7682 0.0000 0.6402 0.0000	</row0>
					<row1>	0.0000 1.0000 0.0000 0.0000	</row1>
					<row2>	-0.6402 0.0000 -0.7682 0.0000	</row2>
					<row3>	0.1496 0.4493 0.2878 1.0000	</row3>
				</transform>
			</node>
			<node>
				<identifier>	MP_JM058_Deck_Hatch_7_INDEX_1	</identifier>
				<transform>
					<row0>	-1.0000 0.0000 0.0000 0.0000	</row0>
					<row1>	0.0000 1.0000 0.0000 0.0000	</row1>
					<row2>	0.0000 0.0000 -1.0000 0.0000	</row2>
					<row3>	0.2794 0.4493 0.2418 1.0000	</row3>
				</transform>
			</node>
			<node>
				<identifier>	MP_JM058_Deck_Hatch_7_INDEX_2	</identifier>
				<transform>
					<row0>	-1.0000 0.0000 0.0000 0.0000	</row0>
					<row1>	0.0000 1.0000 0.0000 0.0000	</row1>
					<row2>	0.0000 0.0000 -1.0000 0.0000	</row2>
					<row3>	-0.2794 0.4493 0.2418 1.0000	</row3>
				</transform>
			</node>
			<node>
				<identifier>	MP_JM058_Deck_Hatch_7_INDEX_3	</identifier>
				<transform>
					<row0>	-0.7682 0.0000 -0.6402 0.0000	</row0>
					<row1>	0.0000 1.0000 0.0000 0.0000	</row1>
					<row2>	0.6402 0.0000 -0.7682 0.0000	</row2>
					<row3>	-0.1496 0.4493 0.2878 1.0000	</row3>
				</transform>
			</node>
			<node>
				<identifier>	MP_JM058_Deck_Hatch_7_INDEX_4	</identifier>
				<transform>
					<row0>	0.8950 0.0000 -0.4460 0.0000	</row0>
					<row1>	0.0000 1.0000 0.0000 0.0000	</row1>
					<row2>	0.4460 0.0000 0.8950 0.0000	</row2>
					<row3>	0.2494 0.5157 2.0605 1.0000	</row3>
				</transform>
			</node>
			<node>
				<identifier>	MP_JM058_Deck_Hatch_7_INDEX_5	</identifier>
				<transform>
					<row0>	0.4024 0.0000 0.9154 0.0000	</row0>
					<row1>	0.0000 1.0000 0.0000 0.0000	</row1>
					<row2>	-0.9154 0.0000 0.4024 0.0000	</row2>
					<row3>	0.1924 0.5157 1.9736 1.0000	</row3>
				</transform>
			</node>
			<node>
				<identifier>	MP_JM058_Deck_Hatch_7_INDEX_6	</identifier>
				<transform>
					<row0>	0.8950 0.0000 0.4460 0.0000	</row0>
					<row1>	0.0000 1.0000 0.0000 0.0000	</row1>
					<row2>	-0.4460 0.0000 0.8950 0.0000	</row2>
					<row3>	-0.2494 0.5157 2.0605 1.0000	</row3>
				</transform>
			</node>
			<node>
				<identifier>	MP_JM058_Deck_Hatch_7_INDEX_7	</identifier>
				<transform>
					<row0>	0.4024 0.0000 -0.9154 0.0000	</row0>
					<row1>	0.0000 1.0000 0.0000 0.0000	</row1>
					<row2>	0.9154 0.0000 0.4024 0.0000	</row2>
					<row3>	-0.1924 0.5157 1.9736 1.0000	</row3>
				</transform>
			</node>
			<node>
				<identifier>	MP_JM058_Deck_Hatch_7_INDEX_8	</identifier>
				<transform>
					<row0>	-0.4584 0.0000 -0.8887 0.0000	</row0>
					<row1>	0.0000 1.0000 0.0000 0.0000	</row1>
					<row2>	0.8887 0.0000 -0.4584 0.0000	</row2>
					<row3>	0.1145 0.5157 2.2746 1.0000	</row3>
				</transform>
			</node>
			<node>
				<identifier>	MP_JM058_Deck_Hatch_7_INDEX_9	</identifier>
				<transform>
					<row0>	-0.4584 0.0000 0.8887 0.0000	</row0>
					<row1>	0.0000 1.0000 0.0000 0.0000	</row1>
					<row2>	-0.8887 0.0000 -0.4584 0.0000	</row2>
					<row3>	-0.1145 0.5157 2.2746 1.0000	</row3>
				</transform>
			</node>
			<node>
				<identifier>	MP_JM059_Deck_Hatch_8	</identifier>
				<transform>
					<row0>	-0.4180 0.0190 0.9082 0.0000	</row0>
					<row1>	0.0377 0.9993 -0.0035 0.0000	</row1>
					<row2>	-0.9077 0.0328 -0.4184 0.0000	</row2>
					<row3>	0.1970 0.3627 2.2241 1.0000	</row3>
				</transform>
			</node>
			<node>
				<identifier>	MP_JM059_Deck_Hatch_8_INDEX_1	</identifier>
				<transform>
					<row0>	-0.9335 0.0184 0.3581 0.0000	</row0>
					<row1>	0.0197 0.9998 0.0000 0.0000	</row1>
					<row2>	-0.3580 0.0071 -0.9337 0.0000	</row2>
					<row3>	0.1029 0.3652 2.3097 1.0000	</row3>
				</transform>
			</node>
			<node>
				<identifier>	MP_JM059_Deck_Hatch_8_INDEX_2	</identifier>
				<transform>
					<row0>	-0.9335 -0.0184 -0.3581 0.0000	</row0>
					<row1>	-0.0197 0.9998 0.0000 0.0000	</row1>
					<row2>	0.3580 0.0071 -0.9337 0.0000	</row2>
					<row3>	-0.1029 0.3652 2.3097 1.0000	</row3>
				</transform>
			</node>
			<node>
				<identifier>	MP_JM059_Deck_Hatch_8_INDEX_3	</identifier>
				<transform>
					<row0>	-0.4180 -0.0190 -0.9082 0.0000	</row0>
					<row1>	-0.0377 0.9993 -0.0035 0.0000	</row1>
					<row2>	0.9077 0.0328 -0.4184 0.0000	</row2>
					<row3>	-0.1970 0.3627 2.2240 1.0000	</row3>
				</transform>
			</node>
			<node>
				<identifier>	MP_JM062_Deck_Hatch_11	</identifier>
				<transform>
					<row0>	-0.8000 0.0000 0.0000 0.0000	</row0>
					<row1>	0.0000 0.5669 -0.5645 0.0000	</row1>
					<row2>	0.0000 -0.5645 -0.5669 0.0000	</row2>
					<row3>	0.0247 0.2863 0.1851 1.0000	</row3>
				</transform>
			</node>
			<node>
				<identifier>	MP_JM062_Deck_Hatch_11_INDEX_1	</identifier>
				<transform>
					<row0>	-0.8000 0.0000 0.0000 0.0000	</row0>
					<row1>	0.0000 0.5669 -0.5645 0.0000	</row1>
					<row2>	0.0000 -0.5645 -0.5669 0.0000	</row2>
					<row3>	-0.0247 0.2863 0.1851 1.0000	</row3>
				</transform>
			</node>
			<node>
				<identifier>	MP_JM062_Deck_Hatch_11_INDEX_2	</identifier>
				<transform>
					<row0>	-0.8000 0.0000 0.0000 0.0000	</row0>
					<row1>	0.0000 0.8000 0.0000 0.0000	</row1>
					<row2>	0.0000 0.0000 -0.8000 0.0000	</row2>
					<row3>	0.0433 0.7983 1.9572 1.0000	</row3>
				</transform>
			</node>
			<node>
				<identifier>	MP_JM062_Deck_Hatch_11_INDEX_3	</identifier>
				<transform>
					<row0>	-0.8000 0.0000 0.0000 0.0000	</row0>
					<row1>	0.0000 0.8000 0.0000 0.0000	</row1>
					<row2>	0.0000 0.0000 -0.8000 0.0000	</row2>
					<row3>	0.1827 0.3627 2.5946 1.0000	</row3>
				</transform>
			</node>
			<node>
				<identifier>	MP_JM062_Deck_Hatch_11_INDEX_4	</identifier>
				<transform>
					<row0>	-0.8000 0.0000 0.0000 0.0000	</row0>
					<row1>	0.0000 0.8000 0.0000 0.0000	</row1>
					<row2>	0.0000 0.0000 -0.8000 0.0000	</row2>
					<row3>	-0.1831 0.3627 2.5946 1.0000	</row3>
				</transform>
			</node>
			<node>
				<identifier>	MP_JM064_Bollards_2	</identifier>
				<transform>
					<row0>	-0.0254 -0.0007 0.6995 0.0000	</row0>
					<row1>	0.0404 0.6988 0.0021 0.0000	</row1>
					<row2>	-0.6984 0.0405 -0.0253 0.0000	</row2>
					<row3>	0.3344 0.3571 2.5389 1.0000	</row3>
				</transform>
			</node>
			<node>
				<identifier>	MP_JM064_Bollards_2_INDEX_1	</identifier>
				<transform>
					<row0>	-0.0254 0.0007 -0.6995 0.0000	</row0>
					<row1>	-0.0404 0.6988 0.0021 0.0000	</row1>
					<row2>	0.6984 0.0405 -0.0253 0.0000	</row2>
					<row3>	-0.3344 0.3571 2.5389 1.0000	</row3>
				</transform>
			</node>
			<node>
				<identifier>	MP_JM078_Deck_Winch_2	</identifier>
				<transform>
					<row0>	0.0000 -0.0006 -0.5000 0.0000	</row0>
					<row1>	0.0106 0.4999 -0.0006 0.0000	</row1>
					<row2>	0.4999 -0.0106 0.0000 0.0000	</row2>
					<row3>	0.0250 0.3694 2.3354 1.0000	</row3>
				</transform>
			</node>
			<node>
				<identifier>	MP_JM078_Deck_Winch_2_INDEX_1	</identifier>
				<transform>
					<row0>	0.0000 -0.0006 -0.5000 0.0000	</row0>
					<row1>	-0.0119 0.4999 -0.0006 0.0000	</row1>
					<row2>	0.4999 0.0119 0.0000 0.0000	</row2>
					<row3>	-0.1060 0.3677 2.4351 1.0000	</row3>
				</transform>
			</node>
			<node>
				<identifier>	MP_JM092_Running_Lights_R	</identifier>
				<transform>
					<row0>	1.0000 0.0000 0.0000 0.0000	</row0>
					<row1>	0.0000 1.0000 0.0000 0.0000	</row1>
					<row2>	0.0000 0.0000 1.0000 0.0000	</row2>
					<row3>	0.1911 0.6923 2.0024 1.0000	</row3>
				</transform>
			</node>
			<node>
				<identifier>	MP_JM093_Running_Lights_L	</identifier>
				<transform>
					<row0>	1.0000 0.0000 0.0000 0.0000	</row0>
					<row1>	0.0000 1.0000 0.0000 0.0000	</row1>
					<row2>	0.0000 0.0000 1.0000 0.0000	</row2>
					<row3>	-0.1882 0.6923 2.0024 1.0000	</row3>
				</transform>
			</node>
			<node>
				<identifier>	MP_JM109_Deck_Hatch_11	</identifier>
				<transform>
					<row0>	0.0000 0.0000 1.0000 0.0000	</row0>
					<row1>	0.0000 1.0000 0.0000 0.0000	</row1>
					<row2>	-1.0000 0.0000 0.0000 0.0000	</row2>
					<row3>	-0.1997 0.2176 0.0730 1.0000	</row3>
				</transform>
			</node>
			<node>
				<identifier>	MP_JM125_Signal_Lamp_3	</identifier>
				<transform>
					<row0>	1.0000 0.0000 0.0000 0.0000	</row0>
					<row1>	0.0000 1.0000 0.0000 0.0000	</row1>
					<row2>	0.0000 0.0000 1.0000 0.0000	</row2>
					<row3>	0.0000 1.6862 1.2367 1.0000	</row3>
				</transform>
			</node>
			<node>
				<identifier>	MP_JM143_Cutter_7m	</identifier>
				<transform>
					<row0>	0.0866 0.0000 0.9962 0.0000	</row0>
					<row1>	0.0000 1.0000 0.0000 0.0000	</row1>
					<row2>	-0.9962 0.0000 0.0866 0.0000	</row2>
					<row3>	0.3022 0.2321 1.3413 1.0000	</row3>
				</transform>
			</node>
			<node>
				<identifier>	MP_JM143_Cutter_7m_INDEX_1	</identifier>
				<transform>
					<row0>	-0.0877 0.0000 0.9961 0.0000	</row0>
					<row1>	0.0000 1.0000 0.0000 0.0000	</row1>
					<row2>	-0.9961 0.0000 -0.0877 0.0000	</row2>
					<row3>	-0.3022 0.2321 1.3413 1.0000	</row3>
				</transform>
			</node>
			<node>
				<identifier>	MP_JM144_Motor_Boats_8m	</identifier>
				<transform>
					<row0>	0.9921 0.1256 0.0000 0.0000	</row0>
					<row1>	-0.1256 0.9921 0.0000 0.0000	</row1>
					<row2>	0.0000 0.0000 1.0000 0.0000	</row2>
					<row3>	0.3402 0.3240 0.8412 1.0000	</row3>
				</transform>
			</node>
			<node>
				<identifier>	MP_JM144_Motor_Boats_8m_INDEX_1	</identifier>
				<transform>
					<row0>	0.9921 -0.1256 0.0000 0.0000	</row0>
					<row1>	0.1256 0.9921 0.0000 0.0000	</row1>
					<row2>	0.0000 0.0000 1.0000 0.0000	</row2>
					<row3>	-0.3402 0.3240 0.8412 1.0000	</row3>
				</transform>
			</node>
			<node>
				<identifier>	MP_JM158_Main_Wheel	</identifier>
				<transform>
					<row0>	1.0000 0.0000 0.0000 0.0000	</row0>
					<row1>	0.0000 1.0000 0.0000 0.0000	</row1>
					<row2>	0.0000 0.0000 1.0000 0.0000	</row2>
					<row3>	0.0000 0.6744 2.0611 1.0000	</row3>
				</transform>
			</node>
			<node>
				<identifier>	MP_JM164_Turning_Indicator	</identifier>
				<transform>
					<row0>	1.0000 0.0000 0.0000 0.0000	</row0>
					<row1>	0.0000 1.0000 0.0000 0.0000	</row1>
					<row2>	0.0000 0.0000 1.0000 0.0000	</row2>
					<row3>	-0.0466 0.6744 2.0852 1.0000	</row3>
				</transform>
			</node>
			<node>
				<identifier>	MP_JM166_Voice_Tube	</identifier>
				<transform>
					<row0>	1.0000 0.0000 0.0000 0.0000	</row0>
					<row1>	0.0000 1.0000 0.0000 0.0000	</row1>
					<row2>	0.0000 0.0000 1.0000 0.0000	</row2>
					<row3>	0.0544 0.6744 2.0492 1.0000	</row3>
				</transform>
			</node>
			<node>
				<identifier>	MP_JM166_Voice_Tube_INDEX_1	</identifier>
				<transform>
					<row0>	1.0000 0.0000 0.0000 0.0000	</row0>
					<row1>	0.0000 1.0000 0.0000 0.0000	</row1>
					<row2>	0.0000 0.0000 1.0000 0.0000	</row2>
					<row3>	-0.0416 0.6744 2.1513 1.0000	</row3>
				</transform>
			</node>
			<node>
				<identifier>	MP_JM166_Voice_Tube_INDEX_10	</identifier>
				<transform>
					<row0>	-1.0000 0.0000 0.0000 0.0000	</row0>
					<row1>	0.0000 1.0000 0.0000 0.0000	</row1>
					<row2>	0.0000 0.0000 -1.0000 0.0000	</row2>
					<row3>	0.0569 0.5149 2.2619 1.0000	</row3>
				</transform>
			</node>
			<node>
				<identifier>	MP_JM166_Voice_Tube_INDEX_11	</identifier>
				<transform>
					<row0>	0.0000 0.0000 1.0000 0.0000	</row0>
					<row1>	0.0000 1.0000 0.0000 0.0000	</row1>
					<row2>	-1.0000 0.0000 0.0000 0.0000	</row2>
					<row3>	0.0929 0.4484 0.3481 1.0000	</row3>
				</transform>
			</node>
			<node>
				<identifier>	MP_JM166_Voice_Tube_INDEX_12	</identifier>
				<transform>
					<row0>	0.0000 0.0000 -1.0000 0.0000	</row0>
					<row1>	0.0000 1.0000 0.0000 0.0000	</row1>
					<row2>	1.0000 0.0000 0.0000 0.0000	</row2>
					<row3>	-0.0929 0.4484 0.3481 1.0000	</row3>
				</transform>
			</node>
			<node>
				<identifier>	MP_JM166_Voice_Tube_INDEX_13	</identifier>
				<transform>
					<row0>	-1.0000 0.0000 0.0000 0.0000	</row0>
					<row1>	0.0000 1.0000 0.0000 0.0000	</row1>
					<row2>	0.0000 0.0000 -1.0000 0.0000	</row2>
					<row3>	0.1649 0.6744 1.8136 1.0000	</row3>
				</transform>
			</node>
			<node>
				<identifier>	MP_JM166_Voice_Tube_INDEX_14	</identifier>
				<transform>
					<row0>	-1.0000 0.0000 0.0000 0.0000	</row0>
					<row1>	0.0000 1.0000 0.0000 0.0000	</row1>
					<row2>	0.0000 0.0000 -1.0000 0.0000	</row2>
					<row3>	-0.1649 0.6744 1.8136 1.0000	</row3>
				</transform>
			</node>
			<node>
				<identifier>	MP_JM166_Voice_Tube_INDEX_15	</identifier>
				<transform>
					<row0>	1.0000 0.0000 0.0000 0.0000	</row0>
					<row1>	0.0000 1.0000 0.0000 0.0000	</row1>
					<row2>	0.0000 0.0000 1.0000 0.0000	</row2>
					<row3>	-0.0905 0.8041 2.0085 1.0000	</row3>
				</transform>
			</node>
			<node>
