<FSB028_Champagne_1940_Stern_ports.visual>
	<node>
		<identifier>	Scene Root	</identifier>
		<transform>
			<row0>	1.0000 0.0000 0.0000 0.0000	</row0>
			<row1>	0.0000 1.0000 0.0000 0.0000	</row1>
			<row2>	0.0000 0.0000 1.0000 0.0000	</row2>
			<row3>	0.0000 0.0000 0.0000 1.0000	</row3>
		</transform>
		<node>
			<identifier>	Stern_ports	</identifier>
			<transform>
				<row0>	1.0000 0.0000 0.0000 0.0000	</row0>
				<row1>	0.0000 1.0000 0.0000 0.0000	</row1>
				<row2>	0.0000 0.0000 1.0000 0.0000	</row2>
				<row3>	0.0000 0.0000 0.0000 1.0000	</row3>
			</transform>
			<node>
				<identifier>	HP_FC_1	</identifier>
				<transform>
					<row0>	0.7071 0.0000 0.7071 0.0000	</row0>
					<row1>	0.0000 1.0000 0.0000 0.0000	</row1>
					<row2>	-0.7071 0.0000 0.7071 0.0000	</row2>
					<row3>	0.0000 0.4254 -7.3984 1.0000	</row3>
				</transform>
			</node>
			<node>
				<identifier>	HP_FX_Death_3	</identifier>
				<transform>
					<row0>	1.0000 0.0000 0.0000 0.0000	</row0>
					<row1>	0.0000 1.0000 0.0000 0.0000	</row1>
					<row2>	0.0000 0.0000 1.0000 0.0000	</row2>
					<row3>	0.0000 0.0000 -5.5709 1.0000	</row3>
				</transform>
			</node>
			<node>
				<identifier>	HP_FX_Fire_4	</identifier>
				<transform>
					<row0>	1.0000 0.0000 0.0000 0.0000	</row0>
					<row1>	0.0000 1.0000 0.0000 0.0000	</row1>
					<row2>	0.0000 0.0000 1.0000 0.0000	</row2>
					<row3>	0.0391 0.4177 -6.7661 1.0000	</row3>
				</transform>
			</node>
			<node>
				<identifier>	HP_FX_WakeTraceBack	</identifier>
				<transform>
					<row0>	1.0000 0.0000 0.0000 0.0000	</row0>
					<row1>	0.0000 1.0000 0.0000 0.0000	</row1>
					<row2>	0.0000 0.0000 1.0000 0.0000	</row2>
					<row3>	0.0000 0.0000 -8.0532 1.0000	</row3>
				</transform>
			</node>
			<node>
				<identifier>	HP_FX_WakeTrace_screw_1	</identifier>
				<transform>
					<row0>	1.0000 0.0000 0.0000 0.0000	</row0>
					<row1>	0.0000 1.0000 0.0000 0.0000	</row1>
					<row2>	0.0000 0.0000 1.0000 0.0000	</row2>
					<row3>	-0.5955 -0.4700 -5.7777 1.0000	</row3>
				</transform>
			</node>
			<node>
				<identifier>	HP_FX_WakeTrace_screw_2	</identifier>
				<transform>
					<row0>	1.0000 0.0000 0.0000 0.0000	</row0>
					<row1>	0.0000 1.0000 0.0000 0.0000	</row1>
					<row2>	0.0000 0.0000 1.0000 0.0000	</row2>
					<row3>	-0.3240 -0.4681 -6.7514 1.0000	</row3>
				</transform>
			</node>
			<node>
				<identifier>	HP_FX_WakeTrace_screw_3	</identifier>
				<transform>
					<row0>	1.0000 0.0000 0.0000 0.0000	</row0>
					<row1>	0.0000 1.0000 0.0000 0.0000	</row1>
					<row2>	0.0000 0.0000 1.0000 0.0000	</row2>
					<row3>	0.5955 -0.4700 -5.7777 1.0000	</row3>
				</transform>
			</node>
			<node>
				<identifier>	HP_FX_WakeTrace_screw_4	</identifier>
				<transform>
					<row0>	1.0000 0.0000 0.0000 0.0000	</row0>
					<row1>	0.0000 1.0000 0.0000 0.0000	</row1>
					<row2>	0.0000 0.0000 1.0000 0.0000	</row2>
					<row3>	0.3240 -0.4681 -6.7514 1.0000	</row3>
				</transform>
			</node>
			<node>
				<identifier>	HP_Ship_death_3	</identifier>
				<transform>
					<row0>	1.0000 0.0000 0.0000 0.0000	</row0>
					<row1>	0.0000 1.0000 0.0000 0.0000	</row1>
					<row2>	0.0000 0.0000 1.0000 0.0000	</row2>
					<row3>	0.0000 0.0267 -5.2300 1.0000	</row3>
				</transform>
			</node>
			<node>
				<identifier>	MP_CM002_Propeller4_L	</identifier>
				<transform>
					<row0>	0.9647 0.2568 -0.0583 0.0000	</row0>
					<row1>	-0.2574 0.9663 -0.0035 0.0000	</row1>
					<row2>	0.0554 0.0184 0.9983 0.0000	</row2>
					<row3>	-0.5955 -0.4700 -5.7777 1.0000	</row3>
				</transform>
			</node>
			<node>
				<identifier>	MP_CM002_Propeller4_L_INDEX_1	</identifier>
				<transform>
					<row0>	0.9870 0.1603 -0.0116 0.0000	</row0>
					<row1>	-0.1607 0.9862 -0.0392 0.0000	</row1>
					<row2>	0.0052 0.0406 0.9992 0.0000	</row2>
					<row3>	-0.3240 -0.4681 -6.7514 1.0000	</row3>
				</transform>
			</node>
			<node>
				<identifier>	MP_CM033_Propeller4_R	</identifier>
				<transform>
					<row0>	0.9647 -0.2568 0.0583 0.0000	</row0>
					<row1>	0.2574 0.9663 -0.0035 0.0000	</row1>
					<row2>	-0.0554 0.0184 0.9983 0.0000	</row2>
					<row3>	0.5955 -0.4700 -5.7777 1.0000	</row3>
				</transform>
			</node>
			<node>
				<identifier>	MP_CM033_Propeller4_R_INDEX_1	</identifier>
				<transform>
					<row0>	0.9870 -0.1603 0.0116 0.0000	</row0>
					<row1>	0.1607 0.9862 -0.0392 0.0000	</row1>
					<row2>	-0.0052 0.0406 0.9992 0.0000	</row2>
					<row3>	0.3240 -0.4681 -6.7514 1.0000	</row3>
				</transform>
			</node>
			<node>
				<identifier>	MP_CM126_Cleat	</identifier>
				<transform>
					<row0>	-0.7950 0.0000 0.6066 0.0000	</row0>
					<row1>	0.0000 1.0000 0.0000 0.0000	</row1>
					<row2>	-0.6066 0.0000 -0.7950 0.0000	</row2>
					<row3>	0.1820 0.4241 -8.0992 1.0000	</row3>
				</transform>
			</node>
			<node>
				<identifier>	MP_CM126_Cleat_INDEX_1	</identifier>
				<transform>
					<row0>	0.9225 0.0000 0.3859 0.0000	</row0>
					<row1>	0.0000 1.0000 0.0000 0.0000	</row1>
					<row2>	-0.3859 0.0000 0.9225 0.0000	</row2>
					<row3>	-0.3721 0.4195 -7.7526 1.0000	</row3>
				</transform>
			</node>
			<node>
				<identifier>	MP_CM126_Cleat_INDEX_2	</identifier>
				<transform>
					<row0>	-0.7950 0.0000 -0.6066 0.0000	</row0>
					<row1>	0.0000 1.0000 0.0000 0.0000	</row1>
					<row2>	0.6066 0.0000 -0.7950 0.0000	</row2>
					<row3>	-0.1820 0.4241 -8.0992 1.0000	</row3>
				</transform>
			</node>
			<node>
				<identifier>	MP_CM126_Cleat_INDEX_3	</identifier>
				<transform>
					<row0>	0.9225 0.0000 -0.3859 0.0000	</row0>
					<row1>	0.0000 1.0000 0.0000 0.0000	</row1>
					<row2>	0.3859 0.0000 0.9225 0.0000	</row2>
					<row3>	0.3721 0.4195 -7.7526 1.0000	</row3>
				</transform>
			</node>
			<node>
				<identifier>	MP_FM019_Life_Bouy	</identifier>
				<transform>
					<row0>	0.8660 0.0000 -0.5000 0.0000	</row0>
					<row1>	0.0000 1.0000 0.0000 0.0000	</row1>
					<row2>	0.5000 0.0000 0.8660 0.0000	</row2>
					<row3>	-0.5276 0.4305 -7.5207 1.0000	</row3>
				</transform>
			</node>
			<node>
				<identifier>	MP_FM019_Life_Bouy_INDEX_1	</identifier>
				<transform>
					<row0>	0.8660 0.0000 0.5000 0.0000	</row0>
					<row1>	0.0000 1.0000 0.0000 0.0000	</row1>
					<row2>	-0.5000 0.0000 0.8660 0.0000	</row2>
					<row3>	0.5276 0.4305 -7.5207 1.0000	</row3>
				</transform>
			</node>
			<node>
				<identifier>	MP_FM860_Running_Lights_Back	</identifier>
				<transform>
					<row0>	-1.0000 0.0000 0.0000 0.0000	</row0>
					<row1>	0.0000 1.0000 0.0000 0.0000	</row1>
					<row2>	0.0000 0.0000 -1.0000 0.0000	</row2>
					<row3>	0.0000 0.4984 -8.1969 1.0000	</row3>
				</transform>
			</node>
			<node>
				<identifier>	MP_FM950_Anchor_bottom	</identifier>
				<transform>
					<row0>	0.6208 0.3058 -0.1055 0.0000	</row0>
					<row1>	-0.2697 0.6153 0.1966 0.0000	</row1>
					<row2>	0.1786 -0.1337 0.6635 0.0000	</row2>
					<row3>	-0.0175 0.2989 -8.2144 1.0000	</row3>
				</transform>
			</node>
			<node>
				<identifier>	MP_FM951_Anchor_up	</identifier>
				<transform>
					<row0>	0.6208 0.3058 -0.1055 0.0000	</row0>
					<row1>	-0.1439 0.4654 0.5027 0.0000	</row1>
					<row2>	0.2897 -0.4241 0.4756 0.0000	</row2>
					<row3>	-0.0176 0.2991 -8.2143 1.0000	</row3>
				</transform>
			</node>
			<node>
				<identifier>	MP_FM954_Anchor_Capstan_Back	</identifier>
				<transform>
					<row0>	0.7953 0.0000 0.2934 0.0000	</row0>
					<row1>	0.0000 1.1005 0.0000 0.0000	</row1>
					<row2>	-0.2934 0.0000 0.7953 0.0000	</row2>
					<row3>	-0.2757 0.4329 -7.4709 1.0000	</row3>
				</transform>
			</node>
			<node>
				<identifier>	MP_FM955_Bollard	</identifier>
				<transform>
					<row0>	1.9065 0.0000 0.0000 0.0000	</row0>
					<row1>	0.0000 1.9065 0.0000 0.0000	</row1>
					<row2>	0.0000 0.0000 1.9065 0.0000	</row2>
					<row3>	0.3674 0.4104 -7.1751 1.0000	</row3>
				</transform>
			</node>
			<node>
				<identifier>	MP_FM955_Bollard_INDEX_1	</identifier>
				<transform>
					<row0>	1.9065 0.0000 0.0000 0.0000	</row0>
					<row1>	0.0000 1.9065 0.0000 0.0000	</row1>
					<row2>	0.0000 0.0000 1.9065 0.0000	</row2>
					<row3>	-0.3674 0.4104 -7.1751 1.0000	</row3>
				</transform>
			</node>
			<node>
				<identifier>	MP_FM955_Bollard_INDEX_2	</identifier>
				<transform>
					<row0>	1.1917 0.0000 0.0000 0.0000	</row0>
					<row1>	0.0000 1.1917 0.0000 0.0000	</row1>
					<row2>	0.0000 0.0000 1.1917 0.0000	</row2>
					<row3>	-0.4376 0.4156 -7.3882 1.0000	</row3>
				</transform>
			</node>
			<node>
				<identifier>	MP_FM955_Bollard_INDEX_3	</identifier>
				<transform>
					<row0>	1.1917 0.0000 0.0000 0.0000	</row0>
					<row1>	0.0000 1.1917 0.0000 0.0000	</row1>
					<row2>	0.0000 0.0000 1.1917 0.0000	</row2>
					<row3>	0.4376 0.4156 -7.3882 1.0000	</row3>
				</transform>
			</node>
			<node>
				<identifier>	SP_YMS011_YHWL_M_1_INDEX_15	</identifier>
				<transform>
					<row0>	0.9212 0.3592 0.1496 0.0000	</row0>
					<row1>	-0.3549 0.9333 -0.0555 0.0000	</row1>
					<row2>	-0.1596 -0.0020 0.9872 0.0000	</row2>
					<row3>	-0.6316 0.0267 -5.9787 1.0000	</row3>
				</transform>
			</node>
			<node>
				<identifier>	SP_YMS011_YHWL_M_1_INDEX_16	</identifier>
				<transform>
					<row0>	0.8698 0.4617 0.1742 0.0000	</row0>
					<row1>	-0.4522 0.8870 -0.0932 0.0000	</row1>
					<row2>	-0.1976 0.0023 0.9803 0.0000	</row2>
					<row3>	-0.4746 0.0267 -6.7902 1.0000	</row3>
				</transform>
			</node>
			<node>
				<identifier>	SP_YMS012_YHWR_M_1_INDEX_15	</identifier>
				<transform>
					<row0>	0.9212 -0.3592 -0.1496 0.0000	</row0>
					<row1>	0.3549 0.9333 -0.0555 0.0000	</row1>
					<row2>	0.1596 -0.0020 0.9872 0.0000	</row2>
					<row3>	0.6316 0.0267 -5.9787 1.0000	</row3>
				</transform>
			</node>
			<node>
				<identifier>	SP_YMS012_YHWR_M_1_INDEX_16	</identifier>
				<transform>
					<row0>	0.8698 -0.4617 -0.1742 0.0000	</row0>
					<row1>	0.4522 0.8870 -0.0932 0.0000	</row1>
					<row2>	0.1976 0.0023 0.9803 0.0000	</row2>
					<row3>	0.4746 0.0267 -6.7902 1.0000	</row3>
				</transform>
			</node>
			<node>
				<identifier>	SP_YMS021_YHUC_S_1_INDEX_10	</identifier>
				<transform>
					<row0>	-0.7473 0.6613 -0.0650 0.0000	</row0>
					<row1>	-0.6435 -0.7447 -0.1773 0.0000	</row1>
					<row2>	-0.1657 -0.0907 0.9820 0.0000	</row2>
					<row3>	-0.3569 -0.1378 -6.8251 1.0000	</row3>
				</transform>
			</node>
			<node>
				<identifier>	SP_YMS021_YHUC_S_1_INDEX_11	</identifier>
				<transform>
					<row0>	-0.7473 -0.6613 0.0650 0.0000	</row0>
					<row1>	0.6435 -0.7447 -0.1773 0.0000	</row1>
					<row2>	0.1657 -0.0907 0.9820 0.0000	</row2>
					<row3>	0.3569 -0.1378 -6.8251 1.0000	</row3>
				</transform>
			</node>
			<node>
				<identifier>	SP_YMS021_YHUC_S_1_INDEX_8	</identifier>
				<transform>
					<row0>	-0.6575 0.7523 -0.0415 0.0000	</row0>
					<row1>	-0.7397 -0.6550 -0.1543 0.0000	</row1>
					<row2>	-0.1432 -0.0708 0.9872 0.0000	</row2>
					<row3>	-0.5430 -0.1860 -5.8640 1.0000	</row3>
				</transform>
			</node>
			<node>
				<identifier>	SP_YMS021_YHUC_S_1_INDEX_9	</identifier>
				<transform>
					<row0>	-0.6575 -0.7523 0.0415 0.0000	</row0>
					<row1>	0.7397 -0.6550 -0.1543 0.0000	</row1>
					<row2>	0.1432 -0.0708 0.9872 0.0000	</row2>
					<row3>	0.5430 -0.1860 -5.8640 1.0000	</row3>
				</transform>
			</node>
			<node>
				<identifier>	SP_YMS023_YHUC_L_1	</identifier>
				<transform>
					<row0>	0.8621 -0.1068 -0.0469 0.0000	</row0>
					<row1>	0.1056 0.8632 -0.0240 0.0000	</row1>
					<row2>	0.0494 0.0181 0.8684 0.0000	</row2>
					<row3>	-0.5962 -0.4674 -5.7775 1.0000	</row3>
				</transform>
			</node>
			<node>
				<identifier>	SP_YMS023_YHUC_L_1_INDEX_1	</identifier>
				<transform>
					<row0>	0.8621 0.1068 0.0469 0.0000	</row0>
					<row1>	-0.1056 0.8632 -0.0240 0.0000	</row1>
					<row2>	-0.0494 0.0181 0.8684 0.0000	</row2>
					<row3>	0.5962 -0.4674 -5.7775 1.0000	</row3>
				</transform>
			</node>
			<node>
				<identifier>	SP_YMS023_YHUC_L_1_INDEX_2	</identifier>
				<transform>
					<row0>	0.8486 -0.1916 -0.0086 0.0000	</row0>
					<row1>	0.1910 0.8479 -0.0393 0.0000	</row1>
					<row2>	0.0170 0.0365 0.8691 0.0000	</row2>
					<row3>	-0.3355 -0.4654 -6.7514 1.0000	</row3>
				</transform>
			</node>
			<node>
				<identifier>	SP_YMS023_YHUC_L_1_INDEX_3	</identifier>
				<transform>
					<row0>	0.8486 0.1916 0.0086 0.0000	</row0>
					<row1>	-0.1910 0.8479 -0.0393 0.0000	</row1>
					<row2>	-0.0170 0.0365 0.8691 0.0000	</row2>
					<row3>	0.3355 -0.4654 -6.7514 1.0000	</row3>
				</transform>
			</node>
			<node>
				<identifier>	SP_YMS030_YHAM_M_1	</identifier>
				<transform>
					<row0>	0.7550 0.0000 0.0000 0.0000	</row0>
					<row1>	0.0000 0.7550 0.0000 0.0000	</row1>
					<row2>	0.0000 0.0000 0.7550 0.0000	</row2>
					<row3>	0.0000 0.2753 -8.2123 1.0000	</row3>
				</transform>
			</node>
			<node>
				<identifier>	SP_YMS031_YHAL_M_1	</identifier>
				<transform>
					<row0>	0.9171 0.2913 0.2721 0.0000	</row0>
					<row1>	-0.2793 0.9566 -0.0829 0.0000	</row1>
					<row2>	-0.2844 0.0000 0.9587 0.0000	</row2>
					<row3>	-0.3579 0.2338 -7.7503 1.0000	</row3>
				</transform>
			</node>
			<node>
				<identifier>	SP_YMS032_YHAR_M_1	</identifier>
				<transform>
					<row0>	0.9171 -0.2913 -0.2721 0.0000	</row0>
					<row1>	0.2793 0.9566 -0.0829 0.0000	</row1>
					<row2>	0.2844 0.0000 0.9587 0.0000	</row2>
					<row3>	0.3579 0.2338 -7.7503 1.0000	</row3>
				</transform>
			</node>
			<node>
				<identifier>	SP_YMS053_YHDC_S_1_INDEX_4	</identifier>
				<transform>
					<row0>	1.4416 0.0000 0.0000 0.0000	</row0>
					<row1>	0.0000 1.4416 0.0000 0.0000	</row1>
					<row2>	0.0000 0.0000 1.4416 0.0000	</row2>
					<row3>	-0.4681 0.4204 -6.2077 1.0000	</row3>
				</transform>
			</node>
			<node>
				<identifier>	SP_YMS053_YHDC_S_1_INDEX_5	</identifier>
				<transform>
					<row0>	1.4416 0.0000 0.0000 0.0000	</row0>
					<row1>	0.0000 1.4416 0.0000 0.0000	</row1>
					<row2>	0.0000 0.0000 1.4416 0.0000	</row2>
					<row3>	0.4681 0.4204 -6.2077 1.0000	</row3>
				</transform>
			</node>
			<node>
				<identifier>	SP_YMS070_YHHC_L_1	</identifier>
				<transform>
					<row0>	1.0140 0.0000 0.0000 0.0000	</row0>
					<row1>	0.0000 1.0140 0.0000 0.0000	</row1>
					<row2>	0.0000 0.0000 1.0140 0.0000	</row2>
					<row3>	0.0000 0.5283 -6.1881 1.0000	</row3>
				</transform>
			</node>
			<node>
				<identifier>	SP_YMS071_YHHC_S_1_INDEX_5	</identifier>
				<transform>
					<row0>	0.1208 0.0015 -0.9927 0.0000	</row0>
					<row1>	-0.9862 -0.1137 -0.1202 0.0000	</row1>
					<row2>	-0.1130 0.9935 -0.0122 0.0000	</row2>
					<row3>	-0.7614 0.1989 -5.4564 1.0000	</row3>
				</transform>
			</node>
			<node>
				<identifier>	SP_YMS071_YHHC_S_1_INDEX_6	</identifier>
				<transform>
					<row0>	0.1208 -0.0015 0.9927 0.0000	</row0>
					<row1>	0.9862 -0.1137 -0.1202 0.0000	</row1>
					<row2>	0.1130 0.9935 -0.0122 0.0000	</row2>
					<row3>	0.7614 0.1989 -5.4564 1.0000	</row3>
				</transform>
			</node>
			<node>
				<identifier>	SP_YMS080_YHSL_M_1_INDEX_2	</identifier>
				<transform>
					<row0>	0.9562 0.2430 0.1635 0.0000	</row0>
					<row1>	-0.2404 0.9700 -0.0356 0.0000	</row1>
					<row2>	-0.1672 -0.0052 0.9859 0.0000	</row2>
					<row3>	-0.5764 0.2682 -6.8478 1.0000	</row3>
				</transform>
			</node>
			<node>
				<identifier>	SP_YMS081_YHSR_M_1_INDEX_2	</identifier>
				<transform>
					<row0>	0.9562 -0.2430 -0.1635 0.0000	</row0>
					<row1>	0.2404 0.9700 -0.0356 0.0000	</row1>
					<row2>	0.1672 -0.0052 0.9859 0.0000	</row2>
					<row3>	0.5764 0.2682 -6.8478 1.0000	</row3>
				</transform>
			</node>
		</node>
	</node>
	<boundingBox>
		<min>	-0.0667 -0.0667 -0.0667	</min>
		<max>	0.0667 0.0667 0.0667	</max>
	</boundingBox>
</FSB028_Champagne_1940_Stern_ports.visual>
