<FSB028_Champagne_1940_Bow_ports.visual>
	<node>
		<identifier>	Scene Root	</identifier>
		<transform>
			<row0>	1.0000 0.0000 0.0000 0.0000	</row0>
			<row1>	0.0000 1.0000 0.0000 0.0000	</row1>
			<row2>	0.0000 0.0000 1.0000 0.0000	</row2>
			<row3>	0.0000 0.0000 0.0000 1.0000	</row3>
		</transform>
		<node>
			<identifier>	Bow_ports	</identifier>
			<transform>
				<row0>	1.0000 0.0000 0.0000 0.0000	</row0>
				<row1>	0.0000 1.0000 0.0000 0.0000	</row1>
				<row2>	0.0000 0.0000 1.0000 0.0000	</row2>
				<row3>	0.0000 0.0000 0.0000 1.0000	</row3>
			</transform>
			<node>
				<identifier>	HP_FGA_1	</identifier>
				<transform>
					<row0>	0.6428 0.0000 0.7660 0.0000	</row0>
					<row1>	0.0000 1.0000 0.0000 0.0000	</row1>
					<row2>	-0.7660 0.0000 0.6428 0.0000	</row2>
					<row3>	-0.2258 0.4875 5.2122 1.0000	</row3>
				</transform>
			</node>
			<node>
				<identifier>	HP_FGA_2	</identifier>
				<transform>
					<row0>	0.6428 0.0000 -0.7660 0.0000	</row0>
					<row1>	0.0000 1.0000 0.0000 0.0000	</row1>
					<row2>	0.7660 0.0000 0.6428 0.0000	</row2>
					<row3>	0.2258 0.4875 5.2122 1.0000	</row3>
				</transform>
			</node>
			<node>
				<identifier>	HP_FGA_3	</identifier>
				<transform>
					<row0>	0.6428 0.0000 0.7660 0.0000	</row0>
					<row1>	0.0000 1.0000 0.0000 0.0000	</row1>
					<row2>	-0.7660 0.0000 0.6428 0.0000	</row2>
					<row3>	-0.4296 0.4784 4.9674 1.0000	</row3>
				</transform>
			</node>
			<node>
				<identifier>	HP_FGA_4	</identifier>
				<transform>
					<row0>	0.6428 0.0000 -0.7660 0.0000	</row0>
					<row1>	0.0000 1.0000 0.0000 0.0000	</row1>
					<row2>	0.7660 0.0000 0.6428 0.0000	</row2>
					<row3>	0.4296 0.4784 4.9674 1.0000	</row3>
				</transform>
			</node>
			<node>
				<identifier>	HP_FX_Death_1	</identifier>
				<transform>
					<row0>	1.0000 0.0000 0.0000 0.0000	</row0>
					<row1>	0.0000 1.0000 0.0000 0.0000	</row1>
					<row2>	0.0000 0.0000 1.0000 0.0000	</row2>
					<row3>	0.0000 0.0000 4.7789 1.0000	</row3>
				</transform>
			</node>
			<node>
				<identifier>	HP_FX_Fire_1	</identifier>
				<transform>
					<row0>	1.0000 0.0000 0.0000 0.0000	</row0>
					<row1>	0.0000 1.0000 0.0000 0.0000	</row1>
					<row2>	0.0000 0.0000 1.0000 0.0000	</row2>
					<row3>	0.0391 0.5000 5.7731 1.0000	</row3>
				</transform>
			</node>
			<node>
				<identifier>	HP_FX_RepairLight_right_1	</identifier>
				<transform>
					<row0>	0.1128 0.0467 -0.9925 0.0000	</row0>
					<row1>	0.0135 0.9987 0.0485 0.0000	</row1>
					<row2>	0.9935 -0.0188 0.1121 0.0000	</row2>
					<row3>	0.7214 0.4673 4.5806 1.0000	</row3>
				</transform>
			</node>
			<node>
				<identifier>	HP_FX_WakeTrace	</identifier>
				<transform>
					<row0>	1.0000 0.0000 0.0000 0.0000	</row0>
					<row1>	0.0000 1.0000 0.0000 0.0000	</row1>
					<row2>	0.0000 0.0000 1.0000 0.0000	</row2>
					<row3>	0.0000 0.0000 8.0702 1.0000	</row3>
				</transform>
			</node>
			<node>
				<identifier>	HP_Ship_death_1	</identifier>
				<transform>
					<row0>	1.0000 0.0000 0.0000 0.0000	</row0>
					<row1>	0.0000 1.0000 0.0000 0.0000	</row1>
					<row2>	0.0000 0.0000 1.0000 0.0000	</row2>
					<row3>	0.0000 0.0267 4.4430 1.0000	</row3>
				</transform>
			</node>
			<node>
				<identifier>	MP_CM010_Fire_Hose_Reel	</identifier>
				<transform>
					<row0>	0.0315 0.0000 -0.9995 0.0000	</row0>
					<row1>	0.0000 1.0000 0.0000 0.0000	</row1>
					<row2>	0.9995 0.0000 0.0315 0.0000	</row2>
					<row3>	0.2073 0.5283 5.3765 1.0000	</row3>
				</transform>
			</node>
			<node>
				<identifier>	MP_CM010_Fire_Hose_Reel_INDEX_1	</identifier>
				<transform>
					<row0>	-0.0315 0.0000 -0.9995 0.0000	</row0>
					<row1>	0.0000 1.0000 0.0000 0.0000	</row1>
					<row2>	0.9995 0.0000 -0.0315 0.0000	</row2>
					<row3>	-0.2073 0.5283 5.3765 1.0000	</row3>
				</transform>
			</node>
			<node>
				<identifier>	MP_CM011_Fire_Fighting_Gear	</identifier>
				<transform>
					<row0>	-0.2588 0.0000 0.9659 0.0000	</row0>
					<row1>	0.0000 1.0000 0.0000 0.0000	</row1>
					<row2>	-0.9659 0.0000 -0.2588 0.0000	</row2>
					<row3>	-0.1097 0.4838 5.2969 1.0000	</row3>
				</transform>
			</node>
			<node>
				<identifier>	MP_CM011_Fire_Fighting_Gear_INDEX_1	</identifier>
				<transform>
					<row0>	-0.2588 0.0000 -0.9659 0.0000	</row0>
					<row1>	0.0000 1.0000 0.0000 0.0000	</row1>
					<row2>	0.9659 0.0000 -0.2588 0.0000	</row2>
					<row3>	0.1097 0.4838 5.2969 1.0000	</row3>
				</transform>
			</node>
			<node>
				<identifier>	MP_CM012_Fire_Hose_Rack_1	</identifier>
				<transform>
					<row0>	0.7918 0.0004 -0.6108 0.0000	</row0>
					<row1>	-0.0004 1.0000 0.0001 0.0000	</row1>
					<row2>	0.6108 0.0001 0.7918 0.0000	</row2>
					<row3>	0.1351 0.5194 5.3354 1.0000	</row3>
				</transform>
			</node>
			<node>
				<identifier>	MP_CM012_Fire_Hose_Rack_1_INDEX_1	</identifier>
				<transform>
					<row0>	-0.7918 0.0004 -0.6108 0.0000	</row0>
					<row1>	0.0006 1.0000 -0.0001 0.0000	</row1>
					<row2>	0.6108 -0.0005 -0.7918 0.0000	</row2>
					<row3>	-0.1373 0.5194 5.3381 1.0000	</row3>
				</transform>
			</node>
			<node>
				<identifier>	MP_CM014_Fuel_Oil_Hose	</identifier>
				<transform>
					<row0>	0.0035 -0.9994 0.0336 0.0000	</row0>
					<row1>	0.7557 0.0247 0.6545 0.0000	</row1>
					<row2>	-0.6550 0.0231 0.7553 0.0000	</row2>
					<row3>	0.3310 0.4668 4.8166 1.0000	</row3>
				</transform>
			</node>
			<node>
				<identifier>	MP_CM014_Fuel_Oil_Hose_INDEX_1	</identifier>
				<transform>
					<row0>	0.0000 -0.9993 0.0377 0.0000	</row0>
					<row1>	0.7557 -0.0247 -0.6545 0.0000	</row1>
					<row2>	0.6550 0.0285 0.7551 0.0000	</row2>
					<row3>	-0.2977 0.4695 4.8966 1.0000	</row3>
				</transform>
			</node>
			<node>
				<identifier>	MP_CM014_Fuel_Oil_Hose_INDEX_2	</identifier>
				<transform>
					<row0>	-0.0031 -0.9994 0.0341 0.0000	</row0>
					<row1>	0.7557 -0.0247 -0.6545 0.0000	</row1>
					<row2>	0.6550 0.0237 0.7553 0.0000	</row2>
					<row3>	-0.3310 0.4669 4.8166 1.0000	</row3>
				</transform>
			</node>
			<node>
				<identifier>	MP_CM014_Fuel_Oil_Hose_INDEX_3	</identifier>
				<transform>
					<row0>	0.0087 -0.9989 0.0452 0.0000	</row0>
					<row1>	0.7556 0.0362 0.6540 0.0000	</row1>
					<row2>	-0.6550 0.0285 0.7551 0.0000	</row2>
					<row3>	0.2977 0.4694 4.8966 1.0000	</row3>
				</transform>
			</node>
			<node>
				<identifier>	MP_CM014_Fuel_Oil_Hose_INDEX_4	</identifier>
				<transform>
					<row0>	-0.0118 -0.9993 0.0368 0.0000	</row0>
					<row1>	0.7556 -0.0331 -0.6542 0.0000	</row1>
					<row2>	0.6549 0.0201 0.7554 0.0000	</row2>
					<row3>	-0.4009 0.4657 4.7774 1.0000	</row3>
				</transform>
			</node>
			<node>
				<identifier>	MP_CM014_Fuel_Oil_Hose_INDEX_5	</identifier>
				<transform>
					<row0>	0.0118 -0.9993 0.0368 0.0000	</row0>
					<row1>	0.7556 0.0331 0.6542 0.0000	</row1>
					<row2>	-0.6549 0.0201 0.7554 0.0000	</row2>
					<row3>	0.4009 0.4656 4.7774 1.0000	</row3>
				</transform>
			</node>
			<node>
				<identifier>	MP_CM079_Fender	</identifier>
				<transform>
					<row0>	0.8154 0.0367 0.9711 0.0000	</row0>
					<row1>	0.9718 -0.0308 -0.8149 0.0000	</row1>
					<row2>	0.0000 1.2677 -0.0479 0.0000	</row2>
					<row3>	-0.4318 0.4799 5.2077 1.0000	</row3>
				</transform>
			</node>
			<node>
				<identifier>	MP_CM079_Fender_INDEX_1	</identifier>
				<transform>
					<row0>	0.8147 -0.0367 -0.9718 0.0000	</row0>
					<row1>	-0.9725 -0.0308 -0.8141 0.0000	</row1>
					<row2>	0.0000 1.2677 -0.0479 0.0000	</row2>
					<row3>	0.3365 0.4843 5.3214 1.0000	</row3>
				</transform>
			</node>
			<node>
				<identifier>	MP_CM079_Fender_INDEX_2	</identifier>
				<transform>
					<row0>	0.8147 0.0367 0.9718 0.0000	</row0>
					<row1>	0.9725 -0.0308 -0.8141 0.0000	</row1>
					<row2>	0.0000 1.2677 -0.0479 0.0000	</row2>
					<row3>	-0.3365 0.4843 5.3214 1.0000	</row3>
				</transform>
			</node>
			<node>
				<identifier>	MP_CM079_Fender_INDEX_3	</identifier>
				<transform>
					<row0>	0.8154 -0.0367 -0.9711 0.0000	</row0>
					<row1>	-0.9718 -0.0308 -0.8149 0.0000	</row1>
					<row2>	0.0000 1.2677 -0.0479 0.0000	</row2>
					<row3>	0.4318 0.4799 5.2077 1.0000	</row3>
				</transform>
			</node>
			<node>
				<identifier>	MP_CM079_Fender_INDEX_4	</identifier>
				<transform>
					<row0>	0.8154 0.0367 0.9711 0.0000	</row0>
					<row1>	0.9718 -0.0308 -0.8149 0.0000	</row1>
					<row2>	0.0000 1.2677 -0.0479 0.0000	</row2>
					<row3>	-0.5255 0.4757 5.0960 1.0000	</row3>
				</transform>
			</node>
			<node>
				<identifier>	MP_CM079_Fender_INDEX_5	</identifier>
				<transform>
					<row0>	0.8154 -0.0367 -0.9711 0.0000	</row0>
					<row1>	-0.9718 -0.0308 -0.8149 0.0000	</row1>
					<row2>	0.0000 1.2677 -0.0479 0.0000	</row2>
					<row3>	0.5255 0.4757 5.0960 1.0000	</row3>
				</transform>
			</node>
			<node>
				<identifier>	MP_CM109_Leadsman_Platform	</identifier>
				<transform>
					<row0>	0.1591 -0.9839 0.0819 0.0000	</row0>
					<row1>	-0.9642 -0.1727 -0.2014 0.0000	</row1>
					<row2>	0.2123 -0.0469 -0.9761 0.0000	</row2>
					<row3>	0.2853 0.6085 7.9171 1.0000	</row3>
				</transform>
			</node>
			<node>
				<identifier>	MP_CM109_Leadsman_Platform_INDEX_1	</identifier>
				<transform>
					<row0>	-0.1591 -0.9839 0.0819 0.0000	</row0>
					<row1>	0.9642 -0.1727 -0.2014 0.0000	</row1>
					<row2>	0.2123 0.0469 0.9761 0.0000	</row2>
					<row3>	-0.2850 0.6085 7.9182 1.0000	</row3>
				</transform>
			</node>
			<node>
				<identifier>	MP_FM015_Life_Buoy	</identifier>
				<transform>
					<row0>	-0.1090 0.0000 0.9940 0.0000	</row0>
					<row1>	0.0000 1.0000 0.0000 0.0000	</row1>
					<row2>	-0.9940 0.0000 -0.1090 0.0000	</row2>
					<row3>	0.6940 0.5307 4.7263 1.0000	</row3>
				</transform>
			</node>
			<node>
				<identifier>	MP_FM015_Life_Buoy_INDEX_1	</identifier>
				<transform>
					<row0>	-0.1090 0.0000 -0.9940 0.0000	</row0>
					<row1>	0.0000 1.0000 0.0000 0.0000	</row1>
					<row2>	0.9940 0.0000 -0.1090 0.0000	</row2>
					<row3>	-0.6940 0.5307 4.7263 1.0000	</row3>
				</transform>
			</node>
			<node>
				<identifier>	MP_FM015_Life_Buoy_INDEX_2	</identifier>
				<transform>
					<row0>	-0.1247 0.0000 0.9922 0.0000	</row0>
					<row1>	0.0001 1.0000 0.0000 0.0000	</row1>
					<row2>	-0.9922 0.0001 -0.1247 0.0000	</row2>
					<row3>	0.4742 0.6020 6.5507 1.0000	</row3>
				</transform>
			</node>
			<node>
				<identifier>	MP_FM015_Life_Buoy_INDEX_3	</identifier>
				<transform>
					<row0>	-0.1247 0.0000 -0.9922 0.0000	</row0>
					<row1>	-0.0001 1.0000 0.0000 0.0000	</row1>
					<row2>	0.9922 0.0001 -0.1247 0.0000	</row2>
					<row3>	-0.4742 0.6020 6.5507 1.0000	</row3>
				</transform>
			</node>
			<node>
				<identifier>	MP_FM016_Reels	</identifier>
				<transform>
					<row0>	0.8942 0.0000 0.0000 0.0000	</row0>
					<row1>	0.0000 0.8942 0.0000 0.0000	</row1>
					<row2>	0.0000 0.0000 0.8942 0.0000	</row2>
					<row3>	0.0000 0.4920 5.7284 1.0000	</row3>
				</transform>
			</node>
			<node>
				<identifier>	MP_FM016_Reels_INDEX_1	</identifier>
				<transform>
					<row0>	0.8117 0.0000 -0.6811 0.0000	</row0>
					<row1>	0.0000 1.0596 0.0000 0.0000	</row1>
					<row2>	0.6811 0.0000 0.8117 0.0000	</row2>
					<row3>	0.0606 0.4878 5.4309 1.0000	</row3>
				</transform>
			</node>
			<node>
				<identifier>	MP_FM016_Reels_INDEX_2	</identifier>
				<transform>
					<row0>	0.5748 0.0000 0.6850 0.0000	</row0>
					<row1>	0.0000 0.8942 0.0000 0.0000	</row1>
					<row2>	-0.6850 0.0000 0.5748 0.0000	</row2>
					<row3>	-0.0765 0.4961 5.6388 1.0000	</row3>
				</transform>
			</node>
			<node>
				<identifier>	MP_FM016_Reels_INDEX_3	</identifier>
				<transform>
					<row0>	0.8117 0.0000 0.6811 0.0000	</row0>
					<row1>	0.0000 1.0596 0.0000 0.0000	</row1>
					<row2>	-0.6811 0.0000 0.8117 0.0000	</row2>
					<row3>	-0.0606 0.4878 5.4309 1.0000	</row3>
				</transform>
			</node>
			<node>
				<identifier>	MP_FM701_Ammunition_Box	</identifier>
				<transform>
					<row0>	-0.7660 0.0000 0.6428 0.0000	</row0>
					<row1>	0.0000 1.0000 0.0000 0.0000	</row1>
					<row2>	-0.6428 0.0000 -0.7660 0.0000	</row2>
					<row3>	-0.3868 0.4739 5.1131 1.0000	</row3>
				</transform>
			</node>
			<node>
				<identifier>	MP_FM701_Ammunition_Box_INDEX_1	</identifier>
				<transform>
					<row0>	0.7660 0.0000 -0.6428 0.0000	</row0>
					<row1>	0.0000 1.0000 0.0000 0.0000	</row1>
					<row2>	0.6428 0.0000 0.7660 0.0000	</row2>
					<row3>	-0.5455 0.4654 4.8567 1.0000	</row3>
				</transform>
			</node>
			<node>
				<identifier>	MP_FM701_Ammunition_Box_INDEX_10	</identifier>
				<transform>
					<row0>	-0.9397 0.0000 0.3420 0.0000	</row0>
					<row1>	0.0000 1.0000 0.0000 0.0000	</row1>
					<row2>	-0.3420 0.0000 -0.9397 0.0000	</row2>
					<row3>	-0.1931 0.4836 5.3384 1.0000	</row3>
				</transform>
			</node>
			<node>
				<identifier>	MP_FM701_Ammunition_Box_INDEX_11	</identifier>
				<transform>
					<row0>	-0.7660 0.0000 -0.6428 0.0000	</row0>
					<row1>	0.0000 1.0000 0.0000 0.0000	</row1>
					<row2>	0.6428 0.0000 -0.7660 0.0000	</row2>
					<row3>	0.3537 0.4760 5.1526 1.0000	</row3>
				</transform>
			</node>
			<node>
				<identifier>	MP_FM701_Ammunition_Box_INDEX_2	</identifier>
				<transform>
					<row0>	0.6428 0.0000 -0.7660 0.0000	</row0>
					<row1>	0.0000 1.0000 0.0000 0.0000	</row1>
					<row2>	0.7660 0.0000 0.6428 0.0000	</row2>
					<row3>	0.4647 0.4636 4.7989 1.0000	</row3>
				</transform>
			</node>
			<node>
				<identifier>	MP_FM701_Ammunition_Box_INDEX_3	</identifier>
				<transform>
					<row0>	-0.7660 0.0000 0.6428 0.0000	</row0>
					<row1>	0.0000 1.0000 0.0000 0.0000	</row1>
					<row2>	-0.6428 0.0000 -0.7660 0.0000	</row2>
					<row3>	-0.3537 0.4760 5.1526 1.0000	</row3>
				</transform>
			</node>
			<node>
				<identifier>	MP_FM701_Ammunition_Box_INDEX_4	</identifier>
				<transform>
					<row0>	0.6428 0.0000 0.7660 0.0000	</row0>
					<row1>	0.0000 1.0000 0.0000 0.0000	</row1>
					<row2>	-0.7660 0.0000 0.6428 0.0000	</row2>
					<row3>	-0.4647 0.4636 4.7989 1.0000	</row3>
				</transform>
			</node>
			<node>
				<identifier>	MP_FM701_Ammunition_Box_INDEX_5	</identifier>
				<transform>
					<row0>	-0.7660 0.0000 -0.6428 0.0000	</row0>
					<row1>	0.0000 1.0000 0.0000 0.0000	</row1>
					<row2>	0.6428 0.0000 -0.7660 0.0000	</row2>
					<row3>	0.3868 0.4739 5.1131 1.0000	</row3>
				</transform>
			</node>
			<node>
				<identifier>	MP_FM701_Ammunition_Box_INDEX_6	</identifier>
				<transform>
					<row0>	0.6428 0.0000 0.7660 0.0000	</row0>
					<row1>	0.0000 1.0000 0.0000 0.0000	</row1>
					<row2>	-0.7660 0.0000 0.6428 0.0000	</row2>
					<row3>	-0.2631 0.4714 5.0390 1.0000	</row3>
				</transform>
			</node>
			<node>
				<identifier>	MP_FM701_Ammunition_Box_INDEX_7	</identifier>
				<transform>
					<row0>	0.6428 0.0000 -0.7660 0.0000	</row0>
					<row1>	0.0000 1.0000 0.0000 0.0000	</row1>
					<row2>	0.7660 0.0000 0.6428 0.0000	</row2>
					<row3>	0.2631 0.4714 5.0390 1.0000	</row3>
				</transform>
			</node>
			<node>
				<identifier>	MP_FM701_Ammunition_Box_INDEX_8	</identifier>
				<transform>
					<row0>	0.7660 0.0000 0.6428 0.0000	</row0>
					<row1>	0.0000 1.0000 0.0000 0.0000	</row1>
					<row2>	-0.6428 0.0000 0.7660 0.0000	</row2>
					<row3>	0.5455 0.4654 4.8567 1.0000	</row3>
				</transform>
			</node>
			<node>
				<identifier>	MP_FM701_Ammunition_Box_INDEX_9	</identifier>
				<transform>
					<row0>	-0.9397 0.0000 -0.3420 0.0000	</row0>
					<row1>	0.0000 1.0000 0.0000 0.0000	</row1>
					<row2>	0.3420 0.0000 -0.9397 0.0000	</row2>
					<row3>	0.1931 0.4836 5.3384 1.0000	</row3>
				</transform>
			</node>
			<node>
				<identifier>	MP_FM950_Anchor_bottom	</identifier>
				<transform>
					<row0>	0.5590 -0.7856 -0.2652 0.0000	</row0>
					<row1>	-0.1185 0.2409 -0.9633 0.0000	</row1>
					<row2>	0.8207 0.5699 0.0416 0.0000	</row2>
					<row3>	-0.2011 0.4534 7.8441 1.0000	</row3>
				</transform>
			</node>
			<node>
				<identifier>	MP_FM950_Anchor_bottom_INDEX_1	</identifier>
				<transform>
					<row0>	0.5590 0.7856 0.2652 0.0000	</row0>
					<row1>	0.1185 0.2409 -0.9633 0.0000	</row1>
					<row2>	-0.8207 0.5699 0.0416 0.0000	</row2>
					<row3>	0.2011 0.4534 7.8441 1.0000	</row3>
				</transform>
			</node>
			<node>
				<identifier>	MP_FM950_Anchor_bottom_INDEX_2	</identifier>
				<transform>
					<row0>	1.0000 0.0000 0.0000 0.0000	</row0>
					<row1>	0.0000 -0.1747 -0.9846 0.0000	</row1>
					<row2>	0.0000 0.9846 -0.1747 0.0000	</row2>
					<row3>	0.0000 0.4008 8.1798 1.0000	</row3>
				</transform>
			</node>
			<node>
				<identifier>	MP_FM951_Anchor_up	</identifier>
				<transform>
					<row0>	0.5404 0.7595 0.2564 0.0000	</row0>
					<row1>	-0.2013 0.4278 -0.8432 0.0000	</row1>
					<row2>	-0.7759 0.4180 0.3973 0.0000	</row2>
					<row3>	0.2011 0.4534 7.8441 1.0000	</row3>
				</transform>
			</node>
			<node>
				<identifier>	MP_FM951_Anchor_up_INDEX_1	</identifier>
				<transform>
					<row0>	0.5404 -0.7595 -0.2564 0.0000	</row0>
					<row1>	0.2013 0.4278 -0.8432 0.0000	</row1>
					<row2>	0.7759 0.4180 0.3973 0.0000	</row2>
					<row3>	-0.2011 0.4534 7.8441 1.0000	</row3>
				</transform>
			</node>
			<node>
				<identifier>	MP_FM951_Anchor_up_INDEX_2	</identifier>
				<transform>
					<row0>	1.0000 0.0000 0.0000 0.0000	</row0>
					<row1>	0.0000 0.5247 -0.7976 0.0000	</row1>
					<row2>	0.0000 0.8354 0.5496 0.0000	</row2>
					<row3>	0.0000 0.4008 8.1798 1.0000	</row3>
				</transform>
			</node>
			<node>
				<identifier>	MP_FM955_Bollard	</identifier>
				<transform>
					<row0>	1.2176 -0.0046 -0.1064 0.0000	</row0>
					<row1>	0.0000 1.2212 -0.0522 0.0000	</row1>
					<row2>	0.1065 0.0520 1.2165 0.0000	</row2>
					<row3>	-0.4433 0.5286 6.4412 1.0000	</row3>
				</transform>
			</node>
			<node>
				<identifier>	MP_FM955_Bollard_INDEX_1	</identifier>
				<transform>
					<row0>	1.8992 0.0000 -0.1662 0.0000	</row0>
					<row1>	-0.0066 1.9050 -0.0750 0.0000	</row1>
					<row2>	0.1660 0.0753 1.8978 0.0000	</row2>
					<row3>	-0.4440 0.5079 5.9586 1.0000	</row3>
				</transform>
			</node>
			<node>
				<identifier>	MP_FM955_Bollard_INDEX_2	</identifier>
				<transform>
					<row0>	1.2176 0.0046 0.1064 0.0000	</row0>
					<row1>	0.0000 1.2212 -0.0522 0.0000	</row1>
					<row2>	-0.1065 0.0520 1.2165 0.0000	</row2>
					<row3>	0.4433 0.5286 6.4412 1.0000	</row3>
				</transform>
			</node>
			<node>
				<identifier>	MP_FM955_Bollard_INDEX_3	</identifier>
				<transform>
					<row0>	1.8992 0.0000 0.1662 0.0000	</row0>
					<row1>	0.0066 1.9050 -0.0750 0.0000	</row1>
					<row2>	-0.1660 0.0753 1.8978 0.0000	</row2>
					<row3>	0.4440 0.5079 5.9586 1.0000	</row3>
				</transform>
			</node>
			<node>
				<identifier>	SP_YMS001_YHBM_M_1	</identifier>
				<transform>
					<row0>	1.5750 0.0000 0.0000 0.0000	</row0>
					<row1>	0.0000 1.5749 0.0192 0.0000	</row1>
					<row2>	0.0000 -0.0192 1.5749 0.0000	</row2>
					<row3>	0.0000 0.6653 8.3010 1.0000	</row3>
				</transform>
			</node>
			<node>
				<identifier>	SP_YMS002_YHBL_M_1	</identifier>
				<transform>
					<row0>	1.5748 -0.0022 -0.0272 0.0000	</row0>
					<row1>	0.0000 1.5699 -0.1263 0.0000	</row1>
					<row2>	0.0272 0.1263 1.5697 0.0000	</row2>
					<row3>	0.0000 0.6610 8.3282 1.0000	</row3>
				</transform>
			</node>
			<node>
				<identifier>	SP_YMS003_YHBR_M_1	</identifier>
				<transform>
					<row0>	1.5748 0.0022 0.0272 0.0000	</row0>
					<row1>	0.0000 1.5699 -0.1263 0.0000	</row1>
					<row2>	-0.0272 0.1263 1.5697 0.0000	</row2>
					<row3>	0.0000 0.6610 8.3282 1.0000	</row3>
				</transform>
			</node>
			<node>
				<identifier>	SP_YMS004_YHXL_L_1	</identifier>
				<transform>
					<row0>	0.5712 0.3729 -0.1570 0.0000	</row0>
					<row1>	-0.3680 0.5918 0.0665 0.0000	</row1>
					<row2>	0.1682 0.0282 0.6789 0.0000	</row2>
					<row3>	-0.1703 0.4586 7.8311 1.0000	</row3>
				</transform>
			</node>
			<node>
				<identifier>	SP_YMS005_YHXR_L_1	</identifier>
				<transform>
					<row0>	0.5712 -0.3729 0.1570 0.0000	</row0>
					<row1>	0.3680 0.5918 0.0665 0.0000	</row1>
					<row2>	-0.1682 0.0282 0.6789 0.0000	</row2>
					<row3>	0.1703 0.4586 7.8311 1.0000	</row3>
				</transform>
			</node>
			<node>
				<identifier>	SP_YMS010_YHWM_L_1	</identifier>
				<transform>
					<row0>	1.0000 0.0000 0.0000 0.0000	</row0>
					<row1>	0.0000 1.0000 0.0000 0.0000	</row1>
					<row2>	0.0000 0.0000 1.0000 0.0000	</row2>
					<row3>	0.0000 0.0267 8.2531 1.0000	</row3>
				</transform>
			</node>
			<node>
				<identifier>	SP_YMS011_YHWL_M_1	</identifier>
				<transform>
					<row0>	1.0167 0.1944 -0.1761 0.0000	</row0>
					<row1>	-0.1921 1.0318 0.0304 0.0000	</row1>
					<row2>	0.1787 0.0028 1.0347 0.0000	</row2>
					<row3>	-0.2309 0.0267 6.5649 1.0000	</row3>
				</transform>
			</node>
			<node>
				<identifier>	SP_YMS011_YHWL_M_1_INDEX_1	</identifier>
				<transform>
					<row0>	0.9757 0.1125 -0.1882 0.0000	</row0>
					<row1>	-0.1105 0.9936 0.0213 0.0000	</row1>
					<row2>	0.1894 0.0000 0.9819 0.0000	</row2>
					<row3>	-0.3849 0.0267 5.7051 1.0000	</row3>
				</transform>
			</node>
			<node>
				<identifier>	SP_YMS011_YHWL_M_1_INDEX_2	</identifier>
				<transform>
					<row0>	0.9757 0.1125 -0.1882 0.0000	</row0>
					<row1>	-0.1105 0.9936 0.0213 0.0000	</row1>
					<row2>	0.1894 0.0000 0.9819 0.0000	</row2>
					<row3>	-0.5442 0.0267 4.8805 1.0000	</row3>
				</transform>
			</node>
			<node>
				<identifier>	SP_YMS012_YHWR_M_1	</identifier>
				<transform>
					<row0>	1.0167 -0.1944 0.1761 0.0000	</row0>
					<row1>	0.1921 1.0318 0.0304 0.0000	</row1>
					<row2>	-0.1787 0.0028 1.0347 0.0000	</row2>
					<row3>	0.2309 0.0267 6.5649 1.0000	</row3>
				</transform>
			</node>
			<node>
				<identifier>	SP_YMS012_YHWR_M_1_INDEX_1	</identifier>
				<transform>
					<row0>	0.9757 -0.1125 0.1882 0.0000	</row0>
					<row1>	0.1105 0.9936 0.0213 0.0000	</row1>
					<row2>	-0.1894 0.0000 0.9819 0.0000	</row2>
					<row3>	0.3849 0.0267 5.7051 1.0000	</row3>
				</transform>
			</node>
			<node>
				<identifier>	SP_YMS012_YHWR_M_1_INDEX_2	</identifier>
				<transform>
					<row0>	0.9757 -0.1125 0.1882 0.0000	</row0>
					<row1>	0.1105 0.9936 0.0213 0.0000	</row1>
					<row2>	-0.1894 0.0000 0.9819 0.0000	</row2>
					<row3>	0.5442 0.0267 4.8805 1.0000	</row3>
				</transform>
			</node>
			<node>
				<identifier>	SP_YMS020_YHBU_M_1	</identifier>
				<transform>
					<row0>	1.2758 0.0000 0.0000 0.0000	</row0>
					<row1>	0.0000 1.2725 -0.0916 0.0000	</row1>
					<row2>	0.0000 0.0916 1.2725 0.0000	</row2>
					<row3>	0.0000 -0.1204 7.9213 1.0000	</row3>
				</transform>
			</node>
			<node>
				<identifier>	SP_YMS021_YHUC_S_1	</identifier>
				<transform>
					<row0>	-0.0905 0.9958 0.0126 0.0000	</row0>
					<row1>	-0.9783 -0.0913 0.1858 0.0000	</row1>
					<row2>	0.1862 0.0045 0.9825 0.0000	</row2>
					<row3>	-0.4556 -0.2081 5.3088 1.0000	</row3>
				</transform>
			</node>
			<node>
				<identifier>	SP_YMS021_YHUC_S_1_INDEX_1	</identifier>
				<transform>
					<row0>	-0.0905 -0.9958 -0.0126 0.0000	</row0>
					<row1>	0.9783 -0.0913 0.1858 0.0000	</row1>
					<row2>	-0.1862 0.0045 0.9825 0.0000	</row2>
					<row3>	0.4556 -0.2081 5.3088 1.0000	</row3>
				</transform>
			</node>
			<node>
				<identifier>	SP_YMS053_YHDC_S_1	</identifier>
				<transform>
					<row0>	0.9962 0.0000 -0.0872 0.0000	</row0>
					<row1>	-0.0034 0.9992 -0.0393 0.0000	</row1>
					<row2>	0.0871 0.0395 0.9954 0.0000	</row2>
					<row3>	-0.3069 0.5530 6.6336 1.0000	</row3>
				</transform>
			</node>
			<node>
				<identifier>	SP_YMS053_YHDC_S_1_INDEX_1	</identifier>
				<transform>
					<row0>	0.9962 0.0000 0.0872 0.0000	</row0>
					<row1>	0.0034 0.9992 -0.0393 0.0000	</row1>
					<row2>	-0.0871 0.0395 0.9954 0.0000	</row2>
					<row3>	0.3377 0.5125 5.6970 1.0000	</row3>
				</transform>
			</node>
			<node>
				<identifier>	SP_YMS071_YHHC_S_1	</identifier>
				<transform>
					<row0>	-0.6093 0.7861 0.1037 0.0000	</row0>
					<row1>	-0.7769 -0.6180 0.1201 0.0000	</row1>
					<row2>	0.1585 -0.0074 0.9873 0.0000	</row2>
					<row3>	-0.4441 0.4380 6.4449 1.0000	</row3>
				</transform>
			</node>
			<node>
				<identifier>	SP_YMS071_YHHC_S_1_INDEX_1	</identifier>
				<transform>
					<row0>	-0.6093 -0.7861 -0.1037 0.0000	</row0>
					<row1>	0.7769 -0.6180 0.1201 0.0000	</row1>
					<row2>	-0.1585 -0.0074 0.9873 0.0000	</row2>
					<row3>	0.4441 0.4380 6.4449 1.0000	</row3>
				</transform>
			</node>
			<node>
				<identifier>	SP_YMS080_YHSL_M_1	</identifier>
				<transform>
					<row0>	0.8787 0.4527 -0.1515 0.0000	</row0>
					<row1>	-0.4447 0.8916 0.0851 0.0000	</row1>
					<row2>	0.1736 -0.0074 0.9848 0.0000	</row2>
					<row3>	-0.4657 0.3071 5.8466 1.0000	</row3>
				</transform>
			</node>
			<node>
				<identifier>	SP_YMS080_YHSL_M_1_INDEX_1	</identifier>
				<transform>
					<row0>	0.8930 0.4276 -0.1401 0.0000	</row0>
					<row1>	-0.4212 0.9039 0.0744 0.0000	</row1>
					<row2>	0.1585 -0.0074 0.9873 0.0000	</row2>
					<row3>	-0.5888 0.3071 5.0966 1.0000	</row3>
				</transform>
			</node>
			<node>
				<identifier>	SP_YMS081_YHSR_M_1	</identifier>
				<transform>
					<row0>	0.8787 -0.4527 0.1515 0.0000	</row0>
					<row1>	0.4447 0.8916 0.0851 0.0000	</row1>
					<row2>	-0.1736 -0.0074 0.9848 0.0000	</row2>
					<row3>	0.4657 0.3071 5.8466 1.0000	</row3>
				</transform>
			</node>
			<node>
				<identifier>	SP_YMS081_YHSR_M_1_INDEX_1	</identifier>
				<transform>
					<row0>	0.8930 -0.4276 0.1401 0.0000	</row0>
					<row1>	0.4212 0.9039 0.0744 0.0000	</row1>
					<row2>	-0.1585 -0.0074 0.9873 0.0000	</row2>
					<row3>	0.5888 0.3071 5.0966 1.0000	</row3>
				</transform>
			</node>
		</node>
	</node>
	<boundingBox>
		<min>	-0.0667 -0.0667 -0.0667	</min>
		<max>	0.0667 0.0667 0.0667	</max>
	</boundingBox>
</FSB028_Champagne_1940_Bow_ports.visual>
