<FSB028_Champagne_1940_MidBack_ports.visual>
	<node>
		<identifier>	Scene Root	</identifier>
		<transform>
			<row0>	1.0000 0.0000 0.0000 0.0000	</row0>
			<row1>	0.0000 1.0000 0.0000 0.0000	</row1>
			<row2>	0.0000 0.0000 1.0000 0.0000	</row2>
			<row3>	0.0000 0.0000 0.0000 1.0000	</row3>
		</transform>
		<node>
			<identifier>	MidBack_ports	</identifier>
			<transform>
				<row0>	1.0000 0.0000 0.0000 0.0000	</row0>
				<row1>	0.0000 1.0000 0.0000 0.0000	</row1>
				<row2>	0.0000 0.0000 1.0000 0.0000	</row2>
				<row3>	0.0000 0.0000 0.0000 1.0000	</row3>
			</transform>
			<node>
				<identifier>	HP_FD_14	</identifier>
				<transform>
					<row0>	-1.0000 0.0000 0.0000 0.0000	</row0>
					<row1>	0.0000 1.0000 0.0000 0.0000	</row1>
					<row2>	0.0000 0.0000 -1.0000 0.0000	</row2>
					<row3>	0.0000 0.9602 -2.0751 1.0000	</row3>
				</transform>
			</node>
			<node>
				<identifier>	HP_FGA_18	</identifier>
				<transform>
					<row0>	-0.5000 0.0000 0.8660 0.0000	</row0>
					<row1>	0.0000 1.0000 0.0000 0.0000	</row1>
					<row2>	-0.8660 0.0000 -0.5000 0.0000	</row2>
					<row3>	-0.4896 0.7462 -1.6777 1.0000	</row3>
				</transform>
			</node>
			<node>
				<identifier>	HP_FGA_19	</identifier>
				<transform>
					<row0>	-0.5000 0.0000 -0.8660 0.0000	</row0>
					<row1>	0.0000 1.0000 0.0000 0.0000	</row1>
					<row2>	0.8660 0.0000 -0.5000 0.0000	</row2>
					<row3>	0.4896 0.7462 -1.6777 1.0000	</row3>
				</transform>
			</node>
			<node>
				<identifier>	HP_FGA_20	</identifier>
				<transform>
					<row0>	-0.5000 0.0000 0.8660 0.0000	</row0>
					<row1>	0.0000 1.0000 0.0000 0.0000	</row1>
					<row2>	-0.8660 0.0000 -0.5000 0.0000	</row2>
					<row3>	-0.8397 0.4128 -2.8204 1.0000	</row3>
				</transform>
			</node>
			<node>
				<identifier>	HP_FGA_21	</identifier>
				<transform>
					<row0>	-0.5000 0.0000 -0.8660 0.0000	</row0>
					<row1>	0.0000 1.0000 0.0000 0.0000	</row1>
					<row2>	0.8660 0.0000 -0.5000 0.0000	</row2>
					<row3>	0.8397 0.4128 -2.8204 1.0000	</row3>
				</transform>
			</node>
			<node>
				<identifier>	HP_FGM_2	</identifier>
				<transform>
					<row0>	-1.0000 0.0000 0.0000 0.0000	</row0>
					<row1>	0.0000 1.0000 0.0000 0.0000	</row1>
					<row2>	0.0000 0.0000 -1.0000 0.0000	</row2>
					<row3>	0.0000 0.5110 -4.0373 1.0000	</row3>
				</transform>
			</node>
			<node>
				<identifier>	HP_FGS_13	</identifier>
				<transform>
					<row0>	-1.0000 0.0000 0.0000 0.0000	</row0>
					<row1>	0.0000 1.0000 0.0000 0.0000	</row1>
					<row2>	0.0000 0.0000 -1.0000 0.0000	</row2>
					<row3>	-0.7702 0.5831 -2.1243 1.0000	</row3>
				</transform>
			</node>
			<node>
				<identifier>	HP_FGS_14	</identifier>
				<transform>
					<row0>	-1.0000 0.0000 0.0000 0.0000	</row0>
					<row1>	0.0000 1.0000 0.0000 0.0000	</row1>
					<row2>	0.0000 0.0000 -1.0000 0.0000	</row2>
					<row3>	0.7702 0.5831 -2.1243 1.0000	</row3>
				</transform>
			</node>
			<node>
				<identifier>	HP_FGS_15	</identifier>
				<transform>
					<row0>	-1.0000 0.0000 0.0000 0.0000	</row0>
					<row1>	0.0000 1.0000 0.0000 0.0000	</row1>
					<row2>	0.0000 0.0000 -1.0000 0.0000	</row2>
					<row3>	0.0000 0.7935 -2.9049 1.0000	</row3>
				</transform>
			</node>
			<node>
				<identifier>	HP_FX_Fire_3	</identifier>
				<transform>
					<row0>	1.0000 0.0000 0.0000 0.0000	</row0>
					<row1>	0.0000 1.0000 0.0000 0.0000	</row1>
					<row2>	0.0000 0.0000 1.0000 0.0000	</row2>
					<row3>	0.0391 0.7553 -2.2313 1.0000	</row3>
				</transform>
			</node>
			<node>
				<identifier>	HP_FX_Fire_3_side_1	</identifier>
				<transform>
					<row0>	1.0000 0.0000 0.0000 0.0000	</row0>
					<row1>	0.0000 1.0000 0.0000 0.0000	</row1>
					<row2>	0.0000 0.0000 1.0000 0.0000	</row2>
					<row3>	-0.7044 0.4120 -4.7090 1.0000	</row3>
				</transform>
			</node>
			<node>
				<identifier>	HP_FX_Fire_3_side_2	</identifier>
				<transform>
					<row0>	1.0000 0.0000 0.0000 0.0000	</row0>
					<row1>	0.0000 1.0000 0.0000 0.0000	</row1>
					<row2>	0.0000 0.0000 1.0000 0.0000	</row2>
					<row3>	0.8537 0.4744 -2.8298 1.0000	</row3>
				</transform>
			</node>
			<node>
				<identifier>	HP_FX_FloodLight_left_2	</identifier>
				<transform>
					<row0>	-0.7090 0.0000 -0.7052 0.0000	</row0>
					<row1>	0.0000 1.0000 0.0000 0.0000	</row1>
					<row2>	0.7052 0.0000 -0.7090 0.0000	</row2>
					<row3>	-0.4308 0.6267 -2.7636 1.0000	</row3>
				</transform>
			</node>
			<node>
				<identifier>	HP_FX_FloodLight_right_1	</identifier>
				<transform>
					<row0>	0.7241 0.0000 -0.6897 0.0000	</row0>
					<row1>	0.0000 1.0000 0.0000 0.0000	</row1>
					<row2>	0.6897 0.0000 0.7241 0.0000	</row2>
					<row3>	0.4308 0.6267 -2.7636 1.0000	</row3>
				</transform>
			</node>
			<node>
				<identifier>	HP_FX_Flood_steam_1	</identifier>
				<transform>
					<row0>	1.0000 0.0000 0.0000 0.0000	</row0>
					<row1>	0.0000 0.8009 -0.5988 0.0000	</row1>
					<row2>	0.0000 0.5988 0.8009 0.0000	</row2>
					<row3>	0.0903 1.5191 -1.6061 1.0000	</row3>
				</transform>
			</node>
			<node>
				<identifier>	HP_FX_Flood_steam_2	</identifier>
				<transform>
					<row0>	1.0000 0.0000 0.0000 0.0000	</row0>
					<row1>	0.0000 0.8009 -0.5988 0.0000	</row1>
					<row2>	0.0000 0.5988 0.8009 0.0000	</row2>
					<row3>	-0.0892 1.5248 -1.5981 1.0000	</row3>
				</transform>
			</node>
			<node>
				<identifier>	HP_FX_Flood_steam_exhaust_1	</identifier>
				<transform>
					<row0>	1.0000 0.0000 0.0000 0.0000	</row0>
					<row1>	0.0000 0.9877 -0.1568 0.0000	</row1>
					<row2>	0.0000 0.1568 0.9877 0.0000	</row2>
					<row3>	-0.0857 1.6027 -1.4864 1.0000	</row3>
				</transform>
			</node>
			<node>
				<identifier>	HP_FX_Flood_steam_exhaust_2	</identifier>
				<transform>
					<row0>	1.0000 0.0000 0.0000 0.0000	</row0>
					<row1>	0.0000 0.9879 -0.1553 0.0000	</row1>
					<row2>	0.0000 0.1553 0.9879 0.0000	</row2>
					<row3>	0.0889 1.5950 -1.4891 1.0000	</row3>
				</transform>
			</node>
			<node>
				<identifier>	HP_FX_Flood_steam_right	</identifier>
				<transform>
					<row0>	1.0000 0.0000 0.0000 0.0000	</row0>
					<row1>	0.0000 1.0000 0.0000 0.0000	</row1>
					<row2>	0.0000 0.0000 1.0000 0.0000	</row2>
					<row3>	1.0251 0.2772 -2.7037 1.0000	</row3>
				</transform>
			</node>
			<node>
				<identifier>	HP_FX_Flood_water_left	</identifier>
				<transform>
					<row0>	-0.9912 0.0000 -0.1323 0.0000	</row0>
					<row1>	0.0000 1.0000 0.0000 0.0000	</row1>
					<row2>	0.1323 0.0000 -0.9912 0.0000	</row2>
					<row3>	-0.8339 0.1025 -4.7039 1.0000	</row3>
				</transform>
			</node>
			<node>
				<identifier>	HP_FX_Flood_water_left_2	</identifier>
				<transform>
					<row0>	-0.9996 0.0000 -0.0284 0.0000	</row0>
					<row1>	0.0000 1.0000 0.0000 0.0000	</row1>
					<row2>	0.0284 0.0000 -0.9996 0.0000	</row2>
					<row3>	-1.0643 0.1069 -2.0597 1.0000	</row3>
				</transform>
			</node>
			<node>
				<identifier>	HP_FX_Flood_water_right	</identifier>
				<transform>
					<row0>	0.9972 0.0000 -0.0742 0.0000	</row0>
					<row1>	0.0000 1.0000 0.0000 0.0000	</row1>
					<row2>	0.0742 0.0000 0.9972 0.0000	</row2>
					<row3>	0.8379 0.1084 -4.7038 1.0000	</row3>
				</transform>
			</node>
			<node>
				<identifier>	HP_FX_Flood_water_right_2	</identifier>
				<transform>
					<row0>	0.9995 0.0000 -0.0306 0.0000	</row0>
					<row1>	0.0000 1.0000 0.0000 0.0000	</row1>
					<row2>	0.0306 0.0000 0.9995 0.0000	</row2>
					<row3>	1.0650 0.1097 -2.0608 1.0000	</row3>
				</transform>
			</node>
			<node>
				<identifier>	HP_FX_RepairLight_left_2	</identifier>
				<transform>
					<row0>	-0.1422 0.0000 0.9898 0.0000	</row0>
					<row1>	-0.0052 1.0000 -0.0007 0.0000	</row1>
					<row2>	-0.9898 -0.0052 -0.1422 0.0000	</row2>
					<row3>	-0.8771 0.4289 -4.4090 1.0000	</row3>
				</transform>
			</node>
			<node>
				<identifier>	HP_FX_RepairLight_right_2	</identifier>
				<transform>
					<row0>	-0.0734 0.0000 -0.9973 0.0000	</row0>
					<row1>	0.0000 1.0000 0.0000 0.0000	</row1>
					<row2>	0.9973 0.0000 -0.0734 0.0000	</row2>
					<row3>	1.0085 0.4165 -2.9089 1.0000	</row3>
				</transform>
			</node>
			<node>
				<identifier>	HP_FX_Smoke_1	</identifier>
				<transform>
					<row0>	1.0000 0.0000 0.0000 0.0000	</row0>
					<row1>	0.0000 0.9505 -0.3108 0.0000	</row1>
					<row2>	0.0000 0.3108 0.9505 0.0000	</row2>
					<row3>	0.0000 1.5640 -1.4945 1.0000	</row3>
				</transform>
			</node>
			<node>
				<identifier>	MP_CM011_Fire_Fighting_Gear	</identifier>
				<transform>
					<row0>	0.7071 0.0000 0.7071 0.0000	</row0>
					<row1>	0.0000 1.0000 0.0000 0.0000	</row1>
					<row2>	-0.7071 0.0000 0.7071 0.0000	</row2>
					<row3>	0.6359 0.4125 -2.5513 1.0000	</row3>
				</transform>
			</node>
			<node>
				<identifier>	MP_CM011_Fire_Fighting_Gear_INDEX_1	</identifier>
				<transform>
					<row0>	-0.5000 0.0000 0.8660 0.0000	</row0>
					<row1>	0.0000 1.0000 0.0000 0.0000	</row1>
					<row2>	-0.8660 0.0000 -0.5000 0.0000	</row2>
					<row3>	0.4365 0.4126 -3.8477 1.0000	</row3>
				</transform>
			</node>
			<node>
				<identifier>	MP_CM011_Fire_Fighting_Gear_INDEX_2	</identifier>
				<transform>
					<row0>	-0.5000 0.0000 -0.8660 0.0000	</row0>
					<row1>	0.0000 1.0000 0.0000 0.0000	</row1>
					<row2>	0.8660 0.0000 -0.5000 0.0000	</row2>
					<row3>	-0.4365 0.4126 -3.8477 1.0000	</row3>
				</transform>
			</node>
			<node>
				<identifier>	MP_CM011_Fire_Fighting_Gear_INDEX_3	</identifier>
				<transform>
					<row0>	0.7071 0.0000 -0.7071 0.0000	</row0>
					<row1>	0.0000 1.0000 0.0000 0.0000	</row1>
					<row2>	0.7071 0.0000 0.7071 0.0000	</row2>
					<row3>	-0.6359 0.4125 -2.5513 1.0000	</row3>
				</transform>
			</node>
			<node>
				<identifier>	MP_CM012_Fire_Hose_Rack_1	</identifier>
				<transform>
					<row0>	0.7071 0.0000 0.7071 0.0000	</row0>
					<row1>	0.0000 1.0000 0.0000 0.0000	</row1>
					<row2>	-0.7071 0.0000 0.7071 0.0000	</row2>
					<row3>	-0.6385 0.4884 -2.5396 1.0000	</row3>
				</transform>
			</node>
			<node>
				<identifier>	MP_CM012_Fire_Hose_Rack_1_INDEX_1	</identifier>
				<transform>
					<row0>	0.8674 0.0000 -0.4976 0.0000	</row0>
					<row1>	0.0000 1.0000 0.0000 0.0000	</row1>
					<row2>	0.4976 0.0000 0.8674 0.0000	</row2>
					<row3>	-0.4156 0.4634 -3.8200 1.0000	</row3>
				</transform>
			</node>
			<node>
				<identifier>	MP_CM012_Fire_Hose_Rack_1_INDEX_2	</identifier>
				<transform>
					<row0>	-0.8674 0.0000 -0.4976 0.0000	</row0>
					<row1>	0.0000 1.0000 0.0000 0.0000	</row1>
					<row2>	0.4976 0.0000 -0.8674 0.0000	</row2>
					<row3>	0.4156 0.4634 -3.8200 1.0000	</row3>
				</transform>
			</node>
			<node>
				<identifier>	MP_CM012_Fire_Hose_Rack_1_INDEX_3	</identifier>
				<transform>
					<row0>	-0.7071 0.0000 0.7071 0.0000	</row0>
					<row1>	0.0000 1.0000 0.0000 0.0000	</row1>
					<row2>	-0.7071 0.0000 -0.7071 0.0000	</row2>
					<row3>	0.6385 0.4884 -2.5396 1.0000	</row3>
				</transform>
			</node>
			<node>
				<identifier>	MP_CM014_Fuel_Oil_Hose	</identifier>
				<transform>
					<row0>	-0.7167 0.0000 0.6974 0.0000	</row0>
					<row1>	0.0000 1.0000 0.0000 0.0000	</row1>
					<row2>	-0.6974 0.0000 -0.7167 0.0000	</row2>
					<row3>	0.9521 0.4343 -2.2196 1.0000	</row3>
				</transform>
			</node>
			<node>
				<identifier>	MP_CM014_Fuel_Oil_Hose_INDEX_1	</identifier>
				<transform>
					<row0>	0.7167 0.0000 0.6974 0.0000	</row0>
					<row1>	0.0001 1.0000 0.0000 0.0000	</row1>
					<row2>	-0.6974 0.0001 0.7167 0.0000	</row2>
					<row3>	-0.8409 0.4623 -2.3339 1.0000	</row3>
				</transform>
			</node>
			<node>
				<identifier>	MP_CM014_Fuel_Oil_Hose_INDEX_2	</identifier>
				<transform>
					<row0>	0.7167 0.0000 0.6974 0.0000	</row0>
					<row1>	0.0001 1.0000 0.0000 0.0000	</row1>
					<row2>	-0.6974 0.0001 0.7167 0.0000	</row2>
					<row3>	-0.9521 0.4343 -2.2196 1.0000	</row3>
				</transform>
			</node>
			<node>
				<identifier>	MP_CM014_Fuel_Oil_Hose_INDEX_3	</identifier>
				<transform>
					<row0>	0.7167 0.0000 0.6974 0.0000	</row0>
					<row1>	0.0001 1.0000 0.0000 0.0000	</row1>
					<row2>	-0.6974 0.0001 0.7167 0.0000	</row2>
					<row3>	-0.9521 0.4623 -2.2196 1.0000	</row3>
				</transform>
			</node>
			<node>
				<identifier>	MP_CM014_Fuel_Oil_Hose_INDEX_4	</identifier>
				<transform>
					<row0>	0.7167 0.0000 0.6974 0.0000	</row0>
					<row1>	0.0001 1.0000 0.0000 0.0000	</row1>
					<row2>	-0.6974 0.0001 0.7167 0.0000	</row2>
					<row3>	-0.8409 0.4343 -2.3339 1.0000	</row3>
				</transform>
			</node>
			<node>
				<identifier>	MP_CM014_Fuel_Oil_Hose_INDEX_5	</identifier>
				<transform>
					<row0>	-0.7167 0.0000 0.6974 0.0000	</row0>
					<row1>	0.0000 1.0000 0.0000 0.0000	</row1>
					<row2>	-0.6974 0.0000 -0.7167 0.0000	</row2>
					<row3>	0.8409 0.4623 -2.3339 1.0000	</row3>
				</transform>
			</node>
			<node>
				<identifier>	MP_CM014_Fuel_Oil_Hose_INDEX_6	</identifier>
				<transform>
					<row0>	-0.7167 0.0000 0.6974 0.0000	</row0>
					<row1>	0.0000 1.0000 0.0000 0.0000	</row1>
					<row2>	-0.6974 0.0000 -0.7167 0.0000	</row2>
					<row3>	0.9521 0.4623 -2.2196 1.0000	</row3>
				</transform>
			</node>
			<node>
				<identifier>	MP_CM014_Fuel_Oil_Hose_INDEX_7	</identifier>
				<transform>
					<row0>	-0.7167 0.0000 0.6974 0.0000	</row0>
					<row1>	0.0000 1.0000 0.0000 0.0000	</row1>
					<row2>	-0.6974 0.0000 -0.7167 0.0000	</row2>
					<row3>	0.8409 0.4343 -2.3339 1.0000	</row3>
				</transform>
			</node>
			<node>
				<identifier>	MP_CM030_Swab_Rack_2	</identifier>
				<transform>
					<row0>	0.0000 0.0000 1.0000 0.0000	</row0>
					<row1>	0.0000 1.0000 0.0000 0.0000	</row1>
					<row2>	-1.0000 0.0000 0.0000 0.0000	</row2>
					<row3>	-0.5368 0.5790 -2.3317 1.0000	</row3>
				</transform>
			</node>
			<node>
				<identifier>	MP_CM030_Swab_Rack_2_INDEX_1	</identifier>
				<transform>
					<row0>	0.0000 0.0000 -1.0000 0.0000	</row0>
					<row1>	0.0000 1.0000 0.0000 0.0000	</row1>
					<row2>	1.0000 0.0000 0.0000 0.0000	</row2>
					<row3>	0.5368 0.5790 -2.3317 1.0000	</row3>
				</transform>
			</node>
			<node>
				<identifier>	MP_CM052_Fender	</identifier>
				<transform>
					<row0>	-0.9201 0.0000 -0.3810 0.0000	</row0>
					<row1>	0.0000 0.9959 0.0000 0.0000	</row1>
					<row2>	0.3810 0.0000 -0.9201 0.0000	</row2>
					<row3>	0.1045 0.4120 -3.1680 1.0000	</row3>
				</transform>
			</node>
			<node>
				<identifier>	MP_CM052_Fender_INDEX_1	</identifier>
				<transform>
					<row0>	-0.9201 0.0000 0.3810 0.0000	</row0>
					<row1>	0.0000 0.9959 0.0000 0.0000	</row1>
					<row2>	-0.3810 0.0000 -0.9201 0.0000	</row2>
					<row3>	-0.1045 0.4120 -3.1680 1.0000	</row3>
				</transform>
			</node>
			<node>
				<identifier>	MP_CM079_Fender	</identifier>
				<transform>
					<row0>	0.5898 0.0000 -1.1232 0.0000	</row0>
					<row1>	-1.1232 0.0000 -0.5898 0.0000	</row1>
					<row2>	0.0000 1.2686 0.0000 0.0000	</row2>
					<row3>	-0.4445 0.4116 -4.2865 1.0000	</row3>
				</transform>
			</node>
			<node>
				<identifier>	MP_CM079_Fender_INDEX_1	</identifier>
				<transform>
					<row0>	0.1525 0.0000 -1.2594 0.0000	</row0>
					<row1>	-1.2594 0.0000 -0.1525 0.0000	</row1>
					<row2>	0.0000 1.2686 0.0000 0.0000	</row2>
					<row3>	-0.7307 0.4117 -4.3757 1.0000	</row3>
				</transform>
			</node>
			<node>
				<identifier>	MP_CM079_Fender_INDEX_2	</identifier>
				<transform>
					<row0>	0.1525 0.0000 1.2594 0.0000	</row0>
					<row1>	1.2594 0.0000 -0.1525 0.0000	</row1>
					<row2>	0.0000 1.2686 0.0000 0.0000	</row2>
					<row3>	0.7505 0.4117 -4.2137 1.0000	</row3>
				</transform>
			</node>
			<node>
				<identifier>	MP_CM079_Fender_INDEX_3	</identifier>
				<transform>
					<row0>	0.1525 0.0000 1.2594 0.0000	</row0>
					<row1>	1.2594 0.0000 -0.1525 0.0000	</row1>
					<row2>	0.0000 1.2686 0.0000 0.0000	</row2>
					<row3>	0.7307 0.4117 -4.3757 1.0000	</row3>
				</transform>
			</node>
			<node>
				<identifier>	MP_CM079_Fender_INDEX_4	</identifier>
				<transform>
					<row0>	1.1146 0.0000 0.6059 0.0000	</row0>
					<row1>	0.6059 0.0000 -1.1146 0.0000	</row1>
					<row2>	0.0000 1.2686 0.0000 0.0000	</row2>
					<row3>	0.2457 0.4118 -4.4892 1.0000	</row3>
				</transform>
			</node>
			<node>
				<identifier>	MP_CM079_Fender_INDEX_5	</identifier>
				<transform>
					<row0>	1.1146 0.0000 -0.6059 0.0000	</row0>
					<row1>	-0.6059 0.0000 -1.1146 0.0000	</row1>
					<row2>	0.0000 1.2686 0.0000 0.0000	</row2>
					<row3>	-0.2457 0.4118 -4.4892 1.0000	</row3>
				</transform>
			</node>
			<node>
				<identifier>	MP_CM079_Fender_INDEX_6	</identifier>
				<transform>
					<row0>	0.5898 0.0000 1.1232 0.0000	</row0>
					<row1>	1.1232 0.0000 -0.5898 0.0000	</row1>
					<row2>	0.0000 1.2686 0.0000 0.0000	</row2>
					<row3>	0.4445 0.4116 -4.2865 1.0000	</row3>
				</transform>
			</node>
			<node>
				<identifier>	MP_CM079_Fender_INDEX_7	</identifier>
				<transform>
					<row0>	0.1525 0.0000 -1.2594 0.0000	</row0>
					<row1>	-1.2594 0.0000 -0.1525 0.0000	</row1>
					<row2>	0.0000 1.2686 0.0000 0.0000	</row2>
					<row3>	-0.7505 0.4117 -4.2137 1.0000	</row3>
				</transform>
			</node>
			<node>
				<identifier>	MP_CM109_Leadsman_Platform	</identifier>
				<transform>
					<row0>	0.0000 -1.2996 0.0000 0.0000	</row0>
					<row1>	1.2986 0.0000 -0.0520 0.0000	</row1>
					<row2>	0.0520 0.0000 1.2986 0.0000	</row2>
					<row3>	1.0859 0.5899 -1.5445 1.0000	</row3>
				</transform>
			</node>
			<node>
				<identifier>	MP_CM109_Leadsman_Platform_INDEX_1	</identifier>
				<transform>
					<row0>	-0.0068 -1.2996 0.0006 0.0000	</row0>
					<row1>	1.2947 -0.0068 -0.1129 0.0000	</row1>
					<row2>	0.1129 0.0000 1.2947 0.0000	</row2>
					<row3>	0.9213 0.4220 -3.9502 1.0000	</row3>
				</transform>
			</node>
			<node>
				<identifier>	MP_CM109_Leadsman_Platform_INDEX_2	</identifier>
				<transform>
					<row0>	-0.0616 0.0000 1.2981 0.0000	</row0>
					<row1>	1.2981 0.0000 0.0616 0.0000	</row1>
					<row2>	0.0000 1.3000 0.0000 0.0000	</row2>
					<row3>	-1.0639 0.6341 -2.0517 1.0000	</row3>
				</transform>
			</node>
			<node>
				<identifier>	MP_CM109_Leadsman_Platform_INDEX_3	</identifier>
				<transform>
					<row0>	0.1848 -0.0004 1.2864 0.0000	</row0>
					<row1>	-1.2864 0.0068 0.1848 0.0000	</row1>
					<row2>	-0.0068 -1.3048 0.0006 0.0000	</row2>
					<row3>	0.8878 0.4661 -4.3546 1.0000	</row3>
				</transform>
			</node>
			<node>
				<identifier>	MP_CM109_Leadsman_Platform_INDEX_4	</identifier>
				<transform>
					<row0>	0.0616 0.0000 1.2981 0.0000	</row0>
					<row1>	-1.2981 0.0000 0.0616 0.0000	</row1>
					<row2>	0.0000 -1.3048 0.0000 0.0000	</row2>
					<row3>	1.0639 0.6341 -2.0517 1.0000	</row3>
				</transform>
			</node>
			<node>
				<identifier>	MP_CM109_Leadsman_Platform_INDEX_5	</identifier>
				<transform>
					<row0>	0.0000 -1.2996 0.0000 0.0000	</row0>
					<row1>	-1.2986 0.0000 -0.0520 0.0000	</row1>
					<row2>	0.0520 0.0000 -1.2990 0.0000	</row2>
					<row3>	-1.0859 0.5899 -1.5445 1.0000	</row3>
				</transform>
			</node>
			<node>
				<identifier>	MP_CM109_Leadsman_Platform_INDEX_6	</identifier>
				<transform>
					<row0>	-0.1848 -0.0004 1.2864 0.0000	</row0>
					<row1>	1.2864 0.0068 0.1848 0.0000	</row1>
					<row2>	-0.0068 1.3000 -0.0006 0.0000	</row2>
					<row3>	-0.8878 0.4661 -4.3546 1.0000	</row3>
				</transform>
			</node>
			<node>
				<identifier>	MP_CM109_Leadsman_Platform_INDEX_7	</identifier>
				<transform>
					<row0>	0.0068 -1.2996 0.0006 0.0000	</row0>
					<row1>	-1.2947 -0.0068 -0.1129 0.0000	</row1>
					<row2>	0.1130 0.0000 -1.2951 0.0000	</row2>
					<row3>	-0.9213 0.4220 -3.9502 1.0000	</row3>
				</transform>
			</node>
			<node>
				<identifier>	MP_FM015_Life_Buoy	</identifier>
				<transform>
					<row0>	0.0670 0.0000 -0.9978 0.0000	</row0>
					<row1>	0.0000 1.0000 0.0000 0.0000	</row1>
					<row2>	0.9978 0.0000 0.0670 0.0000	</row2>
					<row3>	-0.9261 0.4793 -3.7996 1.0000	</row3>
				</transform>
			</node>
			<node>
				<identifier>	MP_FM015_Life_Buoy_INDEX_1	</identifier>
				<transform>
					<row0>	0.0670 0.0000 0.9978 0.0000	</row0>
					<row1>	0.0000 1.0000 0.0000 0.0000	</row1>
					<row2>	-0.9978 0.0000 0.0670 0.0000	</row2>
					<row3>	0.9261 0.4793 -3.7996 1.0000	</row3>
				</transform>
			</node>
			<node>
				<identifier>	MP_FM026_Motto_Honneur	</identifier>
				<transform>
					<row0>	1.6040 0.0000 -1.6484 0.0000	</row0>
					<row1>	0.0001 2.3000 0.0000 0.0000	</row1>
					<row2>	1.6484 -0.0001 1.6040 0.0000	</row2>
					<row3>	-0.4555 0.7105 -2.7281 1.0000	</row3>
				</transform>
			</node>
			<node>
				<identifier>	MP_FM027_Motto_Patrie	</identifier>
				<transform>
					<row0>	1.6040 0.0000 1.6484 0.0000	</row0>
					<row1>	-0.0001 2.3000 0.0000 0.0000	</row1>
					<row2>	-1.6484 -0.0001 1.6040 0.0000	</row2>
					<row3>	0.4555 0.7105 -2.7281 1.0000	</row3>
				</transform>
			</node>
			<node>
				<identifier>	MP_FM502_Rafts_5in	</identifier>
				<transform>
					<row0>	1.0000 0.0000 0.0000 0.0000	</row0>
					<row1>	0.0000 1.0000 0.0000 0.0000	</row1>
					<row2>	0.0000 0.0000 1.0000 0.0000	</row2>
					<row3>	-0.4857 0.7462 -2.1526 1.0000	</row3>
				</transform>
			</node>
			<node>
				<identifier>	MP_FM502_Rafts_5in_INDEX_1	</identifier>
				<transform>
					<row0>	1.0000 0.0000 0.0000 0.0000	</row0>
					<row1>	0.0000 1.0000 0.0000 0.0000	</row1>
					<row2>	0.0000 0.0000 1.0000 0.0000	</row2>
					<row3>	0.4857 0.7462 -2.1526 1.0000	</row3>
				</transform>
			</node>
			<node>
				<identifier>	MP_FM530_Rafts_3	</identifier>
				<transform>
					<row0>	1.0000 0.0000 0.0000 0.0000	</row0>
					<row1>	0.0000 1.0000 0.0000 0.0000	</row1>
					<row2>	0.0000 0.0000 1.0000 0.0000	</row2>
					<row3>	-0.7308 0.4117 -3.4412 1.0000	</row3>
				</transform>
			</node>
			<node>
				<identifier>	MP_FM530_Rafts_3_INDEX_1	</identifier>
				<transform>
					<row0>	1.0000 0.0000 0.0000 0.0000	</row0>
					<row1>	0.0000 1.0000 0.0000 0.0000	</row1>
					<row2>	0.0000 0.0000 1.0000 0.0000	</row2>
					<row3>	0.4857 0.7462 -2.5469 1.0000	</row3>
				</transform>
			</node>
			<node>
				<identifier>	MP_FM530_Rafts_3_INDEX_2	</identifier>
				<transform>
					<row0>	1.0000 0.0000 0.0000 0.0000	</row0>
					<row1>	0.0000 1.0000 0.0000 0.0000	</row1>
					<row2>	0.0000 0.0000 1.0000 0.0000	</row2>
					<row3>	0.7308 0.4117 -3.4412 1.0000	</row3>
				</transform>
			</node>
			<node>
				<identifier>	MP_FM530_Rafts_3_INDEX_3	</identifier>
				<transform>
					<row0>	1.0000 0.0000 0.0000 0.0000	</row0>
					<row1>	0.0000 1.0000 0.0000 0.0000	</row1>
					<row2>	0.0000 0.0000 1.0000 0.0000	</row2>
					<row3>	-0.4857 0.7462 -2.5469 1.0000	</row3>
				</transform>
			</node>
			<node>
				<identifier>	MP_FM530_Rafts_3_INDEX_4	</identifier>
				<transform>
					<row0>	1.0000 0.0000 0.0000 0.0000	</row0>
					<row1>	0.0000 1.0000 0.0000 0.0000	</row1>
					<row2>	0.0000 0.0000 1.0000 0.0000	</row2>
					<row3>	0.8191 0.4117 -3.3035 1.0000	</row3>
				</transform>
			</node>
			<node>
				<identifier>	MP_FM530_Rafts_3_INDEX_5	</identifier>
				<transform>
					<row0>	1.0000 0.0000 0.0000 0.0000	</row0>
					<row1>	0.0000 1.0000 0.0000 0.0000	</row1>
					<row2>	0.0000 0.0000 1.0000 0.0000	</row2>
					<row3>	0.7308 0.4117 -3.3035 1.0000	</row3>
				</transform>
			</node>
			<node>
				<identifier>	MP_FM530_Rafts_3_INDEX_6	</identifier>
				<transform>
					<row0>	1.0000 0.0000 0.0000 0.0000	</row0>
					<row1>	0.0000 1.0000 0.0000 0.0000	</row1>
					<row2>	0.0000 0.0000 1.0000 0.0000	</row2>
					<row3>	-0.8191 0.4117 -3.3035 1.0000	</row3>
				</transform>
			</node>
			<node>
				<identifier>	MP_FM530_Rafts_3_INDEX_7	</identifier>
				<transform>
					<row0>	1.0000 0.0000 0.0000 0.0000	</row0>
					<row1>	0.0000 1.0000 0.0000 0.0000	</row1>
					<row2>	0.0000 0.0000 1.0000 0.0000	</row2>
					<row3>	-0.7308 0.4117 -3.3035 1.0000	</row3>
				</transform>
			</node>
			<node>
				<identifier>	MP_FM701_Ammunition_Box	</identifier>
				<transform>
					<row0>	0.0000 0.0000 0.7124 0.0000	</row0>
					<row1>	0.0000 0.8570 0.0000 0.0000	</row1>
					<row2>	-0.7124 0.0000 0.0000 0.0000	</row2>
					<row3>	0.5089 0.7443 -1.8587 1.0000	</row3>
				</transform>
			</node>
			<node>
				<identifier>	MP_FM701_Ammunition_Box_INDEX_1	</identifier>
				<transform>
					<row0>	0.7124 0.0000 -0.0018 0.0000	</row0>
					<row1>	0.0000 0.8570 0.0000 0.0000	</row1>
					<row2>	0.0018 0.0000 0.7124 0.0000	</row2>
					<row3>	-0.5519 0.7453 -1.5309 1.0000	</row3>
				</transform>
			</node>
			<node>
				<identifier>	MP_FM701_Ammunition_Box_INDEX_2	</identifier>
				<transform>
					<row0>	0.4086 0.0000 -0.5836 0.0000	</row0>
					<row1>	0.0000 0.8570 0.0000 0.0000	</row1>
					<row2>	0.5836 0.0000 0.4086 0.0000	</row2>
					<row3>	0.7157 0.4117 -2.9198 1.0000	</row3>
				</transform>
			</node>
			<node>
				<identifier>	MP_FM701_Ammunition_Box_INDEX_3	</identifier>
				<transform>
					<row0>	0.4992 0.0000 -0.5082 0.0000	</row0>
					<row1>	0.0000 0.8570 0.0000 0.0000	</row1>
					<row2>	0.5082 0.0000 0.4992 0.0000	</row2>
					<row3>	-0.7533 0.4117 -2.7362 1.0000	</row3>
				</transform>
			</node>
			<node>
				<identifier>	MP_FM701_Ammunition_Box_INDEX_4	</identifier>
				<transform>
					<row0>	0.7124 0.0000 -0.0018 0.0000	</row0>
					<row1>	0.0000 0.8570 0.0000 0.0000	</row1>
					<row2>	0.0018 0.0000 0.7124 0.0000	</row2>
					<row3>	0.5495 0.7453 -1.5309 1.0000	</row3>
				</transform>
			</node>
			<node>
				<identifier>	MP_FM701_Ammunition_Box_INDEX_5	</identifier>
				<transform>
					<row0>	0.4086 0.0000 0.5836 0.0000	</row0>
					<row1>	0.0000 0.8570 0.0000 0.0000	</row1>
					<row2>	-0.5836 0.0000 0.4086 0.0000	</row2>
					<row3>	-0.7157 0.4117 -2.9198 1.0000	</row3>
				</transform>
			</node>
			<node>
				<identifier>	MP_FM701_Ammunition_Box_INDEX_6	</identifier>
				<transform>
					<row0>	0.4086 0.0000 0.5836 0.0000	</row0>
					<row1>	0.0000 0.8570 0.0000 0.0000	</row1>
					<row2>	-0.5836 0.0000 0.4086 0.0000	</row2>
					<row3>	0.7157 0.4117 -2.7215 1.0000	</row3>
				</transform>
			</node>
			<node>
				<identifier>	MP_FM701_Ammunition_Box_INDEX_7	</identifier>
				<transform>
					<row0>	0.0000 0.0000 0.7124 0.0000	</row0>
					<row1>	0.0000 0.8570 0.0000 0.0000	</row1>
					<row2>	-0.7124 0.0000 0.0000 0.0000	</row2>
					<row3>	-0.5090 0.7443 -1.8600 1.0000	</row3>
				</transform>
			</node>
			<node>
				<identifier>	MP_FM701_Ammunition_Box_INDEX_8	</identifier>
				<transform>
					<row0>	0.4086 0.0000 -0.5836 0.0000	</row0>
					<row1>	0.0000 0.8570 0.0000 0.0000	</row1>
					<row2>	0.5836 0.0000 0.4086 0.0000	</row2>
					<row3>	-0.7157 0.4117 -2.7215 1.0000	</row3>
				</transform>
			</node>
			<node>
				<identifier>	MP_FM701_Ammunition_Box_INDEX_9	</identifier>
				<transform>
					<row0>	0.4992 0.0000 0.5082 0.0000	</row0>
					<row1>	0.0000 0.8570 0.0000 0.0000	</row1>
					<row2>	-0.5082 0.0000 0.4992 0.0000	</row2>
					<row3>	0.7533 0.4117 -2.7362 1.0000	</row3>
				</transform>
			</node>
			<node>
				<identifier>	MP_FM707_Locker	</identifier>
				<transform>
					<row0>	0.0000 0.0000 -1.0000 0.0000	</row0>
					<row1>	0.0000 1.0000 0.0000 0.0000	</row1>
					<row2>	1.0000 0.0000 0.0000 0.0000	</row2>
					<row3>	0.1438 0.9157 -1.7303 1.0000	</row3>
				</transform>
			</node>
			<node>
				<identifier>	MP_FM707_Locker_INDEX_1	</identifier>
				<transform>
					<row0>	0.0000 0.0000 1.0000 0.0000	</row0>
					<row1>	0.0000 1.0000 0.0000 0.0000	</row1>
					<row2>	-1.0000 0.0000 0.0000 0.0000	</row2>
					<row3>	-0.1438 0.9157 -1.6435 1.0000	</row3>
				</transform>
			</node>
			<node>
				<identifier>	MP_FM707_Locker_INDEX_2	</identifier>
				<transform>
					<row0>	0.0000 0.0000 1.0000 0.0000	</row0>
					<row1>	0.0000 1.0000 0.0000 0.0000	</row1>
					<row2>	-1.0000 0.0000 0.0000 0.0000	</row2>
					<row3>	-0.1438 0.9157 -1.7303 1.0000	</row3>
				</transform>
			</node>
			<node>
				<identifier>	MP_FM707_Locker_INDEX_3	</identifier>
				<transform>
					<row0>	0.0000 0.0000 -1.0000 0.0000	</row0>
					<row1>	0.0000 1.0000 0.0000 0.0000	</row1>
					<row2>	1.0000 0.0000 0.0000 0.0000	</row2>
					<row3>	0.1438 0.9157 -1.6435 1.0000	</row3>
				</transform>
			</node>
			<node>
				<identifier>	MP_FM955_Bollard	</identifier>
				<transform>
					<row0>	1.1917 0.0000 0.0000 0.0000	</row0>
					<row1>	0.0000 1.1917 0.0000 0.0000	</row1>
					<row2>	0.0000 0.0000 1.1917 0.0000	</row2>
					<row3>	0.7684 0.4105 -4.9130 1.0000	</row3>
				</transform>
			</node>
			<node>
				<identifier>	MP_FM955_Bollard_INDEX_1	</identifier>
				<transform>
					<row0>	1.1917 0.0000 0.0000 0.0000	</row0>
					<row1>	0.0000 1.1917 0.0000 0.0000	</row1>
					<row2>	0.0000 0.0000 1.1917 0.0000	</row2>
					<row3>	-0.7684 0.4105 -4.9130 1.0000	</row3>
				</transform>
			</node>
			<node>
				<identifier>	SP_YMS011_YHWL_M_1_INDEX_10	</identifier>
				<transform>
					<row0>	0.9989 0.0126 0.0453 0.0000	</row0>
					<row1>	-0.0126 0.9999 -0.0010 0.0000	</row1>
					<row2>	-0.0453 0.0004 0.9990 0.0000	</row2>
					<row3>	-1.0786 0.0267 -1.8160 1.0000	</row3>
				</transform>
			</node>
			<node>
				<identifier>	SP_YMS011_YHWL_M_1_INDEX_11	</identifier>
				<transform>
					<row0>	0.9975 0.0126 0.0689 0.0000	</row0>
					<row1>	-0.0126 0.9999 -0.0013 0.0000	</row1>
					<row2>	-0.0689 0.0004 0.9976 0.0000	</row2>
					<row3>	-1.0303 0.0267 -2.6574 1.0000	</row3>
				</transform>
			</node>
			<node>
				<identifier>	SP_YMS011_YHWL_M_1_INDEX_12	</identifier>
				<transform>
					<row0>	0.9942 0.0540 0.0931 0.0000	</row0>
					<row1>	-0.0538 0.9985 -0.0039 0.0000	</row1>
					<row2>	-0.0932 -0.0011 0.9957 0.0000	</row2>
					<row3>	-0.9606 0.0267 -3.4959 1.0000	</row3>
				</transform>
			</node>
			<node>
				<identifier>	SP_YMS011_YHWL_M_1_INDEX_13	</identifier>
				<transform>
					<row0>	0.9871 0.1086 0.1173 0.0000	</row0>
					<row1>	-0.1079 0.9941 -0.0123 0.0000	</row1>
					<row2>	-0.1179 -0.0005 0.9930 0.0000	</row2>
					<row3>	-0.8721 0.0267 -4.3312 1.0000	</row3>
				</transform>
			</node>
			<node>
				<identifier>	SP_YMS011_YHWL_M_1_INDEX_14	</identifier>
				<transform>
					<row0>	0.9645 0.2332 0.1236 0.0000	</row0>
					<row1>	-0.2314 0.9724 -0.0291 0.0000	</row1>
					<row2>	-0.1270 -0.0005 0.9919 0.0000	</row2>
					<row3>	-0.7579 0.0267 -5.1555 1.0000	</row3>
				</transform>
			</node>
			<node>
				<identifier>	SP_YMS012_YHWR_M_1_INDEX_10	</identifier>
				<transform>
					<row0>	0.9989 -0.0126 -0.0453 0.0000	</row0>
					<row1>	0.0126 0.9999 -0.0010 0.0000	</row1>
					<row2>	0.0453 0.0004 0.9990 0.0000	</row2>
					<row3>	1.0786 0.0267 -1.8160 1.0000	</row3>
				</transform>
			</node>
			<node>
				<identifier>	SP_YMS012_YHWR_M_1_INDEX_11	</identifier>
				<transform>
					<row0>	0.9975 -0.0126 -0.0689 0.0000	</row0>
					<row1>	0.0126 0.9999 -0.0013 0.0000	</row1>
					<row2>	0.0689 0.0004 0.9976 0.0000	</row2>
					<row3>	1.0303 0.0267 -2.6574 1.0000	</row3>
				</transform>
			</node>
			<node>
				<identifier>	SP_YMS012_YHWR_M_1_INDEX_12	</identifier>
				<transform>
					<row0>	0.9942 -0.0540 -0.0931 0.0000	</row0>
					<row1>	0.0538 0.9985 -0.0039 0.0000	</row1>
					<row2>	0.0932 -0.0011 0.9957 0.0000	</row2>
					<row3>	0.9606 0.0267 -3.4959 1.0000	</row3>
				</transform>
			</node>
			<node>
				<identifier>	SP_YMS012_YHWR_M_1_INDEX_13	</identifier>
				<transform>
					<row0>	0.9871 -0.1086 -0.1173 0.0000	</row0>
					<row1>	0.1079 0.9941 -0.0123 0.0000	</row1>
					<row2>	0.1179 -0.0005 0.9930 0.0000	</row2>
					<row3>	0.8721 0.0267 -4.3312 1.0000	</row3>
				</transform>
			</node>
			<node>
				<identifier>	SP_YMS012_YHWR_M_1_INDEX_14	</identifier>
				<transform>
					<row0>	0.9645 -0.2332 -0.1236 0.0000	</row0>
					<row1>	0.2314 0.9724 -0.0291 0.0000	</row1>
					<row2>	0.1270 -0.0005 0.9919 0.0000	</row2>
					<row3>	0.7579 0.0267 -5.1555 1.0000	</row3>
				</transform>
			</node>
			<node>
				<identifier>	SP_YMS021_YHUC_S_1_INDEX_6	</identifier>
				<transform>
					<row0>	-0.2304 0.9731 -0.0073 0.0000	</row0>
					<row1>	-0.9678 -0.2299 -0.1023 0.0000	</row1>
					<row2>	-0.1012 -0.0165 0.9947 0.0000	</row2>
					<row3>	-1.0003 -0.1915 -2.8932 1.0000	</row3>
				</transform>
			</node>
			<node>
				<identifier>	SP_YMS021_YHUC_S_1_INDEX_7	</identifier>
				<transform>
					<row0>	-0.2304 -0.9731 0.0073 0.0000	</row0>
					<row1>	0.9678 -0.2299 -0.1023 0.0000	</row1>
					<row2>	0.1012 -0.0165 0.9947 0.0000	</row2>
					<row3>	1.0003 -0.1915 -2.8932 1.0000	</row3>
				</transform>
			</node>
			<node>
				<identifier>	SP_YMS022_YHUS_L_1_INDEX_2	</identifier>
				<transform>
					<row0>	0.1487 0.0020 -0.9889 0.0000	</row0>
					<row1>	-0.3841 0.9216 -0.0558 0.0000	</row1>
					<row2>	0.9112 0.3882 0.1378 0.0000	</row2>
					<row3>	-0.7682 -0.3175 -4.0574 1.0000	</row3>
				</transform>
			</node>
			<node>
				<identifier>	SP_YMS022_YHUS_L_1_INDEX_3	</identifier>
				<transform>
					<row0>	0.1487 -0.0020 0.9889 0.0000	</row0>
					<row1>	0.3841 0.9216 -0.0558 0.0000	</row1>
					<row2>	-0.9112 0.3882 0.1378 0.0000	</row2>
					<row3>	0.7682 -0.3175 -4.0574 1.0000	</row3>
				</transform>
			</node>
			<node>
				<identifier>	SP_YMS053_YHDC_S_1_INDEX_2	</identifier>
				<transform>
					<row0>	1.0000 0.0000 0.0000 0.0000	</row0>
					<row1>	0.0000 1.0000 0.0000 0.0000	</row1>
					<row2>	0.0000 0.0000 1.0000 0.0000	</row2>
					<row3>	0.3447 0.7620 -2.2094 1.0000	</row3>
				</transform>
			</node>
			<node>
				<identifier>	SP_YMS053_YHDC_S_1_INDEX_3	</identifier>
				<transform>
					<row0>	1.0000 0.0000 0.0000 0.0000	</row0>
					<row1>	0.0000 1.0000 0.0000 0.0000	</row1>
					<row2>	0.0000 0.0000 1.0000 0.0000	</row2>
					<row3>	-0.3447 0.7620 -2.5624 1.0000	</row3>
				</transform>
			</node>
			<node>
				<identifier>	SP_YMS060_YHGF_S_1_INDEX_5	</identifier>
				<transform>
					<row0>	-0.8512 0.0000 0.0644 0.0000	</row0>
					<row1>	0.0000 0.8537 0.0000 0.0000	</row1>
					<row2>	-0.0644 0.0000 -0.8512 0.0000	</row2>
					<row3>	-0.8397 0.5086 -2.8204 1.0000	</row3>
				</transform>
			</node>
			<node>
				<identifier>	SP_YMS060_YHGF_S_1_INDEX_6	</identifier>
				<transform>
					<row0>	-0.8512 0.0000 0.0644 0.0000	</row0>
					<row1>	0.0000 0.8537 0.0000 0.0000	</row1>
					<row2>	-0.0644 0.0000 -0.8512 0.0000	</row2>
					<row3>	0.8397 0.5031 -2.8204 1.0000	</row3>
				</transform>
			</node>
			<node>
				<identifier>	SP_YMS061_YHGH_S_1_INDEX_5	</identifier>
				<transform>
					<row0>	1.5561 0.0000 0.0000 0.0000	</row0>
					<row1>	0.0000 1.5561 0.0000 0.0000	</row1>
					<row2>	0.0000 0.0000 1.5561 0.0000	</row2>
					<row3>	0.0000 0.7867 -2.9049 1.0000	</row3>
				</transform>
			</node>
			<node>
				<identifier>	SP_YMS071_YHHC_S_1_INDEX_3	</identifier>
				<transform>
					<row0>	0.1166 0.0011 -0.9932 0.0000	</row0>
					<row1>	-0.9894 -0.0866 -0.1163 0.0000	</row1>
					<row2>	-0.0862 0.9962 -0.0090 0.0000	</row2>
					<row3>	-0.8122 0.1984 -5.0337 1.0000	</row3>
				</transform>
			</node>
			<node>
				<identifier>	SP_YMS071_YHHC_S_1_INDEX_4	</identifier>
				<transform>
					<row0>	0.1166 -0.0011 0.9932 0.0000	</row0>
					<row1>	0.9894 -0.0866 -0.1163 0.0000	</row1>
					<row2>	0.0862 0.9962 -0.0090 0.0000	</row2>
					<row3>	0.8122 0.1984 -5.0337 1.0000	</row3>
				</transform>
			</node>
			<node>
				<identifier>	SP_YMS083_YHSC_L_1_INDEX_2	</identifier>
				<transform>
					<row0>	0.0440 0.0000 -0.9990 0.0000	</row0>
					<row1>	0.0000 1.0000 0.0000 0.0000	</row1>
					<row2>	0.9990 0.0000 0.0440 0.0000	</row2>
					<row3>	-1.0693 0.5588 -1.7883 1.0000	</row3>
				</transform>
			</node>
			<node>
				<identifier>	SP_YMS083_YHSC_L_1_INDEX_3	</identifier>
				<transform>
					<row0>	0.0440 0.0000 0.9990 0.0000	</row0>
					<row1>	0.0000 1.0000 0.0000 0.0000	</row1>
					<row2>	-0.9990 0.0000 0.0440 0.0000	</row2>
					<row3>	1.0693 0.5588 -1.7883 1.0000	</row3>
				</transform>
			</node>
			<node>
				<identifier>	SP_YMS085_YHSC_S_1_INDEX_2	</identifier>
				<transform>
					<row0>	0.0894 0.0002 -0.9960 0.0000	</row0>
					<row1>	-0.0025 1.0000 0.0000 0.0000	</row1>
					<row2>	0.9960 0.0025 0.0894 0.0000	</row2>
					<row3>	-0.9228 0.3726 -3.7632 1.0000	</row3>
				</transform>
			</node>
			<node>
				<identifier>	SP_YMS085_YHSC_S_1_INDEX_3	</identifier>
				<transform>
					<row0>	0.0894 -0.0002 0.9960 0.0000	</row0>
					<row1>	0.0025 1.0000 0.0000 0.0000	</row1>
					<row2>	-0.9960 0.0025 0.0894 0.0000	</row2>
					<row3>	0.9228 0.3726 -3.7632 1.0000	</row3>
				</transform>
			</node>
			<node>
				<identifier>	SP_YMS097_YHZC_S_2	</identifier>
				<transform>
					<row0>	0.7679 0.0000 -0.7876 0.0000	</row0>
					<row1>	0.0000 1.1000 0.0000 0.0000	</row1>
					<row2>	0.7876 0.0000 0.7679 0.0000	</row2>
					<row3>	-0.4187 0.7421 -2.7652 1.0000	</row3>
				</transform>
			</node>
			<node>
				<identifier>	SP_YMS097_YHZC_S_2_INDEX_1	</identifier>
				<transform>
					<row0>	0.7679 0.0000 0.7876 0.0000	</row0>
					<row1>	0.0000 1.1000 0.0000 0.0000	</row1>
					<row2>	-0.7876 0.0000 0.7679 0.0000	</row2>
					<row3>	0.4187 0.7421 -2.7652 1.0000	</row3>
				</transform>
			</node>
		</node>
	</node>
	<boundingBox>
		<min>	-0.0667 -0.0667 -0.0667	</min>
		<max>	0.0667 0.0667 0.0667	</max>
	</boundingBox>
</FSB028_Champagne_1940_MidBack_ports.visual>
