<RGA066_45mm_SM_20_Zif_lod2.visual>
	<node>
		<identifier>	Scene Root	</identifier>
		<transform>
			<row0>	1.0000 0.0000 0.0000 0.0000	</row0>
			<row1>	0.0000 1.0000 0.0000 0.0000	</row1>
			<row2>	0.0000 0.0000 1.0000 0.0000	</row2>
			<row3>	0.0000 0.0000 0.0000 1.0000	</row3>
		</transform>
		<node>
			<identifier>	Turret	</identifier>
			<transform>
				<row0>	1.0000 0.0000 0.0000 0.0000	</row0>
				<row1>	0.0000 1.0000 0.0000 0.0000	</row1>
				<row2>	0.0000 0.0000 1.0000 0.0000	</row2>
				<row3>	0.0000 0.0000 0.0000 1.0000	</row3>
			</transform>
			<node>
				<identifier>	HP_gunFire1	</identifier>
				<transform>
					<row0>	1.0000 0.0000 0.0000 0.0000	</row0>
					<row1>	0.0000 0.8660 -0.5000 0.0000	</row1>
					<row2>	0.0000 0.5000 0.8660 0.0000	</row2>
					<row3>	-0.0233 0.2859 0.1542 1.0000	</row3>
				</transform>
			</node>
			<node>
				<identifier>	HP_gunFire2	</identifier>
				<transform>
					<row0>	1.0000 0.0000 0.0000 0.0000	</row0>
					<row1>	0.0000 0.8660 -0.5000 0.0000	</row1>
					<row2>	0.0000 0.5000 0.8660 0.0000	</row2>
					<row3>	0.0233 0.2859 0.1542 1.0000	</row3>
				</transform>
			</node>
			<node>
				<identifier>	HP_gunFire3	</identifier>
				<transform>
					<row0>	1.0000 0.0000 0.0000 0.0000	</row0>
					<row1>	0.0000 0.8660 -0.5000 0.0000	</row1>
					<row2>	0.0000 0.5000 0.8660 0.0000	</row2>
					<row3>	-0.0233 0.2451 0.1777 1.0000	</row3>
				</transform>
			</node>
			<node>
				<identifier>	HP_gunFire4	</identifier>
				<transform>
					<row0>	1.0000 0.0000 0.0000 0.0000	</row0>
					<row1>	0.0000 0.8660 -0.5000 0.0000	</row1>
					<row2>	0.0000 0.5000 0.8660 0.0000	</row2>
					<row3>	0.0233 0.2451 0.1777 1.0000	</row3>
				</transform>
			</node>
		</node>
	</node>
	<renderSet>
		<treatAsWorldSpaceObject>	false	</treatAsWorldSpaceObject>
		<node>	Turret	</node>
		<geometry>
			<vertices>	Turret_lod2Shape.vertices	</vertices>
			<primitive>	Turret_lod2Shape.indices	</primitive>
			<primitiveGroup>	0
				<material>
					<identifier>	TL2_SHIPMAT_PBS_Gun	</identifier>
					<mfm>	PnFMods/ModsSDK.zip/RSC510_Stalingrad/gun/RGA066_45mm_SM_20_Zif.mfm	</mfm>
				</material>
			</primitiveGroup>
		</geometry>
	</renderSet>
	<boundingBox>
		<min>	-0.1649 -0.0033 -0.1777	</min>
		<max>	0.1649 0.2898 0.1799	</max>
	</boundingBox>
</RGA066_45mm_SM_20_Zif_lod2.visual>
