<RSD001_Gremyashchy_1942_Bow_ports.visual>
	<node>
		<identifier>	Scene Root	</identifier>
		<transform>
			<row0>	1.0000 0.0000 0.0000 0.0000	</row0>
			<row1>	0.0000 1.0000 0.0000 0.0000	</row1>
			<row2>	0.0000 0.0000 1.0000 0.0000	</row2>
			<row3>	0.0000 0.0000 0.0000 1.0000	</row3>
		</transform>
		<node>
			<identifier>	Bow_ports	</identifier>
			<transform>
				<row0>	1.0000 0.0000 0.0000 0.0000	</row0>
				<row1>	0.0000 1.0000 0.0000 0.0000	</row1>
				<row2>	0.0000 0.0000 1.0000 0.0000	</row2>
				<row3>	0.0000 0.0000 0.0000 1.0000	</row3>
			</transform>
			<node>
				<identifier>	HP_FX_Fire_1	</identifier>
				<transform>
					<row0>	1.0000 0.0000 0.0000 0.0000	</row0>
					<row1>	0.0000 1.0000 0.0000 0.0000	</row1>
					<row2>	0.0000 0.0000 1.0000 0.0000	</row2>
					<row3>	0.0000 0.3066 3.1019 1.0000	</row3>
				</transform>
			</node>
			<node>
				<identifier>	HP_FX_WakeTrace	</identifier>
				<transform>
					<row0>	1.0000 0.0000 0.0000 0.0000	</row0>
					<row1>	0.0000 1.0000 0.0000 0.0000	</row1>
					<row2>	0.0000 0.0000 1.0000 0.0000	</row2>
					<row3>	0.0000 0.0000 3.6387 1.0000	</row3>
				</transform>
			</node>
			<node>
				<identifier>	HP_RGM_1	</identifier>
				<transform>
					<row0>	1.0000 0.0000 0.0000 0.0000	</row0>
					<row1>	0.0000 1.0000 0.0000 0.0000	</row1>
					<row2>	0.0000 0.0000 1.0000 0.0000	</row2>
					<row3>	0.0000 0.3081 2.5530 1.0000	</row3>
				</transform>
			</node>
			<node>
				<identifier>	HP_Ship_death_1	</identifier>
				<transform>
					<row0>	1.0000 0.0000 0.0000 0.0000	</row0>
					<row1>	0.0000 1.0000 0.0000 0.0000	</row1>
					<row2>	0.0000 0.0000 1.0000 0.0000	</row2>
					<row3>	0.0000 0.0000 2.4986 1.0000	</row3>
				</transform>
			</node>
			<node>
				<identifier>	MP_CM086_Anchor_top	</identifier>
				<transform>
					<row0>	-0.4209 -0.7908 -0.0868 0.0000	</row0>
					<row1>	-0.2309 0.2154 -0.8428 0.0000	</row1>
					<row2>	0.7613 -0.3719 -0.3036 0.0000	</row2>
					<row3>	0.1040 0.2887 3.5149 1.0000	</row3>
				</transform>
			</node>
			<node>
				<identifier>	MP_CM086_Anchor_top_INDEX_1	</identifier>
				<transform>
					<row0>	-0.4209 0.7908 0.0868 0.0000	</row0>
					<row1>	0.2309 0.2154 -0.8428 0.0000	</row1>
					<row2>	-0.7613 -0.3719 -0.3036 0.0000	</row2>
					<row3>	-0.1040 0.2887 3.5149 1.0000	</row3>
				</transform>
			</node>
			<node>
				<identifier>	MP_CM087_Anchor_down	</identifier>
				<transform>
					<row0>	-0.4209 0.7908 0.0868 0.0000	</row0>
					<row1>	-0.0094 0.0932 -0.8951 0.0000	</row1>
					<row2>	-0.7955 -0.4195 -0.0353 0.0000	</row2>
					<row3>	-0.1040 0.2887 3.5149 1.0000	</row3>
				</transform>
			</node>
			<node>
				<identifier>	MP_CM087_Anchor_down_INDEX_1	</identifier>
				<transform>
					<row0>	-0.4209 -0.7908 -0.0868 0.0000	</row0>
					<row1>	0.0096 0.0931 -0.8951 0.0000	</row1>
					<row2>	0.7955 -0.4195 -0.0351 0.0000	</row2>
					<row3>	0.1040 0.2887 3.5149 1.0000	</row3>
				</transform>
			</node>
			<node>
				<identifier>	MP_RM019_Reels	</identifier>
				<transform>
					<row0>	0.0000 0.0000 1.0500 0.0000	</row0>
					<row1>	0.0000 -1.0500 0.0000 0.0000	</row1>
					<row2>	1.0500 0.0000 0.0000 0.0000	</row2>
					<row3>	0.0474 0.3062 2.7484 1.0000	</row3>
				</transform>
			</node>
			<node>
				<identifier>	MP_RM019_Reels_INDEX_1	</identifier>
				<transform>
					<row0>	0.0000 0.0000 -1.0500 0.0000	</row0>
					<row1>	0.0000 -1.0500 0.0000 0.0000	</row1>
					<row2>	-1.0500 0.0000 0.0000 0.0000	</row2>
					<row3>	-0.0474 0.3062 2.7484 1.0000	</row3>
				</transform>
			</node>
			<node>
				<identifier>	MP_RM025_Signal_Lamp	</identifier>
				<transform>
					<row0>	1.0000 0.0000 0.0000 0.0000	</row0>
					<row1>	0.0000 1.0000 0.0000 0.0000	</row1>
					<row2>	0.0000 0.0000 1.0000 0.0000	</row2>
					<row3>	0.0000 0.5826 3.7210 1.0000	</row3>
				</transform>
			</node>
			<node>
				<identifier>	MP_RM060_Hatch	</identifier>
				<transform>
					<row0>	0.0000 0.0000 -1.0000 0.0000	</row0>
					<row1>	0.0000 1.0000 0.0000 0.0000	</row1>
					<row2>	1.0000 0.0000 0.0000 0.0000	</row2>
					<row3>	0.0798 0.3071 3.0994 1.0000	</row3>
				</transform>
			</node>
			<node>
				<identifier>	MP_RM060_Hatch_INDEX_1	</identifier>
				<transform>
					<row0>	1.0000 0.0000 0.0000 0.0000	</row0>
					<row1>	0.0000 1.0000 0.0000 0.0000	</row1>
					<row2>	0.0000 0.0000 1.0000 0.0000	</row2>
					<row3>	-0.1154 0.3048 3.0127 1.0000	</row3>
				</transform>
			</node>
			<node>
				<identifier>	MP_RM068_Sky_Light	</identifier>
				<transform>
					<row0>	-1.2000 0.0000 0.0000 0.0000	</row0>
					<row1>	0.0000 1.2000 0.0000 0.0000	</row1>
					<row2>	0.0000 0.0000 -1.2000 0.0000	</row2>
					<row3>	0.0224 0.2848 3.4627 1.0000	</row3>
				</transform>
			</node>
			<node>
				<identifier>	MP_RM209_Red_Star	</identifier>
				<transform>
					<row0>	0.2139 -0.0142 0.9768 0.0000	</row0>
					<row1>	-0.3075 0.9481 0.0811 0.0000	</row1>
					<row2>	-0.9272 -0.3177 0.1984 0.0000	</row2>
					<row3>	-0.0364 0.2474 3.6259 1.0000	</row3>
				</transform>
			</node>
			<node>
				<identifier>	MP_RM209_Red_Star_INDEX_1	</identifier>
				<transform>
					<row0>	0.2139 0.0142 -0.9768 0.0000	</row0>
					<row1>	0.3075 0.9481 0.0811 0.0000	</row1>
					<row2>	0.9272 -0.3177 0.1984 0.0000	</row2>
					<row3>	0.0364 0.2474 3.6259 1.0000	</row3>
				</transform>
			</node>
			<node>
				<identifier>	MP_RM214_Life_Buoy	</identifier>
				<transform>
					<row0>	-0.1306 0.0000 0.9914 0.0000	</row0>
					<row1>	0.0000 1.0000 0.0000 0.0000	</row1>
					<row2>	-0.9914 0.0000 -0.1306 0.0000	</row2>
					<row3>	0.2309 0.3698 2.7732 1.0000	</row3>
				</transform>
			</node>
			<node>
				<identifier>	MP_RM214_Life_Buoy_INDEX_1	</identifier>
				<transform>
					<row0>	-0.1306 0.0000 -0.9914 0.0000	</row0>
					<row1>	0.0000 1.0000 0.0000 0.0000	</row1>
					<row2>	0.9914 0.0000 -0.1306 0.0000	</row2>
					<row3>	-0.2309 0.3698 2.7732 1.0000	</row3>
				</transform>
			</node>
			<node>
				<identifier>	MP_RM219_Fairlead	</identifier>
				<transform>
					<row0>	0.9880 0.0000 -0.1546 0.0000	</row0>
					<row1>	0.0000 1.0000 0.0000 0.0000	</row1>
					<row2>	0.1546 0.0000 0.9880 0.0000	</row2>
					<row3>	-0.2046 0.3051 2.8989 1.0000	</row3>
				</transform>
			</node>
			<node>
				<identifier>	MP_RM219_Fairlead_INDEX_1	</identifier>
				<transform>
					<row0>	0.9880 0.0000 0.1546 0.0000	</row0>
					<row1>	0.0000 1.0000 0.0000 0.0000	</row1>
					<row2>	-0.1546 0.0000 0.9880 0.0000	</row2>
					<row3>	0.2046 0.3051 2.8989 1.0000	</row3>
				</transform>
			</node>
			<node>
				<identifier>	MP_RM220_Bollard	</identifier>
				<transform>
					<row0>	0.9770 0.0000 0.2132 0.0000	</row0>
					<row1>	0.0000 1.0000 0.0000 0.0000	</row1>
					<row2>	-0.2132 0.0000 0.9770 0.0000	</row2>
					<row3>	0.1327 0.3055 3.2707 1.0000	</row3>
				</transform>
			</node>
			<node>
				<identifier>	MP_RM220_Bollard_INDEX_1	</identifier>
				<transform>
					<row0>	0.9770 0.0000 -0.2132 0.0000	</row0>
					<row1>	0.0000 1.0000 0.0000 0.0000	</row1>
					<row2>	0.2132 0.0000 0.9770 0.0000	</row2>
					<row3>	-0.1327 0.3055 3.2707 1.0000	</row3>
				</transform>
			</node>
		</node>
	</node>
	<boundingBox>
		<min>	-0.0667 -0.0667 -0.0667	</min>
		<max>	0.0667 0.0667 0.0667	</max>
	</boundingBox>
</RSD001_Gremyashchy_1942_Bow_ports.visual>
