<JSB045_Adatara_1945_Bow_ports.visual>
	<node>
		<identifier>	Scene Root	</identifier>
		<transform>
			<row0>	1.0000 0.0000 0.0000 0.0000	</row0>
			<row1>	0.0000 1.0000 0.0000 0.0000	</row1>
			<row2>	0.0000 0.0000 1.0000 0.0000	</row2>
			<row3>	0.0000 0.0000 0.0000 1.0000	</row3>
		</transform>
		<node>
			<identifier>	Bow_ports	</identifier>
			<transform>
				<row0>	1.0000 0.0000 0.0000 0.0000	</row0>
				<row1>	0.0000 1.0000 0.0000 0.0000	</row1>
				<row2>	0.0000 0.0000 1.0000 0.0000	</row2>
				<row3>	0.0000 0.0000 0.0000 1.0000	</row3>
			</transform>
			<node>
				<identifier>	HP_FX_Death_1	</identifier>
				<transform>
					<row0>	1.0000 0.0000 0.0000 0.0000	</row0>
					<row1>	0.0000 1.0000 0.0000 0.0000	</row1>
					<row2>	0.0000 0.0000 1.0000 0.0000	</row2>
					<row3>	0.0000 0.0000 4.8217 1.0000	</row3>
				</transform>
			</node>
			<node>
				<identifier>	HP_FX_Fire_1	</identifier>
				<transform>
					<row0>	1.0000 0.0000 0.0000 0.0000	</row0>
					<row1>	0.0000 1.0000 0.0000 0.0000	</row1>
					<row2>	0.0000 0.0000 1.0000 0.0000	</row2>
					<row3>	0.0000 0.4638 6.5113 1.0000	</row3>
				</transform>
			</node>
			<node>
				<identifier>	HP_FX_RepairLight_left_1	</identifier>
				<transform>
					<row0>	0.1015 0.0000 0.9948 0.0000	</row0>
					<row1>	0.0004 1.0000 0.0000 0.0000	</row1>
					<row2>	-0.9948 0.0004 0.1015 0.0000	</row2>
					<row3>	-0.7735 0.4160 4.4352 1.0000	</row3>
				</transform>
			</node>
			<node>
				<identifier>	HP_FX_WakeTrace	</identifier>
				<transform>
					<row0>	1.0000 0.0000 0.0000 0.0000	</row0>
					<row1>	0.0000 1.0000 0.0000 0.0000	</row1>
					<row2>	0.0000 0.0000 1.0000 0.0000	</row2>
					<row3>	0.0000 0.0000 8.4202 1.0000	</row3>
				</transform>
			</node>
			<node>
				<identifier>	HP_JGA_1	</identifier>
				<transform>
					<row0>	1.0000 0.0000 0.0000 0.0000	</row0>
					<row1>	0.0000 1.0000 0.0000 0.0000	</row1>
					<row2>	0.0000 0.0000 1.0000 0.0000	</row2>
					<row3>	0.0000 0.5166 8.2161 1.0000	</row3>
				</transform>
			</node>
			<node>
				<identifier>	HP_JGA_2	</identifier>
				<transform>
					<row0>	0.4226 0.0000 0.9063 0.0000	</row0>
					<row1>	0.0000 1.0000 0.0000 0.0000	</row1>
					<row2>	-0.9063 0.0000 0.4226 0.0000	</row2>
					<row3>	-0.3167 0.4664 6.6192 1.0000	</row3>
				</transform>
			</node>
			<node>
				<identifier>	HP_JGA_3	</identifier>
				<transform>
					<row0>	0.4226 0.0000 -0.9063 0.0000	</row0>
					<row1>	0.0000 1.0000 0.0000 0.0000	</row1>
					<row2>	0.9063 0.0000 0.4226 0.0000	</row2>
					<row3>	0.3167 0.4664 6.6192 1.0000	</row3>
				</transform>
			</node>
			<node>
				<identifier>	HP_JGA_4	</identifier>
				<transform>
					<row0>	0.4226 0.0000 0.9063 0.0000	</row0>
					<row1>	0.0000 1.0000 0.0000 0.0000	</row1>
					<row2>	-0.9063 0.0000 0.4226 0.0000	</row2>
					<row3>	-0.3543 0.4595 6.3288 1.0000	</row3>
				</transform>
			</node>
			<node>
				<identifier>	HP_JGA_5	</identifier>
				<transform>
					<row0>	0.4226 0.0000 -0.9063 0.0000	</row0>
					<row1>	0.0000 1.0000 0.0000 0.0000	</row1>
					<row2>	0.9063 0.0000 0.4226 0.0000	</row2>
					<row3>	0.3543 0.4595 6.3288 1.0000	</row3>
				</transform>
			</node>
			<node>
				<identifier>	HP_JGA_6	</identifier>
				<transform>
					<row0>	0.4226 0.0000 0.9063 0.0000	</row0>
					<row1>	0.0000 1.0000 0.0000 0.0000	</row1>
					<row2>	-0.9063 0.0000 0.4226 0.0000	</row2>
					<row3>	-0.3961 0.4530 6.0286 1.0000	</row3>
				</transform>
			</node>
			<node>
				<identifier>	HP_JGA_7	</identifier>
				<transform>
					<row0>	0.4226 0.0000 -0.9063 0.0000	</row0>
					<row1>	0.0000 1.0000 0.0000 0.0000	</row1>
					<row2>	0.9063 0.0000 0.4226 0.0000	</row2>
					<row3>	0.3961 0.4530 6.0286 1.0000	</row3>
				</transform>
			</node>
			<node>
				<identifier>	HP_JGM_1	</identifier>
				<transform>
					<row0>	1.0000 0.0000 0.0000 0.0000	</row0>
					<row1>	0.0000 1.0000 0.0000 0.0000	</row1>
					<row2>	0.0000 0.0000 1.0000 0.0000	</row2>
					<row3>	0.0000 0.4665 4.5336 1.0000	</row3>
				</transform>
			</node>
			<node>
				<identifier>	HP_Ship_death_1	</identifier>
				<transform>
					<row0>	1.0000 0.0000 0.0000 0.0000	</row0>
					<row1>	0.0000 1.0000 0.0000 0.0000	</row1>
					<row2>	0.0000 0.0000 1.0000 0.0000	</row2>
					<row3>	0.0000 0.0000 3.7610 1.0000	</row3>
				</transform>
			</node>
			<node>
				<identifier>	MP_CM011_Fire_Fighting_Gear	</identifier>
				<transform>
					<row0>	1.0000 0.0000 0.0000 0.0000	</row0>
					<row1>	0.0000 1.0000 0.0000 0.0000	</row1>
					<row2>	0.0000 0.0000 1.0000 0.0000	</row2>
					<row3>	0.0000 0.5053 7.8557 1.0000	</row3>
				</transform>
			</node>
			<node>
				<identifier>	MP_CM011_Fire_Fighting_Gear_INDEX_1	</identifier>
				<transform>
					<row0>	1.0000 0.0000 0.0000 0.0000	</row0>
					<row1>	0.0000 1.0000 0.0000 0.0000	</row1>
					<row2>	0.0000 0.0000 1.0000 0.0000	</row2>
					<row3>	-0.0114 0.4550 5.7436 1.0000	</row3>
				</transform>
			</node>
			<node>
				<identifier>	MP_CM011_Fire_Fighting_Gear_INDEX_2	</identifier>
				<transform>
					<row0>	0.2588 0.0000 0.9659 0.0000	</row0>
					<row1>	0.0000 1.0000 0.0000 0.0000	</row1>
					<row2>	-0.9659 0.0000 0.2588 0.0000	</row2>
					<row3>	0.3928 0.4282 4.4313 1.0000	</row3>
				</transform>
			</node>
			<node>
				<identifier>	MP_CM011_Fire_Fighting_Gear_INDEX_3	</identifier>
				<transform>
					<row0>	0.2588 0.0000 -0.9659 0.0000	</row0>
					<row1>	0.0000 1.0000 0.0000 0.0000	</row1>
					<row2>	0.9659 0.0000 0.2588 0.0000	</row2>
					<row3>	-0.3928 0.4282 4.4313 1.0000	</row3>
				</transform>
			</node>
			<node>
				<identifier>	MP_CM013_Fire_Hose_Rack_2	</identifier>
				<transform>
					<row0>	-0.9973 0.0000 -0.0739 0.0000	</row0>
					<row1>	0.0000 1.0000 0.0000 0.0000	</row1>
					<row2>	0.0739 0.0000 -0.9973 0.0000	</row2>
					<row3>	0.3899 0.4451 4.5592 1.0000	</row3>
				</transform>
			</node>
			<node>
				<identifier>	MP_CM013_Fire_Hose_Rack_2_INDEX_1	</identifier>
				<transform>
					<row0>	0.9973 0.0000 -0.0739 0.0000	</row0>
					<row1>	0.0000 1.0000 0.0000 0.0000	</row1>
					<row2>	0.0739 0.0000 0.9973 0.0000	</row2>
					<row3>	-0.3899 0.4451 4.5592 1.0000	</row3>
				</transform>
			</node>
			<node>
				<identifier>	MP_CM013_Fire_Hose_Rack_2_INDEX_2	</identifier>
				<transform>
					<row0>	-1.0000 0.0000 0.0000 0.0000	</row0>
					<row1>	0.0000 1.0000 0.0000 0.0000	</row1>
					<row2>	0.0000 0.0000 -1.0000 0.0000	</row2>
					<row3>	-0.0407 0.4745 5.7482 1.0000	</row3>
				</transform>
			</node>
			<node>
				<identifier>	MP_CM137_Anchor_Up	</identifier>
				<transform>
					<row0>	0.5227 0.7169 0.4613 0.0000	</row0>
					<row1>	-0.1142 0.5952 -0.7955 0.0000	</row1>
					<row2>	-0.8448 0.3631 0.3930 0.0000	</row2>
					<row3>	0.1735 0.3831 8.1861 1.0000	</row3>
				</transform>
			</node>
			<node>
				<identifier>	MP_CM137_Anchor_Up_INDEX_1	</identifier>
				<transform>
					<row0>	0.5227 -0.7169 -0.4613 0.0000	</row0>
					<row1>	0.1142 0.5952 -0.7955 0.0000	</row1>
					<row2>	0.8448 0.3631 0.3930 0.0000	</row2>
					<row3>	-0.1735 0.3831 8.1861 1.0000	</row3>
				</transform>
			</node>
			<node>
				<identifier>	MP_CM138_Anchor_Bottom	</identifier>
				<transform>
					<row0>	0.4813 0.7424 0.4660 0.0000	</row0>
					<row1>	0.1951 0.4275 -0.8827 0.0000	</row1>
					<row2>	-0.8546 0.5157 0.0609 0.0000	</row2>
					<row3>	0.1751 0.3821 8.1859 1.0000	</row3>
				</transform>
			</node>
			<node>
				<identifier>	MP_CM138_Anchor_Bottom_INDEX_1	</identifier>
				<transform>
					<row0>	0.4813 -0.7424 -0.4660 0.0000	</row0>
					<row1>	-0.1951 0.4275 -0.8827 0.0000	</row1>
					<row2>	0.8546 0.5157 0.0609 0.0000	</row2>
					<row3>	-0.1751 0.3821 8.1859 1.0000	</row3>
				</transform>
			</node>
			<node>
				<identifier>	MP_JM013_Reels_1	</identifier>
				<transform>
					<row0>	0.0002 0.0110 0.7999 0.0000	</row0>
					<row1>	-0.0211 0.7996 -0.0110 0.0000	</row1>
					<row2>	-0.7997 -0.0211 0.0005 0.0000	</row2>
					<row3>	-0.3537 0.4385 5.4078 1.0000	</row3>
				</transform>
			</node>
			<node>
				<identifier>	MP_JM013_Reels_1_INDEX_1	</identifier>
				<transform>
					<row0>	-0.0002 0.0110 0.7999 0.0000	</row0>
					<row1>	0.0211 0.7996 -0.0110 0.0000	</row1>
					<row2>	-0.7997 0.0211 -0.0005 0.0000	</row2>
					<row3>	0.3537 0.4385 5.4078 1.0000	</row3>
				</transform>
			</node>
			<node>
				<identifier>	MP_JM014_Reels_2	</identifier>
				<transform>
					<row0>	-0.1654 0.0125 0.7826 0.0000	</row0>
					<row1>	0.0108 0.7999 -0.0105 0.0000	</row1>
					<row2>	-0.7826 0.0084 -0.1655 0.0000	</row2>
					<row3>	0.4113 0.4247 4.6172 1.0000	</row3>
				</transform>
			</node>
			<node>
				<identifier>	MP_JM014_Reels_2_INDEX_1	</identifier>
				<transform>
					<row0>	-0.1654 -0.0125 -0.7826 0.0000	</row0>
					<row1>	-0.0108 0.7999 -0.0105 0.0000	</row1>
					<row2>	0.7826 0.0084 -0.1655 0.0000	</row2>
					<row3>	-0.4113 0.4247 4.6172 1.0000	</row3>
				</transform>
			</node>
			<node>
				<identifier>	MP_JM027_Fairlead_2	</identifier>
				<transform>
					<row0>	1.0467 0.0000 0.1053 0.0000	</row0>
					<row1>	0.0018 1.0518 -0.0174 0.0000	</row1>
					<row2>	-0.1053 0.0175 1.0466 0.0000	</row2>
					<row3>	0.7787 0.4209 4.2416 1.0000	</row3>
				</transform>
			</node>
			<node>
				<identifier>	MP_JM027_Fairlead_2_INDEX_1	</identifier>
				<transform>
					<row0>	1.0467 0.0000 -0.1053 0.0000	</row0>
					<row1>	-0.0018 1.0518 -0.0174 0.0000	</row1>
					<row2>	0.1053 0.0175 1.0466 0.0000	</row2>
					<row3>	-0.7787 0.4209 4.2416 1.0000	</row3>
				</transform>
			</node>
			<node>
				<identifier>	MP_JM027_Fairlead_2_INDEX_2	</identifier>
				<transform>
					<row0>	1.0425 0.0006 0.1408 0.0000	</row0>
					<row1>	0.0028 1.0517 -0.0255 0.0000	</row1>
					<row2>	-0.1408 0.0256 1.0422 0.0000	</row2>
					<row3>	0.5325 0.4646 6.3793 1.0000	</row3>
				</transform>
			</node>
			<node>
				<identifier>	MP_JM027_Fairlead_2_INDEX_3	</identifier>
				<transform>
					<row0>	1.0425 -0.0006 -0.1408 0.0000	</row0>
					<row1>	-0.0028 1.0517 -0.0255 0.0000	</row1>
					<row2>	0.1408 0.0256 1.0422 0.0000	</row2>
					<row3>	-0.5325 0.4646 6.3793 1.0000	</row3>
				</transform>
			</node>
			<node>
				<identifier>	MP_JM029_Leadsman_Platform	</identifier>
				<transform>
					<row0>	-0.0043 -0.5996 0.0221 0.0000	</row0>
					<row1>	0.5888 0.0000 0.1156 0.0000	</row1>
					<row2>	-0.1155 0.0225 0.5883 0.0000	</row2>
					<row3>	0.3045 0.5038 7.8426 1.0000	</row3>
				</transform>
			</node>
			<node>
				<identifier>	MP_JM029_Leadsman_Platform_INDEX_1	</identifier>
				<transform>
					<row0>	0.0043 -0.5996 0.0221 0.0000	</row0>
					<row1>	-0.5888 0.0000 0.1156 0.0000	</row1>
					<row2>	-0.1155 -0.0225 -0.5883 0.0000	</row2>
					<row3>	-0.3044 0.5038 7.8429 1.0000	</row3>
				</transform>
			</node>
			<node>
				<identifier>	MP_JM033_Roller_Fairled	</identifier>
				<transform>
					<row0>	0.2412 -0.0385 -1.3721 0.0000	</row0>
					<row1>	0.0094 1.3931 -0.0375 0.0000	</row1>
					<row2>	1.3726 -0.0028 0.2413 0.0000	</row2>
					<row3>	0.3841 0.4866 7.4208 1.0000	</row3>
				</transform>
			</node>
			<node>
				<identifier>	MP_JM055_Deck_Hatch_4	</identifier>
				<transform>
					<row0>	0.0000 -0.0213 -0.9998 0.0000	</row0>
					<row1>	0.0000 0.9998 -0.0213 0.0000	</row1>
					<row2>	1.0000 0.0000 0.0000 0.0000	</row2>
					<row3>	0.0000 0.4697 6.7259 1.0000	</row3>
				</transform>
			</node>
			<node>
				<identifier>	MP_JM055_Deck_Hatch_4_INDEX_1	</identifier>
				<transform>
					<row0>	0.0000 0.0000 -1.0000 0.0000	</row0>
					<row1>	0.0000 1.0000 0.0000 0.0000	</row1>
					<row2>	1.0000 0.0000 0.0000 0.0000	</row2>
					<row3>	-0.2154 0.4408 5.3236 1.0000	</row3>
				</transform>
			</node>
			<node>
				<identifier>	MP_JM055_Deck_Hatch_4_INDEX_2	</identifier>
				<transform>
					<row0>	0.0000 0.0000 1.0000 0.0000	</row0>
					<row1>	0.0000 1.0000 0.0000 0.0000	</row1>
					<row2>	-1.0000 0.0000 0.0000 0.0000	</row2>
					<row3>	0.2154 0.4408 5.3236 1.0000	</row3>
				</transform>
			</node>
			<node>
				<identifier>	MP_JM059_Deck_Hatch_8	</identifier>
				<transform>
					<row0>	0.1927 -0.0293 -1.2398 0.0000	</row0>
					<row1>	0.0329 1.2543 -0.0245 0.0000	</row1>
					<row2>	1.2397 -0.0287 0.1934 0.0000	</row2>
					<row3>	0.4089 0.4539 6.2052 1.0000	</row3>
				</transform>
			</node>
			<node>
				<identifier>	MP_JM059_Deck_Hatch_8_INDEX_1	</identifier>
				<transform>
					<row0>	1.2550 0.0000 0.0000 0.0000	</row0>
					<row1>	0.0000 1.2542 -0.0450 0.0000	</row1>
					<row2>	0.0000 0.0450 1.2542 0.0000	</row2>
					<row3>	0.0018 0.5082 8.0412 1.0000	</row3>
				</transform>
			</node>
			<node>
				<identifier>	MP_JM059_Deck_Hatch_8_INDEX_2	</identifier>
				<transform>
					<row0>	0.1927 0.0293 1.2398 0.0000	</row0>
					<row1>	-0.0329 1.2543 -0.0245 0.0000	</row1>
					<row2>	-1.2397 -0.0287 0.1934 0.0000	</row2>
					<row3>	-0.4089 0.4539 6.2052 1.0000	</row3>
				</transform>
			</node>
			<node>
				<identifier>	MP_JM059_Deck_Hatch_8_INDEX_3	</identifier>
				<transform>
					<row0>	0.1927 -0.0294 -1.2398 0.0000	</row0>
					<row1>	0.0292 1.2544 -0.0253 0.0000	</row1>
					<row2>	1.2398 -0.0249 0.1933 0.0000	</row2>
					<row3>	0.3690 0.4607 6.4945 1.0000	</row3>
				</transform>
			</node>
			<node>
				<identifier>	MP_JM059_Deck_Hatch_8_INDEX_4	</identifier>
				<transform>
					<row0>	0.1927 0.0294 1.2398 0.0000	</row0>
					<row1>	-0.0292 1.2544 -0.0253 0.0000	</row1>
					<row2>	-1.2398 -0.0249 0.1933 0.0000	</row2>
					<row3>	-0.3690 0.4607 6.4945 1.0000	</row3>
				</transform>
			</node>
			<node>
				<identifier>	MP_JM062_Deck_Hatch_11	</identifier>
				<transform>
					<row0>	-0.7700 0.0000 0.0000 0.0000	</row0>
					<row1>	0.0000 0.7700 0.0000 0.0000	</row1>
					<row2>	0.0000 0.0000 -0.7700 0.0000	</row2>
					<row3>	0.3808 0.4216 4.2488 1.0000	</row3>
				</transform>
			</node>
			<node>
				<identifier>	MP_JM062_Deck_Hatch_11_INDEX_1	</identifier>
				<transform>
					<row0>	-0.7700 0.0000 0.0000 0.0000	</row0>
					<row1>	0.0000 0.7700 0.0000 0.0000	</row1>
					<row2>	0.0000 0.0000 -0.7700 0.0000	</row2>
					<row3>	0.0314 0.5064 7.9827 1.0000	</row3>
				</transform>
			</node>
			<node>
				<identifier>	MP_JM062_Deck_Hatch_11_INDEX_2	</identifier>
				<transform>
					<row0>	-0.7700 0.0000 0.0000 0.0000	</row0>
					<row1>	0.0000 0.7700 0.0000 0.0000	</row1>
					<row2>	0.0000 0.0000 -0.7700 0.0000	</row2>
					<row3>	-0.3808 0.4216 4.2488 1.0000	</row3>
				</transform>
			</node>
			<node>
				<identifier>	MP_JM062_Deck_Hatch_11_INDEX_3	</identifier>
				<transform>
					<row0>	-0.7700 0.0000 0.0000 0.0000	</row0>
					<row1>	0.0000 0.7700 0.0000 0.0000	</row1>
					<row2>	0.0000 0.0000 -0.7700 0.0000	</row2>
					<row3>	-0.0256 0.4477 5.5425 1.0000	</row3>
				</transform>
			</node>
			<node>
				<identifier>	MP_JM062_Deck_Hatch_11_INDEX_4	</identifier>
				<transform>
					<row0>	-0.7700 0.0000 0.0000 0.0000	</row0>
					<row1>	0.0000 0.7700 0.0000 0.0000	</row1>
					<row2>	0.0000 0.0000 -0.7700 0.0000	</row2>
					<row3>	-0.0351 0.4966 7.6751 1.0000	</row3>
				</transform>
			</node>
			<node>
				<identifier>	MP_JM079_Roller_Fairled	</identifier>
				<transform>
					<row0>	-0.2412 -0.0385 -1.3721 0.0000	</row0>
					<row1>	-0.0094 1.3931 -0.0375 0.0000	</row1>
					<row2>	1.3726 0.0028 -0.2413 0.0000	</row2>
					<row3>	-0.3841 0.4866 7.4209 1.0000	</row3>
				</transform>
			</node>
			<node>
				<identifier>	MP_JM125_Signal_Lamp_3	</identifier>
				<transform>
					<row0>	1.0000 0.0000 0.0000 0.0000	</row0>
					<row1>	0.0000 1.0000 0.0000 0.0000	</row1>
					<row2>	0.0000 0.0000 1.0000 0.0000	</row2>
					<row3>	0.0179 1.1295 8.5748 1.0000	</row3>
				</transform>
			</node>
			<node>
				<identifier>	MP_JM284_Anchor_Capstan	</identifier>
				<transform>
					<row0>	1.1987 0.0000 0.0000 0.0000	</row0>
					<row1>	0.0000 1.1990 0.0000 0.0000	</row1>
					<row2>	0.0000 0.0000 1.1987 0.0000	</row2>
					<row3>	0.1780 0.4821 5.9687 1.0000	</row3>
				</transform>
			</node>
			<node>
				<identifier>	MP_JM284_Anchor_Capstan_INDEX_1	</identifier>
				<transform>
					<row0>	1.1987 0.0000 0.0000 0.0000	</row0>
					<row1>	0.0000 1.1990 0.0000 0.0000	</row1>
					<row2>	0.0000 0.0000 1.1987 0.0000	</row2>
					<row3>	-0.1780 0.4821 5.9687 1.0000	</row3>
				</transform>
			</node>
			<node>
				<identifier>	MP_JM286_Anchor_Capstan_big	</identifier>
				<transform>
					<row0>	0.8216 0.0000 0.0000 0.0000	</row0>
					<row1>	0.0000 0.8216 0.0000 0.0000	</row1>
					<row2>	0.0000 0.0000 0.8216 0.0000	</row2>
					<row3>	0.0000 0.4649 6.3639 1.0000	</row3>
				</transform>
			</node>
			<node>
				<identifier>	MP_JM295_Fairled	</identifier>
				<transform>
					<row0>	0.9659 0.0000 0.2588 0.0000	</row0>
					<row1>	0.0000 1.0000 0.0000 0.0000	</row1>
					<row2>	-0.2588 0.0000 0.9659 0.0000	</row2>
					<row3>	0.1187 0.4563 6.0947 1.0000	</row3>
				</transform>
			</node>
			<node>
				<identifier>	MP_JM295_Fairled_INDEX_1	</identifier>
				<transform>
					<row0>	0.9659 0.0000 -0.2588 0.0000	</row0>
					<row1>	0.0000 1.0000 0.0000 0.0000	</row1>
					<row2>	0.2588 0.0000 0.9659 0.0000	</row2>
					<row3>	-0.1187 0.4563 6.0947 1.0000	</row3>
				</transform>
			</node>
			<node>
				<identifier>	MP_JM306_Chrysanthemum_mid	</identifier>
				<transform>
					<row0>	1.0800 0.0000 0.0000 0.0000	</row0>
					<row1>	0.0000 1.0764 0.0885 0.0000	</row1>
					<row2>	0.0000 -0.0885 1.0764 0.0000	</row2>
					<row3>	0.0000 0.5530 8.7077 1.0000	</row3>
				</transform>
			</node>
			<node>
				<identifier>	MP_JM307_Chrysanthemum_petal_1	</identifier>
				<transform>
					<row0>	-0.7637 -0.7611 -0.0626 0.0000	</row0>
					<row1>	0.7608 -0.7505 -0.1561 0.0000	</row1>
					<row2>	0.0665 -0.1544 1.0668 0.0000	</row2>
					<row3>	0.0000 0.5532 8.7053 1.0000	</row3>
				</transform>
			</node>
			<node>
				<identifier>	MP_JM307_Chrysanthemum_petal_1_INDEX_1	</identifier>
				<transform>
					<row0>	-0.9978 -0.4119 -0.0339 0.0000	</row0>
					<row1>	0.4129 -0.9894 -0.1307 0.0000	</row1>
					<row2>	0.0188 -0.1337 1.0715 0.0000	</row2>
					<row3>	0.0000 0.5532 8.7053 1.0000	</row3>
				</transform>
			</node>
			<node>
				<identifier>	MP_JM307_Chrysanthemum_petal_1_INDEX_10	</identifier>
				<transform>
					<row0>	0.7637 0.7611 0.0626 0.0000	</row0>
					<row1>	-0.7608 0.7659 -0.0303 0.0000	</row1>
					<row2>	-0.0657 -0.0227 1.0778 0.0000	</row2>
					<row3>	0.0000 0.5532 8.7053 1.0000	</row3>
				</transform>
			</node>
			<node>
				<identifier>	MP_JM307_Chrysanthemum_petal_1_INDEX_11	</identifier>
				<transform>
					<row0>	0.4133 0.9944 0.0818 0.0000	</row0>
					<row1>	-0.9890 0.4200 -0.1093 0.0000	</row1>
					<row2>	-0.1324 -0.0330 1.0713 0.0000	</row2>
					<row3>	0.0000 0.5532 8.7053 1.0000	</row3>
				</transform>
			</node>
			<node>
				<identifier>	MP_JM307_Chrysanthemum_petal_1_INDEX_12	</identifier>
				<transform>
					<row0>	0.0000 1.0764 0.0885 0.0000	</row0>
					<row1>	-1.0671 0.0136 -0.1659 0.0000	</row1>
					<row2>	-0.1664 -0.0874 1.0635 0.0000	</row2>
					<row3>	0.0000 0.5532 8.7053 1.0000	</row3>
				</transform>
			</node>
			<node>
				<identifier>	MP_JM307_Chrysanthemum_petal_1_INDEX_13	</identifier>
				<transform>
					<row0>	-0.4133 0.9944 0.0818 0.0000	</row0>
					<row1>	-0.9884 -0.3959 -0.1811 0.0000	</row1>
					<row2>	-0.1367 -0.1441 1.0616 0.0000	</row2>
					<row3>	0.0000 0.5532 8.7053 1.0000	</row3>
				</transform>
			</node>
			<node>
				<identifier>	MP_JM307_Chrysanthemum_petal_1_INDEX_14	</identifier>
				<transform>
					<row0>	-0.7637 0.7611 0.0626 0.0000	</row0>
					<row1>	-0.7608 -0.7505 -0.1561 0.0000	</row1>
					<row2>	-0.0665 -0.1544 1.0668 0.0000	</row2>
					<row3>	0.0000 0.5532 8.7053 1.0000	</row3>
				</transform>
			</node>
			<node>
				<identifier>	MP_JM307_Chrysanthemum_petal_1_INDEX_15	</identifier>
				<transform>
					<row0>	-0.9978 0.4119 0.0339 0.0000	</row0>
					<row1>	-0.4129 -0.9894 -0.1307 0.0000	</row1>
					<row2>	-0.0188 -0.1337 1.0715 0.0000	</row2>
					<row3>	0.0000 0.5532 8.7053 1.0000	</row3>
				</transform>
			</node>
			<node>
				<identifier>	MP_JM307_Chrysanthemum_petal_1_INDEX_2	</identifier>
				<transform>
					<row0>	0.4133 -0.9944 -0.0818 0.0000	</row0>
					<row1>	0.9890 0.4200 -0.1093 0.0000	</row1>
					<row2>	0.1324 -0.0330 1.0713 0.0000	</row2>
					<row3>	0.0000 0.5532 8.7053 1.0000	</row3>
				</transform>
			</node>
			<node>
				<identifier>	MP_JM307_Chrysanthemum_petal_1_INDEX_3	</identifier>
				<transform>
					<row0>	-0.4133 -0.9944 -0.0818 0.0000	</row0>
					<row1>	0.9884 -0.3959 -0.1811 0.0000	</row1>
					<row2>	0.1367 -0.1441 1.0616 0.0000	</row2>
					<row3>	0.0000 0.5532 8.7053 1.0000	</row3>
				</transform>
			</node>
			<node>
				<identifier>	MP_JM307_Chrysanthemum_petal_1_INDEX_4	</identifier>
				<transform>
					<row0>	0.7637 -0.7611 -0.0626 0.0000	</row0>
					<row1>	0.7608 0.7659 -0.0303 0.0000	</row1>
					<row2>	0.0657 -0.0227 1.0778 0.0000	</row2>
					<row3>	0.0000 0.5532 8.7053 1.0000	</row3>
				</transform>
			</node>
			<node>
				<identifier>	MP_JM307_Chrysanthemum_petal_1_INDEX_5	</identifier>
				<transform>
					<row0>	0.9978 -0.4119 -0.0339 0.0000	</row0>
					<row1>	0.4131 0.9968 0.0467 0.0000	</row1>
					<row2>	0.0134 -0.0561 1.0785 0.0000	</row2>
					<row3>	0.0000 0.5532 8.7053 1.0000	</row3>
				</transform>
			</node>
			<node>
				<identifier>	MP_JM307_Chrysanthemum_petal_1_INDEX_6	</identifier>
				<transform>
					<row0>	0.0000 -1.0764 -0.0885 0.0000	</row0>
					<row1>	1.0671 0.0136 -0.1659 0.0000	</row1>
					<row2>	0.1664 -0.0874 1.0635 0.0000	</row2>
					<row3>	0.0000 0.5532 8.7053 1.0000	</row3>
				</transform>
			</node>
			<node>
				<identifier>	MP_JM307_Chrysanthemum_petal_1_INDEX_7	</identifier>
				<transform>
					<row0>	-1.0800 0.0000 0.0000 0.0000	</row0>
					<row1>	0.0000 -1.0764 -0.0885 0.0000	</row1>
					<row2>	0.0000 -0.0885 1.0764 0.0000	</row2>
					<row3>	0.0000 0.5532 8.7053 1.0000	</row3>
				</transform>
			</node>
			<node>
				<identifier>	MP_JM307_Chrysanthemum_petal_1_INDEX_8	</identifier>
				<transform>
					<row0>	1.0800 0.0000 0.0000 0.0000	</row0>
					<row1>	0.0000 1.0764 0.0885 0.0000	</row1>
					<row2>	0.0000 -0.0885 1.0764 0.0000	</row2>
					<row3>	0.0000 0.5532 8.7053 1.0000	</row3>
				</transform>
			</node>
			<node>
				<identifier>	MP_JM307_Chrysanthemum_petal_1_INDEX_9	</identifier>
				<transform>
					<row0>	0.9978 0.4119 0.0339 0.0000	</row0>
					<row1>	-0.4131 0.9968 0.0467 0.0000	</row1>
					<row2>	-0.0134 -0.0561 1.0785 0.0000	</row2>
					<row3>	0.0000 0.5532 8.7053 1.0000	</row3>
				</transform>
			</node>
			<node>
				<identifier>	SP_YMS001_YHBM_M_1	</identifier>
				<transform>
					<row0>	1.0198 0.0000 0.0000 0.0000	</row0>
					<row1>	0.0000 1.0198 0.0000 0.0000	</row1>
					<row2>	0.0000 0.0000 1.0198 0.0000	</row2>
					<row3>	0.0004 0.5133 8.6829 1.0000	</row3>
				</transform>
			</node>
			<node>
				<identifier>	SP_YMS002_YHBL_M_1	</identifier>
				<transform>
					<row0>	0.9972 0.0068 -0.0740 0.0000	</row0>
					<row1>	-0.0113 0.9981 -0.0605 0.0000	</row1>
					<row2>	0.0734 0.0612 0.9954 0.0000	</row2>
					<row3>	0.0000 0.5653 8.6613 1.0000	</row3>
				</transform>
			</node>
			<node>
				<identifier>	SP_YMS003_YHBR_M_1	</identifier>
				<transform>
					<row0>	0.9972 -0.0075 0.0750 0.0000	</row0>
					<row1>	0.0121 0.9981 -0.0605 0.0000	</row1>
					<row2>	-0.0744 0.0613 0.9953 0.0000	</row2>
					<row3>	0.0000 0.5653 8.6613 1.0000	</row3>
				</transform>
			</node>
			<node>
				<identifier>	SP_YMS004_YHXL_L_1	</identifier>
				<transform>
					<row0>	0.7631 0.5814 -0.0626 0.0000	</row0>
					<row1>	-0.5794 0.7656 0.0475 0.0000	</row1>
					<row2>	0.0786 0.0000 0.9581 0.0000	</row2>
					<row3>	-0.1422 0.4181 8.1555 1.0000	</row3>
				</transform>
			</node>
			<node>
				<identifier>	SP_YMS005_YHXR_L_1	</identifier>
				<transform>
					<row0>	0.7631 -0.5814 0.0626 0.0000	</row0>
					<row1>	0.5794 0.7656 0.0475 0.0000	</row1>
					<row2>	-0.0786 0.0000 0.9581 0.0000	</row2>
					<row3>	0.1422 0.4181 8.1555 1.0000	</row3>
				</transform>
			</node>
			<node>
				<identifier>	SP_YMS010_YHWM_L_1	</identifier>
				<transform>
					<row0>	0.7000 0.0000 0.0000 0.0000	</row0>
					<row1>	0.0000 0.7000 0.0000 0.0000	</row1>
					<row2>	0.0000 0.0000 0.7000 0.0000	</row2>
					<row3>	0.0000 0.0000 8.4771 1.0000	</row3>
				</transform>
			</node>
			<node>
				<identifier>	SP_YMS011_YHWL_M_1	</identifier>
				<transform>
					<row0>	0.9817 0.1270 -0.1420 0.0000	</row0>
					<row1>	-0.1260 0.9919 0.0163 0.0000	</row1>
					<row2>	0.1429 0.0019 0.9897 0.0000	</row2>
					<row3>	-0.1784 0.0000 7.2407 1.0000	</row3>
				</transform>
			</node>
			<node>
				<identifier>	SP_YMS011_YHWL_M_1_INDEX_13	</identifier>
				<transform>
					<row0>	0.9681 0.1649 -0.1887 0.0000	</row0>
					<row1>	-0.1622 0.9863 0.0297 0.0000	</row1>
					<row2>	0.1910 0.0018 0.9816 0.0000	</row2>
					<row3>	-0.7458 -0.0038 3.9109 1.0000	</row3>
				</transform>
			</node>
			<node>
				<identifier>	SP_YMS011_YHWL_M_1_INDEX_4	</identifier>
				<transform>
					<row0>	0.9681 0.1649 -0.1887 0.0000	</row0>
					<row1>	-0.1622 0.9863 0.0297 0.0000	</row1>
					<row2>	0.1910 0.0018 0.9816 0.0000	</row2>
					<row3>	-0.5875 -0.0020 4.7417 1.0000	</row3>
				</transform>
			</node>
			<node>
				<identifier>	SP_YMS011_YHWL_M_1_INDEX_7	</identifier>
				<transform>
					<row0>	0.9763 0.1539 -0.1524 0.0000	</row0>
					<row1>	-0.1529 0.9881 0.0187 0.0000	</row1>
					<row2>	0.1534 0.0050 0.9881 0.0000	</row2>
					<row3>	-0.3006 0.0013 6.4128 1.0000	</row3>
				</transform>
			</node>
			<node>
				<identifier>	SP_YMS011_YHWL_M_1_INDEX_8	</identifier>
				<transform>
					<row0>	0.9716 0.1626 -0.1719 0.0000	</row0>
					<row1>	-0.1602 0.9867 0.0282 0.0000	</row1>
					<row2>	0.1742 0.0001 0.9847 0.0000	</row2>
					<row3>	-0.4346 -0.0012 5.5772 1.0000	</row3>
				</transform>
			</node>
			<node>
				<identifier>	SP_YMS012_YHWR_M_1	</identifier>
				<transform>
					<row0>	0.9817 -0.1270 0.1420 0.0000	</row0>
					<row1>	0.1260 0.9919 0.0163 0.0000	</row1>
					<row2>	-0.1429 0.0019 0.9897 0.0000	</row2>
					<row3>	0.1784 0.0000 7.2407 1.0000	</row3>
				</transform>
			</node>
			<node>
				<identifier>	SP_YMS012_YHWR_M_1_INDEX_10	</identifier>
				<transform>
					<row0>	0.9716 -0.1626 0.1719 0.0000	</row0>
					<row1>	0.1602 0.9867 0.0282 0.0000	</row1>
					<row2>	-0.1742 0.0001 0.9847 0.0000	</row2>
					<row3>	0.4346 -0.0012 5.5772 1.0000	</row3>
				</transform>
			</node>
			<node>
				<identifier>	SP_YMS012_YHWR_M_1_INDEX_11	</identifier>
				<transform>
					<row0>	0.9681 -0.1649 0.1887 0.0000	</row0>
					<row1>	0.1622 0.9863 0.0297 0.0000	</row1>
					<row2>	-0.1910 0.0018 0.9816 0.0000	</row2>
					<row3>	0.5875 -0.0020 4.7417 1.0000	</row3>
				</transform>
			</node>
			<node>
				<identifier>	SP_YMS012_YHWR_M_1_INDEX_12	</identifier>
				<transform>
					<row0>	0.9681 -0.1649 0.1887 0.0000	</row0>
					<row1>	0.1622 0.9863 0.0297 0.0000	</row1>
					<row2>	-0.1910 0.0018 0.9816 0.0000	</row2>
					<row3>	0.7458 -0.0038 3.9109 1.0000	</row3>
				</transform>
			</node>
			<node>
				<identifier>	SP_YMS012_YHWR_M_1_INDEX_9	</identifier>
				<transform>
					<row0>	0.9763 -0.1539 0.1524 0.0000	</row0>
					<row1>	0.1529 0.9881 0.0187 0.0000	</row1>
					<row2>	-0.1534 0.0050 0.9881 0.0000	</row2>
					<row3>	0.3006 0.0013 6.4128 1.0000	</row3>
				</transform>
			</node>
			<node>
				<identifier>	SP_YMS020_YHBU_M_1	</identifier>
				<transform>
					<row0>	1.2595 0.0000 0.0000 0.0000	</row0>
					<row1>	0.0000 1.2595 0.0000 0.0000	</row1>
					<row2>	0.0000 0.0000 1.2595 0.0000	</row2>
					<row3>	0.0000 -0.1709 8.0279 1.0000	</row3>
				</transform>
			</node>
			<node>
				<identifier>	SP_YMS022_YHUS_L_1_INDEX_1	</identifier>
				<transform>
					<row0>	-0.3317 0.0071 -1.5242 0.0000	</row0>
					<row1>	-0.5318 1.4613 0.1226 0.0000	</row1>
					<row2>	1.4284 0.5457 -0.3083 0.0000	</row2>
					<row3>	-0.3551 -0.5449 4.7286 1.0000	</row3>
				</transform>
			</node>
			<node>
				<identifier>	SP_YMS022_YHUS_L_1_INDEX_3	</identifier>
				<transform>
					<row0>	-0.3317 -0.0071 1.5242 0.0000	</row0>
					<row1>	0.5318 1.4613 0.1226 0.0000	</row1>
					<row2>	-1.4284 0.5457 -0.3083 0.0000	</row2>
					<row3>	0.3551 -0.5449 4.7286 1.0000	</row3>
				</transform>
			</node>
			<node>
				<identifier>	SP_YMS053_YHDC_S_1	</identifier>
				<transform>
					<row0>	1.0000 0.0000 0.0000 0.0000	</row0>
					<row1>	0.0000 1.0000 0.0000 0.0000	</row1>
					<row2>	0.0000 0.0000 1.0000 0.0000	</row2>
					<row3>	0.5675 0.4396 4.8725 1.0000	</row3>
				</transform>
			</node>
			<node>
				<identifier>	SP_YMS053_YHDC_S_1_INDEX_7	</identifier>
				<transform>
					<row0>	1.0000 0.0000 0.0000 0.0000	</row0>
					<row1>	0.0000 1.0000 0.0000 0.0000	</row1>
					<row2>	0.0000 0.0000 1.0000 0.0000	</row2>
					<row3>	-0.5675 0.4396 4.8725 1.0000	</row3>
				</transform>
			</node>
			<node>
				<identifier>	SP_YMS080_YHSL_M_1	</identifier>
				<transform>
					<row0>	0.8857 0.4443 -0.1348 0.0000	</row0>
					<row1>	-0.4393 0.8959 0.0669 0.0000	</row1>
					<row2>	0.1505 0.0000 0.9886 0.0000	</row2>
					<row3>	-0.2780 0.1863 6.5503 1.0000	</row3>
				</transform>
			</node>
			<node>
				<identifier>	SP_YMS080_YHSL_M_1_INDEX_3	</identifier>
				<transform>
					<row0>	0.8107 0.4067 -0.1234 0.0000	</row0>
					<row1>	-0.4021 0.8200 0.0612 0.0000	</row1>
					<row2>	0.1378 0.0000 0.9049 0.0000	</row2>
					<row3>	-0.6675 0.2088 4.4626 1.0000	</row3>
				</transform>
			</node>
			<node>
				<identifier>	SP_YMS081_YHSR_M_1	</identifier>
				<transform>
					<row0>	-0.9641 0.0645 0.2575 0.0000	</row0>
					<row1>	-0.1020 -0.9856 -0.1350 0.0000	</row1>
					<row2>	0.2451 -0.1564 0.9568 0.0000	</row2>
					<row3>	-0.2110 0.2308 7.3076 1.0000	</row3>
				</transform>
			</node>
			<node>
				<identifier>	SP_YMS081_YHSR_M_1_INDEX_1	</identifier>
				<transform>
					<row0>	0.8857 -0.4443 0.1348 0.0000	</row0>
					<row1>	0.4393 0.8959 0.0669 0.0000	</row1>
					<row2>	-0.1505 0.0000 0.9886 0.0000	</row2>
					<row3>	0.2780 0.1863 6.5503 1.0000	</row3>
				</transform>
			</node>
			<node>
				<identifier>	SP_YMS081_YHSR_M_1_INDEX_2	</identifier>
				<transform>
					<row0>	0.8857 -0.4443 0.1348 0.0000	</row0>
					<row1>	0.4393 0.8959 0.0669 0.0000	</row1>
					<row2>	-0.1505 0.0000 0.9886 0.0000	</row2>
					<row3>	0.2110 0.2327 7.3076 1.0000	</row3>
				</transform>
			</node>
			<node>
				<identifier>	SP_YMS081_YHSR_M_1_INDEX_3	</identifier>
				<transform>
					<row0>	0.8107 -0.4067 0.1234 0.0000	</row0>
					<row1>	0.4021 0.8200 0.0612 0.0000	</row1>
					<row2>	-0.1378 0.0000 0.9049 0.0000	</row2>
					<row3>	0.6675 0.2088 4.4626 1.0000	</row3>
				</transform>
			</node>
			<node>
				<identifier>	SP_YMS083_YHSC_L_1_INDEX_1	</identifier>
				<transform>
					<row0>	-0.1295 -0.0228 -0.9719 0.0000	</row0>
					<row1>	-0.4872 0.8500 0.0450 0.0000	</row1>
					<row2>	0.8413 0.4888 -0.1236 0.0000	</row2>
					<row3>	-0.6588 0.3947 5.1348 1.0000	</row3>
				</transform>
			</node>
			<node>
				<identifier>	SP_YMS083_YHSC_L_1_INDEX_3	</identifier>
				<transform>
					<row0>	-0.1295 0.0228 0.9719 0.0000	</row0>
					<row1>	0.4872 0.8500 0.0450 0.0000	</row1>
					<row2>	-0.8413 0.4888 -0.1236 0.0000	</row2>
					<row3>	0.6588 0.3947 5.1348 1.0000	</row3>
				</transform>
			</node>
			<node>
				<identifier>	SP_YMS083_YHSC_L_1_INDEX_4	</identifier>
				<transform>
					<row0>	-0.1257 -0.0250 -0.9723 0.0000	</row0>
					<row1>	-0.5881 0.7829 0.0559 0.0000	</row1>
					<row2>	0.7747 0.5902 -0.1154 0.0000	</row2>
					<row3>	-0.5702 0.4172 5.8348 1.0000	</row3>
				</transform>
			</node>
			<node>
				<identifier>	SP_YMS083_YHSC_L_1_INDEX_5	</identifier>
				<transform>
					<row0>	-0.1257 0.0250 0.9723 0.0000	</row0>
					<row1>	0.5881 0.7829 0.0559 0.0000	</row1>
					<row2>	-0.7747 0.5902 -0.1154 0.0000	</row2>
					<row3>	0.5702 0.4172 5.8348 1.0000	</row3>
				</transform>
			</node>
		</node>
	</node>
	<boundingBox>
		<min>	-0.0667 -0.0667 -0.0667	</min>
		<max>	0.0667 0.0667 0.0667	</max>
	</boundingBox>
</JSB045_Adatara_1945_Bow_ports.visual>
