<ZSD001_Anshan_Stern_ports.visual>
	<node>
		<identifier>	Scene Root	</identifier>
		<transform>
			<row0>	1.0000 0.0000 0.0000 0.0000	</row0>
			<row1>	0.0000 1.0000 0.0000 0.0000	</row1>
			<row2>	0.0000 0.0000 1.0000 0.0000	</row2>
			<row3>	0.0000 0.0000 0.0000 1.0000	</row3>
		</transform>
		<node>
			<identifier>	Stern_ports	</identifier>
			<transform>
				<row0>	1.0000 0.0000 0.0000 0.0000	</row0>
				<row1>	0.0000 1.0000 0.0000 0.0000	</row1>
				<row2>	0.0000 0.0000 1.0000 0.0000	</row2>
				<row3>	0.0000 0.0000 0.0000 1.0000	</row3>
			</transform>
			<node>
				<identifier>	HP_FX_Fire_4	</identifier>
				<transform>
					<row0>	1.0000 0.0000 0.0000 0.0000	</row0>
					<row1>	0.0000 1.0000 0.0000 0.0000	</row1>
					<row2>	0.0000 0.0000 1.0000 0.0000	</row2>
					<row3>	0.0000 0.1562 -3.0595 1.0000	</row3>
				</transform>
			</node>
			<node>
				<identifier>	HP_FX_WakeTraceBack	</identifier>
				<transform>
					<row0>	1.0000 0.0000 0.0000 0.0000	</row0>
					<row1>	0.0000 1.0000 0.0000 0.0000	</row1>
					<row2>	0.0000 0.0000 1.0000 0.0000	</row2>
					<row3>	0.0000 0.0000 -3.6343 1.0000	</row3>
				</transform>
			</node>
			<node>
				<identifier>	HP_FX_WakeTrace_screw_1	</identifier>
				<transform>
					<row0>	1.0000 0.0000 0.0000 0.0000	</row0>
					<row1>	0.0000 1.0000 0.0000 0.0000	</row1>
					<row2>	0.0000 0.0000 1.0000 0.0000	</row2>
					<row3>	-0.1556 -0.2066 -3.3054 1.0000	</row3>
				</transform>
			</node>
			<node>
				<identifier>	HP_FX_WakeTrace_screw_2	</identifier>
				<transform>
					<row0>	1.0000 0.0000 0.0000 0.0000	</row0>
					<row1>	0.0000 1.0000 0.0000 0.0000	</row1>
					<row2>	0.0000 0.0000 1.0000 0.0000	</row2>
					<row3>	0.1556 -0.2066 -3.3054 1.0000	</row3>
				</transform>
			</node>
			<node>
				<identifier>	HP_Ship_death_3	</identifier>
				<transform>
					<row0>	1.0000 0.0000 0.0000 0.0000	</row0>
					<row1>	0.0000 1.0000 0.0000 0.0000	</row1>
					<row2>	0.0000 0.0000 1.0000 0.0000	</row2>
					<row3>	0.0000 0.0000 -2.4789 1.0000	</row3>
				</transform>
			</node>
			<node>
				<identifier>	HP_ZGB_1	</identifier>
				<transform>
					<row0>	0.0000 0.0079 1.0000 0.0000	</row0>
					<row1>	-0.0227 0.9997 -0.0079 0.0000	</row1>
					<row2>	-0.9997 -0.0227 0.0002 0.0000	</row2>
					<row3>	-0.0423 0.1502 -3.3586 1.0000	</row3>
				</transform>
			</node>
			<node>
				<identifier>	HP_ZGB_2	</identifier>
				<transform>
					<row0>	0.0000 -0.0079 -1.0000 0.0000	</row0>
					<row1>	0.0227 0.9997 -0.0079 0.0000	</row1>
					<row2>	0.9997 -0.0227 0.0002 0.0000	</row2>
					<row3>	0.0423 0.1502 -3.3586 1.0000	</row3>
				</transform>
			</node>
			<node>
				<identifier>	HP_ZGB_3	</identifier>
				<transform>
					<row0>	-1.0000 0.0000 0.0000 0.0000	</row0>
					<row1>	0.0000 0.9990 -0.0436 0.0000	</row1>
					<row2>	0.0000 -0.0436 -0.9990 0.0000	</row2>
					<row3>	-0.0452 0.1177 -3.6696 1.0000	</row3>
				</transform>
			</node>
			<node>
				<identifier>	HP_ZGB_4	</identifier>
				<transform>
					<row0>	-1.0000 0.0000 0.0000 0.0000	</row0>
					<row1>	0.0000 0.9990 -0.0436 0.0000	</row1>
					<row2>	0.0000 -0.0436 -0.9990 0.0000	</row2>
					<row3>	0.0452 0.1177 -3.6696 1.0000	</row3>
				</transform>
			</node>
			<node>
				<identifier>	HP_ZGM_4	</identifier>
				<transform>
					<row0>	-1.0000 0.0000 0.0000 0.0000	</row0>
					<row1>	0.0000 1.0000 0.0000 0.0000	</row1>
					<row2>	0.0000 0.0000 -1.0000 0.0000	</row2>
					<row3>	0.0000 0.1550 -2.4778 1.0000	</row3>
				</transform>
			</node>
			<node>
				<identifier>	MP_CM001_Propeller3_L	</identifier>
				<transform>
					<row0>	0.7631 -0.0028 -0.0377 0.0000	</row0>
					<row1>	-0.0002 0.7616 -0.0605 0.0000	</row1>
					<row2>	0.0378 0.0604 0.7607 0.0000	</row2>
					<row3>	-0.1556 -0.2066 -3.3054 1.0000	</row3>
				</transform>
			</node>
			<node>
				<identifier>	MP_CM032_Propeller3_R	</identifier>
				<transform>
					<row0>	0.7631 0.0028 0.0377 0.0000	</row0>
					<row1>	0.0002 0.7616 -0.0605 0.0000	</row1>
					<row2>	-0.0378 0.0604 0.7607 0.0000	</row2>
					<row3>	0.1556 -0.2066 -3.3054 1.0000	</row3>
				</transform>
			</node>
			<node>
				<identifier>	MP_ZM002_Reel	</identifier>
				<transform>
					<row0>	0.0000 0.0000 -1.3000 0.0000	</row0>
					<row1>	-0.0182 -1.2999 0.0000 0.0000	</row1>
					<row2>	-0.9999 0.0140 0.0000 0.0000	</row2>
					<row3>	0.0477 0.1504 -2.9435 1.0000	</row3>
				</transform>
			</node>
			<node>
				<identifier>	MP_ZM002_Reel_INDEX_1	</identifier>
				<transform>
					<row0>	0.0000 0.0000 1.3000 0.0000	</row0>
					<row1>	0.0182 -1.2999 0.0000 0.0000	</row1>
					<row2>	0.9999 0.0140 0.0000 0.0000	</row2>
					<row3>	-0.0477 0.1504 -2.9435 1.0000	</row3>
				</transform>
			</node>
			<node>
				<identifier>	MP_ZM004_Basket_Rope	</identifier>
				<transform>
					<row0>	1.0000 0.0000 0.0000 0.0000	</row0>
					<row1>	0.0000 1.0000 0.0000 0.0000	</row1>
					<row2>	0.0000 0.0000 1.0000 0.0000	</row2>
					<row3>	-0.0244 0.1519 -2.8112 1.0000	</row3>
				</transform>
			</node>
			<node>
				<identifier>	MP_ZM009_Coat_of_Arms_China	</identifier>
				<transform>
					<row0>	-1.0000 0.0000 0.0000 0.0000	</row0>
					<row1>	0.0000 0.9745 -0.2243 0.0000	</row1>
					<row2>	0.0000 -0.2243 -0.9745 0.0000	</row2>
					<row3>	0.0000 0.0834 -3.7324 1.0000	</row3>
				</transform>
			</node>
			<node>
				<identifier>	MP_ZM014_Screen_Smoke_DA2	</identifier>
				<transform>
					<row0>	-0.1111 0.0000 0.9938 0.0000	</row0>
					<row1>	-0.0176 0.9998 -0.0020 0.0000	</row1>
					<row2>	-0.9936 -0.0177 -0.1111 0.0000	</row2>
					<row3>	-0.1539 0.1459 -3.5931 1.0000	</row3>
				</transform>
			</node>
			<node>
				<identifier>	MP_ZM014_Screen_Smoke_DA2_INDEX_1	</identifier>
				<transform>
					<row0>	-0.1111 0.0000 -0.9938 0.0000	</row0>
					<row1>	0.0176 0.9998 -0.0020 0.0000	</row1>
					<row2>	0.9936 -0.0177 -0.1111 0.0000	</row2>
					<row3>	0.1539 0.1456 -3.5931 1.0000	</row3>
				</transform>
			</node>
			<node>
				<identifier>	MP_ZM024_Life_Buoy	</identifier>
				<transform>
					<row0>	0.0809 0.0000 0.9967 0.0000	</row0>
					<row1>	0.0000 1.0000 0.0000 0.0000	</row1>
					<row2>	-0.9967 0.0000 0.0809 0.0000	</row2>
					<row3>	0.2280 0.2143 -3.0197 1.0000	</row3>
				</transform>
			</node>
			<node>
				<identifier>	MP_ZM024_Life_Buoy_INDEX_1	</identifier>
				<transform>
					<row0>	0.0809 0.0000 -0.9967 0.0000	</row0>
					<row1>	0.0000 1.0000 0.0000 0.0000	</row1>
					<row2>	0.9967 0.0000 0.0809 0.0000	</row2>
					<row3>	-0.2280 0.2143 -3.0197 1.0000	</row3>
				</transform>
			</node>
			<node>
				<identifier>	MP_ZM751_Hatch	</identifier>
				<transform>
					<row0>	1.0000 0.0000 0.0000 0.0000	</row0>
					<row1>	0.0000 1.0000 0.0000 0.0000	</row1>
					<row2>	0.0000 0.0000 1.0000 0.0000	</row2>
					<row3>	0.0674 0.1487 -3.1793 1.0000	</row3>
				</transform>
			</node>
			<node>
				<identifier>	MP_ZM751_Hatch_INDEX_1	</identifier>
				<transform>
					<row0>	1.0000 0.0000 0.0000 0.0000	</row0>
					<row1>	0.0000 1.0000 0.0000 0.0000	</row1>
					<row2>	0.0000 0.0000 1.0000 0.0000	</row2>
					<row3>	0.0498 0.1525 -2.5920 1.0000	</row3>
				</transform>
			</node>
			<node>
				<identifier>	MP_ZM800_Ventilation_Mushroom	</identifier>
				<transform>
					<row0>	1.0000 0.0000 0.0000 0.0000	</row0>
					<row1>	0.0000 1.0000 0.0000 0.0000	</row1>
					<row2>	0.0000 0.0000 1.0000 0.0000	</row2>
					<row3>	0.0833 0.1513 -2.7972 1.0000	</row3>
				</transform>
			</node>
			<node>
				<identifier>	MP_ZM800_Ventilation_Mushroom_INDEX_1	</identifier>
				<transform>
					<row0>	1.0000 0.0000 0.0000 0.0000	</row0>
					<row1>	0.0000 1.0000 0.0000 0.0000	</row1>
					<row2>	0.0000 0.0000 1.0000 0.0000	</row2>
					<row3>	-0.2436 0.1461 -2.6264 1.0000	</row3>
				</transform>
			</node>
			<node>
				<identifier>	MP_ZM800_Ventilation_Mushroom_INDEX_2	</identifier>
				<transform>
					<row0>	1.0000 0.0000 0.0000 0.0000	</row0>
					<row1>	0.0000 1.0000 0.0000 0.0000	</row1>
					<row2>	0.0000 0.0000 1.0000 0.0000	</row2>
					<row3>	0.1873 0.1456 -3.3149 1.0000	</row3>
				</transform>
			</node>
			<node>
				<identifier>	MP_ZM852_Running_Lights_B	</identifier>
				<transform>
					<row0>	-1.0000 0.0000 0.0000 0.0000	</row0>
					<row1>	0.0000 1.0000 0.0000 0.0000	</row1>
					<row2>	0.0000 0.0000 -1.0000 0.0000	</row2>
					<row3>	0.0000 0.1844 -3.7248 1.0000	</row3>
				</transform>
			</node>
			<node>
				<identifier>	MP_ZM857_Signal_Lamp	</identifier>
				<transform>
					<row0>	-0.8000 0.0000 0.0000 0.0000	</row0>
					<row1>	0.0000 0.8000 0.0000 0.0000	</row1>
					<row2>	0.0000 0.0000 -0.8000 0.0000	</row2>
					<row3>	0.0000 0.4044 -3.7718 1.0000	</row3>
				</transform>
			</node>
			<node>
				<identifier>	MP_ZM950_Bollard	</identifier>
				<transform>
					<row0>	0.9949 0.0424 0.0911 0.0000	</row0>
					<row1>	-0.0422 0.9991 -0.0039 0.0000	</row1>
					<row2>	-0.0912 0.0000 0.9958 0.0000	</row2>
					<row3>	-0.2085 0.1450 -3.0843 1.0000	</row3>
				</transform>
			</node>
			<node>
				<identifier>	MP_ZM950_Bollard_INDEX_1	</identifier>
				<transform>
					<row0>	0.9949 -0.0424 -0.0911 0.0000	</row0>
					<row1>	0.0422 0.9991 -0.0039 0.0000	</row1>
					<row2>	0.0912 0.0000 0.9958 0.0000	</row2>
					<row3>	0.2085 0.1450 -3.0843 1.0000	</row3>
				</transform>
			</node>
			<node>
				<identifier>	MP_ZM951_Fairlead	</identifier>
				<transform>
					<row0>	0.9939 0.0471 0.0996 0.0000	</row0>
					<row1>	-0.0473 0.9989 -0.0005 0.0000	</row1>
					<row2>	-0.0995 -0.0042 0.9950 0.0000	</row2>
					<row3>	-0.1962 0.1485 -3.2310 1.0000	</row3>
				</transform>
			</node>
			<node>
				<identifier>	MP_ZM951_Fairlead_INDEX_1	</identifier>
				<transform>
					<row0>	0.9939 -0.0471 -0.0996 0.0000	</row0>
					<row1>	0.0473 0.9989 -0.0005 0.0000	</row1>
					<row2>	0.0995 -0.0042 0.9950 0.0000	</row2>
					<row3>	0.1962 0.1485 -3.2310 1.0000	</row3>
				</transform>
			</node>
			<node>
				<identifier>	MP_ZM951_Fairlead_INDEX_2	</identifier>
				<transform>
					<row0>	0.9962 -0.0472 -0.0738 0.0000	</row0>
					<row1>	0.0473 0.9989 -0.0005 0.0000	</row1>
					<row2>	0.0737 -0.0030 0.9973 0.0000	</row2>
					<row3>	0.2344 0.1487 -2.7939 1.0000	</row3>
				</transform>
			</node>
			<node>
				<identifier>	MP_ZM951_Fairlead_INDEX_3	</identifier>
				<transform>
					<row0>	0.9962 0.0472 0.0738 0.0000	</row0>
					<row1>	-0.0473 0.9989 -0.0005 0.0000	</row1>
					<row2>	-0.0737 -0.0030 0.9973 0.0000	</row2>
					<row3>	-0.2344 0.1487 -2.7939 1.0000	</row3>
				</transform>
			</node>
			<node>
				<identifier>	MP_ZM955_Anchor_Capstan_Stern	</identifier>
				<transform>
					<row0>	1.0000 0.0000 0.0000 0.0000	</row0>
					<row1>	0.0000 1.0000 0.0000 0.0000	</row1>
					<row2>	0.0000 0.0000 1.0000 0.0000	</row2>
					<row3>	0.0000 0.1505 -3.1181 1.0000	</row3>
				</transform>
			</node>
			<node>
				<identifier>	MP_ZM957_Anchor_Detector	</identifier>
				<transform>
					<row0>	-1.0000 0.0000 0.0000 0.0000	</row0>
					<row1>	0.0000 1.0000 0.0000 0.0000	</row1>
					<row2>	0.0000 0.0000 -1.0000 0.0000	</row2>
					<row3>	0.0336 0.1532 -2.7326 1.0000	</row3>
				</transform>
			</node>
		</node>
	</node>
	<boundingBox>
		<min>	-0.0667 -0.0667 -0.0667	</min>
		<max>	0.0667 0.0667 0.0667	</max>
	</boundingBox>
</ZSD001_Anshan_Stern_ports.visual>
