<HSD003_Tromp_1945_Stern_ports.visual>
	<node>
		<identifier>	Scene Root	</identifier>
		<transform>
			<row0>	1.0000 0.0000 0.0000 0.0000	</row0>
			<row1>	0.0000 1.0000 0.0000 0.0000	</row1>
			<row2>	0.0000 0.0000 1.0000 0.0000	</row2>
			<row3>	0.0000 0.0000 0.0000 1.0000	</row3>
		</transform>
		<node>
			<identifier>	Stern_ports	</identifier>
			<transform>
				<row0>	1.0000 0.0000 0.0000 0.0000	</row0>
				<row1>	0.0000 1.0000 0.0000 0.0000	</row1>
				<row2>	0.0000 0.0000 1.0000 0.0000	</row2>
				<row3>	0.0000 0.0000 0.0000 1.0000	</row3>
			</transform>
			<node>
				<identifier>	HP_FX_Fire_4	</identifier>
				<transform>
					<row0>	1.0000 0.0000 0.0000 0.0000	</row0>
					<row1>	0.0000 1.0000 0.0000 0.0000	</row1>
					<row2>	0.0000 0.0000 1.0000 0.0000	</row2>
					<row3>	0.0000 0.2220 -3.5050 1.0000	</row3>
				</transform>
			</node>
			<node>
				<identifier>	HP_FX_Flood_steam_right	</identifier>
				<transform>
					<row0>	1.0000 0.0000 0.0000 0.0000	</row0>
					<row1>	0.0000 1.0000 0.0000 0.0000	</row1>
					<row2>	0.0000 0.0000 1.0000 0.0000	</row2>
					<row3>	0.3568 0.1783 -2.9206 1.0000	</row3>
				</transform>
			</node>
			<node>
				<identifier>	HP_FX_WakeTraceBack	</identifier>
				<transform>
					<row0>	1.0000 0.0000 0.0000 0.0000	</row0>
					<row1>	0.0000 1.0000 0.0000 0.0000	</row1>
					<row2>	0.0000 0.0000 1.0000 0.0000	</row2>
					<row3>	0.0000 0.0000 -4.3000 1.0000	</row3>
				</transform>
			</node>
			<node>
				<identifier>	HP_FX_WakeTrace_screw_1	</identifier>
				<transform>
					<row0>	1.0000 0.0000 0.0000 0.0000	</row0>
					<row1>	0.0000 1.0000 0.0000 0.0000	</row1>
					<row2>	0.0000 0.0000 1.0000 0.0000	</row2>
					<row3>	-0.1626 -0.2274 -3.6842 1.0000	</row3>
				</transform>
			</node>
			<node>
				<identifier>	HP_FX_WakeTrace_screw_2	</identifier>
				<transform>
					<row0>	1.0000 0.0000 0.0000 0.0000	</row0>
					<row1>	0.0000 1.0000 0.0000 0.0000	</row1>
					<row2>	0.0000 0.0000 1.0000 0.0000	</row2>
					<row3>	0.1623 -0.2281 -3.6842 1.0000	</row3>
				</transform>
			</node>
			<node>
				<identifier>	HP_HGB_1	</identifier>
				<transform>
					<row0>	-1.0000 0.0000 0.0000 0.0000	</row0>
					<row1>	0.0000 1.0000 0.0000 0.0000	</row1>
					<row2>	0.0000 0.0000 -1.0000 0.0000	</row2>
					<row3>	-0.1436 0.2120 -4.1158 1.0000	</row3>
				</transform>
			</node>
			<node>
				<identifier>	HP_HGB_2	</identifier>
				<transform>
					<row0>	-1.0000 0.0000 0.0000 0.0000	</row0>
					<row1>	0.0000 1.0000 0.0000 0.0000	</row1>
					<row2>	0.0000 0.0000 -1.0000 0.0000	</row2>
					<row3>	0.1436 0.2120 -4.1158 1.0000	</row3>
				</transform>
			</node>
			<node>
				<identifier>	HP_Ship_death_3	</identifier>
				<transform>
					<row0>	1.0000 0.0000 0.0000 0.0000	</row0>
					<row1>	0.0000 1.0000 0.0000 0.0000	</row1>
					<row2>	0.0000 0.0000 1.0000 0.0000	</row2>
					<row3>	0.0000 0.0000 -2.6716 1.0000	</row3>
				</transform>
			</node>
			<node>
				<identifier>	MP_HM007_Lifebuoy	</identifier>
				<transform>
					<row0>	0.0890 0.0000 0.9960 0.0000	</row0>
					<row1>	0.0000 1.0000 0.0000 0.0000	</row1>
					<row2>	-0.9960 0.0000 0.0890 0.0000	</row2>
					<row3>	0.3229 0.2676 -3.6215 1.0000	</row3>
				</transform>
			</node>
			<node>
				<identifier>	MP_HM007_Lifebuoy_INDEX_1	</identifier>
				<transform>
					<row0>	0.0890 0.0000 -0.9960 0.0000	</row0>
					<row1>	0.0000 1.0000 0.0000 0.0000	</row1>
					<row2>	0.9960 0.0000 0.0890 0.0000	</row2>
					<row3>	-0.3229 0.2676 -3.6215 1.0000	</row3>
				</transform>
			</node>
			<node>
				<identifier>	MP_HM502_Life_Boat	</identifier>
				<transform>
					<row0>	0.9997 0.0238 -0.0010 0.0000	</row0>
					<row1>	-0.0238 0.9997 -0.0026 0.0000	</row1>
					<row2>	0.0009 0.0027 1.0000 0.0000	</row2>
					<row3>	-0.1144 0.2192 -3.5850 1.0000	</row3>
				</transform>
			</node>
			<node>
				<identifier>	MP_HM502_Life_Boat_INDEX_1	</identifier>
				<transform>
					<row0>	0.9997 -0.0238 0.0010 0.0000	</row0>
					<row1>	0.0238 0.9997 -0.0026 0.0000	</row1>
					<row2>	-0.0009 0.0027 1.0000 0.0000	</row2>
					<row3>	0.1144 0.2501 -3.5850 1.0000	</row3>
				</transform>
			</node>
			<node>
				<identifier>	MP_HM502_Life_Boat_INDEX_2	</identifier>
				<transform>
					<row0>	0.9997 -0.0238 0.0010 0.0000	</row0>
					<row1>	0.0238 0.9997 -0.0026 0.0000	</row1>
					<row2>	-0.0009 0.0027 1.0000 0.0000	</row2>
					<row3>	0.1144 0.2192 -3.5850 1.0000	</row3>
				</transform>
			</node>
			<node>
				<identifier>	MP_HM502_Life_Boat_INDEX_3	</identifier>
				<transform>
					<row0>	0.9997 0.0238 -0.0010 0.0000	</row0>
					<row1>	-0.0238 0.9997 -0.0026 0.0000	</row1>
					<row2>	0.0009 0.0027 1.0000 0.0000	</row2>
					<row3>	-0.1144 0.2501 -3.5850 1.0000	</row3>
				</transform>
			</node>
		</node>
	</node>
	<boundingBox>
		<min>	-0.0667 -0.0667 -0.0667	</min>
		<max>	0.0667 0.0667 0.0667	</max>
	</boundingBox>
</HSD003_Tromp_1945_Stern_ports.visual>
