<HSD003_Tromp_1945_MidBack_ports.visual>
	<node>
		<identifier>	Scene Root	</identifier>
		<transform>
			<row0>	1.0000 0.0000 0.0000 0.0000	</row0>
			<row1>	0.0000 1.0000 0.0000 0.0000	</row1>
			<row2>	0.0000 0.0000 1.0000 0.0000	</row2>
			<row3>	0.0000 0.0000 0.0000 1.0000	</row3>
		</transform>
		<node>
			<identifier>	MidBack_ports	</identifier>
			<transform>
				<row0>	1.0000 0.0000 0.0000 0.0000	</row0>
				<row1>	0.0000 1.0000 0.0000 0.0000	</row1>
				<row2>	0.0000 0.0000 1.0000 0.0000	</row2>
				<row3>	0.0000 0.0000 0.0000 1.0000	</row3>
			</transform>
			<node>
				<identifier>	HP_FX_Death_3	</identifier>
				<transform>
					<row0>	1.0000 0.0000 0.0000 0.0000	</row0>
					<row1>	0.0000 1.0000 0.0000 0.0000	</row1>
					<row2>	0.0000 0.0000 1.0000 0.0000	</row2>
					<row3>	0.0000 0.0000 -2.4560 1.0000	</row3>
				</transform>
			</node>
			<node>
				<identifier>	HP_FX_Fire_3	</identifier>
				<transform>
					<row0>	1.0000 0.0000 0.0000 0.0000	</row0>
					<row1>	0.0000 1.0000 0.0000 0.0000	</row1>
					<row2>	0.0000 0.0000 1.0000 0.0000	</row2>
					<row3>	0.0000 0.4000 -1.5190 1.0000	</row3>
				</transform>
			</node>
			<node>
				<identifier>	HP_FX_Fire_3_side_1	</identifier>
				<transform>
					<row0>	0.8905 0.0000 0.4550 0.0000	</row0>
					<row1>	0.0000 1.0000 0.0000 0.0000	</row1>
					<row2>	-0.4550 0.0000 0.8905 0.0000	</row2>
					<row3>	0.2207 0.3778 -0.1082 1.0000	</row3>
				</transform>
			</node>
			<node>
				<identifier>	HP_FX_Fire_3_side_2	</identifier>
				<transform>
					<row0>	0.8905 0.0000 0.4550 0.0000	</row0>
					<row1>	0.0000 1.0000 0.0000 0.0000	</row1>
					<row2>	-0.4550 0.0000 0.8905 0.0000	</row2>
					<row3>	-0.2813 0.4372 -2.0979 1.0000	</row3>
				</transform>
			</node>
			<node>
				<identifier>	HP_FX_FloodLight_left_1	</identifier>
				<transform>
					<row0>	-0.9215 0.0000 -0.3884 0.0000	</row0>
					<row1>	0.0000 1.0000 0.0000 0.0000	</row1>
					<row2>	0.3884 0.0000 -0.9215 0.0000	</row2>
					<row3>	-0.1420 0.3250 -2.6390 1.0000	</row3>
				</transform>
			</node>
			<node>
				<identifier>	HP_FX_FloodLight_right_1	</identifier>
				<transform>
					<row0>	0.9048 0.0000 -0.4257 0.0000	</row0>
					<row1>	0.0000 1.0000 0.0000 0.0000	</row1>
					<row2>	0.4257 0.0000 0.9048 0.0000	</row2>
					<row3>	0.1420 0.3250 -2.6390 1.0000	</row3>
				</transform>
			</node>
			<node>
				<identifier>	HP_FX_Flood_water_left_2	</identifier>
				<transform>
					<row0>	-1.0000 0.0000 0.0000 0.0000	</row0>
					<row1>	0.0000 1.0000 0.0000 0.0000	</row1>
					<row2>	0.0000 0.0000 -1.0000 0.0000	</row2>
					<row3>	-0.3869 0.0513 -1.8676 1.0000	</row3>
				</transform>
			</node>
			<node>
				<identifier>	HP_FX_Flood_water_right_2	</identifier>
				<transform>
					<row0>	1.0000 0.0000 0.0000 0.0000	</row0>
					<row1>	0.0000 1.0000 0.0000 0.0000	</row1>
					<row2>	0.0000 0.0000 1.0000 0.0000	</row2>
					<row3>	0.3870 0.0519 -1.8673 1.0000	</row3>
				</transform>
			</node>
			<node>
				<identifier>	HP_Flagpole	</identifier>
				<transform>
					<row0>	1.0000 0.0000 0.0000 0.0000	</row0>
					<row1>	0.0000 1.0000 0.0000 0.0000	</row1>
					<row2>	0.0000 0.0000 1.0000 0.0000	</row2>
					<row3>	0.0000 1.2114 -1.1535 1.0000	</row3>
				</transform>
			</node>
			<node>
				<identifier>	HP_HF_2	</identifier>
				<transform>
					<row0>	1.0000 0.0000 0.0000 0.0000	</row0>
					<row1>	0.0000 1.0000 0.0000 0.0000	</row1>
					<row2>	0.0000 0.0000 1.0000 0.0000	</row2>
					<row3>	0.0000 0.4806 -0.5574 1.0000	</row3>
				</transform>
			</node>
			<node>
				<identifier>	HP_HF_3	</identifier>
				<transform>
					<row0>	1.0000 0.0000 0.0000 0.0000	</row0>
					<row1>	0.0000 1.0000 0.0000 0.0000	</row1>
					<row2>	0.0000 0.0000 1.0000 0.0000	</row2>
					<row3>	0.0000 0.6315 -1.2964 1.0000	</row3>
				</transform>
			</node>
			<node>
				<identifier>	HP_HGA_10	</identifier>
				<transform>
					<row0>	-0.7071 0.0000 -0.7071 0.0000	</row0>
					<row1>	0.0000 1.0000 0.0000 0.0000	</row1>
					<row2>	0.7071 0.0000 -0.7071 0.0000	</row2>
					<row3>	0.2627 0.3617 -1.8124 1.0000	</row3>
				</transform>
			</node>
			<node>
				<identifier>	HP_HGA_11	</identifier>
				<transform>
					<row0>	-1.0000 0.0000 0.0000 0.0000	</row0>
					<row1>	0.0000 1.0000 0.0000 0.0000	</row1>
					<row2>	0.0000 0.0000 -1.0000 0.0000	</row2>
					<row3>	0.0000 0.4241 -2.1635 1.0000	</row3>
				</transform>
			</node>
			<node>
				<identifier>	HP_HGA_14	</identifier>
				<transform>
					<row0>	-1.0000 0.0000 0.0000 0.0000	</row0>
					<row1>	0.0000 1.0000 0.0000 0.0000	</row1>
					<row2>	0.0000 0.0000 -1.0000 0.0000	</row2>
					<row3>	0.0000 0.3614 -2.4866 1.0000	</row3>
				</transform>
			</node>
			<node>
				<identifier>	HP_HGA_5	</identifier>
				<transform>
					<row0>	0.0000 0.0000 1.0000 0.0000	</row0>
					<row1>	0.0000 1.0000 0.0000 0.0000	</row1>
					<row2>	-1.0000 0.0000 0.0000 0.0000	</row2>
					<row3>	-0.2736 0.3574 0.1928 1.0000	</row3>
				</transform>
			</node>
			<node>
				<identifier>	HP_HGA_6	</identifier>
				<transform>
					<row0>	0.0000 0.0000 -1.0000 0.0000	</row0>
					<row1>	0.0000 1.0000 0.0000 0.0000	</row1>
					<row2>	1.0000 0.0000 0.0000 0.0000	</row2>
					<row3>	0.2736 0.3574 0.1928 1.0000	</row3>
				</transform>
			</node>
			<node>
				<identifier>	HP_HGA_7	</identifier>
				<transform>
					<row0>	0.0000 0.0000 1.0000 0.0000	</row0>
					<row1>	0.0000 1.0000 0.0000 0.0000	</row1>
					<row2>	-1.0000 0.0000 0.0000 0.0000	</row2>
					<row3>	-0.2736 0.3574 -0.1583 1.0000	</row3>
				</transform>
			</node>
			<node>
				<identifier>	HP_HGA_8	</identifier>
				<transform>
					<row0>	0.0000 0.0000 -1.0000 0.0000	</row0>
					<row1>	0.0000 1.0000 0.0000 0.0000	</row1>
					<row2>	1.0000 0.0000 0.0000 0.0000	</row2>
					<row3>	0.2736 0.3574 -0.1583 1.0000	</row3>
				</transform>
			</node>
			<node>
				<identifier>	HP_HGA_9	</identifier>
				<transform>
					<row0>	-0.7071 0.0000 0.7071 0.0000	</row0>
					<row1>	0.0000 1.0000 0.0000 0.0000	</row1>
					<row2>	-0.7071 0.0000 -0.7071 0.0000	</row2>
					<row3>	-0.2627 0.3617 -1.8124 1.0000	</row3>
				</transform>
			</node>
			<node>
				<identifier>	HP_HGM_3	</identifier>
				<transform>
					<row0>	-1.0000 0.0000 0.0000 0.0000	</row0>
					<row1>	0.0000 1.0000 0.0000 0.0000	</row1>
					<row2>	0.0000 0.0000 -1.0000 0.0000	</row2>
					<row3>	0.0000 0.2185 -2.9856 1.0000	</row3>
				</transform>
			</node>
			<node>
				<identifier>	HP_HGT_1	</identifier>
				<transform>
					<row0>	1.0000 0.0000 0.0000 0.0000	</row0>
					<row1>	0.0000 1.0000 0.0000 0.0000	</row1>
					<row2>	0.0000 0.0000 1.0000 0.0000	</row2>
					<row3>	-0.2754 0.2605 -0.9018 1.0000	</row3>
				</transform>
			</node>
			<node>
				<identifier>	HP_HGT_2	</identifier>
				<transform>
					<row0>	1.0000 0.0000 0.0000 0.0000	</row0>
					<row1>	0.0000 1.0000 0.0000 0.0000	</row1>
					<row2>	0.0000 0.0000 1.0000 0.0000	</row2>
					<row3>	0.2754 0.2605 -0.9018 1.0000	</row3>
				</transform>
			</node>
			<node>
				<identifier>	HP_flag_nation	</identifier>
				<transform>
					<row0>	1.0000 0.0000 0.0000 0.0000	</row0>
					<row1>	0.0000 0.9403 -0.3404 0.0000	</row1>
					<row2>	0.0000 0.3404 0.9403 0.0000	</row2>
					<row3>	0.0000 1.1467 -1.2705 1.0000	</row3>
				</transform>
			</node>
			<node>
				<identifier>	MP_CM011_Fire_Fighting_Gear	</identifier>
				<transform>
					<row0>	0.0000 0.0000 1.0000 0.0000	</row0>
					<row1>	0.0000 1.0000 0.0000 0.0000	</row1>
					<row2>	-1.0000 0.0000 0.0000 0.0000	</row2>
					<row3>	0.2239 0.2146 -0.1924 1.0000	</row3>
				</transform>
			</node>
			<node>
				<identifier>	MP_CM011_Fire_Fighting_Gear_INDEX_1	</identifier>
				<transform>
					<row0>	0.0000 0.0000 -1.0000 0.0000	</row0>
					<row1>	0.0000 1.0000 0.0000 0.0000	</row1>
					<row2>	1.0000 0.0000 0.0000 0.0000	</row2>
					<row3>	-0.2239 0.2146 -0.1924 1.0000	</row3>
				</transform>
			</node>
			<node>
				<identifier>	MP_CM012_Fire_Hose_Rack_1	</identifier>
				<transform>
					<row0>	-1.0000 0.0000 0.0000 0.0000	</row0>
					<row1>	0.0000 1.0000 0.0000 0.0000	</row1>
					<row2>	0.0000 0.0000 -1.0000 0.0000	</row2>
					<row3>	0.2133 0.2974 -0.1940 1.0000	</row3>
				</transform>
			</node>
			<node>
				<identifier>	MP_CM012_Fire_Hose_Rack_1_INDEX_1	</identifier>
				<transform>
					<row0>	1.0000 0.0000 0.0000 0.0000	</row0>
					<row1>	0.0000 1.0000 0.0000 0.0000	</row1>
					<row2>	0.0000 0.0000 1.0000 0.0000	</row2>
					<row3>	-0.2133 0.2974 -0.1940 1.0000	</row3>
				</transform>
			</node>
			<node>
				<identifier>	MP_CM012_Fire_Hose_Rack_1_INDEX_2	</identifier>
				<transform>
					<row0>	-0.9061 0.0008 -0.4230 0.0000	</row0>
					<row1>	-0.0081 0.9998 0.0193 0.0000	</row1>
					<row2>	0.4229 0.0209 -0.9059 0.0000	</row2>
					<row3>	-0.1262 0.2808 -2.6685 1.0000	</row3>
				</transform>
			</node>
			<node>
				<identifier>	MP_CM029_Emergency_Box	</identifier>
				<transform>
					<row0>	0.0000 0.0000 1.0000 0.0000	</row0>
					<row1>	0.0000 1.0000 0.0000 0.0000	</row1>
					<row2>	-1.0000 0.0000 0.0000 0.0000	</row2>
					<row3>	0.1032 0.2892 -1.2376 1.0000	</row3>
				</transform>
			</node>
			<node>
				<identifier>	MP_CM029_Emergency_Box_INDEX_1	</identifier>
				<transform>
					<row0>	0.3890 0.0000 0.9212 0.0000	</row0>
					<row1>	0.0000 1.0000 0.0000 0.0000	</row1>
					<row2>	-0.9212 0.0000 0.3890 0.0000	</row2>
					<row3>	0.1467 0.2865 -2.6409 1.0000	</row3>
				</transform>
			</node>
			<node>
				<identifier>	MP_CM029_Emergency_Box_INDEX_2	</identifier>
				<transform>
					<row0>	0.0000 0.0000 -1.0000 0.0000	</row0>
					<row1>	0.0000 1.0000 0.0000 0.0000	</row1>
					<row2>	1.0000 0.0000 0.0000 0.0000	</row2>
					<row3>	-0.1033 0.2892 -1.2376 1.0000	</row3>
				</transform>
			</node>
			<node>
				<identifier>	MP_CM029_Emergency_Box_INDEX_3	</identifier>
				<transform>
					<row0>	0.0000 0.0000 -1.0000 0.0000	</row0>
					<row1>	0.0000 1.0000 0.0000 0.0000	</row1>
					<row2>	1.0000 0.0000 0.0000 0.0000	</row2>
					<row3>	0.3832 0.4084 0.1087 1.0000	</row3>
				</transform>
			</node>
			<node>
				<identifier>	MP_CM029_Emergency_Box_INDEX_4	</identifier>
				<transform>
					<row0>	0.3890 0.0000 -0.9212 0.0000	</row0>
					<row1>	0.0000 1.0000 0.0000 0.0000	</row1>
					<row2>	0.9212 0.0000 0.3890 0.0000	</row2>
					<row3>	-0.1468 0.2865 -2.6407 1.0000	</row3>
				</transform>
			</node>
			<node>
				<identifier>	MP_CM029_Emergency_Box_INDEX_5	</identifier>
				<transform>
					<row0>	0.0000 0.0000 1.0000 0.0000	</row0>
					<row1>	0.0000 1.0000 0.0000 0.0000	</row1>
					<row2>	-1.0000 0.0000 0.0000 0.0000	</row2>
					<row3>	-0.3832 0.4084 0.1087 1.0000	</row3>
				</transform>
			</node>
			<node>
				<identifier>	MP_CM029_Emergency_Box_INDEX_6	</identifier>
				<transform>
					<row0>	0.0000 0.0000 -1.0000 0.0000	</row0>
					<row1>	0.0000 1.0000 0.0000 0.0000	</row1>
					<row2>	1.0000 0.0000 0.0000 0.0000	</row2>
					<row3>	-0.0640 0.4220 -1.7234 1.0000	</row3>
				</transform>
			</node>
			<node>
				<identifier>	MP_CM029_Emergency_Box_INDEX_7	</identifier>
				<transform>
					<row0>	0.0000 0.0000 1.0000 0.0000	</row0>
					<row1>	0.0000 1.0000 0.0000 0.0000	</row1>
					<row2>	-1.0000 0.0000 0.0000 0.0000	</row2>
					<row3>	0.0640 0.4220 -1.7234 1.0000	</row3>
				</transform>
			</node>
			<node>
				<identifier>	MP_CM030_Swab_Rack_2	</identifier>
				<transform>
					<row0>	-1.0000 0.0000 0.0000 0.0000	</row0>
					<row1>	0.0000 1.0000 0.0000 0.0000	</row1>
					<row2>	0.0000 0.0000 -1.0000 0.0000	</row2>
					<row3>	0.0000 0.2192 -2.5868 1.0000	</row3>
				</transform>
			</node>
			<node>
				<identifier>	MP_CM052_Fender	</identifier>
				<transform>
					<row0>	-0.5000 0.0000 0.0000 0.0000	</row0>
					<row1>	0.0000 0.5000 0.0000 0.0000	</row1>
					<row2>	0.0000 0.0000 -0.5000 0.0000	</row2>
					<row3>	-0.3709 0.2069 0.4217 1.0000	</row3>
				</transform>
			</node>
			<node>
				<identifier>	MP_CM052_Fender_INDEX_1	</identifier>
				<transform>
					<row0>	0.0000 0.0000 -0.8500 0.0000	</row0>
					<row1>	0.0000 0.8500 0.0000 0.0000	</row1>
					<row2>	0.8500 0.0000 0.0000 0.0000	</row2>
					<row3>	0.2441 0.2135 -0.1172 1.0000	</row3>
				</transform>
			</node>
			<node>
				<identifier>	MP_CM052_Fender_INDEX_2	</identifier>
				<transform>
					<row0>	-0.5000 0.0000 0.0000 0.0000	</row0>
					<row1>	0.0000 0.5000 0.0000 0.0000	</row1>
					<row2>	0.0000 0.0000 -0.5000 0.0000	</row2>
					<row3>	0.3375 0.2088 0.4217 1.0000	</row3>
				</transform>
			</node>
			<node>
				<identifier>	MP_CM052_Fender_INDEX_3	</identifier>
				<transform>
					<row0>	0.0000 0.0000 -0.8500 0.0000	</row0>
					<row1>	0.0000 0.8500 0.0000 0.0000	</row1>
					<row2>	0.8500 0.0000 0.0000 0.0000	</row2>
					<row3>	0.1265 0.2187 -1.3815 1.0000	</row3>
				</transform>
			</node>
			<node>
				<identifier>	MP_CM052_Fender_INDEX_4	</identifier>
				<transform>
					<row0>	-0.5000 0.0000 0.0000 0.0000	</row0>
					<row1>	0.0000 0.5000 0.0000 0.0000	</row1>
					<row2>	0.0000 0.0000 -0.5000 0.0000	</row2>
					<row3>	-0.3375 0.2088 0.4217 1.0000	</row3>
				</transform>
			</node>
			<node>
				<identifier>	MP_CM052_Fender_INDEX_5	</identifier>
				<transform>
					<row0>	-0.5000 0.0000 0.0000 0.0000	</row0>
					<row1>	0.0000 0.5000 0.0000 0.0000	</row1>
					<row2>	0.0000 0.0000 -0.5000 0.0000	</row2>
					<row3>	0.3709 0.2069 0.4217 1.0000	</row3>
				</transform>
			</node>
			<node>
				<identifier>	MP_CM052_Fender_INDEX_6	</identifier>
				<transform>
					<row0>	0.0000 0.0000 0.8500 0.0000	</row0>
					<row1>	0.0000 0.8500 0.0000 0.0000	</row1>
					<row2>	-0.8500 0.0000 0.0000 0.0000	</row2>
					<row3>	-0.2441 0.2135 -0.1172 1.0000	</row3>
				</transform>
			</node>
			<node>
				<identifier>	MP_CM052_Fender_INDEX_7	</identifier>
				<transform>
					<row0>	0.0000 0.0000 0.8500 0.0000	</row0>
					<row1>	0.0000 0.8500 0.0000 0.0000	</row1>
					<row2>	-0.8500 0.0000 0.0000 0.0000	</row2>
					<row3>	-0.1265 0.2187 -1.3815 1.0000	</row3>
				</transform>
			</node>
			<node>
				<identifier>	MP_CM057_Accommodation_Ladder_Closed	</identifier>
				<transform>
					<row0>	-0.0029 -1.0000 -0.0020 0.0000	</row0>
					<row1>	0.8812 -0.0016 -0.4728 0.0000	</row1>
					<row2>	0.4728 -0.0032 0.8812 0.0000	</row2>
					<row3>	0.2941 0.3843 -0.5029 1.0000	</row3>
				</transform>
			</node>
			<node>
				<identifier>	MP_CM057_Accommodation_Ladder_Closed_INDEX_1	</identifier>
				<transform>
					<row0>	-0.0029 1.0000 0.0084 0.0000	</row0>
					<row1>	-0.8812 0.0014 -0.4728 0.0000	</row1>
					<row2>	-0.4728 -0.0087 0.8811 0.0000	</row2>
					<row3>	-0.2941 0.3861 -0.5029 1.0000	</row3>
				</transform>
			</node>
			<node>
				<identifier>	MP_CM126_Cleat	</identifier>
				<transform>
					<row0>	0.9984 0.0557 0.0000 0.0000	</row0>
					<row1>	-0.0557 0.9984 0.0000 0.0000	</row1>
					<row2>	0.0000 0.0000 1.0000 0.0000	</row2>
					<row3>	-0.3673 0.2063 -1.3531 1.0000	</row3>
				</transform>
			</node>
			<node>
				<identifier>	MP_CM126_Cleat_INDEX_1	</identifier>
				<transform>
					<row0>	0.9984 0.0557 0.0000 0.0000	</row0>
					<row1>	-0.0557 0.9984 0.0000 0.0000	</row1>
					<row2>	0.0000 0.0000 1.0000 0.0000	</row2>
					<row3>	-0.3673 0.2063 -1.2457 1.0000	</row3>
				</transform>
			</node>
			<node>
				<identifier>	MP_CM126_Cleat_INDEX_2	</identifier>
				<transform>
					<row0>	0.9984 -0.0557 0.0000 0.0000	</row0>
					<row1>	0.0557 0.9984 0.0000 0.0000	</row1>
					<row2>	0.0000 0.0000 1.0000 0.0000	</row2>
					<row3>	0.3673 0.2063 -1.2457 1.0000	</row3>
				</transform>
			</node>
			<node>
				<identifier>	MP_CM126_Cleat_INDEX_3	</identifier>
				<transform>
					<row0>	0.9984 -0.0557 0.0000 0.0000	</row0>
					<row1>	0.0557 0.9984 0.0000 0.0000	</row1>
					<row2>	0.0000 0.0000 1.0000 0.0000	</row2>
					<row3>	0.3673 0.2063 -1.3531 1.0000	</row3>
				</transform>
			</node>
			<node>
				<identifier>	MP_CM161_Propeller_4_8m_BB_R	</identifier>
				<transform>
					<row0>	0.8890 0.0000 0.0025 0.0000	</row0>
					<row1>	0.0000 0.8884 -0.0339 0.0000	</row1>
					<row2>	-0.0025 0.0339 0.8883 0.0000	</row2>
					<row3>	0.1626 -0.2278 -3.6842 1.0000	</row3>
				</transform>
			</node>
			<node>
				<identifier>	MP_CM162_Propeller_4_8m_BB_L	</identifier>
				<transform>
					<row0>	0.8890 0.0000 -0.0025 0.0000	</row0>
					<row1>	0.0000 0.8884 -0.0339 0.0000	</row1>
					<row2>	0.0025 0.0339 0.8883 0.0000	</row2>
					<row3>	-0.1626 -0.2276 -3.6842 1.0000	</row3>
				</transform>
			</node>
			<node>
				<identifier>	MP_HM007_Lifebuoy	</identifier>
				<transform>
					<row0>	0.0000 0.0000 1.0000 0.0000	</row0>
					<row1>	0.0000 1.0000 0.0000 0.0000	</row1>
					<row2>	-1.0000 0.0000 0.0000 0.0000	</row2>
					<row3>	0.3952 0.4113 -0.2057 1.0000	</row3>
				</transform>
			</node>
			<node>
				<identifier>	MP_HM007_Lifebuoy_INDEX_1	</identifier>
				<transform>
					<row0>	0.3964 0.0000 0.9181 0.0000	</row0>
					<row1>	0.0000 1.0000 0.0000 0.0000	</row1>
					<row2>	-0.9181 0.0000 0.3964 0.0000	</row2>
					<row3>	0.1157 0.3297 -2.7123 1.0000	</row3>
				</transform>
			</node>
			<node>
				<identifier>	MP_HM007_Lifebuoy_INDEX_2	</identifier>
				<transform>
					<row0>	0.3964 0.0000 -0.9181 0.0000	</row0>
					<row1>	0.0000 1.0000 0.0000 0.0000	</row1>
					<row2>	0.9181 0.0000 0.3964 0.0000	</row2>
					<row3>	-0.1157 0.3297 -2.7123 1.0000	</row3>
				</transform>
			</node>
			<node>
				<identifier>	MP_HM007_Lifebuoy_INDEX_3	</identifier>
				<transform>
					<row0>	0.0000 0.0000 -1.0000 0.0000	</row0>
					<row1>	0.0000 1.0000 0.0000 0.0000	</row1>
					<row2>	1.0000 0.0000 0.0000 0.0000	</row2>
					<row3>	-0.3952 0.4113 -0.2057 1.0000	</row3>
				</transform>
			</node>
			<node>
				<identifier>	MP_HM007_Lifebuoy_INDEX_4	</identifier>
				<transform>
					<row0>	0.4488 0.0000 -0.8936 0.0000	</row0>
					<row1>	0.0000 1.0000 0.0000 0.0000	</row1>
					<row2>	0.8936 0.0000 0.4488 0.0000	</row2>
					<row3>	0.3548 0.4084 -1.6643 1.0000	</row3>
				</transform>
			</node>
			<node>
				<identifier>	MP_HM007_Lifebuoy_INDEX_5	</identifier>
				<transform>
					<row0>	0.4488 0.0000 0.8936 0.0000	</row0>
					<row1>	0.0000 1.0000 0.0000 0.0000	</row1>
					<row2>	-0.8936 0.0000 0.4488 0.0000	</row2>
					<row3>	-0.3548 0.4084 -1.6643 1.0000	</row3>
				</transform>
			</node>
			<node>
				<identifier>	MP_HM030_Helmets	</identifier>
				<transform>
					<row0>	-1.0000 0.0000 0.0000 0.0000	</row0>
					<row1>	0.0000 1.0000 0.0000 0.0000	</row1>
					<row2>	0.0000 0.0000 -1.0000 0.0000	</row2>
					<row3>	0.0389 0.3713 -1.8513 1.0000	</row3>
				</transform>
			</node>
			<node>
				<identifier>	MP_HM030_Helmets_INDEX_1	</identifier>
				<transform>
					<row0>	0.0000 0.0000 -1.0000 0.0000	</row0>
					<row1>	0.0000 1.0000 0.0000 0.0000	</row1>
					<row2>	1.0000 0.0000 0.0000 0.0000	</row2>
					<row3>	-0.3893 0.3670 0.2507 1.0000	</row3>
				</transform>
			</node>
			<node>
				<identifier>	MP_HM030_Helmets_INDEX_2	</identifier>
				<transform>
					<row0>	0.0000 0.0000 1.0000 0.0000	</row0>
					<row1>	0.0000 1.0000 0.0000 0.0000	</row1>
					<row2>	-1.0000 0.0000 0.0000 0.0000	</row2>
					<row3>	-0.0587 0.3713 -1.8230 1.0000	</row3>
				</transform>
			</node>
			<node>
				<identifier>	MP_HM030_Helmets_INDEX_3	</identifier>
				<transform>
					<row0>	0.0000 0.0000 -1.0000 0.0000	</row0>
					<row1>	0.0000 1.0000 0.0000 0.0000	</row1>
					<row2>	1.0000 0.0000 0.0000 0.0000	</row2>
					<row3>	-0.3893 0.3670 -0.0304 1.0000	</row3>
				</transform>
			</node>
			<node>
				<identifier>	MP_HM030_Helmets_INDEX_4	</identifier>
				<transform>
					<row0>	-1.0000 0.0000 0.0000 0.0000	</row0>
					<row1>	0.0000 1.0000 0.0000 0.0000	</row1>
					<row2>	0.0000 0.0000 -1.0000 0.0000	</row2>
					<row3>	-0.0389 0.3713 -1.8513 1.0000	</row3>
				</transform>
			</node>
			<node>
				<identifier>	MP_HM030_Helmets_INDEX_5	</identifier>
				<transform>
					<row0>	0.0000 0.0000 1.0000 0.0000	</row0>
					<row1>	0.0000 1.0000 0.0000 0.0000	</row1>
					<row2>	-1.0000 0.0000 0.0000 0.0000	</row2>
					<row3>	0.3893 0.3670 -0.0304 1.0000	</row3>
				</transform>
			</node>
			<node>
				<identifier>	MP_HM030_Helmets_INDEX_6	</identifier>
				<transform>
					<row0>	0.0000 0.0000 -1.0000 0.0000	</row0>
					<row1>	0.0000 1.0000 0.0000 0.0000	</row1>
					<row2>	1.0000 0.0000 0.0000 0.0000	</row2>
					<row3>	0.0587 0.3713 -1.8230 1.0000	</row3>
				</transform>
			</node>
			<node>
				<identifier>	MP_HM030_Helmets_INDEX_7	</identifier>
				<transform>
					<row0>	0.0000 0.0000 1.0000 0.0000	</row0>
					<row1>	0.0000 1.0000 0.0000 0.0000	</row1>
					<row2>	-1.0000 0.0000 0.0000 0.0000	</row2>
					<row3>	0.3893 0.3670 0.2507 1.0000	</row3>
				</transform>
			</node>
			<node>
				<identifier>	MP_HM047_Crown	</identifier>
				<transform>
					<row0>	1.0000 0.0000 0.0000 0.0000	</row0>
					<row1>	0.0000 0.9848 -0.1736 0.0000	</row1>
					<row2>	0.0000 0.1736 0.9848 0.0000	</row2>
					<row3>	0.0000 0.5769 -4.1434 1.0000	</row3>
				</transform>
			</node>
			<node>
				<identifier>	MP_HM048_Crest_Tromp	</identifier>
				<transform>
					<row0>	-1.0000 0.0000 0.0000 0.0000	</row0>
					<row1>	0.0000 0.9867 -0.1623 0.0000	</row1>
					<row2>	0.0000 -0.1623 -0.9867 0.0000	</row2>
					<row3>	0.0000 0.3990 -2.7394 1.0000	</row3>
				</transform>
			</node>
			<node>
				<identifier>	MP_HM502_Life_Boat	</identifier>
				<transform>
					<row0>	0.0000 0.0052 1.0000 0.0000	</row0>
					<row1>	-0.0148 0.9999 -0.0052 0.0000	</row1>
					<row2>	-0.9999 -0.0148 0.0000 0.0000	</row2>
					<row3>	-0.0619 0.3947 0.5019 1.0000	</row3>
				</transform>
			</node>
			<node>
				<identifier>	MP_HM502_Life_Boat_INDEX_1	</identifier>
				<transform>
					<row0>	1.0000 0.0000 0.0000 0.0000	</row0>
					<row1>	0.0000 1.0000 -0.0066 0.0000	</row1>
					<row2>	0.0000 0.0066 1.0000 0.0000	</row2>
					<row3>	0.0000 0.3949 0.3535 1.0000	</row3>
				</transform>
			</node>
			<node>
				<identifier>	MP_HM502_Life_Boat_INDEX_10	</identifier>
				<transform>
					<row0>	0.0000 0.0052 1.0000 0.0000	</row0>
					<row1>	-0.0148 0.9999 -0.0052 0.0000	</row1>
					<row2>	-0.9999 -0.0148 0.0000 0.0000	</row2>
					<row3>	-0.0619 0.3638 0.5019 1.0000	</row3>
				</transform>
			</node>
			<node>
				<identifier>	MP_HM502_Life_Boat_INDEX_11	</identifier>
				<transform>
					<row0>	0.0000 -0.0052 -1.0000 0.0000	</row0>
					<row1>	0.0148 0.9999 -0.0052 0.0000	</row1>
					<row2>	0.9999 -0.0148 0.0000 0.0000	</row2>
					<row3>	0.0619 0.3947 0.5019 1.0000	</row3>
				</transform>
			</node>
			<node>
				<identifier>	MP_HM502_Life_Boat_INDEX_12	</identifier>
				<transform>
					<row0>	0.0000 -0.0052 -1.0000 0.0000	</row0>
					<row1>	0.0148 0.9999 -0.0052 0.0000	</row1>
					<row2>	0.9999 -0.0148 0.0000 0.0000	</row2>
					<row3>	0.0619 0.3638 0.5019 1.0000	</row3>
				</transform>
			</node>
			<node>
				<identifier>	MP_HM502_Life_Boat_INDEX_13	</identifier>
				<transform>
					<row0>	1.0000 0.0000 0.0000 0.0000	</row0>
					<row1>	0.0000 1.0000 -0.0066 0.0000	</row1>
					<row2>	0.0000 0.0066 1.0000 0.0000	</row2>
					<row3>	0.0000 0.4257 0.3535 1.0000	</row3>
				</transform>
			</node>
			<node>
				<identifier>	MP_HM502_Life_Boat_INDEX_14	</identifier>
				<transform>
					<row0>	-0.0058 -0.0079 1.0000 0.0000	</row0>
					<row1>	0.0764 0.9970 0.0083 0.0000	</row1>
					<row2>	-0.9971 0.0764 -0.0052 0.0000	</row2>
					<row3>	0.2762 0.3560 -2.1006 1.0000	</row3>
				</transform>
			</node>
			<node>
				<identifier>	MP_HM502_Life_Boat_INDEX_15	</identifier>
				<transform>
					<row0>	-0.0058 0.0079 -1.0000 0.0000	</row0>
					<row1>	-0.0764 0.9970 0.0083 0.0000	</row1>
					<row2>	0.9971 0.0764 -0.0052 0.0000	</row2>
					<row3>	-0.2809 0.4177 -2.1001 1.0000	</row3>
				</transform>
			</node>
			<node>
				<identifier>	MP_HM502_Life_Boat_INDEX_16	</identifier>
				<transform>
					<row0>	-0.0058 0.0079 -1.0000 0.0000	</row0>
					<row1>	-0.0764 0.9970 0.0083 0.0000	</row1>
					<row2>	0.9971 0.0764 -0.0052 0.0000	</row2>
					<row3>	-0.2762 0.3560 -2.1006 1.0000	</row3>
				</transform>
			</node>
			<node>
				<identifier>	MP_HM502_Life_Boat_INDEX_17	</identifier>
				<transform>
					<row0>	-1.0000 0.0000 0.0000 0.0000	</row0>
					<row1>	0.0000 1.0000 0.0000 0.0000	</row1>
					<row2>	0.0000 0.0000 -1.0000 0.0000	</row2>
					<row3>	0.0000 0.5360 -1.4588 1.0000	</row3>
				</transform>
			</node>
			<node>
				<identifier>	MP_HM502_Life_Boat_INDEX_18	</identifier>
				<transform>
					<row0>	-1.0000 0.0000 0.0000 0.0000	</row0>
					<row1>	0.0000 1.0000 0.0000 0.0000	</row1>
					<row2>	0.0000 0.0000 -1.0000 0.0000	</row2>
					<row3>	0.0000 0.5360 -1.5762 1.0000	</row3>
				</transform>
			</node>
			<node>
				<identifier>	MP_HM502_Life_Boat_INDEX_19	</identifier>
				<transform>
					<row0>	1.0000 0.0000 0.0000 0.0000	</row0>
					<row1>	0.0000 1.0000 -0.0066 0.0000	</row1>
					<row2>	0.0000 0.0066 1.0000 0.0000	</row2>
					<row3>	0.0000 0.3639 0.3535 1.0000	</row3>
				</transform>
			</node>
			<node>
				<identifier>	MP_HM502_Life_Boat_INDEX_2	</identifier>
				<transform>
					<row0>	0.0000 0.0000 -1.0000 0.0000	</row0>
					<row1>	0.0000 1.0000 0.0000 0.0000	</row1>
					<row2>	1.0000 0.0000 0.0000 0.0000	</row2>
					<row3>	0.0000 0.4940 -1.7592 1.0000	</row3>
				</transform>
			</node>
			<node>
				<identifier>	MP_HM502_Life_Boat_INDEX_20	</identifier>
				<transform>
					<row0>	-1.0000 0.0000 0.0000 0.0000	</row0>
					<row1>	0.0000 1.0000 0.0000 0.0000	</row1>
					<row2>	0.0000 0.0000 -1.0000 0.0000	</row2>
					<row3>	0.0000 0.5051 -1.5762 1.0000	</row3>
				</transform>
			</node>
			<node>
				<identifier>	MP_HM502_Life_Boat_INDEX_21	</identifier>
				<transform>
					<row0>	-0.0058 -0.0079 1.0000 0.0000	</row0>
					<row1>	0.0764 0.9970 0.0083 0.0000	</row1>
					<row2>	-0.9971 0.0764 -0.0052 0.0000	</row2>
					<row3>	0.2809 0.4177 -2.1001 1.0000	</row3>
				</transform>
			</node>
			<node>
				<identifier>	MP_HM502_Life_Boat_INDEX_22	</identifier>
				<transform>
					<row0>	-0.0058 -0.0079 1.0000 0.0000	</row0>
					<row1>	0.0764 0.9970 0.0083 0.0000	</row1>
					<row2>	-0.9971 0.0764 -0.0052 0.0000	</row2>
					<row3>	0.2785 0.3869 -2.1004 1.0000	</row3>
				</transform>
			</node>
			<node>
				<identifier>	MP_HM502_Life_Boat_INDEX_3	</identifier>
				<transform>
					<row0>	-1.0000 0.0000 0.0000 0.0000	</row0>
					<row1>	0.0000 1.0000 0.0000 0.0000	</row1>
					<row2>	0.0000 0.0000 -1.0000 0.0000	</row2>
					<row3>	0.0000 0.5051 -1.4588 1.0000	</row3>
				</transform>
			</node>
			<node>
				<identifier>	MP_HM502_Life_Boat_INDEX_4	</identifier>
				<transform>
					<row0>	0.0000 0.0052 1.0000 0.0000	</row0>
					<row1>	-0.0148 0.9999 -0.0052 0.0000	</row1>
					<row2>	-0.9999 -0.0148 0.0000 0.0000	</row2>
					<row3>	-0.0619 0.4257 0.5019 1.0000	</row3>
				</transform>
			</node>
			<node>
				<identifier>	MP_HM502_Life_Boat_INDEX_5	</identifier>
				<transform>
					<row0>	0.0000 0.0000 1.0000 0.0000	</row0>
					<row1>	-1.0000 0.0000 0.0000 0.0000	</row1>
					<row2>	0.0000 -1.0000 0.0000 0.0000	</row2>
					<row3>	-0.1207 0.4192 0.5019 1.0000	</row3>
				</transform>
			</node>
			<node>
				<identifier>	MP_HM502_Life_Boat_INDEX_6	</identifier>
				<transform>
					<row0>	-0.0058 0.0079 -1.0000 0.0000	</row0>
					<row1>	-0.0764 0.9970 0.0083 0.0000	</row1>
					<row2>	0.9971 0.0764 -0.0052 0.0000	</row2>
					<row3>	-0.2785 0.3869 -2.1004 1.0000	</row3>
				</transform>
			</node>
			<node>
				<identifier>	MP_HM502_Life_Boat_INDEX_7	</identifier>
				<transform>
					<row0>	0.0000 0.0000 -1.0000 0.0000	</row0>
					<row1>	0.0000 1.0000 0.0000 0.0000	</row1>
					<row2>	1.0000 0.0000 0.0000 0.0000	</row2>
					<row3>	0.0000 0.5250 -1.7592 1.0000	</row3>
				</transform>
			</node>
			<node>
				<identifier>	MP_HM502_Life_Boat_INDEX_8	</identifier>
				<transform>
					<row0>	0.0000 0.0000 -1.0000 0.0000	</row0>
					<row1>	1.0000 0.0000 0.0000 0.0000	</row1>
					<row2>	0.0000 -1.0000 0.0000 0.0000	</row2>
					<row3>	0.1207 0.4192 0.5019 1.0000	</row3>
				</transform>
			</node>
			<node>
				<identifier>	MP_HM502_Life_Boat_INDEX_9	</identifier>
				<transform>
					<row0>	0.0000 -0.0052 -1.0000 0.0000	</row0>
					<row1>	0.0148 0.9999 -0.0052 0.0000	</row1>
					<row2>	0.9999 -0.0148 0.0000 0.0000	</row2>
					<row3>	0.0619 0.4257 0.5019 1.0000	</row3>
				</transform>
			</node>
			<node>
				<identifier>	MP_HM611_Compass_Binnacle	</identifier>
				<transform>
					<row0>	1.0000 0.0000 0.0000 0.0000	</row0>
					<row1>	0.0000 1.0000 0.0000 0.0000	</row1>
					<row2>	0.0000 0.0000 1.0000 0.0000	</row2>
					<row3>	0.0000 0.4193 -0.9882 1.0000	</row3>
				</transform>
			</node>
			<node>
				<identifier>	MP_HM612_Voice_Tube	</identifier>
				<transform>
					<row0>	0.8980 0.0000 0.4401 0.0000	</row0>
					<row1>	0.0000 1.0000 0.0000 0.0000	</row1>
					<row2>	-0.4401 0.0000 0.8980 0.0000	</row2>
					<row3>	-0.0528 0.6098 -1.1660 1.0000	</row3>
				</transform>
			</node>
			<node>
				<identifier>	MP_HM613_Telephone	</identifier>
				<transform>
					<row0>	1.0000 0.0000 0.0000 0.0000	</row0>
					<row1>	0.0000 1.0000 0.0000 0.0000	</row1>
					<row2>	0.0000 0.0000 1.0000 0.0000	</row2>
					<row3>	0.0205 0.6671 -1.1477 1.0000	</row3>
				</transform>
			</node>
			<node>
				<identifier>	MP_HM967_Motor_for_Oerlikon	</identifier>
				<transform>
					<row0>	1.0000 0.0000 0.0000 0.0000	</row0>
					<row1>	0.0000 1.0000 0.0000 0.0000	</row1>
					<row2>	0.0000 0.0000 1.0000 0.0000	</row2>
					<row3>	-0.1520 0.3635 -1.7204 1.0000	</row3>
				</transform>
			</node>
			<node>
				<identifier>	MP_HM967_Motor_for_Oerlikon_INDEX_1	</identifier>
				<transform>
					<row0>	1.0000 0.0000 0.0000 0.0000	</row0>
					<row1>	0.0000 1.0000 0.0000 0.0000	</row1>
					<row2>	0.0000 0.0000 1.0000 0.0000	</row2>
					<row3>	0.1520 0.3635 -1.7204 1.0000	</row3>
				</transform>
			</node>
			<node>
				<identifier>	SP_YMS011_YHWL_M_1_INDEX_3	</identifier>
				<transform>
					<row0>	0.9994 -0.0132 -0.0320 0.0000	</row0>
					<row1>	0.0133 0.9999 0.0007 0.0000	</row1>
					<row2>	0.0319 -0.0011 0.9995 0.0000	</row2>
					<row3>	-0.4186 -0.0025 0.5958 1.0000	</row3>
				</transform>
			</node>
			<node>
				<identifier>	SP_YMS011_YHWL_M_1_INDEX_4	</identifier>
				<transform>
					<row0>	0.9673 0.2502 0.0409 0.0000	</row0>
					<row1>	-0.2501 0.9682 -0.0081 0.0000	</row1>
					<row2>	-0.0416 -0.0024 0.9991 0.0000	</row2>
					<row3>	-0.3585 -0.0017 -2.7979 1.0000	</row3>
				</transform>
			</node>
			<node>
				<identifier>	SP_YMS011_YHWL_M_1_INDEX_5	</identifier>
				<transform>
					<row0>	0.9998 0.0083 0.0190 0.0000	</row0>
					<row1>	-0.0083 1.0000 0.0003 0.0000	</row1>
					<row2>	-0.0190 -0.0004 0.9998 0.0000	</row2>
					<row3>	-0.4147 -0.0025 -1.1028 1.0000	</row3>
				</transform>
			</node>
			<node>
				<identifier>	SP_YMS011_YHWL_M_1_INDEX_6	</identifier>
				<transform>
					<row0>	0.9999 -0.0133 0.0071 0.0000	</row0>
					<row1>	0.0133 0.9999 0.0007 0.0000	</row1>
					<row2>	-0.0072 -0.0006 1.0000 0.0000	</row2>
					<row3>	-0.4264 -0.0029 -0.2521 1.0000	</row3>
				</transform>
			</node>
			<node>
				<identifier>	SP_YMS011_YHWL_M_1_INDEX_7	</identifier>
				<transform>
					<row0>	0.9907 0.1122 0.0768 0.0000	</row0>
					<row1>	-0.1130 0.9936 0.0063 0.0000	</row1>
					<row2>	-0.0756 -0.0149 0.9970 0.0000	</row2>
					<row3>	-0.2940 0.0106 -3.6361 1.0000	</row3>
				</transform>
			</node>
			<node>
				<identifier>	SP_YMS011_YHWL_M_1_INDEX_8	</identifier>
				<transform>
					<row0>	0.9986 0.0420 0.0328 0.0000	</row0>
					<row1>	-0.0420 0.9991 -0.0008 0.0000	</row1>
					<row2>	-0.0328 -0.0005 0.9995 0.0000	</row2>
					<row3>	-0.3923 -0.0017 -1.9533 1.0000	</row3>
				</transform>
			</node>
			<node>
				<identifier>	SP_YMS012_YHWR_M_1_INDEX_3	</identifier>
				<transform>
					<row0>	0.9999 0.0133 -0.0071 0.0000	</row0>
					<row1>	-0.0133 0.9999 0.0007 0.0000	</row1>
					<row2>	0.0072 -0.0006 1.0000 0.0000	</row2>
					<row3>	0.4264 -0.0029 -0.2521 1.0000	</row3>
				</transform>
			</node>
			<node>
				<identifier>	SP_YMS012_YHWR_M_1_INDEX_4	</identifier>
				<transform>
					<row0>	0.9986 -0.0420 -0.0328 0.0000	</row0>
					<row1>	0.0420 0.9991 -0.0008 0.0000	</row1>
					<row2>	0.0328 -0.0005 0.9995 0.0000	</row2>
					<row3>	0.3893 -0.0017 -1.9533 1.0000	</row3>
				</transform>
			</node>
			<node>
				<identifier>	SP_YMS012_YHWR_M_1_INDEX_5	</identifier>
				<transform>
					<row0>	0.9998 -0.0083 -0.0190 0.0000	</row0>
					<row1>	0.0083 1.0000 0.0003 0.0000	</row1>
					<row2>	0.0190 -0.0004 0.9998 0.0000	</row2>
					<row3>	0.4147 -0.0025 -1.1028 1.0000	</row3>
				</transform>
			</node>
			<node>
				<identifier>	SP_YMS012_YHWR_M_1_INDEX_6	</identifier>
				<transform>
					<row0>	0.9999 0.0133 0.0075 0.0000	</row0>
					<row1>	-0.0133 0.9999 0.0007 0.0000	</row1>
					<row2>	-0.0075 -0.0008 1.0000 0.0000	</row2>
					<row3>	0.4140 -0.0025 0.5958 1.0000	</row3>
				</transform>
			</node>
			<node>
				<identifier>	SP_YMS012_YHWR_M_1_INDEX_7	</identifier>
				<transform>
					<row0>	0.9946 -0.0421 -0.0951 0.0000	</row0>
					<row1>	0.0432 0.9990 0.0091 0.0000	</row1>
					<row2>	0.0947 -0.0131 0.9954 0.0000	</row2>
					<row3>	0.2920 0.0106 -3.6361 1.0000	</row3>
				</transform>
			</node>
			<node>
				<identifier>	SP_YMS012_YHWR_M_1_INDEX_8	</identifier>
				<transform>
					<row0>	0.9673 -0.2502 -0.0409 0.0000	</row0>
					<row1>	0.2501 0.9682 -0.0081 0.0000	</row1>
					<row2>	0.0416 -0.0024 0.9991 0.0000	</row2>
					<row3>	0.3462 -0.0017 -2.7979 1.0000	</row3>
				</transform>
			</node>
			<node>
				<identifier>	SP_YMS021_YHUC_S_1_INDEX_2	</identifier>
				<transform>
					<row0>	-0.3598 0.9330 0.0000 0.0000	</row0>
					<row1>	-0.9330 -0.3598 0.0000 0.0000	</row1>
					<row2>	0.0000 0.0000 1.0000 0.0000	</row2>
					<row3>	-0.3918 -0.1310 -1.0845 1.0000	</row3>
				</transform>
			</node>
			<node>
				<identifier>	SP_YMS021_YHUC_S_1_INDEX_3	</identifier>
				<transform>
					<row0>	-0.2415 0.9704 0.0000 0.0000	</row0>
					<row1>	-0.9704 -0.2415 0.0000 0.0000	</row1>
					<row2>	0.0000 0.0000 1.0000 0.0000	</row2>
					<row3>	-0.4118 -0.1310 0.0000 1.0000	</row3>
				</transform>
			</node>
			<node>
				<identifier>	SP_YMS023_YHUC_L_1	</identifier>
				<transform>
					<row0>	0.7052 0.0000 0.0000 0.0000	</row0>
					<row1>	0.0000 0.7047 -0.0270 0.0000	</row1>
					<row2>	0.0000 0.0270 0.7047 0.0000	</row2>
					<row3>	-0.1626 -0.2276 -3.6842 1.0000	</row3>
				</transform>
			</node>
			<node>
				<identifier>	SP_YMS023_YHUC_L_1_INDEX_1	</identifier>
				<transform>
					<row0>	0.7052 0.0000 0.0000 0.0000	</row0>
					<row1>	0.0000 0.7047 -0.0270 0.0000	</row1>
					<row2>	0.0000 0.0270 0.7047 0.0000	</row2>
					<row3>	0.1626 -0.2278 -3.6842 1.0000	</row3>
				</transform>
			</node>
			<node>
				<identifier>	SP_YMS030_YHAM_M_1	</identifier>
				<transform>
					<row0>	0.4966 0.0000 0.0000 0.0000	</row0>
					<row1>	0.0000 0.4966 0.0000 0.0000	</row1>
					<row2>	0.0000 0.0000 0.4966 0.0000	</row2>
					<row3>	0.0000 0.1105 -4.3179 1.0000	</row3>
				</transform>
			</node>
			<node>
				<identifier>	SP_YMS031_YHAL_M_1	</identifier>
				<transform>
					<row0>	0.5590 0.0000 0.0000 0.0000	</row0>
					<row1>	0.0000 0.5590 0.0000 0.0000	</row1>
					<row2>	0.0000 0.0000 0.5590 0.0000	</row2>
					<row3>	-0.2993 0.1569 -3.9848 1.0000	</row3>
				</transform>
			</node>
			<node>
				<identifier>	SP_YMS032_YHAR_M_1	</identifier>
				<transform>
					<row0>	0.5591 0.0000 0.0000 0.0000	</row0>
					<row1>	0.0000 0.5591 0.0000 0.0000	</row1>
					<row2>	0.0000 0.0000 0.5591 0.0000	</row2>
					<row3>	0.2993 0.1569 -3.9848 1.0000	</row3>
				</transform>
			</node>
			<node>
				<identifier>	SP_YMS044_YHTC_L_1	</identifier>
				<transform>
					<row0>	-0.2280 0.0000 0.2280 0.0000	</row0>
					<row1>	0.0000 0.3224 0.0000 0.0000	</row1>
					<row2>	-0.2280 0.0000 -0.2280 0.0000	</row2>
					<row3>	-0.2627 0.3663 -1.8124 1.0000	</row3>
				</transform>
			</node>
			<node>
				<identifier>	SP_YMS044_YHTC_L_1_INDEX_1	</identifier>
				<transform>
					<row0>	0.3300 0.0000 0.0000 0.0000	</row0>
					<row1>	0.0000 0.3300 0.0000 0.0000	</row1>
					<row2>	0.0000 0.0000 0.3300 0.0000	</row2>
					<row3>	0.2754 0.2607 -0.9018 1.0000	</row3>
				</transform>
			</node>
			<node>
				<identifier>	SP_YMS044_YHTC_L_1_INDEX_2	</identifier>
				<transform>
					<row0>	0.3325 0.0000 0.0000 0.0000	</row0>
					<row1>	0.0000 0.3325 0.0000 0.0000	</row1>
					<row2>	0.0000 0.0000 0.3325 0.0000	</row2>
					<row3>	0.0000 0.3785 -2.4866 1.0000	</row3>
				</transform>
			</node>
			<node>
				<identifier>	SP_YMS044_YHTC_L_1_INDEX_3	</identifier>
				<transform>
					<row0>	-0.2280 0.0000 -0.2280 0.0000	</row0>
					<row1>	0.0000 0.3224 0.0000 0.0000	</row1>
					<row2>	0.2280 0.0000 -0.2280 0.0000	</row2>
					<row3>	0.2627 0.3663 -1.8124 1.0000	</row3>
				</transform>
			</node>
			<node>
				<identifier>	SP_YMS044_YHTC_L_1_INDEX_4	</identifier>
				<transform>
					<row0>	0.3300 0.0000 0.0000 0.0000	</row0>
					<row1>	0.0000 0.3300 0.0000 0.0000	</row1>
					<row2>	0.0000 0.0000 0.3300 0.0000	</row2>
					<row3>	-0.2754 0.2607 -0.9018 1.0000	</row3>
				</transform>
			</node>
			<node>
				<identifier>	SP_YMS044_YHTC_L_1_INDEX_5	</identifier>
				<transform>
					<row0>	0.4546 0.0000 0.0000 0.0000	</row0>
					<row1>	0.0000 0.4546 0.0000 0.0000	</row1>
					<row2>	0.0000 0.0000 0.4546 0.0000	</row2>
					<row3>	0.0000 0.4244 -2.1635 1.0000	</row3>
				</transform>
			</node>
			<node>
				<identifier>	SP_YMS050_YHDC_M_1_INDEX_3	</identifier>
				<transform>
					<row0>	0.0000 0.0000 0.6115 0.0000	</row0>
					<row1>	0.0000 0.6115 0.0000 0.0000	</row1>
					<row2>	-0.6115 0.0000 0.0000 0.0000	</row2>
					<row3>	0.0986 0.2162 -1.2262 1.0000	</row3>
				</transform>
			</node>
			<node>
				<identifier>	SP_YMS050_YHDC_M_1_INDEX_4	</identifier>
				<transform>
					<row0>	0.5906 0.0000 0.0000 0.0000	</row0>
					<row1>	0.0000 0.5906 0.0000 0.0000	</row1>
					<row2>	0.0000 0.0000 0.5906 0.0000	</row2>
					<row3>	0.0000 0.2211 -0.6913 1.0000	</row3>
				</transform>
			</node>
			<node>
				<identifier>	SP_YMS050_YHDC_M_1_INDEX_5	</identifier>
				<transform>
					<row0>	0.0000 0.0000 -0.6115 0.0000	</row0>
					<row1>	0.0000 0.6115 0.0000 0.0000	</row1>
					<row2>	0.6115 0.0000 0.0000 0.0000	</row2>
					<row3>	-0.0986 0.2162 -1.2262 1.0000	</row3>
				</transform>
			</node>
			<node>
				<identifier>	SP_YMS053_YHDC_S_1_INDEX_10	</identifier>
				<transform>
					<row0>	0.0000 0.0000 -0.6529 0.0000	</row0>
					<row1>	0.0000 0.6529 0.0000 0.0000	</row1>
					<row2>	0.6529 0.0000 0.0000 0.0000	</row2>
					<row3>	0.2812 0.3651 0.4822 1.0000	</row3>
				</transform>
			</node>
			<node>
				<identifier>	SP_YMS053_YHDC_S_1_INDEX_11	</identifier>
				<transform>
					<row0>	-0.6529 0.0000 0.0000 0.0000	</row0>
					<row1>	0.0000 0.6529 0.0000 0.0000	</row1>
					<row2>	0.0000 0.0000 -0.6529 0.0000	</row2>
					<row3>	-0.2808 0.2193 -1.2177 1.0000	</row3>
				</transform>
			</node>
			<node>
				<identifier>	SP_YMS053_YHDC_S_1_INDEX_2	</identifier>
				<transform>
					<row0>	-0.6529 0.0000 0.0000 0.0000	</row0>
					<row1>	0.0000 0.6529 0.0000 0.0000	</row1>
					<row2>	0.0000 0.0000 -0.6529 0.0000	</row2>
					<row3>	0.0000 0.3735 -1.9714 1.0000	</row3>
				</transform>
			</node>
			<node>
				<identifier>	SP_YMS053_YHDC_S_1_INDEX_3	</identifier>
				<transform>
					<row0>	-0.6529 0.0000 0.0000 0.0000	</row0>
					<row1>	0.0000 0.6529 0.0000 0.0000	</row1>
					<row2>	0.0000 0.0000 -0.6529 0.0000	</row2>
					<row3>	-0.2748 0.2206 -2.5743 1.0000	</row3>
				</transform>
			</node>
			<node>
				<identifier>	SP_YMS053_YHDC_S_1_INDEX_4	</identifier>
				<transform>
					<row0>	-0.6529 0.0000 0.0000 0.0000	</row0>
					<row1>	0.0000 0.6529 0.0000 0.0000	</row1>
