<ISC017_Napoli_1944_Stern_ports.visual>
	<node>
		<identifier>	Scene Root	</identifier>
		<transform>
			<row0>	1.0000 0.0000 0.0000 0.0000	</row0>
			<row1>	0.0000 1.0000 0.0000 0.0000	</row1>
			<row2>	0.0000 0.0000 1.0000 0.0000	</row2>
			<row3>	0.0000 0.0000 0.0000 1.0000	</row3>
		</transform>
		<node>
			<identifier>	Stern_ports	</identifier>
			<transform>
				<row0>	1.0000 0.0000 0.0000 0.0000	</row0>
				<row1>	0.0000 1.0000 0.0000 0.0000	</row1>
				<row2>	0.0000 0.0000 1.0000 0.0000	</row2>
				<row3>	0.0000 0.0000 0.0000 1.0000	</row3>
			</transform>
			<node>
				<identifier>	HP_FX_Death_3	</identifier>
				<transform>
					<row0>	1.0000 0.0000 0.0000 0.0000	</row0>
					<row1>	0.0000 1.0000 0.0000 0.0000	</row1>
					<row2>	0.0000 0.0000 1.0000 0.0000	</row2>
					<row3>	0.0000 0.0000 -4.7700 1.0000	</row3>
				</transform>
			</node>
			<node>
				<identifier>	HP_FX_Fire_4	</identifier>
				<transform>
					<row0>	1.0000 0.0000 0.0000 0.0000	</row0>
					<row1>	0.0000 1.0000 0.0000 0.0000	</row1>
					<row2>	0.0000 0.0000 1.0000 0.0000	</row2>
					<row3>	0.0000 0.2781 -6.8628 1.0000	</row3>
				</transform>
			</node>
			<node>
				<identifier>	HP_FX_Flood_steam_right	</identifier>
				<transform>
					<row0>	0.9885 0.0000 -0.1513 0.0000	</row0>
					<row1>	0.0000 1.0000 0.0000 0.0000	</row1>
					<row2>	0.1513 0.0000 0.9885 0.0000	</row2>
					<row3>	0.6490 0.2271 -5.3739 1.0000	</row3>
				</transform>
			</node>
			<node>
				<identifier>	HP_FX_Flood_water_left	</identifier>
				<transform>
					<row0>	-0.9837 0.0000 -0.1796 0.0000	</row0>
					<row1>	0.0000 1.0000 0.0000 0.0000	</row1>
					<row2>	0.1796 0.0000 -0.9837 0.0000	</row2>
					<row3>	-0.4910 0.0390 -6.2020 1.0000	</row3>
				</transform>
			</node>
			<node>
				<identifier>	HP_FX_Flood_water_right	</identifier>
				<transform>
					<row0>	0.9857 0.0000 -0.1683 0.0000	</row0>
					<row1>	0.0000 1.0000 0.0000 0.0000	</row1>
					<row2>	0.1683 0.0000 0.9857 0.0000	</row2>
					<row3>	0.4912 0.0387 -6.1992 1.0000	</row3>
				</transform>
			</node>
			<node>
				<identifier>	HP_FX_RepairLight_left_2	</identifier>
				<transform>
					<row0>	-0.1536 0.0000 0.9881 0.0000	</row0>
					<row1>	-0.0728 0.9973 -0.0113 0.0000	</row1>
					<row2>	-0.9854 -0.0737 -0.1532 0.0000	</row2>
					<row3>	-0.5844 0.2669 -5.8151 1.0000	</row3>
				</transform>
			</node>
			<node>
				<identifier>	HP_FX_RepairLight_right_1	</identifier>
				<transform>
					<row0>	-0.1578 0.0000 -0.9875 0.0000	</row0>
					<row1>	0.0894 0.9959 -0.0143 0.0000	</row1>
					<row2>	0.9834 -0.0905 -0.1572 0.0000	</row2>
					<row3>	0.7320 0.4111 -4.9150 1.0000	</row3>
				</transform>
			</node>
			<node>
				<identifier>	HP_FX_WakeTraceBack	</identifier>
				<transform>
					<row0>	1.0000 0.0000 0.0000 0.0000	</row0>
					<row1>	0.0000 1.0000 0.0000 0.0000	</row1>
					<row2>	0.0000 0.0000 1.0000 0.0000	</row2>
					<row3>	0.0000 0.0000 -7.8948 1.0000	</row3>
				</transform>
			</node>
			<node>
				<identifier>	HP_FX_WakeTrace_screw_1	</identifier>
				<transform>
					<row0>	1.0000 0.0000 0.0000 0.0000	</row0>
					<row1>	0.0000 1.0000 0.0000 0.0000	</row1>
					<row2>	0.0000 0.0000 1.0000 0.0000	</row2>
					<row3>	-0.1795 -0.3198 -7.1520 1.0000	</row3>
				</transform>
			</node>
			<node>
				<identifier>	HP_FX_WakeTrace_screw_2	</identifier>
				<transform>
					<row0>	1.0000 0.0000 0.0000 0.0000	</row0>
					<row1>	0.0000 1.0000 0.0000 0.0000	</row1>
					<row2>	0.0000 0.0000 1.0000 0.0000	</row2>
					<row3>	-0.4623 -0.3284 -6.0095 1.0000	</row3>
				</transform>
			</node>
			<node>
				<identifier>	HP_FX_WakeTrace_screw_3	</identifier>
				<transform>
					<row0>	1.0000 0.0000 0.0000 0.0000	</row0>
					<row1>	0.0000 1.0000 0.0000 0.0000	</row1>
					<row2>	0.0000 0.0000 1.0000 0.0000	</row2>
					<row3>	0.1795 -0.3198 -7.1520 1.0000	</row3>
				</transform>
			</node>
			<node>
				<identifier>	HP_FX_WakeTrace_screw_4	</identifier>
				<transform>
					<row0>	1.0000 0.0000 0.0000 0.0000	</row0>
					<row1>	0.0000 1.0000 0.0000 0.0000	</row1>
					<row2>	0.0000 0.0000 1.0000 0.0000	</row2>
					<row3>	0.4623 -0.3284 -6.0095 1.0000	</row3>
				</transform>
			</node>
			<node>
				<identifier>	HP_IGA_17	</identifier>
				<transform>
					<row0>	-1.0000 0.0000 0.0000 0.0000	</row0>
					<row1>	0.0000 1.0000 0.0000 0.0000	</row1>
					<row2>	0.0000 0.0000 -1.0000 0.0000	</row2>
					<row3>	-0.2881 0.2747 -6.1831 1.0000	</row3>
				</transform>
			</node>
			<node>
				<identifier>	HP_IGA_18	</identifier>
				<transform>
					<row0>	-1.0000 0.0000 0.0000 0.0000	</row0>
					<row1>	0.0000 1.0000 0.0000 0.0000	</row1>
					<row2>	0.0000 0.0000 -1.0000 0.0000	</row2>
					<row3>	0.2881 0.2747 -6.1831 1.0000	</row3>
				</transform>
			</node>
			<node>
				<identifier>	HP_IGA_19	</identifier>
				<transform>
					<row0>	-1.0000 0.0000 0.0000 0.0000	</row0>
					<row1>	0.0000 1.0000 0.0000 0.0000	</row1>
					<row2>	0.0000 0.0000 -1.0000 0.0000	</row2>
					<row3>	0.0000 0.2955 -7.2607 1.0000	</row3>
				</transform>
			</node>
			<node>
				<identifier>	HP_IGM_3	</identifier>
				<transform>
					<row0>	-1.0000 0.0000 0.0000 0.0000	</row0>
					<row1>	0.0000 1.0000 0.0000 0.0000	</row1>
					<row2>	0.0000 0.0000 -1.0000 0.0000	</row2>
					<row3>	0.0000 0.5622 -4.5628 1.0000	</row3>
				</transform>
			</node>
			<node>
				<identifier>	HP_IGT_1	</identifier>
				<transform>
					<row0>	1.0000 0.0000 0.0000 0.0000	</row0>
					<row1>	0.0000 1.0000 0.0000 0.0000	</row1>
					<row2>	0.0000 0.0000 1.0000 0.0000	</row2>
					<row3>	-0.5052 0.2658 -5.5326 1.0000	</row3>
				</transform>
			</node>
			<node>
				<identifier>	HP_IGT_2	</identifier>
				<transform>
					<row0>	1.0000 0.0000 0.0000 0.0000	</row0>
					<row1>	0.0000 1.0000 0.0000 0.0000	</row1>
					<row2>	0.0000 0.0000 1.0000 0.0000	</row2>
					<row3>	0.5052 0.2658 -5.5326 1.0000	</row3>
				</transform>
			</node>
			<node>
				<identifier>	HP_Ship_death_3	</identifier>
				<transform>
					<row0>	1.0000 0.0000 0.0000 0.0000	</row0>
					<row1>	0.0000 1.0000 0.0000 0.0000	</row1>
					<row2>	0.0000 0.0000 1.0000 0.0000	</row2>
					<row3>	0.0000 0.0000 -4.2090 1.0000	</row3>
				</transform>
			</node>
			<node>
				<identifier>	MP_CM002_Propeller4_L	</identifier>
				<transform>
					<row0>	1.0308 0.0000 0.0000 0.0000	</row0>
					<row1>	0.0000 1.0304 -0.0294 0.0000	</row1>
					<row2>	0.0000 0.0294 1.0304 0.0000	</row2>
					<row3>	-0.1795 -0.3198 -7.1520 1.0000	</row3>
				</transform>
			</node>
			<node>
				<identifier>	MP_CM002_Propeller4_L_INDEX_1	</identifier>
				<transform>
					<row0>	1.0308 0.0000 0.0000 0.0000	</row0>
					<row1>	0.0000 1.0304 -0.0293 0.0000	</row1>
					<row2>	0.0000 0.0293 1.0304 0.0000	</row2>
					<row3>	-0.4623 -0.3284 -6.0095 1.0000	</row3>
				</transform>
			</node>
			<node>
				<identifier>	MP_CM029_Emergency_Box	</identifier>
				<transform>
					<row0>	-0.8789 0.0000 -0.4771 0.0000	</row0>
					<row1>	0.0000 1.0000 0.0000 0.0000	</row1>
					<row2>	0.4771 0.0000 -0.8789 0.0000	</row2>
					<row3>	-0.1528 0.5043 -4.2749 1.0000	</row3>
				</transform>
			</node>
			<node>
				<identifier>	MP_CM029_Emergency_Box_INDEX_1	</identifier>
				<transform>
					<row0>	-0.8789 0.0000 0.4771 0.0000	</row0>
					<row1>	0.0000 1.0000 0.0000 0.0000	</row1>
					<row2>	-0.4771 0.0000 -0.8789 0.0000	</row2>
					<row3>	0.1528 0.5043 -4.2749 1.0000	</row3>
				</transform>
			</node>
			<node>
				<identifier>	MP_CM033_Propeller4_R	</identifier>
				<transform>
					<row0>	1.0308 0.0000 0.0000 0.0000	</row0>
					<row1>	0.0000 1.0304 -0.0293 0.0000	</row1>
					<row2>	0.0000 0.0293 1.0304 0.0000	</row2>
					<row3>	0.4623 -0.3284 -6.0095 1.0000	</row3>
				</transform>
			</node>
			<node>
				<identifier>	MP_CM033_Propeller4_R_INDEX_1	</identifier>
				<transform>
					<row0>	1.0308 0.0000 0.0000 0.0000	</row0>
					<row1>	0.0000 1.0304 -0.0294 0.0000	</row1>
					<row2>	0.0000 0.0294 1.0304 0.0000	</row2>
					<row3>	0.1795 -0.3198 -7.1520 1.0000	</row3>
				</transform>
			</node>
			<node>
				<identifier>	MP_CM052_Fender	</identifier>
				<transform>
					<row0>	0.0174 0.0000 0.9998 0.0000	</row0>
					<row1>	0.0000 1.0000 0.0000 0.0000	</row1>
					<row2>	-0.9998 0.0000 0.0174 0.0000	</row2>
					<row3>	-0.2020 0.2702 -5.4347 1.0000	</row3>
				</transform>
			</node>
			<node>
				<identifier>	MP_CM052_Fender_INDEX_1	</identifier>
				<transform>
					<row0>	0.0174 0.0000 -0.9998 0.0000	</row0>
					<row1>	0.0000 1.0000 0.0000 0.0000	</row1>
					<row2>	0.9998 0.0000 0.0174 0.0000	</row2>
					<row3>	0.2020 0.2702 -5.4347 1.0000	</row3>
				</transform>
			</node>
			<node>
				<identifier>	MP_IM003_Crown	</identifier>
				<transform>
					<row0>	1.0000 0.0000 0.0000 0.0000	</row0>
					<row1>	0.0000 0.9869 -0.1612 0.0000	</row1>
					<row2>	0.0000 0.1612 0.9869 0.0000	</row2>
					<row3>	0.0000 0.2703 -8.0978 1.0000	</row3>
				</transform>
			</node>
			<node>
				<identifier>	MP_IM019_Life_Buoy	</identifier>
				<transform>
					<row0>	-0.1884 0.0000 0.9821 0.0000	</row0>
					<row1>	-0.0867 0.9961 -0.0166 0.0000	</row1>
					<row2>	-0.9783 -0.0883 -0.1877 0.0000	</row2>
					<row3>	-0.4545 0.1947 -6.5338 1.0000	</row3>
				</transform>
			</node>
			<node>
				<identifier>	MP_IM019_Life_Buoy_INDEX_1	</identifier>
				<transform>
					<row0>	-0.2072 0.0017 0.9783 0.0000	</row0>
					<row1>	-0.0875 0.9960 -0.0203 0.0000	</row1>
					<row2>	-0.9744 -0.0898 -0.2062 0.0000	</row2>
					<row3>	-0.3823 0.1996 -6.8896 1.0000	</row3>
				</transform>
			</node>
			<node>
				<identifier>	MP_IM019_Life_Buoy_INDEX_2	</identifier>
				<transform>
					<row0>	-0.2072 -0.0017 -0.9783 0.0000	</row0>
					<row1>	0.0875 0.9960 -0.0203 0.0000	</row1>
					<row2>	0.9744 -0.0898 -0.2062 0.0000	</row2>
					<row3>	0.3823 0.1996 -6.8896 1.0000	</row3>
				</transform>
			</node>
			<node>
				<identifier>	MP_IM019_Life_Buoy_INDEX_3	</identifier>
				<transform>
					<row0>	-0.1884 0.0000 -0.9821 0.0000	</row0>
					<row1>	0.0867 0.9961 -0.0166 0.0000	</row1>
					<row2>	0.9783 -0.0883 -0.1877 0.0000	</row2>
					<row3>	0.4545 0.1947 -6.5338 1.0000	</row3>
				</transform>
			</node>
			<node>
				<identifier>	MP_IM026_Reels	</identifier>
				<transform>
					<row0>	1.0000 0.0000 0.0000 0.0000	</row0>
					<row1>	0.0000 1.0000 0.0000 0.0000	</row1>
					<row2>	0.0000 0.0000 1.0000 0.0000	</row2>
					<row3>	-0.2286 0.2825 -6.4610 1.0000	</row3>
				</transform>
			</node>
			<node>
				<identifier>	MP_IM026_Reels_INDEX_1	</identifier>
				<transform>
					<row0>	1.0000 0.0000 0.0000 0.0000	</row0>
					<row1>	0.0000 1.0000 0.0000 0.0000	</row1>
					<row2>	0.0000 0.0000 1.0000 0.0000	</row2>
					<row3>	0.0127 0.2729 -5.6217 1.0000	</row3>
				</transform>
			</node>
			<node>
				<identifier>	MP_IM026_Reels_INDEX_2	</identifier>
				<transform>
					<row0>	1.0000 0.0000 0.0000 0.0000	</row0>
					<row1>	0.0000 1.0000 0.0000 0.0000	</row1>
					<row2>	0.0000 0.0000 1.0000 0.0000	</row2>
					<row3>	0.1082 0.2753 -5.8968 1.0000	</row3>
				</transform>
			</node>
			<node>
				<identifier>	MP_IM026_Reels_INDEX_3	</identifier>
				<transform>
					<row0>	1.0000 0.0000 0.0000 0.0000	</row0>
					<row1>	0.0000 1.0000 0.0000 0.0000	</row1>
					<row2>	0.0000 0.0000 1.0000 0.0000	</row2>
					<row3>	-0.0586 0.4258 -4.9540 1.0000	</row3>
				</transform>
			</node>
			<node>
				<identifier>	MP_IM026_Reels_INDEX_4	</identifier>
				<transform>
					<row0>	1.0000 0.0000 0.0000 0.0000	</row0>
					<row1>	0.0000 1.0000 0.0000 0.0000	</row1>
					<row2>	0.0000 0.0000 1.0000 0.0000	</row2>
					<row3>	0.2286 0.2825 -6.4610 1.0000	</row3>
				</transform>
			</node>
			<node>
				<identifier>	MP_IM026_Reels_INDEX_5	</identifier>
				<transform>
					<row0>	1.0000 0.0000 0.0000 0.0000	</row0>
					<row1>	0.0000 1.0000 0.0000 0.0000	</row1>
					<row2>	0.0000 0.0000 1.0000 0.0000	</row2>
					<row3>	-0.1082 0.2753 -5.8968 1.0000	</row3>
				</transform>
			</node>
			<node>
				<identifier>	MP_IM031_Fire_Fighting	</identifier>
				<transform>
					<row0>	-0.0070 0.0000 1.0000 0.0000	</row0>
					<row1>	0.0000 1.0000 0.0000 0.0000	</row1>
					<row2>	-1.0000 0.0000 -0.0070 0.0000	</row2>
					<row3>	-0.2940 0.4258 -4.3707 1.0000	</row3>
				</transform>
			</node>
			<node>
				<identifier>	MP_IM031_Fire_Fighting_INDEX_1	</identifier>
				<transform>
					<row0>	0.0000 0.0000 1.0000 0.0000	</row0>
					<row1>	0.0000 1.0000 0.0000 0.0000	</row1>
					<row2>	-1.0000 0.0000 0.0000 0.0000	</row2>
					<row3>	-0.0494 0.2881 -6.7261 1.0000	</row3>
				</transform>
			</node>
			<node>
				<identifier>	MP_IM031_Fire_Fighting_INDEX_2	</identifier>
				<transform>
					<row0>	0.0000 0.0000 -1.0000 0.0000	</row0>
					<row1>	0.0000 1.0000 0.0000 0.0000	</row1>
					<row2>	1.0000 0.0000 0.0000 0.0000	</row2>
					<row3>	0.0494 0.2881 -6.7261 1.0000	</row3>
				</transform>
			</node>
			<node>
				<identifier>	MP_IM031_Fire_Fighting_INDEX_3	</identifier>
				<transform>
					<row0>	1.0000 0.0000 0.0000 0.0000	</row0>
					<row1>	0.0000 1.0000 0.0000 0.0000	</row1>
					<row2>	0.0000 0.0000 1.0000 0.0000	</row2>
					<row3>	0.1580 0.2717 -5.6071 1.0000	</row3>
				</transform>
			</node>
			<node>
				<identifier>	MP_IM031_Fire_Fighting_INDEX_4	</identifier>
				<transform>
					<row0>	-0.0070 0.0000 -1.0000 0.0000	</row0>
					<row1>	0.0000 1.0000 0.0000 0.0000	</row1>
					<row2>	1.0000 0.0000 -0.0070 0.0000	</row2>
					<row3>	0.2940 0.4258 -4.3707 1.0000	</row3>
				</transform>
			</node>
			<node>
				<identifier>	MP_IM032_Fire_Hose	</identifier>
				<transform>
					<row0>	0.4675 0.0000 0.8840 0.0000	</row0>
					<row1>	0.0000 1.0000 0.0000 0.0000	</row1>
					<row2>	-0.8840 0.0000 0.4675 0.0000	</row2>
					<row3>	-0.2772 0.4797 -4.3980 1.0000	</row3>
				</transform>
			</node>
			<node>
				<identifier>	MP_IM032_Fire_Hose_INDEX_1	</identifier>
				<transform>
					<row0>	-0.0020 0.0000 -1.0000 0.0000	</row0>
					<row1>	0.0000 1.0000 0.0000 0.0000	</row1>
					<row2>	1.0000 0.0000 -0.0020 0.0000	</row2>
					<row3>	0.0042 0.3256 -6.8599 1.0000	</row3>
				</transform>
			</node>
			<node>
				<identifier>	MP_IM032_Fire_Hose_INDEX_2	</identifier>
				<transform>
					<row0>	0.4675 0.0000 -0.8840 0.0000	</row0>
					<row1>	0.0000 1.0000 0.0000 0.0000	</row1>
					<row2>	0.8840 0.0000 0.4675 0.0000	</row2>
					<row3>	0.2772 0.4797 -4.3980 1.0000	</row3>
				</transform>
			</node>
			<node>
				<identifier>	MP_IM032_Fire_Hose_INDEX_3	</identifier>
				<transform>
					<row0>	-1.0000 0.0000 0.0020 0.0000	</row0>
					<row1>	0.0000 1.0000 0.0000 0.0000	</row1>
					<row2>	-0.0020 0.0000 -1.0000 0.0000	</row2>
					<row3>	0.0981 0.3202 -5.5850 1.0000	</row3>
				</transform>
			</node>
			<node>
				<identifier>	MP_IM032_Fire_Hose_INDEX_4	</identifier>
				<transform>
					<row0>	-0.0020 0.0000 1.0000 0.0000	</row0>
					<row1>	0.0000 1.0000 0.0000 0.0000	</row1>
					<row2>	-1.0000 0.0000 -0.0020 0.0000	</row2>
					<row3>	-0.0042 0.3256 -6.8599 1.0000	</row3>
				</transform>
			</node>
			<node>
				<identifier>	MP_IM033_Life_Buoy	</identifier>
				<transform>
					<row0>	0.1646 0.0000 -0.9864 0.0000	</row0>
					<row1>	0.0000 1.0000 0.0000 0.0000	</row1>
					<row2>	0.9864 0.0000 0.1646 0.0000	</row2>
					<row3>	-0.5196 0.3356 -6.1593 1.0000	</row3>
				</transform>
			</node>
			<node>
				<identifier>	MP_IM033_Life_Buoy_INDEX_1	</identifier>
				<transform>
					<row0>	1.0000 0.0000 -0.0010 0.0000	</row0>
					<row1>	0.0000 1.0000 0.0000 0.0000	</row1>
					<row2>	0.0010 0.0000 1.0000 0.0000	</row2>
					<row3>	-0.6010 0.4813 -4.9139 1.0000	</row3>
				</transform>
			</node>
			<node>
				<identifier>	MP_IM033_Life_Buoy_INDEX_2	</identifier>
				<transform>
					<row0>	1.0000 0.0000 0.0010 0.0000	</row0>
					<row1>	0.0000 1.0000 0.0000 0.0000	</row1>
					<row2>	-0.0010 0.0000 1.0000 0.0000	</row2>
					<row3>	0.6010 0.4813 -4.9139 1.0000	</row3>
				</transform>
			</node>
			<node>
				<identifier>	MP_IM033_Life_Buoy_INDEX_3	</identifier>
				<transform>
					<row0>	0.1646 0.0000 0.9864 0.0000	</row0>
					<row1>	0.0000 1.0000 0.0000 0.0000	</row1>
					<row2>	-0.9864 0.0000 0.1646 0.0000	</row2>
					<row3>	0.5196 0.3356 -6.1593 1.0000	</row3>
				</transform>
			</node>
			<node>
				<identifier>	MP_IM051_Name_Plate	</identifier>
				<transform>
					<row0>	1.0000 0.0000 0.0000 0.0000	</row0>
					<row1>	0.0000 1.0000 0.0000 0.0000	</row1>
					<row2>	0.0000 0.0000 1.0000 0.0000	</row2>
					<row3>	0.0000 0.3022 -7.4941 1.0000	</row3>
				</transform>
			</node>
			<node>
				<identifier>	MP_IM506_Boat_8_6m	</identifier>
				<transform>
					<row0>	0.9802 0.0042 -0.1978 0.0000	</row0>
					<row1>	0.0000 0.9998 0.0214 0.0000	</row1>
					<row2>	0.1979 -0.0210 0.9800 0.0000	</row2>
					<row3>	0.2888 0.3235 -6.9140 1.0000	</row3>
				</transform>
			</node>
			<node>
				<identifier>	MP_IM506_Boat_8_6m_INDEX_1	</identifier>
				<transform>
					<row0>	0.9802 -0.0042 0.1978 0.0000	</row0>
					<row1>	0.0000 0.9998 0.0214 0.0000	</row1>
					<row2>	-0.1979 -0.0210 0.9800 0.0000	</row2>
					<row3>	-0.2888 0.3235 -6.9140 1.0000	</row3>
				</transform>
			</node>
			<node>
				<identifier>	MP_IM514_Life_Boat_3_5m_monte	</identifier>
				<transform>
					<row0>	0.0000 0.0000 -0.9000 0.0000	</row0>
					<row1>	0.0000 0.9000 0.0000 0.0000	</row1>
					<row2>	0.9000 0.0000 0.0000 0.0000	</row2>
					<row3>	0.0000 0.4269 -5.4417 1.0000	</row3>
				</transform>
			</node>
			<node>
				<identifier>	MP_IM514_Life_Boat_3_5m_monte_INDEX_1	</identifier>
				<transform>
					<row0>	0.0000 0.0000 -0.9000 0.0000	</row0>
					<row1>	0.0000 0.9000 0.0000 0.0000	</row1>
					<row2>	0.9000 0.0000 0.0000 0.0000	</row2>
					<row3>	0.0000 0.4577 -5.4417 1.0000	</row3>
				</transform>
			</node>
			<node>
				<identifier>	MP_IM622_Telephone	</identifier>
				<transform>
					<row0>	-0.9558 0.0000 -0.2940 0.0000	</row0>
					<row1>	0.0000 1.0000 0.0000 0.0000	</row1>
					<row2>	0.2940 0.0000 -0.9558 0.0000	</row2>
					<row3>	-0.1128 0.5083 -4.2595 1.0000	</row3>
				</transform>
			</node>
			<node>
				<identifier>	MP_IM622_Telephone_INDEX_1	</identifier>
				<transform>
					<row0>	-0.9558 0.0000 0.2940 0.0000	</row0>
					<row1>	0.0000 1.0000 0.0000 0.0000	</row1>
					<row2>	-0.2940 0.0000 -0.9558 0.0000	</row2>
					<row3>	0.1128 0.5083 -4.2595 1.0000	</row3>
				</transform>
			</node>
			<node>
				<identifier>	SP_YMS011_YHWL_M_1_INDEX_26	</identifier>
				<transform>
					<row0>	0.9839 0.1303 0.1227 0.0000	</row0>
					<row1>	-0.1294 0.9915 -0.0148 0.0000	</row1>
					<row2>	-0.1236 -0.0014 0.9923 0.0000	</row2>
					<row3>	-0.7260 -0.0008 -4.6722 1.0000	</row3>
				</transform>
			</node>
			<node>
				<identifier>	SP_YMS012_YHWR_M_1_INDEX_2	</identifier>
				<transform>
					<row0>	0.9671 -0.2241 -0.1208 0.0000	</row0>
					<row1>	0.2225 0.9746 -0.0264 0.0000	</row1>
					<row2>	0.1236 -0.0014 0.9923 0.0000	</row2>
					<row3>	0.7260 -0.0008 -4.6722 1.0000	</row3>
				</transform>
			</node>
			<node>
				<identifier>	SP_YMS022_YHUS_L_1_INDEX_6	</identifier>
				<transform>
					<row0>	0.1795 0.0073 -1.1680 0.0000	</row0>
					<row1>	-0.9238 0.7240 -0.1375 0.0000	</row1>
					<row2>	0.7147 0.9340 0.1157 0.0000	</row2>
					<row3>	-0.4275 -0.2724 -4.6033 1.0000	</row3>
				</transform>
			</node>
			<node>
				<identifier>	SP_YMS022_YHUS_L_1_INDEX_7	</identifier>
				<transform>
					<row0>	0.1795 -0.0073 1.1680 0.0000	</row0>
					<row1>	0.9238 0.7240 -0.1375 0.0000	</row1>
					<row2>	-0.7147 0.9340 0.1157 0.0000	</row2>
					<row3>	0.4275 -0.2724 -4.6033 1.0000	</row3>
				</transform>
			</node>
			<node>
				<identifier>	SP_YMS023_YHUC_L_1	</identifier>
				<transform>
					<row0>	0.7976 0.0000 0.0000 0.0000	</row0>
					<row1>	0.0000 0.7972 -0.0226 0.0000	</row1>
					<row2>	0.0000 0.0226 0.7972 0.0000	</row2>
					<row3>	0.1795 -0.3198 -7.1520 1.0000	</row3>
				</transform>
			</node>
			<node>
				<identifier>	SP_YMS023_YHUC_L_1_INDEX_1	</identifier>
				<transform>
					<row0>	0.7980 0.0000 0.0000 0.0000	</row0>
					<row1>	0.0000 0.7977 -0.0227 0.0000	</row1>
					<row2>	0.0000 0.0227 0.7977 0.0000	</row2>
					<row3>	0.4623 -0.3284 -6.0095 1.0000	</row3>
				</transform>
			</node>
			<node>
				<identifier>	SP_YMS023_YHUC_L_1_INDEX_2	</identifier>
				<transform>
					<row0>	0.7980 0.0000 0.0000 0.0000	</row0>
					<row1>	0.0000 0.7977 -0.0227 0.0000	</row1>
					<row2>	0.0000 0.0227 0.7977 0.0000	</row2>
					<row3>	-0.4623 -0.3284 -6.0095 1.0000	</row3>
				</transform>
			</node>
			<node>
				<identifier>	SP_YMS023_YHUC_L_1_INDEX_3	</identifier>
				<transform>
					<row0>	0.7976 0.0000 0.0000 0.0000	</row0>
					<row1>	0.0000 0.7972 -0.0226 0.0000	</row1>
					<row2>	0.0000 0.0226 0.7972 0.0000	</row2>
					<row3>	-0.1795 -0.3198 -7.1520 1.0000	</row3>
				</transform>
			</node>
			<node>
				<identifier>	SP_YMS030_YHAM_M_1	</identifier>
				<transform>
					<row0>	0.8882 0.0000 0.0000 0.0000	</row0>
					<row1>	0.0000 0.8882 0.0000 0.0000	</row1>
					<row2>	0.0000 0.0000 0.8882 0.0000	</row2>
					<row3>	0.0000 0.1177 -8.0393 1.0000	</row3>
				</transform>
			</node>
			<node>
				<identifier>	SP_YMS031_YHAL_M_1	</identifier>
				<transform>
					<row0>	0.9697 0.0000 0.2442 0.0000	</row0>
					<row1>	0.0000 1.0000 0.0000 0.0000	</row1>
					<row2>	-0.2442 0.0000 0.9697 0.0000	</row2>
					<row3>	-0.2557 0.1126 -7.6300 1.0000	</row3>
				</transform>
			</node>
			<node>
				<identifier>	SP_YMS032_YHAR_M_1	</identifier>
				<transform>
					<row0>	0.9697 0.0000 -0.2442 0.0000	</row0>
					<row1>	0.0000 1.0000 0.0000 0.0000	</row1>
					<row2>	0.2442 0.0000 0.9697 0.0000	</row2>
					<row3>	0.2557 0.1126 -7.6300 1.0000	</row3>
				</transform>
			</node>
			<node>
				<identifier>	SP_YMS041_YHCS_M_1_INDEX_6	</identifier>
				<transform>
					<row0>	-0.9802 -0.0042 0.1978 0.0000	</row0>
					<row1>	-0.0043 1.0000 0.0000 0.0000	</row1>
					<row2>	-0.1978 -0.0009 -0.9802 0.0000	</row2>
					<row3>	0.2888 0.3648 -6.8974 1.0000	</row3>
				</transform>
			</node>
			<node>
				<identifier>	SP_YMS041_YHCS_M_1_INDEX_7	</identifier>
				<transform>
					<row0>	-0.9802 0.0042 -0.1978 0.0000	</row0>
					<row1>	0.0043 1.0000 0.0000 0.0000	</row1>
					<row2>	0.1978 -0.0009 -0.9802 0.0000	</row2>
					<row3>	-0.2888 0.3648 -6.8974 1.0000	</row3>
				</transform>
			</node>
			<node>
				<identifier>	SP_YMS053_YHDC_S_1_INDEX_10	</identifier>
				<transform>
					<row0>	0.0000 0.0000 -1.0000 0.0000	</row0>
					<row1>	0.0000 1.0000 0.0000 0.0000	</row1>
					<row2>	1.0000 0.0000 0.0000 0.0000	</row2>
					<row3>	0.0655 0.2854 -6.2810 1.0000	</row3>
				</transform>
			</node>
			<node>
				<identifier>	SP_YMS053_YHDC_S_1_INDEX_11	</identifier>
				<transform>
					<row0>	0.0000 0.0000 -1.0000 0.0000	</row0>
					<row1>	0.0000 1.0000 0.0000 0.0000	</row1>
					<row2>	1.0000 0.0000 0.0000 0.0000	</row2>
					<row3>	0.6356 0.4301 -4.8184 1.0000	</row3>
				</transform>
			</node>
			<node>
				<identifier>	SP_YMS053_YHDC_S_1_INDEX_12	</identifier>
				<transform>
					<row0>	1.0000 0.0000 0.0000 0.0000	</row0>
					<row1>	0.0000 1.0000 0.0000 0.0000	</row1>
					<row2>	0.0000 0.0000 1.0000 0.0000	</row2>
					<row3>	-0.6356 0.4301 -4.8184 1.0000	</row3>
				</transform>
			</node>
			<node>
				<identifier>	SP_YMS053_YHDC_S_1_INDEX_13	</identifier>
				<transform>
					<row0>	1.0000 0.0000 0.0000 0.0000	</row0>
					<row1>	0.0000 1.0000 0.0000 0.0000	</row1>
					<row2>	0.0000 0.0000 1.0000 0.0000	</row2>
					<row3>	0.0000 0.3233 -7.8443 1.0000	</row3>
				</transform>
			</node>
			<node>
				<identifier>	SP_YMS082_YHSC_M_1_INDEX_1	</identifier>
				<transform>
					<row0>	0.1707 0.0000 -1.1878 0.0000	</row0>
					<row1>	-0.1827 1.1857 -0.0263 0.0000	</row1>
					<row2>	1.1737 0.1846 0.1687 0.0000	</row2>
					<row3>	-0.5748 0.1002 -5.7651 1.0000	</row3>
				</transform>
			</node>
			<node>
				<identifier>	SP_YMS082_YHSC_M_1_INDEX_2	</identifier>
				<transform>
					<row0>	0.1707 0.0000 -1.1878 0.0000	</row0>
					<row1>	-0.1827 1.1857 -0.0263 0.0000	</row1>
					<row2>	1.1737 0.1846 0.1687 0.0000	</row2>
					<row3>	-0.6398 0.1002 -5.3407 1.0000	</row3>
				</transform>
			</node>
			<node>
				<identifier>	SP_YMS082_YHSC_M_1_INDEX_3	</identifier>
				<transform>
					<row0>	0.1480 0.0000 -1.3922 0.0000	</row0>
					<row1>	-0.1691 1.3896 -0.0180 0.0000	</row1>
					<row2>	1.3818 0.1701 0.1469 0.0000	</row2>
					<row3>	-0.7358 0.1639 -4.7125 1.0000	</row3>
				</transform>
			</node>
			<node>
				<identifier>	SP_YMS082_YHSC_M_1_INDEX_5	</identifier>
				<transform>
					<row0>	0.1480 0.0000 1.3922 0.0000	</row0>
					<row1>	0.1691 1.3896 -0.0180 0.0000	</row1>
					<row2>	-1.3818 0.1701 0.1469 0.0000	</row2>
					<row3>	0.7358 0.1639 -4.7125 1.0000	</row3>
				</transform>
			</node>
			<node>
				<identifier>	SP_YMS082_YHSC_M_1_INDEX_6	</identifier>
				<transform>
					<row0>	0.1707 0.0000 1.1878 0.0000	</row0>
					<row1>	0.1827 1.1857 -0.0263 0.0000	</row1>
					<row2>	-1.1737 0.1846 0.1687 0.0000	</row2>
					<row3>	0.6398 0.1002 -5.3407 1.0000	</row3>
				</transform>
			</node>
			<node>
				<identifier>	SP_YMS082_YHSC_M_1_INDEX_7	</identifier>
				<transform>
					<row0>	0.1707 0.0000 1.1878 0.0000	</row0>
					<row1>	0.1827 1.1857 -0.0263 0.0000	</row1>
					<row2>	-1.1737 0.1846 0.1687 0.0000	</row2>
					<row3>	0.5748 0.1002 -5.7651 1.0000	</row3>
				</transform>
			</node>
			<node>
				<identifier>	SP_YMS083_YHSC_L_1	</identifier>
				<transform>
					<row0>	0.1344 -0.0097 0.6869 0.0000	</row0>
					<row1>	0.0768 0.6958 -0.0052 0.0000	</row1>
					<row2>	-0.6827 0.0763 0.1346 0.0000	</row2>
					<row3>	0.4908 0.2741 -6.3221 1.0000	</row3>
				</transform>
			</node>
			<node>
				<identifier>	SP_YMS083_YHSC_L_1_INDEX_6	</identifier>
				<transform>
					<row0>	0.1344 0.0097 -0.6869 0.0000	</row0>
					<row1>	-0.0768 0.6958 -0.0052 0.0000	</row1>
					<row2>	0.6827 0.0763 0.1346 0.0000	</row2>
					<row3>	-0.4908 0.2741 -6.3221 1.0000	</row3>
				</transform>
			</node>
			<node>
				<identifier>	SP_YMS096_YHZC_S_1_INDEX_2	</identifier>
				<transform>
					<row0>	1.0000 0.0000 0.0000 0.0000	</row0>
					<row1>	0.0000 1.0000 0.0000 0.0000	</row1>
					<row2>	0.0000 0.0000 1.0000 0.0000	</row2>
					<row3>	0.5210 0.4192 -4.9181 1.0000	</row3>
				</transform>
			</node>
			<node>
				<identifier>	SP_YMS096_YHZC_S_1_INDEX_3	</identifier>
				<transform>
					<row0>	1.0000 0.0000 0.0000 0.0000	</row0>
					<row1>	0.0000 1.0000 0.0000 0.0000	</row1>
					<row2>	0.0000 0.0000 1.0000 0.0000	</row2>
					<row3>	-0.5210 0.4192 -4.9181 1.0000	</row3>
				</transform>
			</node>
		</node>
	</node>
	<boundingBox>
		<min>	-0.0667 -0.0667 -0.0667	</min>
		<max>	0.0667 0.0667 0.0667	</max>
	</boundingBox>
</ISC017_Napoli_1944_Stern_ports.visual>
