<ASD038_Somers_1938_MidFront_ports.visual>
	<node>
		<identifier>	Scene Root	</identifier>
		<transform>
			<row0>	1.0000 0.0000 0.0000 0.0000	</row0>
			<row1>	0.0000 1.0000 0.0000 0.0000	</row1>
			<row2>	0.0000 0.0000 1.0000 0.0000	</row2>
			<row3>	0.0000 0.0000 0.0000 1.0000	</row3>
		</transform>
		<node>
			<identifier>	MidFront_ports	</identifier>
			<transform>
				<row0>	1.0000 0.0000 0.0000 0.0000	</row0>
				<row1>	0.0000 1.0000 0.0000 0.0000	</row1>
				<row2>	0.0000 0.0000 1.0000 0.0000	</row2>
				<row3>	0.0000 0.0000 0.0000 1.0000	</row3>
			</transform>
			<node>
				<identifier>	HP_AD_1	</identifier>
				<transform>
					<row0>	1.0000 0.0000 0.0000 0.0000	</row0>
					<row1>	0.0000 1.0000 0.0000 0.0000	</row1>
					<row2>	0.0000 0.0000 1.0000 0.0000	</row2>
					<row3>	0.0000 0.9030 1.2446 1.0000	</row3>
				</transform>
			</node>
			<node>
				<identifier>	HP_AD_2	</identifier>
				<transform>
					<row0>	0.0000 0.0000 1.0000 0.0000	</row0>
					<row1>	0.0000 1.0000 0.0000 0.0000	</row1>
					<row2>	-1.0000 0.0000 0.0000 0.0000	</row2>
					<row3>	-0.2545 0.6675 0.9602 1.0000	</row3>
				</transform>
			</node>
			<node>
				<identifier>	HP_AD_3	</identifier>
				<transform>
					<row0>	0.0000 0.0000 -1.0000 0.0000	</row0>
					<row1>	0.0000 1.0000 0.0000 0.0000	</row1>
					<row2>	1.0000 0.0000 0.0000 0.0000	</row2>
					<row3>	0.2545 0.6675 0.9602 1.0000	</row3>
				</transform>
			</node>
			<node>
				<identifier>	HP_AF_1	</identifier>
				<transform>
					<row0>	0.0000 0.0000 -1.0000 0.0000	</row0>
					<row1>	0.0000 1.0000 0.0000 0.0000	</row1>
					<row2>	1.0000 0.0000 0.0000 0.0000	</row2>
					<row3>	0.2157 0.8153 1.2262 1.0000	</row3>
				</transform>
			</node>
			<node>
				<identifier>	HP_AF_2	</identifier>
				<transform>
					<row0>	0.0000 0.0000 1.0000 0.0000	</row0>
					<row1>	0.0000 1.0000 0.0000 0.0000	</row1>
					<row2>	-1.0000 0.0000 0.0000 0.0000	</row2>
					<row3>	-0.2220 0.8159 1.1789 1.0000	</row3>
				</transform>
			</node>
			<node>
				<identifier>	HP_AGA_1	</identifier>
				<transform>
					<row0>	0.7071 0.0000 0.7071 0.0000	</row0>
					<row1>	0.0000 1.0000 0.0000 0.0000	</row1>
					<row2>	-0.7071 0.0000 0.7071 0.0000	</row2>
					<row3>	-0.2042 0.3230 2.1978 1.0000	</row3>
				</transform>
			</node>
			<node>
				<identifier>	HP_AGA_2	</identifier>
				<transform>
					<row0>	0.7071 0.0000 -0.7071 0.0000	</row0>
					<row1>	0.0000 1.0000 0.0000 0.0000	</row1>
					<row2>	0.7071 0.0000 0.7071 0.0000	</row2>
					<row3>	0.2042 0.3230 2.1978 1.0000	</row3>
				</transform>
			</node>
			<node>
				<identifier>	HP_AGA_3	</identifier>
				<transform>
					<row0>	1.0000 0.0000 0.0000 0.0000	</row0>
					<row1>	0.0000 1.0000 0.0000 0.0000	</row1>
					<row2>	0.0000 0.0000 1.0000 0.0000	</row2>
					<row3>	0.0000 0.6423 1.6373 1.0000	</row3>
				</transform>
			</node>
			<node>
				<identifier>	HP_AGM_1	</identifier>
				<transform>
					<row0>	1.0000 0.0000 0.0000 0.0000	</row0>
					<row1>	0.0000 1.0000 0.0000 0.0000	</row1>
					<row2>	0.0000 0.0000 1.0000 0.0000	</row2>
					<row3>	0.0000 0.3452 2.5273 1.0000	</row3>
				</transform>
			</node>
			<node>
				<identifier>	HP_AGM_2	</identifier>
				<transform>
					<row0>	1.0000 0.0000 0.0000 0.0000	</row0>
					<row1>	0.0000 1.0000 0.0000 0.0000	</row1>
					<row2>	0.0000 0.0000 1.0000 0.0000	</row2>
					<row3>	0.0000 0.4915 2.0380 1.0000	</row3>
				</transform>
			</node>
			<node>
				<identifier>	HP_AGT_1	</identifier>
				<transform>
					<row0>	1.0000 0.0000 0.0000 0.0000	</row0>
					<row1>	0.0000 1.0000 0.0000 0.0000	</row1>
					<row2>	0.0000 0.0000 1.0000 0.0000	</row2>
					<row3>	0.0000 0.3047 0.5529 1.0000	</row3>
				</transform>
			</node>
			<node>
				<identifier>	HP_AGT_2	</identifier>
				<transform>
					<row0>	1.0000 0.0000 0.0000 0.0000	</row0>
					<row1>	0.0000 1.0000 0.0000 0.0000	</row1>
					<row2>	0.0000 0.0000 1.0000 0.0000	</row2>
					<row3>	0.0000 0.3060 -0.3062 1.0000	</row3>
				</transform>
			</node>
			<node>
				<identifier>	HP_FX_Fire_2	</identifier>
				<transform>
					<row0>	1.0000 0.0000 0.0000 0.0000	</row0>
					<row1>	0.0000 1.0000 0.0000 0.0000	</row1>
					<row2>	0.0000 0.0000 1.0000 0.0000	</row2>
					<row3>	0.0000 0.2870 0.9212 1.0000	</row3>
				</transform>
			</node>
			<node>
				<identifier>	HP_FX_Fire_2_side_1	</identifier>
				<transform>
					<row0>	1.0000 0.0000 0.0000 0.0000	</row0>
					<row1>	0.0000 1.0000 0.0000 0.0000	</row1>
					<row2>	0.0000 0.0000 1.0000 0.0000	</row2>
					<row3>	-0.2163 0.3504 2.2044 1.0000	</row3>
				</transform>
			</node>
			<node>
				<identifier>	HP_FX_Fire_2_side_2	</identifier>
				<transform>
					<row0>	1.0000 0.0000 0.0000 0.0000	</row0>
					<row1>	0.0000 1.0000 0.0000 0.0000	</row1>
					<row2>	0.0000 0.0000 1.0000 0.0000	</row2>
					<row3>	0.4208 0.4723 1.2320 1.0000	</row3>
				</transform>
			</node>
			<node>
				<identifier>	HP_FX_FloodLight_left_1	</identifier>
				<transform>
					<row0>	-1.0000 0.0000 0.0000 0.0000	</row0>
					<row1>	0.0000 1.0000 0.0000 0.0000	</row1>
					<row2>	0.0000 0.0000 -1.0000 0.0000	</row2>
					<row3>	-0.2149 0.3828 1.8811 1.0000	</row3>
				</transform>
			</node>
			<node>
				<identifier>	HP_FX_FloodLight_right_2	</identifier>
				<transform>
					<row0>	1.0000 0.0000 0.0000 0.0000	</row0>
					<row1>	0.0000 1.0000 0.0000 0.0000	</row1>
					<row2>	0.0000 0.0000 1.0000 0.0000	</row2>
					<row3>	0.2179 0.3808 1.7651 1.0000	</row3>
				</transform>
			</node>
			<node>
				<identifier>	HP_FX_Flood_steam_left	</identifier>
				<transform>
					<row0>	-1.0000 0.0000 0.0000 0.0000	</row0>
					<row1>	0.0000 1.0000 0.0000 0.0000	</row1>
					<row2>	0.0000 0.0000 -1.0000 0.0000	</row2>
					<row3>	-0.3328 0.2689 1.8321 1.0000	</row3>
				</transform>
			</node>
			<node>
				<identifier>	HP_FX_Smoke_1	</identifier>
				<transform>
					<row0>	1.0000 0.0000 0.0000 0.0000	</row0>
					<row1>	0.0000 0.9960 -0.0895 0.0000	</row1>
					<row2>	0.0000 0.0895 0.9960 0.0000	</row2>
					<row3>	0.0000 0.9110 0.1158 1.0000	</row3>
				</transform>
			</node>
			<node>
				<identifier>	HP_Flagpole	</identifier>
				<transform>
					<row0>	0.5000 0.0000 0.0000 0.0000	</row0>
					<row1>	0.0000 0.4984 -0.0403 0.0000	</row1>
					<row2>	0.0000 0.0403 0.4984 0.0000	</row2>
					<row3>	0.0000 1.8670 0.7887 1.0000	</row3>
				</transform>
			</node>
			<node>
				<identifier>	HP_flag_1	</identifier>
				<transform>
					<row0>	0.9996 -0.0285 0.0009 0.0000	</row0>
					<row1>	0.0285 0.9975 -0.0652 0.0000	</row1>
					<row2>	0.0009 0.0652 0.9979 0.0000	</row2>
					<row3>	0.1842 1.6864 0.8023 1.0000	</row3>
				</transform>
			</node>
			<node>
				<identifier>	HP_flag_2	</identifier>
				<transform>
					<row0>	0.9996 0.0285 -0.0009 0.0000	</row0>
					<row1>	-0.0285 0.9975 -0.0652 0.0000	</row1>
					<row2>	-0.0009 0.0652 0.9979 0.0000	</row2>
					<row3>	-0.1842 1.6864 0.8023 1.0000	</row3>
				</transform>
			</node>
			<node>
				<identifier>	HP_flag_3	</identifier>
				<transform>
					<row0>	0.9998 0.0222 -0.0007 0.0000	</row0>
					<row1>	-0.0222 0.9976 -0.0652 0.0000	</row1>
					<row2>	-0.0007 0.0652 0.9979 0.0000	</row2>
					<row3>	0.0818 1.6863 0.8024 1.0000	</row3>
				</transform>
			</node>
			<node>
				<identifier>	HP_flag_4	</identifier>
				<transform>
					<row0>	0.9998 -0.0222 0.0007 0.0000	</row0>
					<row1>	0.0222 0.9976 -0.0652 0.0000	</row1>
					<row2>	0.0007 0.0652 0.9979 0.0000	</row2>
					<row3>	-0.0818 1.6863 0.8024 1.0000	</row3>
				</transform>
			</node>
			<node>
				<identifier>	HP_flag_courtesy	</identifier>
				<transform>
					<row0>	0.9986 -0.0535 0.0019 0.0000	</row0>
					<row1>	0.0535 0.9961 -0.0706 0.0000	</row1>
					<row2>	0.0019 0.0706 0.9975 0.0000	</row2>
					<row3>	0.2929 1.7168 0.8004 1.0000	</row3>
				</transform>
			</node>
			<node>
				<identifier>	HP_flag_house	</identifier>
				<transform>
					<row0>	0.9986 0.0535 -0.0019 0.0000	</row0>
					<row1>	-0.0535 0.9961 -0.0706 0.0000	</row1>
					<row2>	-0.0019 0.0706 0.9975 0.0000	</row2>
					<row3>	-0.2929 1.7168 0.8004 1.0000	</row3>
				</transform>
			</node>
			<node>
				<identifier>	HP_flag_rank	</identifier>
				<transform>
					<row0>	0.9988 0.0495 -0.0029 0.0000	</row0>
					<row1>	-0.0495 0.9917 -0.1183 0.0000	</row1>
					<row2>	-0.0029 0.1183 0.9930 0.0000	</row2>
					<row3>	0.0292 1.7514 0.7365 1.0000	</row3>
				</transform>
			</node>
			<node>
				<identifier>	MP_AM003_Fairlead_1	</identifier>
				<transform>
					<row0>	0.5000 0.0000 -0.0024 0.0000	</row0>
					<row1>	0.0000 0.5000 0.0000 0.0000	</row1>
					<row2>	0.0024 0.0000 0.5000 0.0000	</row2>
					<row3>	-0.3494 0.1428 0.5342 1.0000	</row3>
				</transform>
			</node>
			<node>
				<identifier>	MP_AM003_Fairlead_1_INDEX_1	</identifier>
				<transform>
					<row0>	0.7399 -0.0732 0.0984 0.0000	</row0>
					<row1>	0.0790 0.7447 -0.0404 0.0000	</row1>
					<row2>	-0.0938 0.0503 0.7424 0.0000	</row2>
					<row3>	0.2213 0.3514 2.9758 1.0000	</row3>
				</transform>
			</node>
			<node>
				<identifier>	MP_AM003_Fairlead_1_INDEX_2	</identifier>
				<transform>
					<row0>	0.4625 -0.0048 -0.1900 0.0000	</row0>
					<row1>	-0.0127 0.4979 -0.0436 0.0000	</row1>
					<row2>	0.1897 0.0451 0.4604 0.0000	</row2>
					<row3>	-0.0585 0.4154 3.7669 1.0000	</row3>
				</transform>
			</node>
			<node>
				<identifier>	MP_AM003_Fairlead_1_INDEX_3	</identifier>
				<transform>
					<row0>	0.6983 0.0271 -0.0405 0.0000	</row0>
					<row1>	-0.0271 0.6995 0.0004 0.0000	</row1>
					<row2>	0.0405 0.0012 0.6988 0.0000	</row2>
					<row3>	-0.2861 0.3107 2.2004 1.0000	</row3>
				</transform>
			</node>
			<node>
				<identifier>	MP_AM003_Fairlead_1_INDEX_4	</identifier>
				<transform>
					<row0>	0.5000 0.0000 0.0024 0.0000	</row0>
					<row1>	0.0000 0.5000 0.0000 0.0000	</row1>
					<row2>	-0.0024 0.0000 0.5000 0.0000	</row2>
					<row3>	0.3492 0.1428 0.5342 1.0000	</row3>
				</transform>
			</node>
			<node>
				<identifier>	MP_AM003_Fairlead_1_INDEX_5	</identifier>
				<transform>
					<row0>	0.4985 0.0274 -0.0266 0.0000	</row0>
					<row1>	-0.0288 0.4985 -0.0256 0.0000	</row1>
					<row2>	0.0251 0.0270 0.4986 0.0000	</row2>
					<row3>	-0.2721 0.3229 2.4412 1.0000	</row3>
				</transform>
			</node>
			<node>
				<identifier>	MP_AM003_Fairlead_1_INDEX_6	</identifier>
				<transform>
					<row0>	0.6983 -0.0271 0.0405 0.0000	</row0>
					<row1>	0.0271 0.6995 0.0004 0.0000	</row1>
					<row2>	-0.0405 0.0012 0.6988 0.0000	</row2>
					<row3>	0.2859 0.3107 2.2004 1.0000	</row3>
				</transform>
			</node>
			<node>
				<identifier>	MP_AM003_Fairlead_1_INDEX_7	</identifier>
				<transform>
					<row0>	0.4625 0.0048 0.1900 0.0000	</row0>
					<row1>	0.0127 0.4979 -0.0436 0.0000	</row1>
					<row2>	-0.1897 0.0451 0.4604 0.0000	</row2>
					<row3>	0.0583 0.4154 3.7669 1.0000	</row3>
				</transform>
			</node>
			<node>
				<identifier>	MP_AM003_Fairlead_1_INDEX_8	</identifier>
				<transform>
					<row0>	0.7399 0.0732 -0.0984 0.0000	</row0>
					<row1>	-0.0790 0.7447 -0.0404 0.0000	</row1>
					<row2>	0.0938 0.0503 0.7424 0.0000	</row2>
					<row3>	-0.2215 0.3514 2.9758 1.0000	</row3>
				</transform>
			</node>
			<node>
				<identifier>	MP_AM004_Fairlead_2	</identifier>
				<transform>
					<row0>	0.0000 0.0000 1.1000 0.0000	</row0>
					<row1>	0.0000 1.1000 0.0000 0.0000	</row1>
					<row2>	-1.1000 0.0000 0.0000 0.0000	</row2>
					<row3>	0.3538 0.1428 0.2469 1.0000	</row3>
				</transform>
			</node>
			<node>
				<identifier>	MP_AM004_Fairlead_2_INDEX_1	</identifier>
				<transform>
					<row0>	-0.1912 0.0762 1.0806 0.0000	</row0>
					<row1>	0.0702 1.0958 -0.0649 0.0000	</row1>
					<row2>	-1.0810 0.0577 -0.1953 0.0000	</row2>
					<row3>	0.1802 0.3729 3.3039 1.0000	</row3>
				</transform>
			</node>
			<node>
				<identifier>	MP_AM004_Fairlead_2_INDEX_2	</identifier>
				<transform>
					<row0>	-0.1912 -0.0762 -1.0806 0.0000	</row0>
					<row1>	-0.0702 1.0958 -0.0649 0.0000	</row1>
					<row2>	1.0810 0.0577 -0.1953 0.0000	</row2>
					<row3>	-0.1802 0.3729 3.3039 1.0000	</row3>
				</transform>
			</node>
			<node>
				<identifier>	MP_AM004_Fairlead_2_INDEX_3	</identifier>
				<transform>
					<row0>	0.0000 0.0000 -1.1000 0.0000	</row0>
					<row1>	0.0000 1.1000 0.0000 0.0000	</row1>
					<row2>	1.1000 0.0000 0.0000 0.0000	</row2>
					<row3>	-0.3540 0.1428 0.2469 1.0000	</row3>
				</transform>
			</node>
			<node>
				<identifier>	MP_AM005_Bollard_1	</identifier>
				<transform>
					<row0>	0.9473 0.0719 0.0000 0.0000	</row0>
					<row1>	-0.0719 0.9473 0.0000 0.0000	</row1>
					<row2>	0.0000 0.0000 0.9500 0.0000	</row2>
					<row3>	-0.3235 0.1441 0.3753 1.0000	</row3>
				</transform>
			</node>
			<node>
				<identifier>	MP_AM005_Bollard_1_INDEX_1	</identifier>
				<transform>
					<row0>	1.0951 0.1037 -0.0034 0.0000	</row0>
					<row1>	-0.1037 1.0945 -0.0361 0.0000	</row1>
					<row2>	0.0000 0.0363 1.0994 0.0000	</row2>
					<row3>	-0.2529 0.3189 2.3256 1.0000	</row3>
				</transform>
			</node>
			<node>
				<identifier>	MP_AM005_Bollard_1_INDEX_2	</identifier>
				<transform>
					<row0>	1.1033 -0.0194 0.0010 0.0000	</row0>
					<row1>	0.0194 1.1017 -0.0589 0.0000	</row1>
					<row2>	0.0000 0.0589 1.1019 0.0000	</row2>
					<row3>	0.0334 0.3688 3.1213 1.0000	</row3>
				</transform>
			</node>
			<node>
				<identifier>	MP_AM005_Bollard_1_INDEX_3	</identifier>
				<transform>
					<row0>	0.9473 -0.0719 0.0000 0.0000	</row0>
					<row1>	0.0719 0.9473 0.0000 0.0000	</row1>
					<row2>	0.0000 0.0000 0.9500 0.0000	</row2>
					<row3>	0.3233 0.1441 0.3753 1.0000	</row3>
				</transform>
			</node>
			<node>
				<identifier>	MP_AM005_Bollard_1_INDEX_4	</identifier>
				<transform>
					<row0>	1.0951 -0.1037 0.0034 0.0000	</row0>
					<row1>	0.1037 1.0945 -0.0361 0.0000	</row1>
					<row2>	0.0000 0.0363 1.0994 0.0000	</row2>
					<row3>	0.2527 0.3189 2.3256 1.0000	</row3>
				</transform>
			</node>
			<node>
				<identifier>	MP_AM005_Bollard_1_INDEX_5	</identifier>
				<transform>
					<row0>	1.1033 0.0194 -0.0010 0.0000	</row0>
					<row1>	-0.0194 1.1017 -0.0589 0.0000	</row1>
					<row2>	0.0000 0.0589 1.1019 0.0000	</row2>
					<row3>	-0.0336 0.3714 3.1213 1.0000	</row3>
				</transform>
			</node>
			<node>
				<identifier>	MP_AM006_Reels_1	</identifier>
				<transform>
					<row0>	0.2460 0.0000 -0.5473 0.0000	</row0>
					<row1>	0.5473 0.0000 0.2460 0.0000	</row1>
					<row2>	0.0000 -0.6000 0.0000 0.0000	</row2>
					<row3>	0.0957 0.4288 2.0817 1.0000	</row3>
				</transform>
			</node>
			<node>
				<identifier>	MP_AM006_Reels_1_INDEX_1	</identifier>
				<transform>
					<row0>	0.4000 0.0000 0.0000 0.0000	</row0>
					<row1>	0.0000 0.4000 0.0000 0.0000	</row1>
					<row2>	0.0000 0.0000 0.4000 0.0000	</row2>
					<row3>	-0.2735 0.3011 1.0197 1.0000	</row3>
				</transform>
			</node>
			<node>
				<identifier>	MP_AM006_Reels_1_INDEX_2	</identifier>
				<transform>
					<row0>	0.0000 0.0000 -1.0000 0.0000	</row0>
					<row1>	0.0000 1.0000 0.0000 0.0000	</row1>
					<row2>	1.0000 0.0000 0.0000 0.0000	</row2>
					<row3>	0.2004 0.1493 -0.1424 1.0000	</row3>
				</transform>
			</node>
			<node>
				<identifier>	MP_AM006_Reels_1_INDEX_3	</identifier>
				<transform>
					<row0>	0.4000 0.0000 0.0000 0.0000	</row0>
					<row1>	0.0000 0.4000 0.0000 0.0000	</row1>
					<row2>	0.0000 0.0000 0.4000 0.0000	</row2>
					<row3>	0.2733 0.3011 1.0197 1.0000	</row3>
				</transform>
			</node>
			<node>
				<identifier>	MP_AM018_Compass_Binnacle	</identifier>
				<transform>
					<row0>	1.0000 0.0000 0.0000 0.0000	</row0>
					<row1>	0.0000 1.0000 0.0000 0.0000	</row1>
					<row2>	0.0000 0.0000 1.0000 0.0000	</row2>
					<row3>	0.0000 0.6819 1.4147 1.0000	</row3>
				</transform>
			</node>
			<node>
				<identifier>	MP_AM023_Hatch_1	</identifier>
				<transform>
					<row0>	0.0000 0.0000 -0.8000 0.0000	</row0>
					<row1>	0.0000 0.8000 0.0000 0.0000	</row1>
					<row2>	0.8000 0.0000 0.0000 0.0000	</row2>
					<row3>	0.1023 0.3794 3.3783 1.0000	</row3>
				</transform>
			</node>
			<node>
				<identifier>	MP_AM044_Boat_Winch	</identifier>
				<transform>
					<row0>	0.0000 0.0000 -0.7500 0.0000	</row0>
					<row1>	0.0000 0.7500 0.0000 0.0000	</row1>
					<row2>	0.7500 0.0000 0.0000 0.0000	</row2>
					<row3>	0.0053 0.1644 -0.4692 1.0000	</row3>
				</transform>
			</node>
			<node>
				<identifier>	MP_AM047_Running_Lights_R	</identifier>
				<transform>
					<row0>	1.0000 0.0000 0.0000 0.0000	</row0>
					<row1>	0.0000 1.0000 0.0000 0.0000	</row1>
					<row2>	0.0000 0.0000 1.0000 0.0000	</row2>
					<row3>	0.2506 0.5964 1.1497 1.0000	</row3>
				</transform>
			</node>
			<node>
				<identifier>	MP_AM048_Running_Lights_L	</identifier>
				<transform>
					<row0>	1.0000 0.0000 0.0000 0.0000	</row0>
					<row1>	0.0000 1.0000 0.0000 0.0000	</row1>
					<row2>	0.0000 0.0000 1.0000 0.0000	</row2>
					<row3>	-0.2508 0.5964 1.1497 1.0000	</row3>
				</transform>
			</node>
			<node>
				<identifier>	MP_AM049_Signal_Lamp_1	</identifier>
				<transform>
					<row0>	1.0000 0.0000 0.0000 0.0000	</row0>
					<row1>	0.0000 1.0000 0.0000 0.0000	</row1>
					<row2>	0.0000 0.0000 1.0000 0.0000	</row2>
					<row3>	-0.2912 1.7313 0.7997 1.0000	</row3>
				</transform>
			</node>
			<node>
				<identifier>	MP_AM049_Signal_Lamp_1_INDEX_1	</identifier>
				<transform>
					<row0>	1.0000 0.0000 0.0000 0.0000	</row0>
					<row1>	0.0000 1.0000 0.0000 0.0000	</row1>
					<row2>	0.0000 0.0000 1.0000 0.0000	</row2>
					<row3>	-0.2277 1.7327 0.7997 1.0000	</row3>
				</transform>
			</node>
			<node>
				<identifier>	MP_AM049_Signal_Lamp_1_INDEX_2	</identifier>
				<transform>
					<row0>	1.0000 0.0000 0.0000 0.0000	</row0>
					<row1>	0.0000 1.0000 0.0000 0.0000	</row1>
					<row2>	0.0000 0.0000 1.0000 0.0000	</row2>
					<row3>	0.2275 1.7327 0.7997 1.0000	</row3>
				</transform>
			</node>
			<node>
				<identifier>	MP_AM049_Signal_Lamp_1_INDEX_3	</identifier>
				<transform>
					<row0>	1.0000 0.0000 0.0000 0.0000	</row0>
					<row1>	0.0000 1.0000 0.0000 0.0000	</row1>
					<row2>	0.0000 0.0000 1.0000 0.0000	</row2>
					<row3>	0.2910 1.7313 0.7997 1.0000	</row3>
				</transform>
			</node>
			<node>
				<identifier>	MP_AM055_Boat_1	</identifier>
				<transform>
					<row0>	0.0941 -0.9956 0.0000 0.0000	</row0>
					<row1>	0.9956 0.0941 -0.0004 0.0000	</row1>
					<row2>	0.0004 0.0000 1.0000 0.0000	</row2>
					<row3>	0.3476 0.2112 -0.2929 1.0000	</row3>
				</transform>
			</node>
			<node>
				<identifier>	MP_AM065_Ammunition_Box_6	</identifier>
				<transform>
					<row0>	0.9997 0.0000 -0.0243 0.0000	</row0>
					<row1>	-0.0004 0.9999 -0.0149 0.0000	</row1>
					<row2>	0.0243 0.0149 0.9996 0.0000	</row2>
					<row3>	-0.2308 0.3104 1.8514 1.0000	</row3>
				</transform>
			</node>
			<node>
				<identifier>	MP_AM071_Signal_Lamp_2	</identifier>
				<transform>
					<row0>	1.0000 0.0000 0.0000 0.0000	</row0>
					<row1>	0.0000 0.9962 -0.0871 0.0000	</row1>
					<row2>	0.0000 0.0871 0.9962 0.0000	</row2>
					<row3>	0.0000 1.8949 0.7990 1.0000	</row3>
				</transform>
			</node>
			<node>
				<identifier>	MP_AM071_Signal_Lamp_2_INDEX_1	</identifier>
				<transform>
					<row0>	0.8255 0.0000 -0.5644 0.0000	</row0>
					<row1>	0.0000 1.0000 0.0000 0.0000	</row1>
					<row2>	0.5644 0.0000 0.8255 0.0000	</row2>
					<row3>	0.0000 1.5457 0.8493 1.0000	</row3>
				</transform>
			</node>
			<node>
				<identifier>	MP_AM071_Signal_Lamp_2_INDEX_2	</identifier>
				<transform>
					<row0>	0.8255 0.0000 -0.5644 0.0000	</row0>
					<row1>	0.0000 1.0000 0.0000 0.0000	</row1>
					<row2>	0.5644 0.0000 0.8255 0.0000	</row2>
					<row3>	-0.0317 1.4837 0.7902 1.0000	</row3>
				</transform>
			</node>
			<node>
				<identifier>	MP_AM071_Signal_Lamp_2_INDEX_3	</identifier>
				<transform>
					<row0>	0.7709 0.0000 -0.6370 0.0000	</row0>
					<row1>	0.0000 1.0000 0.0000 0.0000	</row1>
					<row2>	0.6370 0.0000 0.7709 0.0000	</row2>
					<row3>	-0.0271 1.6060 0.7896 1.0000	</row3>
				</transform>
			</node>
			<node>
				<identifier>	MP_AM071_Signal_Lamp_2_INDEX_4	</identifier>
				<transform>
					<row0>	0.8315 0.0000 -0.5555 0.0000	</row0>
					<row1>	0.0000 1.0000 0.0000 0.0000	</row1>
					<row2>	0.5555 0.0000 0.8315 0.0000	</row2>
					<row3>	-0.0301 1.3624 0.8004 1.0000	</row3>
				</transform>
			</node>
			<node>
				<identifier>	MP_AM079_24in_SearchLight	</identifier>
				<transform>
					<row0>	0.0000 0.0000 1.0000 0.0000	</row0>
					<row1>	0.0000 1.0000 0.0000 0.0000	</row1>
					<row2>	-1.0000 0.0000 0.0000 0.0000	</row2>
					<row3>	-0.1519 0.8203 1.3137 1.0000	</row3>
				</transform>
			</node>
			<node>
				<identifier>	MP_AM079_24in_SearchLight_INDEX_1	</identifier>
				<transform>
					<row0>	0.0000 0.0000 -1.0000 0.0000	</row0>
					<row1>	0.0000 1.0000 0.0000 0.0000	</row1>
					<row2>	1.0000 0.0000 0.0000 0.0000	</row2>
					<row3>	0.0889 0.8235 1.0715 1.0000	</row3>
				</transform>
			</node>
			<node>
				<identifier>	MP_AM142_Running_Lights_FW	</identifier>
				<transform>
					<row0>	0.8000 0.0000 0.0000 0.0000	</row0>
					<row1>	0.0000 0.8000 0.0000 0.0000	</row1>
					<row2>	0.0000 0.0000 0.8000 0.0000	</row2>
					<row3>	-0.0004 1.4224 0.9088 1.0000	</row3>
				</transform>
			</node>
			<node>
				<identifier>	MP_AM142_Running_Lights_FW_INDEX_1	</identifier>
				<transform>
					<row0>	1.0000 0.0000 0.0000 0.0000	</row0>
					<row1>	0.0000 1.0000 0.0000 0.0000	</row1>
					<row2>	0.0000 0.0000 1.0000 0.0000	</row2>
					<row3>	0.0000 0.9484 1.5056 1.0000	</row3>
				</transform>
			</node>
			<node>
				<identifier>	MP_AM142_Running_Lights_FW_INDEX_2	</identifier>
				<transform>
					<row0>	1.0000 0.0000 0.0000 0.0000	</row0>
					<row1>	0.0000 1.0000 0.0000 0.0000	</row1>
					<row2>	0.0000 0.0000 1.0000 0.0000	</row2>
					<row3>	0.0000 1.0398 1.5056 1.0000	</row3>
				</transform>
			</node>
			<node>
				<identifier>	MP_AM143_Signal_Lamp_R	</identifier>
				<transform>
					<row0>	1.0000 0.0000 0.0000 0.0000	</row0>
					<row1>	0.0000 1.0000 0.0000 0.0000	</row1>
					<row2>	0.0000 0.0000 1.0000 0.0000	</row2>
					<row3>	0.0703 1.2406 0.8461 1.0000	</row3>
				</transform>
			</node>
			<node>
				<identifier>	MP_AM143_Signal_Lamp_R_INDEX_1	</identifier>
				<transform>
					<row0>	1.0000 0.0000 0.0000 0.0000	</row0>
					<row1>	0.0000 1.0000 0.0000 0.0000	</row1>
					<row2>	0.0000 0.0000 1.0000 0.0000	</row2>
					<row3>	-0.1073 1.7327 0.7997 1.0000	</row3>
				</transform>
			</node>
			<node>
				<identifier>	MP_AM143_Signal_Lamp_R_INDEX_2	</identifier>
				<transform>
					<row0>	1.0000 0.0000 0.0000 0.0000	</row0>
					<row1>	0.0000 1.0000 0.0000 0.0000	</row1>
					<row2>	0.0000 0.0000 1.0000 0.0000	</row2>
					<row3>	0.1072 1.7327 0.7997 1.0000	</row3>
				</transform>
			</node>
			<node>
				<identifier>	MP_AM144_Signal_Lamp_L	</identifier>
				<transform>
					<row0>	1.0000 0.0000 0.0000 0.0000	</row0>
					<row1>	0.0000 1.0000 0.0000 0.0000	</row1>
					<row2>	0.0000 0.0000 1.0000 0.0000	</row2>
					<row3>	0.1673 1.7327 0.7997 1.0000	</row3>
				</transform>
			</node>
			<node>
				<identifier>	MP_AM144_Signal_Lamp_L_INDEX_1	</identifier>
				<transform>
					<row0>	1.0000 0.0000 0.0000 0.0000	</row0>
					<row1>	0.0000 1.0000 0.0000 0.0000	</row1>
					<row2>	0.0000 0.0000 1.0000 0.0000	</row2>
					<row3>	-0.0705 1.2406 0.8461 1.0000	</row3>
				</transform>
			</node>
			<node>
				<identifier>	MP_AM144_Signal_Lamp_L_INDEX_2	</identifier>
				<transform>
					<row0>	1.0000 0.0000 0.0000 0.0000	</row0>
					<row1>	0.0000 1.0000 0.0000 0.0000	</row1>
					<row2>	0.0000 0.0000 1.0000 0.0000	</row2>
					<row3>	-0.1675 1.7327 0.7997 1.0000	</row3>
				</transform>
			</node>
			<node>
				<identifier>	MP_AM150_Telegraph_Engine	</identifier>
				<transform>
					<row0>	0.8424 0.0000 -0.5389 0.0000	</row0>
					<row1>	0.0000 1.0000 0.0000 0.0000	</row1>
					<row2>	0.5389 0.0000 0.8424 0.0000	</row2>
					<row3>	0.0791 0.6766 1.3640 1.0000	</row3>
				</transform>
			</node>
			<node>
				<identifier>	MP_AM159_Voice_Tube	</identifier>
				<transform>
					<row0>	0.9893 0.0000 -0.1459 0.0000	</row0>
					<row1>	0.0000 1.0000 0.0000 0.0000	</row1>
					<row2>	0.1459 0.0000 0.9893 0.0000	</row2>
					<row3>	0.0349 0.6793 1.3980 1.0000	</row3>
				</transform>
			</node>
			<node>
				<identifier>	MP_AM159_Voice_Tube_INDEX_1	</identifier>
				<transform>
					<row0>	-0.3654 0.0000 0.9309 0.0000	</row0>
					<row1>	0.0000 1.0000 0.0000 0.0000	</row1>
					<row2>	-0.9309 0.0000 -0.3654 0.0000	</row2>
					<row3>	-0.2731 0.6664 1.1358 1.0000	</row3>
				</transform>
			</node>
			<node>
				<identifier>	MP_AM159_Voice_Tube_INDEX_2	</identifier>
				<transform>
					<row0>	-0.9914 0.0000 0.1309 0.0000	</row0>
					<row1>	0.0000 1.0000 0.0000 0.0000	</row1>
					<row2>	-0.1309 0.0000 -0.9914 0.0000	</row2>
					<row3>	0.1233 0.8216 1.0351 1.0000	</row3>
				</transform>
			</node>
			<node>
				<identifier>	MP_AM159_Voice_Tube_INDEX_3	</identifier>
				<transform>
					<row0>	-0.2420 0.0000 -0.9703 0.0000	</row0>
					<row1>	0.0000 1.0000 0.0000 0.0000	</row1>
					<row2>	0.9703 0.0000 -0.2420 0.0000	</row2>
					<row3>	0.2729 0.6664 1.1431 1.0000	</row3>
				</transform>
			</node>
			<node>
				<identifier>	MP_AM159_Voice_Tube_INDEX_4	</identifier>
				<transform>
					<row0>	1.0000 0.0000 0.0000 0.0000	</row0>
					<row1>	0.0000 1.0000 0.0000 0.0000	</row1>
					<row2>	0.0000 0.0000 1.0000 0.0000	</row2>
					<row3>	0.0310 0.8298 1.4441 1.0000	</row3>
				</transform>
			</node>
			<node>
				<identifier>	MP_AM159_Voice_Tube_INDEX_5	</identifier>
				<transform>
					<row0>	0.9780 0.0000 0.2084 0.0000	</row0>
					<row1>	0.0000 1.0000 0.0000 0.0000	</row1>
					<row2>	-0.2084 0.0000 0.9780 0.0000	</row2>
					<row3>	-0.0480 0.6781 1.3686 1.0000	</row3>
				</transform>
			</node>
			<node>
				<identifier>	MP_AM159_Voice_Tube_INDEX_6	</identifier>
				<transform>
					<row0>	-0.3654 0.0000 -0.9309 0.0000	</row0>
					<row1>	0.0000 1.0000 0.0000 0.0000	</row1>
					<row2>	0.9309 0.0000 -0.3654 0.0000	</row2>
					<row3>	0.2729 0.6664 0.9181 1.0000	</row3>
				</transform>
			</node>
			<node>
				<identifier>	MP_AM159_Voice_Tube_INDEX_7	</identifier>
				<transform>
					<row0>	-0.3654 0.0000 0.9309 0.0000	</row0>
					<row1>	0.0000 1.0000 0.0000 0.0000	</row1>
					<row2>	-0.9309 0.0000 -0.3654 0.0000	</row2>
					<row3>	-0.2731 0.6664 0.9181 1.0000	</row3>
				</transform>
			</node>
			<node>
				<identifier>	MP_AM159_Voice_Tube_INDEX_8	</identifier>
				<transform>
					<row0>	0.6573 0.0000 0.7536 0.0000	</row0>
					<row1>	0.0000 1.0000 0.0000 0.0000	</row1>
					<row2>	-0.7536 0.0000 0.6573 0.0000	</row2>
					<row3>	-0.2206 0.8163 1.2901 1.0000	</row3>
				</transform>
			</node>
			<node>
				<identifier>	MP_AM161_Anchor_top	</identifier>
				<transform>
					<row0>	0.6031 -0.1223 0.2093 0.0000	</row0>
					<row1>	0.2385 0.4001 -0.4534 0.0000	</row1>
					<row2>	-0.0435 0.4975 0.4161 0.0000	</row2>
					<row3>	-0.1191 0.2904 3.6603 1.0000	</row3>
				</transform>
			</node>
			<node>
				<identifier>	MP_AM161_Anchor_top_INDEX_1	</identifier>
				<transform>
					<row0>	0.6031 0.1223 -0.2093 0.0000	</row0>
					<row1>	-0.2385 0.4001 -0.4534 0.0000	</row1>
					<row2>	0.0435 0.4975 0.4161 0.0000	</row2>
					<row3>	0.1189 0.2904 3.6603 1.0000	</row3>
				</transform>
			</node>
			<node>
				<identifier>	MP_AM162_Anchor_down	</identifier>
				<transform>
					<row0>	0.6473 -0.0095 -0.0585 0.0000	</row0>
					<row1>	-0.0391 0.4136 -0.4999 0.0000	</row1>
					<row2>	0.0446 0.5013 0.4114 0.0000	</row2>
					<row3>	0.1175 0.3047 3.6431 1.0000	</row3>
				</transform>
			</node>
			<node>
				<identifier>	MP_AM162_Anchor_down_INDEX_1	</identifier>
				<transform>
					<row0>	0.6473 0.0095 0.0585 0.0000	</row0>
					<row1>	0.0391 0.4136 -0.4999 0.0000	</row1>
					<row2>	-0.0446 0.5013 0.4114 0.0000	</row2>
					<row3>	-0.1177 0.3047 3.6431 1.0000	</row3>
				</transform>
			</node>
			<node>
				<identifier>	MP_AM164_Signal_Lamp_4	</identifier>
				<transform>
					<row0>	0.7633 0.0000 -0.6461 0.0000	</row0>
					<row1>	0.0000 1.0000 0.0000 0.0000	</row1>
					<row2>	0.6461 0.0000 0.7633 0.0000	</row2>
					<row3>	0.1433 0.8893 1.3820 1.0000	</row3>
				</transform>
			</node>
			<node>
				<identifier>	MP_AM164_Signal_Lamp_4_INDEX_1	</identifier>
				<transform>
					<row0>	-0.8660 0.0000 0.5000 0.0000	</row0>
					<row1>	0.0000 1.0000 0.0000 0.0000	</row1>
					<row2>	-0.5000 0.0000 -0.8660 0.0000	</row2>
					<row3>	-0.3046 0.7510 0.8596 1.0000	</row3>
				</transform>
			</node>
			<node>
				<identifier>	MP_AM164_Signal_Lamp_4_INDEX_2	</identifier>
				<transform>
					<row0>	-1.0000 0.0000 0.0000 0.0000	</row0>
					<row1>	0.0000 1.0000 0.0000 0.0000	</row1>
					<row2>	0.0000 0.0000 -1.0000 0.0000	</row2>
					<row3>	-0.1224 0.8893 1.0239 1.0000	</row3>
				</transform>
			</node>
			<node>
				<identifier>	MP_AM164_Signal_Lamp_4_INDEX_3	</identifier>
				<transform>
					<row0>	-0.8660 0.0000 -0.5000 0.0000	</row0>
					<row1>	0.0000 1.0000 0.0000 0.0000	</row1>
					<row2>	0.5000 0.0000 -0.8660 0.0000	</row2>
					<row3>	0.3044 0.7510 0.8596 1.0000	</row3>
				</transform>
			</node>
			<node>
				<identifier>	MP_AM176_Target_Desingnator	</identifier>
				<transform>
					<row0>	1.0000 0.0000 0.0000 0.0000	</row0>
					<row1>	0.0000 1.0000 0.0000 0.0000	</row1>
					<row2>	0.0000 0.0000 1.0000 0.0000	</row2>
					<row3>	0.0000 0.8275 1.4520 1.0000	</row3>
				</transform>
			</node>
			<node>
				<identifier>	MP_AM234_Punt_10ft	</identifier>
				<transform>
					<row0>	-0.3077 -0.9515 0.0005 0.0000	</row0>
					<row1>	0.9514 -0.3076 0.0134 0.0000	</row1>
					<row2>	-0.0126 0.0047 0.9999 0.0000	</row2>
					<row3>	-0.1726 0.2388 0.0389 1.0000	</row3>
				</transform>
			</node>
			<node>
				<identifier>	MP_AM247_Ammunition_Box	</identifier>
				<transform>
					<row0>	0.0000 0.0000 -0.6000 0.0000	</row0>
					<row1>	0.0000 0.6000 0.0000 0.0000	</row1>
					<row2>	0.6000 0.0000 0.0000 0.0000	</row2>
					<row3>	-0.0381 0.8244 1.0345 1.0000	</row3>
				</transform>
			</node>
			<node>
				<identifier>	MP_AM247_Ammunition_Box_INDEX_1	</identifier>
				<transform>
					<row0>	-0.0098 0.0000 1.0025 0.0000	</row0>
					<row1>	0.0000 1.0025 0.0000 0.0000	</row1>
					<row2>	-1.0025 0.0000 -0.0098 0.0000	</row2>
					<row3>	0.2160 0.1490 0.4587 1.0000	</row3>
				</transform>
			</node>
			<node>
				<identifier>	MP_AM247_Ammunition_Box_INDEX_2	</identifier>
				<transform>
					<row0>	-0.8736 0.0000 0.0000 0.0000	</row0>
					<row1>	0.0000 0.8736 0.0000 0.0000	</row1>
					<row2>	0.0000 0.0000 -0.8736 0.0000	</row2>
					<row3>	-0.1785 0.1548 0.8093 1.0000	</row3>
				</transform>
			</node>
			<node>
				<identifier>	MP_AM247_Ammunition_Box_INDEX_3	</identifier>
				<transform>
					<row0>	-0.4243 0.0000 -0.4243 0.0000	</row0>
					<row1>	0.0000 0.6000 0.0000 0.0000	</row1>
					<row2>	0.4243 0.0000 -0.4243 0.0000	</row2>
					<row3>	-0.0726 0.8201 1.1741 1.0000	</row3>
				</transform>
			</node>
			<node>
				<identifier>	MP_AM250_Ammunition_Box	</identifier>
				<transform>
					<row0>	-0.3832 0.0000 0.9237 0.0000	</row0>
					<row1>	0.0000 1.0000 0.0000 0.0000	</row1>
					<row2>	-0.9237 0.0000 -0.3832 0.0000	</row2>
					<row3>	0.1240 0.3224 2.0931 1.0000	</row3>
				</transform>
			</node>
			<node>
				<identifier>	MP_AM250_Ammunition_Box_INDEX_1	</identifier>
				<transform>
					<row0>	-0.6932 0.0000 -0.7208 0.0000	</row0>
					<row1>	0.0000 1.0000 0.0000 0.0000	</row1>
					<row2>	0.7208 0.0000 -0.6932 0.0000	</row2>
					<row3>	-0.1699 0.3169 2.0189 1.0000	</row3>
				</transform>
			</node>
			<node>
				<identifier>	MP_AM442_Multipole_Switch	</identifier>
				<transform>
					<row0>	1.0000 0.0000 0.0000 0.0000	</row0>
					<row1>	0.0000 1.0000 0.0000 0.0000	</row1>
					<row2>	0.0000 0.0000 1.0000 0.0000	</row2>
					<row3>	-0.0385 0.6948 1.4505 1.0000	</row3>
				</transform>
			</node>
			<node>
				<identifier>	MP_AM442_Multipole_Switch_INDEX_1	</identifier>
				<transform>
					<row0>	-0.8064 0.0000 -0.5913 0.0000	</row0>
					<row1>	0.0000 1.0000 0.0000 0.0000	</row1>
					<row2>	0.5913 0.0000 -0.8064 0.0000	</row2>
					<row3>	0.0455 0.8690 1.1719 1.0000	</row3>
				</transform>
			</node>
			<node>
				<identifier>	MP_AM442_Multipole_Switch_INDEX_2	</identifier>
				<transform>
					<row0>	0.0000 0.0000 -1.0000 0.0000	</row0>
					<row1>	0.0000 1.0000 0.0000 0.0000	</row1>
					<row2>	1.0000 0.0000 0.0000 0.0000	</row2>
					<row3>	0.1752 0.7315 1.0409 1.0000	</row3>
				</transform>
			</node>
			<node>
				<identifier>	MP_AM451_Signal_Lamp	</identifier>
				<transform>
					<row0>	0.8255 0.0000 -0.5644 0.0000	</row0>
					<row1>	0.0000 1.0000 0.0000 0.0000	</row1>
					<row2>	0.5644 0.0000 0.8255 0.0000	</row2>
					<row3>	-0.0317 1.5079 0.7902 1.0000	</row3>
				</transform>
			</node>
			<node>
				<identifier>	MP_AM451_Signal_Lamp_INDEX_1	</identifier>
				<transform>
					<row0>	0.7709 0.0000 -0.6370 0.0000	</row0>
					<row1>	0.0000 1.0000 0.0000 0.0000	</row1>
					<row2>	0.6370 0.0000 0.7709 0.0000	</row2>
					<row3>	-0.0271 1.6302 0.7896 1.0000	</row3>
				</transform>
			</node>
			<node>
				<identifier>	MP_AM510_Pelorus	</identifier>
				<transform>
					<row0>	1.0000 0.0000 0.0000 0.0000	</row0>
					<row1>	0.0000 1.0000 0.0000 0.0000	</row1>
					<row2>	0.0000 0.0000 1.0000 0.0000	</row2>
					<row3>	0.2704 0.6669 1.1654 1.0000	</row3>
				</transform>
			</node>
			<node>
				<identifier>	MP_AM510_Pelorus_INDEX_1	</identifier>
				<transform>
					<row0>	1.0000 0.0000 0.0000 0.0000	</row0>
					<row1>	0.0000 1.0000 0.0000 0.0000	</row1>
					<row2>	0.0000 0.0000 1.0000 0.0000	</row2>
					<row3>	-0.2706 0.6669 1.1654 1.0000	</row3>
				</transform>
			</node>
			<node>
				<identifier>	MP_AM527_Whaleboat_26ft	</identifier>
				<transform>
					<row0>	0.9937 0.1118 0.0065 0.0000	</row0>
					<row1>	-0.1118 0.9937 -0.0007 0.0000	</row1>
					<row2>	-0.0066 0.0000 1.0000 0.0000	</row2>
					<row3>	-0.4170 0.4162 1.2431 1.0000	</row3>
				</transform>
			</node>
			<node>
				<identifier>	MP_AM527_Whaleboat_26ft_INDEX_1	</identifier>
				<transform>
					<row0>	0.9937 -0.1118 -0.0065 0.0000	</row0>
					<row1>	0.1118 0.9937 -0.0007 0.0000	</row1>
					<row2>	0.0066 0.0000 1.0000 0.0000	</row2>
					<row3>	0.4168 0.4162 1.2431 1.0000	</row3>
				</transform>
			</node>
			<node>
				<identifier>	MP_AM529_Life_Buoy	</identifier>
				<transform>
					<row0>	0.0000 0.0000 1.0000 0.0000	</row0>
					<row1>	0.0000 1.0000 0.0000 0.0000	</row1>
					<row2>	-1.0000 0.0000 0.0000 0.0000	</row2>
					<row3>	0.3074 0.6940 0.8832 1.0000	</row3>
				</transform>
			</node>
			<node>
				<identifier>	MP_AM529_Life_Buoy_INDEX_1	</identifier>
				<transform>
					<row0>	0.0000 0.0000 -1.0000 0.0000	</row0>
					<row1>	0.0000 1.0000 0.0000 0.0000	</row1>
					<row2>	1.0000 0.0000 0.0000 0.0000	</row2>
					<row3>	-0.3075 0.6940 0.8832 1.0000	</row3>
				</transform>
			</node>
			<node>
				<identifier>	MP_AM572_Telpher	</identifier>
				<transform>
					<row0>	0.8920 0.0000 0.4520 0.0000	</row0>
					<row1>	0.0000 1.0000 0.0000 0.0000	</row1>
					<row2>	-0.4520 0.0000 0.8920 0.0000	</row2>
					<row3>	0.2011 0.4327 0.1670 1.0000	</row3>
				</transform>
			</node>
			<node>
				<identifier>	MP_AM572_Telpher_INDEX_1	</identifier>
				<transform>
					<row0>	0.8920 0.0003 -0.4520 0.0000	</row0>
					<row1>	-0.0004 1.0000 0.0000 0.0000	</row1>
					<row2>	0.4520 0.0002 0.8920 0.0000	</row2>
					<row3>	-0.2012 0.4327 0.1670 1.0000	</row3>
				</transform>
			</node>
			<node>
				<identifier>	MP_AM585_Hatch	</identifier>
				<transform>
					<row0>	0.0000 0.0000 -1.0000 0.0000	</row0>
					<row1>	0.0000 1.0000 0.0000 0.0000	</row1>
					<row2>	1.0000 0.0000 0.0000 0.0000	</row2>
					<row3>	-0.1177 0.1572 1.3505 1.0000	</row3>
				</transform>
			</node>
			<node>
				<identifier>	MP_AM585_Hatch_INDEX_1	</identifier>
				<transform>
					<row0>	0.0000 0.0000 1.0000 0.0000	</row0>
					<row1>	0.0000 1.0000 0.0000 0.0000	</row1>
					<row2>	-1.0000 0.0000 0.0000 0.0000	</row2>
					<row3>	0.1175 0.1572 1.3505 1.0000	</row3>
				</transform>
			</node>
			<node>
				<identifier>	MP_AM585_Hatch_INDEX_2	</identifier>
				<transform>
					<row0>	1.0000 0.0000 0.0000 0.0000	</row0>
					<row1>	0.0000 1.0000 0.0000 0.0000	</row1>
					<row2>	0.0000 0.0000 1.0000 0.0000	</row2>
					<row3>	0.0335 0.3304 2.3201 1.0000	</row3>
				</transform>
			</node>
			<node>
				<identifier>	MP_AM585_Hatch_INDEX_3	</identifier>
				<transform>
					<row0>	0.0000 0.0000 -1.0000 0.0000	</row0>
					<row1>	0.0000 1.0000 0.0000 0.0000	</row1>
					<row2>	1.0000 0.0000 0.0000 0.0000	</row2>
					<row3>	0.0000 0.4830 1.7636 1.0000	</row3>
				</transform>
			</node>
			<node>
				<identifier>	MP_CM011_Fire_Fighting_Gear	</identifier>
				<transform>
					<row0>	-1.0000 0.0000 0.0000 0.0000	</row0>
					<row1>	0.0000 1.0000 0.0000 0.0000	</row1>
					<row2>	0.0000 0.0000 -1.0000 0.0000	</row2>
					<row3>	-0.2336 0.3159 1.9529 1.0000	</row3>
				</transform>
			</node>
			<node>
				<identifier>	MP_CM011_Fire_Fighting_Gear_INDEX_1	</identifier>
				<transform>
					<row0>	1.0000 0.0000 0.0000 0.0000	</row0>
					<row1>	0.0000 1.0000 0.0000 0.0000	</row1>
					<row2>	0.0000 0.0000 1.0000 0.0000	</row2>
					<row3>	-0.1643 0.1581 -0.2919 1.0000	</row3>
				</transform>
			</node>
			<node>
				<identifier>	MP_CM011_Fire_Fighting_Gear_INDEX_2	</identifier>
				<transform>
					<row0>	-1.0000 0.0000 0.0000 0.0000	</row0>
					<row1>	0.0000 1.0000 0.0000 0.0000	</row1>
					<row2>	0.0000 0.0000 -1.0000 0.0000	</row2>
					<row3>	0.0878 0.3286 2.1272 1.0000	</row3>
				</transform>
			</node>
			<node>
				<identifier>	MP_CM011_Fire_Fighting_Gear_INDEX_3	</identifier>
				<transform>
					<row0>	1.0000 0.0000 0.0000 0.0000	</row0>
					<row1>	0.0000 1.0000 0.0000 0.0000	</row1>
					<row2>	0.0000 0.0000 1.0000 0.0000	</row2>
					<row3>	-0.1592 0.1593 0.7380 1.0000	</row3>
				</transform>
			</node>
			<node>
				<identifier>	MP_CM011_Fire_Fighting_Gear_INDEX_4	</identifier>
				<transform>
					<row0>	1.0000 0.0000 0.0000 0.0000	</row0>
					<row1>	0.0000 1.0000 0.0000 0.0000	</row1>
					<row2>	0.0000 0.0000 1.0000 0.0000	</row2>
					<row3>	0.2229 0.3143 1.7986 1.0000	</row3>
				</transform>
			</node>
			<node>
				<identifier>	MP_CM011_Fire_Fighting_Gear_INDEX_5	</identifier>
				<transform>
					<row0>	1.0000 0.0000 0.0000 0.0000	</row0>
					<row1>	0.0000 1.0000 0.0000 0.0000	</row1>
					<row2>	0.0000 0.0000 1.0000 0.0000	</row2>
					<row3>	0.1641 0.1581 -0.2919 1.0000	</row3>
				</transform>
			</node>
			<node>
				<identifier>	MP_CM011_Fire_Fighting_Gear_INDEX_6	</identifier>
				<transform>
					<row0>	1.0000 0.0000 0.0000 0.0000	</row0>
					<row1>	0.0000 1.0000 0.0000 0.0000	</row1>
					<row2>	0.0000 0.0000 1.0000 0.0000	</row2>
					<row3>	0.1618 0.1593 0.7380 1.0000	</row3>
				</transform>
			</node>
			<node>
				<identifier>	MP_CM013_Fire_Hose_Rack_2	</identifier>
				<transform>
					<row0>	0.0000 0.0000 1.0000 0.0000	</row0>
					<row1>	0.0000 1.0000 0.0000 0.0000	</row1>
					<row2>	-1.0000 0.0000 0.0000 0.0000	</row2>
					<row3>	0.1967 0.2216 -0.2813 1.0000	</row3>
				</transform>
			</node>
			<node>
				<identifier>	MP_CM013_Fire_Hose_Rack_2_INDEX_1	</identifier>
				<transform>
					<row0>	-0.9997 0.0000 -0.0247 0.0000	</row0>
					<row1>	0.0000 1.0000 0.0000 0.0000	</row1>
					<row2>	0.0247 0.0000 -0.9997 0.0000	</row2>
					<row3>	0.2135 0.3476 1.8590 1.0000	</row3>
				</transform>
			</node>
			<node>
				<identifier>	MP_CM013_Fire_Hose_Rack_2_INDEX_2	</identifier>
				<transform>
					<row0>	0.0000 0.0000 1.0000 0.0000	</row0>
					<row1>	0.0000 1.0000 0.0000 0.0000	</row1>
					<row2>	-1.0000 0.0000 0.0000 0.0000	</row2>
					<row3>	0.1613 0.2278 0.9510 1.0000	</row3>
				</transform>
			</node>
			<node>
