<FSC030_Toulon_1940_Bow_ports.visual>
	<node>
		<identifier>	Scene Root	</identifier>
		<transform>
			<row0>	1.0000 0.0000 0.0000 0.0000	</row0>
			<row1>	0.0000 1.0000 0.0000 0.0000	</row1>
			<row2>	0.0000 0.0000 1.0000 0.0000	</row2>
			<row3>	0.0000 0.0000 0.0000 1.0000	</row3>
		</transform>
		<node>
			<identifier>	Bow_ports	</identifier>
			<transform>
				<row0>	1.0000 0.0000 0.0000 0.0000	</row0>
				<row1>	0.0000 1.0000 0.0000 0.0000	</row1>
				<row2>	0.0000 0.0000 1.0000 0.0000	</row2>
				<row3>	0.0000 0.0000 0.0000 1.0000	</row3>
			</transform>
			<node>
				<identifier>	HP_FGA_1	</identifier>
				<transform>
					<row0>	1.0000 0.0000 0.0000 0.0000	</row0>
					<row1>	0.0000 1.0000 0.0000 0.0000	</row1>
					<row2>	0.0000 0.0000 1.0000 0.0000	</row2>
					<row3>	-0.4019 0.5294 4.6688 1.0000	</row3>
				</transform>
			</node>
			<node>
				<identifier>	HP_FGA_2	</identifier>
				<transform>
					<row0>	1.0000 0.0000 0.0000 0.0000	</row0>
					<row1>	0.0000 1.0000 0.0000 0.0000	</row1>
					<row2>	0.0000 0.0000 1.0000 0.0000	</row2>
					<row3>	0.4019 0.5294 4.6688 1.0000	</row3>
				</transform>
			</node>
			<node>
				<identifier>	HP_FGA_3	</identifier>
				<transform>
					<row0>	0.7071 0.0000 0.7071 0.0000	</row0>
					<row1>	0.0000 1.0000 0.0000 0.0000	</row1>
					<row2>	-0.7071 0.0000 0.7071 0.0000	</row2>
					<row3>	-0.4536 0.5152 4.0685 1.0000	</row3>
				</transform>
			</node>
			<node>
				<identifier>	HP_FGA_4	</identifier>
				<transform>
					<row0>	0.7071 0.0000 -0.7071 0.0000	</row0>
					<row1>	0.0000 1.0000 0.0000 0.0000	</row1>
					<row2>	0.7071 0.0000 0.7071 0.0000	</row2>
					<row3>	0.4536 0.5152 4.0685 1.0000	</row3>
				</transform>
			</node>
			<node>
				<identifier>	HP_FX_Death_1	</identifier>
				<transform>
					<row0>	1.0000 0.0000 0.0000 0.0000	</row0>
					<row1>	0.0000 1.0000 0.0000 0.0000	</row1>
					<row2>	0.0000 0.0000 1.0000 0.0000	</row2>
					<row3>	0.0000 0.0000 4.2461 1.0000	</row3>
				</transform>
			</node>
			<node>
				<identifier>	HP_FX_Fire_1	</identifier>
				<transform>
					<row0>	1.0000 0.0000 0.0000 0.0000	</row0>
					<row1>	0.0000 1.0000 0.0000 0.0000	</row1>
					<row2>	0.0000 0.0000 1.0000 0.0000	</row2>
					<row3>	0.0000 0.5518 5.0257 1.0000	</row3>
				</transform>
			</node>
			<node>
				<identifier>	HP_FX_WakeTrace	</identifier>
				<transform>
					<row0>	1.0000 0.0000 0.0000 0.0000	</row0>
					<row1>	0.0000 1.0000 0.0000 0.0000	</row1>
					<row2>	0.0000 0.0000 1.0000 0.0000	</row2>
					<row3>	0.0000 0.0000 6.7196 1.0000	</row3>
				</transform>
			</node>
			<node>
				<identifier>	HP_Ship_death_1	</identifier>
				<transform>
					<row0>	1.0000 0.0000 0.0000 0.0000	</row0>
					<row1>	0.0000 1.0000 0.0000 0.0000	</row1>
					<row2>	0.0000 0.0000 1.0000 0.0000	</row2>
					<row3>	0.0000 0.0000 3.8421 1.0000	</row3>
				</transform>
			</node>
			<node>
				<identifier>	MP_FM015_Life_Buoy	</identifier>
				<transform>
					<row0>	-0.1404 0.0000 0.9901 0.0000	</row0>
					<row1>	0.0000 1.0000 0.0000 0.0000	</row1>
					<row2>	-0.9901 0.0000 -0.1404 0.0000	</row2>
					<row3>	0.5485 0.5952 5.1626 1.0000	</row3>
				</transform>
			</node>
			<node>
				<identifier>	MP_FM015_Life_Buoy_INDEX_1	</identifier>
				<transform>
					<row0>	-0.1404 0.0000 -0.9901 0.0000	</row0>
					<row1>	0.0000 1.0000 0.0000 0.0000	</row1>
					<row2>	0.9901 0.0000 -0.1404 0.0000	</row2>
					<row3>	-0.5485 0.5952 5.1626 1.0000	</row3>
				</transform>
			</node>
			<node>
				<identifier>	MP_FM707_Locker	</identifier>
				<transform>
					<row0>	0.0016 -0.0105 -0.9999 0.0000	</row0>
					<row1>	0.0007 0.9999 -0.0105 0.0000	</row1>
					<row2>	1.0000 -0.0007 0.0016 0.0000	</row2>
					<row3>	-0.3179 0.5224 4.1271 1.0000	</row3>
				</transform>
			</node>
			<node>
				<identifier>	MP_FM707_Locker_INDEX_1	</identifier>
				<transform>
					<row0>	-0.0007 0.0245 0.9997 0.0000	</row0>
					<row1>	0.0008 0.9997 -0.0245 0.0000	</row1>
					<row2>	-1.0000 0.0008 -0.0008 0.0000	</row2>
					<row3>	0.2812 0.5342 4.7274 1.0000	</row3>
				</transform>
			</node>
			<node>
				<identifier>	MP_FM707_Locker_INDEX_10	</identifier>
				<transform>
					<row0>	-0.0105 -0.0301 -0.9995 0.0000	</row0>
					<row1>	-0.0031 0.9995 -0.0301 0.0000	</row1>
					<row2>	0.9999 0.0028 -0.0106 0.0000	</row2>
					<row3>	-0.2812 0.5315 4.6101 1.0000	</row3>
				</transform>
			</node>
			<node>
				<identifier>	MP_FM707_Locker_INDEX_11	</identifier>
				<transform>
					<row0>	0.0016 -0.0105 -0.9999 0.0000	</row0>
					<row1>	0.0007 0.9999 -0.0105 0.0000	</row1>
					<row2>	1.0000 -0.0007 0.0016 0.0000	</row2>
					<row3>	-0.3179 0.5231 4.1778 1.0000	</row3>
				</transform>
			</node>
			<node>
				<identifier>	MP_FM707_Locker_INDEX_12	</identifier>
				<transform>
					<row0>	-0.0016 0.0105 0.9999 0.0000	</row0>
					<row1>	0.0007 0.9999 -0.0105 0.0000	</row1>
					<row2>	-1.0000 0.0007 -0.0016 0.0000	</row2>
					<row3>	0.3179 0.5224 4.1271 1.0000	</row3>
				</transform>
			</node>
			<node>
				<identifier>	MP_FM707_Locker_INDEX_13	</identifier>
				<transform>
					<row0>	0.0105 0.0301 0.9995 0.0000	</row0>
					<row1>	-0.0031 0.9995 -0.0301 0.0000	</row1>
					<row2>	-0.9999 -0.0028 0.0106 0.0000	</row2>
					<row3>	0.2812 0.5304 4.5594 1.0000	</row3>
				</transform>
			</node>
			<node>
				<identifier>	MP_FM707_Locker_INDEX_14	</identifier>
				<transform>
					<row0>	0.0105 0.0301 0.9995 0.0000	</row0>
					<row1>	-0.0031 0.9995 -0.0301 0.0000	</row1>
					<row2>	-0.9999 -0.0028 0.0106 0.0000	</row2>
					<row3>	0.2812 0.5315 4.6101 1.0000	</row3>
				</transform>
			</node>
			<node>
				<identifier>	MP_FM707_Locker_INDEX_15	</identifier>
				<transform>
					<row0>	-0.0035 0.0185 0.9998 0.0000	</row0>
					<row1>	0.0008 0.9998 -0.0185 0.0000	</row1>
					<row2>	-1.0000 0.0007 -0.0035 0.0000	</row2>
					<row3>	0.3179 0.5197 3.9591 1.0000	</row3>
				</transform>
			</node>
			<node>
				<identifier>	MP_FM707_Locker_INDEX_2	</identifier>
				<transform>
					<row0>	0.0035 -0.0185 -0.9998 0.0000	</row0>
					<row1>	0.0008 0.9998 -0.0185 0.0000	</row1>
					<row2>	1.0000 -0.0007 0.0035 0.0000	</row2>
					<row3>	-0.3179 0.5207 4.0098 1.0000	</row3>
				</transform>
			</node>
			<node>
				<identifier>	MP_FM707_Locker_INDEX_3	</identifier>
				<transform>
					<row0>	-0.0016 0.0105 0.9999 0.0000	</row0>
					<row1>	0.0007 0.9999 -0.0105 0.0000	</row1>
					<row2>	-1.0000 0.0007 -0.0016 0.0000	</row2>
					<row3>	0.3179 0.5231 4.1778 1.0000	</row3>
				</transform>
			</node>
			<node>
				<identifier>	MP_FM707_Locker_INDEX_4	</identifier>
				<transform>
					<row0>	0.0007 -0.0245 -0.9997 0.0000	</row0>
					<row1>	0.0008 0.9997 -0.0245 0.0000	</row1>
					<row2>	1.0000 -0.0008 0.0008 0.0000	</row2>
					<row3>	-0.2812 0.5342 4.7274 1.0000	</row3>
				</transform>
			</node>
			<node>
				<identifier>	MP_FM707_Locker_INDEX_5	</identifier>
				<transform>
					<row0>	0.0007 -0.0245 -0.9997 0.0000	</row0>
					<row1>	0.0008 0.9997 -0.0245 0.0000	</row1>
					<row2>	1.0000 -0.0008 0.0008 0.0000	</row2>
					<row3>	-0.2812 0.5355 4.7781 1.0000	</row3>
				</transform>
			</node>
			<node>
				<identifier>	MP_FM707_Locker_INDEX_6	</identifier>
				<transform>
					<row0>	-0.0007 0.0245 0.9997 0.0000	</row0>
					<row1>	0.0008 0.9997 -0.0245 0.0000	</row1>
					<row2>	-1.0000 0.0008 -0.0008 0.0000	</row2>
					<row3>	0.2812 0.5355 4.7781 1.0000	</row3>
				</transform>
			</node>
			<node>
				<identifier>	MP_FM707_Locker_INDEX_7	</identifier>
				<transform>
					<row0>	-0.0105 -0.0301 -0.9995 0.0000	</row0>
					<row1>	-0.0031 0.9995 -0.0301 0.0000	</row1>
					<row2>	0.9999 0.0028 -0.0106 0.0000	</row2>
					<row3>	-0.2812 0.5304 4.5594 1.0000	</row3>
				</transform>
			</node>
			<node>
				<identifier>	MP_FM707_Locker_INDEX_8	</identifier>
				<transform>
					<row0>	0.0035 -0.0185 -0.9998 0.0000	</row0>
					<row1>	0.0008 0.9998 -0.0185 0.0000	</row1>
					<row2>	1.0000 -0.0007 0.0035 0.0000	</row2>
					<row3>	-0.3179 0.5197 3.9591 1.0000	</row3>
				</transform>
			</node>
			<node>
				<identifier>	MP_FM707_Locker_INDEX_9	</identifier>
				<transform>
					<row0>	-0.0035 0.0185 0.9998 0.0000	</row0>
					<row1>	0.0008 0.9998 -0.0185 0.0000	</row1>
					<row2>	-1.0000 0.0007 -0.0035 0.0000	</row2>
					<row3>	0.3179 0.5207 4.0098 1.0000	</row3>
				</transform>
			</node>
			<node>
				<identifier>	MP_FM857_Signal_White	</identifier>
				<transform>
					<row0>	1.0000 0.0000 0.0000 0.0000	</row0>
					<row1>	0.0000 1.0000 0.0000 0.0000	</row1>
					<row2>	0.0000 0.0000 1.0000 0.0000	</row2>
					<row3>	0.0000 0.8296 6.8668 1.0000	</row3>
				</transform>
			</node>
			<node>
				<identifier>	MP_FM952_Anchor_Capstan	</identifier>
				<transform>
					<row0>	1.2650 0.0000 0.0000 0.0000	</row0>
					<row1>	0.0000 1.2650 0.0000 0.0000	</row1>
					<row2>	0.0000 0.0000 1.2650 0.0000	</row2>
					<row3>	-0.1453 0.5462 4.2046 1.0000	</row3>
				</transform>
			</node>
			<node>
				<identifier>	MP_FM952_Anchor_Capstan_INDEX_1	</identifier>
				<transform>
					<row0>	1.2650 0.0000 0.0000 0.0000	</row0>
					<row1>	0.0000 1.2650 0.0000 0.0000	</row1>
					<row2>	0.0000 0.0000 1.2650 0.0000	</row2>
					<row3>	0.0185 0.5451 4.0531 1.0000	</row3>
				</transform>
			</node>
			<node>
				<identifier>	MP_FM952_Anchor_Capstan_INDEX_2	</identifier>
				<transform>
					<row0>	1.2650 0.0000 0.0000 0.0000	</row0>
					<row1>	0.0000 1.2650 0.0000 0.0000	</row1>
					<row2>	0.0000 0.0000 1.2650 0.0000	</row2>
					<row3>	0.1453 0.5462 4.2046 1.0000	</row3>
				</transform>
			</node>
			<node>
				<identifier>	MP_FM953_Anchor_Capstan	</identifier>
				<transform>
					<row0>	1.0000 0.0000 0.0000 0.0000	</row0>
					<row1>	0.0000 1.0000 0.0000 0.0000	</row1>
					<row2>	0.0000 0.0000 1.0000 0.0000	</row2>
					<row3>	0.0000 0.5262 4.4711 1.0000	</row3>
				</transform>
			</node>
		</node>
	</node>
	<boundingBox>
		<min>	-0.0667 -0.0667 -0.0667	</min>
		<max>	0.0667 0.0667 0.0667	</max>
	</boundingBox>
</FSC030_Toulon_1940_Bow_ports.visual>
