<BSB009_Conqueror_1949_Bow_ports.visual>
	<node>
		<identifier>	Scene Root	</identifier>
		<transform>
			<row0>	1.0000 0.0000 0.0000 0.0000	</row0>
			<row1>	0.0000 1.0000 0.0000 0.0000	</row1>
			<row2>	0.0000 0.0000 1.0000 0.0000	</row2>
			<row3>	0.0000 0.0000 0.0000 1.0000	</row3>
		</transform>
		<node>
			<identifier>	Bow_ports	</identifier>
			<transform>
				<row0>	1.0000 0.0000 0.0000 0.0000	</row0>
				<row1>	0.0000 1.0000 0.0000 0.0000	</row1>
				<row2>	0.0000 0.0000 1.0000 0.0000	</row2>
				<row3>	0.0000 0.0000 0.0000 1.0000	</row3>
			</transform>
			<node>
				<identifier>	HP_BGA_1	</identifier>
				<transform>
					<row0>	0.9397 0.0000 0.3420 0.0000	</row0>
					<row1>	0.0000 1.0000 0.0000 0.0000	</row1>
					<row2>	-0.3420 0.0000 0.9397 0.0000	</row2>
					<row3>	-0.2058 0.5225 6.2685 1.0000	</row3>
				</transform>
			</node>
			<node>
				<identifier>	HP_BGA_2	</identifier>
				<transform>
					<row0>	0.9397 0.0000 -0.3420 0.0000	</row0>
					<row1>	0.0000 1.0000 0.0000 0.0000	</row1>
					<row2>	0.3420 0.0000 0.9397 0.0000	</row2>
					<row3>	0.2058 0.5225 6.2685 1.0000	</row3>
				</transform>
			</node>
			<node>
				<identifier>	HP_BGA_3	</identifier>
				<transform>
					<row0>	0.1736 0.0000 0.9848 0.0000	</row0>
					<row1>	0.0000 1.0000 0.0000 0.0000	</row1>
					<row2>	-0.9848 0.0000 0.1736 0.0000	</row2>
					<row3>	-0.5348 0.5035 5.9447 1.0000	</row3>
				</transform>
			</node>
			<node>
				<identifier>	HP_BGA_4	</identifier>
				<transform>
					<row0>	0.1736 0.0000 -0.9848 0.0000	</row0>
					<row1>	0.0000 1.0000 0.0000 0.0000	</row1>
					<row2>	0.9848 0.0000 0.1736 0.0000	</row2>
					<row3>	0.5348 0.5035 5.9447 1.0000	</row3>
				</transform>
			</node>
			<node>
				<identifier>	HP_BGM_1	</identifier>
				<transform>
					<row0>	1.0000 0.0000 0.0000 0.0000	</row0>
					<row1>	0.0000 1.0000 0.0000 0.0000	</row1>
					<row2>	0.0000 0.0000 1.0000 0.0000	</row2>
					<row3>	0.0000 0.4936 4.4700 1.0000	</row3>
				</transform>
			</node>
			<node>
				<identifier>	HP_FX_Death_1	</identifier>
				<transform>
					<row0>	1.0000 0.0000 0.0000 0.0000	</row0>
					<row1>	0.0000 1.0000 0.0000 0.0000	</row1>
					<row2>	0.0000 0.0000 1.0000 0.0000	</row2>
					<row3>	0.0000 -0.0035 5.1910 1.0000	</row3>
				</transform>
			</node>
			<node>
				<identifier>	HP_FX_Fire_1	</identifier>
				<transform>
					<row0>	1.0000 0.0000 0.0000 0.0000	</row0>
					<row1>	0.0000 1.0000 0.0000 0.0000	</row1>
					<row2>	0.0000 0.0000 1.0000 0.0000	</row2>
					<row3>	0.0000 0.5209 6.6105 1.0000	</row3>
				</transform>
			</node>
			<node>
				<identifier>	HP_FX_RepairLight_left_1	</identifier>
				<transform>
					<row0>	0.1193 0.0000 0.9929 0.0000	</row0>
					<row1>	-0.4282 0.9022 0.0515 0.0000	</row1>
					<row2>	-0.8958 -0.4313 0.1076 0.0000	</row2>
					<row3>	-0.9136 0.4280 4.5322 1.0000	</row3>
				</transform>
			</node>
			<node>
				<identifier>	HP_FX_WakeTrace	</identifier>
				<transform>
					<row0>	1.0000 0.0000 0.0000 0.0000	</row0>
					<row1>	0.0000 1.0000 0.0000 0.0000	</row1>
					<row2>	0.0000 0.0000 1.0000 0.0000	</row2>
					<row3>	0.0000 0.0000 8.9278 1.0000	</row3>
				</transform>
			</node>
			<node>
				<identifier>	HP_Ship_death_1	</identifier>
				<transform>
					<row0>	1.0000 0.0000 0.0000 0.0000	</row0>
					<row1>	0.0000 1.0000 0.0000 0.0000	</row1>
					<row2>	0.0000 0.0000 1.0000 0.0000	</row2>
					<row3>	0.0000 0.0000 4.2523 1.0000	</row3>
				</transform>
			</node>
			<node>
				<identifier>	MP_BM001_Paravane	</identifier>
				<transform>
					<row0>	0.5000 0.0000 -0.8660 0.0000	</row0>
					<row1>	0.0000 1.0000 0.0000 0.0000	</row1>
					<row2>	0.8660 0.0000 0.5000 0.0000	</row2>
					<row3>	-0.4776 0.4726 5.2530 1.0000	</row3>
				</transform>
			</node>
			<node>
				<identifier>	MP_BM001_Paravane_INDEX_1	</identifier>
				<transform>
					<row0>	0.5000 0.0000 0.8660 0.0000	</row0>
					<row1>	0.0000 1.0000 0.0000 0.0000	</row1>
					<row2>	-0.8660 0.0000 0.5000 0.0000	</row2>
					<row3>	0.4776 0.4726 5.2530 1.0000	</row3>
				</transform>
			</node>
			<node>
				<identifier>	MP_BM019_Reels_1	</identifier>
				<transform>
					<row0>	0.7576 -0.0127 -0.2567 0.0000	</row0>
					<row1>	-0.0015 0.7988 -0.0438 0.0000	</row1>
					<row2>	0.2570 0.0420 0.7564 0.0000	</row2>
					<row3>	0.2162 0.4552 5.1908 1.0000	</row3>
				</transform>
			</node>
			<node>
				<identifier>	MP_BM019_Reels_1_INDEX_1	</identifier>
				<transform>
					<row0>	0.7576 0.0127 0.2567 0.0000	</row0>
					<row1>	0.0015 0.7988 -0.0438 0.0000	</row1>
					<row2>	-0.2570 0.0420 0.7564 0.0000	</row2>
					<row3>	-0.2162 0.4552 5.1908 1.0000	</row3>
				</transform>
			</node>
			<node>
				<identifier>	MP_BM019_Reels_1_INDEX_2	</identifier>
				<transform>
					<row0>	0.6555 0.0265 0.4579 0.0000	</row0>
					<row1>	-0.0064 0.7991 -0.0370 0.0000	</row1>
					<row2>	-0.4586 0.0266 0.6550 0.0000	</row2>
					<row3>	-0.4248 0.4499 5.1070 1.0000	</row3>
				</transform>
			</node>
			<node>
				<identifier>	MP_BM019_Reels_1_INDEX_3	</identifier>
				<transform>
					<row0>	0.6555 -0.0265 -0.4579 0.0000	</row0>
					<row1>	0.0064 0.7991 -0.0370 0.0000	</row1>
					<row2>	0.4586 0.0266 0.6550 0.0000	</row2>
					<row3>	0.4248 0.4499 5.1070 1.0000	</row3>
				</transform>
			</node>
			<node>
				<identifier>	MP_BM625_Telephone	</identifier>
				<transform>
					<row0>	-0.6088 0.0000 0.7934 0.0000	</row0>
					<row1>	0.0000 1.0000 0.0000 0.0000	</row1>
					<row2>	-0.7934 0.0000 -0.6088 0.0000	</row2>
					<row3>	0.0868 0.5701 6.1768 1.0000	</row3>
				</transform>
			</node>
			<node>
				<identifier>	MP_BM625_Telephone_INDEX_1	</identifier>
				<transform>
					<row0>	-0.6088 0.0000 -0.7934 0.0000	</row0>
					<row1>	0.0000 1.0000 0.0000 0.0000	</row1>
					<row2>	0.7934 0.0000 -0.6088 0.0000	</row2>
					<row3>	-0.0868 0.5701 6.1768 1.0000	</row3>
				</transform>
			</node>
			<node>
				<identifier>	MP_BM625_Telephone_INDEX_2	</identifier>
				<transform>
					<row0>	0.1305 0.0000 0.9914 0.0000	</row0>
					<row1>	0.0000 1.0000 0.0000 0.0000	</row1>
					<row2>	-0.9914 0.0000 0.1305 0.0000	</row2>
					<row3>	0.3859 0.5533 5.9634 1.0000	</row3>
				</transform>
			</node>
			<node>
				<identifier>	MP_BM625_Telephone_INDEX_3	</identifier>
				<transform>
					<row0>	0.1305 0.0000 -0.9914 0.0000	</row0>
					<row1>	0.0000 1.0000 0.0000 0.0000	</row1>
					<row2>	0.9914 0.0000 0.1305 0.0000	</row2>
					<row3>	-0.3859 0.5533 5.9634 1.0000	</row3>
				</transform>
			</node>
			<node>
				<identifier>	MP_BM706_Ammunition_Box	</identifier>
				<transform>
					<row0>	-0.6035 -0.0302 -0.5242 0.0000	</row0>
					<row1>	0.0016 0.7986 -0.0479 0.0000	</row1>
					<row2>	0.5251 -0.0372 -0.6024 0.0000	</row2>
					<row3>	-0.1204 0.4917 5.8066 1.0000	</row3>
				</transform>
			</node>
			<node>
				<identifier>	MP_BM706_Ammunition_Box_INDEX_1	</identifier>
				<transform>
					<row0>	-0.6035 0.0302 0.5242 0.0000	</row0>
					<row1>	-0.0016 0.7986 -0.0479 0.0000	</row1>
					<row2>	-0.5251 -0.0372 -0.6024 0.0000	</row2>
					<row3>	0.1204 0.4917 5.8066 1.0000	</row3>
				</transform>
			</node>
			<node>
				<identifier>	MP_BM751_Deck_Hatch	</identifier>
				<transform>
					<row0>	0.0000 0.0000 -1.0000 0.0000	</row0>
					<row1>	0.0000 1.0000 0.0000 0.0000	</row1>
					<row2>	1.0000 0.0000 0.0000 0.0000	</row2>
					<row3>	0.4522 0.4414 4.1427 1.0000	</row3>
				</transform>
			</node>
			<node>
				<identifier>	MP_BM751_Deck_Hatch_INDEX_1	</identifier>
				<transform>
					<row0>	0.0000 0.0000 1.0000 0.0000	</row0>
					<row1>	0.0000 1.0000 0.0000 0.0000	</row1>
					<row2>	-1.0000 0.0000 0.0000 0.0000	</row2>
					<row3>	-0.4593 0.4414 4.9372 1.0000	</row3>
				</transform>
			</node>
			<node>
				<identifier>	MP_BM751_Deck_Hatch_INDEX_2	</identifier>
				<transform>
					<row0>	0.0000 0.0000 -1.0000 0.0000	</row0>
					<row1>	0.0000 1.0000 0.0000 0.0000	</row1>
					<row2>	1.0000 0.0000 0.0000 0.0000	</row2>
					<row3>	0.4556 0.4414 4.8652 1.0000	</row3>
				</transform>
			</node>
			<node>
				<identifier>	MP_BM754_Deck_Hatch	</identifier>
				<transform>
					<row0>	0.0000 0.0000 -1.0000 0.0000	</row0>
					<row1>	0.0000 1.0000 0.0000 0.0000	</row1>
					<row2>	1.0000 0.0000 0.0000 0.0000	</row2>
					<row3>	0.0421 0.5377 6.5543 1.0000	</row3>
				</transform>
			</node>
			<node>
				<identifier>	MP_BM755_Hatch	</identifier>
				<transform>
					<row0>	1.0000 0.0000 0.0000 0.0000	</row0>
					<row1>	0.0000 1.0000 0.0000 0.0000	</row1>
					<row2>	0.0000 0.0000 1.0000 0.0000	</row2>
					<row3>	0.0572 0.4430 5.0076 1.0000	</row3>
				</transform>
			</node>
			<node>
				<identifier>	MP_BM755_Hatch_INDEX_1	</identifier>
				<transform>
					<row0>	1.0000 0.0000 0.0000 0.0000	</row0>
					<row1>	0.0000 1.0000 0.0000 0.0000	</row1>
					<row2>	0.0000 0.0000 1.0000 0.0000	</row2>
					<row3>	-0.3005 0.4430 5.0076 1.0000	</row3>
				</transform>
			</node>
			<node>
				<identifier>	MP_BM755_Hatch_INDEX_2	</identifier>
				<transform>
					<row0>	1.0000 0.0000 0.0000 0.0000	</row0>
					<row1>	0.0000 1.0000 0.0000 0.0000	</row1>
					<row2>	0.0000 0.0000 1.0000 0.0000	</row2>
					<row3>	-0.2957 0.4706 5.4964 1.0000	</row3>
				</transform>
			</node>
			<node>
				<identifier>	MP_BM755_Hatch_INDEX_3	</identifier>
				<transform>
					<row0>	1.0000 0.0000 0.0000 0.0000	</row0>
					<row1>	0.0000 1.0000 0.0000 0.0000	</row1>
					<row2>	0.0000 0.0000 1.0000 0.0000	</row2>
					<row3>	0.0000 0.5955 7.7609 1.0000	</row3>
				</transform>
			</node>
			<node>
				<identifier>	MP_BM800_Ventilators_mushroom	</identifier>
				<transform>
					<row0>	-1.0000 0.0000 0.0000 0.0000	</row0>
					<row1>	0.0000 1.0000 0.0000 0.0000	</row1>
					<row2>	0.0000 0.0000 -1.0000 0.0000	</row2>
					<row3>	0.3723 0.4508 5.1626 1.0000	</row3>
				</transform>
			</node>
			<node>
				<identifier>	MP_BM800_Ventilators_mushroom_INDEX_1	</identifier>
				<transform>
					<row0>	-1.0000 0.0000 0.0000 0.0000	</row0>
					<row1>	0.0000 1.0000 0.0000 0.0000	</row1>
					<row2>	0.0000 0.0000 -1.0000 0.0000	</row2>
					<row3>	0.4331 0.4331 4.5775 1.0000	</row3>
				</transform>
			</node>
			<node>
				<identifier>	MP_BM800_Ventilators_mushroom_INDEX_10	</identifier>
				<transform>
					<row0>	-1.0000 0.0000 0.0000 0.0000	</row0>
					<row1>	0.0000 1.0000 0.0000 0.0000	</row1>
					<row2>	0.0000 0.0000 -1.0000 0.0000	</row2>
					<row3>	-0.2968 0.4508 5.1862 1.0000	</row3>
				</transform>
			</node>
			<node>
				<identifier>	MP_BM800_Ventilators_mushroom_INDEX_11	</identifier>
				<transform>
					<row0>	-1.0000 0.0000 0.0000 0.0000	</row0>
					<row1>	0.0000 1.0000 0.0000 0.0000	</row1>
					<row2>	0.0000 0.0000 -1.0000 0.0000	</row2>
					<row3>	-0.4459 0.4331 4.5165 1.0000	</row3>
				</transform>
			</node>
			<node>
				<identifier>	MP_BM800_Ventilators_mushroom_INDEX_12	</identifier>
				<transform>
					<row0>	-1.0000 0.0000 0.0000 0.0000	</row0>
					<row1>	0.0000 1.0000 0.0000 0.0000	</row1>
					<row2>	0.0000 0.0000 -1.0000 0.0000	</row2>
					<row3>	0.2340 0.4710 5.4960 1.0000	</row3>
				</transform>
			</node>
			<node>
				<identifier>	MP_BM800_Ventilators_mushroom_INDEX_13	</identifier>
				<transform>
					<row0>	-1.0000 0.0000 0.0000 0.0000	</row0>
					<row1>	0.0000 1.0000 0.0000 0.0000	</row1>
					<row2>	0.0000 0.0000 -1.0000 0.0000	</row2>
					<row3>	-0.3723 0.4508 5.1639 1.0000	</row3>
				</transform>
			</node>
			<node>
				<identifier>	MP_BM800_Ventilators_mushroom_INDEX_14	</identifier>
				<transform>
					<row0>	-1.0000 0.0000 0.0000 0.0000	</row0>
					<row1>	0.0000 1.0000 0.0000 0.0000	</row1>
					<row2>	0.0000 0.0000 -1.0000 0.0000	</row2>
					<row3>	0.3965 0.4331 4.2886 1.0000	</row3>
				</transform>
			</node>
			<node>
				<identifier>	MP_BM800_Ventilators_mushroom_INDEX_15	</identifier>
				<transform>
					<row0>	-1.0000 0.0000 0.0000 0.0000	</row0>
					<row1>	0.0000 1.0000 0.0000 0.0000	</row1>
					<row2>	0.0000 0.0000 -1.0000 0.0000	</row2>
					<row3>	0.0518 0.5221 6.3764 1.0000	</row3>
				</transform>
			</node>
			<node>
				<identifier>	MP_BM800_Ventilators_mushroom_INDEX_16	</identifier>
				<transform>
					<row0>	-1.0000 0.0000 0.0000 0.0000	</row0>
					<row1>	0.0000 1.0000 0.0000 0.0000	</row1>
					<row2>	0.0000 0.0000 -1.0000 0.0000	</row2>
					<row3>	-0.2155 0.4800 5.6567 1.0000	</row3>
				</transform>
			</node>
			<node>
				<identifier>	MP_BM800_Ventilators_mushroom_INDEX_2	</identifier>
				<transform>
					<row0>	-1.0000 0.0000 0.0000 0.0000	</row0>
					<row1>	0.0000 1.0000 0.0000 0.0000	</row1>
					<row2>	0.0000 0.0000 -1.0000 0.0000	</row2>
					<row3>	-0.4008 0.4331 4.2951 1.0000	</row3>
				</transform>
			</node>
			<node>
				<identifier>	MP_BM800_Ventilators_mushroom_INDEX_3	</identifier>
				<transform>
					<row0>	-1.0000 0.0000 0.0000 0.0000	</row0>
					<row1>	0.0000 1.0000 0.0000 0.0000	</row1>
					<row2>	0.0000 0.0000 -1.0000 0.0000	</row2>
					<row3>	-0.0401 0.5383 6.6370 1.0000	</row3>
				</transform>
			</node>
			<node>
				<identifier>	MP_BM800_Ventilators_mushroom_INDEX_4	</identifier>
				<transform>
					<row0>	-1.0000 0.0000 0.0000 0.0000	</row0>
					<row1>	0.0000 1.0000 0.0000 0.0000	</row1>
					<row2>	0.0000 0.0000 -1.0000 0.0000	</row2>
					<row3>	-0.3902 0.5201 6.3352 1.0000	</row3>
				</transform>
			</node>
			<node>
				<identifier>	MP_BM800_Ventilators_mushroom_INDEX_5	</identifier>
				<transform>
					<row0>	-1.0000 0.0000 0.0000 0.0000	</row0>
					<row1>	0.0000 1.0000 0.0000 0.0000	</row1>
					<row2>	0.0000 0.0000 -1.0000 0.0000	</row2>
					<row3>	0.3534 0.5234 6.3947 1.0000	</row3>
				</transform>
			</node>
			<node>
				<identifier>	MP_BM800_Ventilators_mushroom_INDEX_6	</identifier>
				<transform>
					<row0>	-1.0000 0.0000 0.0000 0.0000	</row0>
					<row1>	0.0000 1.0000 0.0000 0.0000	</row1>
					<row2>	0.0000 0.0000 -1.0000 0.0000	</row2>
					<row3>	-0.2178 0.4331 4.8684 1.0000	</row3>
				</transform>
			</node>
			<node>
				<identifier>	MP_BM800_Ventilators_mushroom_INDEX_7	</identifier>
				<transform>
					<row0>	-1.0000 0.0000 0.0000 0.0000	</row0>
					<row1>	0.0000 1.0000 0.0000 0.0000	</row1>
					<row2>	0.0000 0.0000 -1.0000 0.0000	</row2>
					<row3>	0.2059 0.4331 4.8656 1.0000	</row3>
				</transform>
			</node>
			<node>
				<identifier>	MP_BM800_Ventilators_mushroom_INDEX_8	</identifier>
				<transform>
					<row0>	-1.0000 0.0000 0.0000 0.0000	</row0>
					<row1>	0.0000 1.0000 0.0000 0.0000	</row1>
					<row2>	0.0000 0.0000 -1.0000 0.0000	</row2>
					<row3>	0.2960 0.4508 5.1877 1.0000	</row3>
				</transform>
			</node>
			<node>
				<identifier>	MP_BM800_Ventilators_mushroom_INDEX_9	</identifier>
				<transform>
					<row0>	-1.0000 0.0000 0.0000 0.0000	</row0>
					<row1>	0.0000 1.0000 0.0000 0.0000	</row1>
					<row2>	0.0000 0.0000 -1.0000 0.0000	</row2>
					<row3>	0.0541 0.4800 5.6567 1.0000	</row3>
				</transform>
			</node>
			<node>
				<identifier>	MP_BM858_Signal_Lamp	</identifier>
				<transform>
					<row0>	1.0000 0.0000 0.0000 0.0000	</row0>
					<row1>	0.0000 1.0000 0.0000 0.0000	</row1>
					<row2>	0.0000 0.0000 1.0000 0.0000	</row2>
					<row3>	0.0150 1.1628 9.1772 1.0000	</row3>
				</transform>
			</node>
			<node>
				<identifier>	MP_BM862_Signal_Lamp	</identifier>
				<transform>
					<row0>	1.0000 0.0000 0.0000 0.0000	</row0>
					<row1>	0.0000 1.0000 0.0000 0.0000	</row1>
					<row2>	0.0000 0.0000 1.0000 0.0000	</row2>
					<row3>	0.0152 1.0604 9.1672 1.0000	</row3>
				</transform>
			</node>
			<node>
				<identifier>	MP_BM950_Anchor_top	</identifier>
				<transform>
					<row0>	0.4618 1.5502 0.9968 0.0000	</row0>
					<row1>	-0.4372 1.0904 -1.4933 0.0000	</row1>
					<row2>	-1.7904 0.1335 0.6217 0.0000	</row2>
					<row3>	0.2880 0.4874 8.2162 1.0000	</row3>
				</transform>
			</node>
			<node>
				<identifier>	MP_BM950_Anchor_top_INDEX_1	</identifier>
				<transform>
					<row0>	0.3060 1.5913 0.9921 0.0000	</row0>
					<row1>	-0.5901 1.0358 -1.4795 0.0000	</row1>
					<row2>	-1.7799 -0.0698 0.6610 0.0000	</row2>
					<row3>	0.2256 0.5054 8.4893 1.0000	</row3>
				</transform>
			</node>
			<node>
				<identifier>	MP_BM950_Anchor_top_INDEX_2	</identifier>
				<transform>
					<row0>	0.3060 -1.5913 -0.9921 0.0000	</row0>
					<row1>	0.5901 1.0358 -1.4795 0.0000	</row1>
					<row2>	1.7799 -0.0698 0.6610 0.0000	</row2>
					<row3>	-0.2256 0.5054 8.4893 1.0000	</row3>
				</transform>
			</node>
			<node>
				<identifier>	MP_BM951_Anchor_down	</identifier>
				<transform>
					<row0>	0.4576 1.5515 0.9968 0.0000	</row0>
					<row1>	0.1779 0.9851 -1.6149 0.0000	</row1>
					<row2>	-1.8355 0.4822 0.0920 0.0000	</row2>
					<row3>	0.2880 0.4874 8.2162 1.0000	</row3>
				</transform>
			</node>
			<node>
				<identifier>	MP_BM951_Anchor_down_INDEX_1	</identifier>
				<transform>
					<row0>	0.3018 1.5921 0.9920 0.0000	</row0>
					<row1>	0.1117 0.9877 -1.6192 0.0000	</row1>
					<row2>	-1.8726 0.3155 0.0633 0.0000	</row2>
					<row3>	0.2256 0.5054 8.4893 1.0000	</row3>
				</transform>
			</node>
			<node>
				<identifier>	MP_BM951_Anchor_down_INDEX_2	</identifier>
				<transform>
					<row0>	0.3018 -1.5921 -0.9920 0.0000	</row0>
					<row1>	-0.1117 0.9877 -1.6192 0.0000	</row1>
					<row2>	1.8726 0.3155 0.0633 0.0000	</row2>
					<row3>	-0.2256 0.5054 8.4893 1.0000	</row3>
				</transform>
			</node>
			<node>
				<identifier>	MP_BM964_3ton_electrik_winch_R	</identifier>
				<transform>
					<row0>	-0.6561 0.0000 -0.7547 0.0000	</row0>
					<row1>	0.0000 1.0000 0.0000 0.0000	</row1>
					<row2>	0.7547 0.0000 -0.6561 0.0000	</row2>
					<row3>	0.1692 0.4903 5.8635 1.0000	</row3>
				</transform>
			</node>
			<node>
				<identifier>	MP_BM965_3ton_electrik_winch_L	</identifier>
				<transform>
					<row0>	-0.6561 0.0000 0.7547 0.0000	</row0>
					<row1>	0.0000 1.0000 0.0000 0.0000	</row1>
					<row2>	-0.7547 0.0000 -0.6561 0.0000	</row2>
					<row3>	-0.1692 0.4903 5.8635 1.0000	</row3>
				</transform>
			</node>
			<node>
				<identifier>	MP_CM011_Fire_Fighting_Gear	</identifier>
				<transform>
					<row0>	1.0000 0.0000 0.0000 0.0000	</row0>
					<row1>	0.0000 1.0000 0.0000 0.0000	</row1>
					<row2>	0.0000 0.0000 1.0000 0.0000	</row2>
					<row3>	0.1233 0.5404 6.6370 1.0000	</row3>
				</transform>
			</node>
			<node>
				<identifier>	MP_CM011_Fire_Fighting_Gear_INDEX_1	</identifier>
				<transform>
					<row0>	1.0000 0.0000 0.0000 0.0000	</row0>
					<row1>	0.0000 1.0000 0.0000 0.0000	</row1>
					<row2>	0.0000 0.0000 1.0000 0.0000	</row2>
					<row3>	-0.1233 0.5404 6.6370 1.0000	</row3>
				</transform>
			</node>
			<node>
				<identifier>	MP_CM011_Fire_Fighting_Gear_INDEX_2	</identifier>
				<transform>
					<row0>	1.0000 0.0000 0.0000 0.0000	</row0>
					<row1>	0.0000 1.0000 0.0000 0.0000	</row1>
					<row2>	0.0000 0.0000 1.0000 0.0000	</row2>
					<row3>	0.0963 0.4595 5.2471 1.0000	</row3>
				</transform>
			</node>
			<node>
				<identifier>	MP_CM011_Fire_Fighting_Gear_INDEX_3	</identifier>
				<transform>
					<row0>	1.0000 0.0000 0.0000 0.0000	</row0>
					<row1>	0.0000 1.0000 0.0000 0.0000	</row1>
					<row2>	0.0000 0.0000 1.0000 0.0000	</row2>
					<row3>	-0.0963 0.4595 5.2471 1.0000	</row3>
				</transform>
			</node>
			<node>
				<identifier>	MP_CM012_Fire_Hose_Rack_1	</identifier>
				<transform>
					<row0>	0.1181 -0.4808 0.8688 0.0000	</row0>
					<row1>	0.0723 0.8768 0.4754 0.0000	</row1>
					<row2>	-0.9904 0.0066 0.1383 0.0000	</row2>
					<row3>	0.0966 0.4939 5.2981 1.0000	</row3>
				</transform>
			</node>
			<node>
				<identifier>	MP_CM012_Fire_Hose_Rack_1_INDEX_1	</identifier>
				<transform>
					<row0>	0.0000 -0.4081 0.9129 0.0000	</row0>
					<row1>	0.0000 0.9129 0.4081 0.0000	</row1>
					<row2>	-1.0000 0.0000 0.0000 0.0000	</row2>
					<row3>	0.1237 0.5914 6.6984 1.0000	</row3>
				</transform>
			</node>
			<node>
				<identifier>	MP_CM012_Fire_Hose_Rack_1_INDEX_2	</identifier>
				<transform>
					<row0>	0.0000 -0.4081 0.9129 0.0000	</row0>
					<row1>	0.0000 0.9129 0.4081 0.0000	</row1>
					<row2>	-1.0000 0.0000 0.0000 0.0000	</row2>
					<row3>	-0.1237 0.5914 6.6984 1.0000	</row3>
				</transform>
			</node>
			<node>
				<identifier>	MP_CM012_Fire_Hose_Rack_1_INDEX_3	</identifier>
				<transform>
					<row0>	-0.1181 -0.4808 0.8688 0.0000	</row0>
					<row1>	-0.0723 0.8768 0.4754 0.0000	</row1>
					<row2>	-0.9904 -0.0066 -0.1383 0.0000	</row2>
					<row3>	-0.0966 0.4939 5.2981 1.0000	</row3>
				</transform>
			</node>
			<node>
				<identifier>	MP_CM109_Leadsman_Platform	</identifier>
				<transform>
					<row0>	-0.9523 0.1708 0.2527 0.0000	</row0>
					<row1>	0.1509 0.9838 -0.0963 0.0000	</row1>
					<row2>	-0.2651 -0.0536 -0.9627 0.0000	</row2>
					<row3>	-0.2414 0.6448 8.4232 1.0000	</row3>
				</transform>
			</node>
			<node>
				<identifier>	MP_CM109_Leadsman_Platform_INDEX_1	</identifier>
				<transform>
					<row0>	0.9523 0.1708 0.2527 0.0000	</row0>
					<row1>	-0.1509 0.9838 -0.0963 0.0000	</row1>
					<row2>	-0.2651 0.0536 0.9627 0.0000	</row2>
					<row3>	0.2414 0.6448 8.4232 1.0000	</row3>
				</transform>
			</node>
			<node>
				<identifier>	MP_FM005_Bench	</identifier>
				<transform>
					<row0>	-0.6937 0.0327 0.5724 0.0000	</row0>
					<row1>	-0.0001 0.8985 -0.0515 0.0000	</row1>
					<row2>	-0.5734 -0.0398 -0.6926 0.0000	</row2>
					<row3>	0.2427 0.5001 5.9537 1.0000	</row3>
				</transform>
			</node>
			<node>
				<identifier>	MP_FM005_Bench_INDEX_1	</identifier>
				<transform>
					<row0>	-0.6937 -0.0327 -0.5724 0.0000	</row0>
					<row1>	0.0001 0.8985 -0.0515 0.0000	</row1>
					<row2>	0.5734 -0.0398 -0.6926 0.0000	</row2>
					<row3>	-0.2427 0.5001 5.9537 1.0000	</row3>
				</transform>
			</node>
			<node>
				<identifier>	SP_YMS001_YHBM_M_1	</identifier>
				<transform>
					<row0>	1.3070 0.0000 0.0000 0.0000	</row0>
					<row1>	0.0000 1.3070 0.0000 0.0000	</row1>
					<row2>	0.0000 0.0000 1.3070 0.0000	</row2>
					<row3>	0.0000 0.6743 9.1664 1.0000	</row3>
				</transform>
			</node>
			<node>
				<identifier>	SP_YMS002_YHBL_M_1	</identifier>
				<transform>
					<row0>	1.4259 0.0000 -0.1248 0.0000	</row0>
					<row1>	-0.0067 1.4293 -0.0760 0.0000	</row1>
					<row2>	0.1246 0.0763 1.4239 0.0000	</row2>
					<row3>	0.0000 0.6743 9.1664 1.0000	</row3>
				</transform>
			</node>
			<node>
				<identifier>	SP_YMS003_YHBR_M_1	</identifier>
				<transform>
					<row0>	1.4259 0.0000 0.1248 0.0000	</row0>
					<row1>	0.0067 1.4293 -0.0760 0.0000	</row1>
					<row2>	-0.1246 0.0763 1.4239 0.0000	</row2>
					<row3>	0.0000 0.6743 9.1664 1.0000	</row3>
				</transform>
			</node>
			<node>
				<identifier>	SP_YMS004_YHXL_L_1	</identifier>
				<transform>
					<row0>	1.0447 0.4536 -0.2887 0.0000	</row0>
					<row1>	-0.4114 1.0806 0.2091 0.0000	</row1>
					<row2>	0.3462 -0.0849 1.1196 0.0000	</row2>
					<row3>	-0.1973 0.4887 8.4350 1.0000	</row3>
				</transform>
			</node>
			<node>
				<identifier>	SP_YMS005_YHXR_L_1	</identifier>
				<transform>
					<row0>	1.0447 -0.4536 0.2887 0.0000	</row0>
					<row1>	0.4114 1.0806 0.2091 0.0000	</row1>
					<row2>	-0.3462 -0.0849 1.1196 0.0000	</row2>
					<row3>	0.1973 0.4887 8.4350 1.0000	</row3>
				</transform>
			</node>
			<node>
				<identifier>	SP_YMS010_YHWM_L_1	</identifier>
				<transform>
					<row0>	0.8810 0.0000 0.0000 0.0000	</row0>
					<row1>	0.0000 0.8810 0.0000 0.0000	</row1>
					<row2>	0.0000 0.0000 0.8810 0.0000	</row2>
					<row3>	0.0000 0.0000 8.9997 1.0000	</row3>
				</transform>
			</node>
			<node>
				<identifier>	SP_YMS011_YHWL_M_1	</identifier>
				<transform>
					<row0>	0.9811 0.0000 -0.1934 0.0000	</row0>
					<row1>	0.0000 1.0000 0.0000 0.0000	</row1>
					<row2>	0.1934 0.0000 0.9811 0.0000	</row2>
					<row3>	-0.2480 0.0000 7.4883 1.0000	</row3>
				</transform>
			</node>
			<node>
				<identifier>	SP_YMS011_YHWL_M_1_INDEX_1	</identifier>
				<transform>
					<row0>	0.9773 0.0000 -0.2117 0.0000	</row0>
					<row1>	0.0000 1.0000 0.0000 0.0000	</row1>
					<row2>	0.2117 0.0000 0.9773 0.0000	</row2>
					<row3>	-0.4014 0.0000 6.6642 1.0000	</row3>
				</transform>
			</node>
			<node>
				<identifier>	SP_YMS011_YHWL_M_1_INDEX_2	</identifier>
				<transform>
					<row0>	0.9753 0.0000 -0.2209 0.0000	</row0>
					<row1>	0.0000 1.0000 0.0000 0.0000	</row1>
					<row2>	0.2209 0.0000 0.9753 0.0000	</row2>
					<row3>	-0.5601 0.0000 5.8435 1.0000	</row3>
				</transform>
			</node>
			<node>
				<identifier>	SP_YMS011_YHWL_M_1_INDEX_3	</identifier>
				<transform>
					<row0>	0.9791 0.0000 -0.2036 0.0000	</row0>
					<row1>	0.0000 1.0000 0.0000 0.0000	</row1>
					<row2>	0.2036 0.0000 0.9791 0.0000	</row2>
					<row3>	-0.7218 0.0000 5.0239 1.0000	</row3>
				</transform>
			</node>
			<node>
				<identifier>	SP_YMS012_YHWR_M_1	</identifier>
				<transform>
					<row0>	0.9811 0.0000 0.1934 0.0000	</row0>
					<row1>	0.0000 1.0000 0.0000 0.0000	</row1>
					<row2>	-0.1934 0.0000 0.9811 0.0000	</row2>
					<row3>	0.2480 0.0000 7.4883 1.0000	</row3>
				</transform>
			</node>
			<node>
				<identifier>	SP_YMS012_YHWR_M_1_INDEX_1	</identifier>
				<transform>
					<row0>	0.9773 0.0000 0.2117 0.0000	</row0>
					<row1>	0.0000 1.0000 0.0000 0.0000	</row1>
					<row2>	-0.2117 0.0000 0.9773 0.0000	</row2>
					<row3>	0.4014 0.0000 6.6642 1.0000	</row3>
				</transform>
			</node>
			<node>
				<identifier>	SP_YMS012_YHWR_M_1_INDEX_2	</identifier>
				<transform>
					<row0>	0.9753 0.0000 0.2209 0.0000	</row0>
					<row1>	0.0000 1.0000 0.0000 0.0000	</row1>
					<row2>	-0.2209 0.0000 0.9753 0.0000	</row2>
					<row3>	0.5601 0.0000 5.8435 1.0000	</row3>
				</transform>
			</node>
			<node>
				<identifier>	SP_YMS012_YHWR_M_1_INDEX_3	</identifier>
				<transform>
					<row0>	0.9791 0.0000 0.2036 0.0000	</row0>
					<row1>	0.0000 1.0000 0.0000 0.0000	</row1>
					<row2>	-0.2036 0.0000 0.9791 0.0000	</row2>
					<row3>	0.7218 0.0000 5.0239 1.0000	</row3>
				</transform>
			</node>
			<node>
				<identifier>	SP_YMS020_YHBU_M_1	</identifier>
				<transform>
					<row0>	1.7920 0.0000 0.0000 0.0000	</row0>
					<row1>	0.0000 1.7894 0.0960 0.0000	</row1>
					<row2>	0.0000 -0.0960 1.7894 0.0000	</row2>
					<row3>	0.0000 0.0352 8.7401 1.0000	</row3>
				</transform>
			</node>
			<node>
				<identifier>	SP_YMS022_YHUS_L_1	</identifier>
				<transform>
					<row0>	-0.2244 0.0000 -1.2844 0.0000	</row0>
					<row1>	-0.2486 1.2792 0.0434 0.0000	</row1>
					<row2>	1.2601 0.2524 -0.2202 0.0000	</row2>
					<row3>	-0.6910 -0.4764 4.5135 1.0000	</row3>
				</transform>
			</node>
			<node>
				<identifier>	SP_YMS022_YHUS_L_1_INDEX_1	</identifier>
				<transform>
					<row0>	-0.2244 0.0000 1.2844 0.0000	</row0>
					<row1>	0.2486 1.2792 0.0434 0.0000	</row1>
					<row2>	-1.2601 0.2524 -0.2202 0.0000	</row2>
					<row3>	0.6910 -0.4764 4.5135 1.0000	</row3>
				</transform>
			</node>
			<node>
				<identifier>	SP_YMS051_YHDL_L_1	</identifier>
				<transform>
					<row0>	0.7706 0.0003 -0.0823 0.0000	</row0>
					<row1>	-0.0023 0.7748 -0.0190 0.0000	</row1>
					<row2>	0.0822 0.0191 0.7704 0.0000	</row2>
					<row3>	-0.8847 0.4562 5.0468 1.0000	</row3>
				</transform>
			</node>
			<node>
				<identifier>	SP_YMS052_YHDR_L_1	</identifier>
				<transform>
					<row0>	0.7706 -0.0003 0.0823 0.0000	</row0>
					<row1>	0.0023 0.7748 -0.0190 0.0000	</row1>
					<row2>	-0.0822 0.0191 0.7704 0.0000	</row2>
					<row3>	0.8847 0.4562 5.0468 1.0000	</row3>
				</transform>
			</node>
			<node>
				<identifier>	SP_YMS053_YHDC_S_1	</identifier>
				<transform>
					<row0>	1.0000 0.0000 0.0000 0.0000	</row0>
					<row1>	0.0000 0.9977 -0.0684 0.0000	</row1>
					<row2>	0.0000 0.0684 0.9977 0.0000	</row2>
					<row3>	0.0000 0.5916 7.5473 1.0000	</row3>
				</transform>
			</node>
			<node>
				<identifier>	SP_YMS053_YHDC_S_1_INDEX_1	</identifier>
				<transform>
					<row0>	1.0000 0.0000 0.0000 0.0000	</row0>
					<row1>	0.0000 0.9982 -0.0601 0.0000	</row1>
					<row2>	0.0000 0.0601 0.9982 0.0000	</row2>
					<row3>	-0.4567 0.5409 6.6953 1.0000	</row3>
				</transform>
			</node>
			<node>
				<identifier>	SP_YMS053_YHDC_S_1_INDEX_2	</identifier>
				<transform>
					<row0>	1.0000 0.0000 0.0000 0.0000	</row0>
					<row1>	0.0000 0.9982 -0.0601 0.0000	</row1>
					<row2>	0.0000 0.0601 0.9982 0.0000	</row2>
					<row3>	0.4567 0.5409 6.6953 1.0000	</row3>
				</transform>
			</node>
			<node>
				<identifier>	SP_YMS071_YHHC_S_1	</identifier>
				<transform>
					<row0>	-0.5465 1.2584 -0.0071 0.0000	</row0>
					<row1>	-1.2359 -0.5353 0.2617 0.0000	</row1>
					<row2>	0.2373 0.1107 1.3468 0.0000	</row2>
					<row3>	-0.3782 0.2744 7.2377 1.0000	</row3>
				</transform>
			</node>
			<node>
				<identifier>	SP_YMS071_YHHC_S_1_INDEX_1	</identifier>
				<transform>
					<row0>	-0.5465 -1.2584 0.0071 0.0000	</row0>
					<row1>	1.2359 -0.5353 0.2617 0.0000	</row1>
					<row2>	-0.2373 0.1107 1.3468 0.0000	</row2>
					<row3>	0.3782 0.2744 7.2377 1.0000	</row3>
				</transform>
			</node>
			<node>
				<identifier>	SP_YMS080_YHSL_M_1	</identifier>
				<transform>
					<row0>	1.1127 0.5676 -0.2055 0.0000	</row0>
					<row1>	-0.5582 1.1315 0.1031 0.0000	</row1>
					<row2>	0.2299 0.0000 1.2448 0.0000	</row2>
					<row3>	-0.5024 0.3129 6.5803 1.0000	</row3>
				</transform>
			</node>
			<node>
				<identifier>	SP_YMS080_YHSL_M_1_INDEX_1	</identifier>
				<transform>
					<row0>	0.8782 0.4412 -0.0880 0.0000	</row0>
					<row1>	-0.4351 0.8820 0.0804 0.0000	</row1>
					<row2>	0.1146 -0.0327 0.9795 0.0000	</row2>
					<row3>	-0.7368 0.2756 5.0971 1.0000	</row3>
				</transform>
			</node>
			<node>
				<identifier>	SP_YMS081_YHSR_M_1	</identifier>
				<transform>
					<row0>	1.1127 -0.5676 0.2055 0.0000	</row0>
					<row1>	0.5582 1.1315 0.1031 0.0000	</row1>
					<row2>	-0.2299 0.0000 1.2448 0.0000	</row2>
					<row3>	0.5024 0.3129 6.5803 1.0000	</row3>
				</transform>
			</node>
			<node>
				<identifier>	SP_YMS081_YHSR_M_1_INDEX_1	</identifier>
				<transform>
					<row0>	0.8782 -0.4412 0.0880 0.0000	</row0>
					<row1>	0.4351 0.8820 0.0804 0.0000	</row1>
					<row2>	-0.1146 -0.0327 0.9795 0.0000	</row2>
					<row3>	0.7368 0.2756 5.0971 1.0000	</row3>
				</transform>
			</node>
		</node>
	</node>
	<boundingBox>
		<min>	-0.0667 -0.0667 -0.0667	</min>
		<max>	0.0667 0.0667 0.0667	</max>
	</boundingBox>
</BSB009_Conqueror_1949_Bow_ports.visual>
