<ZSB001_Bajie_1945_MidBack_ports.visual>
	<node>
		<identifier>	Scene Root	</identifier>
		<transform>
			<row0>	1.0000 0.0000 0.0000 0.0000	</row0>
			<row1>	0.0000 1.0000 0.0000 0.0000	</row1>
			<row2>	0.0000 0.0000 1.0000 0.0000	</row2>
			<row3>	0.0000 0.0000 0.0000 1.0000	</row3>
		</transform>
		<node>
			<identifier>	MidBack_ports	</identifier>
			<transform>
				<row0>	1.0000 0.0000 0.0000 0.0000	</row0>
				<row1>	0.0000 1.0000 0.0000 0.0000	</row1>
				<row2>	0.0000 0.0000 1.0000 0.0000	</row2>
				<row3>	0.0000 0.0000 0.0000 1.0000	</row3>
			</transform>
			<node>
				<identifier>	HP_FX_Death_3	</identifier>
				<transform>
					<row0>	1.0000 0.0000 0.0000 0.0000	</row0>
					<row1>	0.0000 1.0000 0.0000 0.0000	</row1>
					<row2>	0.0000 0.0000 1.0000 0.0000	</row2>
					<row3>	0.0000 0.0000 -4.4536 1.0000	</row3>
				</transform>
			</node>
			<node>
				<identifier>	HP_FX_Fire_3	</identifier>
				<transform>
					<row0>	1.0000 0.0000 0.0000 0.0000	</row0>
					<row1>	0.0000 1.0000 0.0000 0.0000	</row1>
					<row2>	0.0000 0.0000 1.0000 0.0000	</row2>
					<row3>	0.0000 0.8257 -2.3969 1.0000	</row3>
				</transform>
			</node>
			<node>
				<identifier>	HP_FX_Fire_3_side_1	</identifier>
				<transform>
					<row0>	1.0000 0.0000 0.0000 0.0000	</row0>
					<row1>	0.0000 1.0000 0.0000 0.0000	</row1>
					<row2>	0.0000 0.0000 1.0000 0.0000	</row2>
					<row3>	1.0448 0.6823 -0.0643 1.0000	</row3>
				</transform>
			</node>
			<node>
				<identifier>	HP_FX_Fire_3_side_2	</identifier>
				<transform>
					<row0>	1.0000 0.0000 0.0000 0.0000	</row0>
					<row1>	0.0000 1.0000 0.0000 0.0000	</row1>
					<row2>	0.0000 0.0000 1.0000 0.0000	</row2>
					<row3>	-0.9965 0.5937 -3.0015 1.0000	</row3>
				</transform>
			</node>
			<node>
				<identifier>	HP_FX_Fire_5	</identifier>
				<transform>
					<row0>	1.0000 0.0000 0.0000 0.0000	</row0>
					<row1>	0.0000 1.0000 0.0000 0.0000	</row1>
					<row2>	0.0000 0.0000 1.0000 0.0000	</row2>
					<row3>	0.0000 0.6578 0.0204 1.0000	</row3>
				</transform>
			</node>
			<node>
				<identifier>	HP_FX_Fire_5_1	</identifier>
				<transform>
					<row0>	1.0000 0.0000 0.0000 0.0000	</row0>
					<row1>	0.0000 1.0000 0.0000 0.0000	</row1>
					<row2>	0.0000 0.0000 1.0000 0.0000	</row2>
					<row3>	0.0000 0.8922 -1.0272 1.0000	</row3>
				</transform>
			</node>
			<node>
				<identifier>	HP_FX_FloodLight_left_1	</identifier>
				<transform>
					<row0>	-0.9467 0.0000 0.3221 0.0000	</row0>
					<row1>	0.0000 1.0000 0.0000 0.0000	</row1>
					<row2>	-0.3221 0.0000 -0.9467 0.0000	</row2>
					<row3>	-0.2373 1.6822 -0.3061 1.0000	</row3>
				</transform>
			</node>
			<node>
				<identifier>	HP_FX_FloodLight_left_2	</identifier>
				<transform>
					<row0>	-1.0000 0.0000 0.0000 0.0000	</row0>
					<row1>	0.0000 1.0000 0.0000 0.0000	</row1>
					<row2>	0.0000 0.0000 -1.0000 0.0000	</row2>
					<row3>	-0.1049 1.5662 -3.1894 1.0000	</row3>
				</transform>
			</node>
			<node>
				<identifier>	HP_FX_FloodLight_right_1	</identifier>
				<transform>
					<row0>	1.0000 0.0000 0.0000 0.0000	</row0>
					<row1>	0.0000 1.0000 0.0000 0.0000	</row1>
					<row2>	0.0000 0.0000 1.0000 0.0000	</row2>
					<row3>	0.1049 1.5662 -3.1894 1.0000	</row3>
				</transform>
			</node>
			<node>
				<identifier>	HP_FX_FloodLight_right_2	</identifier>
				<transform>
					<row0>	0.9670 0.0000 0.2546 0.0000	</row0>
					<row1>	0.0000 1.0000 0.0000 0.0000	</row1>
					<row2>	-0.2546 0.0000 0.9670 0.0000	</row2>
					<row3>	0.2340 1.6822 -0.3208 1.0000	</row3>
				</transform>
			</node>
			<node>
				<identifier>	HP_FX_Flood_steam_1	</identifier>
				<transform>
					<row0>	1.0000 0.0000 0.0000 0.0000	</row0>
					<row1>	0.0000 0.6820 -0.7314 0.0000	</row1>
					<row2>	0.0000 0.7314 0.6820 0.0000	</row2>
					<row3>	-0.1799 1.6462 -2.1038 1.0000	</row3>
				</transform>
			</node>
			<node>
				<identifier>	HP_FX_Flood_steam_2	</identifier>
				<transform>
					<row0>	1.0000 0.0000 0.0000 0.0000	</row0>
					<row1>	0.0000 0.8158 -0.5784 0.0000	</row1>
					<row2>	0.0000 0.5784 0.8158 0.0000	</row2>
					<row3>	0.1779 1.6462 -2.1180 1.0000	</row3>
				</transform>
			</node>
			<node>
				<identifier>	HP_FX_Flood_steam_exhaust_2	</identifier>
				<transform>
					<row0>	0.9764 0.0000 0.2158 0.0000	</row0>
					<row1>	0.0670 0.9506 -0.3031 0.0000	</row1>
					<row2>	-0.2052 0.3105 0.9282 0.0000	</row2>
					<row3>	0.2032 1.7251 -1.5989 1.0000	</row3>
				</transform>
			</node>
			<node>
				<identifier>	HP_FX_Flood_steam_exhaust_3	</identifier>
				<transform>
					<row0>	0.9568 -0.0969 -0.2741 0.0000	</row0>
					<row1>	-0.0255 0.9112 -0.4113 0.0000	</row1>
					<row2>	0.2896 0.4005 0.8693 0.0000	</row2>
					<row3>	-0.2149 1.7201 -1.6054 1.0000	</row3>
				</transform>
			</node>
			<node>
				<identifier>	HP_FX_Flood_water_left_2	</identifier>
				<transform>
					<row0>	-1.0000 0.0000 0.0000 0.0000	</row0>
					<row1>	0.0000 1.0000 0.0000 0.0000	</row1>
					<row2>	0.0000 0.0000 -1.0000 0.0000	</row2>
					<row3>	-1.2393 0.0321 -1.1654 1.0000	</row3>
				</transform>
			</node>
			<node>
				<identifier>	HP_FX_Flood_water_left_4	</identifier>
				<transform>
					<row0>	-0.9984 0.0000 -0.0568 0.0000	</row0>
					<row1>	0.0000 1.0000 0.0000 0.0000	</row1>
					<row2>	0.0568 0.0000 -0.9984 0.0000	</row2>
					<row3>	-1.0960 0.0331 -3.9190 1.0000	</row3>
				</transform>
			</node>
			<node>
				<identifier>	HP_FX_Flood_water_right_2	</identifier>
				<transform>
					<row0>	1.0000 0.0000 0.0000 0.0000	</row0>
					<row1>	0.0000 1.0000 0.0000 0.0000	</row1>
					<row2>	0.0000 0.0000 1.0000 0.0000	</row2>
					<row3>	1.2420 0.0330 -1.1654 1.0000	</row3>
				</transform>
			</node>
			<node>
				<identifier>	HP_FX_Flood_water_right_4	</identifier>
				<transform>
					<row0>	1.0000 0.0000 0.0000 0.0000	</row0>
					<row1>	0.0000 1.0000 0.0000 0.0000	</row1>
					<row2>	0.0000 0.0000 1.0000 0.0000	</row2>
					<row3>	1.0952 0.0362 -3.9190 1.0000	</row3>
				</transform>
			</node>
			<node>
				<identifier>	HP_FX_RepairLight_left_2	</identifier>
				<transform>
					<row0>	0.0000 0.0000 1.0000 0.0000	</row0>
					<row1>	0.0000 1.0000 0.0000 0.0000	</row1>
					<row2>	-1.0000 0.0000 0.0000 0.0000	</row2>
					<row3>	-1.2054 0.5968 -4.4080 1.0000	</row3>
				</transform>
			</node>
			<node>
				<identifier>	HP_FX_RepairLight_right_1	</identifier>
				<transform>
					<row0>	0.0000 0.0000 -1.0000 0.0000	</row0>
					<row1>	0.0000 1.0000 0.0000 0.0000	</row1>
					<row2>	1.0000 0.0000 0.0000 0.0000	</row2>
					<row3>	1.1787 0.6038 -3.0140 1.0000	</row3>
				</transform>
			</node>
			<node>
				<identifier>	HP_FX_Smoke_1	</identifier>
				<transform>
					<row0>	1.0000 0.0000 0.0000 0.0000	</row0>
					<row1>	0.0000 0.9981 -0.0620 0.0000	</row1>
					<row2>	0.0000 0.0620 0.9981 0.0000	</row2>
					<row3>	0.0000 1.7469 -1.7744 1.0000	</row3>
				</transform>
			</node>
			<node>
				<identifier>	HP_Flagpole	</identifier>
				<transform>
					<row0>	0.8000 0.0000 0.0000 0.0000	</row0>
					<row1>	0.0000 0.8000 0.0000 0.0000	</row1>
					<row2>	0.0000 0.0000 0.8000 0.0000	</row2>
					<row3>	0.0000 3.3905 -2.8356 1.0000	</row3>
				</transform>
			</node>
			<node>
				<identifier>	HP_Ship_death_2	</identifier>
				<transform>
					<row0>	1.0000 0.0000 0.0000 0.0000	</row0>
					<row1>	0.0000 1.0000 0.0000 0.0000	</row1>
					<row2>	0.0000 0.0000 1.0000 0.0000	</row2>
					<row3>	0.0000 0.0000 0.1882 1.0000	</row3>
				</transform>
			</node>
			<node>
				<identifier>	HP_ZD_1	</identifier>
				<transform>
					<row0>	1.0000 0.0000 0.0000 0.0000	</row0>
					<row1>	0.0000 1.0000 0.0000 0.0000	</row1>
					<row2>	0.0000 0.0000 1.0000 0.0000	</row2>
					<row3>	-0.1809 2.0594 -0.2668 1.0000	</row3>
				</transform>
			</node>
			<node>
				<identifier>	HP_ZD_10	</identifier>
				<transform>
					<row0>	-1.0000 0.0000 0.0000 0.0000	</row0>
					<row1>	0.0000 1.0000 0.0000 0.0000	</row1>
					<row2>	0.0000 0.0000 -1.0000 0.0000	</row2>
					<row3>	0.0000 1.6876 -3.2192 1.0000	</row3>
				</transform>
			</node>
			<node>
				<identifier>	HP_ZD_2	</identifier>
				<transform>
					<row0>	1.0000 0.0000 0.0000 0.0000	</row0>
					<row1>	0.0000 1.0000 0.0000 0.0000	</row1>
					<row2>	0.0000 0.0000 1.0000 0.0000	</row2>
					<row3>	0.1809 2.0594 -0.2668 1.0000	</row3>
				</transform>
			</node>
			<node>
				<identifier>	HP_ZD_3	</identifier>
				<transform>
					<row0>	0.0000 0.0000 1.0000 0.0000	</row0>
					<row1>	0.0000 1.0000 0.0000 0.0000	</row1>
					<row2>	-1.0000 0.0000 0.0000 0.0000	</row2>
					<row3>	-0.3881 1.2870 -0.3554 1.0000	</row3>
				</transform>
			</node>
			<node>
				<identifier>	HP_ZD_4	</identifier>
				<transform>
					<row0>	0.0000 0.0000 -1.0000 0.0000	</row0>
					<row1>	0.0000 1.0000 0.0000 0.0000	</row1>
					<row2>	1.0000 0.0000 0.0000 0.0000	</row2>
					<row3>	0.3881 1.2870 -0.3554 1.0000	</row3>
				</transform>
			</node>
			<node>
				<identifier>	HP_ZD_5	</identifier>
				<transform>
					<row0>	1.0000 0.0000 0.0000 0.0000	</row0>
					<row1>	0.0000 1.0000 0.0000 0.0000	</row1>
					<row2>	0.0000 0.0000 1.0000 0.0000	</row2>
					<row3>	0.0000 2.8107 -0.5746 1.0000	</row3>
				</transform>
			</node>
			<node>
				<identifier>	HP_ZD_6	</identifier>
				<transform>
					<row0>	0.0000 0.0000 1.0000 0.0000	</row0>
					<row1>	0.0000 1.0000 0.0000 0.0000	</row1>
					<row2>	-1.0000 0.0000 0.0000 0.0000	</row2>
					<row3>	-0.3124 1.4748 -1.7508 1.0000	</row3>
				</transform>
			</node>
			<node>
				<identifier>	HP_ZD_7	</identifier>
				<transform>
					<row0>	0.0000 0.0000 -1.0000 0.0000	</row0>
					<row1>	0.0000 1.0000 0.0000 0.0000	</row1>
					<row2>	1.0000 0.0000 0.0000 0.0000	</row2>
					<row3>	0.3124 1.4748 -1.7508 1.0000	</row3>
				</transform>
			</node>
			<node>
				<identifier>	HP_ZD_8	</identifier>
				<transform>
					<row0>	0.0000 0.0000 1.0000 0.0000	</row0>
					<row1>	0.0000 1.0000 0.0000 0.0000	</row1>
					<row2>	-1.0000 0.0000 0.0000 0.0000	</row2>
					<row3>	-0.2097 1.3638 -3.1699 1.0000	</row3>
				</transform>
			</node>
			<node>
				<identifier>	HP_ZD_9	</identifier>
				<transform>
					<row0>	0.0000 0.0000 -1.0000 0.0000	</row0>
					<row1>	0.0000 1.0000 0.0000 0.0000	</row1>
					<row2>	1.0000 0.0000 0.0000 0.0000	</row2>
					<row3>	0.2097 1.3638 -3.1699 1.0000	</row3>
				</transform>
			</node>
			<node>
				<identifier>	HP_ZF_1	</identifier>
				<transform>
					<row0>	1.0000 0.0000 0.0000 0.0000	</row0>
					<row1>	0.0000 1.0000 0.0000 0.0000	</row1>
					<row2>	0.0000 0.0000 1.0000 0.0000	</row2>
					<row3>	0.0000 1.7939 -0.0619 1.0000	</row3>
				</transform>
			</node>
			<node>
				<identifier>	HP_ZF_2	</identifier>
				<transform>
					<row0>	1.0000 0.0000 0.0000 0.0000	</row0>
					<row1>	0.0000 1.0000 0.0000 0.0000	</row1>
					<row2>	0.0000 0.0000 1.0000 0.0000	</row2>
					<row3>	0.0000 2.3497 -0.3542 1.0000	</row3>
				</transform>
			</node>
			<node>
				<identifier>	HP_ZF_3	</identifier>
				<transform>
					<row0>	0.0000 0.0000 1.0000 0.0000	</row0>
					<row1>	0.0000 1.0000 0.0000 0.0000	</row1>
					<row2>	-1.0000 0.0000 0.0000 0.0000	</row2>
					<row3>	-0.2249 2.5481 -0.6998 1.0000	</row3>
				</transform>
			</node>
			<node>
				<identifier>	HP_ZF_4	</identifier>
				<transform>
					<row0>	0.0000 0.0000 -1.0000 0.0000	</row0>
					<row1>	0.0000 1.0000 0.0000 0.0000	</row1>
					<row2>	1.0000 0.0000 0.0000 0.0000	</row2>
					<row3>	0.2249 2.5481 -0.6998 1.0000	</row3>
				</transform>
			</node>
			<node>
				<identifier>	HP_ZF_5	</identifier>
				<transform>
					<row0>	0.0000 0.0000 1.0000 0.0000	</row0>
					<row1>	0.0000 1.0000 0.0000 0.0000	</row1>
					<row2>	-1.0000 0.0000 0.0000 0.0000	</row2>
					<row3>	-0.4573 1.1667 -1.3383 1.0000	</row3>
				</transform>
			</node>
			<node>
				<identifier>	HP_ZF_6	</identifier>
				<transform>
					<row0>	0.0000 0.0000 -1.0000 0.0000	</row0>
					<row1>	0.0000 1.0000 0.0000 0.0000	</row1>
					<row2>	1.0000 0.0000 0.0000 0.0000	</row2>
					<row3>	0.4573 1.1667 -1.3383 1.0000	</row3>
				</transform>
			</node>
			<node>
				<identifier>	HP_ZF_7	</identifier>
				<transform>
					<row0>	-1.0000 0.0000 0.0000 0.0000	</row0>
					<row1>	0.0000 1.0000 0.0000 0.0000	</row1>
					<row2>	0.0000 0.0000 -1.0000 0.0000	</row2>
					<row3>	0.0000 1.5128 -3.2192 1.0000	</row3>
				</transform>
			</node>
			<node>
				<identifier>	HP_ZGA_25	</identifier>
				<transform>
					<row0>	0.0000 0.0000 1.0000 0.0000	</row0>
					<row1>	0.0000 1.0000 0.0000 0.0000	</row1>
					<row2>	-1.0000 0.0000 0.0000 0.0000	</row2>
					<row3>	-1.0333 0.6147 0.3994 1.0000	</row3>
				</transform>
			</node>
			<node>
				<identifier>	HP_ZGA_27	</identifier>
				<transform>
					<row0>	0.0000 0.0000 1.0000 0.0000	</row0>
					<row1>	0.0000 1.0000 0.0000 0.0000	</row1>
					<row2>	-1.0000 0.0000 0.0000 0.0000	</row2>
					<row3>	-1.0371 0.6115 -0.0422 1.0000	</row3>
				</transform>
			</node>
			<node>
				<identifier>	HP_ZGA_28	</identifier>
				<transform>
					<row0>	0.0000 0.0000 -1.0000 0.0000	</row0>
					<row1>	0.0000 1.0000 0.0000 0.0000	</row1>
					<row2>	1.0000 0.0000 0.0000 0.0000	</row2>
					<row3>	1.0371 0.6115 -0.0422 1.0000	</row3>
				</transform>
			</node>
			<node>
				<identifier>	HP_ZGA_29	</identifier>
				<transform>
					<row0>	0.0000 0.0000 1.0000 0.0000	</row0>
					<row1>	0.0000 1.0000 0.0000 0.0000	</row1>
					<row2>	-1.0000 0.0000 0.0000 0.0000	</row2>
					<row3>	-0.2144 1.3033 -2.8112 1.0000	</row3>
				</transform>
			</node>
			<node>
				<identifier>	HP_ZGA_30	</identifier>
				<transform>
					<row0>	0.0000 0.0000 -1.0000 0.0000	</row0>
					<row1>	0.0000 1.0000 0.0000 0.0000	</row1>
					<row2>	1.0000 0.0000 0.0000 0.0000	</row2>
					<row3>	0.2144 1.3033 -2.8112 1.0000	</row3>
				</transform>
			</node>
			<node>
				<identifier>	HP_ZGA_31	</identifier>
				<transform>
					<row0>	0.0000 0.0000 1.0000 0.0000	</row0>
					<row1>	0.0000 1.0000 0.0000 0.0000	</row1>
					<row2>	-1.0000 0.0000 0.0000 0.0000	</row2>
					<row3>	-0.1174 1.4846 -2.8289 1.0000	</row3>
				</transform>
			</node>
			<node>
				<identifier>	HP_ZGA_32	</identifier>
				<transform>
					<row0>	0.0000 0.0000 -1.0000 0.0000	</row0>
					<row1>	0.0000 1.0000 0.0000 0.0000	</row1>
					<row2>	1.0000 0.0000 0.0000 0.0000	</row2>
					<row3>	0.1174 1.4846 -2.8289 1.0000	</row3>
				</transform>
			</node>
			<node>
				<identifier>	HP_ZGA_33	</identifier>
				<transform>
					<row0>	-0.7071 0.0000 0.7071 0.0000	</row0>
					<row1>	0.0000 1.0000 0.0000 0.0000	</row1>
					<row2>	-0.7071 0.0000 -0.7071 0.0000	</row2>
					<row3>	-1.0693 0.5876 -4.1534 1.0000	</row3>
				</transform>
			</node>
			<node>
				<identifier>	HP_ZGA_34	</identifier>
				<transform>
					<row0>	-0.7071 0.0000 -0.7071 0.0000	</row0>
					<row1>	0.0000 1.0000 0.0000 0.0000	</row1>
					<row2>	0.7071 0.0000 -0.7071 0.0000	</row2>
					<row3>	1.0693 0.5876 -4.1534 1.0000	</row3>
				</transform>
			</node>
			<node>
				<identifier>	HP_ZGA_35	</identifier>
				<transform>
					<row0>	-0.7071 0.0000 0.7071 0.0000	</row0>
					<row1>	0.0000 1.0000 0.0000 0.0000	</row1>
					<row2>	-0.7071 0.0000 -0.7071 0.0000	</row2>
					<row3>	-1.0693 0.5864 -4.3534 1.0000	</row3>
				</transform>
			</node>
			<node>
				<identifier>	HP_ZGA_36	</identifier>
				<transform>
					<row0>	-0.7071 0.0000 -0.7071 0.0000	</row0>
					<row1>	0.0000 1.0000 0.0000 0.0000	</row1>
					<row2>	0.7071 0.0000 -0.7071 0.0000	</row2>
					<row3>	1.0693 0.5864 -4.3534 1.0000	</row3>
				</transform>
			</node>
			<node>
				<identifier>	HP_ZGS_1	</identifier>
				<transform>
					<row0>	0.0000 0.0000 1.0000 0.0000	</row0>
					<row1>	0.0000 1.0000 0.0000 0.0000	</row1>
					<row2>	-1.0000 0.0000 0.0000 0.0000	</row2>
					<row3>	-0.4908 0.9441 -0.9003 1.0000	</row3>
				</transform>
			</node>
			<node>
				<identifier>	HP_ZGS_10	</identifier>
				<transform>
					<row0>	0.0000 0.0000 -1.0000 0.0000	</row0>
					<row1>	0.0000 1.0000 0.0000 0.0000	</row1>
					<row2>	1.0000 0.0000 0.0000 0.0000	</row2>
					<row3>	0.7979 0.6729 -2.9850 1.0000	</row3>
				</transform>
			</node>
			<node>
				<identifier>	HP_ZGS_11	</identifier>
				<transform>
					<row0>	0.0000 0.0000 1.0000 0.0000	</row0>
					<row1>	0.0000 1.0000 0.0000 0.0000	</row1>
					<row2>	-1.0000 0.0000 0.0000 0.0000	</row2>
					<row3>	-0.7979 0.6729 -3.5126 1.0000	</row3>
				</transform>
			</node>
			<node>
				<identifier>	HP_ZGS_12	</identifier>
				<transform>
					<row0>	0.0000 0.0000 -1.0000 0.0000	</row0>
					<row1>	0.0000 1.0000 0.0000 0.0000	</row1>
					<row2>	1.0000 0.0000 0.0000 0.0000	</row2>
					<row3>	0.7979 0.6729 -3.5126 1.0000	</row3>
				</transform>
			</node>
			<node>
				<identifier>	HP_ZGS_13	</identifier>
				<transform>
					<row0>	-1.0000 0.0000 0.0000 0.0000	</row0>
					<row1>	0.0000 1.0000 0.0000 0.0000	</row1>
					<row2>	0.0000 0.0000 -1.0000 0.0000	</row2>
					<row3>	0.0000 0.9054 -3.6318 1.0000	</row3>
				</transform>
			</node>
			<node>
				<identifier>	HP_ZGS_2	</identifier>
				<transform>
					<row0>	0.0000 0.0000 -1.0000 0.0000	</row0>
					<row1>	0.0000 1.0000 0.0000 0.0000	</row1>
					<row2>	1.0000 0.0000 0.0000 0.0000	</row2>
					<row3>	0.4908 0.9441 -0.9003 1.0000	</row3>
				</transform>
			</node>
			<node>
				<identifier>	HP_ZGS_3	</identifier>
				<transform>
					<row0>	0.0000 0.0000 1.0000 0.0000	</row0>
					<row1>	0.0000 1.0000 0.0000 0.0000	</row1>
					<row2>	-1.0000 0.0000 0.0000 0.0000	</row2>
					<row3>	-0.7979 0.6729 -1.3383 1.0000	</row3>
				</transform>
			</node>
			<node>
				<identifier>	HP_ZGS_4	</identifier>
				<transform>
					<row0>	0.0000 0.0000 -1.0000 0.0000	</row0>
					<row1>	0.0000 1.0000 0.0000 0.0000	</row1>
					<row2>	1.0000 0.0000 0.0000 0.0000	</row2>
					<row3>	0.7979 0.6729 -1.3383 1.0000	</row3>
				</transform>
			</node>
			<node>
				<identifier>	HP_ZGS_5	</identifier>
				<transform>
					<row0>	0.0000 0.0000 1.0000 0.0000	</row0>
					<row1>	0.0000 1.0000 0.0000 0.0000	</row1>
					<row2>	-1.0000 0.0000 0.0000 0.0000	</row2>
					<row3>	-0.7979 0.6729 -1.8980 1.0000	</row3>
				</transform>
			</node>
			<node>
				<identifier>	HP_ZGS_6	</identifier>
				<transform>
					<row0>	0.0000 0.0000 -1.0000 0.0000	</row0>
					<row1>	0.0000 1.0000 0.0000 0.0000	</row1>
					<row2>	1.0000 0.0000 0.0000 0.0000	</row2>
					<row3>	0.7979 0.6729 -1.8980 1.0000	</row3>
				</transform>
			</node>
			<node>
				<identifier>	HP_ZGS_7	</identifier>
				<transform>
					<row0>	0.0000 0.0000 -1.0000 0.0000	</row0>
					<row1>	0.0000 1.0000 0.0000 0.0000	</row1>
					<row2>	1.0000 0.0000 0.0000 0.0000	</row2>
					<row3>	0.7979 0.6729 -2.4255 1.0000	</row3>
				</transform>
			</node>
			<node>
				<identifier>	HP_ZGS_8	</identifier>
				<transform>
					<row0>	0.0000 0.0000 1.0000 0.0000	</row0>
					<row1>	0.0000 1.0000 0.0000 0.0000	</row1>
					<row2>	-1.0000 0.0000 0.0000 0.0000	</row2>
					<row3>	-0.7979 0.6729 -2.4266 1.0000	</row3>
				</transform>
			</node>
			<node>
				<identifier>	HP_ZGS_9	</identifier>
				<transform>
					<row0>	0.0000 0.0000 1.0000 0.0000	</row0>
					<row1>	0.0000 1.0000 0.0000 0.0000	</row1>
					<row2>	-1.0000 0.0000 0.0000 0.0000	</row2>
					<row3>	-0.7979 0.6729 -2.9850 1.0000	</row3>
				</transform>
			</node>
			<node>
				<identifier>	HP_ZRS_1	</identifier>
				<transform>
					<row0>	1.0000 0.0000 0.0000 0.0000	</row0>
					<row1>	0.0000 1.0000 0.0000 0.0000	</row1>
					<row2>	0.0000 0.0000 1.0000 0.0000	</row2>
					<row3>	-0.3556 2.3191 -0.3704 1.0000	</row3>
				</transform>
			</node>
			<node>
				<identifier>	HP_ZRS_2	</identifier>
				<transform>
					<row0>	1.0000 0.0000 0.0000 0.0000	</row0>
					<row1>	0.0000 1.0000 0.0000 0.0000	</row1>
					<row2>	0.0000 0.0000 1.0000 0.0000	</row2>
					<row3>	0.3556 2.3191 -0.3704 1.0000	</row3>
				</transform>
			</node>
			<node>
				<identifier>	HP_ZRS_3	</identifier>
				<transform>
					<row0>	-0.9897 0.0000 0.1434 0.0000	</row0>
					<row1>	0.0000 1.0000 0.0000 0.0000	</row1>
					<row2>	-0.1434 0.0000 -0.9897 0.0000	</row2>
					<row3>	-0.1235 2.1753 -2.9733 1.0000	</row3>
				</transform>
			</node>
			<node>
				<identifier>	HP_ZRS_4	</identifier>
				<transform>
					<row0>	-0.9897 0.0000 0.1434 0.0000	</row0>
					<row1>	0.0000 1.0000 0.0000 0.0000	</row1>
					<row2>	-0.1434 0.0000 -0.9897 0.0000	</row2>
					<row3>	0.1235 2.1753 -2.9733 1.0000	</row3>
				</transform>
			</node>
			<node>
				<identifier>	HP_flag_1	</identifier>
				<transform>
					<row0>	0.9116 -0.4111 -0.0093 0.0000	</row0>
					<row1>	0.4111 0.9106 0.0433 0.0000	</row1>
					<row2>	-0.0093 -0.0433 0.9990 0.0000	</row2>
					<row3>	0.7321 2.3050 -0.8111 1.0000	</row3>
				</transform>
			</node>
			<node>
				<identifier>	HP_flag_2	</identifier>
				<transform>
					<row0>	0.9116 0.4111 0.0093 0.0000	</row0>
					<row1>	-0.4111 0.9106 0.0433 0.0000	</row1>
					<row2>	0.0093 -0.0433 0.9990 0.0000	</row2>
					<row3>	-0.7321 2.3050 -0.8111 1.0000	</row3>
				</transform>
			</node>
			<node>
				<identifier>	HP_flag_3	</identifier>
				<transform>
					<row0>	0.9725 -0.2321 -0.0179 0.0000	</row0>
					<row1>	0.2321 0.9608 0.1516 0.0000	</row1>
					<row2>	-0.0179 -0.1516 0.9883 0.0000	</row2>
					<row3>	0.4682 2.3005 -0.7191 1.0000	</row3>
				</transform>
			</node>
			<node>
				<identifier>	HP_flag_4	</identifier>
				<transform>
					<row0>	0.9725 0.2321 0.0179 0.0000	</row0>
					<row1>	-0.2321 0.9608 0.1516 0.0000	</row1>
					<row2>	0.0179 -0.1516 0.9883 0.0000	</row2>
					<row3>	-0.4682 2.3005 -0.7191 1.0000	</row3>
				</transform>
			</node>
			<node>
				<identifier>	HP_flag_courtesy	</identifier>
				<transform>
					<row0>	0.9986 -0.0526 -0.0022 0.0000	</row0>
					<row1>	0.0526 0.9951 0.0838 0.0000	</row1>
					<row2>	-0.0022 -0.0838 0.9965 0.0000	</row2>
					<row3>	0.4027 2.5761 -2.8490 1.0000	</row3>
				</transform>
			</node>
			<node>
				<identifier>	HP_flag_house	</identifier>
				<transform>
					<row0>	0.9986 0.0526 0.0022 0.0000	</row0>
					<row1>	-0.0526 0.9951 0.0838 0.0000	</row1>
					<row2>	0.0022 -0.0838 0.9965 0.0000	</row2>
					<row3>	-0.4027 2.5761 -2.8490 1.0000	</row3>
				</transform>
			</node>
			<node>
				<identifier>	HP_flag_nation	</identifier>
				<transform>
					<row0>	1.0000 0.0000 0.0000 0.0000	</row0>
					<row1>	0.0000 0.9832 -0.1824 0.0000	</row1>
					<row2>	0.0000 0.1824 0.9832 0.0000	</row2>
					<row3>	-0.0006 2.5407 -3.0930 1.0000	</row3>
				</transform>
			</node>
			<node>
				<identifier>	HP_flag_rank	</identifier>
				<transform>
					<row0>	1.0000 0.0000 0.0000 0.0000	</row0>
					<row1>	0.0000 0.9832 -0.1824 0.0000	</row1>
					<row2>	0.0000 0.1824 0.9832 0.0000	</row2>
					<row3>	-0.0006 2.2869 -3.0458 1.0000	</row3>
				</transform>
			</node>
			<node>
				<identifier>	MP_CM004_Barbette_Out	</identifier>
				<transform>
					<row0>	2.4000 0.0000 0.0000 0.0000	</row0>
					<row1>	0.0000 5.0000 0.0000 0.0000	</row1>
					<row2>	0.0000 0.0000 2.4000 0.0000	</row2>
					<row3>	0.0000 0.8992 -3.6318 1.0000	</row3>
				</transform>
			</node>
			<node>
				<identifier>	MP_CM008_Life_Buoy_1	</identifier>
				<transform>
					<row0>	-0.0070 0.0000 -1.0000 0.0000	</row0>
					<row1>	0.0000 1.0000 0.0000 0.0000	</row1>
					<row2>	1.0000 0.0000 -0.0070 0.0000	</row2>
					<row3>	1.2531 0.6591 -0.5287 1.0000	</row3>
				</transform>
			</node>
			<node>
				<identifier>	MP_CM008_Life_Buoy_1_INDEX_1	</identifier>
				<transform>
					<row0>	-0.0369 0.0000 0.9993 0.0000	</row0>
					<row1>	0.0000 1.0000 0.0000 0.0000	</row1>
					<row2>	-0.9993 0.0000 -0.0369 0.0000	</row2>
					<row3>	-1.1752 0.6447 -2.9998 1.0000	</row3>
				</transform>
			</node>
			<node>
				<identifier>	MP_CM008_Life_Buoy_1_INDEX_2	</identifier>
				<transform>
					<row0>	-0.0070 0.0000 1.0000 0.0000	</row0>
					<row1>	0.0000 1.0000 0.0000 0.0000	</row1>
					<row2>	-1.0000 0.0000 -0.0070 0.0000	</row2>
					<row3>	-1.2531 0.6591 -0.5287 1.0000	</row3>
				</transform>
			</node>
			<node>
				<identifier>	MP_CM008_Life_Buoy_1_INDEX_3	</identifier>
				<transform>
					<row0>	-0.0369 0.0000 -0.9993 0.0000	</row0>
					<row1>	0.0000 1.0000 0.0000 0.0000	</row1>
					<row2>	0.9993 0.0000 -0.0369 0.0000	</row2>
					<row3>	1.1752 0.6447 -2.9998 1.0000	</row3>
				</transform>
			</node>
			<node>
				<identifier>	MP_CM009_Life_Buoy_2	</identifier>
				<transform>
					<row0>	0.0000 0.0000 1.0000 0.0000	</row0>
					<row1>	0.0000 1.0000 0.0000 0.0000	</row1>
					<row2>	-1.0000 0.0000 0.0000 0.0000	</row2>
					<row3>	0.4907 0.6764 -1.7545 1.0000	</row3>
				</transform>
			</node>
			<node>
				<identifier>	MP_CM009_Life_Buoy_2_INDEX_1	</identifier>
				<transform>
					<row0>	0.0000 0.0000 -1.0000 0.0000	</row0>
					<row1>	0.0000 1.0000 0.0000 0.0000	</row1>
					<row2>	1.0000 0.0000 0.0000 0.0000	</row2>
					<row3>	-0.4907 0.6764 -1.7545 1.0000	</row3>
				</transform>
			</node>
			<node>
				<identifier>	MP_CM010_Fire_Hose_Reel	</identifier>
				<transform>
					<row0>	1.0000 0.0000 0.0000 0.0000	</row0>
					<row1>	0.0000 1.0000 0.0000 0.0000	</row1>
					<row2>	0.0000 0.0000 1.0000 0.0000	</row2>
					<row3>	-0.4907 0.7457 -1.9103 1.0000	</row3>
				</transform>
			</node>
			<node>
				<identifier>	MP_CM010_Fire_Hose_Reel_INDEX_1	</identifier>
				<transform>
					<row0>	-1.0000 0.0000 0.0000 0.0000	</row0>
					<row1>	0.0000 1.0000 0.0000 0.0000	</row1>
					<row2>	0.0000 0.0000 -1.0000 0.0000	</row2>
					<row3>	0.4906 0.7457 -1.9103 1.0000	</row3>
				</transform>
			</node>
			<node>
				<identifier>	MP_CM010_Fire_Hose_Reel_INDEX_2	</identifier>
				<transform>
					<row0>	0.8295 0.0000 -0.5585 0.0000	</row0>
					<row1>	0.0000 1.0000 0.0000 0.0000	</row1>
					<row2>	0.5585 0.0000 0.8295 0.0000	</row2>
					<row3>	-0.4382 0.7518 -0.6888 1.0000	</row3>
				</transform>
			</node>
			<node>
				<identifier>	MP_CM010_Fire_Hose_Reel_INDEX_3	</identifier>
				<transform>
					<row0>	0.1749 0.0000 0.9846 0.0000	</row0>
					<row1>	0.0000 1.0000 0.0000 0.0000	</row1>
					<row2>	-0.9846 0.0000 0.1749 0.0000	</row2>
					<row3>	-0.1793 0.7518 -3.2127 1.0000	</row3>
				</transform>
			</node>
			<node>
				<identifier>	MP_CM010_Fire_Hose_Reel_INDEX_4	</identifier>
				<transform>
					<row0>	-0.8295 0.0000 -0.5585 0.0000	</row0>
					<row1>	0.0000 1.0000 0.0000 0.0000	</row1>
					<row2>	0.5585 0.0000 -0.8295 0.0000	</row2>
					<row3>	0.4382 0.7518 -0.6888 1.0000	</row3>
				</transform>
			</node>
			<node>
				<identifier>	MP_CM011_Fire_Fighting_Gear	</identifier>
				<transform>
					<row0>	-0.5496 0.0000 0.8354 0.0000	</row0>
					<row1>	0.0000 1.0000 0.0000 0.0000	</row1>
					<row2>	-0.8354 0.0000 -0.5496 0.0000	</row2>
					<row3>	0.4648 0.6077 -0.7094 1.0000	</row3>
				</transform>
			</node>
			<node>
				<identifier>	MP_CM011_Fire_Fighting_Gear_INDEX_1	</identifier>
				<transform>
					<row0>	1.0000 0.0000 0.0000 0.0000	</row0>
					<row1>	0.0000 1.0000 0.0000 0.0000	</row1>
					<row2>	0.0000 0.0000 1.0000 0.0000	</row2>
					<row3>	-0.1500 0.5927 -3.2264 1.0000	</row3>
				</transform>
			</node>
			<node>
				<identifier>	MP_CM011_Fire_Fighting_Gear_INDEX_2	</identifier>
				<transform>
					<row0>	0.0000 0.0000 -1.0000 0.0000	</row0>
					<row1>	0.0000 1.0000 0.0000 0.0000	</row1>
					<row2>	1.0000 0.0000 0.0000 0.0000	</row2>
					<row3>	-0.5009 0.5994 -1.9451 1.0000	</row3>
				</transform>
			</node>
			<node>
				<identifier>	MP_CM011_Fire_Fighting_Gear_INDEX_3	</identifier>
				<transform>
					<row0>	0.0000 0.0000 1.0000 0.0000	</row0>
					<row1>	0.0000 1.0000 0.0000 0.0000	</row1>
					<row2>	-1.0000 0.0000 0.0000 0.0000	</row2>
					<row3>	0.5009 0.5994 -1.9451 1.0000	</row3>
				</transform>
			</node>
			<node>
				<identifier>	MP_CM011_Fire_Fighting_Gear_INDEX_4	</identifier>
				<transform>
					<row0>	-1.0000 0.0000 0.0000 0.0000	</row0>
					<row1>	0.0000 1.0000 0.0000 0.0000	</row1>
					<row2>	0.0000 0.0000 -1.0000 0.0000	</row2>
					<row3>	0.1309 0.8311 -2.8142 1.0000	</row3>
				</transform>
			</node>
			<node>
				<identifier>	MP_CM011_Fire_Fighting_Gear_INDEX_5	</identifier>
				<transform>
					<row0>	-0.5618 0.0000 -0.8273 0.0000	</row0>
					<row1>	0.0000 1.0000 0.0000 0.0000	</row1>
					<row2>	0.8273 0.0000 -0.5618 0.0000	</row2>
					<row3>	-0.4648 0.6077 -0.7094 1.0000	</row3>
				</transform>
			</node>
			<node>
				<identifier>	MP_CM012_Fire_Hose_Rack_1	</identifier>
				<transform>
					<row0>	0.3148 0.0000 -0.9492 0.0000	</row0>
					<row1>	0.0000 1.0000 0.0000 0.0000	</row1>
					<row2>	0.9492 0.0000 0.3148 0.0000	</row2>
					<row3>	0.1679 0.8997 -2.8124 1.0000	</row3>
				</transform>
			</node>
			<node>
				<identifier>	MP_CM012_Fire_Hose_Rack_1_INDEX_1	</identifier>
				<transform>
					<row0>	-0.8302 0.0000 -0.5575 0.0000	</row0>
					<row1>	0.0000 1.0000 0.0000 0.0000	</row1>
					<row2>	0.5575 0.0000 -0.8302 0.0000	</row2>
					<row3>	0.4322 0.6814 -0.6797 1.0000	</row3>
				</transform>
			</node>
			<node>
				<identifier>	MP_CM012_Fire_Hose_Rack_1_INDEX_2	</identifier>
				<transform>
					<row0>	0.2141 0.0000 0.9768 0.0000	</row0>
					<row1>	0.0000 1.0000 0.0000 0.0000	</row1>
					<row2>	-0.9768 0.0000 0.2141 0.0000	</row2>
					<row3>	-0.1809 0.6773 -3.2127 1.0000	</row3>
				</transform>
			</node>
			<node>
				<identifier>	MP_CM012_Fire_Hose_Rack_1_INDEX_3	</identifier>
				<transform>
					<row0>	0.8302 0.0000 -0.5575 0.0000	</row0>
					<row1>	0.0000 1.0000 0.0000 0.0000	</row1>
					<row2>	0.5575 0.0000 0.8302 0.0000	</row2>
					<row3>	-0.4322 0.6814 -0.6797 1.0000	</row3>
				</transform>
			</node>
			<node>
				<identifier>	MP_CM012_Fire_Hose_Rack_1_INDEX_4	</identifier>
				<transform>
					<row0>	1.0000 0.0000 0.0000 0.0000	</row0>
					<row1>	0.0000 1.0000 0.0000 0.0000	</row1>
					<row2>	0.0000 0.0000 1.0000 0.0000	</row2>
					<row3>	-0.4900 0.6773 -1.9834 1.0000	</row3>
				</transform>
			</node>
			<node>
				<identifier>	MP_CM012_Fire_Hose_Rack_1_INDEX_5	</identifier>
				<transform>
					<row0>	-1.0000 0.0000 0.0000 0.0000	</row0>
					<row1>	0.0000 1.0000 0.0000 0.0000	</row1>
					<row2>	0.0000 0.0000 -1.0000 0.0000	</row2>
					<row3>	0.4900 0.6773 -1.9834 1.0000	</row3>
				</transform>
			</node>
			<node>
				<identifier>	MP_CM014_Fuel_Oil_Hose	</identifier>
				<transform>
					<row0>	1.0000 0.0000 0.0000 0.0000	</row0>
					<row1>	0.0000 1.0000 0.0000 0.0000	</row1>
					<row2>	0.0000 0.0000 1.0000 0.0000	</row2>
					<row3>	0.4967 0.8120 -2.6559 1.0000	</row3>
				</transform>
			</node>
			<node>
				<identifier>	MP_CM014_Fuel_Oil_Hose_INDEX_1	</identifier>
				<transform>
					<row0>	1.0000 0.0000 0.0000 0.0000	</row0>
					<row1>	0.0000 1.0000 0.0000 0.0000	</row1>
					<row2>	0.0000 0.0000 1.0000 0.0000	</row2>
					<row3>	-0.4967 0.8056 -1.6561 1.0000	</row3>
				</transform>
			</node>
			<node>
				<identifier>	MP_CM014_Fuel_Oil_Hose_INDEX_2	</identifier>
				<transform>
					<row0>	1.0000 0.0000 0.0000 0.0000	</row0>
					<row1>	0.0000 1.0000 0.0000 0.0000	</row1>
					<row2>	0.0000 0.0000 1.0000 0.0000	</row2>
					<row3>	0.4967 0.8056 -1.6561 1.0000	</row3>
				</transform>
			</node>
			<node>
				<identifier>	MP_CM014_Fuel_Oil_Hose_INDEX_3	</identifier>
				<transform>
					<row0>	1.0000 0.0000 0.0000 0.0000	</row0>
					<row1>	0.0000 1.0000 0.0000 0.0000	</row1>
					<row2>	0.0000 0.0000 1.0000 0.0000	</row2>
					<row3>	-0.4967 0.8120 -2.6559 1.0000	</row3>
				</transform>
			</node>
			<node>
				<identifier>	MP_CM030_Swab_Rack_2	</identifier>
				<transform>
					<row0>	0.9874 0.0000 -0.1580 0.0000	</row0>
					<row1>	0.0000 1.0000 0.0000 0.0000	</row1>
					<row2>	0.1580 0.0000 0.9874 0.0000	</row2>
					<row3>	0.5110 0.6059 -0.7702 1.0000	</row3>
				</transform>
			</node>
			<node>
				<identifier>	MP_CM030_Swab_Rack_2_INDEX_1	</identifier>
				<transform>
					<row0>	-0.9641 0.0000 -0.2657 0.0000	</row0>
					<row1>	0.0000 1.0000 0.0000 0.0000	</row1>
					<row2>	0.2657 0.0000 -0.9641 0.0000	</row2>
					<row3>	0.1966 0.5916 -3.2096 1.0000	</row3>
				</transform>
			</node>
			<node>
				<identifier>	MP_CM030_Swab_Rack_2_INDEX_2	</identifier>
				<transform>
					<row0>	0.9874 0.0000 0.1580 0.0000	</row0>
					<row1>	0.0000 1.0000 0.0000 0.0000	</row1>
					<row2>	-0.1580 0.0000 0.9874 0.0000	</row2>
					<row3>	-0.5110 0.6059 -0.7702 1.0000	</row3>
				</transform>
			</node>
			<node>
				<identifier>	MP_CM030_Swab_Rack_2_INDEX_3	</identifier>
				<transform>
					<row0>	0.9516 0.0000 -0.3072 0.0000	</row0>
					<row1>	0.0000 1.0000 0.0000 0.0000	</row1>
					<row2>	0.3072 0.0000 0.9516 0.0000	</row2>
					<row3>	-0.1526 0.8304 -2.8168 1.0000	</row3>
				</transform>
			</node>
			<node>
				<identifier>	MP_CM056_Ships_bell	</identifier>
				<transform>
					<row0>	0.0000 0.0000 0.6000 0.0000	</row0>
					<row1>	0.0000 0.6000 0.0000 0.0000	</row1>
					<row2>	-0.6000 0.0000 0.0000 0.0000	</row2>
					<row3>	0.0492 0.9744 -2.7440 1.0000	</row3>
				</transform>
			</node>
			<node>
				<identifier>	MP_CM060_Flag_Box	</identifier>
				<transform>
					<row0>	0.9814 0.0000 -0.1922 0.0000	</row0>
					<row1>	0.0000 1.0000 0.0000 0.0000	</row1>
					<row2>	0.1922 0.0000 0.9814 0.0000	</row2>
					<row3>	-0.2585 1.3183 -0.8648 1.0000	</row3>
				</transform>
			</node>
			<node>
				<identifier>	MP_CM060_Flag_Box_INDEX_1	</identifier>
				<transform>
					<row0>	0.9814 0.0000 0.1922 0.0000	</row0>
					<row1>	0.0000 1.0000 0.0000 0.0000	</row1>
					<row2>	-0.1922 0.0000 0.9814 0.0000	</row2>
					<row3>	0.2583 1.3183 -0.8649 1.0000	</row3>
				</transform>
			</node>
			<node>
				<identifier>	MP_CM062_Emergency_Box	</identifier>
				<transform>
					<row0>	0.0000 0.0000 -1.0000 0.0000	</row0>
					<row1>	0.0000 1.0000 0.0000 0.0000	</row1>
					<row2>	1.0000 0.0000 0.0000 0.0000	</row2>
					<row3>	-0.4970 0.7312 -2.0244 1.0000	</row3>
				</transform>
			</node>
			<node>
				<identifier>	MP_CM062_Emergency_Box_INDEX_1	</identifier>
				<transform>
					<row0>	-0.5549 0.0000 0.8319 0.0000	</row0>
					<row1>	0.0000 1.0000 0.0000 0.0000	</row1>
					<row2>	-0.8319 0.0000 -0.5549 0.0000	</row2>
					<row3>	0.4757 0.7312 -0.7330 1.0000	</row3>
				</transform>
			</node>
			<node>
				<identifier>	MP_CM062_Emergency_Box_INDEX_2	</identifier>
				<transform>
					<row0>	-0.0633 0.0000 0.9980 0.0000	</row0>
					<row1>	0.0000 1.0000 0.0000 0.0000	</row1>
					<row2>	-0.9980 0.0000 -0.0633 0.0000	</row2>
					<row3>	0.1526 1.1639 -2.9544 1.0000	</row3>
				</transform>
			</node>
			<node>
				<identifier>	MP_CM062_Emergency_Box_INDEX_3	</identifier>
				<transform>
					<row0>	0.9034 0.0000 -0.4287 0.0000	</row0>
					<row1>	0.0000 1.0000 0.0000 0.0000	</row1>
					<row2>	0.4287 0.0000 0.9034 0.0000	</row2>
					<row3>	-0.2378 0.7312 -3.2012 1.0000	</row3>
				</transform>
			</node>
			<node>
				<identifier>	MP_CM062_Emergency_Box_INDEX_4	</identifier>
				<transform>
					<row0>	-0.9507 0.0000 0.3101 0.0000	</row0>
					<row1>	0.0000 1.0000 0.0000 0.0000	</row1>
					<row2>	-0.3101 0.0000 -0.9507 0.0000	</row2>
					<row3>	-0.1686 0.9404 -2.8051 1.0000	</row3>
				</transform>
			</node>
			<node>
				<identifier>	MP_CM062_Emergency_Box_INDEX_5	</identifier>
				<transform>
					<row0>	-0.0633 0.0000 -0.9980 0.0000	</row0>
					<row1>	0.0000 1.0000 0.0000 0.0000	</row1>
					<row2>	0.9980 0.0000 -0.0633 0.0000	</row2>
					<row3>	-0.1526 1.1639 -2.9544 1.0000	</row3>
				</transform>
			</node>
			<node>
				<identifier>	MP_CM062_Emergency_Box_INDEX_6	</identifier>
				<transform>
					<row0>	-0.1628 0.0000 -0.9867 0.0000	</row0>
					<row1>	0.0000 1.0000 0.0000 0.0000	</row1>
					<row2>	0.9867 0.0000 -0.1628 0.0000	</row2>
					<row3>	-0.1319 1.3730 -2.8999 1.0000	</row3>
				</transform>
			</node>
			<node>
				<identifier>	MP_CM062_Emergency_Box_INDEX_7	</identifier>
				<transform>
					<row0>	-0.5549 0.0000 -0.8319 0.0000	</row0>
					<row1>	0.0000 1.0000 0.0000 0.0000	</row1>
					<row2>	0.8319 0.0000 -0.5549 0.0000	</row2>
					<row3>	-0.4757 0.7312 -0.7330 1.0000	</row3>
				</transform>
			</node>
			<node>
				<identifier>	MP_CM062_Emergency_Box_INDEX_8	</identifier>
				<transform>
					<row0>	-0.1628 0.0000 0.9867 0.0000	</row0>
					<row1>	0.0000 1.0000 0.0000 0.0000	</row1>
					<row2>	-0.9867 0.0000 -0.1628 0.0000	</row2>
					<row3>	0.1319 1.3730 -2.8999 1.0000	</row3>
				</transform>
			</node>
			<node>
				<identifier>	MP_CM062_Emergency_Box_INDEX_9	</identifier>
				<transform>
					<row0>	0.0000 0.0000 1.0000 0.0000	</row0>
					<row1>	0.0000 1.0000 0.0000 0.0000	</row1>
					<row2>	-1.0000 0.0000 0.0000 0.0000	</row2>
					<row3>	0.4970 0.7312 -2.0244 1.0000	</row3>
				</transform>
			</node>
			<node>
				<identifier>	MP_CM092_Siren	</identifier>
				<transform>
					<row0>	0.8349 0.0000 -0.5504 0.0000	</row0>
					<row1>	0.0000 1.0000 0.0000 0.0000	</row1>
					<row2>	0.5504 0.0000 0.8349 0.0000	</row2>
					<row3>	0.1830 1.6693 -1.4879 1.0000	</row3>
				</transform>
			</node>
			<node>
				<identifier>	MP_CM092_Siren_INDEX_1	</identifier>
				<transform>
					<row0>	0.8349 0.0000 0.5504 0.0000	</row0>
					<row1>	0.0000 1.0000 0.0000 0.0000	</row1>
					<row2>	-0.5504 0.0000 0.8349 0.0000	</row2>
					<row3>	-0.1830 1.6693 -1.4879 1.0000	</row3>
				</transform>
			</node>
			<node>
				<identifier>	MP_JM030_Wind_Direction	</identifier>
				<transform>
					<row0>	0.8000 0.0000 0.0000 0.0000	</row0>
					<row1>	0.0000 0.8000 0.0000 0.0000	</row1>
					<row2>	0.0000 0.0000 0.8000 0.0000	</row2>
					<row3>	-0.7928 2.4130 -0.8184 1.0000	</row3>
				</transform>
			</node>
			<node>
				<identifier>	MP_JM030_Wind_Direction_INDEX_1	</identifier>
				<transform>
					<row0>	0.8000 0.0000 0.0000 0.0000	</row0>
					<row1>	0.0000 0.8000 0.0000 0.0000	</row1>
					<row2>	0.0000 0.0000 0.8000 0.0000	</row2>
					<row3>	0.7928 2.4130 -0.8184 1.0000	</row3>
				</transform>
			</node>
			<node>
				<identifier>	MP_JM031_Wind_Intensity	</identifier>
				<transform>
					<row0>	0.8000 0.0000 0.0000 0.0000	</row0>
					<row1>	0.0000 0.8000 0.0000 0.0000	</row1>
					<row2>	0.0000 0.0000 0.8000 0.0000	</row2>
					<row3>	0.7928 2.3699 -0.8184 1.0000	</row3>
				</transform>
			</node>
			<node>
				<identifier>	MP_JM031_Wind_Intensity_INDEX_1	</identifier>
				<transform>
					<row0>	0.8000 0.0000 0.0000 0.0000	</row0>
					<row1>	0.0000 0.8000 0.0000 0.0000	</row1>
					<row2>	0.0000 0.0000 0.8000 0.0000	</row2>
					<row3>	-0.7928 2.3699 -0.8184 1.0000	</row3>
				</transform>
			</node>
			<node>
				<identifier>	MP_JM115_Antenna_2	</identifier>
				<transform>
					<row0>	1.0000 0.0000 0.0000 0.0000	</row0>
					<row1>	0.0000 1.0000 0.0000 0.0000	</row1>
					<row2>	0.0000 0.0000 1.0000 0.0000	</row2>
					<row3>	0.0000 2.7395 -0.7826 1.0000	</row3>
				</transform>
			</node>
			<node>
				<identifier>	MP_JM125_Signal_Lamp_3	</identifier>
				<transform>
					<row0>	0.9977 0.0000 -0.0673 0.0000	</row0>
					<row1>	0.0000 1.0000 0.0000 0.0000	</row1>
					<row2>	0.0673 0.0000 0.9977 0.0000	</row2>
					<row3>	0.3448 1.6851 -0.4858 1.0000	</row3>
				</transform>
			</node>
			<node>
				<identifier>	MP_JM125_Signal_Lamp_3_INDEX_1	</identifier>
				<transform>
					<row0>	0.8660 0.0000 0.5000 0.0000	</row0>
					<row1>	0.0000 1.0000 0.0000 0.0000	</row1>
					<row2>	-0.5000 0.0000 0.8660 0.0000	</row2>
					<row3>	0.0000 3.4393 -2.8226 1.0000	</row3>
				</transform>
			</node>
			<node>
				<identifier>	MP_JM125_Signal_Lamp_3_INDEX_2	</identifier>
				<transform>
					<row0>	1.4000 0.0000 0.0000 0.0000	</row0>
					<row1>	0.0000 1.4000 0.0000 0.0000	</row1>
					<row2>	0.0000 0.0000 1.4000 0.0000	</row2>
					<row3>	0.7928 2.3492 -0.8184 1.0000	</row3>
				</transform>
			</node>
			<node>
				<identifier>	MP_JM125_Signal_Lamp_3_INDEX_3	</identifier>
				<transform>
					<row0>	0.9977 0.0000 0.0673 0.0000	</row0>
					<row1>	0.0000 1.0000 0.0000 0.0000	</row1>
