<JSC044_Yoshino_1945_Stern_ports.visual>
	<node>
		<identifier>	Scene Root	</identifier>
		<transform>
			<row0>	1.0000 0.0000 0.0000 0.0000	</row0>
			<row1>	0.0000 1.0000 0.0000 0.0000	</row1>
			<row2>	0.0000 0.0000 1.0000 0.0000	</row2>
			<row3>	0.0000 0.0000 0.0000 1.0000	</row3>
		</transform>
		<node>
			<identifier>	Stern_ports	</identifier>
			<transform>
				<row0>	1.0000 0.0000 0.0000 0.0000	</row0>
				<row1>	0.0000 1.0000 0.0000 0.0000	</row1>
				<row2>	0.0000 0.0000 1.0000 0.0000	</row2>
				<row3>	0.0000 0.0000 0.0000 1.0000	</row3>
			</transform>
			<node>
				<identifier>	HP_FX_Fire_4	</identifier>
				<transform>
					<row0>	1.0000 0.0000 0.0000 0.0000	</row0>
					<row1>	0.0000 1.0000 0.0000 0.0000	</row1>
					<row2>	0.0000 0.0000 1.0000 0.0000	</row2>
					<row3>	0.0000 0.3897 -6.8589 1.0000	</row3>
				</transform>
			</node>
			<node>
				<identifier>	HP_FX_Flood_steam_right	</identifier>
				<transform>
					<row0>	1.0000 0.0000 0.0000 0.0000	</row0>
					<row1>	0.0000 1.0000 0.0000 0.0000	</row1>
					<row2>	0.0000 0.0000 1.0000 0.0000	</row2>
					<row3>	0.7940 0.3420 -5.4260 1.0000	</row3>
				</transform>
			</node>
			<node>
				<identifier>	HP_FX_WakeTraceBack	</identifier>
				<transform>
					<row0>	1.0000 0.0000 0.0000 0.0000	</row0>
					<row1>	0.0000 1.0000 0.0000 0.0000	</row1>
					<row2>	0.0000 0.0000 1.0000 0.0000	</row2>
					<row3>	0.0000 0.0000 -8.2002 1.0000	</row3>
				</transform>
			</node>
			<node>
				<identifier>	HP_FX_WakeTrace_screw_3	</identifier>
				<transform>
					<row0>	1.0000 0.0000 0.0000 0.0000	</row0>
					<row1>	0.0000 1.0000 0.0000 0.0000	</row1>
					<row2>	0.0000 0.0000 1.0000 0.0000	</row2>
					<row3>	-0.2405 -0.4624 -6.2038 1.0000	</row3>
				</transform>
			</node>
			<node>
				<identifier>	HP_FX_WakeTrace_screw_4	</identifier>
				<transform>
					<row0>	1.0000 0.0000 0.0000 0.0000	</row0>
					<row1>	0.0000 1.0000 0.0000 0.0000	</row1>
					<row2>	0.0000 0.0000 1.0000 0.0000	</row2>
					<row3>	0.2405 -0.4624 -6.2038 1.0000	</row3>
				</transform>
			</node>
			<node>
				<identifier>	HP_JD_11	</identifier>
				<transform>
					<row0>	-1.0000 0.0000 0.0000 0.0000	</row0>
					<row1>	0.0000 1.0000 0.0000 0.0000	</row1>
					<row2>	0.0000 0.0000 -1.0000 0.0000	</row2>
					<row3>	-0.1832 0.4243 -7.4254 1.0000	</row3>
				</transform>
			</node>
			<node>
				<identifier>	HP_JD_12	</identifier>
				<transform>
					<row0>	-1.0000 0.0000 0.0000 0.0000	</row0>
					<row1>	0.0000 1.0000 0.0000 0.0000	</row1>
					<row2>	0.0000 0.0000 -1.0000 0.0000	</row2>
					<row3>	0.1832 0.4243 -7.4254 1.0000	</row3>
				</transform>
			</node>
			<node>
				<identifier>	HP_JGA_41	</identifier>
				<transform>
					<row0>	-0.7071 0.0000 0.7071 0.0000	</row0>
					<row1>	0.0000 1.0000 0.0000 0.0000	</row1>
					<row2>	-0.7071 0.0000 -0.7071 0.0000	</row2>
					<row3>	-0.5147 0.3999 -5.9145 1.0000	</row3>
				</transform>
			</node>
			<node>
				<identifier>	HP_JGA_42	</identifier>
				<transform>
					<row0>	-0.7071 0.0000 -0.7071 0.0000	</row0>
					<row1>	0.0000 1.0000 0.0000 0.0000	</row1>
					<row2>	0.7071 0.0000 -0.7071 0.0000	</row2>
					<row3>	0.5147 0.3999 -5.9145 1.0000	</row3>
				</transform>
			</node>
			<node>
				<identifier>	HP_JGA_43	</identifier>
				<transform>
					<row0>	-0.7071 0.0000 0.7071 0.0000	</row0>
					<row1>	0.0000 1.0000 0.0000 0.0000	</row1>
					<row2>	-0.7071 0.0000 -0.7071 0.0000	</row2>
					<row3>	-0.5141 0.4003 -6.2732 1.0000	</row3>
				</transform>
			</node>
			<node>
				<identifier>	HP_JGA_44	</identifier>
				<transform>
					<row0>	-0.7071 0.0000 -0.7071 0.0000	</row0>
					<row1>	0.0000 1.0000 0.0000 0.0000	</row1>
					<row2>	0.7071 0.0000 -0.7071 0.0000	</row2>
					<row3>	0.5141 0.4003 -6.2732 1.0000	</row3>
				</transform>
			</node>
			<node>
				<identifier>	HP_JGA_45	</identifier>
				<transform>
					<row0>	-0.7071 0.0000 0.7071 0.0000	</row0>
					<row1>	0.0000 1.0000 0.0000 0.0000	</row1>
					<row2>	-0.7071 0.0000 -0.7071 0.0000	</row2>
					<row3>	-0.4303 0.4003 -6.5906 1.0000	</row3>
				</transform>
			</node>
			<node>
				<identifier>	HP_JGA_46	</identifier>
				<transform>
					<row0>	-0.7071 0.0000 -0.7071 0.0000	</row0>
					<row1>	0.0000 1.0000 0.0000 0.0000	</row1>
					<row2>	0.7071 0.0000 -0.7071 0.0000	</row2>
					<row3>	0.4303 0.4003 -6.5906 1.0000	</row3>
				</transform>
			</node>
			<node>
				<identifier>	HP_JGA_47	</identifier>
				<transform>
					<row0>	-0.7071 0.0000 0.7071 0.0000	</row0>
					<row1>	0.0000 1.0000 0.0000 0.0000	</row1>
					<row2>	-0.7071 0.0000 -0.7071 0.0000	</row2>
					<row3>	-0.3972 0.3999 -7.2224 1.0000	</row3>
				</transform>
			</node>
			<node>
				<identifier>	HP_JGA_48	</identifier>
				<transform>
					<row0>	-0.7071 0.0000 -0.7071 0.0000	</row0>
					<row1>	0.0000 1.0000 0.0000 0.0000	</row1>
					<row2>	0.7071 0.0000 -0.7071 0.0000	</row2>
					<row3>	0.3972 0.3999 -7.2224 1.0000	</row3>
				</transform>
			</node>
			<node>
				<identifier>	HP_JGA_49	</identifier>
				<transform>
					<row0>	-0.7071 0.0000 0.7071 0.0000	</row0>
					<row1>	0.0000 1.0000 0.0000 0.0000	</row1>
					<row2>	-0.7071 0.0000 -0.7071 0.0000	</row2>
					<row3>	-0.2963 0.4009 -7.6624 1.0000	</row3>
				</transform>
			</node>
			<node>
				<identifier>	HP_JGA_50	</identifier>
				<transform>
					<row0>	-0.7071 0.0000 -0.7071 0.0000	</row0>
					<row1>	0.0000 1.0000 0.0000 0.0000	</row1>
					<row2>	0.7071 0.0000 -0.7071 0.0000	</row2>
					<row3>	0.2963 0.4009 -7.6624 1.0000	</row3>
				</transform>
			</node>
			<node>
				<identifier>	HP_JGA_51	</identifier>
				<transform>
					<row0>	-0.7071 0.0000 0.7071 0.0000	</row0>
					<row1>	0.0000 1.0000 0.0000 0.0000	</row1>
					<row2>	-0.7071 0.0000 -0.7071 0.0000	</row2>
					<row3>	-0.1969 0.4001 -8.1442 1.0000	</row3>
				</transform>
			</node>
			<node>
				<identifier>	HP_JGA_52	</identifier>
				<transform>
					<row0>	-0.7071 0.0000 -0.7071 0.0000	</row0>
					<row1>	0.0000 1.0000 0.0000 0.0000	</row1>
					<row2>	0.7071 0.0000 -0.7071 0.0000	</row2>
					<row3>	0.1969 0.4001 -8.1442 1.0000	</row3>
				</transform>
			</node>
			<node>
				<identifier>	HP_Ship_death_3	</identifier>
				<transform>
					<row0>	1.0000 0.0000 0.0000 0.0000	</row0>
					<row1>	0.0000 1.0000 0.0000 0.0000	</row1>
					<row2>	0.0000 0.0000 1.0000 0.0000	</row2>
					<row3>	0.0000 0.0000 -5.3384 1.0000	</row3>
				</transform>
			</node>
			<node>
				<identifier>	MP_CM001_Propeller3_L	</identifier>
				<transform>
					<row0>	0.9935 0.1135 -0.0045 0.0000	</row0>
					<row1>	-0.1136 0.9928 -0.0390 0.0000	</row1>
					<row2>	0.0000 0.0393 0.9992 0.0000	</row2>
					<row3>	-0.2405 -0.4624 -6.2038 1.0000	</row3>
				</transform>
			</node>
			<node>
				<identifier>	MP_CM011_Fire_Fighting_Gear	</identifier>
				<transform>
					<row0>	-1.0000 0.0000 0.0000 0.0000	</row0>
					<row1>	0.0000 1.0000 0.0000 0.0000	</row1>
					<row2>	0.0000 0.0000 -1.0000 0.0000	</row2>
					<row3>	0.0000 0.3994 -6.4596 1.0000	</row3>
				</transform>
			</node>
			<node>
				<identifier>	MP_CM013_Fire_Hose_Rack_2	</identifier>
				<transform>
					<row0>	0.0000 0.0000 -1.0000 0.0000	</row0>
					<row1>	0.0000 1.0000 0.0000 0.0000	</row1>
					<row2>	1.0000 0.0000 0.0000 0.0000	</row2>
					<row3>	-0.0742 0.4299 -6.4827 1.0000	</row3>
				</transform>
			</node>
			<node>
				<identifier>	MP_CM014_Fuel_Oil_Hose	</identifier>
				<transform>
					<row0>	0.0000 -1.0000 0.0000 0.0000	</row0>
					<row1>	0.0000 0.0000 -1.0000 0.0000	</row1>
					<row2>	1.0000 0.0000 0.0000 0.0000	</row2>
					<row3>	0.0000 0.4630 -6.6285 1.0000	</row3>
				</transform>
			</node>
			<node>
				<identifier>	MP_CM014_Fuel_Oil_Hose_INDEX_1	</identifier>
				<transform>
					<row0>	0.0000 -1.0000 0.0000 0.0000	</row0>
					<row1>	0.0000 0.0000 -1.0000 0.0000	</row1>
					<row2>	1.0000 0.0000 0.0000 0.0000	</row2>
					<row3>	0.0000 0.4630 -6.5808 1.0000	</row3>
				</transform>
			</node>
			<node>
				<identifier>	MP_CM015_Bundle_1	</identifier>
				<transform>
					<row0>	1.0000 0.0000 0.0000 0.0000	</row0>
					<row1>	0.0000 1.0000 0.0000 0.0000	</row1>
					<row2>	0.0000 0.0000 1.0000 0.0000	</row2>
					<row3>	-0.0960 0.4622 -6.8267 1.0000	</row3>
				</transform>
			</node>
			<node>
				<identifier>	MP_CM019_Wood_Box_2	</identifier>
				<transform>
					<row0>	0.0000 0.0000 -1.0000 0.0000	</row0>
					<row1>	0.0000 1.0000 0.0000 0.0000	</row1>
					<row2>	1.0000 0.0000 0.0000 0.0000	</row2>
					<row3>	0.0000 0.4623 -6.5339 1.0000	</row3>
				</transform>
			</node>
			<node>
				<identifier>	MP_CM032_Propeller3_R	</identifier>
				<transform>
					<row0>	0.9935 -0.1135 0.0045 0.0000	</row0>
					<row1>	0.1136 0.9928 -0.0390 0.0000	</row1>
					<row2>	0.0000 0.0393 0.9992 0.0000	</row2>
					<row3>	0.2405 -0.4624 -6.2038 1.0000	</row3>
				</transform>
			</node>
			<node>
				<identifier>	MP_CM082_Rope	</identifier>
				<transform>
					<row0>	0.6000 0.0000 0.0000 0.0000	</row0>
					<row1>	0.0000 0.6000 0.0000 0.0000	</row1>
					<row2>	0.0000 0.0000 0.6000 0.0000	</row2>
					<row3>	0.0000 0.4526 -8.5204 1.0000	</row3>
				</transform>
			</node>
			<node>
				<identifier>	MP_JM007_Life_Buoy_box	</identifier>
				<transform>
					<row0>	0.2220 0.0000 0.9750 0.0000	</row0>
					<row1>	0.0000 1.0000 0.0000 0.0000	</row1>
					<row2>	-0.9750 0.0000 0.2220 0.0000	</row2>
					<row3>	0.4514 0.3962 -7.8923 1.0000	</row3>
				</transform>
			</node>
			<node>
				<identifier>	MP_JM007_Life_Buoy_box_INDEX_1	</identifier>
				<transform>
					<row0>	0.2220 0.0000 -0.9750 0.0000	</row0>
					<row1>	0.0000 1.0000 0.0000 0.0000	</row1>
					<row2>	0.9750 0.0000 0.2220 0.0000	</row2>
					<row3>	-0.4514 0.3962 -7.8923 1.0000	</row3>
				</transform>
			</node>
			<node>
				<identifier>	MP_JM013_Reels_1	</identifier>
				<transform>
					<row0>	0.0000 0.0000 -0.8764 0.0000	</row0>
					<row1>	0.0000 0.8764 0.0000 0.0000	</row1>
					<row2>	0.8764 0.0000 0.0000 0.0000	</row2>
					<row3>	0.0897 0.3994 -6.9135 1.0000	</row3>
				</transform>
			</node>
			<node>
				<identifier>	MP_JM013_Reels_1_INDEX_1	</identifier>
				<transform>
					<row0>	0.0000 0.0000 -0.8764 0.0000	</row0>
					<row1>	0.0000 0.8764 0.0000 0.0000	</row1>
					<row2>	0.8764 0.0000 0.0000 0.0000	</row2>
					<row3>	-0.0897 0.3994 -6.9135 1.0000	</row3>
				</transform>
			</node>
			<node>
				<identifier>	MP_JM044_After_Capstan	</identifier>
				<transform>
					<row0>	1.2298 0.0000 0.0000 0.0000	</row0>
					<row1>	0.0000 1.2298 0.0000 0.0000	</row1>
					<row2>	0.0000 0.0000 1.2298 0.0000	</row2>
					<row3>	0.0000 0.4292 -7.6823 1.0000	</row3>
				</transform>
			</node>
			<node>
				<identifier>	MP_JM061_Deck_Hatch_10	</identifier>
				<transform>
					<row0>	0.0000 0.0000 1.0000 0.0000	</row0>
					<row1>	0.0000 1.0000 0.0000 0.0000	</row1>
					<row2>	-1.0000 0.0000 0.0000 0.0000	</row2>
					<row3>	0.0000 0.3991 -7.1401 1.0000	</row3>
				</transform>
			</node>
			<node>
				<identifier>	MP_JM062_Deck_Hatch_11	</identifier>
				<transform>
					<row0>	-1.0000 0.0000 0.0000 0.0000	</row0>
					<row1>	0.0000 1.0000 0.0000 0.0000	</row1>
					<row2>	0.0000 0.0000 -1.0000 0.0000	</row2>
					<row3>	0.0623 0.3991 -6.0573 1.0000	</row3>
				</transform>
			</node>
			<node>
				<identifier>	MP_JM125_Signal_Lamp_3	</identifier>
				<transform>
					<row0>	0.0000 0.0000 1.0000 0.0000	</row0>
					<row1>	0.0000 1.0000 0.0000 0.0000	</row1>
					<row2>	-1.0000 0.0000 0.0000 0.0000	</row2>
					<row3>	0.0000 0.6059 -8.5442 1.0000	</row3>
				</transform>
			</node>
			<node>
				<identifier>	MP_JM304_Running_Lights_B	</identifier>
				<transform>
					<row0>	-1.0000 0.0000 0.0000 0.0000	</row0>
					<row1>	0.0000 1.0000 0.0000 0.0000	</row1>
					<row2>	0.0000 0.0000 -1.0000 0.0000	</row2>
					<row3>	0.0128 0.4745 -8.5204 1.0000	</row3>
				</transform>
			</node>
			<node>
				<identifier>	MP_JM304_Running_Lights_B_INDEX_1	</identifier>
				<transform>
					<row0>	-1.0000 0.0000 0.0000 0.0000	</row0>
					<row1>	0.0000 1.0000 0.0000 0.0000	</row1>
					<row2>	0.0000 0.0000 -1.0000 0.0000	</row2>
					<row3>	-0.0151 0.5445 -8.5355 1.0000	</row3>
				</transform>
			</node>
			<node>
				<identifier>	SP_YMS011_YHWL_M_1_INDEX_14	</identifier>
				<transform>
					<row0>	0.9161 0.5092 0.1403 0.0000	</row0>
					<row1>	-0.5033 0.9268 -0.0771 0.0000	</row1>
					<row2>	-0.1601 0.0000 1.0453 0.0000	</row2>
					<row3>	-0.5739 0.0000 -5.8086 1.0000	</row3>
				</transform>
			</node>
			<node>
				<identifier>	SP_YMS011_YHWL_M_1_INDEX_15	</identifier>
				<transform>
					<row0>	0.8450 0.6171 0.1525 0.0000	</row0>
					<row1>	-0.6073 0.8587 -0.1096 0.0000	</row1>
					<row2>	-0.1878 0.0000 1.0406 0.0000	</row2>
					<row3>	-0.4221 0.0000 -6.6934 1.0000	</row3>
				</transform>
			</node>
			<node>
				<identifier>	SP_YMS011_YHWL_M_1_INDEX_16	</identifier>
				<transform>
					<row0>	0.8450 0.6171 0.1525 0.0000	</row0>
					<row1>	-0.6073 0.8587 -0.1096 0.0000	</row1>
					<row2>	-0.1878 0.0000 1.0406 0.0000	</row2>
					<row3>	-0.2468 0.0108 -7.5801 1.0000	</row3>
				</transform>
			</node>
			<node>
				<identifier>	SP_YMS012_YHWR_M_1_INDEX_14	</identifier>
				<transform>
					<row0>	0.9161 -0.5092 -0.1403 0.0000	</row0>
					<row1>	0.5033 0.9268 -0.0771 0.0000	</row1>
					<row2>	0.1601 0.0000 1.0453 0.0000	</row2>
					<row3>	0.5739 0.0000 -5.8086 1.0000	</row3>
				</transform>
			</node>
			<node>
				<identifier>	SP_YMS012_YHWR_M_1_INDEX_15	</identifier>
				<transform>
					<row0>	0.8450 -0.6171 -0.1525 0.0000	</row0>
					<row1>	0.6073 0.8587 -0.1096 0.0000	</row1>
					<row2>	0.1878 0.0000 1.0406 0.0000	</row2>
					<row3>	0.4221 0.0000 -6.6934 1.0000	</row3>
				</transform>
			</node>
			<node>
				<identifier>	SP_YMS012_YHWR_M_1_INDEX_16	</identifier>
				<transform>
					<row0>	0.8450 -0.6171 -0.1525 0.0000	</row0>
					<row1>	0.6073 0.8587 -0.1096 0.0000	</row1>
					<row2>	0.1878 0.0000 1.0406 0.0000	</row2>
					<row3>	0.2475 0.0108 -7.5758 1.0000	</row3>
				</transform>
			</node>
			<node>
				<identifier>	SP_YMS030_YHAM_M_1	</identifier>
				<transform>
					<row0>	0.7053 0.0000 0.0000 0.0000	</row0>
					<row1>	0.0000 0.7040 -0.0443 0.0000	</row1>
					<row2>	0.0000 0.0443 0.7040 0.0000	</row2>
					<row3>	0.0000 0.2398 -8.4977 1.0000	</row3>
				</transform>
			</node>
			<node>
				<identifier>	SP_YMS031_YHAL_M_1	</identifier>
				<transform>
					<row0>	0.8781 0.4183 0.2323 0.0000	</row0>
					<row1>	-0.4078 0.9082 -0.0939 0.0000	</row1>
					<row2>	-0.2503 -0.0123 0.9681 0.0000	</row2>
					<row3>	-0.2708 0.2171 -8.0943 1.0000	</row3>
				</transform>
			</node>
			<node>
				<identifier>	SP_YMS032_YHAR_M_1	</identifier>
				<transform>
					<row0>	0.8781 -0.4183 -0.2323 0.0000	</row0>
					<row1>	0.4078 0.9082 -0.0939 0.0000	</row1>
					<row2>	0.2503 -0.0123 0.9681 0.0000	</row2>
					<row3>	0.3045 0.2010 -8.1032 1.0000	</row3>
				</transform>
			</node>
			<node>
				<identifier>	SP_YMS051_YHDL_L_1_INDEX_1	</identifier>
				<transform>
					<row0>	0.7515 0.0000 0.1198 0.0000	</row0>
					<row1>	0.0000 0.7610 -0.0004 0.0000	</row1>
					<row2>	-0.1198 0.0004 0.7515 0.0000	</row2>
					<row3>	-0.6629 0.3994 -6.7524 1.0000	</row3>
				</transform>
			</node>
			<node>
				<identifier>	SP_YMS052_YHDR_L_1_INDEX_1	</identifier>
				<transform>
					<row0>	0.7515 0.0000 -0.1198 0.0000	</row0>
					<row1>	0.0000 0.7610 -0.0004 0.0000	</row1>
					<row2>	0.1198 0.0004 0.7515 0.0000	</row2>
					<row3>	0.6629 0.3994 -6.7524 1.0000	</row3>
				</transform>
			</node>
			<node>
				<identifier>	SP_YMS053_YHDC_S_1_INDEX_16	</identifier>
				<transform>
					<row0>	1.2900 0.0000 0.0000 0.0000	</row0>
					<row1>	0.0000 1.2900 0.0002 0.0000	</row1>
					<row2>	0.0000 -0.0002 1.2900 0.0000	</row2>
					<row3>	0.0000 0.3998 -5.6913 1.0000	</row3>
				</transform>
			</node>
			<node>
				<identifier>	SP_YMS053_YHDC_S_1_INDEX_17	</identifier>
				<transform>
					<row0>	1.2902 0.0000 0.0000 0.0000	</row0>
					<row1>	0.0000 1.2902 0.0000 0.0000	</row1>
					<row2>	0.0000 0.0000 1.2902 0.0000	</row2>
					<row3>	0.0000 0.3992 -7.5248 1.0000	</row3>
				</transform>
			</node>
			<node>
				<identifier>	SP_YMS070_YHHC_L_1_INDEX_1	</identifier>
				<transform>
					<row0>	0.9005 0.0000 0.0000 0.0000	</row0>
					<row1>	0.0000 0.9005 0.0000 0.0000	</row1>
					<row2>	0.0000 0.0000 0.9005 0.0000	</row2>
					<row3>	0.0000 0.4987 -6.5869 1.0000	</row3>
				</transform>
			</node>
			<node>
				<identifier>	SP_YMS080_YHSL_M_1_INDEX_3	</identifier>
				<transform>
					<row0>	0.8078 0.5730 0.1384 0.0000	</row0>
					<row1>	-0.5650 0.8196 -0.0955 0.0000	</row1>
					<row2>	-0.1681 -0.0010 0.9858 0.0000	</row2>
					<row3>	-0.4817 0.1960 -6.9407 1.0000	</row3>
				</transform>
			</node>
			<node>
				<identifier>	SP_YMS081_YHSR_M_1_INDEX_3	</identifier>
				<transform>
					<row0>	0.8078 -0.5730 -0.1384 0.0000	</row0>
					<row1>	0.5650 0.8196 -0.0955 0.0000	</row1>
					<row2>	0.1681 -0.0010 0.9858 0.0000	</row2>
					<row3>	0.4817 0.1960 -6.9407 1.0000	</row3>
				</transform>
			</node>
			<node>
				<identifier>	SP_YMS082_YHSC_M_1_INDEX_8	</identifier>
				<transform>
					<row0>	0.1223 0.0077 -1.1435 0.0000	</row0>
					<row1>	-0.5380 1.0151 -0.0507 0.0000	</row1>
					<row2>	1.0090 0.5403 0.1115 0.0000	</row2>
					<row3>	-0.6391 0.1570 -5.8750 1.0000	</row3>
				</transform>
			</node>
			<node>
				<identifier>	SP_YMS082_YHSC_M_1_INDEX_9	</identifier>
				<transform>
					<row0>	0.1223 -0.0077 1.1435 0.0000	</row0>
					<row1>	0.5380 1.0151 -0.0507 0.0000	</row1>
					<row2>	-1.0090 0.5403 0.1115 0.0000	</row2>
					<row3>	0.6391 0.1570 -5.8750 1.0000	</row3>
				</transform>
			</node>
		</node>
	</node>
	<boundingBox>
		<min>	-0.0667 -0.0667 -0.0667	</min>
		<max>	0.0667 0.0667 0.0667	</max>
	</boundingBox>
</JSC044_Yoshino_1945_Stern_ports.visual>
