<ISB009_Dante_Alighieri_1915_Bow_ports.visual>
	<node>
		<identifier>	Scene Root	</identifier>
		<transform>
			<row0>	1.0000 0.0000 0.0000 0.0000	</row0>
			<row1>	0.0000 1.0000 0.0000 0.0000	</row1>
			<row2>	0.0000 0.0000 1.0000 0.0000	</row2>
			<row3>	0.0000 0.0000 0.0000 1.0000	</row3>
		</transform>
		<node>
			<identifier>	Bow_ports	</identifier>
			<transform>
				<row0>	1.0000 0.0000 0.0000 0.0000	</row0>
				<row1>	0.0000 1.0000 0.0000 0.0000	</row1>
				<row2>	0.0000 0.0000 1.0000 0.0000	</row2>
				<row3>	0.0000 0.0000 0.0000 1.0000	</row3>
			</transform>
			<node>
				<identifier>	HP_FX_Fire_1	</identifier>
				<transform>
					<row0>	1.0000 0.0000 0.0000 0.0000	</row0>
					<row1>	0.0000 1.0000 0.0000 0.0000	</row1>
					<row2>	0.0000 0.0000 1.0000 0.0000	</row2>
					<row3>	0.0000 0.4463 4.3516 1.0000	</row3>
				</transform>
			</node>
			<node>
				<identifier>	HP_FX_RepairLight_right_1	</identifier>
				<transform>
					<row0>	0.0000 0.0000 -1.0000 0.0000	</row0>
					<row1>	0.0000 1.0000 0.0000 0.0000	</row1>
					<row2>	1.0000 0.0000 0.0000 0.0000	</row2>
					<row3>	0.4428 0.4382 4.0593 1.0000	</row3>
				</transform>
			</node>
			<node>
				<identifier>	HP_FX_WakeTrace	</identifier>
				<transform>
					<row0>	1.0000 0.0000 0.0000 0.0000	</row0>
					<row1>	0.0000 1.0000 0.0000 0.0000	</row1>
					<row2>	0.0000 0.0000 1.0000 0.0000	</row2>
					<row3>	0.0000 0.0000 5.4411 1.0000	</row3>
				</transform>
			</node>
			<node>
				<identifier>	HP_Ship_death_1	</identifier>
				<transform>
					<row0>	1.0000 0.0000 0.0000 0.0000	</row0>
					<row1>	0.0000 1.0000 0.0000 0.0000	</row1>
					<row2>	0.0000 0.0000 1.0000 0.0000	</row2>
					<row3>	0.0000 0.0000 3.5618 1.0000	</row3>
				</transform>
			</node>
			<node>
				<identifier>	MP_IM025_Reels	</identifier>
				<transform>
					<row0>	1.2000 0.0000 0.0000 0.0000	</row0>
					<row1>	0.0000 1.2000 0.0000 0.0000	</row1>
					<row2>	0.0000 0.0000 1.2000 0.0000	</row2>
					<row3>	0.1176 0.4465 3.5320 1.0000	</row3>
				</transform>
			</node>
			<node>
				<identifier>	MP_IM025_Reels_INDEX_1	</identifier>
				<transform>
					<row0>	1.2000 0.0000 0.0000 0.0000	</row0>
					<row1>	0.0000 1.2000 0.0000 0.0000	</row1>
					<row2>	0.0000 0.0000 1.2000 0.0000	</row2>
					<row3>	-0.1176 0.4465 3.5320 1.0000	</row3>
				</transform>
			</node>
			<node>
				<identifier>	MP_IM031_Fire_Fighting	</identifier>
				<transform>
					<row0>	1.0000 0.0000 0.0000 0.0000	</row0>
					<row1>	0.0000 1.0000 0.0000 0.0000	</row1>
					<row2>	0.0000 0.0000 1.0000 0.0000	</row2>
					<row3>	0.0000 0.4511 4.8320 1.0000	</row3>
				</transform>
			</node>
			<node>
				<identifier>	MP_IM032_Fire_Hose	</identifier>
				<transform>
					<row0>	1.0000 0.0000 0.0000 0.0000	</row0>
					<row1>	0.0000 0.0000 -1.0000 0.0000	</row1>
					<row2>	0.0000 1.0000 0.0000 0.0000	</row2>
					<row3>	0.0000 0.4508 4.5646 1.0000	</row3>
				</transform>
			</node>
			<node>
				<identifier>	MP_IM033_Life_Buoy	</identifier>
				<transform>
					<row0>	-0.2792 0.0000 0.9602 0.0000	</row0>
					<row1>	0.0000 1.0000 0.0000 0.0000	</row1>
					<row2>	-0.9602 0.0000 -0.2792 0.0000	</row2>
					<row3>	0.2665 0.5150 4.9563 1.0000	</row3>
				</transform>
			</node>
			<node>
				<identifier>	MP_IM033_Life_Buoy_INDEX_1	</identifier>
				<transform>
					<row0>	-0.2792 0.0000 -0.9602 0.0000	</row0>
					<row1>	0.0000 1.0000 0.0000 0.0000	</row1>
					<row2>	0.9602 0.0000 -0.2792 0.0000	</row2>
					<row3>	-0.2665 0.5150 4.9563 1.0000	</row3>
				</transform>
			</node>
			<node>
				<identifier>	MP_IM042_Star	</identifier>
				<transform>
					<row0>	1.0000 0.0000 0.0000 0.0000	</row0>
					<row1>	0.0000 1.0000 0.0000 0.0000	</row1>
					<row2>	0.0000 0.0000 1.0000 0.0000	</row2>
					<row3>	0.0000 0.4024 5.4244 1.0000	</row3>
				</transform>
			</node>
			<node>
				<identifier>	MP_IM533_Life_Boat_3_5m	</identifier>
				<transform>
					<row0>	0.0000 -1.0000 0.0000 0.0000	</row0>
					<row1>	1.0000 0.0000 0.0000 0.0000	</row1>
					<row2>	0.0000 0.0000 1.0000 0.0000	</row2>
					<row3>	0.4428 0.3880 3.5917 1.0000	</row3>
				</transform>
			</node>
			<node>
				<identifier>	MP_IM533_Life_Boat_3_5m_INDEX_1	</identifier>
				<transform>
					<row0>	0.0000 1.0000 0.0000 0.0000	</row0>
					<row1>	-1.0000 0.0000 0.0000 0.0000	</row1>
					<row2>	0.0000 0.0000 1.0000 0.0000	</row2>
					<row3>	-0.4428 0.3880 3.5917 1.0000	</row3>
				</transform>
			</node>
			<node>
				<identifier>	MP_IM962_Anchor_Up	</identifier>
				<transform>
					<row0>	0.1532 -0.4177 -0.8956 0.0000	</row0>
					<row1>	-0.0888 0.8968 -0.4334 0.0000	</row1>
					<row2>	0.9842 0.1459 0.1003 0.0000	</row2>
					<row3>	0.1476 0.1544 5.1558 1.0000	</row3>
				</transform>
			</node>
			<node>
				<identifier>	MP_IM962_Anchor_Up_INDEX_1	</identifier>
				<transform>
					<row0>	0.1532 0.4177 0.8956 0.0000	</row0>
					<row1>	0.0888 0.8968 -0.4334 0.0000	</row1>
					<row2>	-0.9842 0.1459 0.1003 0.0000	</row2>
					<row3>	-0.1476 0.1544 5.1558 1.0000	</row3>
				</transform>
			</node>
			<node>
				<identifier>	MP_IM963_Anchor_Bottom	</identifier>
				<transform>
					<row0>	0.1532 -0.4177 -0.8956 0.0000	</row0>
					<row1>	0.0067 0.9067 -0.4217 0.0000	</row1>
					<row2>	0.9882 0.0586 0.1417 0.0000	</row2>
					<row3>	0.1476 0.1544 5.1558 1.0000	</row3>
				</transform>
			</node>
			<node>
				<identifier>	MP_IM963_Anchor_Bottom_INDEX_1	</identifier>
				<transform>
					<row0>	0.1532 0.4177 0.8956 0.0000	</row0>
					<row1>	-0.0067 0.9067 -0.4217 0.0000	</row1>
					<row2>	-0.9882 0.0586 0.1417 0.0000	</row2>
					<row3>	-0.1476 0.1544 5.1558 1.0000	</row3>
				</transform>
			</node>
		</node>
	</node>
	<boundingBox>
		<min>	-0.0667 -0.0667 -0.0667	</min>
		<max>	0.0667 0.0667 0.0667	</max>
	</boundingBox>
</ISB009_Dante_Alighieri_1915_Bow_ports.visual>
