<ISB009_Dante_Alighieri_1915_MidBack_ports.visual>
	<node>
		<identifier>	Scene Root	</identifier>
		<transform>
			<row0>	1.0000 0.0000 0.0000 0.0000	</row0>
			<row1>	0.0000 1.0000 0.0000 0.0000	</row1>
			<row2>	0.0000 0.0000 1.0000 0.0000	</row2>
			<row3>	0.0000 0.0000 0.0000 1.0000	</row3>
		</transform>
		<node>
			<identifier>	MidBack_ports	</identifier>
			<transform>
				<row0>	1.0000 0.0000 0.0000 0.0000	</row0>
				<row1>	0.0000 1.0000 0.0000 0.0000	</row1>
				<row2>	0.0000 0.0000 1.0000 0.0000	</row2>
				<row3>	0.0000 0.0000 0.0000 1.0000	</row3>
			</transform>
			<node>
				<identifier>	HP_FX_Death_2	</identifier>
				<transform>
					<row0>	1.0000 0.0000 0.0000 0.0000	</row0>
					<row1>	0.0000 1.0000 0.0000 0.0000	</row1>
					<row2>	0.0000 0.0000 1.0000 0.0000	</row2>
					<row3>	0.0000 0.0000 -0.3372 1.0000	</row3>
				</transform>
			</node>
			<node>
				<identifier>	HP_FX_Death_3	</identifier>
				<transform>
					<row0>	1.0000 0.0000 0.0000 0.0000	</row0>
					<row1>	0.0000 1.0000 0.0000 0.0000	</row1>
					<row2>	0.0000 0.0000 1.0000 0.0000	</row2>
					<row3>	0.0000 0.0000 -3.1627 1.0000	</row3>
				</transform>
			</node>
			<node>
				<identifier>	HP_FX_Fire_3	</identifier>
				<transform>
					<row0>	1.0000 0.0000 0.0000 0.0000	</row0>
					<row1>	0.0000 1.0000 0.0000 0.0000	</row1>
					<row2>	0.0000 0.0000 1.0000 0.0000	</row2>
					<row3>	0.0000 0.4456 -2.1477 1.0000	</row3>
				</transform>
			</node>
			<node>
				<identifier>	HP_FX_Fire_3_side_1	</identifier>
				<transform>
					<row0>	0.9981 0.0000 -0.0623 0.0000	</row0>
					<row1>	0.0000 1.0000 0.0000 0.0000	</row1>
					<row2>	0.0623 0.0000 0.9981 0.0000	</row2>
					<row3>	-0.6389 0.5077 -1.7209 1.0000	</row3>
				</transform>
			</node>
			<node>
				<identifier>	HP_FX_Fire_3_side_2	</identifier>
				<transform>
					<row0>	0.9981 0.0000 0.0623 0.0000	</row0>
					<row1>	0.0000 1.0000 0.0000 0.0000	</row1>
					<row2>	-0.0623 0.0000 0.9981 0.0000	</row2>
					<row3>	0.5555 0.4947 -2.4635 1.0000	</row3>
				</transform>
			</node>
			<node>
				<identifier>	HP_FX_Fire_5_2	</identifier>
				<transform>
					<row0>	1.0000 0.0000 0.0000 0.0000	</row0>
					<row1>	0.0000 1.0000 0.0000 0.0000	</row1>
					<row2>	0.0000 0.0000 1.0000 0.0000	</row2>
					<row3>	-0.1368 0.3358 -0.5530 1.0000	</row3>
				</transform>
			</node>
			<node>
				<identifier>	HP_FX_FloodLight_left_1	</identifier>
				<transform>
					<row0>	-1.0000 0.0000 0.0000 0.0000	</row0>
					<row1>	0.0000 1.0000 0.0000 0.0000	</row1>
					<row2>	0.0000 0.0000 -1.0000 0.0000	</row2>
					<row3>	-0.1310 1.0720 -2.4230 1.0000	</row3>
				</transform>
			</node>
			<node>
				<identifier>	HP_FX_FloodLight_right_1	</identifier>
				<transform>
					<row0>	1.0000 0.0000 0.0000 0.0000	</row0>
					<row1>	0.0000 1.0000 0.0000 0.0000	</row1>
					<row2>	0.0000 0.0000 1.0000 0.0000	</row2>
					<row3>	0.1310 1.0720 -2.4230 1.0000	</row3>
				</transform>
			</node>
			<node>
				<identifier>	HP_FX_Flood_steam_2	</identifier>
				<transform>
					<row0>	0.9932 0.0000 -0.1167 0.0000	</row0>
					<row1>	-0.0339 0.9569 -0.2884 0.0000	</row1>
					<row2>	0.1117 0.2904 0.9504 0.0000	</row2>
					<row3>	0.0000 1.2720 -1.9470 1.0000	</row3>
				</transform>
			</node>
			<node>
				<identifier>	HP_FX_Flood_steam_exhaust_2	</identifier>
				<transform>
					<row0>	1.0000 0.0000 0.0000 0.0000	</row0>
					<row1>	0.0000 0.9571 -0.2898 0.0000	</row1>
					<row2>	0.0000 0.2898 0.9571 0.0000	</row2>
					<row3>	0.0000 1.2707 -2.4233 1.0000	</row3>
				</transform>
			</node>
			<node>
				<identifier>	HP_FX_RepairLight_left_2	</identifier>
				<transform>
					<row0>	-0.1142 0.0000 0.9935 0.0000	</row0>
					<row1>	-0.0693 0.9976 -0.0080 0.0000	</row1>
					<row2>	-0.9910 -0.0698 -0.1139 0.0000	</row2>
					<row3>	-0.7349 0.2837 -2.8159 1.0000	</row3>
				</transform>
			</node>
			<node>
				<identifier>	HP_FX_RepairLight_right_2	</identifier>
				<transform>
					<row0>	-0.1530 0.0000 -0.9882 0.0000	</row0>
					<row1>	0.0414 0.9991 -0.0064 0.0000	</row1>
					<row2>	0.9874 -0.0419 -0.1529 0.0000	</row2>
					<row3>	0.6413 0.2868 -3.4886 1.0000	</row3>
				</transform>
			</node>
			<node>
				<identifier>	HP_FX_Smoke_3	</identifier>
				<transform>
					<row0>	0.9954 0.0954 -0.0103 0.0000	</row0>
					<row1>	-0.0960 0.9896 -0.1068 0.0000	</row1>
					<row2>	0.0000 0.1073 0.9942 0.0000	</row2>
					<row3>	0.0000 1.2160 -1.9250 1.0000	</row3>
				</transform>
			</node>
			<node>
				<identifier>	HP_FX_Smoke_4	</identifier>
				<transform>
					<row0>	0.9954 -0.0954 0.0103 0.0000	</row0>
					<row1>	0.0960 0.9896 -0.1068 0.0000	</row1>
					<row2>	0.0000 0.1073 0.9942 0.0000	</row2>
					<row3>	0.0000 1.2160 -2.4240 1.0000	</row3>
				</transform>
			</node>
			<node>
				<identifier>	HP_FX_WakeTrace_screw_1	</identifier>
				<transform>
					<row0>	1.0000 0.0000 0.0000 0.0000	</row0>
					<row1>	0.0000 1.0000 0.0000 0.0000	</row1>
					<row2>	0.0000 0.0000 1.0000 0.0000	</row2>
					<row3>	0.4281 -0.4169 -3.3897 1.0000	</row3>
				</transform>
			</node>
			<node>
				<identifier>	HP_FX_WakeTrace_screw_2	</identifier>
				<transform>
					<row0>	1.0000 0.0000 0.0000 0.0000	</row0>
					<row1>	0.0000 1.0000 0.0000 0.0000	</row1>
					<row2>	0.0000 0.0000 1.0000 0.0000	</row2>
					<row3>	-0.4281 -0.4169 -3.3897 1.0000	</row3>
				</transform>
			</node>
			<node>
				<identifier>	HP_ID_2	</identifier>
				<transform>
					<row0>	1.0000 0.0000 0.0000 0.0000	</row0>
					<row1>	0.0000 1.0000 0.0000 0.0000	</row1>
					<row2>	0.0000 0.0000 1.0000 0.0000	</row2>
					<row3>	0.0000 0.7704 -2.7641 1.0000	</row3>
				</transform>
			</node>
			<node>
				<identifier>	HP_IGM_3	</identifier>
				<transform>
					<row0>	1.0000 0.0000 0.0000 0.0000	</row0>
					<row1>	0.0000 1.0000 0.0000 0.0000	</row1>
					<row2>	0.0000 0.0000 1.0000 0.0000	</row2>
					<row3>	0.0000 0.3948 -0.9300 1.0000	</row3>
				</transform>
			</node>
			<node>
				<identifier>	HP_IGM_4	</identifier>
				<transform>
					<row0>	-1.0000 0.0000 0.0000 0.0000	</row0>
					<row1>	0.0000 1.0000 0.0000 0.0000	</row1>
					<row2>	0.0000 0.0000 -1.0000 0.0000	</row2>
					<row3>	0.0000 0.3948 -3.4006 1.0000	</row3>
				</transform>
			</node>
			<node>
				<identifier>	HP_IGS_10	</identifier>
				<transform>
					<row0>	-0.9659 0.0000 -0.2588 0.0000	</row0>
					<row1>	0.0000 1.0000 0.0000 0.0000	</row1>
					<row2>	0.2588 0.0000 -0.9659 0.0000	</row2>
					<row3>	0.7883 0.1903 -1.1920 1.0000	</row3>
				</transform>
			</node>
			<node>
				<identifier>	HP_IGS_11	</identifier>
				<transform>
					<row0>	-0.9659 0.0000 0.2588 0.0000	</row0>
					<row1>	0.0000 1.0000 0.0000 0.0000	</row1>
					<row2>	-0.2588 0.0000 -0.9659 0.0000	</row2>
					<row3>	-0.7536 0.1903 -1.8376 1.0000	</row3>
				</transform>
			</node>
			<node>
				<identifier>	HP_IGS_12	</identifier>
				<transform>
					<row0>	-0.9659 0.0000 -0.2588 0.0000	</row0>
					<row1>	0.0000 1.0000 0.0000 0.0000	</row1>
					<row2>	0.2588 0.0000 -0.9659 0.0000	</row2>
					<row3>	0.7536 0.1903 -1.8376 1.0000	</row3>
				</transform>
			</node>
			<node>
				<identifier>	HP_IGS_13	</identifier>
				<transform>
					<row0>	-0.9659 0.0000 0.2588 0.0000	</row0>
					<row1>	0.0000 1.0000 0.0000 0.0000	</row1>
					<row2>	-0.2588 0.0000 -0.9659 0.0000	</row2>
					<row3>	-0.7086 0.1903 -2.4832 1.0000	</row3>
				</transform>
			</node>
			<node>
				<identifier>	HP_IGS_14	</identifier>
				<transform>
					<row0>	-0.9659 0.0000 -0.2588 0.0000	</row0>
					<row1>	0.0000 1.0000 0.0000 0.0000	</row1>
					<row2>	0.2588 0.0000 -0.9659 0.0000	</row2>
					<row3>	0.7086 0.1903 -2.4832 1.0000	</row3>
				</transform>
			</node>
			<node>
				<identifier>	HP_IGS_15	</identifier>
				<transform>
					<row0>	-1.0000 0.0000 0.0000 0.0000	</row0>
					<row1>	0.0000 1.0000 0.0000 0.0000	</row1>
					<row2>	0.0000 0.0000 -1.0000 0.0000	</row2>
					<row3>	-0.5907 0.2981 -2.9528 1.0000	</row3>
				</transform>
			</node>
			<node>
				<identifier>	HP_IGS_16	</identifier>
				<transform>
					<row0>	-1.0000 0.0000 0.0000 0.0000	</row0>
					<row1>	0.0000 1.0000 0.0000 0.0000	</row1>
					<row2>	0.0000 0.0000 -1.0000 0.0000	</row2>
					<row3>	0.5907 0.2981 -2.9528 1.0000	</row3>
				</transform>
			</node>
			<node>
				<identifier>	HP_IGS_9	</identifier>
				<transform>
					<row0>	-0.9659 0.0000 0.2588 0.0000	</row0>
					<row1>	0.0000 1.0000 0.0000 0.0000	</row1>
					<row2>	-0.2588 0.0000 -0.9659 0.0000	</row2>
					<row3>	-0.7883 0.1903 -1.1920 1.0000	</row3>
				</transform>
			</node>
			<node>
				<identifier>	HP_flag_nation	</identifier>
				<transform>
					<row0>	1.0000 0.0000 0.0000 0.0000	</row0>
					<row1>	0.0000 0.9728 -0.2314 0.0000	</row1>
					<row2>	0.0000 0.2314 0.9728 0.0000	</row2>
					<row3>	0.0006 2.1609 -2.5149 1.0000	</row3>
				</transform>
			</node>
			<node>
				<identifier>	HP_flag_rank	</identifier>
				<transform>
					<row0>	1.0000 0.0000 0.0000 0.0000	</row0>
					<row1>	0.0000 0.9728 -0.2314 0.0000	</row1>
					<row2>	0.0000 0.2314 0.9728 0.0000	</row2>
					<row3>	0.0006 1.9362 -2.4614 1.0000	</row3>
				</transform>
			</node>
			<node>
				<identifier>	MP_CM082_Rope	</identifier>
				<transform>
					<row0>	0.5163 0.0000 0.5537 0.0000	</row0>
					<row1>	0.0000 0.7570 0.0000 0.0000	</row1>
					<row2>	-0.5537 0.0000 0.5163 0.0000	</row2>
					<row3>	0.1003 0.5586 -1.8324 1.0000	</row3>
				</transform>
			</node>
			<node>
				<identifier>	MP_CM082_Rope_INDEX_1	</identifier>
				<transform>
					<row0>	0.5163 0.0000 -0.5537 0.0000	</row0>
					<row1>	0.0000 0.7570 0.0000 0.0000	</row1>
					<row2>	0.5537 0.0000 0.5163 0.0000	</row2>
					<row3>	-0.1003 0.5586 -1.8324 1.0000	</row3>
				</transform>
			</node>
			<node>
				<identifier>	MP_CM082_Rope_INDEX_2	</identifier>
				<transform>
					<row0>	0.5543 0.0009 -0.8323 0.0000	</row0>
					<row1>	0.0353 0.9991 0.0246 0.0000	</row1>
					<row2>	0.8316 -0.0430 0.5538 0.0000	</row2>
					<row3>	0.1053 0.5572 -2.5209 1.0000	</row3>
				</transform>
			</node>
			<node>
				<identifier>	MP_CM082_Rope_INDEX_3	</identifier>
				<transform>
					<row0>	0.6414 0.0000 0.7672 0.0000	</row0>
					<row1>	0.0000 1.0000 0.0000 0.0000	</row1>
					<row2>	-0.7672 0.0000 0.6414 0.0000	</row2>
					<row3>	-0.1036 0.5587 -2.5205 1.0000	</row3>
				</transform>
			</node>
			<node>
				<identifier>	MP_CM082_Rope_INDEX_4	</identifier>
				<transform>
					<row0>	0.5991 0.0000 -0.0524 0.0000	</row0>
					<row1>	0.0000 0.6013 0.0000 0.0000	</row1>
					<row2>	0.0524 0.0000 0.5991 0.0000	</row2>
					<row3>	-0.0957 0.9168 -2.2117 1.0000	</row3>
				</transform>
			</node>
			<node>
				<identifier>	MP_CM126_Cleat	</identifier>
				<transform>
					<row0>	0.0000 0.0000 0.9898 0.0000	</row0>
					<row1>	0.0000 0.9898 0.0000 0.0000	</row1>
					<row2>	-0.9898 0.0000 0.0000 0.0000	</row2>
					<row3>	0.0000 0.8581 -1.7533 1.0000	</row3>
				</transform>
			</node>
			<node>
				<identifier>	MP_CM126_Cleat_INDEX_1	</identifier>
				<transform>
					<row0>	0.0000 0.0000 0.9898 0.0000	</row0>
					<row1>	0.0000 0.9898 0.0000 0.0000	</row1>
					<row2>	-0.9898 0.0000 0.0000 0.0000	</row2>
					<row3>	0.0000 0.8581 -2.6460 1.0000	</row3>
				</transform>
			</node>
			<node>
				<identifier>	MP_CM161_Propeller_4_8m_BB_R	</identifier>
				<transform>
					<row0>	0.7000 0.0000 0.0040 0.0000	</row0>
					<row1>	0.0001 0.7000 -0.0077 0.0000	</row1>
					<row2>	-0.0040 0.0077 0.6999 0.0000	</row2>
					<row3>	0.4281 -0.4169 -3.3897 1.0000	</row3>
				</transform>
			</node>
			<node>
				<identifier>	MP_CM162_Propeller_4_8m_BB_L	</identifier>
				<transform>
					<row0>	0.7000 0.0000 -0.0040 0.0000	</row0>
					<row1>	-0.0001 0.7000 -0.0077 0.0000	</row1>
					<row2>	0.0040 0.0077 0.6999 0.0000	</row2>
					<row3>	-0.4281 -0.4169 -3.3897 1.0000	</row3>
				</transform>
			</node>
			<node>
				<identifier>	MP_IM031_Fire_Fighting	</identifier>
				<transform>
					<row0>	-0.4638 0.0000 -0.8859 0.0000	</row0>
					<row1>	0.0000 1.0000 0.0000 0.0000	</row1>
					<row2>	0.8859 0.0000 -0.4638 0.0000	</row2>
					<row3>	0.2717 0.2958 -2.4715 1.0000	</row3>
				</transform>
			</node>
			<node>
				<identifier>	MP_IM031_Fire_Fighting_INDEX_1	</identifier>
				<transform>
					<row0>	-0.4638 0.0000 0.8859 0.0000	</row0>
					<row1>	0.0000 1.0000 0.0000 0.0000	</row1>
					<row2>	-0.8859 0.0000 -0.4638 0.0000	</row2>
					<row3>	-0.2550 0.2958 -2.5034 1.0000	</row3>
				</transform>
			</node>
			<node>
				<identifier>	MP_IM031_Fire_Fighting_INDEX_2	</identifier>
				<transform>
					<row0>	1.0000 0.0000 0.0000 0.0000	</row0>
					<row1>	0.0000 1.0000 0.0000 0.0000	</row1>
					<row2>	0.0000 0.0000 1.0000 0.0000	</row2>
					<row3>	0.0000 0.4310 -2.2602 1.0000	</row3>
				</transform>
			</node>
			<node>
				<identifier>	MP_IM032_Fire_Hose	</identifier>
				<transform>
					<row0>	1.0000 0.0000 0.0000 0.0000	</row0>
					<row1>	0.0000 1.0000 0.0000 0.0000	</row1>
					<row2>	0.0000 0.0000 1.0000 0.0000	</row2>
					<row3>	0.0000 0.5071 -2.2991 1.0000	</row3>
				</transform>
			</node>
			<node>
				<identifier>	MP_IM032_Fire_Hose_INDEX_1	</identifier>
				<transform>
					<row0>	-0.4638 0.0000 -0.8859 0.0000	</row0>
					<row1>	0.0000 1.0000 0.0000 0.0000	</row1>
					<row2>	0.8859 0.0000 -0.4638 0.0000	</row2>
					<row3>	0.2744 0.3647 -2.4213 1.0000	</row3>
				</transform>
			</node>
			<node>
				<identifier>	MP_IM032_Fire_Hose_INDEX_2	</identifier>
				<transform>
					<row0>	-0.4638 0.0000 0.8859 0.0000	</row0>
					<row1>	0.0000 1.0000 0.0000 0.0000	</row1>
					<row2>	-0.8859 0.0000 -0.4638 0.0000	</row2>
					<row3>	-0.2766 0.3266 -2.4170 1.0000	</row3>
				</transform>
			</node>
			<node>
				<identifier>	MP_IM032_Fire_Hose_INDEX_3	</identifier>
				<transform>
					<row0>	-0.4638 0.0000 0.8859 0.0000	</row0>
					<row1>	0.0000 1.0000 0.0000 0.0000	</row1>
					<row2>	-0.8859 0.0000 -0.4638 0.0000	</row2>
					<row3>	-0.2558 0.3266 -2.4568 1.0000	</row3>
				</transform>
			</node>
			<node>
				<identifier>	MP_IM033_Life_Buoy	</identifier>
				<transform>
					<row0>	-0.0007 0.0000 1.0000 0.0000	</row0>
					<row1>	0.0000 1.0000 0.0000 0.0000	</row1>
					<row2>	-1.0000 0.0000 -0.0007 0.0000	</row2>
					<row3>	0.8410 0.3556 -0.8502 1.0000	</row3>
				</transform>
			</node>
			<node>
				<identifier>	MP_IM033_Life_Buoy_INDEX_1	</identifier>
				<transform>
					<row0>	0.0638 0.0000 0.9980 0.0000	</row0>
					<row1>	0.0000 1.0000 0.0000 0.0000	</row1>
					<row2>	-0.9980 0.0000 0.0638 0.0000	</row2>
					<row3>	0.7785 0.3559 -2.2788 1.0000	</row3>
				</transform>
			</node>
			<node>
				<identifier>	MP_IM033_Life_Buoy_INDEX_2	</identifier>
				<transform>
					<row0>	-0.0007 0.0000 -1.0000 0.0000	</row0>
					<row1>	0.0000 1.0000 0.0000 0.0000	</row1>
					<row2>	1.0000 0.0000 -0.0007 0.0000	</row2>
					<row3>	-0.8410 0.3556 -0.8502 1.0000	</row3>
				</transform>
			</node>
			<node>
				<identifier>	MP_IM033_Life_Buoy_INDEX_3	</identifier>
				<transform>
					<row0>	0.0638 0.0000 -0.9980 0.0000	</row0>
					<row1>	0.0000 1.0000 0.0000 0.0000	</row1>
					<row2>	0.9980 0.0000 0.0638 0.0000	</row2>
					<row3>	-0.7785 0.3559 -2.2788 1.0000	</row3>
				</transform>
			</node>
			<node>
				<identifier>	MP_IM535_Life_Boat	</identifier>
				<transform>
					<row0>	1.0000 0.0000 0.0000 0.0000	</row0>
					<row1>	0.0000 0.0000 1.0000 0.0000	</row1>
					<row2>	0.0000 -1.0000 0.0000 0.0000	</row2>
					<row3>	0.0000 0.6480 -1.8010 1.0000	</row3>
				</transform>
			</node>
			<node>
				<identifier>	MP_IM535_Life_Boat_INDEX_1	</identifier>
				<transform>
					<row0>	-1.0000 0.0000 0.0000 0.0000	</row0>
					<row1>	0.0000 0.0000 -1.0000 0.0000	</row1>
					<row2>	0.0000 -1.0000 0.0000 0.0000	</row2>
					<row3>	0.0000 0.6473 -2.5521 1.0000	</row3>
				</transform>
			</node>
			<node>
				<identifier>	MP_IM861_Searchlight_1050mm	</identifier>
				<transform>
					<row0>	0.0000 0.0000 -1.0000 0.0000	</row0>
					<row1>	0.0000 1.0000 0.0000 0.0000	</row1>
					<row2>	1.0000 0.0000 0.0000 0.0000	</row2>
					<row3>	0.1658 0.8688 -1.8208 1.0000	</row3>
				</transform>
			</node>
			<node>
				<identifier>	MP_IM861_Searchlight_1050mm_INDEX_1	</identifier>
				<transform>
					<row0>	0.0000 0.0000 -1.0000 0.0000	</row0>
					<row1>	0.0000 1.0000 0.0000 0.0000	</row1>
					<row2>	1.0000 0.0000 0.0000 0.0000	</row2>
					<row3>	0.2081 0.8688 -2.4225 1.0000	</row3>
				</transform>
			</node>
			<node>
				<identifier>	MP_IM861_Searchlight_1050mm_INDEX_2	</identifier>
				<transform>
					<row0>	0.0000 0.0000 1.0000 0.0000	</row0>
					<row1>	0.0000 1.0000 0.0000 0.0000	</row1>
					<row2>	-1.0000 0.0000 0.0000 0.0000	</row2>
					<row3>	-0.2081 0.8688 -2.4225 1.0000	</row3>
				</transform>
			</node>
			<node>
				<identifier>	MP_IM861_Searchlight_1050mm_INDEX_3	</identifier>
				<transform>
					<row0>	0.0000 0.0000 1.0000 0.0000	</row0>
					<row1>	0.0000 1.0000 0.0000 0.0000	</row1>
					<row2>	-1.0000 0.0000 0.0000 0.0000	</row2>
					<row3>	-0.1658 0.8688 -1.8208 1.0000	</row3>
				</transform>
			</node>
			<node>
				<identifier>	MP_IM964_Winch	</identifier>
				<transform>
					<row0>	0.0000 0.0000 -1.0000 0.0000	</row0>
					<row1>	0.0000 1.0000 0.0000 0.0000	</row1>
					<row2>	1.0000 0.0000 0.0000 0.0000	</row2>
					<row3>	-0.3049 0.2958 -1.8118 1.0000	</row3>
				</transform>
			</node>
			<node>
				<identifier>	MP_IM964_Winch_INDEX_1	</identifier>
				<transform>
					<row0>	0.0000 0.0000 -1.0000 0.0000	</row0>
					<row1>	0.0000 1.0000 0.0000 0.0000	</row1>
					<row2>	1.0000 0.0000 0.0000 0.0000	</row2>
					<row3>	-0.1025 0.2951 -0.3199 1.0000	</row3>
				</transform>
			</node>
			<node>
				<identifier>	MP_IM964_Winch_INDEX_2	</identifier>
				<transform>
					<row0>	0.0000 0.0000 1.0000 0.0000	</row0>
					<row1>	0.0000 1.0000 0.0000 0.0000	</row1>
					<row2>	-1.0000 0.0000 0.0000 0.0000	</row2>
					<row3>	0.3056 0.2958 -1.8118 1.0000	</row3>
				</transform>
			</node>
			<node>
				<identifier>	MP_IM964_Winch_INDEX_3	</identifier>
				<transform>
					<row0>	-0.8813 0.0818 -0.4654 0.0000	</row0>
					<row1>	0.0542 0.9959 0.0725 0.0000	</row1>
					<row2>	0.4694 0.0387 -0.8821 0.0000	</row2>
					<row3>	-0.1919 0.4311 -2.4679 1.0000	</row3>
				</transform>
			</node>
			<node>
				<identifier>	MP_IM964_Winch_INDEX_4	</identifier>
				<transform>
					<row0>	0.0000 0.0000 1.0000 0.0000	</row0>
					<row1>	0.0000 1.0000 0.0000 0.0000	</row1>
					<row2>	-1.0000 0.0000 0.0000 0.0000	</row2>
					<row3>	0.1106 0.2951 -0.2670 1.0000	</row3>
				</transform>
			</node>
			<node>
				<identifier>	MP_IM964_Winch_INDEX_5	</identifier>
				<transform>
					<row0>	-0.8813 -0.0818 0.4654 0.0000	</row0>
					<row1>	-0.0542 0.9959 0.0725 0.0000	</row1>
					<row2>	-0.4694 0.0387 -0.8821 0.0000	</row2>
					<row3>	0.1919 0.4311 -2.4679 1.0000	</row3>
				</transform>
			</node>
			<node>
				<identifier>	MP_IM966_Capstan	</identifier>
				<transform>
					<row0>	0.0000 0.0000 1.0000 0.0000	</row0>
					<row1>	0.0000 1.0000 0.0000 0.0000	</row1>
					<row2>	-1.0000 0.0000 0.0000 0.0000	</row2>
					<row3>	0.3729 0.2950 -2.9132 1.0000	</row3>
				</transform>
			</node>
			<node>
				<identifier>	MP_IM966_Capstan_INDEX_1	</identifier>
				<transform>
					<row0>	0.0000 0.0000 -1.0000 0.0000	</row0>
					<row1>	0.0000 1.0000 0.0000 0.0000	</row1>
					<row2>	1.0000 0.0000 0.0000 0.0000	</row2>
					<row3>	-0.3729 0.2950 -2.9132 1.0000	</row3>
				</transform>
			</node>
		</node>
	</node>
	<boundingBox>
		<min>	-0.0667 -0.0667 -0.0667	</min>
		<max>	0.0667 0.0667 0.0667	</max>
	</boundingBox>
</ISB009_Dante_Alighieri_1915_MidBack_ports.visual>
