<ISB009_Dante_Alighieri_1915_MidFront_ports.visual>
	<node>
		<identifier>	Scene Root	</identifier>
		<transform>
			<row0>	1.0000 0.0000 0.0000 0.0000	</row0>
			<row1>	0.0000 1.0000 0.0000 0.0000	</row1>
			<row2>	0.0000 0.0000 1.0000 0.0000	</row2>
			<row3>	0.0000 0.0000 0.0000 1.0000	</row3>
		</transform>
		<node>
			<identifier>	MidFront_ports	</identifier>
			<transform>
				<row0>	1.0000 0.0000 0.0000 0.0000	</row0>
				<row1>	0.0000 1.0000 0.0000 0.0000	</row1>
				<row2>	0.0000 0.0000 1.0000 0.0000	</row2>
				<row3>	0.0000 0.0000 0.0000 1.0000	</row3>
			</transform>
			<node>
				<identifier>	HP_FX_Death_1	</identifier>
				<transform>
					<row0>	1.0000 0.0000 0.0000 0.0000	</row0>
					<row1>	0.0000 1.0000 0.0000 0.0000	</row1>
					<row2>	0.0000 0.0000 1.0000 0.0000	</row2>
					<row3>	0.0000 0.0000 3.1047 1.0000	</row3>
				</transform>
			</node>
			<node>
				<identifier>	HP_FX_Fire_2	</identifier>
				<transform>
					<row0>	1.0000 0.0000 0.0000 0.0000	</row0>
					<row1>	0.0000 1.0000 0.0000 0.0000	</row1>
					<row2>	0.0000 0.0000 1.0000 0.0000	</row2>
					<row3>	0.0000 0.4748 1.6357 1.0000	</row3>
				</transform>
			</node>
			<node>
				<identifier>	HP_FX_Fire_2_side_1	</identifier>
				<transform>
					<row0>	0.9986 0.0000 -0.0531 0.0000	</row0>
					<row1>	0.0000 1.0000 0.0000 0.0000	</row1>
					<row2>	0.0531 0.0000 0.9986 0.0000	</row2>
					<row3>	-0.5363 0.2969 2.1165 1.0000	</row3>
				</transform>
			</node>
			<node>
				<identifier>	HP_FX_Fire_2_side_2	</identifier>
				<transform>
					<row0>	0.9971 0.0000 0.0763 0.0000	</row0>
					<row1>	0.0000 1.0000 0.0000 0.0000	</row1>
					<row2>	-0.0763 0.0000 0.9971 0.0000	</row2>
					<row3>	0.6364 0.2958 1.2047 1.0000	</row3>
				</transform>
			</node>
			<node>
				<identifier>	HP_FX_Fire_5	</identifier>
				<transform>
					<row0>	1.0000 0.0000 0.0000 0.0000	</row0>
					<row1>	0.0000 1.0000 0.0000 0.0000	</row1>
					<row2>	0.0000 0.0000 1.0000 0.0000	</row2>
					<row3>	-0.1368 0.3539 -0.0012 1.0000	</row3>
				</transform>
			</node>
			<node>
				<identifier>	HP_FX_FloodLight_left_2	</identifier>
				<transform>
					<row0>	-1.0000 0.0000 0.0000 0.0000	</row0>
					<row1>	0.0000 1.0000 0.0000 0.0000	</row1>
					<row2>	0.0000 0.0000 -1.0000 0.0000	</row2>
					<row3>	-0.1450 1.0720 1.4343 1.0000	</row3>
				</transform>
			</node>
			<node>
				<identifier>	HP_FX_FloodLight_right_2	</identifier>
				<transform>
					<row0>	1.0000 0.0000 0.0000 0.0000	</row0>
					<row1>	0.0000 1.0000 0.0000 0.0000	</row1>
					<row2>	0.0000 0.0000 1.0000 0.0000	</row2>
					<row3>	0.1450 1.0720 1.4343 1.0000	</row3>
				</transform>
			</node>
			<node>
				<identifier>	HP_FX_Flood_steam_1	</identifier>
				<transform>
					<row0>	1.0000 0.0000 0.0000 0.0000	</row0>
					<row1>	0.0000 0.9895 -0.1446 0.0000	</row1>
					<row2>	0.0000 0.1446 0.9895 0.0000	</row2>
					<row3>	0.0000 1.2710 1.8670 1.0000	</row3>
				</transform>
			</node>
			<node>
				<identifier>	HP_FX_Flood_steam_exhaust_1	</identifier>
				<transform>
					<row0>	1.0000 0.0000 0.0000 0.0000	</row0>
					<row1>	0.0000 0.9831 -0.1829 0.0000	</row1>
					<row2>	0.0000 0.1829 0.9831 0.0000	</row2>
					<row3>	0.0000 1.2700 1.4370 1.0000	</row3>
				</transform>
			</node>
			<node>
				<identifier>	HP_FX_Flood_steam_left	</identifier>
				<transform>
					<row0>	-1.0000 0.0000 0.0000 0.0000	</row0>
					<row1>	0.0000 1.0000 0.0000 0.0000	</row1>
					<row2>	0.0000 0.0000 -1.0000 0.0000	</row2>
					<row3>	-0.4561 0.4101 1.9971 1.0000	</row3>
				</transform>
			</node>
			<node>
				<identifier>	HP_FX_RepairLight_left_1	</identifier>
				<transform>
					<row0>	0.0000 0.0000 1.0000 0.0000	</row0>
					<row1>	0.0000 1.0000 0.0000 0.0000	</row1>
					<row2>	-1.0000 0.0000 0.0000 0.0000	</row2>
					<row3>	-0.4428 0.4371 3.3781 1.0000	</row3>
				</transform>
			</node>
			<node>
				<identifier>	HP_FX_Smoke_1	</identifier>
				<transform>
					<row0>	0.9954 0.0954 0.0000 0.0000	</row0>
					<row1>	-0.0948 0.9891 -0.1128 0.0000	</row1>
					<row2>	-0.0108 0.1123 0.9936 0.0000	</row2>
					<row3>	0.0050 1.2300 1.8590 1.0000	</row3>
				</transform>
			</node>
			<node>
				<identifier>	HP_FX_Smoke_2	</identifier>
				<transform>
					<row0>	0.9954 -0.0954 0.0103 0.0000	</row0>
					<row1>	0.0960 0.9896 -0.1068 0.0000	</row1>
					<row2>	0.0000 0.1073 0.9942 0.0000	</row2>
					<row3>	0.0000 1.2160 1.4390 1.0000	</row3>
				</transform>
			</node>
			<node>
				<identifier>	HP_Flagpole	</identifier>
				<transform>
					<row0>	1.0000 0.0000 0.0000 0.0000	</row0>
					<row1>	0.0000 1.0000 0.0000 0.0000	</row1>
					<row2>	0.0000 0.0000 1.0000 0.0000	</row2>
					<row3>	0.0000 3.8564 1.6518 1.0000	</row3>
				</transform>
			</node>
			<node>
				<identifier>	HP_ID_1	</identifier>
				<transform>
					<row0>	1.0000 0.0000 0.0000 0.0000	</row0>
					<row1>	0.0000 1.0000 0.0000 0.0000	</row1>
					<row2>	0.0000 0.0000 1.0000 0.0000	</row2>
					<row3>	0.0000 0.9305 2.3312 1.0000	</row3>
				</transform>
			</node>
			<node>
				<identifier>	HP_IGM_1	</identifier>
				<transform>
					<row0>	1.0000 0.0000 0.0000 0.0000	</row0>
					<row1>	0.0000 1.0000 0.0000 0.0000	</row1>
					<row2>	0.0000 0.0000 1.0000 0.0000	</row2>
					<row3>	0.0000 0.5452 2.9484 1.0000	</row3>
				</transform>
			</node>
			<node>
				<identifier>	HP_IGM_2	</identifier>
				<transform>
					<row0>	1.0000 0.0000 0.0000 0.0000	</row0>
					<row1>	0.0000 1.0000 0.0000 0.0000	</row1>
					<row2>	0.0000 0.0000 1.0000 0.0000	</row2>
					<row3>	0.0000 0.3948 0.4287 1.0000	</row3>
				</transform>
			</node>
			<node>
				<identifier>	HP_IGS_1	</identifier>
				<transform>
					<row0>	1.0000 0.0000 0.0000 0.0000	</row0>
					<row1>	0.0000 1.0000 0.0000 0.0000	</row1>
					<row2>	0.0000 0.0000 1.0000 0.0000	</row2>
					<row3>	-0.5284 0.2984 2.6224 1.0000	</row3>
				</transform>
			</node>
			<node>
				<identifier>	HP_IGS_2	</identifier>
				<transform>
					<row0>	1.0000 0.0000 0.0000 0.0000	</row0>
					<row1>	0.0000 1.0000 0.0000 0.0000	</row1>
					<row2>	0.0000 0.0000 1.0000 0.0000	</row2>
					<row3>	0.5284 0.2984 2.6224 1.0000	</row3>
				</transform>
			</node>
			<node>
				<identifier>	HP_IGS_3	</identifier>
				<transform>
					<row0>	0.9659 0.0000 0.2588 0.0000	</row0>
					<row1>	0.0000 1.0000 0.0000 0.0000	</row1>
					<row2>	-0.2588 0.0000 0.9659 0.0000	</row2>
					<row3>	-0.6769 0.1903 2.1543 1.0000	</row3>
				</transform>
			</node>
			<node>
				<identifier>	HP_IGS_4	</identifier>
				<transform>
					<row0>	0.9659 0.0000 -0.2588 0.0000	</row0>
					<row1>	0.0000 1.0000 0.0000 0.0000	</row1>
					<row2>	0.2588 0.0000 0.9659 0.0000	</row2>
					<row3>	0.6769 0.1903 2.1543 1.0000	</row3>
				</transform>
			</node>
			<node>
				<identifier>	HP_IGS_5	</identifier>
				<transform>
					<row0>	0.9659 0.0000 0.2588 0.0000	</row0>
					<row1>	0.0000 1.0000 0.0000 0.0000	</row1>
					<row2>	-0.2588 0.0000 0.9659 0.0000	</row2>
					<row3>	-0.7476 0.1903 1.5081 1.0000	</row3>
				</transform>
			</node>
			<node>
				<identifier>	HP_IGS_6	</identifier>
				<transform>
					<row0>	0.9659 0.0000 -0.2588 0.0000	</row0>
					<row1>	0.0000 1.0000 0.0000 0.0000	</row1>
					<row2>	0.2588 0.0000 0.9659 0.0000	</row2>
					<row3>	0.7476 0.1903 1.5081 1.0000	</row3>
				</transform>
			</node>
			<node>
				<identifier>	HP_IGS_7	</identifier>
				<transform>
					<row0>	0.9659 0.0000 0.2588 0.0000	</row0>
					<row1>	0.0000 1.0000 0.0000 0.0000	</row1>
					<row2>	-0.2588 0.0000 0.9659 0.0000	</row2>
					<row3>	-0.7867 0.1903 0.8624 1.0000	</row3>
				</transform>
			</node>
			<node>
				<identifier>	HP_IGS_8	</identifier>
				<transform>
					<row0>	0.9659 0.0000 -0.2588 0.0000	</row0>
					<row1>	0.0000 1.0000 0.0000 0.0000	</row1>
					<row2>	0.2588 0.0000 0.9659 0.0000	</row2>
					<row3>	0.7867 0.1903 0.8624 1.0000	</row3>
				</transform>
			</node>
			<node>
				<identifier>	HP_Ship_death_2	</identifier>
				<transform>
					<row0>	1.0000 0.0000 0.0000 0.0000	</row0>
					<row1>	0.0000 1.0000 0.0000 0.0000	</row1>
					<row2>	0.0000 0.0000 1.0000 0.0000	</row2>
					<row3>	0.0000 0.0000 -0.3144 1.0000	</row3>
				</transform>
			</node>
			<node>
				<identifier>	HP_flag_1	</identifier>
				<transform>
					<row0>	0.9594 -0.2821 0.0040 0.0000	</row0>
					<row1>	0.2821 0.9590 -0.0277 0.0000	</row1>
					<row2>	0.0040 0.0277 0.9996 0.0000	</row2>
					<row3>	0.3800 1.7471 1.7045 1.0000	</row3>
				</transform>
			</node>
			<node>
				<identifier>	HP_flag_2	</identifier>
				<transform>
					<row0>	0.9594 0.2821 -0.0040 0.0000	</row0>
					<row1>	-0.2821 0.9590 -0.0277 0.0000	</row1>
					<row2>	-0.0040 0.0277 0.9996 0.0000	</row2>
					<row3>	-0.3792 1.7441 1.7046 1.0000	</row3>
				</transform>
			</node>
			<node>
				<identifier>	HP_flag_3	</identifier>
				<transform>
					<row0>	0.9963 -0.0865 0.0000 0.0000	</row0>
					<row1>	0.0865 0.9963 -0.0016 0.0000	</row1>
					<row2>	0.0000 0.0016 1.0000 0.0000	</row2>
					<row3>	0.2035 1.7268 1.7044 1.0000	</row3>
				</transform>
			</node>
			<node>
				<identifier>	HP_flag_4	</identifier>
				<transform>
					<row0>	0.9963 0.0865 0.0000 0.0000	</row0>
					<row1>	-0.0865 0.9963 -0.0016 0.0000	</row1>
					<row2>	0.0000 0.0016 1.0000 0.0000	</row2>
					<row3>	-0.2035 1.7268 1.7044 1.0000	</row3>
				</transform>
			</node>
			<node>
				<identifier>	HP_flag_courtesy	</identifier>
				<transform>
					<row0>	0.8943 -0.4473 0.0115 0.0000	</row0>
					<row1>	0.4473 0.8931 -0.0488 0.0000	</row1>
					<row2>	0.0115 0.0488 0.9987 0.0000	</row2>
					<row3>	0.5641 1.7662 1.7047 1.0000	</row3>
				</transform>
			</node>
			<node>
				<identifier>	HP_flag_house	</identifier>
				<transform>
					<row0>	0.8943 0.4473 -0.0115 0.0000	</row0>
					<row1>	-0.4473 0.8931 -0.0488 0.0000	</row1>
					<row2>	-0.0115 0.0488 0.9987 0.0000	</row2>
					<row3>	-0.5599 1.7580 1.7063 1.0000	</row3>
				</transform>
			</node>
			<node>
				<identifier>	MP_CM040_Steering_Wheel	</identifier>
				<transform>
					<row0>	0.7295 0.0000 0.0000 0.0000	</row0>
					<row1>	0.0000 0.7295 0.0000 0.0000	</row1>
					<row2>	0.0000 0.0000 0.7295 0.0000	</row2>
					<row3>	-0.0378 0.8538 2.5662 1.0000	</row3>
				</transform>
			</node>
			<node>
				<identifier>	MP_CM056_Ships_bell	</identifier>
				<transform>
					<row0>	0.0000 0.0000 -0.7500 0.0000	</row0>
					<row1>	0.0000 0.7500 0.0000 0.0000	</row1>
					<row2>	0.7500 0.0000 0.0000 0.0000	</row2>
					<row3>	0.0000 1.0268 1.7252 1.0000	</row3>
				</transform>
			</node>
			<node>
				<identifier>	MP_CM082_Rope	</identifier>
				<transform>
					<row0>	0.4751 0.0003 -0.2613 0.0000	</row0>
					<row1>	0.0074 0.5420 0.0141 0.0000	</row1>
					<row2>	0.2612 -0.0159 0.4749 0.0000	</row2>
					<row3>	0.1569 0.9533 1.7497 1.0000	</row3>
				</transform>
			</node>
			<node>
				<identifier>	MP_CM082_Rope_INDEX_1	</identifier>
				<transform>
					<row0>	-0.4414 -0.0003 0.2720 0.0000	</row0>
					<row1>	-0.0182 0.5173 -0.0289 0.0000	</row1>
					<row2>	-0.2714 -0.0341 -0.4404 0.0000	</row2>
					<row3>	0.1509 0.9531 1.7385 1.0000	</row3>
				</transform>
			</node>
			<node>
				<identifier>	MP_CM082_Rope_INDEX_10	</identifier>
				<transform>
					<row0>	-0.4810 0.0024 -0.1934 0.0000	</row0>
					<row1>	0.0120 0.5178 -0.0233 0.0000	</row1>
					<row2>	0.1931 -0.0261 -0.4804 0.0000	</row2>
					<row3>	-0.1513 0.9532 1.7386 1.0000	</row3>
				</transform>
			</node>
			<node>
				<identifier>	MP_CM082_Rope_INDEX_11	</identifier>
				<transform>
					<row0>	0.5204 0.0031 0.1522 0.0000	</row0>
					<row1>	-0.0074 0.5420 0.0141 0.0000	</row1>
					<row2>	-0.1521 -0.0156 0.5202 0.0000	</row2>
					<row3>	-0.1565 0.9530 1.7506 1.0000	</row3>
				</transform>
			</node>
			<node>
				<identifier>	MP_CM082_Rope_INDEX_2	</identifier>
				<transform>
					<row0>	-0.4109 0.0007 0.2538 0.0000	</row0>
					<row1>	-0.0118 0.4824 -0.0203 0.0000	</row1>
					<row2>	-0.2535 -0.0234 -0.4104 0.0000	</row2>
					<row3>	0.1462 0.9532 1.7283 1.0000	</row3>
				</transform>
			</node>
			<node>
				<identifier>	MP_CM082_Rope_INDEX_3	</identifier>
				<transform>
					<row0>	0.4778 0.0007 -0.2787 0.0000	</row0>
					<row1>	0.0075 0.5529 0.0144 0.0000	</row1>
					<row2>	0.2786 -0.0162 0.4775 0.0000	</row2>
					<row3>	0.1363 0.9533 1.7061 1.0000	</row3>
				</transform>
			</node>
			<node>
				<identifier>	MP_CM082_Rope_INDEX_4	</identifier>
				<transform>
					<row0>	0.4490 0.0000 -0.6541 0.0000	</row0>
					<row1>	0.0000 0.7934 0.0000 0.0000	</row1>
					<row2>	0.6541 0.0000 0.4490 0.0000	</row2>
					<row3>	0.1150 0.5578 1.3374 1.0000	</row3>
				</transform>
			</node>
			<node>
				<identifier>	MP_CM082_Rope_INDEX_5	</identifier>
				<transform>
					<row0>	0.4490 0.0000 0.6541 0.0000	</row0>
					<row1>	0.0000 0.7934 0.0000 0.0000	</row1>
					<row2>	-0.6541 0.0000 0.4490 0.0000	</row2>
					<row3>	-0.1150 0.5578 1.3374 1.0000	</row3>
				</transform>
			</node>
			<node>
				<identifier>	MP_CM082_Rope_INDEX_6	</identifier>
				<transform>
					<row0>	-0.4549 -0.0004 0.2540 0.0000	</row0>
					<row1>	-0.0138 0.5203 -0.0239 0.0000	</row1>
					<row2>	-0.2537 -0.0276 -0.4542 0.0000	</row2>
					<row3>	0.1404 0.9531 1.7159 1.0000	</row3>
				</transform>
			</node>
			<node>
				<identifier>	MP_CM082_Rope_INDEX_7	</identifier>
				<transform>
					<row0>	0.5187 0.0025 0.1920 0.0000	</row0>
					<row1>	-0.0122 0.5524 0.0257 0.0000	</row1>
					<row2>	-0.1916 -0.0283 0.5181 0.0000	</row2>
					<row3>	-0.1361 0.9530 1.7066 1.0000	</row3>
				</transform>
			</node>
			<node>
				<identifier>	MP_CM082_Rope_INDEX_8	</identifier>
				<transform>
					<row0>	-0.4880 0.0042 -0.1823 0.0000	</row0>
					<row1>	0.0127 0.5204 -0.0219 0.0000	</row1>
					<row2>	0.1819 -0.0249 -0.4876 0.0000	</row2>
					<row3>	-0.1411 0.9532 1.7160 1.0000	</row3>
				</transform>
			</node>
			<node>
				<identifier>	MP_CM082_Rope_INDEX_9	</identifier>
				<transform>
					<row0>	-0.4460 0.0031 -0.1853 0.0000	</row0>
					<row1>	0.0118 0.4824 -0.0203 0.0000	</row1>
					<row2>	0.1849 -0.0232 -0.4455 0.0000	</row2>
					<row3>	-0.1466 0.9531 1.7284 1.0000	</row3>
				</transform>
			</node>
			<node>
				<identifier>	MP_CM126_Cleat	</identifier>
				<transform>
					<row0>	0.0000 0.0000 -1.0000 0.0000	</row0>
					<row1>	0.0000 1.0000 0.0000 0.0000	</row1>
					<row2>	1.0000 0.0000 0.0000 0.0000	</row2>
					<row3>	0.0000 0.9006 1.3059 1.0000	</row3>
				</transform>
			</node>
			<node>
				<identifier>	MP_CM149_Telegraph	</identifier>
				<transform>
					<row0>	0.0000 0.0000 1.0000 0.0000	</row0>
					<row1>	0.0000 1.0000 0.0000 0.0000	</row1>
					<row2>	-1.0000 0.0000 0.0000 0.0000	</row2>
					<row3>	0.0698 0.7976 2.4979 1.0000	</row3>
				</transform>
			</node>
			<node>
				<identifier>	MP_IM024_Reels_4	</identifier>
				<transform>
					<row0>	-0.8589 0.0000 0.0000 0.0000	</row0>
					<row1>	0.0000 -0.8589 0.0000 0.0000	</row1>
					<row2>	0.0000 0.0000 0.8589 0.0000	</row2>
					<row3>	0.1564 0.6373 2.1389 1.0000	</row3>
				</transform>
			</node>
			<node>
				<identifier>	MP_IM024_Reels_4_INDEX_1	</identifier>
				<transform>
					<row0>	-0.8589 0.0000 0.0000 0.0000	</row0>
					<row1>	0.0000 -0.8589 0.0000 0.0000	</row1>
					<row2>	0.0000 0.0000 0.8589 0.0000	</row2>
					<row3>	-0.1564 0.6373 2.1389 1.0000	</row3>
				</transform>
			</node>
			<node>
				<identifier>	MP_IM031_Fire_Fighting	</identifier>
				<transform>
					<row0>	1.0000 0.0000 0.0000 0.0000	</row0>
					<row1>	0.0000 1.0000 0.0000 0.0000	</row1>
					<row2>	0.0000 0.0000 1.0000 0.0000	</row2>
					<row3>	-0.0856 0.2954 -0.1658 1.0000	</row3>
				</transform>
			</node>
			<node>
				<identifier>	MP_IM031_Fire_Fighting_INDEX_1	</identifier>
				<transform>
					<row0>	-0.4479 0.0000 -0.8941 0.0000	</row0>
					<row1>	0.0000 1.0000 0.0000 0.0000	</row1>
					<row2>	0.8941 0.0000 -0.4479 0.0000	</row2>
					<row3>	0.4452 0.2949 1.7598 1.0000	</row3>
				</transform>
			</node>
			<node>
				<identifier>	MP_IM031_Fire_Fighting_INDEX_2	</identifier>
				<transform>
					<row0>	-0.4479 0.0000 0.8941 0.0000	</row0>
					<row1>	0.0000 1.0000 0.0000 0.0000	</row1>
					<row2>	-0.8941 0.0000 -0.4479 0.0000	</row2>
					<row3>	-0.4452 0.2949 1.7598 1.0000	</row3>
				</transform>
			</node>
			<node>
				<identifier>	MP_IM031_Fire_Fighting_INDEX_3	</identifier>
				<transform>
					<row0>	1.0000 0.0000 0.0000 0.0000	</row0>
					<row1>	0.0000 1.0000 0.0000 0.0000	</row1>
					<row2>	0.0000 0.0000 1.0000 0.0000	</row2>
					<row3>	0.0000 0.4435 1.5849 1.0000	</row3>
				</transform>
			</node>
			<node>
				<identifier>	MP_IM031_Fire_Fighting_INDEX_4	</identifier>
				<transform>
					<row0>	1.0000 0.0000 0.0000 0.0000	</row0>
					<row1>	0.0000 1.0000 0.0000 0.0000	</row1>
					<row2>	0.0000 0.0000 1.0000 0.0000	</row2>
					<row3>	0.0327 0.7981 2.1392 1.0000	</row3>
				</transform>
			</node>
			<node>
				<identifier>	MP_IM032_Fire_Hose	</identifier>
				<transform>
					<row0>	-0.4479 0.0000 -0.8941 0.0000	</row0>
					<row1>	0.0000 1.0000 0.0000 0.0000	</row1>
					<row2>	0.8941 0.0000 -0.4479 0.0000	</row2>
					<row3>	0.4241 0.3686 1.7460 1.0000	</row3>
				</transform>
			</node>
			<node>
				<identifier>	MP_IM032_Fire_Hose_INDEX_1	</identifier>
				<transform>
					<row0>	-1.0000 0.0000 0.0000 0.0000	</row0>
					<row1>	0.0000 1.0000 0.0000 0.0000	</row1>
					<row2>	0.0000 0.0000 -1.0000 0.0000	</row2>
					<row3>	-0.1332 0.3279 -0.1436 1.0000	</row3>
				</transform>
			</node>
			<node>
				<identifier>	MP_IM032_Fire_Hose_INDEX_2	</identifier>
				<transform>
					<row0>	-0.4479 0.0000 0.8941 0.0000	</row0>
					<row1>	0.0000 1.0000 0.0000 0.0000	</row1>
					<row2>	-0.8941 0.0000 -0.4479 0.0000	</row2>
					<row3>	-0.4241 0.3686 1.7460 1.0000	</row3>
				</transform>
			</node>
			<node>
				<identifier>	MP_IM032_Fire_Hose_INDEX_3	</identifier>
				<transform>
					<row0>	1.0000 0.0000 0.0000 0.0000	</row0>
					<row1>	0.0000 1.0000 0.0000 0.0000	</row1>
					<row2>	0.0000 0.0000 1.0000 0.0000	</row2>
					<row3>	0.0000 0.5071 1.5638 1.0000	</row3>
				</transform>
			</node>
			<node>
				<identifier>	MP_IM032_Fire_Hose_INDEX_4	</identifier>
				<transform>
					<row0>	1.0000 0.0000 0.0000 0.0000	</row0>
					<row1>	0.0000 1.0000 0.0000 0.0000	</row1>
					<row2>	0.0000 0.0000 1.0000 0.0000	</row2>
					<row3>	0.0000 0.8578 2.1305 1.0000	</row3>
				</transform>
			</node>
			<node>
				<identifier>	MP_IM033_Life_Buoy	</identifier>
				<transform>
					<row0>	-0.1082 0.0000 0.9941 0.0000	</row0>
					<row1>	0.0000 1.0000 0.0000 0.0000	</row1>
					<row2>	-0.9941 0.0000 -0.1082 0.0000	</row2>
					<row3>	0.7488 0.3555 1.9489 1.0000	</row3>
				</transform>
			</node>
			<node>
				<identifier>	MP_IM033_Life_Buoy_INDEX_1	</identifier>
				<transform>
					<row0>	0.0000 0.0000 1.0000 0.0000	</row0>
					<row1>	0.0000 1.0000 0.0000 0.0000	</row1>
					<row2>	-1.0000 0.0000 0.0000 0.0000	</row2>
					<row3>	0.4388 0.5040 3.3819 1.0000	</row3>
				</transform>
			</node>
			<node>
				<identifier>	MP_IM033_Life_Buoy_INDEX_2	</identifier>
				<transform>
					<row0>	-0.0212 0.0000 0.9998 0.0000	</row0>
					<row1>	0.0000 1.0000 0.0000 0.0000	</row1>
					<row2>	-0.9998 0.0000 -0.0212 0.0000	</row2>
					<row3>	0.8352 0.3555 0.5601 1.0000	</row3>
				</transform>
			</node>
			<node>
				<identifier>	MP_IM033_Life_Buoy_INDEX_3	</identifier>
				<transform>
					<row0>	0.0000 0.0000 -1.0000 0.0000	</row0>
					<row1>	0.0000 1.0000 0.0000 0.0000	</row1>
					<row2>	1.0000 0.0000 0.0000 0.0000	</row2>
					<row3>	-0.4388 0.5040 3.3819 1.0000	</row3>
				</transform>
			</node>
			<node>
				<identifier>	MP_IM033_Life_Buoy_INDEX_4	</identifier>
				<transform>
					<row0>	-0.1082 0.0000 -0.9941 0.0000	</row0>
					<row1>	0.0000 1.0000 0.0000 0.0000	</row1>
					<row2>	0.9941 0.0000 -0.1082 0.0000	</row2>
					<row3>	-0.7488 0.3555 1.9489 1.0000	</row3>
				</transform>
			</node>
			<node>
				<identifier>	MP_IM033_Life_Buoy_INDEX_5	</identifier>
				<transform>
					<row0>	-0.0212 0.0000 -0.9998 0.0000	</row0>
					<row1>	0.0000 1.0000 0.0000 0.0000	</row1>
					<row2>	0.9998 0.0000 -0.0212 0.0000	</row2>
					<row3>	-0.8352 0.3555 0.5601 1.0000	</row3>
				</transform>
			</node>
			<node>
				<identifier>	MP_IM505_Baltello_M4_5	</identifier>
				<transform>
					<row0>	1.0000 0.0000 0.0000 0.0000	</row0>
					<row1>	0.0000 1.0000 0.0000 0.0000	</row1>
					<row2>	0.0000 0.0000 1.0000 0.0000	</row2>
					<row3>	0.4261 0.3038 0.0953 1.0000	</row3>
				</transform>
			</node>
			<node>
				<identifier>	MP_IM505_Baltello_M4_5_INDEX_1	</identifier>
				<transform>
					<row0>	1.0000 0.0000 0.0000 0.0000	</row0>
					<row1>	0.0000 1.0000 0.0000 0.0000	</row1>
					<row2>	0.0000 0.0000 1.0000 0.0000	</row2>
					<row3>	-0.4261 0.3038 0.0953 1.0000	</row3>
				</transform>
			</node>
			<node>
				<identifier>	MP_IM535_Life_Boat	</identifier>
				<transform>
					<row0>	-1.0000 0.0000 0.0000 0.0000	</row0>
					<row1>	0.0000 0.0000 -1.0000 0.0000	</row1>
					<row2>	0.0000 -1.0000 0.0000 0.0000	</row2>
					<row3>	0.0000 0.6486 1.3105 1.0000	</row3>
				</transform>
			</node>
			<node>
				<identifier>	MP_IM617_Compass_Binnacle	</identifier>
				<transform>
					<row0>	0.8500 0.0000 0.0000 0.0000	</row0>
					<row1>	0.0000 0.8500 0.0000 0.0000	</row1>
					<row2>	0.0000 0.0000 0.8500 0.0000	</row2>
					<row3>	0.0000 1.0239 2.1895 1.0000	</row3>
				</transform>
			</node>
			<node>
				<identifier>	MP_IM617_Compass_Binnacle_INDEX_1	</identifier>
				<transform>
					<row0>	0.8500 0.0000 0.0000 0.0000	</row0>
					<row1>	0.0000 0.8500 0.0000 0.0000	</row1>
					<row2>	0.0000 0.0000 0.8500 0.0000	</row2>
					<row3>	0.0000 0.8536 2.5769 1.0000	</row3>
				</transform>
			</node>
			<node>
				<identifier>	MP_IM623_Voice_Tube	</identifier>
				<transform>
					<row0>	0.8660 0.0000 -0.5000 0.0000	</row0>
					<row1>	0.0000 1.0000 0.0000 0.0000	</row1>
					<row2>	0.5000 0.0000 0.8660 0.0000	</row2>
					<row3>	0.0458 1.0257 2.1710 1.0000	</row3>
				</transform>
			</node>
			<node>
				<identifier>	MP_IM623_Voice_Tube_INDEX_1	</identifier>
				<transform>
					<row0>	0.8660 0.0000 0.5000 0.0000	</row0>
					<row1>	0.0000 1.0000 0.0000 0.0000	</row1>
					<row2>	-0.5000 0.0000 0.8660 0.0000	</row2>
					<row3>	-0.0458 1.0257 2.1710 1.0000	</row3>
				</transform>
			</node>
			<node>
				<identifier>	MP_IM623_Voice_Tube_INDEX_2	</identifier>
				<transform>
					<row0>	0.5736 0.0000 -0.8192 0.0000	</row0>
					<row1>	0.0000 1.0000 0.0000 0.0000	</row1>
					<row2>	0.8192 0.0000 0.5736 0.0000	</row2>
					<row3>	0.1007 0.7990 2.4947 1.0000	</row3>
				</transform>
			</node>
			<node>
				<identifier>	MP_IM623_Voice_Tube_INDEX_3	</identifier>
				<transform>
					<row0>	0.7071 0.0000 -0.7071 0.0000	</row0>
					<row1>	0.0000 1.0000 0.0000 0.0000	</row1>
					<row2>	0.7071 0.0000 0.7071 0.0000	</row2>
					<row3>	0.0412 0.8538 2.5599 1.0000	</row3>
				</transform>
			</node>
			<node>
				<identifier>	MP_IM854_Running_Lights_R	</identifier>
				<transform>
					<row0>	1.0000 0.0000 0.0000 0.0000	</row0>
					<row1>	0.0000 1.0000 0.0000 0.0000	</row1>
					<row2>	0.0000 0.0000 1.0000 0.0000	</row2>
					<row3>	0.1944 0.8031 2.3779 1.0000	</row3>
				</transform>
			</node>
			<node>
				<identifier>	MP_IM855_Running_Lights_L	</identifier>
				<transform>
					<row0>	1.0000 0.0000 0.0000 0.0000	</row0>
					<row1>	0.0000 1.0000 0.0000 0.0000	</row1>
					<row2>	0.0000 0.0000 1.0000 0.0000	</row2>
					<row3>	-0.1944 0.8017 2.3779 1.0000	</row3>
				</transform>
			</node>
			<node>
				<identifier>	MP_IM861_Searchlight_1050mm	</identifier>
				<transform>
					<row0>	0.0000 0.0000 1.0000 0.0000	</row0>
					<row1>	0.0000 1.0000 0.0000 0.0000	</row1>
					<row2>	-1.0000 0.0000 0.0000 0.0000	</row2>
					<row3>	-0.2081 0.9053 1.3484 1.0000	</row3>
				</transform>
			</node>
			<node>
				<identifier>	MP_IM861_Searchlight_1050mm_INDEX_1	</identifier>
				<transform>
					<row0>	0.0000 0.0000 -1.0000 0.0000	</row0>
					<row1>	0.0000 1.0000 0.0000 0.0000	</row1>
					<row2>	1.0000 0.0000 0.0000 0.0000	</row2>
					<row3>	0.2081 0.9053 1.3484 1.0000	</row3>
				</transform>
			</node>
			<node>
				<identifier>	MP_IM861_Searchlight_1050mm_INDEX_2	</identifier>
				<transform>
					<row0>	0.0000 0.0000 -1.0000 0.0000	</row0>
					<row1>	0.0000 1.0000 0.0000 0.0000	</row1>
					<row2>	1.0000 0.0000 0.0000 0.0000	</row2>
					<row3>	0.2008 0.9053 1.9101 1.0000	</row3>
				</transform>
			</node>
			<node>
				<identifier>	MP_IM861_Searchlight_1050mm_INDEX_3	</identifier>
				<transform>
					<row0>	0.0000 0.0000 1.0000 0.0000	</row0>
					<row1>	0.0000 1.0000 0.0000 0.0000	</row1>
					<row2>	-1.0000 0.0000 0.0000 0.0000	</row2>
					<row3>	-0.2008 0.9053 1.9101 1.0000	</row3>
				</transform>
			</node>
			<node>
				<identifier>	MP_IM862_Searchlight	</identifier>
				<transform>
					<row0>	0.0000 0.0000 -1.0000 0.0000	</row0>
					<row1>	0.0000 1.0000 0.0000 0.0000	</row1>
					<row2>	1.0000 0.0000 0.0000 0.0000	</row2>
					<row3>	0.1831 0.6452 2.1863 1.0000	</row3>
				</transform>
			</node>
			<node>
				<identifier>	MP_IM862_Searchlight_INDEX_1	</identifier>
				<transform>
					<row0>	0.0000 0.0000 1.0000 0.0000	</row0>
					<row1>	0.0000 1.0000 0.0000 0.0000	</row1>
					<row2>	-1.0000 0.0000 0.0000 0.0000	</row2>
					<row3>	-0.1831 0.6452 2.1863 1.0000	</row3>
				</transform>
			</node>
			<node>
				<identifier>	MP_IM964_Winch	</identifier>
				<transform>
					<row0>	-0.2316 0.0000 0.9728 0.0000	</row0>
					<row1>	0.0000 1.0000 0.0000 0.0000	</row1>
					<row2>	-0.9728 0.0000 -0.2316 0.0000	</row2>
					<row3>	0.2589 0.4469 1.9499 1.0000	</row3>
				</transform>
			</node>
			<node>
				<identifier>	MP_IM964_Winch_INDEX_1	</identifier>
				<transform>
					<row0>	0.4479 0.0000 -0.8941 0.0000	</row0>
					<row1>	0.0000 1.0000 0.0000 0.0000	</row1>
					<row2>	0.8941 0.0000 0.4479 0.0000	</row2>
					<row3>	-0.2672 0.2952 1.3392 1.0000	</row3>
				</transform>
			</node>
			<node>
				<identifier>	MP_IM964_Winch_INDEX_2	</identifier>
				<transform>
					<row0>	0.4479 0.0000 0.8941 0.0000	</row0>
					<row1>	0.0000 1.0000 0.0000 0.0000	</row1>
					<row2>	-0.8941 0.0000 0.4479 0.0000	</row2>
					<row3>	0.2672 0.2952 1.3392 1.0000	</row3>
				</transform>
			</node>
			<node>
				<identifier>	MP_IM964_Winch_INDEX_3	</identifier>
				<transform>
					<row0>	-0.2316 0.0000 -0.9728 0.0000	</row0>
					<row1>	0.0000 1.0000 0.0000 0.0000	</row1>
					<row2>	0.9728 0.0000 -0.2316 0.0000	</row2>
					<row3>	-0.2589 0.4469 1.9499 1.0000	</row3>
				</transform>
			</node>
			<node>
				<identifier>	MP_IM965_Capstan	</identifier>
				<transform>
					<row0>	-1.0000 0.0000 0.0000 0.0000	</row0>
					<row1>	0.0000 1.0000 0.0000 0.0000	</row1>
					<row2>	0.0000 0.0000 -1.0000 0.0000	</row2>
					<row3>	-0.6695 0.2958 0.2079 1.0000	</row3>
				</transform>
			</node>
			<node>
				<identifier>	MP_IM965_Capstan_INDEX_1	</identifier>
				<transform>
					<row0>	1.0000 0.0000 0.0000 0.0000	</row0>
					<row1>	0.0000 1.0000 0.0000 0.0000	</row1>
					<row2>	0.0000 0.0000 1.0000 0.0000	</row2>
					<row3>	0.6695 0.2958 0.2079 1.0000	</row3>
				</transform>
			</node>
			<node>
				<identifier>	MP_IM967_Capstan	</identifier>
				<transform>
					<row0>	0.0000 0.0000 -1.0000 0.0000	</row0>
					<row1>	0.0000 1.0000 0.0000 0.0000	</row1>
					<row2>	1.0000 0.0000 0.0000 0.0000	</row2>
					<row3>	-0.2342 0.4462 3.4209 1.0000	</row3>
				</transform>
			</node>
			<node>
				<identifier>	MP_IM967_Capstan_INDEX_1	</identifier>
				<transform>
					<row0>	0.0000 0.0000 1.0000 0.0000	</row0>
					<row1>	0.0000 1.0000 0.0000 0.0000	</row1>
					<row2>	-1.0000 0.0000 0.0000 0.0000	</row2>
					<row3>	0.2342 0.4462 3.4209 1.0000	</row3>
				</transform>
			</node>
		</node>
	</node>
	<boundingBox>
		<min>	-0.0667 -0.0667 -0.0667	</min>
		<max>	0.0667 0.0667 0.0667	</max>
	</boundingBox>
</ISB009_Dante_Alighieri_1915_MidFront_ports.visual>
