<RSC026_Molotov_1943_Stern_ports.visual>
	<node>
		<identifier>	Scene Root	</identifier>
		<transform>
			<row0>	1.0000 0.0000 0.0000 0.0000	</row0>
			<row1>	0.0000 1.0000 0.0000 0.0000	</row1>
			<row2>	0.0000 0.0000 1.0000 0.0000	</row2>
			<row3>	0.0000 0.0000 0.0000 1.0000	</row3>
		</transform>
		<node>
			<identifier>	Stern_ports	</identifier>
			<transform>
				<row0>	1.0000 0.0000 0.0000 0.0000	</row0>
				<row1>	0.0000 1.0000 0.0000 0.0000	</row1>
				<row2>	0.0000 0.0000 1.0000 0.0000	</row2>
				<row3>	0.0000 0.0000 0.0000 1.0000	</row3>
			</transform>
			<node>
				<identifier>	HP_FX_Fire_4	</identifier>
				<transform>
					<row0>	1.0000 0.0000 0.0000 0.0000	</row0>
					<row1>	0.0000 1.0000 0.0000 0.0000	</row1>
					<row2>	0.0000 0.0000 1.0000 0.0000	</row2>
					<row3>	0.0000 0.3457 -5.3693 1.0000	</row3>
				</transform>
			</node>
			<node>
				<identifier>	HP_FX_Flood_water_left_4	</identifier>
				<transform>
					<row0>	0.0000 0.0000 -1.0000 0.0000	</row0>
					<row1>	0.0000 1.0000 0.0000 0.0000	</row1>
					<row2>	1.0000 0.0000 0.0000 0.0000	</row2>
					<row3>	-0.1079 0.1049 -6.2759 1.0000	</row3>
				</transform>
			</node>
			<node>
				<identifier>	HP_FX_Flood_water_right_4	</identifier>
				<transform>
					<row0>	0.0000 0.0000 -1.0000 0.0000	</row0>
					<row1>	0.0000 1.0000 0.0000 0.0000	</row1>
					<row2>	1.0000 0.0000 0.0000 0.0000	</row2>
					<row3>	0.1139 0.1049 -6.2759 1.0000	</row3>
				</transform>
			</node>
			<node>
				<identifier>	HP_FX_WakeTraceBack	</identifier>
				<transform>
					<row0>	1.0000 0.0000 0.0000 0.0000	</row0>
					<row1>	0.0000 1.0000 0.0000 0.0000	</row1>
					<row2>	0.0000 0.0000 1.0000 0.0000	</row2>
					<row3>	0.0000 0.0000 -6.2438 1.0000	</row3>
				</transform>
			</node>
			<node>
				<identifier>	HP_FX_WakeTrace_screw_1	</identifier>
				<transform>
					<row0>	1.0000 0.0000 0.0000 0.0000	</row0>
					<row1>	0.0000 1.0000 0.0000 0.0000	</row1>
					<row2>	0.0000 0.0000 1.0000 0.0000	</row2>
					<row3>	-0.2173 -0.2866 -5.1930 1.0000	</row3>
				</transform>
			</node>
			<node>
				<identifier>	HP_FX_WakeTrace_screw_2	</identifier>
				<transform>
					<row0>	1.0000 0.0000 0.0000 0.0000	</row0>
					<row1>	0.0000 1.0000 0.0000 0.0000	</row1>
					<row2>	0.0000 0.0000 1.0000 0.0000	</row2>
					<row3>	0.2173 -0.2866 -5.1930 1.0000	</row3>
				</transform>
			</node>
			<node>
				<identifier>	HP_RGB_1	</identifier>
				<transform>
					<row0>	-0.0014 0.0185 0.9998 0.0000	</row0>
					<row1>	-0.0880 0.9959 -0.0186 0.0000	</row1>
					<row2>	-0.9961 -0.0880 0.0002 0.0000	</row2>
					<row3>	-0.2403 0.3331 -5.1567 1.0000	</row3>
				</transform>
			</node>
			<node>
				<identifier>	HP_RGB_2	</identifier>
				<transform>
					<row0>	-0.0014 -0.0185 -0.9998 0.0000	</row0>
					<row1>	0.0880 0.9959 -0.0186 0.0000	</row1>
					<row2>	0.9961 -0.0880 0.0002 0.0000	</row2>
					<row3>	0.2403 0.3331 -5.1567 1.0000	</row3>
				</transform>
			</node>
			<node>
				<identifier>	HP_RGB_3	</identifier>
				<transform>
					<row0>	-0.0016 0.0271 0.9996 0.0000	</row0>
					<row1>	-0.0378 0.9989 -0.0271 0.0000	</row1>
					<row2>	-0.9993 -0.0378 -0.0006 0.0000	</row2>
					<row3>	-0.1953 0.3273 -5.6464 1.0000	</row3>
				</transform>
			</node>
			<node>
				<identifier>	HP_RGB_4	</identifier>
				<transform>
					<row0>	-0.0016 -0.0271 -0.9996 0.0000	</row0>
					<row1>	0.0378 0.9989 -0.0271 0.0000	</row1>
					<row2>	0.9993 -0.0378 -0.0006 0.0000	</row2>
					<row3>	0.1953 0.3273 -5.6464 1.0000	</row3>
				</transform>
			</node>
			<node>
				<identifier>	HP_Ship_death_3	</identifier>
				<transform>
					<row0>	1.0000 0.0000 0.0000 0.0000	</row0>
					<row1>	0.0000 1.0000 0.0000 0.0000	</row1>
					<row2>	0.0000 0.0000 1.0000 0.0000	</row2>
					<row3>	0.0000 0.0000 -4.3242 1.0000	</row3>
				</transform>
			</node>
			<node>
				<identifier>	MP_CM001_Propeller3_L	</identifier>
				<transform>
					<row0>	1.0501 0.0000 -0.0189 0.0000	</row0>
					<row1>	-0.0007 1.0496 -0.0373 0.0000	</row1>
					<row2>	0.0189 0.0373 1.0495 0.0000	</row2>
					<row3>	-0.2173 -0.2866 -5.1930 1.0000	</row3>
				</transform>
			</node>
			<node>
				<identifier>	MP_CM011_Fire_Fighting_Gear	</identifier>
				<transform>
					<row0>	-0.1280 0.0000 -0.9918 0.0000	</row0>
					<row1>	0.0000 1.0000 0.0000 0.0000	</row1>
					<row2>	0.9918 0.0000 -0.1280 0.0000	</row2>
					<row3>	0.3493 0.3198 -5.7407 1.0000	</row3>
				</transform>
			</node>
			<node>
				<identifier>	MP_CM011_Fire_Fighting_Gear_INDEX_1	</identifier>
				<transform>
					<row0>	-0.1280 0.0000 0.9918 0.0000	</row0>
					<row1>	0.0000 1.0000 0.0000 0.0000	</row1>
					<row2>	-0.9918 0.0000 -0.1280 0.0000	</row2>
					<row3>	-0.3493 0.3192 -5.7407 1.0000	</row3>
				</transform>
			</node>
			<node>
				<identifier>	MP_CM032_Propeller3_R	</identifier>
				<transform>
					<row0>	1.0501 0.0000 0.0189 0.0000	</row0>
					<row1>	0.0007 1.0496 -0.0373 0.0000	</row1>
					<row2>	-0.0189 0.0373 1.0495 0.0000	</row2>
					<row3>	0.2173 -0.2866 -5.1930 1.0000	</row3>
				</transform>
			</node>
			<node>
				<identifier>	MP_CM086_Anchor_top	</identifier>
				<transform>
					<row0>	-1.1019 0.0000 0.0000 0.0000	</row0>
					<row1>	0.0000 0.9938 0.6843 0.0000	</row1>
					<row2>	0.0000 0.6250 -0.9076 0.0000	</row2>
					<row3>	-0.0005 0.1861 -6.3259 1.0000	</row3>
				</transform>
			</node>
			<node>
				<identifier>	MP_CM087_Anchor_down	</identifier>
				<transform>
					<row0>	-1.2832 0.0000 0.0000 0.0000	</row0>
					<row1>	0.0000 1.2832 -0.0006 0.0000	</row1>
					<row2>	0.0000 -0.0006 -1.2832 0.0000	</row2>
					<row3>	-0.0004 0.1823 -6.3255 1.0000	</row3>
				</transform>
			</node>
			<node>
				<identifier>	MP_CM109_Leadsman_Platform	</identifier>
				<transform>
					<row0>	0.0062 -1.0000 0.0000 0.0000	</row0>
					<row1>	-0.9881 -0.0061 -0.1534 0.0000	</row1>
					<row2>	0.1534 0.0009 -0.9882 0.0000	</row2>
					<row3>	-0.2900 0.3127 -6.2975 1.0000	</row3>
				</transform>
			</node>
			<node>
				<identifier>	MP_CM109_Leadsman_Platform_INDEX_1	</identifier>
				<transform>
					<row0>	0.0121 -0.9999 -0.0038 0.0000	</row0>
					<row1>	0.9891 0.0125 -0.1469 0.0000	</row1>
					<row2>	0.1469 -0.0019 0.9891 0.0000	</row2>
					<row3>	0.2900 0.3127 -6.2975 1.0000	</row3>
				</transform>
			</node>
			<node>
				<identifier>	MP_RM021_Screened_speed_light	</identifier>
				<transform>
					<row0>	-0.5892 0.0000 0.0000 0.0000	</row0>
					<row1>	0.0000 0.5892 0.0000 0.0000	</row1>
					<row2>	0.0000 0.0000 -0.5892 0.0000	</row2>
					<row3>	0.0000 0.3832 -6.3642 1.0000	</row3>
				</transform>
			</node>
			<node>
				<identifier>	MP_RM054_Life_buoy	</identifier>
				<transform>
					<row0>	0.0855 0.0000 0.9963 0.0000	</row0>
					<row1>	0.0000 1.0000 0.0000 0.0000	</row1>
					<row2>	-0.9963 0.0000 0.0855 0.0000	</row2>
					<row3>	0.4445 0.3475 -4.7609 1.0000	</row3>
				</transform>
			</node>
			<node>
				<identifier>	MP_RM054_Life_buoy_INDEX_1	</identifier>
				<transform>
					<row0>	0.0855 0.0000 -0.9963 0.0000	</row0>
					<row1>	0.0000 1.0000 0.0000 0.0000	</row1>
					<row2>	0.9963 0.0000 0.0855 0.0000	</row2>
					<row3>	-0.4445 0.3475 -4.7609 1.0000	</row3>
				</transform>
			</node>
			<node>
				<identifier>	MP_RM075_Fairlead	</identifier>
				<transform>
					<row0>	0.9962 0.0000 -0.0873 0.0000	</row0>
					<row1>	0.0000 1.0000 0.0000 0.0000	</row1>
					<row2>	0.0873 0.0000 0.9962 0.0000	</row2>
					<row3>	0.4200 0.3087 -4.8272 1.0000	</row3>
				</transform>
			</node>
			<node>
				<identifier>	MP_RM075_Fairlead_INDEX_1	</identifier>
				<transform>
					<row0>	0.9963 0.0000 0.0854 0.0000	</row0>
					<row1>	0.0000 1.0000 0.0000 0.0000	</row1>
					<row2>	-0.0854 0.0000 0.9963 0.0000	</row2>
					<row3>	-0.4199 0.3087 -4.8272 1.0000	</row3>
				</transform>
			</node>
			<node>
				<identifier>	MP_RM111_Bollard	</identifier>
				<transform>
					<row0>	0.8966 0.0784 0.0000 0.0000	</row0>
					<row1>	-0.0784 0.8966 0.0000 0.0000	</row1>
					<row2>	0.0000 0.0000 0.9000 0.0000	</row2>
					<row3>	-0.2737 0.3195 -4.8689 1.0000	</row3>
				</transform>
			</node>
			<node>
				<identifier>	MP_RM111_Bollard_INDEX_1	</identifier>
				<transform>
					<row0>	0.9995 0.0310 0.0004 0.0000	</row0>
					<row1>	-0.0310 0.9993 -0.0186 0.0000	</row1>
					<row2>	-0.0009 0.0186 0.9998 0.0000	</row2>
					<row3>	-0.0556 0.3370 -5.3106 1.0000	</row3>
				</transform>
			</node>
			<node>
				<identifier>	MP_RM111_Bollard_INDEX_2	</identifier>
				<transform>
					<row0>	0.8966 -0.0784 0.0000 0.0000	</row0>
					<row1>	0.0784 0.8966 0.0000 0.0000	</row1>
					<row2>	0.0000 0.0000 0.9000 0.0000	</row2>
					<row3>	0.2737 0.3195 -4.8689 1.0000	</row3>
				</transform>
			</node>
			<node>
				<identifier>	MP_RM111_Bollard_INDEX_3	</identifier>
				<transform>
					<row0>	0.9995 -0.0310 -0.0004 0.0000	</row0>
					<row1>	0.0310 0.9993 -0.0186 0.0000	</row1>
					<row2>	0.0009 0.0186 0.9998 0.0000	</row2>
					<row3>	0.0556 0.3370 -5.3106 1.0000	</row3>
				</transform>
			</node>
			<node>
				<identifier>	MP_RM182_Depth_Charge_BB1	</identifier>
				<transform>
					<row0>	0.0021 0.1269 0.9919 0.0000	</row0>
					<row1>	0.9999 -0.0150 -0.0002 0.0000	</row1>
					<row2>	0.0149 0.9918 -0.1269 0.0000	</row2>
					<row3>	0.0876 0.3002 -6.2041 1.0000	</row3>
				</transform>
			</node>
			<node>
				<identifier>	MP_RM182_Depth_Charge_BB1_INDEX_1	</identifier>
				<transform>
					<row0>	0.0021 0.1269 0.9919 0.0000	</row0>
					<row1>	0.9999 -0.0150 -0.0002 0.0000	</row1>
					<row2>	0.0149 0.9918 -0.1269 0.0000	</row2>
					<row3>	0.0876 0.2930 -6.2610 1.0000	</row3>
				</transform>
			</node>
			<node>
				<identifier>	MP_RM182_Depth_Charge_BB1_INDEX_10	</identifier>
				<transform>
					<row0>	0.0021 0.1269 0.9919 0.0000	</row0>
					<row1>	0.9999 -0.0150 -0.0002 0.0000	</row1>
					<row2>	0.0149 0.9918 -0.1269 0.0000	</row2>
					<row3>	0.0877 0.3075 -6.1470 1.0000	</row3>
				</transform>
			</node>
			<node>
				<identifier>	MP_RM182_Depth_Charge_BB1_INDEX_11	</identifier>
				<transform>
					<row0>	0.0021 -0.1269 -0.9919 0.0000	</row0>
					<row1>	-0.9999 -0.0150 -0.0002 0.0000	</row1>
					<row2>	-0.0149 0.9918 -0.1269 0.0000	</row2>
					<row3>	-0.0876 0.3002 -6.2041 1.0000	</row3>
				</transform>
			</node>
			<node>
				<identifier>	MP_RM182_Depth_Charge_BB1_INDEX_12	</identifier>
				<transform>
					<row0>	0.0021 0.1269 0.9919 0.0000	</row0>
					<row1>	0.9999 -0.0150 -0.0002 0.0000	</row1>
					<row2>	0.0149 0.9918 -0.1269 0.0000	</row2>
					<row3>	0.0876 0.2966 -6.2325 1.0000	</row3>
				</transform>
			</node>
			<node>
				<identifier>	MP_RM182_Depth_Charge_BB1_INDEX_13	</identifier>
				<transform>
					<row0>	0.0021 0.1269 0.9919 0.0000	</row0>
					<row1>	0.9999 -0.0150 -0.0002 0.0000	</row1>
					<row2>	0.0149 0.9918 -0.1269 0.0000	</row2>
					<row3>	0.0877 0.3148 -6.0900 1.0000	</row3>
				</transform>
			</node>
			<node>
				<identifier>	MP_RM182_Depth_Charge_BB1_INDEX_14	</identifier>
				<transform>
					<row0>	0.0021 -0.1269 -0.9919 0.0000	</row0>
					<row1>	-0.9999 -0.0150 -0.0002 0.0000	</row1>
					<row2>	-0.0149 0.9918 -0.1269 0.0000	</row2>
					<row3>	-0.0877 0.3038 -6.1756 1.0000	</row3>
				</transform>
			</node>
			<node>
				<identifier>	MP_RM182_Depth_Charge_BB1_INDEX_15	</identifier>
				<transform>
					<row0>	0.0021 -0.1269 -0.9919 0.0000	</row0>
					<row1>	-0.9999 -0.0150 -0.0002 0.0000	</row1>
					<row2>	-0.0149 0.9918 -0.1269 0.0000	</row2>
					<row3>	-0.0877 0.3075 -6.1470 1.0000	</row3>
				</transform>
			</node>
			<node>
				<identifier>	MP_RM182_Depth_Charge_BB1_INDEX_16	</identifier>
				<transform>
					<row0>	-0.7053 0.0125 0.7088 0.0000	</row0>
					<row1>	-0.0002 0.9998 -0.0178 0.0000	</row1>
					<row2>	-0.7089 -0.0126 -0.7052 0.0000	</row2>
					<row3>	0.0565 0.3489 -5.5328 1.0000	</row3>
				</transform>
			</node>
			<node>
				<identifier>	MP_RM182_Depth_Charge_BB1_INDEX_17	</identifier>
				<transform>
					<row0>	0.7089 0.0126 0.7052 0.0000	</row0>
					<row1>	-0.0002 0.9998 -0.0178 0.0000	</row1>
					<row2>	-0.7053 0.0125 0.7088 0.0000	</row2>
					<row3>	0.0379 0.3490 -5.5265 1.0000	</row3>
				</transform>
			</node>
			<node>
				<identifier>	MP_RM182_Depth_Charge_BB1_INDEX_18	</identifier>
				<transform>
					<row0>	-0.7053 0.0125 0.7088 0.0000	</row0>
					<row1>	-0.0002 0.9998 -0.0178 0.0000	</row1>
					<row2>	-0.7089 -0.0126 -0.7052 0.0000	</row2>
					<row3>	0.0285 0.3489 -5.5328 1.0000	</row3>
				</transform>
			</node>
			<node>
				<identifier>	MP_RM182_Depth_Charge_BB1_INDEX_19	</identifier>
				<transform>
					<row0>	0.7089 0.0126 0.7052 0.0000	</row0>
					<row1>	-0.0002 0.9998 -0.0178 0.0000	</row1>
					<row2>	-0.7053 0.0125 0.7088 0.0000	</row2>
					<row3>	0.0099 0.3490 -5.5265 1.0000	</row3>
				</transform>
			</node>
			<node>
				<identifier>	MP_RM182_Depth_Charge_BB1_INDEX_2	</identifier>
				<transform>
					<row0>	0.0021 -0.1269 -0.9919 0.0000	</row0>
					<row1>	-0.9999 -0.0150 -0.0002 0.0000	</row1>
					<row2>	-0.0149 0.9918 -0.1269 0.0000	</row2>
					<row3>	-0.0876 0.2930 -6.2610 1.0000	</row3>
				</transform>
			</node>
			<node>
				<identifier>	MP_RM182_Depth_Charge_BB1_INDEX_20	</identifier>
				<transform>
					<row0>	-0.7053 0.0125 0.7088 0.0000	</row0>
					<row1>	-0.0002 0.9998 -0.0178 0.0000	</row1>
					<row2>	-0.7089 -0.0126 -0.7052 0.0000	</row2>
					<row3>	0.0005 0.3489 -5.5328 1.0000	</row3>
				</transform>
			</node>
			<node>
				<identifier>	MP_RM182_Depth_Charge_BB1_INDEX_21	</identifier>
				<transform>
					<row0>	0.0115 -0.0178 -0.9998 0.0000	</row0>
					<row1>	-0.0002 0.9998 -0.0178 0.0000	</row1>
					<row2>	0.9999 0.0004 0.0115 0.0000	</row2>
					<row3>	-0.0494 0.3505 -5.5296 1.0000	</row3>
				</transform>
			</node>
			<node>
				<identifier>	MP_RM182_Depth_Charge_BB1_INDEX_3	</identifier>
				<transform>
					<row0>	0.0021 0.1269 0.9919 0.0000	</row0>
					<row1>	0.9999 -0.0150 -0.0002 0.0000	</row1>
					<row2>	0.0149 0.9918 -0.1269 0.0000	</row2>
					<row3>	0.0877 0.3111 -6.1185 1.0000	</row3>
				</transform>
			</node>
			<node>
				<identifier>	MP_RM182_Depth_Charge_BB1_INDEX_4	</identifier>
				<transform>
					<row0>	0.0021 -0.1269 -0.9919 0.0000	</row0>
					<row1>	-0.9999 -0.0150 -0.0002 0.0000	</row1>
					<row2>	-0.0149 0.9918 -0.1269 0.0000	</row2>
					<row3>	-0.0876 0.2894 -6.2895 1.0000	</row3>
				</transform>
			</node>
			<node>
				<identifier>	MP_RM182_Depth_Charge_BB1_INDEX_5	</identifier>
				<transform>
					<row0>	0.0021 -0.1269 -0.9919 0.0000	</row0>
					<row1>	-0.9999 -0.0150 -0.0002 0.0000	</row1>
					<row2>	-0.0149 0.9918 -0.1269 0.0000	</row2>
					<row3>	-0.0877 0.3148 -6.0900 1.0000	</row3>
				</transform>
			</node>
			<node>
				<identifier>	MP_RM182_Depth_Charge_BB1_INDEX_6	</identifier>
				<transform>
					<row0>	0.0021 0.1269 0.9919 0.0000	</row0>
					<row1>	0.9999 -0.0150 -0.0002 0.0000	</row1>
					<row2>	0.0149 0.9918 -0.1269 0.0000	</row2>
					<row3>	0.0876 0.2894 -6.2895 1.0000	</row3>
				</transform>
			</node>
			<node>
				<identifier>	MP_RM182_Depth_Charge_BB1_INDEX_7	</identifier>
				<transform>
					<row0>	0.0021 -0.1269 -0.9919 0.0000	</row0>
					<row1>	-0.9999 -0.0150 -0.0002 0.0000	</row1>
					<row2>	-0.0149 0.9918 -0.1269 0.0000	</row2>
					<row3>	-0.0876 0.2966 -6.2325 1.0000	</row3>
				</transform>
			</node>
			<node>
				<identifier>	MP_RM182_Depth_Charge_BB1_INDEX_8	</identifier>
				<transform>
					<row0>	0.0021 -0.1269 -0.9919 0.0000	</row0>
					<row1>	-0.9999 -0.0150 -0.0002 0.0000	</row1>
					<row2>	-0.0149 0.9918 -0.1269 0.0000	</row2>
					<row3>	-0.0877 0.3111 -6.1185 1.0000	</row3>
				</transform>
			</node>
			<node>
				<identifier>	MP_RM182_Depth_Charge_BB1_INDEX_9	</identifier>
				<transform>
					<row0>	0.0021 0.1269 0.9919 0.0000	</row0>
					<row1>	0.9999 -0.0150 -0.0002 0.0000	</row1>
					<row2>	0.0149 0.9918 -0.1269 0.0000	</row2>
					<row3>	0.0877 0.3038 -6.1756 1.0000	</row3>
				</transform>
			</node>
			<node>
				<identifier>	MP_RM183_Depth_Charge_BM1	</identifier>
				<transform>
					<row0>	0.9923 0.0000 0.1235 0.0000	</row0>
					<row1>	0.0000 1.0000 0.0000 0.0000	</row1>
					<row2>	-0.1235 0.0000 0.9923 0.0000	</row2>
					<row3>	-0.3779 0.3201 -5.4573 1.0000	</row3>
				</transform>
			</node>
			<node>
				<identifier>	MP_RM183_Depth_Charge_BM1_INDEX_1	</identifier>
				<transform>
					<row0>	0.9923 0.0000 0.1235 0.0000	</row0>
					<row1>	0.0000 1.0000 0.0000 0.0000	</row1>
					<row2>	-0.1235 0.0000 0.9923 0.0000	</row2>
					<row3>	-0.3529 0.3194 -5.6615 1.0000	</row3>
				</transform>
			</node>
			<node>
				<identifier>	MP_RM183_Depth_Charge_BM1_INDEX_10	</identifier>
				<transform>
					<row0>	0.9923 0.0000 -0.1235 0.0000	</row0>
					<row1>	0.0000 1.0000 0.0000 0.0000	</row1>
					<row2>	0.1235 0.0000 0.9923 0.0000	</row2>
					<row3>	0.3529 0.3194 -5.6615 1.0000	</row3>
				</transform>
			</node>
			<node>
				<identifier>	MP_RM183_Depth_Charge_BM1_INDEX_11	</identifier>
				<transform>
					<row0>	0.9923 0.0000 0.1235 0.0000	</row0>
					<row1>	0.0000 1.0000 0.0000 0.0000	</row1>
					<row2>	-0.1235 0.0000 0.9923 0.0000	</row2>
					<row3>	-0.3503 0.3194 -5.6826 1.0000	</row3>
				</transform>
			</node>
			<node>
				<identifier>	MP_RM183_Depth_Charge_BM1_INDEX_12	</identifier>
				<transform>
					<row0>	0.9923 0.0000 -0.1235 0.0000	</row0>
					<row1>	0.0000 1.0000 0.0000 0.0000	</row1>
					<row2>	0.1235 0.0000 0.9923 0.0000	</row2>
					<row3>	0.3503 0.3194 -5.6826 1.0000	</row3>
				</transform>
			</node>
			<node>
				<identifier>	MP_RM183_Depth_Charge_BM1_INDEX_13	</identifier>
				<transform>
					<row0>	0.9922 0.0000 0.1248 0.0000	</row0>
					<row1>	0.0000 1.0000 0.0000 0.0000	</row1>
					<row2>	-0.1248 0.0000 0.9922 0.0000	</row2>
					<row3>	-0.3111 0.3179 -5.9863 1.0000	</row3>
				</transform>
			</node>
			<node>
				<identifier>	MP_RM183_Depth_Charge_BM1_INDEX_14	</identifier>
				<transform>
					<row0>	0.9923 0.0000 0.1235 0.0000	</row0>
					<row1>	0.0000 1.0000 0.0000 0.0000	</row1>
					<row2>	-0.1235 0.0000 0.9923 0.0000	</row2>
					<row3>	-0.3556 0.3194 -5.6405 1.0000	</row3>
				</transform>
			</node>
			<node>
				<identifier>	MP_RM183_Depth_Charge_BM1_INDEX_15	</identifier>
				<transform>
					<row0>	0.9923 0.0000 -0.1235 0.0000	</row0>
					<row1>	0.0000 1.0000 0.0000 0.0000	</row1>
					<row2>	0.1235 0.0000 0.9923 0.0000	</row2>
					<row3>	0.3753 0.3201 -5.4783 1.0000	</row3>
				</transform>
			</node>
			<node>
				<identifier>	MP_RM183_Depth_Charge_BM1_INDEX_16	</identifier>
				<transform>
					<row0>	0.9922 0.0000 -0.1248 0.0000	</row0>
					<row1>	0.0000 1.0000 0.0000 0.0000	</row1>
					<row2>	0.1248 0.0000 0.9922 0.0000	</row2>
					<row3>	0.3111 0.3190 -5.9863 1.0000	</row3>
				</transform>
			</node>
			<node>
				<identifier>	MP_RM183_Depth_Charge_BM1_INDEX_17	</identifier>
				<transform>
					<row0>	0.9923 0.0000 -0.1235 0.0000	</row0>
					<row1>	0.0000 1.0000 0.0000 0.0000	</row1>
					<row2>	0.1235 0.0000 0.9923 0.0000	</row2>
					<row3>	0.3779 0.3201 -5.4573 1.0000	</row3>
				</transform>
			</node>
			<node>
				<identifier>	MP_RM183_Depth_Charge_BM1_INDEX_2	</identifier>
				<transform>
					<row0>	0.9922 0.0000 -0.1248 0.0000	</row0>
					<row1>	0.0000 1.0000 0.0000 0.0000	</row1>
					<row2>	0.1248 0.0000 0.9922 0.0000	</row2>
					<row3>	0.3058 0.3190 -6.0283 1.0000	</row3>
				</transform>
			</node>
			<node>
				<identifier>	MP_RM183_Depth_Charge_BM1_INDEX_3	</identifier>
				<transform>
					<row0>	0.9922 0.0000 0.1248 0.0000	</row0>
					<row1>	0.0000 1.0000 0.0000 0.0000	</row1>
					<row2>	-0.1248 0.0000 0.9922 0.0000	</row2>
					<row3>	-0.3058 0.3179 -6.0283 1.0000	</row3>
				</transform>
			</node>
			<node>
				<identifier>	MP_RM183_Depth_Charge_BM1_INDEX_4	</identifier>
				<transform>
					<row0>	0.9923 0.0000 -0.1235 0.0000	</row0>
					<row1>	0.0000 1.0000 0.0000 0.0000	</row1>
					<row2>	0.1235 0.0000 0.9923 0.0000	</row2>
					<row3>	0.3556 0.3194 -5.6405 1.0000	</row3>
				</transform>
			</node>
			<node>
				<identifier>	MP_RM183_Depth_Charge_BM1_INDEX_5	</identifier>
				<transform>
					<row0>	0.9922 0.0000 -0.1248 0.0000	</row0>
					<row1>	0.0000 1.0000 0.0000 0.0000	</row1>
					<row2>	0.1248 0.0000 0.9922 0.0000	</row2>
					<row3>	0.3085 0.3190 -6.0073 1.0000	</row3>
				</transform>
			</node>
			<node>
				<identifier>	MP_RM183_Depth_Charge_BM1_INDEX_6	</identifier>
				<transform>
					<row0>	0.9923 0.0000 0.1235 0.0000	</row0>
					<row1>	0.0000 1.0000 0.0000 0.0000	</row1>
					<row2>	-0.1235 0.0000 0.9923 0.0000	</row2>
					<row3>	-0.3753 0.3201 -5.4783 1.0000	</row3>
				</transform>
			</node>
			<node>
				<identifier>	MP_RM183_Depth_Charge_BM1_INDEX_7	</identifier>
				<transform>
					<row0>	0.9922 0.0000 0.1248 0.0000	</row0>
					<row1>	0.0000 1.0000 0.0000 0.0000	</row1>
					<row2>	-0.1248 0.0000 0.9922 0.0000	</row2>
					<row3>	-0.3085 0.3179 -6.0073 1.0000	</row3>
				</transform>
			</node>
			<node>
				<identifier>	MP_RM183_Depth_Charge_BM1_INDEX_8	</identifier>
				<transform>
					<row0>	0.9923 0.0000 -0.1235 0.0000	</row0>
					<row1>	0.0000 1.0000 0.0000 0.0000	</row1>
					<row2>	0.1235 0.0000 0.9923 0.0000	</row2>
					<row3>	0.3727 0.3201 -5.4993 1.0000	</row3>
				</transform>
			</node>
			<node>
				<identifier>	MP_RM183_Depth_Charge_BM1_INDEX_9	</identifier>
				<transform>
					<row0>	0.9923 0.0000 0.1235 0.0000	</row0>
					<row1>	0.0000 1.0000 0.0000 0.0000	</row1>
					<row2>	-0.1235 0.0000 0.9923 0.0000	</row2>
					<row3>	-0.3727 0.3201 -5.4993 1.0000	</row3>
				</transform>
			</node>
			<node>
				<identifier>	MP_RM200_Running_Lights_B	</identifier>
				<transform>
					<row0>	-1.4040 0.0000 0.0000 0.0000	</row0>
					<row1>	0.0000 1.4040 0.0000 0.0000	</row1>
					<row2>	0.0000 0.0000 -1.4040 0.0000	</row2>
					<row3>	0.0000 0.3565 -6.3542 1.0000	</row3>
				</transform>
			</node>
			<node>
				<identifier>	MP_RM202_Screen_Smoke_DA2	</identifier>
				<transform>
					<row0>	-0.1800 0.0000 0.9837 0.0000	</row0>
					<row1>	0.0000 1.0000 0.0000 0.0000	</row1>
					<row2>	-0.9837 0.0000 -0.1800 0.0000	</row2>
					<row3>	-0.2764 0.3161 -6.2433 1.0000	</row3>
				</transform>
			</node>
			<node>
				<identifier>	MP_RM202_Screen_Smoke_DA2_INDEX_1	</identifier>
				<transform>
					<row0>	-0.1800 0.0000 -0.9837 0.0000	</row0>
					<row1>	0.0000 1.0000 0.0000 0.0000	</row1>
					<row2>	0.9837 0.0000 -0.1800 0.0000	</row2>
					<row3>	0.2764 0.3161 -6.2433 1.0000	</row3>
				</transform>
			</node>
			<node>
				<identifier>	MP_RM215_Deck_Hatch	</identifier>
				<transform>
					<row0>	0.0000 0.0000 0.7023 0.0000	</row0>
					<row1>	0.0000 0.8280 0.0000 0.0000	</row1>
					<row2>	-0.8280 0.0000 0.0000 0.0000	</row2>
					<row3>	-0.1048 0.3255 -4.7835 1.0000	</row3>
				</transform>
			</node>
			<node>
				<identifier>	MP_RM215_Deck_Hatch_INDEX_1	</identifier>
				<transform>
					<row0>	0.0000 0.0000 0.7023 0.0000	</row0>
					<row1>	0.0000 0.8280 0.0000 0.0000	</row1>
					<row2>	-0.8280 0.0000 0.0000 0.0000	</row2>
					<row3>	0.1048 0.3255 -4.7835 1.0000	</row3>
				</transform>
			</node>
			<node>
				<identifier>	MP_RM219_Fairlead	</identifier>
				<transform>
					<row0>	1.4866 -0.0604 -0.1907 0.0000	</row0>
					<row1>	0.0599 1.4988 -0.0077 0.0000	</row1>
					<row2>	0.1909 0.0000 1.4878 0.0000	</row2>
					<row3>	0.3391 0.3281 -5.8078 1.0000	</row3>
				</transform>
			</node>
			<node>
				<identifier>	MP_RM219_Fairlead_INDEX_1	</identifier>
				<transform>
					<row0>	1.4866 0.0604 0.1907 0.0000	</row0>
					<row1>	-0.0599 1.4988 -0.0077 0.0000	</row1>
					<row2>	-0.1909 0.0000 1.4878 0.0000	</row2>
					<row3>	-0.3391 0.3281 -5.8078 1.0000	</row3>
				</transform>
			</node>
			<node>
				<identifier>	MP_RM239_Bomb_Bogie	</identifier>
				<transform>
					<row0>	0.0024 0.0160 0.9299 0.0000	</row0>
					<row1>	-0.0002 0.9999 -0.0172 0.0000	</row1>
					<row2>	-1.0000 -0.0001 0.0026 0.0000	</row2>
					<row3>	0.0000 0.3350 -5.5294 1.0000	</row3>
				</transform>
			</node>
			<node>
				<identifier>	MP_RM249_Coat_of_Arms_USSR	</identifier>
				<transform>
					<row0>	-1.1503 0.0000 0.0000 0.0000	</row0>
					<row1>	0.0000 1.0806 -0.3945 0.0000	</row1>
					<row2>	0.0000 -0.3945 -1.0806 0.0000	</row2>
					<row3>	0.0000 0.2831 -6.3307 1.0000	</row3>
				</transform>
			</node>
			<node>
				<identifier>	MP_RM287_Hatch	</identifier>
				<transform>
					<row0>	-1.0000 0.0000 0.0000 0.0000	</row0>
					<row1>	0.0000 1.0000 0.0000 0.0000	</row1>
					<row2>	0.0000 0.0000 -1.0000 0.0000	</row2>
					<row3>	0.0425 0.3215 -5.9884 1.0000	</row3>
				</transform>
			</node>
			<node>
				<identifier>	MP_RM287_Hatch_INDEX_1	</identifier>
				<transform>
					<row0>	-1.0000 0.0000 0.0000 0.0000	</row0>
					<row1>	0.0000 1.0000 0.0000 0.0000	</row1>
					<row2>	0.0000 0.0000 -1.0000 0.0000	</row2>
					<row3>	-0.0361 0.3274 -5.7853 1.0000	</row3>
				</transform>
			</node>
			<node>
				<identifier>	MP_RM295_Ventilation	</identifier>
				<transform>
					<row0>	-1.2800 0.0000 0.0000 0.0000	</row0>
					<row1>	0.0000 1.2800 0.0000 0.0000	</row1>
					<row2>	0.0000 0.0000 -1.2800 0.0000	</row2>
					<row3>	-0.0201 0.3176 -4.6489 1.0000	</row3>
				</transform>
			</node>
			<node>
				<identifier>	MP_RM295_Ventilation_INDEX_1	</identifier>
				<transform>
					<row0>	-1.2800 0.0000 0.0000 0.0000	</row0>
					<row1>	0.0000 1.2800 0.0000 0.0000	</row1>
					<row2>	0.0000 0.0000 -1.2800 0.0000	</row2>
					<row3>	-0.0503 0.3156 -4.5574 1.0000	</row3>
				</transform>
			</node>
			<node>
				<identifier>	MP_RM295_Ventilation_INDEX_2	</identifier>
				<transform>
					<row0>	1.4341 0.0000 0.0000 0.0000	</row0>
					<row1>	0.0000 1.4341 0.0000 0.0000	</row1>
					<row2>	0.0000 0.0000 1.4341 0.0000	</row2>
					<row3>	0.0538 0.3165 -5.7304 1.0000	</row3>
				</transform>
			</node>
			<node>
				<identifier>	MP_RM312_Depth_Charge_Shelving_BB	</identifier>
				<transform>
					<row0>	1.0000 -0.0057 0.0000 0.0000	</row0>
					<row1>	0.0057 0.9919 -0.1269 0.0000	</row1>
					<row2>	0.0007 0.1269 0.9919 0.0000	</row2>
					<row3>	0.1113 0.2992 -6.1982 1.0000	</row3>
				</transform>
			</node>
			<node>
				<identifier>	MP_RM312_Depth_Charge_Shelving_BB_INDEX_1	</identifier>
				<transform>
					<row0>	1.0000 0.0057 0.0000 0.0000	</row0>
					<row1>	-0.0057 0.9919 -0.1269 0.0000	</row1>
					<row2>	-0.0007 0.1269 0.9919 0.0000	</row2>
					<row3>	-0.1113 0.2992 -6.1982 1.0000	</row3>
				</transform>
			</node>
			<node>
				<identifier>	MP_RM320_Rescue_Eggs	</identifier>
				<transform>
					<row0>	-0.1176 0.0000 -0.9931 0.0000	</row0>
					<row1>	0.0000 1.0000 0.0000 0.0000	</row1>
					<row2>	0.9931 0.0000 -0.1176 0.0000	</row2>
					<row3>	0.3504 0.3622 -5.9280 1.0000	</row3>
				</transform>
			</node>
			<node>
				<identifier>	MP_RM320_Rescue_Eggs_INDEX_1	</identifier>
				<transform>
					<row0>	-0.1176 0.0000 0.9931 0.0000	</row0>
					<row1>	0.0000 1.0000 0.0000 0.0000	</row1>
					<row2>	-0.9931 0.0000 -0.1176 0.0000	</row2>
					<row3>	-0.3504 0.3622 -5.9280 1.0000	</row3>
				</transform>
			</node>
		</node>
	</node>
	<boundingBox>
		<min>	-0.0667 -0.0667 -0.0667	</min>
		<max>	0.0667 0.0667 0.0667	</max>
	</boundingBox>
</RSC026_Molotov_1943_Stern_ports.visual>
