<ASB025_Massachusetts_1946_MidBack_ports.visual>
	<node>
		<identifier>	Scene Root	</identifier>
		<transform>
			<row0>	1.0000 0.0000 0.0000 0.0000	</row0>
			<row1>	0.0000 1.0000 0.0000 0.0000	</row1>
			<row2>	0.0000 0.0000 1.0000 0.0000	</row2>
			<row3>	0.0000 0.0000 0.0000 1.0000	</row3>
		</transform>
		<node>
			<identifier>	MidBack_ports	</identifier>
			<transform>
				<row0>	1.0000 0.0000 0.0000 0.0000	</row0>
				<row1>	0.0000 1.0000 0.0000 0.0000	</row1>
				<row2>	0.0000 0.0000 1.0000 0.0000	</row2>
				<row3>	0.0000 0.0000 0.0000 1.0000	</row3>
			</transform>
			<node>
				<identifier>	HP_AD_19	</identifier>
				<transform>
					<row0>	-0.7071 0.0000 0.7071 0.0000	</row0>
					<row1>	0.0000 1.0000 0.0000 0.0000	</row1>
					<row2>	-0.7071 0.0000 -0.7071 0.0000	</row2>
					<row3>	-0.8687 0.3676 -1.5853 1.0000	</row3>
				</transform>
			</node>
			<node>
				<identifier>	HP_AD_20	</identifier>
				<transform>
					<row0>	-0.7071 0.0000 -0.7071 0.0000	</row0>
					<row1>	0.0000 1.0000 0.0000 0.0000	</row1>
					<row2>	0.7071 0.0000 -0.7071 0.0000	</row2>
					<row3>	0.8687 0.3676 -1.5853 1.0000	</row3>
				</transform>
			</node>
			<node>
				<identifier>	HP_AD_21	</identifier>
				<transform>
					<row0>	-1.0000 0.0000 0.0000 0.0000	</row0>
					<row1>	0.0000 1.0000 0.0000 0.0000	</row1>
					<row2>	0.0000 0.0000 -1.0000 0.0000	</row2>
					<row3>	0.0000 1.2410 -1.6752 1.0000	</row3>
				</transform>
			</node>
			<node>
				<identifier>	HP_AD_22	</identifier>
				<transform>
					<row0>	-0.8660 0.0000 0.5000 0.0000	</row0>
					<row1>	0.0000 1.0000 0.0000 0.0000	</row1>
					<row2>	-0.5000 0.0000 -0.8660 0.0000	</row2>
					<row3>	-0.2394 0.9032 -2.0244 1.0000	</row3>
				</transform>
			</node>
			<node>
				<identifier>	HP_AD_23	</identifier>
				<transform>
					<row0>	-0.5000 0.0000 -0.8660 0.0000	</row0>
					<row1>	0.0000 1.0000 0.0000 0.0000	</row1>
					<row2>	0.8660 0.0000 -0.5000 0.0000	</row2>
					<row3>	0.2394 1.0473 -2.0244 1.0000	</row3>
				</transform>
			</node>
			<node>
				<identifier>	HP_AD_24	</identifier>
				<transform>
					<row0>	-0.7071 0.0000 0.7071 0.0000	</row0>
					<row1>	0.0000 1.0000 0.0000 0.0000	</row1>
					<row2>	-0.7071 0.0000 -0.7071 0.0000	</row2>
					<row3>	-0.1706 0.6762 -2.4563 1.0000	</row3>
				</transform>
			</node>
			<node>
				<identifier>	HP_AD_25	</identifier>
				<transform>
					<row0>	-0.7071 0.0000 -0.7071 0.0000	</row0>
					<row1>	0.0000 1.0000 0.0000 0.0000	</row1>
					<row2>	0.7071 0.0000 -0.7071 0.0000	</row2>
					<row3>	0.1706 0.6762 -2.4563 1.0000	</row3>
				</transform>
			</node>
			<node>
				<identifier>	HP_AD_26	</identifier>
				<transform>
					<row0>	-1.0000 0.0000 0.0000 0.0000	</row0>
					<row1>	0.0000 1.0000 0.0000 0.0000	</row1>
					<row2>	0.0000 0.0000 -1.0000 0.0000	</row2>
					<row3>	0.0000 0.7567 -2.4706 1.0000	</row3>
				</transform>
			</node>
			<node>
				<identifier>	HP_AGA_21	</identifier>
				<transform>
					<row0>	0.0000 0.0000 1.0000 0.0000	</row0>
					<row1>	0.0000 1.0000 0.0000 0.0000	</row1>
					<row2>	-1.0000 0.0000 0.0000 0.0000	</row2>
					<row3>	-0.2346 0.9076 -1.3398 1.0000	</row3>
				</transform>
			</node>
			<node>
				<identifier>	HP_AGA_22	</identifier>
				<transform>
					<row0>	0.0000 0.0000 1.0000 0.0000	</row0>
					<row1>	0.0000 1.0000 0.0000 0.0000	</row1>
					<row2>	-1.0000 0.0000 0.0000 0.0000	</row2>
					<row3>	-0.2619 0.9076 -1.5507 1.0000	</row3>
				</transform>
			</node>
			<node>
				<identifier>	HP_AGA_23	</identifier>
				<transform>
					<row0>	0.0000 0.0000 1.0000 0.0000	</row0>
					<row1>	0.0000 1.0000 0.0000 0.0000	</row1>
					<row2>	-1.0000 0.0000 0.0000 0.0000	</row2>
					<row3>	-0.2619 0.9076 -1.7441 1.0000	</row3>
				</transform>
			</node>
			<node>
				<identifier>	HP_AGA_24	</identifier>
				<transform>
					<row0>	-0.5000 0.0000 0.8660 0.0000	</row0>
					<row1>	0.0000 1.0000 0.0000 0.0000	</row1>
					<row2>	-0.8660 0.0000 -0.5000 0.0000	</row2>
					<row3>	-0.8028 0.3670 -2.0297 1.0000	</row3>
				</transform>
			</node>
			<node>
				<identifier>	HP_AGA_25	</identifier>
				<transform>
					<row0>	-0.5000 0.0000 -0.8660 0.0000	</row0>
					<row1>	0.0000 1.0000 0.0000 0.0000	</row1>
					<row2>	0.8660 0.0000 -0.5000 0.0000	</row2>
					<row3>	0.8028 0.3670 -2.0297 1.0000	</row3>
				</transform>
			</node>
			<node>
				<identifier>	HP_AGA_26	</identifier>
				<transform>
					<row0>	-0.8660 -0.0032 0.5000 0.0000	</row0>
					<row1>	-0.0004 1.0000 0.0056 0.0000	</row1>
					<row2>	-0.5000 0.0046 -0.8660 0.0000	</row2>
					<row3>	-0.2009 0.6740 -2.1913 1.0000	</row3>
				</transform>
			</node>
			<node>
				<identifier>	HP_AGA_27	</identifier>
				<transform>
					<row0>	-0.5000 0.0000 -0.8660 0.0000	</row0>
					<row1>	0.0000 1.0000 0.0000 0.0000	</row1>
					<row2>	0.8660 0.0000 -0.5000 0.0000	</row2>
					<row3>	0.2009 0.6740 -2.1913 1.0000	</row3>
				</transform>
			</node>
			<node>
				<identifier>	HP_AGA_28	</identifier>
				<transform>
					<row0>	-0.5000 0.0000 -0.8660 0.0000	</row0>
					<row1>	0.0000 1.0000 0.0000 0.0000	</row1>
					<row2>	0.8660 0.0000 -0.5000 0.0000	</row2>
					<row3>	0.6504 0.3689 -2.2522 1.0000	</row3>
				</transform>
			</node>
			<node>
				<identifier>	HP_AGA_29	</identifier>
				<transform>
					<row0>	-0.5000 0.0000 0.8660 0.0000	</row0>
					<row1>	0.0000 1.0000 0.0000 0.0000	</row1>
					<row2>	-0.8660 0.0000 -0.5000 0.0000	</row2>
					<row3>	-0.6016 0.3703 -2.4209 1.0000	</row3>
				</transform>
			</node>
			<node>
				<identifier>	HP_AGA_30	</identifier>
				<transform>
					<row0>	-0.5000 0.0000 -0.8660 0.0000	</row0>
					<row1>	0.0000 1.0000 0.0000 0.0000	</row1>
					<row2>	0.8660 0.0000 -0.5000 0.0000	</row2>
					<row3>	0.4838 0.3703 -2.4821 1.0000	</row3>
				</transform>
			</node>
			<node>
				<identifier>	HP_AGM_3	</identifier>
				<transform>
					<row0>	-1.0000 0.0000 0.0000 0.0000	</row0>
					<row1>	0.0000 1.0000 0.0000 0.0000	</row1>
					<row2>	0.0000 0.0000 -1.0000 0.0000	</row2>
					<row3>	0.0000 0.4100 -3.2722 1.0000	</row3>
				</transform>
			</node>
			<node>
				<identifier>	HP_AGS_10	</identifier>
				<transform>
					<row0>	-1.0000 0.0000 0.0000 0.0000	</row0>
					<row1>	0.0000 1.0000 0.0000 0.0000	</row1>
					<row2>	0.0000 0.0000 -1.0000 0.0000	</row2>
					<row3>	0.6300 0.7047 -1.5075 1.0000	</row3>
				</transform>
			</node>
			<node>
				<identifier>	HP_AGS_7	</identifier>
				<transform>
					<row0>	-1.0000 0.0000 0.0000 0.0000	</row0>
					<row1>	0.0000 1.0000 0.0000 0.0000	</row1>
					<row2>	0.0000 0.0000 -1.0000 0.0000	</row2>
					<row3>	-0.8985 0.5513 -1.1204 1.0000	</row3>
				</transform>
			</node>
			<node>
				<identifier>	HP_AGS_8	</identifier>
				<transform>
					<row0>	-1.0000 0.0000 0.0000 0.0000	</row0>
					<row1>	0.0000 1.0000 0.0000 0.0000	</row1>
					<row2>	0.0000 0.0000 -1.0000 0.0000	</row2>
					<row3>	0.8985 0.5513 -1.1204 1.0000	</row3>
				</transform>
			</node>
			<node>
				<identifier>	HP_AGS_9	</identifier>
				<transform>
					<row0>	-1.0000 0.0000 0.0000 0.0000	</row0>
					<row1>	0.0000 1.0000 0.0000 0.0000	</row1>
					<row2>	0.0000 0.0000 -1.0000 0.0000	</row2>
					<row3>	-0.6300 0.7047 -1.5075 1.0000	</row3>
				</transform>
			</node>
			<node>
				<identifier>	HP_FX_Death_3	</identifier>
				<transform>
					<row0>	1.0000 0.0000 0.0000 0.0000	</row0>
					<row1>	0.0000 1.0000 0.0000 0.0000	</row1>
					<row2>	0.0000 0.0000 1.0000 0.0000	</row2>
					<row3>	0.0000 0.0000 -3.8977 1.0000	</row3>
				</transform>
			</node>
			<node>
				<identifier>	HP_FX_Fire_3	</identifier>
				<transform>
					<row0>	1.0000 0.0000 0.0000 0.0000	</row0>
					<row1>	0.0000 1.0000 0.0000 0.0000	</row1>
					<row2>	0.0000 0.0000 1.0000 0.0000	</row2>
					<row3>	0.0000 0.7266 -2.3400 1.0000	</row3>
				</transform>
			</node>
			<node>
				<identifier>	HP_FX_Fire_3_side_1	</identifier>
				<transform>
					<row0>	1.0000 0.0000 0.0000 0.0000	</row0>
					<row1>	0.0000 1.0000 0.0000 0.0000	</row1>
					<row2>	0.0000 0.0000 1.0000 0.0000	</row2>
					<row3>	-0.8384 0.4378 -2.0739 1.0000	</row3>
				</transform>
			</node>
			<node>
				<identifier>	HP_FX_Fire_3_side_2	</identifier>
				<transform>
					<row0>	1.0000 0.0000 0.0000 0.0000	</row0>
					<row1>	0.0000 1.0000 0.0000 0.0000	</row1>
					<row2>	0.0000 0.0000 1.0000 0.0000	</row2>
					<row3>	0.6515 0.3919 -3.2738 1.0000	</row3>
				</transform>
			</node>
			<node>
				<identifier>	HP_FX_Fire_5	</identifier>
				<transform>
					<row0>	1.0000 0.0000 0.0000 0.0000	</row0>
					<row1>	0.0000 1.0000 0.0000 0.0000	</row1>
					<row2>	0.0000 0.0000 1.0000 0.0000	</row2>
					<row3>	0.0000 0.8825 -1.1148 1.0000	</row3>
				</transform>
			</node>
			<node>
				<identifier>	HP_FX_Fire_5_1	</identifier>
				<transform>
					<row0>	1.0000 0.0000 0.0000 0.0000	</row0>
					<row1>	0.0000 1.0000 0.0000 0.0000	</row1>
					<row2>	0.0000 0.0000 1.0000 0.0000	</row2>
					<row3>	0.0000 0.8721 -1.5835 1.0000	</row3>
				</transform>
			</node>
			<node>
				<identifier>	HP_FX_Flood_steam_1	</identifier>
				<transform>
					<row0>	0.6928 -0.4311 -0.5781 0.0000	</row0>
					<row1>	0.2361 0.8931 -0.3830 0.0000	</row1>
					<row2>	0.6814 0.1288 0.7205 0.0000	</row2>
					<row3>	0.1213 1.3159 -1.0840 1.0000	</row3>
				</transform>
			</node>
			<node>
				<identifier>	HP_FX_Flood_steam_2	</identifier>
				<transform>
					<row0>	0.9463 0.2910 0.1407 0.0000	</row0>
					<row1>	-0.2467 0.9314 -0.2675 0.0000	</row1>
					<row2>	-0.2089 0.2185 0.9532 0.0000	</row2>
					<row3>	-0.1394 1.3201 -1.0309 1.0000	</row3>
				</transform>
			</node>
			<node>
				<identifier>	HP_FX_Flood_steam_right	</identifier>
				<transform>
					<row0>	1.0000 0.0000 0.0000 0.0000	</row0>
					<row1>	0.0000 1.0000 0.0000 0.0000	</row1>
					<row2>	0.0000 0.0000 1.0000 0.0000	</row2>
					<row3>	0.4740 0.6350 -2.1050 1.0000	</row3>
				</transform>
			</node>
			<node>
				<identifier>	HP_Ship_death_2	</identifier>
				<transform>
					<row0>	1.0000 0.0000 0.0000 0.0000	</row0>
					<row1>	0.0000 1.0000 0.0000 0.0000	</row1>
					<row2>	0.0000 0.0000 1.0000 0.0000	</row2>
					<row3>	0.0000 0.0000 -1.0220 1.0000	</row3>
				</transform>
			</node>
			<node>
				<identifier>	MP_AM001_Bollard_2	</identifier>
				<transform>
					<row0>	1.5000 0.0000 0.0000 0.0000	</row0>
					<row1>	0.0000 1.5000 0.0000 0.0000	</row1>
					<row2>	0.0000 0.0000 1.5000 0.0000	</row2>
					<row3>	1.0509 0.3661 -1.7151 1.0000	</row3>
				</transform>
			</node>
			<node>
				<identifier>	MP_AM001_Bollard_2_INDEX_1	</identifier>
				<transform>
					<row0>	1.5000 0.0000 0.0000 0.0000	</row0>
					<row1>	0.0000 1.5000 0.0000 0.0000	</row1>
					<row2>	0.0000 0.0000 1.5000 0.0000	</row2>
					<row3>	-1.0509 0.3661 -1.7151 1.0000	</row3>
				</transform>
			</node>
			<node>
				<identifier>	MP_AM001_Bollard_2_INDEX_2	</identifier>
				<transform>
					<row0>	-1.4984 0.0000 0.0689 0.0000	</row0>
					<row1>	0.0000 1.5000 0.0000 0.0000	</row1>
					<row2>	-0.0689 0.0000 -1.4984 0.0000	</row2>
					<row3>	1.0223 0.3667 -3.4753 1.0000	</row3>
				</transform>
			</node>
			<node>
				<identifier>	MP_AM001_Bollard_2_INDEX_3	</identifier>
				<transform>
					<row0>	1.4984 0.0000 0.0689 0.0000	</row0>
					<row1>	0.0000 1.5000 0.0000 0.0000	</row1>
					<row2>	-0.0689 0.0000 1.4984 0.0000	</row2>
					<row3>	-1.0223 0.3667 -3.4753 1.0000	</row3>
				</transform>
			</node>
			<node>
				<identifier>	MP_AM010_Speaker_1	</identifier>
				<transform>
					<row0>	1.0000 0.0000 0.0000 0.0000	</row0>
					<row1>	0.0000 1.0000 0.0000 0.0000	</row1>
					<row2>	0.0000 0.0000 1.0000 0.0000	</row2>
					<row3>	0.4935 0.6767 -2.0427 1.0000	</row3>
				</transform>
			</node>
			<node>
				<identifier>	MP_AM010_Speaker_1_INDEX_1	</identifier>
				<transform>
					<row0>	1.0000 0.0000 0.0000 0.0000	</row0>
					<row1>	0.0000 1.0000 0.0000 0.0000	</row1>
					<row2>	0.0000 0.0000 1.0000 0.0000	</row2>
					<row3>	-0.4935 0.6767 -2.0427 1.0000	</row3>
				</transform>
			</node>
			<node>
				<identifier>	MP_AM020_Ventilators_2	</identifier>
				<transform>
					<row0>	0.0000 0.0000 0.5542 0.0000	</row0>
					<row1>	0.0000 0.5542 0.0000 0.0000	</row1>
					<row2>	-0.5542 0.0000 0.0000 0.0000	</row2>
					<row3>	0.5862 0.3660 -3.6753 1.0000	</row3>
				</transform>
			</node>
			<node>
				<identifier>	MP_AM020_Ventilators_2_INDEX_1	</identifier>
				<transform>
					<row0>	0.0000 0.0000 -0.5542 0.0000	</row0>
					<row1>	0.0000 0.5542 0.0000 0.0000	</row1>
					<row2>	0.5542 0.0000 0.0000 0.0000	</row2>
					<row3>	-0.6578 0.3660 -3.0827 1.0000	</row3>
				</transform>
			</node>
			<node>
				<identifier>	MP_AM023_Hatch_1	</identifier>
				<transform>
					<row0>	1.0000 0.0000 0.0000 0.0000	</row0>
					<row1>	0.0000 1.0000 0.0000 0.0000	</row1>
					<row2>	0.0000 0.0000 1.0000 0.0000	</row2>
					<row3>	-0.3335 0.3675 -2.8384 1.0000	</row3>
				</transform>
			</node>
			<node>
				<identifier>	MP_AM023_Hatch_1_INDEX_1	</identifier>
				<transform>
					<row0>	1.5224 0.0000 0.0000 0.0000	</row0>
					<row1>	0.0000 0.5000 0.0000 0.0000	</row1>
					<row2>	0.0000 0.0000 1.5224 0.0000	</row2>
					<row3>	0.2699 0.3666 -3.6759 1.0000	</row3>
				</transform>
			</node>
			<node>
				<identifier>	MP_AM024_Hatch_2	</identifier>
				<transform>
					<row0>	1.0000 0.0000 0.0000 0.0000	</row0>
					<row1>	0.0000 1.0000 0.0000 0.0000	</row1>
					<row2>	0.0000 0.0000 1.0000 0.0000	</row2>
					<row3>	-0.6494 0.3612 -3.2740 1.0000	</row3>
				</transform>
			</node>
			<node>
				<identifier>	MP_AM024_Hatch_2_INDEX_1	</identifier>
				<transform>
					<row0>	1.0000 0.0000 0.0000 0.0000	</row0>
					<row1>	0.0000 1.0000 0.0000 0.0000	</row1>
					<row2>	0.0000 0.0000 1.0000 0.0000	</row2>
					<row3>	0.6494 0.3612 -3.2740 1.0000	</row3>
				</transform>
			</node>
			<node>
				<identifier>	MP_AM030_Ammunition_Box4	</identifier>
				<transform>
					<row0>	0.0000 0.0000 -1.0000 0.0000	</row0>
					<row1>	0.0000 1.0000 0.0000 0.0000	</row1>
					<row2>	1.0000 0.0000 0.0000 0.0000	</row2>
					<row3>	-0.2748 0.8990 -1.2148 1.0000	</row3>
				</transform>
			</node>
			<node>
				<identifier>	MP_AM030_Ammunition_Box4_INDEX_1	</identifier>
				<transform>
					<row0>	-0.5066 0.0000 -0.8622 0.0000	</row0>
					<row1>	0.0000 1.0000 0.0000 0.0000	</row1>
					<row2>	0.8622 0.0000 -0.5066 0.0000	</row2>
					<row3>	0.4717 0.3684 -2.2901 1.0000	</row3>
				</transform>
			</node>
			<node>
				<identifier>	MP_AM030_Ammunition_Box4_INDEX_2	</identifier>
				<transform>
					<row0>	0.0000 0.0000 -1.0000 0.0000	</row0>
					<row1>	0.0000 1.0000 0.0000 0.0000	</row1>
					<row2>	1.0000 0.0000 0.0000 0.0000	</row2>
					<row3>	-0.3059 0.8990 -1.6455 1.0000	</row3>
				</transform>
			</node>
			<node>
				<identifier>	MP_AM030_Ammunition_Box4_INDEX_3	</identifier>
				<transform>
					<row0>	-0.5066 0.0000 0.8622 0.0000	</row0>
					<row1>	0.0000 1.0000 0.0000 0.0000	</row1>
					<row2>	-0.8622 0.0000 -0.5066 0.0000	</row2>
					<row3>	-0.4717 0.3684 -2.2901 1.0000	</row3>
				</transform>
			</node>
			<node>
				<identifier>	MP_AM030_Ammunition_Box4_INDEX_4	</identifier>
				<transform>
					<row0>	-1.0000 0.0000 0.0000 0.0000	</row0>
					<row1>	0.0000 1.0000 0.0000 0.0000	</row1>
					<row2>	0.0000 0.0000 -1.0000 0.0000	</row2>
					<row3>	-0.1795 0.8990 -1.8163 1.0000	</row3>
				</transform>
			</node>
			<node>
				<identifier>	MP_AM030_Ammunition_Box4_INDEX_5	</identifier>
				<transform>
					<row0>	-0.5066 0.0000 -0.8622 0.0000	</row0>
					<row1>	0.0000 1.0000 0.0000 0.0000	</row1>
					<row2>	0.8622 0.0000 -0.5066 0.0000	</row2>
					<row3>	0.4005 0.3684 -2.4113 1.0000	</row3>
				</transform>
			</node>
			<node>
				<identifier>	MP_AM044_Boat_Winch	</identifier>
				<transform>
					<row0>	-1.2156 0.0000 0.0000 0.0000	</row0>
					<row1>	0.0000 1.2156 0.0000 0.0000	</row1>
					<row2>	0.0000 0.0000 -1.2156 0.0000	</row2>
					<row3>	-0.8119 0.3672 -3.6382 1.0000	</row3>
				</transform>
			</node>
			<node>
				<identifier>	MP_AM044_Boat_Winch_INDEX_1	</identifier>
				<transform>
					<row0>	-1.2156 0.0000 0.0000 0.0000	</row0>
					<row1>	0.0000 1.2156 0.0000 0.0000	</row1>
					<row2>	0.0000 0.0000 -1.2156 0.0000	</row2>
					<row3>	0.8119 0.3672 -3.6382 1.0000	</row3>
				</transform>
			</node>
			<node>
				<identifier>	MP_AM054_Boat_6	</identifier>
				<transform>
					<row0>	0.0000 -1.0000 0.0000 0.0000	</row0>
					<row1>	1.0000 0.0000 0.0000 0.0000	</row1>
					<row2>	0.0000 0.0000 1.0000 0.0000	</row2>
					<row3>	0.7395 0.6052 -1.4904 1.0000	</row3>
				</transform>
			</node>
			<node>
				<identifier>	MP_AM054_Boat_6_INDEX_1	</identifier>
				<transform>
					<row0>	0.0000 1.0000 0.0000 0.0000	</row0>
					<row1>	-1.0000 0.0000 0.0000 0.0000	</row1>
					<row2>	0.0000 0.0000 1.0000 0.0000	</row2>
					<row3>	-0.7395 0.6052 -1.4904 1.0000	</row3>
				</transform>
			</node>
			<node>
				<identifier>	MP_AM074_Floater_Net_Basket_2	</identifier>
				<transform>
					<row0>	-0.5383 0.0000 0.8428 0.0000	</row0>
					<row1>	0.0000 1.0000 0.0000 0.0000	</row1>
					<row2>	-0.8428 0.0000 -0.5383 0.0000	</row2>
					<row3>	-0.2928 0.5251 -2.3463 1.0000	</row3>
				</transform>
			</node>
			<node>
				<identifier>	MP_AM074_Floater_Net_Basket_2_INDEX_1	</identifier>
				<transform>
					<row0>	-0.5383 0.0000 -0.8428 0.0000	</row0>
					<row1>	0.0000 1.0000 0.0000 0.0000	</row1>
					<row2>	0.8428 0.0000 -0.5383 0.0000	</row2>
					<row3>	0.2928 0.5251 -2.3463 1.0000	</row3>
				</transform>
			</node>
			<node>
				<identifier>	MP_AM074_Floater_Net_Basket_2_INDEX_2	</identifier>
				<transform>
					<row0>	0.0000 0.0000 1.0000 0.0000	</row0>
					<row1>	0.0000 1.0000 0.0000 0.0000	</row1>
					<row2>	-1.0000 0.0000 0.0000 0.0000	</row2>
					<row3>	-0.3060 0.9095 -1.2818 1.0000	</row3>
				</transform>
			</node>
			<node>
				<identifier>	MP_AM074_Floater_Net_Basket_2_INDEX_3	</identifier>
				<transform>
					<row0>	0.0000 0.0000 1.0000 0.0000	</row0>
					<row1>	0.0000 1.0000 0.0000 0.0000	</row1>
					<row2>	-1.0000 0.0000 0.0000 0.0000	</row2>
					<row3>	-0.3345 0.9092 -1.5788 1.0000	</row3>
				</transform>
			</node>
			<node>
				<identifier>	MP_AM079_24in_SearchLight	</identifier>
				<transform>
					<row0>	-1.0000 0.0000 0.0000 0.0000	</row0>
					<row1>	0.0000 1.0000 0.0000 0.0000	</row1>
					<row2>	0.0000 0.0000 -1.0000 0.0000	</row2>
					<row3>	0.0000 1.1111 -1.8374 1.0000	</row3>
				</transform>
			</node>
			<node>
				<identifier>	MP_AM101_Cooling_tube	</identifier>
				<transform>
					<row0>	0.0000 0.4789 0.8779 0.0000	</row0>
					<row1>	0.0000 0.8779 -0.4789 0.0000	</row1>
					<row2>	-1.0000 0.0000 0.0000 0.0000	</row2>
					<row3>	-0.3215 0.9158 -1.5183 1.0000	</row3>
				</transform>
			</node>
			<node>
				<identifier>	MP_AM101_Cooling_tube_INDEX_1	</identifier>
				<transform>
					<row0>	-0.5563 0.7292 -0.3985 0.0000	</row0>
					<row1>	-0.5725 -0.6839 -0.4522 0.0000	</row1>
					<row2>	-0.6023 -0.0235 0.7979 0.0000	</row2>
					<row3>	-0.4677 0.3858 -2.5188 1.0000	</row3>
				</transform>
			</node>
			<node>
				<identifier>	MP_AM101_Cooling_tube_INDEX_2	</identifier>
				<transform>
					<row0>	0.5569 0.0000 0.8306 0.0000	</row0>
					<row1>	0.0000 1.0000 0.0000 0.0000	</row1>
					<row2>	-0.8306 0.0000 0.5569 0.0000	</row2>
					<row3>	0.7113 0.4061 -2.2809 1.0000	</row3>
				</transform>
			</node>
			<node>
				<identifier>	MP_AM101_Cooling_tube_INDEX_3	</identifier>
				<transform>
					<row0>	0.0000 0.4440 0.8960 0.0000	</row0>
					<row1>	0.0000 0.8960 -0.4440 0.0000	</row1>
					<row2>	-1.0000 0.0000 0.0000 0.0000	</row2>
					<row3>	-0.2934 0.9168 -1.4288 1.0000	</row3>
				</transform>
			</node>
			<node>
				<identifier>	MP_AM101_Cooling_tube_INDEX_4	</identifier>
				<transform>
					<row0>	0.0000 0.4789 0.8779 0.0000	</row0>
					<row1>	0.0000 0.8779 -0.4789 0.0000	</row1>
					<row2>	-1.0000 0.0000 0.0000 0.0000	</row2>
					<row3>	-0.3215 0.9158 -1.8065 1.0000	</row3>
				</transform>
			</node>
			<node>
				<identifier>	MP_AM101_Cooling_tube_INDEX_5	</identifier>
				<transform>
					<row0>	-0.4342 0.8404 0.3242 0.0000	</row0>
					<row1>	-0.6867 -0.5418 0.4847 0.0000	</row1>
					<row2>	0.5830 -0.0121 0.8124 0.0000	</row2>
					<row3>	0.3925 0.3845 -2.6090 1.0000	</row3>
				</transform>
			</node>
			<node>
				<identifier>	MP_AM101_Cooling_tube_INDEX_6	</identifier>
				<transform>
					<row0>	0.0000 0.4832 0.8755 0.0000	</row0>
					<row1>	0.0000 0.8755 -0.4832 0.0000	</row1>
					<row2>	-1.0000 0.0000 0.0000 0.0000	</row2>
					<row3>	0.3373 0.8327 -1.8472 1.0000	</row3>
				</transform>
			</node>
			<node>
				<identifier>	MP_AM114_Freon_Cylinder_acetylene	</identifier>
				<transform>
					<row0>	0.0000 0.0000 1.0000 0.0000	</row0>
					<row1>	0.0000 1.0000 0.0000 0.0000	</row1>
					<row2>	-1.0000 0.0000 0.0000 0.0000	</row2>
					<row3>	-0.4875 0.5164 -1.0991 1.0000	</row3>
				</transform>
			</node>
			<node>
				<identifier>	MP_AM114_Freon_Cylinder_acetylene_INDEX_1	</identifier>
				<transform>
					<row0>	0.0000 0.0000 1.0000 0.0000	</row0>
					<row1>	0.0000 1.0000 0.0000 0.0000	</row1>
					<row2>	-1.0000 0.0000 0.0000 0.0000	</row2>
					<row3>	-0.4875 0.5164 -1.0502 1.0000	</row3>
				</transform>
			</node>
			<node>
				<identifier>	MP_AM129_Turtles_box	</identifier>
				<transform>
					<row0>	0.0000 0.0000 1.0000 0.0000	</row0>
					<row1>	0.0000 1.0000 0.0000 0.0000	</row1>
					<row2>	-1.0000 0.0000 0.0000 0.0000	</row2>
					<row3>	-0.1703 0.6998 -1.8657 1.0000	</row3>
				</transform>
			</node>
			<node>
				<identifier>	MP_AM129_Turtles_box_INDEX_1	</identifier>
				<transform>
					<row0>	0.0000 0.0000 1.0000 0.0000	</row0>
					<row1>	0.0000 1.0000 0.0000 0.0000	</row1>
					<row2>	-1.0000 0.0000 0.0000 0.0000	</row2>
					<row3>	-0.1265 0.9000 -1.7827 1.0000	</row3>
				</transform>
			</node>
			<node>
				<identifier>	MP_AM129_Turtles_box_INDEX_2	</identifier>
				<transform>
					<row0>	0.0000 0.0000 -1.0000 0.0000	</row0>
					<row1>	0.0000 1.0000 0.0000 0.0000	</row1>
					<row2>	1.0000 0.0000 0.0000 0.0000	</row2>
					<row3>	0.1703 0.6998 -1.8657 1.0000	</row3>
				</transform>
			</node>
			<node>
				<identifier>	MP_AM129_Turtles_box_INDEX_3	</identifier>
				<transform>
					<row0>	1.0000 0.0000 0.0000 0.0000	</row0>
					<row1>	0.0000 1.0000 0.0000 0.0000	</row1>
					<row2>	0.0000 0.0000 1.0000 0.0000	</row2>
					<row3>	0.5102 0.5474 -1.3562 1.0000	</row3>
				</transform>
			</node>
			<node>
				<identifier>	MP_AM129_Turtles_box_INDEX_4	</identifier>
				<transform>
					<row0>	-0.5479 0.0000 -0.8365 0.0000	</row0>
					<row1>	0.0000 1.0000 0.0000 0.0000	</row1>
					<row2>	0.8365 0.0000 -0.5479 0.0000	</row2>
					<row3>	0.3707 0.4065 -2.2350 1.0000	</row3>
				</transform>
			</node>
			<node>
				<identifier>	MP_AM129_Turtles_box_INDEX_5	</identifier>
				<transform>
					<row0>	-0.5479 0.0000 0.8365 0.0000	</row0>
					<row1>	0.0000 1.0000 0.0000 0.0000	</row1>
					<row2>	-0.8365 0.0000 -0.5479 0.0000	</row2>
					<row3>	-0.3827 0.4016 -2.2156 1.0000	</row3>
				</transform>
			</node>
			<node>
				<identifier>	MP_AM164_Signal_Lamp_4	</identifier>
				<transform>
					<row0>	1.0000 0.0000 0.0000 0.0000	</row0>
					<row1>	0.0000 1.0000 0.0000 0.0000	</row1>
					<row2>	0.0000 0.0000 1.0000 0.0000	</row2>
					<row3>	-0.1159 1.0612 -1.3093 1.0000	</row3>
				</transform>
			</node>
			<node>
				<identifier>	MP_AM164_Signal_Lamp_4_INDEX_1	</identifier>
				<transform>
					<row0>	1.0000 0.0000 0.0000 0.0000	</row0>
					<row1>	0.0000 1.0000 0.0000 0.0000	</row1>
					<row2>	0.0000 0.0000 1.0000 0.0000	</row2>
					<row3>	0.1159 1.0612 -1.3093 1.0000	</row3>
				</transform>
			</node>
			<node>
				<identifier>	MP_AM170_Flag_Box_2	</identifier>
				<transform>
					<row0>	-0.6500 0.0000 0.0000 0.0000	</row0>
					<row1>	0.0000 0.6500 0.0000 0.0000	</row1>
					<row2>	0.0000 0.0000 -0.6500 0.0000	</row2>
					<row3>	0.0000 0.9951 -1.4550 1.0000	</row3>
				</transform>
			</node>
			<node>
				<identifier>	MP_AM350_Filling_connection	</identifier>
				<transform>
					<row0>	-1.9924 0.0000 -0.1743 0.0000	</row0>
					<row1>	0.0000 2.0000 0.0000 0.0000	</row1>
					<row2>	0.1743 0.0000 -1.9924 0.0000	</row2>
					<row3>	-1.0223 0.3725 -3.9108 1.0000	</row3>
				</transform>
			</node>
			<node>
				<identifier>	MP_AM350_Filling_connection_INDEX_1	</identifier>
				<transform>
					<row0>	1.9924 0.0000 -0.1743 0.0000	</row0>
					<row1>	0.0000 2.0000 0.0000 0.0000	</row1>
					<row2>	0.1743 0.0000 1.9924 0.0000	</row2>
					<row3>	1.0222 0.3725 -3.9108 1.0000	</row3>
				</transform>
			</node>
			<node>
				<identifier>	MP_AM376_Fairlead	</identifier>
				<transform>
					<row0>	0.9985 0.0151 0.0528 0.0000	</row0>
					<row1>	-0.0151 0.9999 -0.0018 0.0000	</row1>
					<row2>	-0.0528 0.0010 0.9986 0.0000	</row2>
					<row3>	-1.0495 0.3672 -3.6680 1.0000	</row3>
				</transform>
			</node>
			<node>
				<identifier>	MP_AM376_Fairlead_INDEX_1	</identifier>
				<transform>
					<row0>	-0.9984 0.0151 0.0547 0.0000	</row0>
					<row1>	0.0149 0.9999 -0.0025 0.0000	</row1>
					<row2>	-0.0547 -0.0017 -0.9985 0.0000	</row2>
					<row3>	1.0777 0.3676 -3.1012 1.0000	</row3>
				</transform>
			</node>
			<node>
				<identifier>	MP_AM376_Fairlead_INDEX_2	</identifier>
				<transform>
					<row0>	0.9984 0.0151 0.0552 0.0000	</row0>
					<row1>	-0.0149 0.9999 -0.0025 0.0000	</row1>
					<row2>	-0.0553 0.0017 0.9985 0.0000	</row2>
					<row3>	-1.0774 0.3676 -3.1011 1.0000	</row3>
				</transform>
			</node>
			<node>
				<identifier>	MP_AM376_Fairlead_INDEX_3	</identifier>
				<transform>
					<row0>	1.0000 0.0000 0.0000 0.0000	</row0>
					<row1>	0.0000 1.0000 0.0000 0.0000	</row1>
					<row2>	0.0000 0.0000 1.0000 0.0000	</row2>
					<row3>	-1.0867 0.3666 -2.0141 1.0000	</row3>
				</transform>
			</node>
			<node>
				<identifier>	MP_AM376_Fairlead_INDEX_4	</identifier>
				<transform>
					<row0>	-1.0000 0.0000 0.0000 0.0000	</row0>
					<row1>	0.0000 1.0000 0.0000 0.0000	</row1>
					<row2>	0.0000 0.0000 -1.0000 0.0000	</row2>
					<row3>	1.0867 0.3666 -2.0141 1.0000	</row3>
				</transform>
			</node>
			<node>
				<identifier>	MP_AM376_Fairlead_INDEX_5	</identifier>
				<transform>
					<row0>	-1.0000 0.0000 0.0000 0.0000	</row0>
					<row1>	0.0000 1.0000 0.0000 0.0000	</row1>
					<row2>	0.0000 0.0000 -1.0000 0.0000	</row2>
					<row3>	1.0884 0.3670 -1.3451 1.0000	</row3>
				</transform>
			</node>
			<node>
				<identifier>	MP_AM376_Fairlead_INDEX_6	</identifier>
				<transform>
					<row0>	-0.9987 0.0151 0.0492 0.0000	</row0>
					<row1>	0.0149 0.9999 -0.0025 0.0000	</row1>
					<row2>	-0.0493 -0.0018 -0.9988 0.0000	</row2>
					<row3>	1.0495 0.3672 -3.6680 1.0000	</row3>
				</transform>
			</node>
			<node>
				<identifier>	MP_AM376_Fairlead_INDEX_7	</identifier>
				<transform>
					<row0>	1.0000 0.0000 0.0000 0.0000	</row0>
					<row1>	0.0000 1.0000 0.0000 0.0000	</row1>
					<row2>	0.0000 0.0000 1.0000 0.0000	</row2>
					<row3>	-1.0884 0.3670 -1.3451 1.0000	</row3>
				</transform>
			</node>
			<node>
				<identifier>	MP_AM432_Filling_connection_long	</identifier>
				<transform>
					<row0>	2.0000 0.0000 -0.0114 0.0000	</row0>
					<row1>	0.0000 2.0000 0.0000 0.0000	</row1>
					<row2>	0.0114 0.0000 2.0000 0.0000	</row2>
					<row3>	1.0697 0.3717 -1.8501 1.0000	</row3>
				</transform>
			</node>
			<node>
				<identifier>	MP_AM432_Filling_connection_long_INDEX_1	</identifier>
				<transform>
					<row0>	-2.0000 0.0000 -0.0114 0.0000	</row0>
					<row1>	0.0000 2.0000 0.0000 0.0000	</row1>
					<row2>	0.0114 0.0000 -2.0000 0.0000	</row2>
					<row3>	-1.0697 0.3717 -1.8501 1.0000	</row3>
				</transform>
			</node>
			<node>
				<identifier>	MP_AM438_Speakerphone	</identifier>
				<transform>
					<row0>	-1.0000 0.0000 0.0000 0.0000	</row0>
					<row1>	0.0000 1.0000 -0.0023 0.0000	</row1>
					<row2>	0.0000 -0.0023 -1.0000 0.0000	</row2>
					<row3>	-0.0412 1.0324 -1.7766 1.0000	</row3>
				</transform>
			</node>
			<node>
				<identifier>	MP_AM442_Multipole_Switch	</identifier>
				<transform>
					<row0>	-0.2119 0.0000 0.9773 0.0000	</row0>
					<row1>	0.0000 1.0000 0.0000 0.0000	</row1>
					<row2>	-0.9773 0.0000 -0.2119 0.0000	</row2>
					<row3>	-0.8105 0.4304 -1.8254 1.0000	</row3>
				</transform>
			</node>
			<node>
				<identifier>	MP_AM442_Multipole_Switch_INDEX_1	</identifier>
				<transform>
					<row0>	-0.2119 0.0000 -0.9773 0.0000	</row0>
					<row1>	0.0000 1.0000 0.0000 0.0000	</row1>
					<row2>	0.9773 0.0000 -0.2119 0.0000	</row2>
					<row3>	0.8105 0.4310 -1.8254 1.0000	</row3>
				</transform>
			</node>
			<node>
				<identifier>	MP_AM442_Multipole_Switch_INDEX_2	</identifier>
				<transform>
					<row0>	0.9908 0.0000 -0.1354 0.0000	</row0>
					<row1>	0.0000 1.0000 0.0000 0.0000	</row1>
					<row2>	0.1354 0.0000 0.9908 0.0000	</row2>
					<row3>	-0.0357 0.7400 -2.2182 1.0000	</row3>
				</transform>
			</node>
			<node>
				<identifier>	MP_AM442_Multipole_Switch_INDEX_3	</identifier>
				<transform>
					<row0>	0.9908 0.0000 0.1354 0.0000	</row0>
					<row1>	0.0000 1.0000 0.0000 0.0000	</row1>
					<row2>	-0.1354 0.0000 0.9908 0.0000	</row2>
					<row3>	0.0357 0.7400 -2.2182 1.0000	</row3>
				</transform>
			</node>
			<node>
				<identifier>	MP_AM445_Switch_box_2	</identifier>
				<transform>
					<row0>	0.6155 0.0000 -0.7882 0.0000	</row0>
					<row1>	0.0000 1.0000 0.0000 0.0000	</row1>
					<row2>	0.7882 0.0000 0.6155 0.0000	</row2>
					<row3>	0.3399 0.7049 -2.0834 1.0000	</row3>
				</transform>
			</node>
			<node>
				<identifier>	MP_AM445_Switch_box_2_INDEX_1	</identifier>
				<transform>
					<row0>	-0.9784 0.0000 -0.2066 0.0000	</row0>
					<row1>	0.0000 1.0000 0.0000 0.0000	</row1>
					<row2>	0.2066 0.0000 -0.9784 0.0000	</row2>
					<row3>	-0.8258 0.3881 -1.8205 1.0000	</row3>
				</transform>
			</node>
			<node>
				<identifier>	MP_AM445_Switch_box_2_INDEX_2	</identifier>
				<transform>
					<row0>	-0.9784 0.0000 0.2066 0.0000	</row0>
					<row1>	0.0000 1.0000 0.0000 0.0000	</row1>
					<row2>	-0.2066 0.0000 -0.9784 0.0000	</row2>
					<row3>	0.8262 0.3881 -1.8205 1.0000	</row3>
				</transform>
			</node>
			<node>
				<identifier>	MP_AM445_Switch_box_2_INDEX_3	</identifier>
				<transform>
					<row0>	0.6155 0.0000 0.7882 0.0000	</row0>
					<row1>	0.0000 1.0000 0.0000 0.0000	</row1>
					<row2>	-0.7882 0.0000 0.6155 0.0000	</row2>
					<row3>	-0.3397 0.7049 -2.0833 1.0000	</row3>
				</transform>
			</node>
			<node>
				<identifier>	MP_AM465_Fire_Extinguisher	</identifier>
				<transform>
					<row0>	1.0000 0.0000 0.0000 0.0000	</row0>
					<row1>	0.0000 1.0000 0.0000 0.0000	</row1>
					<row2>	0.0000 0.0000 1.0000 0.0000	</row2>
					<row3>	-0.1745 0.6899 -1.9008 1.0000	</row3>
				</transform>
			</node>
			<node>
				<identifier>	MP_AM465_Fire_Extinguisher_INDEX_1	</identifier>
				<transform>
					<row0>	-1.0000 0.0000 0.0000 0.0000	</row0>
					<row1>	0.0000 1.0000 0.0000 0.0000	</row1>
					<row2>	0.0000 0.0000 -1.0000 0.0000	</row2>
					<row3>	0.1743 0.7140 -1.9003 1.0000	</row3>
				</transform>
			</node>
			<node>
				<identifier>	MP_AM478_Crane	</identifier>
				<transform>
					<row0>	0.9999 0.0000 0.0152 0.0000	</row0>
					<row1>	0.0000 1.0000 0.0000 0.0000	</row1>
					<row2>	-0.0152 0.0000 0.9999 0.0000	</row2>
					<row3>	0.3242 0.6757 -1.8448 1.0000	</row3>
				</transform>
			</node>
			<node>
				<identifier>	MP_AM531_Stretcher	</identifier>
				<transform>
					<row0>	0.0000 0.0000 -1.0000 0.0000	</row0>
					<row1>	0.0000 1.0000 0.0000 0.0000	</row1>
					<row2>	1.0000 0.0000 0.0000 0.0000	</row2>
					<row3>	0.5717 0.6421 -1.6759 1.0000	</row3>
				</transform>
			</node>
			<node>
				<identifier>	MP_AM549_Life_Buoy	</identifier>
				<transform>
					<row0>	-0.9999 0.0000 -0.0149 0.0000	</row0>
					<row1>	0.0000 1.0000 0.0000 0.0000	</row1>
					<row2>	0.0149 0.0000 -0.9999 0.0000	</row2>
					<row3>	-1.0936 0.4116 -1.6787 1.0000	</row3>
				</transform>
			</node>
			<node>
				<identifier>	MP_AM549_Life_Buoy_INDEX_1	</identifier>
				<transform>
					<row0>	0.9975 0.0000 -0.0713 0.0000	</row0>
					<row1>	0.0000 1.0000 0.0000 0.0000	</row1>
					<row2>	0.0713 0.0000 0.9975 0.0000	</row2>
					<row3>	1.0505 0.4116 -3.7482 1.0000	</row3>
				</transform>
			</node>
			<node>
				<identifier>	MP_AM549_Life_Buoy_INDEX_2	</identifier>
				<transform>
					<row0>	-0.9996 0.0000 -0.0276 0.0000	</row0>
					<row1>	0.0000 1.0000 0.0000 0.0000	</row1>
					<row2>	0.0276 0.0000 -0.9996 0.0000	</row2>
					<row3>	-1.0922 0.4116 -2.6469 1.0000	</row3>
				</transform>
			</node>
			<node>
				<identifier>	MP_AM549_Life_Buoy_INDEX_3	</identifier>
				<transform>
					<row0>	-0.9975 0.0000 -0.0713 0.0000	</row0>
					<row1>	0.0000 1.0000 0.0000 0.0000	</row1>
					<row2>	0.0713 0.0000 -0.9975 0.0000	</row2>
					<row3>	-1.0504 0.4116 -3.7510 1.0000	</row3>
				</transform>
			</node>
			<node>
				<identifier>	MP_AM549_Life_Buoy_INDEX_4	</identifier>
				<transform>
					<row0>	0.9996 0.0000 -0.0276 0.0000	</row0>
					<row1>	0.0000 1.0000 0.0000 0.0000	</row1>
					<row2>	0.0276 0.0000 0.9996 0.0000	</row2>
					<row3>	1.0939 0.4116 -1.6787 1.0000	</row3>
				</transform>
			</node>
			<node>
				<identifier>	MP_AM549_Life_Buoy_INDEX_5	</identifier>
				<transform>
					<row0>	0.9996 0.0000 -0.0276 0.0000	</row0>
					<row1>	0.0000 1.0000 0.0000 0.0000	</row1>
					<row2>	0.0276 0.0000 0.9996 0.0000	</row2>
					<row3>	1.0924 0.4116 -2.6453 1.0000	</row3>
				</transform>
			</node>
			<node>
				<identifier>	MP_CM011_Fire_Fighting_Gear	</identifier>
				<transform>
					<row0>	0.8660 0.0000 -0.5000 0.0000	</row0>
					<row1>	0.0000 1.0000 0.0000 0.0000	</row1>
					<row2>	0.5000 0.0000 0.8660 0.0000	</row2>
					<row3>	0.7966 0.3681 -1.5827 1.0000	</row3>
				</transform>
			</node>
			<node>
				<identifier>	MP_CM011_Fire_Fighting_Gear_INDEX_1	</identifier>
				<transform>
					<row0>	1.0000 0.0000 0.0000 0.0000	</row0>
					<row1>	0.0000 1.0000 0.0000 0.0000	</row1>
					<row2>	0.0000 0.0000 1.0000 0.0000	</row2>
					<row3>	0.0901 0.3695 -2.5900 1.0000	</row3>
				</transform>
			</node>
			<node>
				<identifier>	MP_CM011_Fire_Fighting_Gear_INDEX_2	</identifier>
				<transform>
					<row0>	1.0000 0.0000 0.0000 0.0000	</row0>
					<row1>	0.0000 1.0000 0.0000 0.0000	</row1>
					<row2>	0.0000 0.0000 1.0000 0.0000	</row2>
					<row3>	-0.4868 0.5184 -1.2096 1.0000	</row3>
				</transform>
			</node>
			<node>
				<identifier>	MP_CM011_Fire_Fighting_Gear_INDEX_3	</identifier>
				<transform>
					<row0>	0.8660 0.0000 0.5000 0.0000	</row0>
					<row1>	0.0000 1.0000 0.0000 0.0000	</row1>
					<row2>	-0.5000 0.0000 0.8660 0.0000	</row2>
					<row3>	-0.7957 0.3681 -1.5838 1.0000	</row3>
				</transform>
			</node>
			<node>
				<identifier>	MP_CM011_Fire_Fighting_Gear_INDEX_4	</identifier>
				<transform>
					<row0>	1.0000 0.0000 0.0000 0.0000	</row0>
					<row1>	0.0000 1.0000 0.0000 0.0000	</row1>
					<row2>	0.0000 0.0000 1.0000 0.0000	</row2>
					<row3>	0.4868 0.5184 -1.2096 1.0000	</row3>
				</transform>
			</node>
			<node>
				<identifier>	MP_CM012_Fire_Hose_Rack_1	</identifier>
				<transform>
					<row0>	0.0000 -0.0718 0.9974 0.0000	</row0>
					<row1>	0.0000 0.9974 0.0718 0.0000	</row1>
					<row2>	-1.0000 0.0000 0.0000 0.0000	</row2>
					<row3>	0.1233 0.4151 -2.5732 1.0000	</row3>
				</transform>
			</node>
			<node>
				<identifier>	MP_CM012_Fire_Hose_Rack_1_INDEX_1	</identifier>
				<transform>
					<row0>	-0.8660 0.0000 0.5000 0.0000	</row0>
					<row1>	0.0000 1.0000 0.0000 0.0000	</row1>
					<row2>	-0.5000 0.0000 -0.8660 0.0000	</row2>
					<row3>	0.7767 0.4189 -1.5999 1.0000	</row3>
				</transform>
			</node>
			<node>
				<identifier>	MP_CM012_Fire_Hose_Rack_1_INDEX_2	</identifier>
				<transform>
					<row0>	0.8660 0.0000 0.5000 0.0000	</row0>
					<row1>	0.0000 1.0000 0.0000 0.0000	</row1>
					<row2>	-0.5000 0.0000 0.8660 0.0000	</row2>
					<row3>	-0.7758 0.4189 -1.6010 1.0000	</row3>
				</transform>
			</node>
			<node>
				<identifier>	MP_CM012_Fire_Hose_Rack_1_INDEX_3	</identifier>
				<transform>
					<row0>	-1.0000 0.0000 0.0000 0.0000	</row0>
					<row1>	0.0000 1.0000 0.0000 0.0000	</row1>
					<row2>	0.0000 0.0000 -1.0000 0.0000	</row2>
					<row3>	0.4790 0.5813 -1.2299 1.0000	</row3>
				</transform>
			</node>
			<node>
				<identifier>	MP_CM012_Fire_Hose_Rack_1_INDEX_4	</identifier>
				<transform>
					<row0>	0.0000 0.0000 -1.0000 0.0000	</row0>
					<row1>	0.0000 1.0000 0.0000 0.0000	</row1>
					<row2>	1.0000 0.0000 0.0000 0.0000	</row2>
					<row3>	-0.5228 0.5696 -1.3568 1.0000	</row3>
				</transform>
			</node>
			<node>
				<identifier>	MP_CM014_Fuel_Oil_Hose	</identifier>
				<transform>
					<row0>	1.0000 0.0000 0.0000 0.0000	</row0>
					<row1>	0.0000 1.0000 0.0000 0.0000	</row1>
					<row2>	0.0000 0.0000 1.0000 0.0000	</row2>
					<row3>	-1.0073 0.4507 -1.1232 1.0000	</row3>
				</transform>
			</node>
			<node>
				<identifier>	MP_CM014_Fuel_Oil_Hose_INDEX_1	</identifier>
				<transform>
					<row0>	-1.0000 0.0000 0.0000 0.0000	</row0>
					<row1>	0.0000 1.0000 0.0000 0.0000	</row1>
					<row2>	0.0000 0.0000 -1.0000 0.0000	</row2>
					<row3>	1.0072 0.4789 -1.0578 1.0000	</row3>
				</transform>
			</node>
			<node>
				<identifier>	MP_CM014_Fuel_Oil_Hose_INDEX_2	</identifier>
				<transform>
					<row0>	1.0000 0.0000 0.0000 0.0000	</row0>
					<row1>	0.0000 1.0000 0.0000 0.0000	</row1>
					<row2>	0.0000 0.0000 1.0000 0.0000	</row2>
					<row3>	-1.0075 0.4780 -1.1232 1.0000	</row3>
				</transform>
			</node>
			<node>
				<identifier>	MP_CM014_Fuel_Oil_Hose_INDEX_3	</identifier>
				<transform>
					<row0>	-1.0000 0.0000 0.0000 0.0000	</row0>
					<row1>	0.0000 1.0000 0.0000 0.0000	</row1>
					<row2>	0.0000 0.0000 -1.0000 0.0000	</row2>
					<row3>	1.0072 0.4515 -1.0578 1.0000	</row3>
				</transform>
			</node>
			<node>
				<identifier>	MP_CM029_Emergency_Box	</identifier>
				<transform>
					<row0>	0.9987 0.0000 0.0510 0.0000	</row0>
					<row1>	0.0000 1.0000 0.0000 0.0000	</row1>
					<row2>	-0.0510 0.0000 0.9987 0.0000	</row2>
					<row3>	0.7977 0.4081 -2.2193 1.0000	</row3>
				</transform>
			</node>
			<node>
				<identifier>	MP_CM029_Emergency_Box_INDEX_1	</identifier>
				<transform>
					<row0>	-0.0112 0.0000 0.9999 0.0000	</row0>
					<row1>	0.0000 1.0000 0.0000 0.0000	</row1>
					<row2>	-0.9999 0.0000 -0.0112 0.0000	</row2>
					<row3>	0.1752 0.7293 -1.9501 1.0000	</row3>
				</transform>
			</node>
			<node>
				<identifier>	MP_CM029_Emergency_Box_INDEX_2	</identifier>
				<transform>
					<row0>	-0.0112 0.0000 -0.9999 0.0000	</row0>
					<row1>	0.0000 1.0000 0.0000 0.0000	</row1>
					<row2>	0.9999 0.0000 -0.0112 0.0000	</row2>
					<row3>	-0.1752 0.7294 -1.9506 1.0000	</row3>
				</transform>
			</node>
			<node>
				<identifier>	MP_CM029_Emergency_Box_INDEX_3	</identifier>
				<transform>
					<row0>	0.9987 0.0000 -0.0510 0.0000	</row0>
					<row1>	0.0000 1.0000 0.0000 0.0000	</row1>
					<row2>	0.0510 0.0000 0.9987 0.0000	</row2>
					<row3>	-0.7977 0.4081 -2.2193 1.0000	</row3>
				</transform>
			</node>
			<node>
				<identifier>	MP_CM030_Swab_Rack_2	</identifier>
				<transform>
					<row0>	0.0000 0.0000 1.0000 0.0000	</row0>
					<row1>	0.0000 1.0000 0.0000 0.0000	</row1>
					<row2>	-1.0000 0.0000 0.0000 0.0000	</row2>
					<row3>	-0.3337 0.6754 -1.4947 1.0000	</row3>
				</transform>
			</node>
			<node>
				<identifier>	SP_YMS011_YHWL_M_1_INDEX_10	</identifier>
				<transform>
					<row0>	1.0755 0.2074 0.1019 0.0000	</row0>
					<row1>	-0.2065 1.0803 -0.0186 0.0000	</row1>
					<row2>	-0.1035 -0.0010 1.0951 0.0000	</row2>
					<row3>	-0.9983 0.0000 -3.7219 1.0000	</row3>
				</transform>
			</node>
			<node>
				<identifier>	SP_YMS011_YHWL_M_1_INDEX_8	</identifier>
				<transform>
					<row0>	1.0998 0.0123 0.0148 0.0000	</row0>
