<ASB025_Massachusetts_1946_Bow_ports.visual>
	<node>
		<identifier>	Scene Root	</identifier>
		<transform>
			<row0>	1.0000 0.0000 0.0000 0.0000	</row0>
			<row1>	0.0000 1.0000 0.0000 0.0000	</row1>
			<row2>	0.0000 0.0000 1.0000 0.0000	</row2>
			<row3>	0.0000 0.0000 0.0000 1.0000	</row3>
		</transform>
		<node>
			<identifier>	Bow_ports	</identifier>
			<transform>
				<row0>	1.0000 0.0000 0.0000 0.0000	</row0>
				<row1>	0.0000 1.0000 0.0000 0.0000	</row1>
				<row2>	0.0000 0.0000 1.0000 0.0000	</row2>
				<row3>	0.0000 0.0000 0.0000 1.0000	</row3>
			</transform>
			<node>
				<identifier>	HP_AGA_1	</identifier>
				<transform>
					<row0>	1.0000 0.0000 0.0000 0.0000	</row0>
					<row1>	0.0000 1.0000 0.0000 0.0000	</row1>
					<row2>	0.0000 0.0000 1.0000 0.0000	</row2>
					<row3>	-0.1765 0.5352 6.4381 1.0000	</row3>
				</transform>
			</node>
			<node>
				<identifier>	HP_AGA_2	</identifier>
				<transform>
					<row0>	1.0000 0.0000 0.0000 0.0000	</row0>
					<row1>	0.0000 1.0000 0.0000 0.0000	</row1>
					<row2>	0.0000 0.0000 1.0000 0.0000	</row2>
					<row3>	0.1765 0.5352 6.4381 1.0000	</row3>
				</transform>
			</node>
			<node>
				<identifier>	HP_AGM_1	</identifier>
				<transform>
					<row0>	1.0000 0.0000 0.0000 0.0000	</row0>
					<row1>	0.0000 1.0000 0.0000 0.0000	</row1>
					<row2>	0.0000 0.0000 1.0000 0.0000	</row2>
					<row3>	0.0000 0.4177 3.3547 1.0000	</row3>
				</transform>
			</node>
			<node>
				<identifier>	HP_FX_Death_1	</identifier>
				<transform>
					<row0>	1.0000 0.0000 0.0000 0.0000	</row0>
					<row1>	0.0000 1.0000 0.0000 0.0000	</row1>
					<row2>	0.0000 0.0000 1.0000 0.0000	</row2>
					<row3>	0.0000 0.0000 2.9759 1.0000	</row3>
				</transform>
			</node>
			<node>
				<identifier>	HP_FX_Fire_1	</identifier>
				<transform>
					<row0>	1.0000 0.0000 0.0000 0.0000	</row0>
					<row1>	0.0000 1.0000 0.0000 0.0000	</row1>
					<row2>	0.0000 0.0000 1.0000 0.0000	</row2>
					<row3>	0.0000 0.4809 5.0717 1.0000	</row3>
				</transform>
			</node>
			<node>
				<identifier>	HP_FX_WakeTrace	</identifier>
				<transform>
					<row0>	1.0000 0.0000 0.0000 0.0000	</row0>
					<row1>	0.0000 1.0000 0.0000 0.0000	</row1>
					<row2>	0.0000 0.0000 1.0000 0.0000	</row2>
					<row3>	0.0000 0.0000 6.7516 1.0000	</row3>
				</transform>
			</node>
			<node>
				<identifier>	HP_Ship_death_1	</identifier>
				<transform>
					<row0>	1.0000 0.0000 0.0000 0.0000	</row0>
					<row1>	0.0000 1.0000 0.0000 0.0000	</row1>
					<row2>	0.0000 0.0000 1.0000 0.0000	</row2>
					<row3>	0.0000 0.0000 2.9759 1.0000	</row3>
				</transform>
			</node>
			<node>
				<identifier>	MP_AM001_Bollard_2	</identifier>
				<transform>
					<row0>	1.4818 0.0000 0.2328 0.0000	</row0>
					<row1>	0.0081 1.4991 -0.0513 0.0000	</row1>
					<row2>	-0.2326 0.0520 1.4809 0.0000	</row2>
					<row3>	0.6136 0.3832 3.8883 1.0000	</row3>
				</transform>
			</node>
			<node>
				<identifier>	MP_AM001_Bollard_2_INDEX_1	</identifier>
				<transform>
					<row0>	1.4818 0.0000 -0.2328 0.0000	</row0>
					<row1>	-0.0097 1.4987 -0.0617 0.0000	</row1>
					<row2>	0.2326 0.0624 1.4805 0.0000	</row2>
					<row3>	-0.6136 0.3842 3.8883 1.0000	</row3>
				</transform>
			</node>
			<node>
				<identifier>	MP_AM001_Bollard_2_INDEX_2	</identifier>
				<transform>
					<row0>	1.4849 0.0000 0.2123 0.0000	</row0>
					<row1>	0.0161 1.4957 -0.1128 0.0000	</row1>
					<row2>	-0.2117 0.1140 1.4806 0.0000	</row2>
					<row3>	0.3689 0.4880 5.7869 1.0000	</row3>
				</transform>
			</node>
			<node>
				<identifier>	MP_AM001_Bollard_2_INDEX_3	</identifier>
				<transform>
					<row0>	1.4849 0.0000 -0.2123 0.0000	</row0>
					<row1>	-0.0150 1.4962 -0.1052 0.0000	</row1>
					<row2>	0.2118 0.1063 1.4812 0.0000	</row2>
					<row3>	-0.3689 0.4889 5.7869 1.0000	</row3>
				</transform>
			</node>
			<node>
				<identifier>	MP_AM020_Ventilators_2	</identifier>
				<transform>
					<row0>	0.5995 0.0000 0.0000 0.0000	</row0>
					<row1>	0.0000 0.5995 0.0000 0.0000	</row1>
					<row2>	0.0000 0.0000 0.5995 0.0000	</row2>
					<row3>	0.2072 0.3895 4.0155 1.0000	</row3>
				</transform>
			</node>
			<node>
				<identifier>	MP_AM020_Ventilators_2_INDEX_1	</identifier>
				<transform>
					<row0>	0.5995 0.0000 0.0000 0.0000	</row0>
					<row1>	0.0000 0.5995 0.0000 0.0000	</row1>
					<row2>	0.0000 0.0000 0.5995 0.0000	</row2>
					<row3>	-0.2072 0.3895 4.0155 1.0000	</row3>
				</transform>
			</node>
			<node>
				<identifier>	MP_AM023_Hatch_1	</identifier>
				<transform>
					<row0>	1.0000 0.0000 0.0000 0.0000	</row0>
					<row1>	0.0000 0.9965 -0.0831 0.0000	</row1>
					<row2>	0.0000 0.1247 1.4948 0.0000	</row2>
					<row3>	-0.0394 0.5322 6.3790 1.0000	</row3>
				</transform>
			</node>
			<node>
				<identifier>	MP_AM023_Hatch_1_INDEX_1	</identifier>
				<transform>
					<row0>	1.0000 0.0000 0.0000 0.0000	</row0>
					<row1>	0.0000 0.9965 -0.0831 0.0000	</row1>
					<row2>	0.0000 0.1247 1.4948 0.0000	</row2>
					<row3>	-0.0394 0.5023 5.9890 1.0000	</row3>
				</transform>
			</node>
			<node>
				<identifier>	MP_AM024_Hatch_2	</identifier>
				<transform>
					<row0>	1.0000 0.0000 0.0000 0.0000	</row0>
					<row1>	0.0000 0.6990 -0.0366 0.0000	</row1>
					<row2>	0.0000 0.0523 0.9986 0.0000	</row2>
					<row3>	0.2355 0.4228 4.6805 1.0000	</row3>
				</transform>
			</node>
			<node>
				<identifier>	MP_AM024_Hatch_2_INDEX_1	</identifier>
				<transform>
					<row0>	1.0000 0.0000 0.0000 0.0000	</row0>
					<row1>	0.0000 0.6990 -0.0366 0.0000	</row1>
					<row2>	0.0000 0.0523 0.9986 0.0000	</row2>
					<row3>	0.2357 0.4308 4.8709 1.0000	</row3>
				</transform>
			</node>
			<node>
				<identifier>	MP_AM024_Hatch_2_INDEX_2	</identifier>
				<transform>
					<row0>	1.0000 0.0000 0.0000 0.0000	</row0>
					<row1>	0.0000 0.6990 -0.0366 0.0000	</row1>
					<row2>	0.0000 0.0523 0.9986 0.0000	</row2>
					<row3>	-0.2355 0.4228 4.6805 1.0000	</row3>
				</transform>
			</node>
			<node>
				<identifier>	MP_AM026_Break_Handwheel_1	</identifier>
				<transform>
					<row0>	0.8000 0.0000 0.0000 0.0000	</row0>
					<row1>	0.0000 0.8000 0.0000 0.0000	</row1>
					<row2>	0.0000 0.0000 0.8000 0.0000	</row2>
					<row3>	0.2085 0.4062 4.2900 1.0000	</row3>
				</transform>
			</node>
			<node>
				<identifier>	MP_AM026_Break_Handwheel_1_INDEX_1	</identifier>
				<transform>
					<row0>	0.8000 0.0000 0.0000 0.0000	</row0>
					<row1>	0.0000 0.8000 0.0000 0.0000	</row1>
					<row2>	0.0000 0.0000 0.8000 0.0000	</row2>
					<row3>	-0.2085 0.4062 4.2900 1.0000	</row3>
				</transform>
			</node>
			<node>
				<identifier>	MP_AM030_Ammunition_Box4	</identifier>
				<transform>
					<row0>	0.0000 0.0686 0.9976 0.0000	</row0>
					<row1>	0.0000 0.9976 -0.0686 0.0000	</row1>
					<row2>	-1.0000 0.0000 0.0000 0.0000	</row2>
					<row3>	0.2734 0.5266 6.2954 1.0000	</row3>
				</transform>
			</node>
			<node>
				<identifier>	MP_AM030_Ammunition_Box4_INDEX_1	</identifier>
				<transform>
					<row0>	0.0000 -0.0686 -0.9976 0.0000	</row0>
					<row1>	0.0000 0.9976 -0.0686 0.0000	</row1>
					<row2>	1.0000 0.0000 0.0000 0.0000	</row2>
					<row3>	-0.2734 0.5257 6.2954 1.0000	</row3>
				</transform>
			</node>
			<node>
				<identifier>	MP_AM077_Paravane	</identifier>
				<transform>
					<row0>	1.0000 0.0000 0.0000 0.0000	</row0>
					<row1>	0.0000 1.0000 0.0000 0.0000	</row1>
					<row2>	0.0000 0.0000 1.0000 0.0000	</row2>
					<row3>	-0.2868 0.4039 4.0234 1.0000	</row3>
				</transform>
			</node>
			<node>
				<identifier>	MP_AM077_Paravane_INDEX_1	</identifier>
				<transform>
					<row0>	1.0000 0.0000 0.0000 0.0000	</row0>
					<row1>	0.0000 1.0000 0.0000 0.0000	</row1>
					<row2>	0.0000 0.0000 1.0000 0.0000	</row2>
					<row3>	0.2868 0.4039 4.0216 1.0000	</row3>
				</transform>
			</node>
			<node>
				<identifier>	MP_AM088_Capstan_1	</identifier>
				<transform>
					<row0>	1.0000 0.0000 0.0000 0.0000	</row0>
					<row1>	0.0000 0.8412 -0.0313 0.0000	</row1>
					<row2>	0.0000 0.0372 0.9993 0.0000	</row2>
					<row3>	-0.3115 0.4165 4.5251 1.0000	</row3>
				</transform>
			</node>
			<node>
				<identifier>	MP_AM088_Capstan_1_INDEX_1	</identifier>
				<transform>
					<row0>	1.0000 0.0000 0.0000 0.0000	</row0>
					<row1>	0.0000 0.8412 -0.0313 0.0000	</row1>
					<row2>	0.0000 0.0372 0.9993 0.0000	</row2>
					<row3>	0.3115 0.4165 4.5251 1.0000	</row3>
				</transform>
			</node>
			<node>
				<identifier>	MP_AM101_Cooling_tube	</identifier>
				<transform>
					<row0>	0.3060 0.8380 0.2227 0.0000	</row0>
					<row1>	-0.6718 0.3784 -0.5009 0.0000	</row1>
					<row2>	-0.5481 0.0039 0.7382 0.0000	</row2>
					<row3>	0.2397 0.5333 6.3540 1.0000	</row3>
				</transform>
			</node>
			<node>
				<identifier>	MP_AM101_Cooling_tube_INDEX_1	</identifier>
				<transform>
					<row0>	0.2637 0.8578 -0.2004 0.0000	</row0>
					<row1>	-0.6895 0.3312 0.5102 0.0000	</row1>
					<row2>	0.5481 0.0039 0.7382 0.0000	</row2>
					<row3>	-0.2397 0.5333 6.3540 1.0000	</row3>
				</transform>
			</node>
			<node>
				<identifier>	MP_AM376_Fairlead	</identifier>
				<transform>
					<row0>	-0.9904 0.0005 -0.1382 0.0000	</row0>
					<row1>	0.0067 0.9990 -0.0442 0.0000	</row1>
					<row2>	0.1380 -0.0447 -0.9894 0.0000	</row2>
					<row3>	0.6289 0.3981 4.1372 1.0000	</row3>
				</transform>
			</node>
			<node>
				<identifier>	MP_AM376_Fairlead_INDEX_1	</identifier>
				<transform>
					<row0>	-0.9912 0.0005 -0.1320 0.0000	</row0>
					<row1>	0.0092 0.9978 -0.0651 0.0000	</row1>
					<row2>	0.1317 -0.0658 -0.9891 0.0000	</row2>
					<row3>	0.4540 0.4713 5.5276 1.0000	</row3>
				</transform>
			</node>
			<node>
				<identifier>	MP_AM376_Fairlead_INDEX_2	</identifier>
				<transform>
					<row0>	0.9909 0.0007 -0.1345 0.0000	</row0>
					<row1>	-0.0067 0.9990 -0.0442 0.0000	</row1>
					<row2>	0.1344 0.0447 0.9899 0.0000	</row2>
					<row3>	-0.6296 0.3987 4.1371 1.0000	</row3>
				</transform>
			</node>
			<node>
				<identifier>	MP_AM376_Fairlead_INDEX_3	</identifier>
				<transform>
					<row0>	0.9877 0.0000 -0.1562 0.0000	</row0>
					<row1>	-0.0115 0.9973 -0.0728 0.0000	</row1>
					<row2>	0.1558 0.0737 0.9850 0.0000	</row2>
					<row3>	-0.3756 0.5095 6.0624 1.0000	</row3>
				</transform>
			</node>
			<node>
				<identifier>	MP_AM376_Fairlead_INDEX_4	</identifier>
				<transform>
					<row0>	0.9912 0.0005 -0.1320 0.0000	</row0>
					<row1>	-0.0092 0.9978 -0.0651 0.0000	</row1>
					<row2>	0.1317 0.0658 0.9891 0.0000	</row2>
					<row3>	-0.4540 0.4713 5.5276 1.0000	</row3>
				</transform>
			</node>
			<node>
				<identifier>	MP_AM376_Fairlead_INDEX_5	</identifier>
				<transform>
					<row0>	-0.9864 0.0022 -0.1646 0.0000	</row0>
					<row1>	0.0028 1.0000 -0.0039 0.0000	</row1>
					<row2>	0.1646 -0.0043 -0.9864 0.0000	</row2>
					<row3>	0.7041 0.3780 3.6162 1.0000	</row3>
				</transform>
			</node>
			<node>
				<identifier>	MP_AM376_Fairlead_INDEX_6	</identifier>
				<transform>
					<row0>	0.9864 -0.0022 -0.1646 0.0000	</row0>
					<row1>	0.0028 1.0000 0.0039 0.0000	</row1>
					<row2>	0.1646 -0.0043 0.9864 0.0000	</row2>
					<row3>	-0.7041 0.3780 3.6162 1.0000	</row3>
				</transform>
			</node>
			<node>
				<identifier>	MP_AM376_Fairlead_INDEX_7	</identifier>
				<transform>
					<row0>	-0.9877 0.0000 -0.1563 0.0000	</row0>
					<row1>	0.0115 0.9973 -0.0728 0.0000	</row1>
					<row2>	0.1559 -0.0737 -0.9850 0.0000	</row2>
					<row3>	0.3756 0.5095 6.0624 1.0000	</row3>
				</transform>
			</node>
			<node>
				<identifier>	MP_AM549_Life_Buoy	</identifier>
				<transform>
					<row0>	0.9877 0.0000 0.1563 0.0000	</row0>
					<row1>	0.0000 1.0000 0.0000 0.0000	</row1>
					<row2>	-0.1563 0.0000 0.9877 0.0000	</row2>
					<row3>	0.6976 0.4244 3.6733 1.0000	</row3>
				</transform>
			</node>
			<node>
				<identifier>	MP_AM549_Life_Buoy_INDEX_1	</identifier>
				<transform>
					<row0>	-0.9881 0.0000 0.1541 0.0000	</row0>
					<row1>	0.0000 1.0000 0.0000 0.0000	</row1>
					<row2>	-0.1541 0.0000 -0.9881 0.0000	</row2>
					<row3>	-0.3924 0.5323 5.8587 1.0000	</row3>
				</transform>
			</node>
			<node>
				<identifier>	MP_AM549_Life_Buoy_INDEX_2	</identifier>
				<transform>
					<row0>	0.9888 0.0000 0.1492 0.0000	</row0>
					<row1>	0.0000 1.0000 0.0000 0.0000	</row1>
					<row2>	-0.1492 0.0000 0.9888 0.0000	</row2>
					<row3>	0.3923 0.5420 5.8592 1.0000	</row3>
				</transform>
			</node>
			<node>
				<identifier>	MP_AM549_Life_Buoy_INDEX_3	</identifier>
				<transform>
					<row0>	-0.9877 0.0000 0.1563 0.0000	</row0>
					<row1>	0.0000 1.0000 0.0000 0.0000	</row1>
					<row2>	-0.1563 0.0000 -0.9877 0.0000	</row2>
					<row3>	-0.6975 0.4244 3.6733 1.0000	</row3>
				</transform>
			</node>
			<node>
				<identifier>	MP_AM549_Life_Buoy_INDEX_4	</identifier>
				<transform>
					<row0>	-0.9937 0.0000 0.1121 0.0000	</row0>
					<row1>	0.0000 1.0000 0.0000 0.0000	</row1>
					<row2>	-0.1121 0.0000 -0.9937 0.0000	</row2>
					<row3>	-0.5411 0.4708 4.7661 1.0000	</row3>
				</transform>
			</node>
			<node>
				<identifier>	MP_AM549_Life_Buoy_INDEX_5	</identifier>
				<transform>
					<row0>	0.9937 0.0000 0.1121 0.0000	</row0>
					<row1>	0.0000 1.0000 0.0000 0.0000	</row1>
					<row2>	-0.1121 0.0000 0.9937 0.0000	</row2>
					<row3>	0.5413 0.4708 4.7661 1.0000	</row3>
				</transform>
			</node>
			<node>
				<identifier>	MP_CM006_Anchor_2	</identifier>
				<transform>
					<row0>	0.6403 0.5793 0.5429 0.0000	</row0>
					<row1>	0.2449 0.5193 -0.8431 0.0000	</row1>
					<row2>	-0.7552 0.6596 0.1869 0.0000	</row2>
					<row3>	-0.1967 0.5278 6.2099 1.0000	</row3>
				</transform>
			</node>
			<node>
				<identifier>	MP_CM006_Anchor_2_INDEX_1	</identifier>
				<transform>
					<row0>	-0.6403 0.5793 0.5429 0.0000	</row0>
					<row1>	-0.2449 0.5193 -0.8431 0.0000	</row1>
					<row2>	-0.7552 -0.6596 -0.1869 0.0000	</row2>
					<row3>	0.1967 0.5278 6.2099 1.0000	</row3>
				</transform>
			</node>
			<node>
				<identifier>	MP_CM011_Fire_Fighting_Gear	</identifier>
				<transform>
					<row0>	-1.0000 0.0000 0.0000 0.0000	</row0>
					<row1>	0.0000 1.0000 0.0000 0.0000	</row1>
					<row2>	0.0000 0.0000 -1.0000 0.0000	</row2>
					<row3>	0.3566 0.4019 4.2125 1.0000	</row3>
				</transform>
			</node>
			<node>
				<identifier>	MP_CM011_Fire_Fighting_Gear_INDEX_1	</identifier>
				<transform>
					<row0>	1.0000 0.0000 0.0000 0.0000	</row0>
					<row1>	0.0000 1.0000 0.0000 0.0000	</row1>
					<row2>	0.0000 0.0000 1.0000 0.0000	</row2>
					<row3>	-0.0888 0.5047 5.9914 1.0000	</row3>
				</transform>
			</node>
			<node>
				<identifier>	MP_CM011_Fire_Fighting_Gear_INDEX_2	</identifier>
				<transform>
					<row0>	-1.0000 0.0000 0.0000 0.0000	</row0>
					<row1>	0.0000 1.0000 0.0000 0.0000	</row1>
					<row2>	0.0000 0.0000 -1.0000 0.0000	</row2>
					<row3>	-0.3566 0.4019 4.2125 1.0000	</row3>
				</transform>
			</node>
			<node>
				<identifier>	SP_YMS001_YHBM_M_1	</identifier>
				<transform>
					<row0>	1.1426 0.0000 0.0000 0.0000	</row0>
					<row1>	0.0000 1.1426 0.0000 0.0000	</row1>
					<row2>	0.0000 0.0000 1.1426 0.0000	</row2>
					<row3>	0.0000 0.5675 6.9377 1.0000	</row3>
				</transform>
			</node>
			<node>
				<identifier>	SP_YMS002_YHBL_M_1	</identifier>
				<transform>
					<row0>	1.0743 -0.0701 -0.1123 0.0000	</row0>
					<row1>	0.0622 1.0778 -0.0775 0.0000	</row1>
					<row2>	0.1168 0.0705 1.0738 0.0000	</row2>
					<row3>	0.0000 0.5675 6.9377 1.0000	</row3>
				</transform>
			</node>
			<node>
				<identifier>	SP_YMS003_YHBR_M_1	</identifier>
				<transform>
					<row0>	1.0739 0.0701 0.1122 0.0000	</row0>
					<row1>	-0.0622 1.0774 -0.0775 0.0000	</row1>
					<row2>	-0.1168 0.0705 1.0734 0.0000	</row2>
					<row3>	0.0000 0.5675 6.9377 1.0000	</row3>
				</transform>
			</node>
			<node>
				<identifier>	SP_YMS004_YHXL_L_1	</identifier>
				<transform>
					<row0>	0.5989 1.0028 -0.2011 0.0000	</row0>
					<row1>	-0.9919 0.6263 0.1691 0.0000	</row1>
					<row2>	0.2494 0.0829 1.1557 0.0000	</row2>
					<row3>	-0.1840 0.4366 6.3991 1.0000	</row3>
				</transform>
			</node>
			<node>
				<identifier>	SP_YMS005_YHXR_L_1	</identifier>
				<transform>
					<row0>	0.5989 -1.0028 0.2011 0.0000	</row0>
					<row1>	0.9919 0.6263 0.1691 0.0000	</row1>
					<row2>	-0.2494 0.0829 1.1557 0.0000	</row2>
					<row3>	0.1840 0.4366 6.3991 1.0000	</row3>
				</transform>
			</node>
			<node>
				<identifier>	SP_YMS010_YHWM_L_1	</identifier>
				<transform>
					<row0>	0.7185 0.0000 0.0000 0.0000	</row0>
					<row1>	0.0000 0.7185 0.0000 0.0000	</row1>
					<row2>	0.0000 0.0000 0.7185 0.0000	</row2>
					<row3>	0.0000 0.0000 6.7707 1.0000	</row3>
				</transform>
			</node>
			<node>
				<identifier>	SP_YMS011_YHWL_M_1	</identifier>
				<transform>
					<row0>	1.0706 0.1106 -0.2273 0.0000	</row0>
					<row1>	-0.1082 1.0944 0.0230 0.0000	</row1>
					<row2>	0.2285 0.0000 1.0760 0.0000	</row2>
					<row3>	-0.2445 -0.0019 5.4160 1.0000	</row3>
				</transform>
			</node>
			<node>
				<identifier>	SP_YMS011_YHWL_M_1_INDEX_1	</identifier>
				<transform>
					<row0>	1.0696 0.1024 -0.2356 0.0000	</row0>
					<row1>	-0.1000 1.0952 0.0220 0.0000	</row1>
					<row2>	0.2366 0.0000 1.0742 0.0000	</row2>
					<row3>	-0.4364 0.0000 4.5165 1.0000	</row3>
				</transform>
			</node>
			<node>
				<identifier>	SP_YMS011_YHWL_M_1_INDEX_2	</identifier>
				<transform>
					<row0>	1.0696 0.1024 -0.2356 0.0000	</row0>
					<row1>	-0.1000 1.0952 0.0220 0.0000	</row1>
					<row2>	0.2366 0.0000 1.0742 0.0000	</row2>
					<row3>	-0.6374 0.0000 3.6189 1.0000	</row3>
				</transform>
			</node>
			<node>
				<identifier>	SP_YMS012_YHWR_M_1	</identifier>
				<transform>
					<row0>	1.0706 -0.1106 0.2273 0.0000	</row0>
					<row1>	0.1082 1.0944 0.0230 0.0000	</row1>
					<row2>	-0.2285 0.0000 1.0760 0.0000	</row2>
					<row3>	0.2457 0.0000 5.4101 1.0000	</row3>
				</transform>
			</node>
			<node>
				<identifier>	SP_YMS012_YHWR_M_1_INDEX_1	</identifier>
				<transform>
					<row0>	1.0696 -0.1024 0.2356 0.0000	</row0>
					<row1>	0.1000 1.0952 0.0220 0.0000	</row1>
					<row2>	-0.2366 0.0000 1.0742 0.0000	</row2>
					<row3>	0.4364 0.0000 4.5165 1.0000	</row3>
				</transform>
			</node>
			<node>
				<identifier>	SP_YMS012_YHWR_M_1_INDEX_2	</identifier>
				<transform>
					<row0>	1.0696 -0.1024 0.2356 0.0000	</row0>
					<row1>	0.1000 1.0952 0.0220 0.0000	</row1>
					<row2>	-0.2366 0.0000 1.0742 0.0000	</row2>
					<row3>	0.6374 0.0000 3.6189 1.0000	</row3>
				</transform>
			</node>
			<node>
				<identifier>	SP_YMS020_YHBU_M_1	</identifier>
				<transform>
					<row0>	1.2140 0.0000 0.0000 0.0000	</row0>
					<row1>	0.0000 1.2140 0.0000 0.0000	</row1>
					<row2>	0.0000 0.0000 1.2140 0.0000	</row2>
					<row3>	0.0000 -0.2025 6.7501 1.0000	</row3>
				</transform>
			</node>
			<node>
				<identifier>	SP_YMS051_YHDL_L_1	</identifier>
				<transform>
					<row0>	0.9901 0.0107 -0.1397 0.0000	</row0>
					<row1>	-0.0163 0.9991 -0.0391 0.0000	</row1>
					<row2>	0.1392 0.0410 0.9894 0.0000	</row2>
					<row3>	-0.5705 0.4253 4.7478 1.0000	</row3>
				</transform>
			</node>
			<node>
				<identifier>	SP_YMS052_YHDR_L_1	</identifier>
				<transform>
					<row0>	0.9901 -0.0107 0.1397 0.0000	</row0>
					<row1>	0.0163 0.9991 -0.0391 0.0000	</row1>
					<row2>	-0.1392 0.0410 0.9894 0.0000	</row2>
					<row3>	0.5705 0.4253 4.7478 1.0000	</row3>
				</transform>
			</node>
			<node>
				<identifier>	SP_YMS053_YHDC_S_1	</identifier>
				<transform>
					<row0>	1.0000 0.0000 0.0000 0.0000	</row0>
					<row1>	0.0000 0.9976 -0.0686 0.0000	</row1>
					<row2>	0.0000 0.0686 0.9976 0.0000	</row2>
					<row3>	0.0000 0.5309 6.1915 1.0000	</row3>
				</transform>
			</node>
			<node>
				<identifier>	SP_YMS053_YHDC_S_1_INDEX_1	</identifier>
				<transform>
					<row0>	1.0000 0.0000 0.0000 0.0000	</row0>
					<row1>	0.0000 0.9983 -0.0590 0.0000	</row1>
					<row2>	0.0000 0.0590 0.9983 0.0000	</row2>
					<row3>	-0.3755 0.4464 4.8436 1.0000	</row3>
				</transform>
			</node>
			<node>
				<identifier>	SP_YMS053_YHDC_S_1_INDEX_2	</identifier>
				<transform>
					<row0>	1.0000 0.0000 0.0000 0.0000	</row0>
					<row1>	0.0000 0.9983 -0.0590 0.0000	</row1>
					<row2>	0.0000 0.0590 0.9983 0.0000	</row2>
					<row3>	0.3755 0.4464 4.8436 1.0000	</row3>
				</transform>
			</node>
			<node>
				<identifier>	SP_YMS053_YHDC_S_1_INDEX_3	</identifier>
				<transform>
					<row0>	1.0000 0.0000 0.0000 0.0000	</row0>
					<row1>	0.0000 0.9999 -0.0116 0.0000	</row1>
					<row2>	0.0000 0.0116 0.9999 0.0000	</row2>
					<row3>	-0.5668 0.3869 3.4083 1.0000	</row3>
				</transform>
			</node>
			<node>
				<identifier>	SP_YMS053_YHDC_S_1_INDEX_4	</identifier>
				<transform>
					<row0>	1.0000 0.0000 0.0000 0.0000	</row0>
					<row1>	0.0000 0.9999 -0.0116 0.0000	</row1>
					<row2>	0.0000 0.0116 0.9999 0.0000	</row2>
					<row3>	0.5668 0.3869 3.4083 1.0000	</row3>
				</transform>
			</node>
			<node>
				<identifier>	SP_YMS080_YHSL_M_1	</identifier>
				<transform>
					<row0>	0.7573 0.6265 -0.1842 0.0000	</row0>
					<row1>	-0.6234 0.7776 0.0817 0.0000	</row1>
					<row2>	0.1944 0.0530 0.9795 0.0000	</row2>
					<row3>	-0.3457 0.3447 5.2809 1.0000	</row3>
				</transform>
			</node>
			<node>
				<identifier>	SP_YMS080_YHSL_M_1_INDEX_1	</identifier>
				<transform>
					<row0>	0.8975 0.3933 -0.1994 0.0000	</row0>
					<row1>	-0.3958 0.9179 0.0289 0.0000	</row1>
					<row2>	0.1944 0.0530 0.9795 0.0000	</row2>
					<row3>	-0.5452 0.2620 4.1977 1.0000	</row3>
				</transform>
			</node>
			<node>
				<identifier>	SP_YMS081_YHSR_M_1	</identifier>
				<transform>
					<row0>	0.7573 -0.6265 0.1842 0.0000	</row0>
					<row1>	0.6234 0.7776 0.0817 0.0000	</row1>
					<row2>	-0.1944 0.0530 0.9795 0.0000	</row2>
					<row3>	0.3457 0.3447 5.2809 1.0000	</row3>
				</transform>
			</node>
			<node>
				<identifier>	SP_YMS081_YHSR_M_1_INDEX_1	</identifier>
				<transform>
					<row0>	0.8975 -0.3933 0.1994 0.0000	</row0>
					<row1>	0.3958 0.9179 0.0289 0.0000	</row1>
					<row2>	-0.1944 0.0530 0.9795 0.0000	</row2>
					<row3>	0.5452 0.2620 4.1977 1.0000	</row3>
				</transform>
			</node>
		</node>
	</node>
	<boundingBox>
		<min>	-0.0667 -0.0667 -0.0667	</min>
		<max>	0.0667 0.0667 0.0667	</max>
	</boundingBox>
</ASB025_Massachusetts_1946_Bow_ports.visual>
