<ZSC016_Ning_Hai_1934_Stern_ports.visual>
	<node>
		<identifier>	Scene Root	</identifier>
		<transform>
			<row0>	1.0000 0.0000 0.0000 0.0000	</row0>
			<row1>	0.0000 1.0000 0.0000 0.0000	</row1>
			<row2>	0.0000 0.0000 1.0000 0.0000	</row2>
			<row3>	0.0000 0.0000 0.0000 1.0000	</row3>
		</transform>
		<node>
			<identifier>	Stern_ports	</identifier>
			<transform>
				<row0>	1.0000 0.0000 0.0000 0.0000	</row0>
				<row1>	0.0000 1.0000 0.0000 0.0000	</row1>
				<row2>	0.0000 0.0000 1.0000 0.0000	</row2>
				<row3>	0.0000 0.0000 0.0000 1.0000	</row3>
			</transform>
			<node>
				<identifier>	HP_FX_Fire_4	</identifier>
				<transform>
					<row0>	1.0000 0.0000 0.0000 0.0000	</row0>
					<row1>	0.0000 1.0000 0.0000 0.0000	</row1>
					<row2>	0.0000 0.0000 1.0000 0.0000	</row2>
					<row3>	0.0000 0.2086 -2.7855 1.0000	</row3>
				</transform>
			</node>
			<node>
				<identifier>	HP_FX_Flood_water_left	</identifier>
				<transform>
					<row0>	-0.9943 0.0000 -0.1071 0.0000	</row0>
					<row1>	0.0000 1.0000 0.0000 0.0000	</row1>
					<row2>	0.1071 0.0000 -0.9943 0.0000	</row2>
					<row3>	-0.2720 0.0336 -2.6140 1.0000	</row3>
				</transform>
			</node>
			<node>
				<identifier>	HP_FX_Flood_water_right	</identifier>
				<transform>
					<row0>	0.9961 0.0000 -0.0889 0.0000	</row0>
					<row1>	0.0000 1.0000 0.0000 0.0000	</row1>
					<row2>	0.0889 0.0000 0.9961 0.0000	</row2>
					<row3>	0.2722 0.0346 -2.6139 1.0000	</row3>
				</transform>
			</node>
			<node>
				<identifier>	HP_FX_RepairLight_right_1	</identifier>
				<transform>
					<row0>	0.0000 0.0000 -1.0000 0.0000	</row0>
					<row1>	0.0000 1.0000 0.0000 0.0000	</row1>
					<row2>	1.0000 0.0000 0.0000 0.0000	</row2>
					<row3>	0.3004 0.1678 -2.3779 1.0000	</row3>
				</transform>
			</node>
			<node>
				<identifier>	HP_FX_WakeTraceBack	</identifier>
				<transform>
					<row0>	1.0000 0.0000 0.0000 0.0000	</row0>
					<row1>	0.0000 1.0000 0.0000 0.0000	</row1>
					<row2>	0.0000 0.0000 1.0000 0.0000	</row2>
					<row3>	0.0000 0.0000 -3.6046 1.0000	</row3>
				</transform>
			</node>
			<node>
				<identifier>	HP_FX_WakeTrace_screw_1	</identifier>
				<transform>
					<row0>	1.0000 0.0000 0.0000 0.0000	</row0>
					<row1>	0.0000 1.0000 0.0000 0.0000	</row1>
					<row2>	0.0000 0.0000 1.0000 0.0000	</row2>
					<row3>	-0.1379 -0.1847 -2.5422 1.0000	</row3>
				</transform>
			</node>
			<node>
				<identifier>	HP_FX_WakeTrace_screw_2	</identifier>
				<transform>
					<row0>	1.0000 0.0000 0.0000 0.0000	</row0>
					<row1>	0.0000 1.0000 0.0000 0.0000	</row1>
					<row2>	0.0000 0.0000 1.0000 0.0000	</row2>
					<row3>	0.0000 -0.2009 -2.9179 1.0000	</row3>
				</transform>
			</node>
			<node>
				<identifier>	HP_FX_WakeTrace_screw_3	</identifier>
				<transform>
					<row0>	1.0000 0.0000 0.0000 0.0000	</row0>
					<row1>	0.0000 1.0000 0.0000 0.0000	</row1>
					<row2>	0.0000 0.0000 1.0000 0.0000	</row2>
					<row3>	0.1379 -0.1847 -2.5422 1.0000	</row3>
				</transform>
			</node>
			<node>
				<identifier>	MP_CM001_Propeller3_L	</identifier>
				<transform>
					<row0>	0.6000 0.0000 0.0000 0.0000	</row0>
					<row1>	0.0000 0.6000 0.0000 0.0000	</row1>
					<row2>	0.0000 0.0000 0.6000 0.0000	</row2>
					<row3>	0.0000 -0.2009 -2.9179 1.0000	</row3>
				</transform>
			</node>
			<node>
				<identifier>	MP_CM001_Propeller3_L_INDEX_1	</identifier>
				<transform>
					<row0>	0.5999 0.0000 -0.0105 0.0000	</row0>
					<row1>	-0.0002 0.5999 -0.0094 0.0000	</row1>
					<row2>	0.0105 0.0094 0.5998 0.0000	</row2>
					<row3>	-0.1379 -0.1847 -2.5422 1.0000	</row3>
				</transform>
			</node>
			<node>
				<identifier>	MP_CM011_Fire_Fighting_Gear	</identifier>
				<transform>
					<row0>	-1.0000 0.0000 0.0000 0.0000	</row0>
					<row1>	0.0000 1.0000 0.0000 0.0000	</row1>
					<row2>	0.0000 0.0000 -1.0000 0.0000	</row2>
					<row3>	-0.0330 0.1795 -3.2334 1.0000	</row3>
				</transform>
			</node>
			<node>
				<identifier>	MP_CM032_Propeller3_R	</identifier>
				<transform>
					<row0>	0.5999 0.0000 0.0105 0.0000	</row0>
					<row1>	0.0002 0.5999 -0.0094 0.0000	</row1>
					<row2>	-0.0105 0.0094 0.5998 0.0000	</row2>
					<row3>	0.1379 -0.1847 -2.5422 1.0000	</row3>
				</transform>
			</node>
			<node>
				<identifier>	MP_CM085_Anchor_Top	</identifier>
				<transform>
					<row0>	0.2548 0.0000 0.6901 0.0000	</row0>
					<row1>	-0.0781 0.7309 0.0288 0.0000	</row1>
					<row2>	-0.6857 -0.0832 0.2532 0.0000	</row2>
					<row3>	0.0990 0.0992 -3.4796 1.0000	</row3>
				</transform>
			</node>
			<node>
				<identifier>	MP_CM138_Anchor_Bottom	</identifier>
				<transform>
					<row0>	-0.1282 0.0000 -0.3471 0.0000	</row0>
					<row1>	-0.1031 0.3533 0.0381 0.0000	</row1>
					<row2>	0.3314 0.1099 -0.1224 0.0000	</row2>
					<row3>	0.0990 0.0992 -3.4796 1.0000	</row3>
				</transform>
			</node>
			<node>
				<identifier>	MP_ZM024_Life_Buoy	</identifier>
				<transform>
					<row0>	0.2625 0.0000 -0.9649 0.0000	</row0>
					<row1>	0.0000 1.0000 0.0000 0.0000	</row1>
					<row2>	0.9649 0.0000 0.2625 0.0000	</row2>
					<row3>	-0.1489 0.2387 -3.2415 1.0000	</row3>
				</transform>
			</node>
			<node>
				<identifier>	MP_ZM024_Life_Buoy_INDEX_1	</identifier>
				<transform>
					<row0>	0.2625 0.0000 0.9649 0.0000	</row0>
					<row1>	0.0000 1.0000 0.0000 0.0000	</row1>
					<row2>	-0.9649 0.0000 0.2625 0.0000	</row2>
					<row3>	0.1489 0.2387 -3.2415 1.0000	</row3>
				</transform>
			</node>
			<node>
				<identifier>	MP_ZM060_Depth_Charge_Stowage	</identifier>
				<transform>
					<row0>	0.9490 0.0233 0.3143 0.0000	</row0>
					<row1>	-0.0270 0.9996 0.0077 0.0000	</row1>
					<row2>	-0.3140 -0.0158 0.9493 0.0000	</row2>
					<row3>	-0.1006 0.1777 -3.4224 1.0000	</row3>
				</transform>
			</node>
			<node>
				<identifier>	MP_ZM060_Depth_Charge_Stowage_INDEX_1	</identifier>
				<transform>
					<row0>	0.9565 0.0321 0.2900 0.0000	</row0>
					<row1>	-0.0353 0.9994 0.0056 0.0000	</row1>
					<row2>	-0.2897 -0.0156 0.9570 0.0000	</row2>
					<row3>	-0.1224 0.1763 -3.3503 1.0000	</row3>
				</transform>
			</node>
			<node>
				<identifier>	MP_ZM145_Name_Ning_Hai	</identifier>
				<transform>
					<row0>	-0.2490 0.0000 -0.9685 0.0000	</row0>
					<row1>	0.0000 1.0000 0.0000 0.0000	</row1>
					<row2>	0.9685 0.0000 -0.2490 0.0000	</row2>
					<row3>	0.1557 0.1251 -3.2434 1.0000	</row3>
				</transform>
			</node>
			<node>
				<identifier>	MP_ZM145_Name_Ning_Hai_INDEX_1	</identifier>
				<transform>
					<row0>	-0.2490 0.0000 0.9685 0.0000	</row0>
					<row1>	0.0000 1.0000 0.0000 0.0000	</row1>
					<row2>	-0.9685 0.0000 -0.2490 0.0000	</row2>
					<row3>	-0.1557 0.1251 -3.2434 1.0000	</row3>
				</transform>
			</node>
			<node>
				<identifier>	MP_ZM149_Depth_Charge_Roller_Rack_R	</identifier>
				<transform>
					<row0>	0.0000 0.0000 1.0000 0.0000	</row0>
					<row1>	0.0000 1.0000 0.0000 0.0000	</row1>
					<row2>	-1.0000 0.0000 0.0000 0.0000	</row2>
					<row3>	0.1076 0.1751 -3.0533 1.0000	</row3>
				</transform>
			</node>
			<node>
				<identifier>	MP_ZM150_Depth_Charge_Roller_Rack_L	</identifier>
				<transform>
					<row0>	0.0000 0.0000 -1.0000 0.0000	</row0>
					<row1>	0.0000 1.0000 0.0000 0.0000	</row1>
					<row2>	1.0000 0.0000 0.0000 0.0000	</row2>
					<row3>	-0.1076 0.1751 -3.0533 1.0000	</row3>
				</transform>
			</node>
			<node>
				<identifier>	MP_ZM173_Depth_Charge_Thrower_Single	</identifier>
				<transform>
					<row0>	0.0000 0.0000 1.0000 0.0000	</row0>
					<row1>	-0.0217 0.9998 0.0000 0.0000	</row1>
					<row2>	-0.9998 -0.0217 0.0000 0.0000	</row2>
					<row3>	-0.0810 0.1783 -2.9818 1.0000	</row3>
				</transform>
			</node>
			<node>
				<identifier>	MP_ZM173_Depth_Charge_Thrower_Single_INDEX_1	</identifier>
				<transform>
					<row0>	0.0000 0.0000 -1.0000 0.0000	</row0>
					<row1>	0.0217 0.9998 0.0000 0.0000	</row1>
					<row2>	0.9998 -0.0217 0.0000 0.0000	</row2>
					<row3>	0.0810 0.1783 -2.9818 1.0000	</row3>
				</transform>
			</node>
			<node>
				<identifier>	MP_ZM604_Voice_Tube	</identifier>
				<transform>
					<row0>	0.9980 0.0000 -0.0630 0.0000	</row0>
					<row1>	0.0000 1.0000 0.0000 0.0000	</row1>
					<row2>	0.0630 0.0000 0.9980 0.0000	</row2>
					<row3>	0.0000 0.1782 -3.0157 1.0000	</row3>
				</transform>
			</node>
			<node>
				<identifier>	MP_ZM770_Hatch	</identifier>
				<transform>
					<row0>	1.2741 0.0000 0.0000 0.0000	</row0>
					<row1>	0.0000 1.2741 0.0000 0.0000	</row1>
					<row2>	0.0000 0.0000 1.2741 0.0000	</row2>
					<row3>	0.0522 0.1698 -3.2340 1.0000	</row3>
				</transform>
			</node>
			<node>
				<identifier>	MP_ZM852_Running_Lights_B	</identifier>
				<transform>
					<row0>	-1.1437 0.0000 0.0000 0.0000	</row0>
					<row1>	0.0000 1.1437 0.0000 0.0000	</row1>
					<row2>	0.0000 0.0000 -1.1437 0.0000	</row2>
					<row3>	-0.0086 0.2989 -3.5795 1.0000	</row3>
				</transform>
			</node>
			<node>
				<identifier>	MP_ZM885_Signal_Lamp	</identifier>
				<transform>
					<row0>	-0.5433 -0.0274 -0.3125 0.0000	</row0>
					<row1>	0.0000 0.6250 -0.0547 0.0000	</row1>
					<row2>	0.3137 -0.0474 -0.5412 0.0000	</row2>
					<row3>	0.0031 0.5335 -3.5984 1.0000	</row3>
				</transform>
			</node>
		</node>
	</node>
	<boundingBox>
		<min>	-0.0667 -0.0667 -0.0667	</min>
		<max>	0.0667 0.0667 0.0667	</max>
	</boundingBox>
</ZSC016_Ning_Hai_1934_Stern_ports.visual>
