<ZSD001_Anshan_Bow_ports.visual>
	<node>
		<identifier>	Scene Root	</identifier>
		<transform>
			<row0>	1.0000 0.0000 0.0000 0.0000	</row0>
			<row1>	0.0000 1.0000 0.0000 0.0000	</row1>
			<row2>	0.0000 0.0000 1.0000 0.0000	</row2>
			<row3>	0.0000 0.0000 0.0000 1.0000	</row3>
		</transform>
		<node>
			<identifier>	Bow_ports	</identifier>
			<transform>
				<row0>	1.0000 0.0000 0.0000 0.0000	</row0>
				<row1>	0.0000 1.0000 0.0000 0.0000	</row1>
				<row2>	0.0000 0.0000 1.0000 0.0000	</row2>
				<row3>	0.0000 0.0000 0.0000 1.0000	</row3>
			</transform>
			<node>
				<identifier>	HP_FX_Death_1	</identifier>
				<transform>
					<row0>	1.0000 0.0000 0.0000 0.0000	</row0>
					<row1>	0.0000 1.0000 0.0000 0.0000	</row1>
					<row2>	0.0000 0.0000 1.0000 0.0000	</row2>
					<row3>	0.0000 0.0000 2.4986 1.0000	</row3>
				</transform>
			</node>
			<node>
				<identifier>	HP_FX_Fire_1	</identifier>
				<transform>
					<row0>	1.0000 0.0000 0.0000 0.0000	</row0>
					<row1>	0.0000 1.0000 0.0000 0.0000	</row1>
					<row2>	0.0000 0.0000 1.0000 0.0000	</row2>
					<row3>	0.0000 0.3206 3.0715 1.0000	</row3>
				</transform>
			</node>
			<node>
				<identifier>	HP_FX_WakeTrace	</identifier>
				<transform>
					<row0>	1.0000 0.0000 0.0000 0.0000	</row0>
					<row1>	0.0000 1.0000 0.0000 0.0000	</row1>
					<row2>	0.0000 0.0000 1.0000 0.0000	</row2>
					<row3>	0.0000 0.0000 3.6032 1.0000	</row3>
				</transform>
			</node>
			<node>
				<identifier>	HP_Ship_death_1	</identifier>
				<transform>
					<row0>	1.0000 0.0000 0.0000 0.0000	</row0>
					<row1>	0.0000 1.0000 0.0000 0.0000	</row1>
					<row2>	0.0000 0.0000 1.0000 0.0000	</row2>
					<row3>	0.0000 0.0000 2.4986 1.0000	</row3>
				</transform>
			</node>
			<node>
				<identifier>	HP_ZGM_1	</identifier>
				<transform>
					<row0>	1.0000 0.0000 0.0000 0.0000	</row0>
					<row1>	0.0000 1.0000 0.0000 0.0000	</row1>
					<row2>	0.0000 0.0000 1.0000 0.0000	</row2>
					<row3>	0.0000 0.3086 2.5554 1.0000	</row3>
				</transform>
			</node>
			<node>
				<identifier>	MP_CM011_Fire_Fighting_Gear	</identifier>
				<transform>
					<row0>	-0.5000 0.0000 0.8660 0.0000	</row0>
					<row1>	0.0000 1.0000 0.0000 0.0000	</row1>
					<row2>	-0.8660 0.0000 -0.5000 0.0000	</row2>
					<row3>	0.1597 0.3046 2.2619 1.0000	</row3>
				</transform>
			</node>
			<node>
				<identifier>	MP_CM030_Swab_Rack_2	</identifier>
				<transform>
					<row0>	1.0000 0.0000 0.0000 0.0000	</row0>
					<row1>	0.0000 1.0000 0.0000 0.0000	</row1>
					<row2>	0.0000 0.0000 1.0000 0.0000	</row2>
					<row3>	-0.1149 0.3039 2.2815 1.0000	</row3>
				</transform>
			</node>
			<node>
				<identifier>	MP_CM086_Anchor_top	</identifier>
				<transform>
					<row0>	-0.3785 0.7879 0.2144 0.0000	</row0>
					<row1>	0.0942 0.2769 -0.8512 0.0000	</row1>
					<row2>	-0.8111 -0.3355 -0.1989 0.0000	</row2>
					<row3>	-0.1007 0.2818 3.5109 1.0000	</row3>
				</transform>
			</node>
			<node>
				<identifier>	MP_CM086_Anchor_top_INDEX_1	</identifier>
				<transform>
					<row0>	-0.3785 -0.7879 -0.2144 0.0000	</row0>
					<row1>	-0.0942 0.2769 -0.8512 0.0000	</row1>
					<row2>	0.8111 -0.3355 -0.1989 0.0000	</row2>
					<row3>	0.1007 0.2818 3.5109 1.0000	</row3>
				</transform>
			</node>
			<node>
				<identifier>	MP_CM087_Anchor_down	</identifier>
				<transform>
					<row0>	-0.3785 -0.7879 -0.2144 0.0000	</row0>
					<row1>	0.5075 -0.0419 -0.7421 0.0000	</row1>
					<row2>	0.6397 -0.4330 0.4619 0.0000	</row2>
					<row3>	0.1007 0.2818 3.5109 1.0000	</row3>
				</transform>
			</node>
			<node>
				<identifier>	MP_CM087_Anchor_down_INDEX_1	</identifier>
				<transform>
					<row0>	-0.3785 0.7879 0.2144 0.0000	</row0>
					<row1>	-0.5075 -0.0419 -0.7421 0.0000	</row1>
					<row2>	-0.6397 -0.4330 0.4619 0.0000	</row2>
					<row3>	-0.1007 0.2818 3.5109 1.0000	</row3>
				</transform>
			</node>
			<node>
				<identifier>	MP_ZM002_Reel	</identifier>
				<transform>
					<row0>	0.0002 -0.0085 -1.3000 0.0000	</row0>
					<row1>	0.0340 -1.2995 0.0085 0.0000	</row1>
					<row2>	-0.9997 -0.0262 0.0000 0.0000	</row2>
					<row3>	-0.0480 0.3074 2.8496 1.0000	</row3>
				</transform>
			</node>
			<node>
				<identifier>	MP_ZM002_Reel_INDEX_1	</identifier>
				<transform>
					<row0>	0.0002 0.0085 1.3000 0.0000	</row0>
					<row1>	-0.0340 -1.2995 0.0085 0.0000	</row1>
					<row2>	0.9997 -0.0262 0.0000 0.0000	</row2>
					<row3>	0.0480 0.3074 2.8496 1.0000	</row3>
				</transform>
			</node>
			<node>
				<identifier>	MP_ZM004_Basket_Rope	</identifier>
				<transform>
					<row0>	0.8749 -0.0371 0.4828 0.0000	</row0>
					<row1>	0.0479 0.9988 -0.0102 0.0000	</row1>
					<row2>	-0.4819 0.0321 0.8757 0.0000	</row2>
					<row3>	0.1557 0.3033 2.2935 1.0000	</row3>
				</transform>
			</node>
			<node>
				<identifier>	MP_ZM004_Basket_Rope_INDEX_1	</identifier>
				<transform>
					<row0>	0.8749 0.0371 -0.4828 0.0000	</row0>
					<row1>	-0.0479 0.9988 -0.0102 0.0000	</row1>
					<row2>	0.4819 0.0321 0.8757 0.0000	</row2>
					<row3>	-0.1557 0.3033 2.2935 1.0000	</row3>
				</transform>
			</node>
			<node>
				<identifier>	MP_ZM024_Life_Buoy	</identifier>
				<transform>
					<row0>	-0.1306 0.0000 -0.9914 0.0000	</row0>
					<row1>	0.0000 1.0000 0.0000 0.0000	</row1>
					<row2>	0.9914 0.0000 -0.1306 0.0000	</row2>
					<row3>	-0.2309 0.3698 2.7732 1.0000	</row3>
				</transform>
			</node>
			<node>
				<identifier>	MP_ZM024_Life_Buoy_INDEX_1	</identifier>
				<transform>
					<row0>	-0.1306 0.0000 0.9914 0.0000	</row0>
					<row1>	0.0000 1.0000 0.0000 0.0000	</row1>
					<row2>	-0.9914 0.0000 -0.1306 0.0000	</row2>
					<row3>	0.2309 0.3698 2.7732 1.0000	</row3>
				</transform>
			</node>
			<node>
				<identifier>	MP_ZM025_Red_Star	</identifier>
				<transform>
					<row0>	0.2534 -0.0008 0.9674 0.0000	</row0>
					<row1>	-0.3166 0.9448 0.0837 0.0000	</row1>
					<row2>	-0.9141 -0.3275 0.2392 0.0000	</row2>
					<row3>	-0.0376 0.2471 3.6258 1.0000	</row3>
				</transform>
			</node>
			<node>
				<identifier>	MP_ZM025_Red_Star_INDEX_1	</identifier>
				<transform>
					<row0>	0.2534 0.0008 -0.9674 0.0000	</row0>
					<row1>	0.3166 0.9448 0.0837 0.0000	</row1>
					<row2>	0.9141 -0.3275 0.2392 0.0000	</row2>
					<row3>	0.0376 0.2471 3.6258 1.0000	</row3>
				</transform>
			</node>
			<node>
				<identifier>	MP_ZM604_Voice_Tube	</identifier>
				<transform>
					<row0>	-0.7000 0.0000 0.0000 0.0000	</row0>
					<row1>	0.0000 1.0000 0.0000 0.0000	</row1>
					<row2>	0.0000 0.0000 -0.7000 0.0000	</row2>
					<row3>	-0.0920 0.3057 2.3050 1.0000	</row3>
				</transform>
			</node>
			<node>
				<identifier>	MP_ZM750_Hatch	</identifier>
				<transform>
					<row0>	1.0000 0.0000 0.0000 0.0000	</row0>
					<row1>	0.0000 1.0000 0.0000 0.0000	</row1>
					<row2>	0.0000 0.0000 1.0000 0.0000	</row2>
					<row3>	-0.0973 0.3050 3.1007 1.0000	</row3>
				</transform>
			</node>
			<node>
				<identifier>	MP_ZM751_Hatch	</identifier>
				<transform>
					<row0>	1.0000 0.0000 0.0000 0.0000	</row0>
					<row1>	0.0000 1.0000 0.0000 0.0000	</row1>
					<row2>	0.0000 0.0000 1.0000 0.0000	</row2>
					<row3>	0.0564 0.3059 2.3269 1.0000	</row3>
				</transform>
			</node>
			<node>
				<identifier>	MP_ZM751_Hatch_INDEX_1	</identifier>
				<transform>
					<row0>	1.0000 0.0000 0.0000 0.0000	</row0>
					<row1>	0.0000 1.0000 0.0000 0.0000	</row1>
					<row2>	0.0000 0.0000 1.0000 0.0000	</row2>
					<row3>	0.0211 0.3099 3.4318 1.0000	</row3>
				</transform>
			</node>
			<node>
				<identifier>	MP_ZM753_Hatch	</identifier>
				<transform>
					<row0>	0.0000 0.0000 -1.0000 0.0000	</row0>
					<row1>	0.0000 1.0000 0.0000 0.0000	</row1>
					<row2>	1.0000 0.0000 0.0000 0.0000	</row2>
					<row3>	-0.0512 0.3045 2.3268 1.0000	</row3>
				</transform>
			</node>
			<node>
				<identifier>	MP_ZM800_Ventilation_Mushroom	</identifier>
				<transform>
					<row0>	1.0000 0.0000 0.0000 0.0000	</row0>
					<row1>	0.0000 1.0000 0.0000 0.0000	</row1>
					<row2>	0.0000 0.0000 1.0000 0.0000	</row2>
					<row3>	-0.2391 0.2986 2.5979 1.0000	</row3>
				</transform>
			</node>
			<node>
				<identifier>	MP_ZM800_Ventilation_Mushroom_INDEX_1	</identifier>
				<transform>
					<row0>	1.0000 0.0000 0.0000 0.0000	</row0>
					<row1>	0.0000 1.0000 0.0000 0.0000	</row1>
					<row2>	0.0000 0.0000 1.0000 0.0000	</row2>
					<row3>	0.2469 0.2986 2.5428 1.0000	</row3>
				</transform>
			</node>
			<node>
				<identifier>	MP_ZM800_Ventilation_Mushroom_INDEX_2	</identifier>
				<transform>
					<row0>	1.0000 0.0000 0.0000 0.0000	</row0>
					<row1>	0.0000 1.0000 0.0000 0.0000	</row1>
					<row2>	0.0000 0.0000 1.0000 0.0000	</row2>
					<row3>	-0.0208 0.3087 2.7623 1.0000	</row3>
				</transform>
			</node>
			<node>
				<identifier>	MP_ZM800_Ventilation_Mushroom_INDEX_3	</identifier>
				<transform>
					<row0>	1.0000 0.0000 0.0000 0.0000	</row0>
					<row1>	0.0000 1.0000 0.0000 0.0000	</row1>
					<row2>	0.0000 0.0000 1.0000 0.0000	</row2>
					<row3>	-0.2469 0.2986 2.5428 1.0000	</row3>
				</transform>
			</node>
			<node>
				<identifier>	MP_ZM852_Running_Lights_B	</identifier>
				<transform>
					<row0>	-1.0000 0.0000 0.0000 0.0000	</row0>
					<row1>	0.0000 1.0000 0.0000 0.0000	</row1>
					<row2>	0.0000 0.0000 -1.0000 0.0000	</row2>
					<row3>	0.0000 0.5243 3.7313 1.0000	</row3>
				</transform>
			</node>
			<node>
				<identifier>	MP_ZM950_Bollard	</identifier>
				<transform>
					<row0>	0.9762 0.0409 -0.2130 0.0000	</row0>
					<row1>	-0.0399 0.9992 0.0087 0.0000	</row1>
					<row2>	0.2132 0.0000 0.9770 0.0000	</row2>
					<row3>	-0.1327 0.3027 3.2707 1.0000	</row3>
				</transform>
			</node>
			<node>
				<identifier>	MP_ZM950_Bollard_INDEX_1	</identifier>
				<transform>
					<row0>	0.9762 -0.0409 0.2130 0.0000	</row0>
					<row1>	0.0399 0.9992 0.0087 0.0000	</row1>
					<row2>	-0.2132 0.0000 0.9770 0.0000	</row2>
					<row3>	0.1327 0.3027 3.2707 1.0000	</row3>
				</transform>
			</node>
			<node>
				<identifier>	MP_ZM951_Fairlead	</identifier>
				<transform>
					<row0>	0.9869 -0.0517 0.1530 0.0000	</row0>
					<row1>	0.0511 0.9987 0.0073 0.0000	</row1>
					<row2>	-0.1532 0.0006 0.9882 0.0000	</row2>
					<row3>	0.2046 0.3051 2.8988 1.0000	</row3>
				</transform>
			</node>
			<node>
				<identifier>	MP_ZM951_Fairlead_INDEX_1	</identifier>
				<transform>
					<row0>	0.9869 0.0517 -0.1530 0.0000	</row0>
					<row1>	-0.0511 0.9987 0.0073 0.0000	</row1>
					<row2>	0.1532 0.0006 0.9882 0.0000	</row2>
					<row3>	-0.2046 0.3051 2.8988 1.0000	</row3>
				</transform>
			</node>
			<node>
				<identifier>	MP_ZM953_Anchor_Fairled	</identifier>
				<transform>
					<row0>	-0.9999 0.0125 0.0000 0.0000	</row0>
					<row1>	0.0125 0.9999 -0.0023 0.0000	</row1>
					<row2>	0.0000 -0.0023 -1.0000 0.0000	</row2>
					<row3>	0.0246 0.3109 3.2622 1.0000	</row3>
				</transform>
			</node>
			<node>
				<identifier>	MP_ZM953_Anchor_Fairled_INDEX_1	</identifier>
				<transform>
					<row0>	-0.9999 -0.0125 0.0000 0.0000	</row0>
					<row1>	-0.0125 0.9999 -0.0023 0.0000	</row1>
					<row2>	0.0000 -0.0023 -1.0000 0.0000	</row2>
					<row3>	-0.0246 0.3109 3.2622 1.0000	</row3>
				</transform>
			</node>
			<node>
				<identifier>	MP_ZM954_Anchor_Stopper	</identifier>
				<transform>
					<row0>	0.9750 -0.0175 -0.2216 0.0000	</row0>
					<row1>	0.0157 0.9998 -0.0098 0.0000	</row1>
					<row2>	0.2218 0.0060 0.9751 0.0000	</row2>
					<row3>	0.0470 0.3077 3.2072 1.0000	</row3>
				</transform>
			</node>
			<node>
				<identifier>	MP_ZM954_Anchor_Stopper_INDEX_1	</identifier>
				<transform>
					<row0>	0.9750 0.0175 0.2216 0.0000	</row0>
					<row1>	-0.0157 0.9998 -0.0098 0.0000	</row1>
					<row2>	-0.2218 0.0060 0.9751 0.0000	</row2>
					<row3>	-0.0470 0.3077 3.2072 1.0000	</row3>
				</transform>
			</node>
			<node>
				<identifier>	MP_ZM956_Anchor_Capstan	</identifier>
				<transform>
					<row0>	1.0000 0.0000 0.0000 0.0000	</row0>
					<row1>	0.0000 1.0000 -0.0052 0.0000	</row1>
					<row2>	0.0000 0.0052 1.0000 0.0000	</row2>
					<row3>	0.0000 0.3111 3.0414 1.0000	</row3>
				</transform>
			</node>
			<node>
				<identifier>	MP_ZM957_Anchor_Detector	</identifier>
				<transform>
					<row0>	1.0000 0.0000 0.0000 0.0000	</row0>
					<row1>	0.0000 1.0000 0.0000 0.0000	</row1>
					<row2>	0.0000 0.0000 1.0000 0.0000	</row2>
					<row3>	0.0204 0.3092 2.9332 1.0000	</row3>
				</transform>
			</node>
			<node>
				<identifier>	MP_ZM958_Manage_Anchor	</identifier>
				<transform>
					<row0>	1.0000 0.0000 0.0000 0.0000	</row0>
					<row1>	0.0000 1.0000 0.0000 0.0000	</row1>
					<row2>	0.0000 0.0000 1.0000 0.0000	</row2>
					<row3>	-0.0455 0.3101 2.9210 1.0000	</row3>
				</transform>
			</node>
		</node>
	</node>
	<boundingBox>
		<min>	-0.0667 -0.0667 -0.0667	</min>
		<max>	0.0667 0.0667 0.0667	</max>
	</boundingBox>
</ZSD001_Anshan_Bow_ports.visual>
