<USC001_Mysore_1957_Bow_ports.visual>
	<node>
		<identifier>	Scene Root	</identifier>
		<transform>
			<row0>	1.0000 0.0000 0.0000 0.0000	</row0>
			<row1>	0.0000 1.0000 0.0000 0.0000	</row1>
			<row2>	0.0000 0.0000 1.0000 0.0000	</row2>
			<row3>	0.0000 0.0000 0.0000 1.0000	</row3>
		</transform>
		<node>
			<identifier>	Bow_ports	</identifier>
			<transform>
				<row0>	1.0000 0.0000 0.0000 0.0000	</row0>
				<row1>	0.0000 1.0000 0.0000 0.0000	</row1>
				<row2>	0.0000 0.0000 1.0000 0.0000	</row2>
				<row3>	0.0000 0.0000 0.0000 1.0000	</row3>
			</transform>
			<node>
				<identifier>	HP_BGM_1	</identifier>
				<transform>
					<row0>	1.0000 0.0000 0.0000 0.0000	</row0>
					<row1>	0.0000 1.0000 0.0000 0.0000	</row1>
					<row2>	0.0000 0.0000 1.0000 0.0000	</row2>
					<row3>	0.0000 0.4926 3.7778 1.0000	</row3>
				</transform>
			</node>
			<node>
				<identifier>	HP_FX_Fire_1	</identifier>
				<transform>
					<row0>	1.0000 0.0000 0.0000 0.0000	</row0>
					<row1>	0.0000 1.0000 0.0000 0.0000	</row1>
					<row2>	0.0000 0.0000 1.0000 0.0000	</row2>
					<row3>	0.0000 0.5103 4.6388 1.0000	</row3>
				</transform>
			</node>
			<node>
				<identifier>	HP_FX_WakeTrace	</identifier>
				<transform>
					<row0>	1.0000 0.0000 0.0000 0.0000	</row0>
					<row1>	0.0000 1.0000 0.0000 0.0000	</row1>
					<row2>	0.0000 0.0000 1.0000 0.0000	</row2>
					<row3>	0.0000 0.0000 5.6047 1.0000	</row3>
				</transform>
			</node>
			<node>
				<identifier>	HP_Ship_death_1	</identifier>
				<transform>
					<row0>	1.0000 0.0000 0.0000 0.0000	</row0>
					<row1>	0.0000 1.0000 0.0000 0.0000	</row1>
					<row2>	0.0000 0.0000 1.0000 0.0000	</row2>
					<row3>	0.0000 0.0000 3.5220 1.0000	</row3>
				</transform>
			</node>
			<node>
				<identifier>	MP_BM004_Reels	</identifier>
				<transform>
					<row0>	0.7515 -0.0477 -0.6580 0.0000	</row0>
					<row1>	0.0359 0.9989 -0.0314 0.0000	</row1>
					<row2>	0.6588 0.0000 0.7523 0.0000	</row2>
					<row3>	0.1918 0.4703 4.1826 1.0000	</row3>
				</transform>
			</node>
			<node>
				<identifier>	MP_BM751_Deck_Hatch	</identifier>
				<transform>
					<row0>	-1.0000 0.0000 0.0000 0.0000	</row0>
					<row1>	0.0000 1.0000 0.0000 0.0000	</row1>
					<row2>	0.0000 0.0000 -1.0000 0.0000	</row2>
					<row3>	0.1501 0.4376 3.4792 1.0000	</row3>
				</transform>
			</node>
			<node>
				<identifier>	MP_BM754_Deck_Hatch	</identifier>
				<transform>
					<row0>	0.0000 0.0000 -1.0000 0.0000	</row0>
					<row1>	0.0000 1.0000 0.0000 0.0000	</row1>
					<row2>	1.0000 0.0000 0.0000 0.0000	</row2>
					<row3>	-0.0345 0.4775 4.2215 1.0000	</row3>
				</transform>
			</node>
			<node>
				<identifier>	MP_BM800_Ventilators_mushroom	</identifier>
				<transform>
					<row0>	-0.2312 0.0000 0.9729 0.0000	</row0>
					<row1>	0.0000 1.0000 0.0000 0.0000	</row1>
					<row2>	-0.9729 0.0000 -0.2312 0.0000	</row2>
					<row3>	0.3667 0.4625 4.3123 1.0000	</row3>
				</transform>
			</node>
			<node>
				<identifier>	MP_BM800_Ventilators_mushroom_INDEX_1	</identifier>
				<transform>
					<row0>	-1.0853 0.0000 -0.5743 0.0000	</row0>
					<row1>	0.0000 1.2279 0.0000 0.0000	</row1>
					<row2>	0.5743 0.0000 -1.0853 0.0000	</row2>
					<row3>	0.3443 0.4569 4.1626 1.0000	</row3>
				</transform>
			</node>
			<node>
				<identifier>	MP_BM800_Ventilators_mushroom_INDEX_10	</identifier>
				<transform>
					<row0>	-0.7823 0.0000 0.3584 0.0000	</row0>
					<row1>	0.0000 0.8605 0.0000 0.0000	</row1>
					<row2>	-0.3584 0.0000 -0.7823 0.0000	</row2>
					<row3>	0.2792 0.4385 3.3943 1.0000	</row3>
				</transform>
			</node>
			<node>
				<identifier>	MP_BM800_Ventilators_mushroom_INDEX_11	</identifier>
				<transform>
					<row0>	-0.2639 0.0000 -0.8190 0.0000	</row0>
					<row1>	0.0000 0.8605 0.0000 0.0000	</row1>
					<row2>	0.8190 0.0000 -0.2639 0.0000	</row2>
					<row3>	0.3072 0.4415 3.4103 1.0000	</row3>
				</transform>
			</node>
			<node>
				<identifier>	MP_BM800_Ventilators_mushroom_INDEX_12	</identifier>
				<transform>
					<row0>	-1.0000 0.0000 0.0000 0.0000	</row0>
					<row1>	0.0000 1.0000 0.0000 0.0000	</row1>
					<row2>	0.0000 0.0000 -1.0000 0.0000	</row2>
					<row3>	-0.3385 0.4625 4.4903 1.0000	</row3>
				</transform>
			</node>
			<node>
				<identifier>	MP_BM800_Ventilators_mushroom_INDEX_13	</identifier>
				<transform>
					<row0>	-0.8477 0.0000 0.5305 0.0000	</row0>
					<row1>	0.0000 1.0000 0.0000 0.0000	</row1>
					<row2>	-0.5305 0.0000 -0.8477 0.0000	</row2>
					<row3>	0.2603 0.4817 4.8246 1.0000	</row3>
				</transform>
			</node>
			<node>
				<identifier>	MP_BM800_Ventilators_mushroom_INDEX_14	</identifier>
				<transform>
					<row0>	-0.8477 0.0000 -0.5305 0.0000	</row0>
					<row1>	0.0000 1.0000 0.0000 0.0000	</row1>
					<row2>	0.5305 0.0000 -0.8477 0.0000	</row2>
					<row3>	-0.2298 0.4874 4.9579 1.0000	</row3>
				</transform>
			</node>
			<node>
				<identifier>	MP_BM800_Ventilators_mushroom_INDEX_15	</identifier>
				<transform>
					<row0>	-0.8367 0.0000 0.0000 0.0000	</row0>
					<row1>	0.0000 1.0000 0.0000 0.0000	</row1>
					<row2>	0.0000 0.0000 -0.8367 0.0000	</row2>
					<row3>	0.1109 0.4596 4.2560 1.0000	</row3>
				</transform>
			</node>
			<node>
				<identifier>	MP_BM800_Ventilators_mushroom_INDEX_16	</identifier>
				<transform>
					<row0>	-1.0689 0.0000 0.0000 0.0000	</row0>
					<row1>	0.0000 1.2774 0.0000 0.0000	</row1>
					<row2>	0.0000 0.0000 -1.0689 0.0000	</row2>
					<row3>	0.0790 0.4596 4.2379 1.0000	</row3>
				</transform>
			</node>
			<node>
				<identifier>	MP_BM800_Ventilators_mushroom_INDEX_2	</identifier>
				<transform>
					<row0>	-1.0000 0.0000 0.0000 0.0000	</row0>
					<row1>	0.0000 1.0000 0.0000 0.0000	</row1>
					<row2>	0.0000 0.0000 -1.0000 0.0000	</row2>
					<row3>	-0.3494 0.4547 4.0807 1.0000	</row3>
				</transform>
			</node>
			<node>
				<identifier>	MP_BM800_Ventilators_mushroom_INDEX_3	</identifier>
				<transform>
					<row0>	-1.0000 0.0000 0.0000 0.0000	</row0>
					<row1>	0.0000 1.0000 0.0000 0.0000	</row1>
					<row2>	0.0000 0.0000 -1.0000 0.0000	</row2>
					<row3>	0.4086 0.4399 3.9557 1.0000	</row3>
				</transform>
			</node>
			<node>
				<identifier>	MP_BM800_Ventilators_mushroom_INDEX_4	</identifier>
				<transform>
					<row0>	-1.3795 0.0000 0.0000 0.0000	</row0>
					<row1>	0.0000 1.3795 0.0000 0.0000	</row1>
					<row2>	0.0000 0.0000 -1.3795 0.0000	</row2>
					<row3>	-0.0629 0.4606 4.3995 1.0000	</row3>
				</transform>
			</node>
			<node>
				<identifier>	MP_BM800_Ventilators_mushroom_INDEX_5	</identifier>
				<transform>
					<row0>	-1.0000 0.0000 0.0000 0.0000	</row0>
					<row1>	0.0000 1.0000 0.0000 0.0000	</row1>
					<row2>	0.0000 0.0000 -1.0000 0.0000	</row2>
					<row3>	0.0653 0.4596 4.4021 1.0000	</row3>
				</transform>
			</node>
			<node>
				<identifier>	MP_BM800_Ventilators_mushroom_INDEX_6	</identifier>
				<transform>
					<row0>	-1.0000 0.0000 0.0000 0.0000	</row0>
					<row1>	0.0000 1.0000 0.0000 0.0000	</row1>
					<row2>	0.0000 0.0000 -1.0000 0.0000	</row2>
					<row3>	-0.3110 0.4625 4.3834 1.0000	</row3>
				</transform>
			</node>
			<node>
				<identifier>	MP_BM800_Ventilators_mushroom_INDEX_7	</identifier>
				<transform>
					<row0>	-0.7077 0.0000 0.0000 0.0000	</row0>
					<row1>	0.0000 0.7077 0.0000 0.0000	</row1>
					<row2>	0.0000 0.0000 -0.7077 0.0000	</row2>
					<row3>	0.3701 0.4567 4.1269 1.0000	</row3>
				</transform>
			</node>
			<node>
				<identifier>	MP_BM800_Ventilators_mushroom_INDEX_8	</identifier>
				<transform>
					<row0>	-1.0000 0.0000 0.0000 0.0000	</row0>
					<row1>	0.0000 1.0000 0.0000 0.0000	</row1>
					<row2>	0.0000 0.0000 -1.0000 0.0000	</row2>
					<row3>	0.1115 0.5208 5.3750 1.0000	</row3>
				</transform>
			</node>
			<node>
				<identifier>	MP_BM800_Ventilators_mushroom_INDEX_9	</identifier>
				<transform>
					<row0>	-0.7534 0.0000 -0.4157 0.0000	</row0>
					<row1>	0.0000 0.8605 0.0000 0.0000	</row1>
					<row2>	0.4157 0.0000 -0.7534 0.0000	</row2>
					<row3>	0.2792 0.4385 3.4287 1.0000	</row3>
				</transform>
			</node>
			<node>
				<identifier>	MP_BM803_Ventilation_box	</identifier>
				<transform>
					<row0>	0.0000 0.0000 1.0000 0.0000	</row0>
					<row1>	0.0000 1.0000 0.0000 0.0000	</row1>
					<row2>	-1.0000 0.0000 0.0000 0.0000	</row2>
					<row3>	-0.1773 0.4687 4.1879 1.0000	</row3>
				</transform>
			</node>
			<node>
				<identifier>	MP_BM952_Bollard	</identifier>
				<transform>
					<row0>	0.9756 0.0380 -0.2165 0.0000	</row0>
					<row1>	-0.0476 0.9981 -0.0390 0.0000	</row1>
					<row2>	0.2146 0.0483 0.9755 0.0000	</row2>
					<row3>	-0.2655 0.4829 4.7035 1.0000	</row3>
				</transform>
			</node>
			<node>
				<identifier>	MP_BM952_Bollard_INDEX_1	</identifier>
				<transform>
					<row0>	0.9756 -0.0380 0.2165 0.0000	</row0>
					<row1>	0.0476 0.9981 -0.0390 0.0000	</row1>
					<row2>	-0.2146 0.0483 0.9755 0.0000	</row2>
					<row3>	0.2655 0.4829 4.7035 1.0000	</row3>
				</transform>
			</node>
			<node>
				<identifier>	MP_BM957_Anchor_Capstan_big	</identifier>
				<transform>
					<row0>	0.5000 0.0000 0.0000 0.0000	</row0>
					<row1>	0.0000 0.5000 0.0000 0.0000	</row1>
					<row2>	0.0000 0.0000 0.5000 0.0000	</row2>
					<row3>	0.0000 0.4962 4.7161 1.0000	</row3>
				</transform>
			</node>
			<node>
				<identifier>	MP_BM959_Anchor_WW2_top	</identifier>
				<transform>
					<row0>	0.9625 -0.1576 0.2210 0.0000	</row0>
					<row1>	0.2683 0.4281 -0.8630 0.0000	</row1>
					<row2>	0.0414 0.8899 0.4543 0.0000	</row2>
					<row3>	-0.1424 0.4060 5.4507 1.0000	</row3>
				</transform>
			</node>
			<node>
				<identifier>	MP_BM959_Anchor_WW2_top_INDEX_1	</identifier>
				<transform>
					<row0>	0.9625 0.1576 -0.2210 0.0000	</row0>
					<row1>	-0.2683 0.4281 -0.8630 0.0000	</row1>
					<row2>	-0.0414 0.8899 0.4543 0.0000	</row2>
					<row3>	0.1424 0.4060 5.4507 1.0000	</row3>
				</transform>
			</node>
			<node>
				<identifier>	MP_BM960_Anchor_WW2_down	</identifier>
				<transform>
					<row0>	0.9958 -0.0268 -0.0881 0.0000	</row0>
					<row1>	-0.0669 0.4473 -0.8919 0.0000	</row1>
					<row2>	0.0633 0.8940 0.4436 0.0000	</row2>
					<row3>	-0.1424 0.4060 5.4507 1.0000	</row3>
				</transform>
			</node>
			<node>
				<identifier>	MP_BM960_Anchor_WW2_down_INDEX_1	</identifier>
				<transform>
					<row0>	0.9958 0.0268 0.0881 0.0000	</row0>
					<row1>	0.0669 0.4473 -0.8919 0.0000	</row1>
					<row2>	-0.0633 0.8940 0.4436 0.0000	</row2>
					<row3>	0.1424 0.4060 5.4507 1.0000	</row3>
				</transform>
			</node>
			<node>
				<identifier>	MP_BM961_Anchor_Capstan_Cruiser_WW2_Bow	</identifier>
				<transform>
					<row0>	1.0000 0.0000 0.0000 0.0000	</row0>
					<row1>	0.0000 1.0000 0.0000 0.0000	</row1>
					<row2>	0.0000 0.0000 1.0000 0.0000	</row2>
					<row3>	-0.0860 0.5014 4.5788 1.0000	</row3>
				</transform>
			</node>
			<node>
				<identifier>	MP_BM961_Anchor_Capstan_Cruiser_WW2_Bow_INDEX_1	</identifier>
				<transform>
					<row0>	1.0000 0.0000 0.0000 0.0000	</row0>
					<row1>	0.0000 1.0000 0.0000 0.0000	</row1>
					<row2>	0.0000 0.0000 1.0000 0.0000	</row2>
					<row3>	0.0860 0.5014 4.5788 1.0000	</row3>
				</transform>
			</node>
			<node>
				<identifier>	MP_CM104_Life_Buoy	</identifier>
				<transform>
					<row0>	-0.1258 0.0000 0.9921 0.0000	</row0>
					<row1>	0.0000 1.0000 0.0000 0.0000	</row1>
					<row2>	-0.9921 0.0000 -0.1258 0.0000	</row2>
					<row3>	0.4637 0.5084 3.8869 1.0000	</row3>
				</transform>
			</node>
			<node>
				<identifier>	MP_CM104_Life_Buoy_INDEX_1	</identifier>
				<transform>
					<row0>	-0.1258 0.0000 -0.9921 0.0000	</row0>
					<row1>	0.0000 1.0000 0.0000 0.0000	</row1>
					<row2>	0.9921 0.0000 -0.1258 0.0000	</row2>
					<row3>	-0.4637 0.5084 3.8869 1.0000	</row3>
				</transform>
			</node>
			<node>
				<identifier>	MP_CM109_Leadsman_Platform	</identifier>
				<transform>
					<row0>	0.1434 -0.8073 0.0115 0.0000	</row0>
					<row1>	0.8047 0.1439 0.0645 0.0000	</row1>
					<row2>	-0.0655 0.0000 0.8174 0.0000	</row2>
					<row3>	0.5342 0.4409 3.4003 1.0000	</row3>
				</transform>
			</node>
			<node>
				<identifier>	MP_CM109_Leadsman_Platform_INDEX_1	</identifier>
				<transform>
					<row0>	-0.1432 -0.8073 0.0140 0.0000	</row0>
					<row1>	-0.8035 0.1439 0.0784 0.0000	</row1>
					<row2>	-0.0797 0.0000 -0.8161 0.0000	</row2>
					<row3>	-0.5342 0.4412 3.3999 1.0000	</row3>
				</transform>
			</node>
		</node>
	</node>
	<boundingBox>
		<min>	-0.0667 -0.0667 -0.0667	</min>
		<max>	0.0667 0.0667 0.0667	</max>
	</boundingBox>
</USC001_Mysore_1957_Bow_ports.visual>
