<ASC075_Congress_1944_Stern_ports.visual>
	<node>
		<identifier>	Scene Root	</identifier>
		<transform>
			<row0>	1.0000 0.0000 0.0000 0.0000	</row0>
			<row1>	0.0000 1.0000 0.0000 0.0000	</row1>
			<row2>	0.0000 0.0000 1.0000 0.0000	</row2>
			<row3>	0.0000 0.0000 0.0000 1.0000	</row3>
		</transform>
		<node>
			<identifier>	Stern_ports	</identifier>
			<transform>
				<row0>	1.0000 0.0000 0.0000 0.0000	</row0>
				<row1>	0.0000 1.0000 0.0000 0.0000	</row1>
				<row2>	0.0000 0.0000 1.0000 0.0000	</row2>
				<row3>	0.0000 0.0000 0.0000 1.0000	</row3>
			</transform>
			<node>
				<identifier>	HP_AD_18	</identifier>
				<transform>
					<row0>	-1.0000 0.0000 0.0000 0.0000	</row0>
					<row1>	0.0000 1.0000 0.0000 0.0000	</row1>
					<row2>	0.0000 0.0000 -1.0000 0.0000	</row2>
					<row3>	-0.1179 0.4273 -7.3958 1.0000	</row3>
				</transform>
			</node>
			<node>
				<identifier>	HP_AD_19	</identifier>
				<transform>
					<row0>	-1.0000 0.0000 0.0000 0.0000	</row0>
					<row1>	0.0000 1.0000 0.0000 0.0000	</row1>
					<row2>	0.0000 0.0000 -1.0000 0.0000	</row2>
					<row3>	0.1179 0.4273 -7.3958 1.0000	</row3>
				</transform>
			</node>
			<node>
				<identifier>	HP_AGA_25	</identifier>
				<transform>
					<row0>	-0.7071 0.0000 0.7071 0.0000	</row0>
					<row1>	0.0000 1.0000 0.0000 0.0000	</row1>
					<row2>	-0.7071 0.0000 -0.7071 0.0000	</row2>
					<row3>	-0.6477 0.2974 -5.0929 1.0000	</row3>
				</transform>
			</node>
			<node>
				<identifier>	HP_AGA_26	</identifier>
				<transform>
					<row0>	-0.7071 0.0000 -0.7071 0.0000	</row0>
					<row1>	0.0000 1.0000 0.0000 0.0000	</row1>
					<row2>	0.7071 0.0000 -0.7071 0.0000	</row2>
					<row3>	0.6477 0.2974 -5.0929 1.0000	</row3>
				</transform>
			</node>
			<node>
				<identifier>	HP_AGA_27	</identifier>
				<transform>
					<row0>	-0.7071 0.0000 0.7071 0.0000	</row0>
					<row1>	0.0000 1.0000 0.0000 0.0000	</row1>
					<row2>	-0.7071 0.0000 -0.7071 0.0000	</row2>
					<row3>	-0.6207 0.2980 -5.2923 1.0000	</row3>
				</transform>
			</node>
			<node>
				<identifier>	HP_AGA_28	</identifier>
				<transform>
					<row0>	-0.7071 0.0000 -0.7071 0.0000	</row0>
					<row1>	0.0000 1.0000 0.0000 0.0000	</row1>
					<row2>	0.7071 0.0000 -0.7071 0.0000	</row2>
					<row3>	0.6207 0.2980 -5.2923 1.0000	</row3>
				</transform>
			</node>
			<node>
				<identifier>	HP_AGA_29	</identifier>
				<transform>
					<row0>	-0.7071 0.0000 0.7071 0.0000	</row0>
					<row1>	0.0000 1.0000 0.0000 0.0000	</row1>
					<row2>	-0.7071 0.0000 -0.7071 0.0000	</row2>
					<row3>	-0.4916 0.3164 -6.4224 1.0000	</row3>
				</transform>
			</node>
			<node>
				<identifier>	HP_AGA_30	</identifier>
				<transform>
					<row0>	-0.7071 0.0000 -0.7071 0.0000	</row0>
					<row1>	0.0000 1.0000 0.0000 0.0000	</row1>
					<row2>	0.7071 0.0000 -0.7071 0.0000	</row2>
					<row3>	0.4916 0.3164 -6.4224 1.0000	</row3>
				</transform>
			</node>
			<node>
				<identifier>	HP_AGA_31	</identifier>
				<transform>
					<row0>	-0.7071 0.0000 0.7071 0.0000	</row0>
					<row1>	0.0000 1.0000 0.0000 0.0000	</row1>
					<row2>	-0.7071 0.0000 -0.7071 0.0000	</row2>
					<row3>	-0.4646 0.3204 -6.6217 1.0000	</row3>
				</transform>
			</node>
			<node>
				<identifier>	HP_AGA_32	</identifier>
				<transform>
					<row0>	-0.7071 0.0000 -0.7071 0.0000	</row0>
					<row1>	0.0000 1.0000 0.0000 0.0000	</row1>
					<row2>	0.7071 0.0000 -0.7071 0.0000	</row2>
					<row3>	0.4646 0.3204 -6.6217 1.0000	</row3>
				</transform>
			</node>
			<node>
				<identifier>	HP_AGA_33	</identifier>
				<transform>
					<row0>	-1.0000 0.0000 0.0000 0.0000	</row0>
					<row1>	0.0000 1.0000 0.0000 0.0000	</row1>
					<row2>	0.0000 0.0000 -1.0000 0.0000	</row2>
					<row3>	-0.2673 0.2944 -7.8818 1.0000	</row3>
				</transform>
			</node>
			<node>
				<identifier>	HP_AGA_34	</identifier>
				<transform>
					<row0>	-1.0000 0.0000 0.0000 0.0000	</row0>
					<row1>	0.0000 1.0000 0.0000 0.0000	</row1>
					<row2>	0.0000 0.0000 -1.0000 0.0000	</row2>
					<row3>	0.2673 0.2944 -7.8818 1.0000	</row3>
				</transform>
			</node>
			<node>
				<identifier>	HP_AGM_3	</identifier>
				<transform>
					<row0>	-1.0000 0.0000 0.0000 0.0000	</row0>
					<row1>	0.0000 1.0000 0.0000 0.0000	</row1>
					<row2>	0.0000 0.0000 -1.0000 0.0000	</row2>
					<row3>	0.0000 0.3801 -4.0856 1.0000	</row3>
				</transform>
			</node>
			<node>
				<identifier>	HP_FX_Death_3	</identifier>
				<transform>
					<row0>	1.0000 0.0000 0.0000 0.0000	</row0>
					<row1>	0.0000 1.0000 0.0000 0.0000	</row1>
					<row2>	0.0000 0.0000 1.0000 0.0000	</row2>
					<row3>	0.0000 0.0000 -4.9042 1.0000	</row3>
				</transform>
			</node>
			<node>
				<identifier>	HP_FX_Fire_4	</identifier>
				<transform>
					<row0>	1.0000 0.0000 0.0000 0.0000	</row0>
					<row1>	0.0000 1.0000 0.0000 0.0000	</row1>
					<row2>	0.0000 0.0000 1.0000 0.0000	</row2>
					<row3>	0.0000 0.2916 -5.5972 1.0000	</row3>
				</transform>
			</node>
			<node>
				<identifier>	HP_FX_Flood_water_left_1	</identifier>
				<transform>
					<row0>	-0.9971 0.0000 -0.0763 0.0000	</row0>
					<row1>	0.0000 1.0000 0.0000 0.0000	</row1>
					<row2>	0.0763 0.0000 -0.9971 0.0000	</row2>
					<row3>	-0.8217 0.0432 -4.6442 1.0000	</row3>
				</transform>
			</node>
			<node>
				<identifier>	HP_FX_Flood_water_left_2	</identifier>
				<transform>
					<row0>	-0.9938 0.0000 -0.1111 0.0000	</row0>
					<row1>	0.0000 1.0000 0.0000 0.0000	</row1>
					<row2>	0.1111 0.0000 -0.9938 0.0000	</row2>
					<row3>	-0.8045 0.0416 -4.8573 1.0000	</row3>
				</transform>
			</node>
			<node>
				<identifier>	HP_FX_Flood_water_right_1	</identifier>
				<transform>
					<row0>	0.9976 0.0000 -0.0696 0.0000	</row0>
					<row1>	0.0000 1.0000 0.0000 0.0000	</row1>
					<row2>	0.0696 0.0000 0.9976 0.0000	</row2>
					<row3>	0.8215 0.0420 -4.6434 1.0000	</row3>
				</transform>
			</node>
			<node>
				<identifier>	HP_FX_Flood_water_right_2	</identifier>
				<transform>
					<row0>	0.9966 0.0000 -0.0821 0.0000	</row0>
					<row1>	0.0000 1.0000 0.0000 0.0000	</row1>
					<row2>	0.0821 0.0000 0.9966 0.0000	</row2>
					<row3>	0.8046 0.0418 -4.8567 1.0000	</row3>
				</transform>
			</node>
			<node>
				<identifier>	HP_FX_RepairLight_left_2	</identifier>
				<transform>
					<row0>	-0.0360 0.0000 0.9994 0.0000	</row0>
					<row1>	0.0000 1.0000 0.0000 0.0000	</row1>
					<row2>	-0.9994 0.0000 -0.0360 0.0000	</row2>
					<row3>	-0.8883 0.2984 -3.8037 1.0000	</row3>
				</transform>
			</node>
			<node>
				<identifier>	HP_FX_WakeTraceBack	</identifier>
				<transform>
					<row0>	1.0000 0.0000 0.0000 0.0000	</row0>
					<row1>	0.0000 1.0000 0.0000 0.0000	</row1>
					<row2>	0.0000 0.0000 1.0000 0.0000	</row2>
					<row3>	0.0000 0.0000 -8.0285 1.0000	</row3>
				</transform>
			</node>
			<node>
				<identifier>	HP_FX_WakeTrace_screw_1	</identifier>
				<transform>
					<row0>	1.0000 0.0000 0.0000 0.0000	</row0>
					<row1>	0.0000 1.0000 0.0000 0.0000	</row1>
					<row2>	0.0000 0.0000 1.0000 0.0000	</row2>
					<row3>	-0.5767 -0.4322 -5.5744 1.0000	</row3>
				</transform>
			</node>
			<node>
				<identifier>	HP_FX_WakeTrace_screw_2	</identifier>
				<transform>
					<row0>	1.0000 0.0000 0.0000 0.0000	</row0>
					<row1>	0.0000 1.0000 0.0000 0.0000	</row1>
					<row2>	0.0000 0.0000 1.0000 0.0000	</row2>
					<row3>	-0.3156 -0.4459 -6.4732 1.0000	</row3>
				</transform>
			</node>
			<node>
				<identifier>	HP_FX_WakeTrace_screw_3	</identifier>
				<transform>
					<row0>	1.0000 0.0000 0.0000 0.0000	</row0>
					<row1>	0.0000 1.0000 0.0000 0.0000	</row1>
					<row2>	0.0000 0.0000 1.0000 0.0000	</row2>
					<row3>	0.3158 -0.4458 -6.4728 1.0000	</row3>
				</transform>
			</node>
			<node>
				<identifier>	HP_FX_WakeTrace_screw_4	</identifier>
				<transform>
					<row0>	1.0000 0.0000 0.0000 0.0000	</row0>
					<row1>	0.0000 1.0000 0.0000 0.0000	</row1>
					<row2>	0.0000 0.0000 1.0000 0.0000	</row2>
					<row3>	0.5767 -0.4318 -5.5742 1.0000	</row3>
				</transform>
			</node>
			<node>
				<identifier>	HP_Ship_death_3	</identifier>
				<transform>
					<row0>	1.0000 0.0000 0.0000 0.0000	</row0>
					<row1>	0.0000 1.0000 0.0000 0.0000	</row1>
					<row2>	0.0000 0.0000 1.0000 0.0000	</row2>
					<row3>	0.0000 0.0000 -3.4079 1.0000	</row3>
				</transform>
			</node>
			<node>
				<identifier>	MP_AM006_Reels_1	</identifier>
				<transform>
					<row0>	1.4656 0.0000 0.0000 0.0000	</row0>
					<row1>	0.0000 1.4652 0.0318 0.0000	</row1>
					<row2>	0.0000 -0.0318 1.4652 0.0000	</row2>
					<row3>	0.0992 0.3208 -7.0256 1.0000	</row3>
				</transform>
			</node>
			<node>
				<identifier>	MP_AM029_Ammunition_Box3	</identifier>
				<transform>
					<row0>	-0.7878 0.0000 0.6160 0.0000	</row0>
					<row1>	0.0000 1.0000 0.0000 0.0000	</row1>
					<row2>	-0.6160 0.0000 -0.7878 0.0000	</row2>
					<row3>	-0.5573 0.2966 -4.9773 1.0000	</row3>
				</transform>
			</node>
			<node>
				<identifier>	MP_AM029_Ammunition_Box3_INDEX_1	</identifier>
				<transform>
					<row0>	1.0000 0.0000 0.0000 0.0000	</row0>
					<row1>	0.0000 1.0000 0.0000 0.0000	</row1>
					<row2>	0.0000 0.0000 1.0000 0.0000	</row2>
					<row3>	-0.6667 0.2988 -5.4546 1.0000	</row3>
				</transform>
			</node>
			<node>
				<identifier>	MP_AM029_Ammunition_Box3_INDEX_2	</identifier>
				<transform>
					<row0>	1.0000 0.0000 0.0000 0.0000	</row0>
					<row1>	0.0000 1.0000 0.0000 0.0000	</row1>
					<row2>	0.0000 0.0000 1.0000 0.0000	</row2>
					<row3>	0.6667 0.2988 -5.4546 1.0000	</row3>
				</transform>
			</node>
			<node>
				<identifier>	MP_AM029_Ammunition_Box3_INDEX_3	</identifier>
				<transform>
					<row0>	-0.7878 0.0000 -0.6160 0.0000	</row0>
					<row1>	0.0000 1.0000 0.0000 0.0000	</row1>
					<row2>	0.6160 0.0000 -0.7878 0.0000	</row2>
					<row3>	0.5573 0.2966 -4.9773 1.0000	</row3>
				</transform>
			</node>
			<node>
				<identifier>	MP_AM029_Ammunition_Box3_INDEX_4	</identifier>
				<transform>
					<row0>	1.0000 0.0000 0.0000 0.0000	</row0>
					<row1>	0.0000 0.9996 0.0295 0.0000	</row1>
					<row2>	0.0000 -0.0295 0.9996 0.0000	</row2>
					<row3>	-0.5103 0.3181 -6.7832 1.0000	</row3>
				</transform>
			</node>
			<node>
				<identifier>	MP_AM029_Ammunition_Box3_INDEX_5	</identifier>
				<transform>
					<row0>	-0.7878 -0.0062 0.6159 0.0000	</row0>
					<row1>	0.0032 0.9999 0.0141 0.0000	</row1>
					<row2>	-0.6159 0.0131 -0.7877 0.0000	</row2>
					<row3>	-0.4009 0.3100 -6.3059 1.0000	</row3>
				</transform>
			</node>
			<node>
				<identifier>	MP_AM029_Ammunition_Box3_INDEX_6	</identifier>
				<transform>
					<row0>	1.0000 0.0000 0.0000 0.0000	</row0>
					<row1>	0.0000 0.9996 0.0295 0.0000	</row1>
					<row2>	0.0000 -0.0295 0.9996 0.0000	</row2>
					<row3>	0.5103 0.3181 -6.7832 1.0000	</row3>
				</transform>
			</node>
			<node>
				<identifier>	MP_AM029_Ammunition_Box3_INDEX_7	</identifier>
				<transform>
					<row0>	-0.7878 0.0062 -0.6159 0.0000	</row0>
					<row1>	-0.0032 0.9999 0.0141 0.0000	</row1>
					<row2>	0.6159 0.0131 -0.7877 0.0000	</row2>
					<row3>	0.4009 0.3100 -6.3059 1.0000	</row3>
				</transform>
			</node>
			<node>
				<identifier>	MP_AM049_Signal_Lamp_1	</identifier>
				<transform>
					<row0>	1.0000 0.0000 0.0000 0.0000	</row0>
					<row1>	0.0000 1.0000 0.0000 0.0000	</row1>
					<row2>	0.0000 0.0000 1.0000 0.0000	</row2>
					<row3>	0.0718 0.4275 -8.0794 1.0000	</row3>
				</transform>
			</node>
			<node>
				<identifier>	MP_AM057_Boat_3	</identifier>
				<transform>
					<row0>	-0.9944 0.0018 -0.1058 0.0000	</row0>
					<row1>	0.0003 0.9999 0.0142 0.0000	</row1>
					<row2>	0.1058 0.0141 -0.9943 0.0000	</row2>
					<row3>	-0.5544 0.3079 -6.0932 1.0000	</row3>
				</transform>
			</node>
			<node>
				<identifier>	MP_AM057_Boat_3_INDEX_1	</identifier>
				<transform>
					<row0>	-0.9910 -0.0015 0.1340 0.0000	</row0>
					<row1>	0.0000 0.9999 0.0112 0.0000	</row1>
					<row2>	-0.1340 0.0110 -0.9909 0.0000	</row2>
					<row3>	0.5650 0.3026 -5.6899 1.0000	</row3>
				</transform>
			</node>
			<node>
				<identifier>	MP_AM057_Boat_3_INDEX_10	</identifier>
				<transform>
					<row0>	0.0631 0.0043 -0.9980 0.0000	</row0>
					<row1>	-0.0003 1.0000 0.0043 0.0000	</row1>
					<row2>	0.9980 0.0000 0.0631 0.0000	</row2>
					<row3>	-0.7225 0.2959 -4.4101 1.0000	</row3>
				</transform>
			</node>
			<node>
				<identifier>	MP_AM057_Boat_3_INDEX_11	</identifier>
				<transform>
					<row0>	0.0631 0.0038 -0.9980 0.0000	</row0>
					<row1>	-0.0002 1.0000 0.0038 0.0000	</row1>
					<row2>	0.9980 0.0000 0.0631 0.0000	</row2>
					<row3>	-0.7060 0.2966 -4.6227 1.0000	</row3>
				</transform>
			</node>
			<node>
				<identifier>	MP_AM057_Boat_3_INDEX_12	</identifier>
				<transform>
					<row0>	0.0631 0.0043 -0.9980 0.0000	</row0>
					<row1>	-0.0003 1.0000 0.0043 0.0000	</row1>
					<row2>	0.9980 0.0000 0.0631 0.0000	</row2>
					<row3>	-0.6918 0.2969 -4.8318 1.0000	</row3>
				</transform>
			</node>
			<node>
				<identifier>	MP_AM057_Boat_3_INDEX_2	</identifier>
				<transform>
					<row0>	-0.9910 0.0015 -0.1340 0.0000	</row0>
					<row1>	0.0000 0.9999 0.0112 0.0000	</row1>
					<row2>	0.1340 0.0110 -0.9909 0.0000	</row2>
					<row3>	-0.5650 0.3026 -5.6899 1.0000	</row3>
				</transform>
			</node>
			<node>
				<identifier>	MP_AM057_Boat_3_INDEX_3	</identifier>
				<transform>
					<row0>	-0.9944 -0.0018 0.1058 0.0000	</row0>
					<row1>	-0.0003 0.9999 0.0142 0.0000	</row1>
					<row2>	-0.1058 0.0141 -0.9943 0.0000	</row2>
					<row3>	0.5544 0.3079 -6.0932 1.0000	</row3>
				</transform>
			</node>
			<node>
				<identifier>	MP_AM057_Boat_3_INDEX_4	</identifier>
				<transform>
					<row0>	1.0000 0.0000 0.0000 0.0000	</row0>
					<row1>	0.0000 1.0000 0.0000 0.0000	</row1>
					<row2>	0.0000 0.0000 1.0000 0.0000	</row2>
					<row3>	0.0003 0.4791 -6.5236 1.0000	</row3>
				</transform>
			</node>
			<node>
				<identifier>	MP_AM057_Boat_3_INDEX_5	</identifier>
				<transform>
					<row0>	0.0631 -0.0038 0.9980 0.0000	</row0>
					<row1>	0.0002 1.0000 0.0038 0.0000	</row1>
					<row2>	-0.9980 0.0000 0.0631 0.0000	</row2>
					<row3>	0.7060 0.2966 -4.6227 1.0000	</row3>
				</transform>
			</node>
			<node>
				<identifier>	MP_AM057_Boat_3_INDEX_6	</identifier>
				<transform>
					<row0>	0.0631 -0.0043 0.9980 0.0000	</row0>
					<row1>	0.0003 1.0000 0.0043 0.0000	</row1>
					<row2>	-0.9980 0.0000 0.0631 0.0000	</row2>
					<row3>	0.6918 0.2969 -4.8318 1.0000	</row3>
				</transform>
			</node>
			<node>
				<identifier>	MP_AM057_Boat_3_INDEX_7	</identifier>
				<transform>
					<row0>	0.0631 -0.0038 0.9980 0.0000	</row0>
					<row1>	0.0002 1.0000 0.0038 0.0000	</row1>
					<row2>	-0.9980 0.0000 0.0631 0.0000	</row2>
					<row3>	0.7324 0.2955 -4.2009 1.0000	</row3>
				</transform>
			</node>
			<node>
				<identifier>	MP_AM057_Boat_3_INDEX_8	</identifier>
				<transform>
					<row0>	0.0631 -0.0043 0.9980 0.0000	</row0>
					<row1>	0.0003 1.0000 0.0043 0.0000	</row1>
					<row2>	-0.9980 0.0000 0.0631 0.0000	</row2>
					<row3>	0.7225 0.2959 -4.4101 1.0000	</row3>
				</transform>
			</node>
			<node>
				<identifier>	MP_AM057_Boat_3_INDEX_9	</identifier>
				<transform>
					<row0>	0.0631 0.0038 -0.9980 0.0000	</row0>
					<row1>	-0.0002 1.0000 0.0038 0.0000	</row1>
					<row2>	0.9980 0.0000 0.0631 0.0000	</row2>
					<row3>	-0.7324 0.2955 -4.2009 1.0000	</row3>
				</transform>
			</node>
			<node>
				<identifier>	MP_AM108_Reels_4	</identifier>
				<transform>
					<row0>	0.9033 0.0000 0.4291 0.0000	</row0>
					<row1>	0.0000 1.0000 0.0000 0.0000	</row1>
					<row2>	-0.4291 0.0000 0.9033 0.0000	</row2>
					<row3>	0.2626 0.2982 -5.0704 1.0000	</row3>
				</transform>
			</node>
			<node>
				<identifier>	MP_AM108_Reels_4_INDEX_1	</identifier>
				<transform>
					<row0>	1.0000 0.0000 0.0000 0.0000	</row0>
					<row1>	0.0000 1.0000 0.0000 0.0000	</row1>
					<row2>	0.0000 0.0000 1.0000 0.0000	</row2>
					<row3>	0.0000 0.2987 -5.1236 1.0000	</row3>
				</transform>
			</node>
			<node>
				<identifier>	MP_AM108_Reels_4_INDEX_2	</identifier>
				<transform>
					<row0>	0.9033 0.0000 -0.4291 0.0000	</row0>
					<row1>	0.0000 1.0000 0.0000 0.0000	</row1>
					<row2>	0.4291 0.0000 0.9033 0.0000	</row2>
					<row3>	-0.2626 0.2982 -5.0704 1.0000	</row3>
				</transform>
			</node>
			<node>
				<identifier>	MP_AM129_Turtles_box	</identifier>
				<transform>
					<row0>	0.0000 0.0000 -1.0000 0.0000	</row0>
					<row1>	0.0000 1.0000 0.0000 0.0000	</row1>
					<row2>	1.0000 0.0000 0.0000 0.0000	</row2>
					<row3>	0.0929 0.3637 -6.6820 1.0000	</row3>
				</transform>
			</node>
			<node>
				<identifier>	MP_AM129_Turtles_box_INDEX_1	</identifier>
				<transform>
					<row0>	0.9540 0.0000 -0.2997 0.0000	</row0>
					<row1>	0.0000 1.0000 0.0000 0.0000	</row1>
					<row2>	0.2997 0.0000 0.9540 0.0000	</row2>
					<row3>	-0.1752 0.3342 -7.7550 1.0000	</row3>
				</transform>
			</node>
			<node>
				<identifier>	MP_AM129_Turtles_box_INDEX_2	</identifier>
				<transform>
					<row0>	-0.1334 0.0000 -0.9911 0.0000	</row0>
					<row1>	0.0000 1.0000 0.0000 0.0000	</row1>
					<row2>	0.9911 0.0000 -0.1334 0.0000	</row2>
					<row3>	0.5430 0.3156 -5.1321 1.0000	</row3>
				</transform>
			</node>
			<node>
				<identifier>	MP_AM129_Turtles_box_INDEX_3	</identifier>
				<transform>
					<row0>	0.9540 0.0000 0.2997 0.0000	</row0>
					<row1>	0.0000 1.0000 0.0000 0.0000	</row1>
					<row2>	-0.2997 0.0000 0.9540 0.0000	</row2>
					<row3>	0.1752 0.3342 -7.7550 1.0000	</row3>
				</transform>
			</node>
			<node>
				<identifier>	MP_AM157_Telephone	</identifier>
				<transform>
					<row0>	0.3871 0.0000 -0.9220 0.0000	</row0>
					<row1>	0.0000 1.0000 0.0000 0.0000	</row1>
					<row2>	0.9220 0.0000 0.3871 0.0000	</row2>
					<row3>	-0.1170 0.3724 -7.8405 1.0000	</row3>
				</transform>
			</node>
			<node>
				<identifier>	MP_AM157_Telephone_INDEX_1	</identifier>
				<transform>
					<row0>	0.3871 0.0000 0.9220 0.0000	</row0>
					<row1>	0.0000 1.0000 0.0000 0.0000	</row1>
					<row2>	-0.9220 0.0000 0.3871 0.0000	</row2>
					<row3>	0.1170 0.3724 -7.8405 1.0000	</row3>
				</transform>
			</node>
			<node>
				<identifier>	MP_AM250_Ammunition_Box	</identifier>
				<transform>
					<row0>	0.1301 0.0000 0.9915 0.0000	</row0>
					<row1>	0.0000 1.0000 0.0000 0.0000	</row1>
					<row2>	-0.9915 0.0000 0.1301 0.0000	</row2>
					<row3>	0.7204 0.2976 -5.2002 1.0000	</row3>
				</transform>
			</node>
			<node>
				<identifier>	MP_AM250_Ammunition_Box_INDEX_1	</identifier>
				<transform>
					<row0>	0.1301 0.0000 -0.9915 0.0000	</row0>
					<row1>	0.0000 1.0000 0.0000 0.0000	</row1>
					<row2>	0.9915 0.0000 0.1301 0.0000	</row2>
					<row3>	-0.7204 0.2976 -5.2002 1.0000	</row3>
				</transform>
			</node>
			<node>
				<identifier>	MP_AM250_Ammunition_Box_INDEX_2	</identifier>
				<transform>
					<row0>	0.1301 0.0000 -0.9915 0.0000	</row0>
					<row1>	0.0000 1.0000 0.0000 0.0000	</row1>
					<row2>	0.9915 0.0000 0.1301 0.0000	</row2>
					<row3>	-0.5640 0.3129 -6.5288 1.0000	</row3>
				</transform>
			</node>
			<node>
				<identifier>	MP_AM250_Ammunition_Box_INDEX_3	</identifier>
				<transform>
					<row0>	0.1301 0.0000 0.9915 0.0000	</row0>
					<row1>	0.0000 1.0000 0.0000 0.0000	</row1>
					<row2>	-0.9915 0.0000 0.1301 0.0000	</row2>
					<row3>	0.5640 0.3129 -6.5288 1.0000	</row3>
				</transform>
			</node>
			<node>
				<identifier>	MP_AM303_Hatch	</identifier>
				<transform>
					<row0>	1.0000 0.0000 0.0000 0.0000	</row0>
					<row1>	0.0000 1.0000 0.0000 0.0000	</row1>
					<row2>	0.0000 0.0000 1.0000 0.0000	</row2>
					<row3>	-0.0395 0.2975 -4.9396 1.0000	</row3>
				</transform>
			</node>
			<node>
				<identifier>	MP_AM303_Hatch_INDEX_1	</identifier>
				<transform>
					<row0>	1.0000 0.0000 0.0000 0.0000	</row0>
					<row1>	0.0000 0.9999 0.0144 0.0000	</row1>
					<row2>	0.0000 -0.0144 0.9999 0.0000	</row2>
					<row3>	0.3323 0.3051 -6.0470 1.0000	</row3>
				</transform>
			</node>
			<node>
				<identifier>	MP_AM303_Hatch_INDEX_2	</identifier>
				<transform>
					<row0>	1.0000 0.0000 0.0000 0.0000	</row0>
					<row1>	0.0000 0.9999 0.0144 0.0000	</row1>
					<row2>	0.0000 -0.0144 0.9999 0.0000	</row2>
					<row3>	0.4187 0.2926 -3.4573 1.0000	</row3>
				</transform>
			</node>
			<node>
				<identifier>	MP_AM303_Hatch_INDEX_3	</identifier>
				<transform>
					<row0>	1.0000 0.0000 0.0000 0.0000	</row0>
					<row1>	0.0000 0.9999 0.0144 0.0000	</row1>
					<row2>	0.0000 -0.0144 0.9999 0.0000	</row2>
					<row3>	-0.3170 0.3051 -6.0470 1.0000	</row3>
				</transform>
			</node>
			<node>
				<identifier>	MP_AM303_Hatch_INDEX_4	</identifier>
				<transform>
					<row0>	1.0000 0.0000 0.0000 0.0000	</row0>
					<row1>	0.0000 1.0000 0.0000 0.0000	</row1>
					<row2>	0.0000 0.0000 1.0000 0.0000	</row2>
					<row3>	-0.1214 0.2975 -5.3449 1.0000	</row3>
				</transform>
			</node>
			<node>
				<identifier>	MP_AM303_Hatch_INDEX_5	</identifier>
				<transform>
					<row0>	1.0000 0.0000 0.0000 0.0000	</row0>
					<row1>	0.0000 0.9999 0.0144 0.0000	</row1>
					<row2>	0.0000 -0.0144 0.9999 0.0000	</row2>
					<row3>	0.2877 0.3181 -6.9493 1.0000	</row3>
				</transform>
			</node>
			<node>
				<identifier>	MP_AM352_Stern_Light	</identifier>
				<transform>
					<row0>	0.0000 0.0000 -1.0000 0.0000	</row0>
					<row1>	0.0000 1.0000 0.0000 0.0000	</row1>
					<row2>	1.0000 0.0000 0.0000 0.0000	</row2>
					<row3>	0.0718 0.3283 -8.0915 1.0000	</row3>
				</transform>
			</node>
			<node>
				<identifier>	MP_AM442_Multipole_Switch	</identifier>
				<transform>
					<row0>	-0.8326 0.0000 0.5539 0.0000	</row0>
					<row1>	0.0000 1.0000 0.0000 0.0000	</row1>
					<row2>	-0.5539 0.0000 -0.8326 0.0000	</row2>
					<row3>	0.1529 0.4710 -7.3429 1.0000	</row3>
				</transform>
			</node>
			<node>
				<identifier>	MP_AM442_Multipole_Switch_INDEX_1	</identifier>
				<transform>
					<row0>	0.0000 0.0000 1.0000 0.0000	</row0>
					<row1>	0.0000 1.0000 0.0000 0.0000	</row1>
					<row2>	-1.0000 0.0000 0.0000 0.0000	</row2>
					<row3>	-0.1150 0.3302 -7.8639 1.0000	</row3>
				</transform>
			</node>
			<node>
				<identifier>	MP_AM442_Multipole_Switch_INDEX_2	</identifier>
				<transform>
					<row0>	-0.8326 0.0000 -0.5539 0.0000	</row0>
					<row1>	0.0000 1.0000 0.0000 0.0000	</row1>
					<row2>	0.5539 0.0000 -0.8326 0.0000	</row2>
					<row3>	-0.1529 0.4710 -7.3429 1.0000	</row3>
				</transform>
			</node>
			<node>
				<identifier>	MP_AM442_Multipole_Switch_INDEX_3	</identifier>
				<transform>
					<row0>	0.0000 0.0000 -1.0000 0.0000	</row0>
					<row1>	0.0000 1.0000 0.0000 0.0000	</row1>
					<row2>	1.0000 0.0000 0.0000 0.0000	</row2>
					<row3>	0.1150 0.3302 -7.8639 1.0000	</row3>
				</transform>
			</node>
			<node>
				<identifier>	MP_AM442_Multipole_Switch_INDEX_4	</identifier>
				<transform>
					<row0>	0.7532 0.0000 0.6578 0.0000	</row0>
					<row1>	0.0000 1.0000 0.0000 0.0000	</row1>
					<row2>	-0.6578 0.0000 0.7532 0.0000	</row2>
					<row3>	0.3033 0.5594 5.6906 1.0000	</row3>
				</transform>
			</node>
			<node>
				<identifier>	MP_AM442_Multipole_Switch_INDEX_5	</identifier>
				<transform>
					<row0>	0.7532 0.0000 -0.6578 0.0000	</row0>
					<row1>	0.0000 1.0000 0.0000 0.0000	</row1>
					<row2>	0.6578 0.0000 0.7532 0.0000	</row2>
					<row3>	-0.3033 0.5594 5.6906 1.0000	</row3>
				</transform>
			</node>
			<node>
				<identifier>	MP_AM686_Floater_Net_Basket_Wide	</identifier>
				<transform>
					<row0>	1.0000 0.0000 0.0000 0.0000	</row0>
					<row1>	0.0000 1.0000 0.0000 0.0000	</row1>
					<row2>	0.0000 0.0000 1.0000 0.0000	</row2>
					<row3>	0.0000 0.2941 -3.6703 1.0000	</row3>
				</transform>
			</node>
			<node>
				<identifier>	MP_CM002_Propeller4_L	</identifier>
				<transform>
					<row0>	1.0429 0.0000 -0.0137 0.0000	</row0>
					<row1>	-0.0002 1.0429 -0.0155 0.0000	</row1>
					<row2>	0.0137 0.0155 1.0428 0.0000	</row2>
					<row3>	-0.5738 -0.4343 -5.5747 1.0000	</row3>
				</transform>
			</node>
			<node>
				<identifier>	MP_CM002_Propeller4_L_INDEX_1	</identifier>
				<transform>
					<row0>	1.0430 -0.0004 -0.0090 0.0000	</row0>
					<row1>	0.0000 1.0421 -0.0441 0.0000	</row1>
					<row2>	0.0091 0.0441 1.0420 0.0000	</row2>
					<row3>	-0.3144 -0.4472 -6.4752 1.0000	</row3>
				</transform>
			</node>
			<node>
				<identifier>	MP_CM010_Fire_Hose_Reel	</identifier>
				<transform>
					<row0>	-1.0000 0.0000 0.0000 0.0000	</row0>
					<row1>	0.0000 1.0000 0.0000 0.0000	</row1>
					<row2>	0.0000 0.0000 -1.0000 0.0000	</row2>
					<row3>	0.0909 0.4209 -6.4235 1.0000	</row3>
				</transform>
			</node>
			<node>
				<identifier>	MP_CM010_Fire_Hose_Reel_INDEX_1	</identifier>
				<transform>
					<row0>	1.0000 0.0000 0.0000 0.0000	</row0>
					<row1>	0.0000 1.0000 0.0000 0.0000	</row1>
					<row2>	0.0000 0.0000 1.0000 0.0000	</row2>
					<row3>	-0.0909 0.4209 -6.4235 1.0000	</row3>
				</transform>
			</node>
			<node>
				<identifier>	MP_CM011_Fire_Fighting_Gear	</identifier>
				<transform>
					<row0>	0.0000 0.0000 1.0000 0.0000	</row0>
					<row1>	0.0000 1.0000 0.0000 0.0000	</row1>
					<row2>	-1.0000 0.0000 0.0000 0.0000	</row2>
					<row3>	0.1033 0.3102 -6.3220 1.0000	</row3>
				</transform>
			</node>
			<node>
				<identifier>	MP_CM011_Fire_Fighting_Gear_INDEX_1	</identifier>
				<transform>
					<row0>	0.0000 0.0000 -1.0000 0.0000	</row0>
					<row1>	0.0000 1.0000 0.0000 0.0000	</row1>
					<row2>	1.0000 0.0000 0.0000 0.0000	</row2>
					<row3>	-0.1033 0.3102 -6.3220 1.0000	</row3>
				</transform>
			</node>
			<node>
				<identifier>	MP_CM012_Fire_Hose_Rack_1	</identifier>
				<transform>
					<row0>	-1.0000 0.0000 0.0000 0.0000	</row0>
					<row1>	0.0000 1.0000 0.0000 0.0000	</row1>
					<row2>	0.0000 0.0000 -1.0000 0.0000	</row2>
					<row3>	0.0917 0.3679 -6.3464 1.0000	</row3>
				</transform>
			</node>
			<node>
				<identifier>	MP_CM012_Fire_Hose_Rack_1_INDEX_1	</identifier>
				<transform>
					<row0>	1.0000 0.0000 0.0000 0.0000	</row0>
					<row1>	0.0000 1.0000 0.0000 0.0000	</row1>
					<row2>	0.0000 0.0000 1.0000 0.0000	</row2>
					<row3>	-0.0917 0.3679 -6.3517 1.0000	</row3>
				</transform>
			</node>
			<node>
				<identifier>	MP_CM029_Emergency_Box	</identifier>
				<transform>
					<row0>	1.0000 0.0000 0.0000 0.0000	</row0>
					<row1>	0.0000 1.0000 0.0000 0.0000	</row1>
					<row2>	0.0000 0.0000 1.0000 0.0000	</row2>
					<row3>	0.0558 0.3883 -6.7228 1.0000	</row3>
				</transform>
			</node>
			<node>
				<identifier>	MP_CM029_Emergency_Box_INDEX_1	</identifier>
				<transform>
					<row0>	0.0000 0.0000 -1.0000 0.0000	</row0>
					<row1>	0.0000 1.0000 0.0000 0.0000	</row1>
					<row2>	1.0000 0.0000 0.0000 0.0000	</row2>
					<row3>	-0.1210 0.3610 -7.8690 1.0000	</row3>
				</transform>
			</node>
			<node>
				<identifier>	MP_CM029_Emergency_Box_INDEX_2	</identifier>
				<transform>
					<row0>	-1.0000 0.0000 0.0000 0.0000	</row0>
					<row1>	0.0000 1.0000 0.0000 0.0000	</row1>
					<row2>	0.0000 0.0000 -1.0000 0.0000	</row2>
					<row3>	0.0562 0.4056 -6.3060 1.0000	</row3>
				</transform>
			</node>
			<node>
				<identifier>	MP_CM029_Emergency_Box_INDEX_3	</identifier>
				<transform>
					<row0>	-1.0000 0.0000 0.0000 0.0000	</row0>
					<row1>	0.0000 1.0000 0.0000 0.0000	</row1>
					<row2>	0.0000 0.0000 -1.0000 0.0000	</row2>
					<row3>	-0.0562 0.4056 -6.3060 1.0000	</row3>
				</transform>
			</node>
			<node>
				<identifier>	MP_CM029_Emergency_Box_INDEX_4	</identifier>
				<transform>
					<row0>	0.0000 0.0000 1.0000 0.0000	</row0>
					<row1>	0.0000 1.0000 0.0000 0.0000	</row1>
					<row2>	-1.0000 0.0000 0.0000 0.0000	</row2>
					<row3>	0.1210 0.3610 -7.8690 1.0000	</row3>
				</transform>
			</node>
			<node>
				<identifier>	MP_CM030_Swab_Rack_2	</identifier>
				<transform>
					<row0>	0.0000 0.0000 -1.0000 0.0000	</row0>
					<row1>	0.0000 1.0000 0.0000 0.0000	</row1>
					<row2>	1.0000 0.0000 0.0000 0.0000	</row2>
					<row3>	0.0912 0.3140 -6.6422 1.0000	</row3>
				</transform>
			</node>
			<node>
				<identifier>	MP_CM033_Propeller4_R	</identifier>
				<transform>
					<row0>	1.0429 0.0002 0.0137 0.0000	</row0>
					<row1>	0.0000 1.0429 -0.0155 0.0000	</row1>
					<row2>	-0.0137 0.0155 1.0428 0.0000	</row2>
					<row3>	0.5738 -0.4343 -5.5747 1.0000	</row3>
				</transform>
			</node>
			<node>
				<identifier>	MP_CM033_Propeller4_R_INDEX_1	</identifier>
				<transform>
					<row0>	1.0426 0.0004 0.0090 0.0000	</row0>
					<row1>	0.0000 1.0417 -0.0441 0.0000	</row1>
					<row2>	-0.0091 0.0441 1.0417 0.0000	</row2>
					<row3>	0.3144 -0.4472 -6.4752 1.0000	</row3>
				</transform>
			</node>
			<node>
				<identifier>	MP_CM097_Stairway	</identifier>
				<transform>
					<row0>	0.9994 0.0000 -0.0356 0.0000	</row0>
					<row1>	0.0000 1.0000 -0.0004 0.0000	</row1>
					<row2>	0.0356 0.0004 0.9994 0.0000	</row2>
					<row3>	0.7209 0.3064 -3.5590 1.0000	</row3>
				</transform>
			</node>
			<node>
				<identifier>	MP_CM097_Stairway_INDEX_1	</identifier>
				<transform>
					<row0>	0.9994 0.0000 0.0356 0.0000	</row0>
					<row1>	0.0000 1.0000 -0.0004 0.0000	</row1>
					<row2>	-0.0356 0.0004 0.9994 0.0000	</row2>
					<row3>	-0.7209 0.3064 -3.5590 1.0000	</row3>
				</transform>
			</node>
			<node>
				<identifier>	MP_CM117_Ladder_Cruiser_L	</identifier>
				<transform>
					<row0>	0.9993 0.0000 0.0368 0.0000	</row0>
					<row1>	0.0000 1.0000 0.0006 0.0000	</row1>
					<row2>	-0.0368 -0.0006 0.9993 0.0000	</row2>
					<row3>	-0.7331 0.2949 -3.3723 1.0000	</row3>
				</transform>
			</node>
			<node>
				<identifier>	MP_CM117_Ladder_Cruiser_L_INDEX_1	</identifier>
				<transform>
					<row0>	0.9994 0.0000 -0.0342 0.0000	</row0>
					<row1>	0.0000 1.0000 0.0006 0.0000	</row1>
					<row2>	0.0342 -0.0006 0.9994 0.0000	</row2>
					<row3>	0.7219 0.2949 -3.3723 1.0000	</row3>
				</transform>
			</node>
			<node>
				<identifier>	SP_YMS011_YHWL_M_1_INDEX_12	</identifier>
				<transform>
					<row0>	0.9992 0.0000 0.0393 0.0000	</row0>
					<row1>	0.0000 1.0000 0.0000 0.0000	</row1>
					<row2>	-0.0393 0.0000 0.9992 0.0000	</row2>
					<row3>	-0.8916 0.0000 -3.7879 1.0000	</row3>
				</transform>
			</node>
			<node>
				<identifier>	SP_YMS011_YHWL_M_1_INDEX_13	</identifier>
				<transform>
					<row0>	0.9959 0.0000 0.0906 0.0000	</row0>
					<row1>	0.0000 1.0000 0.0000 0.0000	</row1>
					<row2>	-0.0906 0.0000 0.9959 0.0000	</row2>
					<row3>	-0.8398 0.0000 -4.6357 1.0000	</row3>
				</transform>
			</node>
			<node>
				<identifier>	SP_YMS011_YHWL_M_1_INDEX_14	</identifier>
				<transform>
					<row0>	0.9946 0.0000 0.1038 0.0000	</row0>
					<row1>	0.0000 1.0000 0.0000 0.0000	</row1>
					<row2>	-0.1038 0.0000 0.9946 0.0000	</row2>
					<row3>	-0.7567 0.0000 -5.4809 1.0000	</row3>
				</transform>
			</node>
			<node>
				<identifier>	SP_YMS011_YHWL_M_1_INDEX_15	</identifier>
				<transform>
					<row0>	0.9915 0.0000 0.1303 0.0000	</row0>
					<row1>	0.0000 1.0000 0.0000 0.0000	</row1>
					<row2>	-0.1303 0.0000 0.9915 0.0000	</row2>
					<row3>	-0.6543 0.0000 -6.3246 1.0000	</row3>
				</transform>
			</node>
			<node>
				<identifier>	SP_YMS011_YHWL_M_1_INDEX_16	</identifier>
				<transform>
					<row0>	0.9894 0.0000 0.1452 0.0000	</row0>
					<row1>	0.0000 1.0000 0.0000 0.0000	</row1>
					<row2>	-0.1452 0.0000 0.9894 0.0000	</row2>
					<row3>	-0.5369 0.0000 -7.1661 1.0000	</row3>
				</transform>
			</node>
			<node>
				<identifier>	SP_YMS012_YHWR_M_1_INDEX_12	</identifier>
				<transform>
					<row0>	0.9992 0.0000 -0.0393 0.0000	</row0>
					<row1>	0.0000 1.0000 0.0000 0.0000	</row1>
					<row2>	0.0393 0.0000 0.9992 0.0000	</row2>
					<row3>	0.8916 0.0000 -3.7879 1.0000	</row3>
				</transform>
			</node>
			<node>
				<identifier>	SP_YMS012_YHWR_M_1_INDEX_13	</identifier>
				<transform>
					<row0>	0.9959 0.0000 -0.0906 0.0000	</row0>
					<row1>	0.0000 1.0000 0.0000 0.0000	</row1>
					<row2>	0.0906 0.0000 0.9959 0.0000	</row2>
					<row3>	0.8398 0.0000 -4.6357 1.0000	</row3>
				</transform>
			</node>
			<node>
				<identifier>	SP_YMS012_YHWR_M_1_INDEX_14	</identifier>
				<transform>
					<row0>	0.9946 0.0000 -0.1038 0.0000	</row0>
					<row1>	0.0000 1.0000 0.0000 0.0000	</row1>
					<row2>	0.1038 0.0000 0.9946 0.0000	</row2>
					<row3>	0.7567 0.0000 -5.4809 1.0000	</row3>
				</transform>
			</node>
			<node>
				<identifier>	SP_YMS012_YHWR_M_1_INDEX_15	</identifier>
				<transform>
					<row0>	0.9915 0.0000 -0.1303 0.0000	</row0>
					<row1>	0.0000 1.0000 0.0000 0.0000	</row1>
					<row2>	0.1303 0.0000 0.9915 0.0000	</row2>
					<row3>	0.6543 0.0000 -6.3246 1.0000	</row3>
				</transform>
			</node>
			<node>
				<identifier>	SP_YMS012_YHWR_M_1_INDEX_16	</identifier>
				<transform>
					<row0>	0.9894 0.0000 -0.1452 0.0000	</row0>
					<row1>	0.0000 1.0000 0.0000 0.0000	</row1>
					<row2>	0.1452 0.0000 0.9894 0.0000	</row2>
					<row3>	0.5369 0.0000 -7.1661 1.0000	</row3>
				</transform>
			</node>
			<node>
				<identifier>	SP_YMS023_YHUC_L_1	</identifier>
				<transform>
					<row0>	0.7034 0.0000 -0.0103 0.0000	</row0>
					<row1>	-0.0002 0.7034 -0.0108 0.0000	</row1>
					<row2>	0.0103 0.0108 0.7034 0.0000	</row2>
					<row3>	-0.5738 -0.4343 -5.5747 1.0000	</row3>
				</transform>
			</node>
			<node>
				<identifier>	SP_YMS023_YHUC_L_1_INDEX_1	</identifier>
				<transform>
					<row0>	0.7034 0.0000 0.0103 0.0000	</row0>
					<row1>	0.0002 0.7034 -0.0108 0.0000	</row1>
					<row2>	-0.0103 0.0108 0.7034 0.0000	</row2>
					<row3>	0.5738 -0.4343 -5.5747 1.0000	</row3>
				</transform>
			</node>
			<node>
				<identifier>	SP_YMS023_YHUC_L_1_INDEX_2	</identifier>
				<transform>
					<row0>	0.7035 -0.0001 -0.0044 0.0000	</row0>
					<row1>	0.0000 0.7031 -0.0233 0.0000	</row1>
					<row2>	0.0044 0.0233 0.7031 0.0000	</row2>
					<row3>	-0.3144 -0.4472 -6.4752 1.0000	</row3>
				</transform>
			</node>
			<node>
				<identifier>	SP_YMS023_YHUC_L_1_INDEX_3	</identifier>
				<transform>
					<row0>	0.7035 0.0001 0.0044 0.0000	</row0>
					<row1>	0.0000 0.7031 -0.0233 0.0000	</row1>
					<row2>	-0.0044 0.0233 0.7031 0.0000	</row2>
					<row3>	0.3144 -0.4472 -6.4752 1.0000	</row3>
				</transform>
			</node>
			<node>
				<identifier>	SP_YMS030_YHAM_M_1	</identifier>
				<transform>
					<row0>	0.5662 0.0000 0.0000 0.0000	</row0>
					<row1>	0.0000 0.5662 0.0000 0.0000	</row1>
					<row2>	0.0000 0.0000 0.5662 0.0000	</row2>
					<row3>	0.0000 0.1819 -8.1030 1.0000	</row3>
				</transform>
			</node>
			<node>
				<identifier>	SP_YMS031_YHAL_M_1	</identifier>
				<transform>
					<row0>	0.8035 0.1013 0.1426 0.0000	</row0>
					<row1>	-0.1028 0.8159 0.0000 0.0000	</row1>
					<row2>	-0.1415 -0.0178 0.8098 0.0000	</row2>
					<row3>	-0.4535 0.1732 -7.7867 1.0000	</row3>
				</transform>
			</node>
			<node>
				<identifier>	SP_YMS032_YHAR_M_1	</identifier>
				<transform>
					<row0>	0.8035 -0.1013 -0.1426 0.0000	</row0>
					<row1>	0.1028 0.8159 0.0000 0.0000	</row1>
					<row2>	0.1415 -0.0178 0.8098 0.0000	</row2>
					<row3>	0.4536 0.1732 -7.7867 1.0000	</row3>
				</transform>
			</node>
			<node>
				<identifier>	SP_YMS053_YHDC_S_1_INDEX_5	</identifier>
				<transform>
					<row0>	1.0000 0.0000 0.0000 0.0000	</row0>
					<row1>	0.0000 1.0000 0.0000 0.0000	</row1>
					<row2>	0.0000 0.0000 1.0000 0.0000	</row2>
					<row3>	-0.5133 0.3117 -4.1478 1.0000	</row3>
				</transform>
			</node>
			<node>
				<identifier>	SP_YMS053_YHDC_S_1_INDEX_6	</identifier>
				<transform>
					<row0>	1.0000 0.0000 0.0000 0.0000	</row0>
					<row1>	0.0000 1.0000 0.0000 0.0000	</row1>
					<row2>	0.0000 0.0000 1.0000 0.0000	</row2>
					<row3>	0.4958 0.3117 -4.1478 1.0000	</row3>
				</transform>
			</node>
			<node>
				<identifier>	SP_YMS053_YHDC_S_1_INDEX_7	</identifier>
				<transform>
					<row0>	1.0000 0.0000 0.0000 0.0000	</row0>
					<row1>	0.0000 1.0000 0.0000 0.0000	</row1>
					<row2>	0.0000 0.0000 1.0000 0.0000	</row2>
					<row3>	0.0000 0.3201 -5.8866 1.0000	</row3>
				</transform>
			</node>
			<node>
				<identifier>	SP_YMS062_YHGH_M_1_INDEX_13	</identifier>
				<transform>
					<row0>	-0.3645 0.0000 0.0000 0.0000	</row0>
					<row1>	0.0000 0.4604 0.0000 0.0000	</row1>
					<row2>	0.0000 0.0000 -0.3645 0.0000	</row2>
					<row3>	-0.5336 0.3966 -4.4123 1.0000	</row3>
				</transform>
			</node>
			<node>
				<identifier>	SP_YMS062_YHGH_M_1_INDEX_14	</identifier>
				<transform>
					<row0>	-0.3645 0.0000 0.0000 0.0000	</row0>
					<row1>	0.0000 0.4604 0.0000 0.0000	</row1>
					<row2>	0.0000 0.0000 -0.3645 0.0000	</row2>
					<row3>	0.5336 0.3966 -4.4123 1.0000	</row3>
				</transform>
			</node>
			<node>
				<identifier>	SP_YMS062_YHGH_M_1_INDEX_15	</identifier>
				<transform>
					<row0>	0.3645 0.0000 0.0000 0.0000	</row0>
					<row1>	0.0000 0.4604 0.0000 0.0000	</row1>
					<row2>	0.0000 0.0000 0.3645 0.0000	</row2>
					<row3>	-0.5336 0.3966 -4.5248 1.0000	</row3>
				</transform>
			</node>
			<node>
				<identifier>	SP_YMS062_YHGH_M_1_INDEX_16	</identifier>
				<transform>
					<row0>	0.3645 0.0000 0.0000 0.0000	</row0>
					<row1>	0.0000 0.4604 0.0000 0.0000	</row1>
					<row2>	0.0000 0.0000 0.3645 0.0000	</row2>
					<row3>	0.5336 0.3966 -4.5248 1.0000	</row3>
				</transform>
			</node>
			<node>
				<identifier>	SP_YMS062_YHGH_M_1_INDEX_21	</identifier>
				<transform>
					<row0>	0.4053 0.0000 0.0000 0.0000	</row0>
					<row1>	0.0000 0.4053 0.0000 0.0000	</row1>
					<row2>	0.0000 0.0000 0.4053 0.0000	</row2>
					<row3>	-0.1179 0.4959 -7.3958 1.0000	</row3>
				</transform>
			</node>
			<node>
				<identifier>	SP_YMS062_YHGH_M_1_INDEX_22	</identifier>
				<transform>
					<row0>	-0.4053 0.0000 0.0000 0.0000	</row0>
					<row1>	0.0000 0.4053 0.0000 0.0000	</row1>
					<row2>	0.0000 0.0000 -0.4053 0.0000	</row2>
					<row3>	-0.1179 0.4959 -7.3958 1.0000	</row3>
				</transform>
			</node>
			<node>
				<identifier>	SP_YMS062_YHGH_M_1_INDEX_23	</identifier>
				<transform>
					<row0>	0.4053 0.0000 0.0000 0.0000	</row0>
					<row1>	0.0000 0.4053 0.0000 0.0000	</row1>
					<row2>	0.0000 0.0000 0.4053 0.0000	</row2>
					<row3>	0.1179 0.4959 -7.3958 1.0000	</row3>
				</transform>
			</node>
			<node>
				<identifier>	SP_YMS062_YHGH_M_1_INDEX_24	</identifier>
				<transform>
					<row0>	-0.4053 0.0000 0.0000 0.0000	</row0>
					<row1>	0.0000 0.4053 0.0000 0.0000	</row1>
					<row2>	0.0000 0.0000 -0.4053 0.0000	</row2>
					<row3>	0.1179 0.4959 -7.3958 1.0000	</row3>
				</transform>
			</node>
			<node>
				<identifier>	SP_YMS080_YHSL_M_1_INDEX_2	</identifier>
				<transform>
					<row0>	0.9247 0.0499 0.0940 0.0000	</row0>
					<row1>	-0.0461 0.9288 -0.0403 0.0000	</row1>
					<row2>	-0.0960 0.0353 0.9252 0.0000	</row2>
					<row3>	-0.8233 0.1808 -4.8388 1.0000	</row3>
				</transform>
			</node>
			<node>
				<identifier>	SP_YMS081_YHSR_M_1_INDEX_2	</identifier>
				<transform>
					<row0>	0.9247 -0.0499 -0.0940 0.0000	</row0>
					<row1>	0.0461 0.9288 -0.0403 0.0000	</row1>
					<row2>	0.0960 0.0353 0.9252 0.0000	</row2>
					<row3>	0.8233 0.1808 -4.8388 1.0000	</row3>
				</transform>
			</node>
			<node>
				<identifier>	SP_YMS083_YHSC_L_1_INDEX_1	</identifier>
				<transform>
					<row0>	0.0769 -0.0024 0.6454 0.0000	</row0>
					<row1>	0.0903 0.6436 -0.0084 0.0000	</row1>
					<row2>	-0.6391 0.0906 0.0765 0.0000	</row2>
					<row3>	0.7376 0.2948 -5.8961 1.0000	</row3>
				</transform>
			</node>
			<node>
				<identifier>	SP_YMS083_YHSC_L_1_INDEX_10	</identifier>
				<transform>
					<row0>	0.0821 0.0092 -0.6447 0.0000	</row0>
					<row1>	-0.1010 0.6421 -0.0037 0.0000	</row1>
					<row2>	0.6368 0.1007 0.0825 0.0000	</row2>
					<row3>	-0.6841 0.3040 -6.3738 1.0000	</row3>
				</transform>
			</node>
			<node>
				<identifier>	SP_YMS083_YHSC_L_1_INDEX_11	</identifier>
				<transform>
					<row0>	0.0821 -0.0092 0.6447 0.0000	</row0>
					<row1>	0.1010 0.6421 -0.0037 0.0000	</row1>
					<row2>	-0.6368 0.1007 0.0825 0.0000	</row2>
					<row3>	0.6841 0.3040 -6.3738 1.0000	</row3>
				</transform>
			</node>
			<node>
				<identifier>	SP_YMS083_YHSC_L_1_INDEX_8	</identifier>
				<transform>
