<BSD004_Acasta_1940_MidFront_ports.visual>
	<node>
		<identifier>	Scene Root	</identifier>
		<transform>
			<row0>	1.0000 0.0000 0.0000 0.0000	</row0>
			<row1>	0.0000 1.0000 0.0000 0.0000	</row1>
			<row2>	0.0000 0.0000 1.0000 0.0000	</row2>
			<row3>	0.0000 0.0000 0.0000 1.0000	</row3>
		</transform>
		<node>
			<identifier>	MidFront_ports	</identifier>
			<transform>
				<row0>	1.0000 0.0000 0.0000 0.0000	</row0>
				<row1>	0.0000 1.0000 0.0000 0.0000	</row1>
				<row2>	0.0000 0.0000 1.0000 0.0000	</row2>
				<row3>	0.0000 0.0000 0.0000 1.0000	</row3>
			</transform>
			<node>
				<identifier>	HP_BD_1	</identifier>
				<transform>
					<row0>	1.0000 0.0000 0.0000 0.0000	</row0>
					<row1>	0.0000 1.0000 0.0000 0.0000	</row1>
					<row2>	0.0000 0.0000 1.0000 0.0000	</row2>
					<row3>	0.0000 0.7264 1.1211 1.0000	</row3>
				</transform>
			</node>
			<node>
				<identifier>	HP_BF_1	</identifier>
				<transform>
					<row0>	1.0000 0.0000 0.0000 0.0000	</row0>
					<row1>	0.0000 1.0000 0.0000 0.0000	</row1>
					<row2>	0.0000 0.0000 1.0000 0.0000	</row2>
					<row3>	0.0000 0.7870 1.0010 1.0000	</row3>
				</transform>
			</node>
			<node>
				<identifier>	HP_BGA_1	</identifier>
				<transform>
					<row0>	0.0000 0.0000 1.0000 0.0000	</row0>
					<row1>	0.0000 1.0000 0.0000 0.0000	</row1>
					<row2>	-1.0000 0.0000 0.0000 0.0000	</row2>
					<row3>	-0.2449 0.5345 1.0442 1.0000	</row3>
				</transform>
			</node>
			<node>
				<identifier>	HP_BGA_2	</identifier>
				<transform>
					<row0>	0.0000 0.0000 -1.0000 0.0000	</row0>
					<row1>	0.0000 1.0000 0.0000 0.0000	</row1>
					<row2>	1.0000 0.0000 0.0000 0.0000	</row2>
					<row3>	0.2449 0.5345 1.0442 1.0000	</row3>
				</transform>
			</node>
			<node>
				<identifier>	HP_BGA_3	</identifier>
				<transform>
					<row0>	0.0000 0.0000 -1.0000 0.0000	</row0>
					<row1>	0.0000 1.0000 0.0000 0.0000	</row1>
					<row2>	1.0000 0.0000 0.0000 0.0000	</row2>
					<row3>	0.0804 0.3057 0.1660 1.0000	</row3>
				</transform>
			</node>
			<node>
				<identifier>	HP_BGA_4	</identifier>
				<transform>
					<row0>	0.0000 0.0000 1.0000 0.0000	</row0>
					<row1>	0.0000 1.0000 0.0000 0.0000	</row1>
					<row2>	-1.0000 0.0000 0.0000 0.0000	</row2>
					<row3>	-0.0807 0.3057 0.0274 1.0000	</row3>
				</transform>
			</node>
			<node>
				<identifier>	HP_BGM_2	</identifier>
				<transform>
					<row0>	1.0000 0.0000 0.0000 0.0000	</row0>
					<row1>	0.0000 1.0000 0.0000 0.0000	</row1>
					<row2>	0.0000 0.0000 1.0000 0.0000	</row2>
					<row3>	0.0000 0.4712 1.8110 1.0000	</row3>
				</transform>
			</node>
			<node>
				<identifier>	HP_BGT_1	</identifier>
				<transform>
					<row0>	-1.0000 0.0000 0.0000 0.0000	</row0>
					<row1>	0.0000 1.0000 0.0000 0.0000	</row1>
					<row2>	0.0000 0.0000 -1.0000 0.0000	</row2>
					<row3>	0.0000 0.2036 -0.7209 1.0000	</row3>
				</transform>
			</node>
			<node>
				<identifier>	HP_FX_Death_1	</identifier>
				<transform>
					<row0>	1.0000 0.0000 0.0000 0.0000	</row0>
					<row1>	0.0000 1.0000 0.0000 0.0000	</row1>
					<row2>	0.0000 0.0000 1.0000 0.0000	</row2>
					<row3>	0.0000 0.0000 1.9140 1.0000	</row3>
				</transform>
			</node>
			<node>
				<identifier>	HP_FX_Death_2	</identifier>
				<transform>
					<row0>	1.0000 0.0000 0.0000 0.0000	</row0>
					<row1>	0.0000 1.0000 0.0000 0.0000	</row1>
					<row2>	0.0000 0.0000 1.0000 0.0000	</row2>
					<row3>	0.0000 0.0000 -0.1870 1.0000	</row3>
				</transform>
			</node>
			<node>
				<identifier>	HP_FX_Fire_2	</identifier>
				<transform>
					<row0>	1.0000 0.0000 0.0000 0.0000	</row0>
					<row1>	0.0000 1.0000 0.0000 0.0000	</row1>
					<row2>	0.0000 0.0000 1.0000 0.0000	</row2>
					<row3>	0.0000 0.1988 0.8396 1.0000	</row3>
				</transform>
			</node>
			<node>
				<identifier>	HP_FX_Fire_2_side_1	</identifier>
				<transform>
					<row0>	1.0000 0.0000 0.0000 0.0000	</row0>
					<row1>	0.0000 1.0000 0.0000 0.0000	</row1>
					<row2>	0.0000 0.0000 1.0000 0.0000	</row2>
					<row3>	-0.2331 0.5638 1.2013 1.0000	</row3>
				</transform>
			</node>
			<node>
				<identifier>	HP_FX_Fire_2_side_2	</identifier>
				<transform>
					<row0>	1.0000 0.0000 0.0000 0.0000	</row0>
					<row1>	0.0000 1.0000 0.0000 0.0000	</row1>
					<row2>	0.0000 0.0000 1.0000 0.0000	</row2>
					<row3>	0.1727 0.3309 -0.2375 1.0000	</row3>
				</transform>
			</node>
			<node>
				<identifier>	HP_FX_FloodLight_left_2	</identifier>
				<transform>
					<row0>	-1.0000 0.0000 0.0000 0.0000	</row0>
					<row1>	0.0000 1.0000 0.0000 0.0000	</row1>
					<row2>	0.0000 0.0000 -1.0000 0.0000	</row2>
					<row3>	-0.1469 0.3698 1.5772 1.0000	</row3>
				</transform>
			</node>
			<node>
				<identifier>	HP_FX_FloodLight_right_2	</identifier>
				<transform>
					<row0>	1.0000 0.0000 0.0000 0.0000	</row0>
					<row1>	0.0000 1.0000 0.0000 0.0000	</row1>
					<row2>	0.0000 0.0000 1.0000 0.0000	</row2>
					<row3>	0.1479 0.3748 1.5772 1.0000	</row3>
				</transform>
			</node>
			<node>
				<identifier>	HP_FX_Flood_steam_1	</identifier>
				<transform>
					<row0>	1.0000 0.0000 0.0000 0.0000	</row0>
					<row1>	0.0000 0.9403 -0.3403 0.0000	</row1>
					<row2>	0.0000 0.3403 0.9403 0.0000	</row2>
					<row3>	0.0030 0.6920 -0.5154 1.0000	</row3>
				</transform>
			</node>
			<node>
				<identifier>	HP_FX_Flood_steam_2	</identifier>
				<transform>
					<row0>	1.0000 0.0000 0.0000 0.0000	</row0>
					<row1>	0.0000 0.9625 -0.2711 0.0000	</row1>
					<row2>	0.0000 0.2711 0.9625 0.0000	</row2>
					<row3>	0.0030 0.7213 0.3770 1.0000	</row3>
				</transform>
			</node>
			<node>
				<identifier>	HP_FX_Flood_steam_left	</identifier>
				<transform>
					<row0>	-1.0000 0.0000 0.0000 0.0000	</row0>
					<row1>	0.0000 1.0000 0.0000 0.0000	</row1>
					<row2>	0.0000 0.0000 -1.0000 0.0000	</row2>
					<row3>	-0.3248 0.2920 1.5498 1.0000	</row3>
				</transform>
			</node>
			<node>
				<identifier>	HP_FX_Flood_water_left_2	</identifier>
				<transform>
					<row0>	-0.9963 0.0000 0.0860 0.0000	</row0>
					<row1>	0.0000 1.0000 0.0000 0.0000	</row1>
					<row2>	-0.0860 0.0000 -0.9963 0.0000	</row2>
					<row3>	-0.2661 0.0420 1.6547 1.0000	</row3>
				</transform>
			</node>
			<node>
				<identifier>	HP_FX_Flood_water_right_2	</identifier>
				<transform>
					<row0>	0.9963 0.0000 0.0859 0.0000	</row0>
					<row1>	0.0000 1.0000 0.0000 0.0000	</row1>
					<row2>	-0.0859 0.0000 0.9963 0.0000	</row2>
					<row3>	0.2693 0.0420 1.6562 1.0000	</row3>
				</transform>
			</node>
			<node>
				<identifier>	HP_FX_Smoke_1	</identifier>
				<transform>
					<row0>	1.0000 0.0000 0.0000 0.0000	</row0>
					<row1>	0.0000 1.0000 0.0000 0.0000	</row1>
					<row2>	0.0000 0.0000 1.0000 0.0000	</row2>
					<row3>	0.0000 0.7705 0.4956 1.0000	</row3>
				</transform>
			</node>
			<node>
				<identifier>	HP_FX_Smoke_2	</identifier>
				<transform>
					<row0>	1.0000 0.0000 0.0000 0.0000	</row0>
					<row1>	0.0000 1.0000 0.0000 0.0000	</row1>
					<row2>	0.0000 0.0000 1.0000 0.0000	</row2>
					<row3>	0.0000 0.7475 -0.3964 1.0000	</row3>
				</transform>
			</node>
			<node>
				<identifier>	HP_flag_1	</identifier>
				<transform>
					<row0>	0.9969 0.0790 -0.0035 0.0000	</row0>
					<row1>	-0.0790 0.9931 -0.0872 0.0000	</row1>
					<row2>	-0.0035 0.0872 0.9962 0.0000	</row2>
					<row3>	0.1439 1.4516 0.8091 1.0000	</row3>
				</transform>
			</node>
			<node>
				<identifier>	HP_flag_2	</identifier>
				<transform>
					<row0>	0.9969 -0.0790 0.0035 0.0000	</row0>
					<row1>	0.0790 0.9931 -0.0872 0.0000	</row1>
					<row2>	0.0035 0.0872 0.9962 0.0000	</row2>
					<row3>	-0.1439 1.4516 0.8091 1.0000	</row3>
				</transform>
			</node>
			<node>
				<identifier>	HP_flag_3	</identifier>
				<transform>
					<row0>	0.9969 0.0790 -0.0035 0.0000	</row0>
					<row1>	-0.0790 0.9931 -0.0872 0.0000	</row1>
					<row2>	-0.0035 0.0872 0.9962 0.0000	</row2>
					<row3>	0.0671 1.4515 0.8092 1.0000	</row3>
				</transform>
			</node>
			<node>
				<identifier>	HP_flag_4	</identifier>
				<transform>
					<row0>	0.9969 -0.0790 0.0035 0.0000	</row0>
					<row1>	0.0790 0.9931 -0.0872 0.0000	</row1>
					<row2>	0.0035 0.0872 0.9962 0.0000	</row2>
					<row3>	-0.0671 1.4515 0.8092 1.0000	</row3>
				</transform>
			</node>
			<node>
				<identifier>	HP_flag_courtesy	</identifier>
				<transform>
					<row0>	0.9966 0.0819 -0.0015 0.0000	</row0>
					<row1>	-0.0819 0.9960 -0.0368 0.0000	</row1>
					<row2>	-0.0015 0.0368 0.9993 0.0000	</row2>
					<row3>	0.1869 1.1519 0.8483 1.0000	</row3>
				</transform>
			</node>
			<node>
				<identifier>	HP_flag_house	</identifier>
				<transform>
					<row0>	0.9966 -0.0819 0.0015 0.0000	</row0>
					<row1>	0.0819 0.9960 -0.0368 0.0000	</row1>
					<row2>	0.0015 0.0368 0.9993 0.0000	</row2>
					<row3>	-0.1869 1.1519 0.8483 1.0000	</row3>
				</transform>
			</node>
			<node>
				<identifier>	HP_flag_rank	</identifier>
				<transform>
					<row0>	0.9981 -0.0615 0.0010 0.0000	</row0>
					<row1>	0.0615 0.9976 -0.0331 0.0000	</row1>
					<row2>	0.0010 0.0331 0.9995 0.0000	</row2>
					<row3>	0.0003 1.5617 0.7521 1.0000	</row3>
				</transform>
			</node>
			<node>
				<identifier>	MP_BM004_Reels	</identifier>
				<transform>
					<row0>	0.0000 0.0000 -1.0000 0.0000	</row0>
					<row1>	0.0683 0.9977 0.0000 0.0000	</row1>
					<row2>	0.9977 -0.0683 0.0000 0.0000	</row2>
					<row3>	0.1829 0.1783 0.5058 1.0000	</row3>
				</transform>
			</node>
			<node>
				<identifier>	MP_BM004_Reels_INDEX_1	</identifier>
				<transform>
					<row0>	0.0000 0.0000 1.0000 0.0000	</row0>
					<row1>	-0.0683 0.9977 0.0000 0.0000	</row1>
					<row2>	-0.9977 -0.0683 0.0000 0.0000	</row2>
					<row3>	-0.1590 0.1793 0.2132 1.0000	</row3>
				</transform>
			</node>
			<node>
				<identifier>	MP_BM004_Reels_INDEX_2	</identifier>
				<transform>
					<row0>	0.0000 0.0000 1.0000 0.0000	</row0>
					<row1>	-0.0683 0.9977 0.0000 0.0000	</row1>
					<row2>	-0.9977 -0.0683 0.0000 0.0000	</row2>
					<row3>	-0.1549 0.1793 0.6448 1.0000	</row3>
				</transform>
			</node>
			<node>
				<identifier>	MP_BM004_Reels_INDEX_3	</identifier>
				<transform>
					<row0>	0.0000 0.0000 -1.0000 0.0000	</row0>
					<row1>	0.0683 0.9977 0.0000 0.0000	</row1>
					<row2>	0.9977 -0.0683 0.0000 0.0000	</row2>
					<row3>	0.1841 0.1778 -0.1358 1.0000	</row3>
				</transform>
			</node>
			<node>
				<identifier>	MP_BM039_Artillery_shell	</identifier>
				<transform>
					<row0>	-0.7976 0.0000 0.6032 0.0000	</row0>
					<row1>	0.0000 1.0000 0.0000 0.0000	</row1>
					<row2>	-0.6032 0.0000 -0.7976 0.0000	</row2>
					<row3>	-0.1016 0.4791 2.0134 1.0000	</row3>
				</transform>
			</node>
			<node>
				<identifier>	MP_BM039_Artillery_shell_INDEX_1	</identifier>
				<transform>
					<row0>	1.0000 0.0000 0.0000 0.0000	</row0>
					<row1>	0.0000 1.0000 0.0000 0.0000	</row1>
					<row2>	0.0000 0.0000 1.0000 0.0000	</row2>
					<row3>	0.1304 0.4756 1.4330 1.0000	</row3>
				</transform>
			</node>
			<node>
				<identifier>	MP_BM039_Artillery_shell_INDEX_10	</identifier>
				<transform>
					<row0>	-0.8720 0.0000 0.4895 0.0000	</row0>
					<row1>	0.0000 1.0000 0.0000 0.0000	</row1>
					<row2>	-0.4895 0.0000 -0.8720 0.0000	</row2>
					<row3>	-0.1735 0.4746 1.9152 1.0000	</row3>
				</transform>
			</node>
			<node>
				<identifier>	MP_BM039_Artillery_shell_INDEX_11	</identifier>
				<transform>
					<row0>	-0.9996 0.0000 0.0274 0.0000	</row0>
					<row1>	0.0000 1.0000 0.0000 0.0000	</row1>
					<row2>	-0.0274 0.0000 -0.9996 0.0000	</row2>
					<row3>	-0.2762 0.3229 2.0829 1.0000	</row3>
				</transform>
			</node>
			<node>
				<identifier>	MP_BM039_Artillery_shell_INDEX_12	</identifier>
				<transform>
					<row0>	0.9591 0.0000 0.2830 0.0000	</row0>
					<row1>	0.0000 1.0000 0.0000 0.0000	</row1>
					<row2>	-0.2830 0.0000 0.9591 0.0000	</row2>
					<row3>	0.2003 0.4720 1.8601 1.0000	</row3>
				</transform>
			</node>
			<node>
				<identifier>	MP_BM039_Artillery_shell_INDEX_13	</identifier>
				<transform>
					<row0>	-0.9980 0.0000 0.0639 0.0000	</row0>
					<row1>	0.0000 1.0000 0.0000 0.0000	</row1>
					<row2>	-0.0639 0.0000 -0.9980 0.0000	</row2>
					<row3>	-0.2796 0.3220 2.0278 1.0000	</row3>
				</transform>
			</node>
			<node>
				<identifier>	MP_BM039_Artillery_shell_INDEX_14	</identifier>
				<transform>
					<row0>	0.7909 0.0000 0.6119 0.0000	</row0>
					<row1>	0.0000 1.0000 0.0000 0.0000	</row1>
					<row2>	-0.6119 0.0000 0.7909 0.0000	</row2>
					<row3>	0.1026 0.4791 2.0130 1.0000	</row3>
				</transform>
			</node>
			<node>
				<identifier>	MP_BM039_Artillery_shell_INDEX_15	</identifier>
				<transform>
					<row0>	-1.0000 0.0000 0.0000 0.0000	</row0>
					<row1>	0.0000 1.0000 0.0000 0.0000	</row1>
					<row2>	0.0000 0.0000 -1.0000 0.0000	</row2>
					<row3>	-0.1303 0.4756 1.4851 1.0000	</row3>
				</transform>
			</node>
			<node>
				<identifier>	MP_BM039_Artillery_shell_INDEX_16	</identifier>
				<transform>
					<row0>	-0.9528 0.0000 -0.3034 0.0000	</row0>
					<row1>	0.0000 1.0000 0.0000 0.0000	</row1>
					<row2>	0.3034 0.0000 -0.9528 0.0000	</row2>
					<row3>	-0.1907 0.4709 1.7441 1.0000	</row3>
				</transform>
			</node>
			<node>
				<identifier>	MP_BM039_Artillery_shell_INDEX_17	</identifier>
				<transform>
					<row0>	-1.0000 0.0000 0.0000 0.0000	</row0>
					<row1>	0.0000 1.0000 0.0000 0.0000	</row1>
					<row2>	0.0000 0.0000 -1.0000 0.0000	</row2>
					<row3>	-0.1303 0.4756 1.5430 1.0000	</row3>
				</transform>
			</node>
			<node>
				<identifier>	MP_BM039_Artillery_shell_INDEX_18	</identifier>
				<transform>
					<row0>	0.9516 0.0000 -0.3075 0.0000	</row0>
					<row1>	0.0000 1.0000 0.0000 0.0000	</row1>
					<row2>	0.3075 0.0000 0.9516 0.0000	</row2>
					<row3>	0.1637 0.4720 1.6597 1.0000	</row3>
				</transform>
			</node>
			<node>
				<identifier>	MP_BM039_Artillery_shell_INDEX_19	</identifier>
				<transform>
					<row0>	0.7909 0.0000 0.6119 0.0000	</row0>
					<row1>	0.0000 1.0000 0.0000 0.0000	</row1>
					<row2>	-0.6119 0.0000 0.7909 0.0000	</row2>
					<row3>	0.1761 0.4746 1.9167 1.0000	</row3>
				</transform>
			</node>
			<node>
				<identifier>	MP_BM039_Artillery_shell_INDEX_2	</identifier>
				<transform>
					<row0>	-1.0000 0.0000 0.0000 0.0000	</row0>
					<row1>	0.0000 1.0000 0.0000 0.0000	</row1>
					<row2>	0.0000 0.0000 -1.0000 0.0000	</row2>
					<row3>	-0.1304 0.4756 1.4330 1.0000	</row3>
				</transform>
			</node>
			<node>
				<identifier>	MP_BM039_Artillery_shell_INDEX_20	</identifier>
				<transform>
					<row0>	-0.9924 0.0000 -0.1227 0.0000	</row0>
					<row1>	0.0000 1.0000 0.0000 0.0000	</row1>
					<row2>	0.1227 0.0000 -0.9924 0.0000	</row2>
					<row3>	-0.1994 0.4709 1.7952 1.0000	</row3>
				</transform>
			</node>
			<node>
				<identifier>	MP_BM039_Artillery_shell_INDEX_21	</identifier>
				<transform>
					<row0>	1.0000 0.0000 0.0000 0.0000	</row0>
					<row1>	0.0000 1.0000 0.0000 0.0000	</row1>
					<row2>	0.0000 0.0000 1.0000 0.0000	</row2>
					<row3>	0.1304 0.4756 1.3629 1.0000	</row3>
				</transform>
			</node>
			<node>
				<identifier>	MP_BM039_Artillery_shell_INDEX_22	</identifier>
				<transform>
					<row0>	1.0000 0.0000 0.0000 0.0000	</row0>
					<row1>	0.0000 1.0000 0.0000 0.0000	</row1>
					<row2>	0.0000 0.0000 1.0000 0.0000	</row2>
					<row3>	0.1303 0.4756 1.4851 1.0000	</row3>
				</transform>
			</node>
			<node>
				<identifier>	MP_BM039_Artillery_shell_INDEX_23	</identifier>
				<transform>
					<row0>	-0.9503 0.0000 -0.3114 0.0000	</row0>
					<row1>	0.0000 1.0000 0.0000 0.0000	</row1>
					<row2>	0.3114 0.0000 -0.9503 0.0000	</row2>
					<row3>	-0.1642 0.4720 1.6597 1.0000	</row3>
				</transform>
			</node>
			<node>
				<identifier>	MP_BM039_Artillery_shell_INDEX_24	</identifier>
				<transform>
					<row0>	0.9608 0.0000 -0.2772 0.0000	</row0>
					<row1>	0.0000 1.0000 0.0000 0.0000	</row1>
					<row2>	0.2772 0.0000 0.9608 0.0000	</row2>
					<row3>	0.1911 0.4709 1.7407 1.0000	</row3>
				</transform>
			</node>
			<node>
				<identifier>	MP_BM039_Artillery_shell_INDEX_25	</identifier>
				<transform>
					<row0>	-0.9987 0.0000 0.0517 0.0000	</row0>
					<row1>	0.0000 1.0000 0.0000 0.0000	</row1>
					<row2>	-0.0517 0.0000 -0.9987 0.0000	</row2>
					<row3>	-0.2828 0.3212 1.9735 1.0000	</row3>
				</transform>
			</node>
			<node>
				<identifier>	MP_BM039_Artillery_shell_INDEX_26	</identifier>
				<transform>
					<row0>	-1.0000 0.0000 0.0000 0.0000	</row0>
					<row1>	0.0000 1.0000 0.0000 0.0000	</row1>
					<row2>	0.0000 0.0000 -1.0000 0.0000	</row2>
					<row3>	-0.1304 0.4756 1.3629 1.0000	</row3>
				</transform>
			</node>
			<node>
				<identifier>	MP_BM039_Artillery_shell_INDEX_27	</identifier>
				<transform>
					<row0>	0.9983 0.0000 0.0589 0.0000	</row0>
					<row1>	0.0000 1.0000 0.0000 0.0000	</row1>
					<row2>	-0.0589 0.0000 0.9983 0.0000	</row2>
					<row3>	0.2796 0.3220 2.0278 1.0000	</row3>
				</transform>
			</node>
			<node>
				<identifier>	MP_BM039_Artillery_shell_INDEX_28	</identifier>
				<transform>
					<row0>	-0.9995 0.0000 0.0318 0.0000	</row0>
					<row1>	0.0000 1.0000 0.0000 0.0000	</row1>
					<row2>	-0.0318 0.0000 -0.9995 0.0000	</row2>
					<row3>	-0.2846 0.3206 1.9220 1.0000	</row3>
				</transform>
			</node>
			<node>
				<identifier>	MP_BM039_Artillery_shell_INDEX_29	</identifier>
				<transform>
					<row0>	0.9937 0.0000 -0.1121 0.0000	</row0>
					<row1>	0.0000 1.0000 0.0000 0.0000	</row1>
					<row2>	0.1121 0.0000 0.9937 0.0000	</row2>
					<row3>	0.1995 0.4709 1.7970 1.0000	</row3>
				</transform>
			</node>
			<node>
				<identifier>	MP_BM039_Artillery_shell_INDEX_3	</identifier>
				<transform>
					<row0>	-0.7947 0.0000 0.6070 0.0000	</row0>
					<row1>	0.0000 1.0000 0.0000 0.0000	</row1>
					<row2>	-0.6070 0.0000 -0.7947 0.0000	</row2>
					<row3>	-0.1370 0.4777 1.9685 1.0000	</row3>
				</transform>
			</node>
			<node>
				<identifier>	MP_BM039_Artillery_shell_INDEX_30	</identifier>
				<transform>
					<row0>	0.9997 0.0000 0.0264 0.0000	</row0>
					<row1>	0.0000 1.0000 0.0000 0.0000	</row1>
					<row2>	-0.0264 0.0000 0.9997 0.0000	</row2>
					<row3>	0.2853 0.3206 1.9221 1.0000	</row3>
				</transform>
			</node>
			<node>
				<identifier>	MP_BM039_Artillery_shell_INDEX_4	</identifier>
				<transform>
					<row0>	1.0000 0.0000 0.0000 0.0000	</row0>
					<row1>	0.0000 1.0000 0.0000 0.0000	</row1>
					<row2>	0.0000 0.0000 1.0000 0.0000	</row2>
					<row3>	0.1303 0.4756 1.5408 1.0000	</row3>
				</transform>
			</node>
			<node>
				<identifier>	MP_BM039_Artillery_shell_INDEX_5	</identifier>
				<transform>
					<row0>	0.9983 0.0000 0.0589 0.0000	</row0>
					<row1>	0.0000 1.0000 0.0000 0.0000	</row1>
					<row2>	-0.0589 0.0000 0.9983 0.0000	</row2>
					<row3>	0.2762 0.3229 2.0829 1.0000	</row3>
				</transform>
			</node>
			<node>
				<identifier>	MP_BM039_Artillery_shell_INDEX_6	</identifier>
				<transform>
					<row0>	-0.9523 0.0000 0.3053 0.0000	</row0>
					<row1>	0.0000 1.0000 0.0000 0.0000	</row1>
					<row2>	-0.3053 0.0000 -0.9523 0.0000	</row2>
					<row3>	-0.1966 0.4720 1.8567 1.0000	</row3>
				</transform>
			</node>
			<node>
				<identifier>	MP_BM039_Artillery_shell_INDEX_7	</identifier>
				<transform>
					<row0>	0.9983 0.0000 0.0589 0.0000	</row0>
					<row1>	0.0000 1.0000 0.0000 0.0000	</row1>
					<row2>	-0.0589 0.0000 0.9983 0.0000	</row2>
					<row3>	0.2737 0.3237 2.1393 1.0000	</row3>
				</transform>
			</node>
			<node>
				<identifier>	MP_BM039_Artillery_shell_INDEX_8	</identifier>
				<transform>
					<row0>	0.7909 0.0000 0.6119 0.0000	</row0>
					<row1>	0.0000 1.0000 0.0000 0.0000	</row1>
					<row2>	-0.6119 0.0000 0.7909 0.0000	</row2>
					<row3>	0.1370 0.4777 1.9685 1.0000	</row3>
				</transform>
			</node>
			<node>
				<identifier>	MP_BM039_Artillery_shell_INDEX_9	</identifier>
				<transform>
					<row0>	0.9983 0.0000 0.0589 0.0000	</row0>
					<row1>	0.0000 1.0000 0.0000 0.0000	</row1>
					<row2>	-0.0589 0.0000 0.9983 0.0000	</row2>
					<row3>	0.2833 0.3212 1.9735 1.0000	</row3>
				</transform>
			</node>
			<node>
				<identifier>	MP_BM507_Whaler_27ft	</identifier>
				<transform>
					<row0>	1.0000 0.0000 0.0000 0.0000	</row0>
					<row1>	0.0000 1.0000 0.0000 0.0000	</row1>
					<row2>	0.0000 0.0000 1.0000 0.0000	</row2>
					<row3>	-0.2198 0.2837 0.5274 1.0000	</row3>
				</transform>
			</node>
			<node>
				<identifier>	MP_BM507_Whaler_27ft_INDEX_1	</identifier>
				<transform>
					<row0>	1.0000 0.0000 0.0000 0.0000	</row0>
					<row1>	0.0000 1.0000 0.0000 0.0000	</row1>
					<row2>	0.0000 0.0000 1.0000 0.0000	</row2>
					<row3>	0.1720 0.2966 -0.2521 1.0000	</row3>
				</transform>
			</node>
			<node>
				<identifier>	MP_BM509_Liferaft_type_20_10ft	</identifier>
				<transform>
					<row0>	0.0259 -0.9997 0.0000 0.0000	</row0>
					<row1>	0.9997 0.0259 0.0000 0.0000	</row1>
					<row2>	0.0000 0.0000 1.0000 0.0000	</row2>
					<row3>	0.2970 0.4149 1.1636 1.0000	</row3>
				</transform>
			</node>
			<node>
				<identifier>	MP_BM509_Liferaft_type_20_10ft_INDEX_1	</identifier>
				<transform>
					<row0>	0.0259 0.9997 0.0000 0.0000	</row0>
					<row1>	-0.9997 0.0259 0.0000 0.0000	</row1>
					<row2>	0.0000 0.0000 1.0000 0.0000	</row2>
					<row3>	-0.2970 0.4149 1.1636 1.0000	</row3>
				</transform>
			</node>
			<node>
				<identifier>	MP_BM522_Motor_Cutter_25ft	</identifier>
				<transform>
					<row0>	0.8120 0.0000 0.0000 0.0000	</row0>
					<row1>	0.0000 0.8120 0.0000 0.0000	</row1>
					<row2>	0.0000 0.0000 0.8120 0.0000	</row2>
					<row3>	0.2180 0.2551 0.5734 1.0000	</row3>
				</transform>
			</node>
			<node>
				<identifier>	MP_BM525_Boat_16ft	</identifier>
				<transform>
					<row0>	1.0000 0.0000 0.0000 0.0000	</row0>
					<row1>	0.0000 1.0000 0.0000 0.0000	</row1>
					<row2>	0.0000 0.0000 1.0000 0.0000	</row2>
					<row3>	-0.2198 0.2097 0.5274 1.0000	</row3>
				</transform>
			</node>
			<node>
				<identifier>	MP_BM602_Pelorus	</identifier>
				<transform>
					<row0>	1.0000 0.0000 0.0000 0.0000	</row0>
					<row1>	0.0000 1.0000 0.0000 0.0000	</row1>
					<row2>	0.0000 0.0000 1.0000 0.0000	</row2>
					<row3>	0.0000 0.7116 1.2791 1.0000	</row3>
				</transform>
			</node>
			<node>
				<identifier>	MP_BM603_Compass_Binnacle	</identifier>
				<transform>
					<row0>	1.0000 0.0000 0.0000 0.0000	</row0>
					<row1>	0.0000 1.0000 0.0000 0.0000	</row1>
					<row2>	0.0000 0.0000 1.0000 0.0000	</row2>
					<row3>	0.0000 0.7113 1.3484 1.0000	</row3>
				</transform>
			</node>
			<node>
				<identifier>	MP_BM606_Searchlight_sight	</identifier>
				<transform>
					<row0>	1.0000 0.0000 0.0000 0.0000	</row0>
					<row1>	0.0000 1.0000 0.0000 0.0000	</row1>
					<row2>	0.0000 0.0000 1.0000 0.0000	</row2>
					<row3>	0.0958 0.7267 0.9840 1.0000	</row3>
				</transform>
			</node>
			<node>
				<identifier>	MP_BM606_Searchlight_sight_INDEX_1	</identifier>
				<transform>
					<row0>	1.0000 0.0000 0.0000 0.0000	</row0>
					<row1>	0.0000 1.0000 0.0000 0.0000	</row1>
					<row2>	0.0000 0.0000 1.0000 0.0000	</row2>
					<row3>	-0.0958 0.7267 0.9840 1.0000	</row3>
				</transform>
			</node>
			<node>
				<identifier>	MP_BM627_Bearing_Indicator	</identifier>
				<transform>
					<row0>	0.0000 0.0000 -1.0000 0.0000	</row0>
					<row1>	0.0000 1.0000 0.0000 0.0000	</row1>
					<row2>	1.0000 0.0000 0.0000 0.0000	</row2>
					<row3>	-0.1316 0.6981 1.1564 1.0000	</row3>
				</transform>
			</node>
			<node>
				<identifier>	MP_BM627_Bearing_Indicator_INDEX_1	</identifier>
				<transform>
					<row0>	0.0000 0.0000 1.0000 0.0000	</row0>
					<row1>	0.0000 1.0000 0.0000 0.0000	</row1>
					<row2>	-1.0000 0.0000 0.0000 0.0000	</row2>
					<row3>	0.1316 0.6981 1.1564 1.0000	</row3>
				</transform>
			</node>
			<node>
				<identifier>	MP_BM701_Locker	</identifier>
				<transform>
					<row0>	0.0000 0.0000 1.0000 0.0000	</row0>
					<row1>	0.0000 1.0000 0.0000 0.0000	</row1>
					<row2>	-1.0000 0.0000 0.0000 0.0000	</row2>
					<row3>	-0.1113 0.1811 -0.2621 1.0000	</row3>
				</transform>
			</node>
			<node>
				<identifier>	MP_BM702_Flag_box	</identifier>
				<transform>
					<row0>	0.0000 0.0000 -1.0000 0.0000	</row0>
					<row1>	0.0000 1.0000 0.0000 0.0000	</row1>
					<row2>	1.0000 0.0000 0.0000 0.0000	</row2>
					<row3>	-0.3236 0.5427 0.9225 1.0000	</row3>
				</transform>
			</node>
			<node>
				<identifier>	MP_BM702_Flag_box_INDEX_1	</identifier>
				<transform>
					<row0>	0.0000 0.0000 1.0000 0.0000	</row0>
					<row1>	0.0000 1.0000 0.0000 0.0000	</row1>
					<row2>	-1.0000 0.0000 0.0000 0.0000	</row2>
					<row3>	0.3236 0.5427 0.9225 1.0000	</row3>
				</transform>
			</node>
			<node>
				<identifier>	MP_BM705_Ammunition_Box	</identifier>
				<transform>
					<row0>	1.0000 0.0000 0.0000 0.0000	</row0>
					<row1>	0.0000 1.0000 0.0000 0.0000	</row1>
					<row2>	0.0000 0.0000 1.0000 0.0000	</row2>
					<row3>	0.1648 0.3265 1.7760 1.0000	</row3>
				</transform>
			</node>
			<node>
				<identifier>	MP_BM705_Ammunition_Box_INDEX_1	</identifier>
				<transform>
					<row0>	1.0000 0.0000 0.0000 0.0000	</row0>
					<row1>	0.0000 1.0000 0.0000 0.0000	</row1>
					<row2>	0.0000 0.0000 1.0000 0.0000	</row2>
					<row3>	-0.1648 0.3265 1.7760 1.0000	</row3>
				</transform>
			</node>
			<node>
				<identifier>	MP_BM707_Locker	</identifier>
				<transform>
					<row0>	0.0000 0.0000 -1.3452 0.0000	</row0>
					<row1>	0.0000 1.3452 0.0000 0.0000	</row1>
					<row2>	1.3452 0.0000 0.0000 0.0000	</row2>
					<row3>	-0.1695 0.3251 1.2670 1.0000	</row3>
				</transform>
			</node>
			<node>
				<identifier>	MP_BM707_Locker_INDEX_1	</identifier>
				<transform>
					<row0>	0.0000 0.0000 1.3452 0.0000	</row0>
					<row1>	0.0000 1.3452 0.0000 0.0000	</row1>
					<row2>	-1.3452 0.0000 0.0000 0.0000	</row2>
					<row3>	0.1695 0.3251 1.2670 1.0000	</row3>
				</transform>
			</node>
			<node>
				<identifier>	MP_BM714_Locker	</identifier>
				<transform>
					<row0>	-0.9809 0.0000 -0.1945 0.0000	</row0>
					<row1>	0.0000 1.0000 0.0000 0.0000	</row1>
					<row2>	0.1945 0.0000 -0.9809 0.0000	</row2>
					<row3>	0.2887 0.5341 1.2354 1.0000	</row3>
				</transform>
			</node>
			<node>
				<identifier>	MP_BM714_Locker_INDEX_1	</identifier>
				<transform>
					<row0>	0.8304 0.0000 -0.5571 0.0000	</row0>
					<row1>	0.0000 1.0000 0.0000 0.0000	</row1>
					<row2>	0.5571 0.0000 0.8304 0.0000	</row2>
					<row3>	-0.1066 0.3042 0.1413 1.0000	</row3>
				</transform>
			</node>
			<node>
				<identifier>	MP_BM714_Locker_INDEX_2	</identifier>
				<transform>
					<row0>	1.0000 0.0000 0.0000 0.0000	</row0>
					<row1>	0.0000 1.0000 0.0000 0.0000	</row1>
					<row2>	0.0000 0.0000 1.0000 0.0000	</row2>
					<row3>	-0.2954 0.5341 1.1561 1.0000	</row3>
				</transform>
			</node>
			<node>
				<identifier>	MP_BM714_Locker_INDEX_3	</identifier>
				<transform>
					<row0>	0.9801 0.0000 -0.1986 0.0000	</row0>
					<row1>	0.0000 1.0000 0.0000 0.0000	</row1>
					<row2>	0.1986 0.0000 0.9801 0.0000	</row2>
					<row3>	-0.2887 0.5341 1.2354 1.0000	</row3>
				</transform>
			</node>
			<node>
				<identifier>	MP_BM714_Locker_INDEX_4	</identifier>
				<transform>
					<row0>	0.4158 0.0000 -0.9095 0.0000	</row0>
					<row1>	0.0000 1.0000 0.0000 0.0000	</row1>
					<row2>	0.9095 0.0000 0.4158 0.0000	</row2>
					<row3>	-0.0232 0.3042 0.2116 1.0000	</row3>
				</transform>
			</node>
			<node>
				<identifier>	MP_BM714_Locker_INDEX_5	</identifier>
				<transform>
					<row0>	-0.8207 0.0000 0.5714 0.0000	</row0>
					<row1>	0.0000 1.0000 0.0000 0.0000	</row1>
					<row2>	-0.5714 0.0000 -0.8207 0.0000	</row2>
					<row3>	0.1078 0.3042 0.0517 1.0000	</row3>
				</transform>
			</node>
			<node>
				<identifier>	MP_BM714_Locker_INDEX_6	</identifier>
				<transform>
					<row0>	-1.0000 0.0000 0.0000 0.0000	</row0>
					<row1>	0.0000 1.0000 0.0000 0.0000	</row1>
					<row2>	0.0000 0.0000 -1.0000 0.0000	</row2>
					<row3>	0.2954 0.5341 1.1561 1.0000	</row3>
				</transform>
			</node>
			<node>
				<identifier>	MP_BM714_Locker_INDEX_7	</identifier>
				<transform>
					<row0>	1.0000 0.0000 0.0000 0.0000	</row0>
					<row1>	0.0000 1.0000 0.0000 0.0000	</row1>
					<row2>	0.0000 0.0000 1.0000 0.0000	</row2>
					<row3>	0.0970 0.1811 0.3452 1.0000	</row3>
				</transform>
			</node>
			<node>
				<identifier>	MP_BM714_Locker_INDEX_8	</identifier>
				<transform>
					<row0>	-1.0000 0.0000 0.0000 0.0000	</row0>
					<row1>	0.0000 1.0000 0.0000 0.0000	</row1>
					<row2>	0.0000 0.0000 -1.0000 0.0000	</row2>
					<row3>	-0.0964 0.1811 -0.1794 1.0000	</row3>
				</transform>
			</node>
			<node>
				<identifier>	MP_BM714_Locker_INDEX_9	</identifier>
				<transform>
					<row0>	-0.4161 0.0000 0.9093 0.0000	</row0>
					<row1>	0.0000 1.0000 0.0000 0.0000	</row1>
					<row2>	-0.9093 0.0000 -0.4161 0.0000	</row2>
					<row3>	0.0257 0.3042 -0.0172 1.0000	</row3>
				</transform>
			</node>
			<node>
				<identifier>	MP_BM717_Locker	</identifier>
				<transform>
					<row0>	-0.9966 0.0000 0.0822 0.0000	</row0>
					<row1>	0.0000 1.0000 0.0000 0.0000	</row1>
					<row2>	-0.0822 0.0000 -0.9966 0.0000	</row2>
					<row3>	-0.1635 0.3277 1.8562 1.0000	</row3>
				</transform>
			</node>
			<node>
				<identifier>	MP_BM717_Locker_INDEX_1	</identifier>
				<transform>
					<row0>	-1.0000 0.0000 0.0000 0.0000	</row0>
					<row1>	0.0000 1.0000 0.0000 0.0000	</row1>
					<row2>	0.0000 0.0000 -1.0000 0.0000	</row2>
					<row3>	0.0574 0.4778 1.3837 1.0000	</row3>
				</transform>
			</node>
			<node>
				<identifier>	MP_BM717_Locker_INDEX_2	</identifier>
				<transform>
					<row0>	-0.9966 0.0000 -0.0822 0.0000	</row0>
					<row1>	0.0000 1.0000 0.0000 0.0000	</row1>
					<row2>	0.0822 0.0000 -0.9966 0.0000	</row2>
					<row3>	0.1635 0.3277 1.8562 1.0000	</row3>
				</transform>
			</node>
			<node>
				<identifier>	MP_BM717_Locker_INDEX_3	</identifier>
				<transform>
					<row0>	-1.0000 0.0000 0.0000 0.0000	</row0>
					<row1>	0.0000 1.0000 0.0000 0.0000	</row1>
					<row2>	0.0000 0.0000 -1.0000 0.0000	</row2>
					<row3>	-0.0574 0.4778 1.3837 1.0000	</row3>
				</transform>
			</node>
			<node>
				<identifier>	MP_BM751_Deck_Hatch	</identifier>
				<transform>
					<row0>	0.0000 0.0000 0.6937 0.0000	</row0>
					<row1>	0.0000 0.6937 0.0000 0.0000	</row1>
					<row2>	-0.6937 0.0000 0.0000 0.0000	</row2>
					<row3>	-0.0520 0.6684 1.2579 1.0000	</row3>
				</transform>
			</node>
			<node>
				<identifier>	MP_BM760_Hatch	</identifier>
				<transform>
					<row0>	0.7012 0.0000 0.0000 0.0000	</row0>
					<row1>	0.0000 0.7012 0.0000 0.0000	</row1>
					<row2>	0.0000 0.0000 0.7012 0.0000	</row2>
					<row3>	0.1166 0.4694 1.5858 1.0000	</row3>
				</transform>
			</node>
			<node>
				<identifier>	MP_BM760_Hatch_INDEX_1	</identifier>
				<transform>
					<row0>	0.7012 0.0000 0.0000 0.0000	</row0>
					<row1>	0.0000 0.7012 0.0000 0.0000	</row1>
					<row2>	0.0000 0.0000 0.7012 0.0000	</row2>
					<row3>	-0.1166 0.4694 1.5858 1.0000	</row3>
				</transform>
			</node>
			<node>
				<identifier>	MP_BM850_Signal_lamp_10in	</identifier>
				<transform>
					<row0>	0.0000 0.0000 1.0000 0.0000	</row0>
					<row1>	0.0000 1.0000 0.0000 0.0000	</row1>
					<row2>	-1.0000 0.0000 0.0000 0.0000	</row2>
					<row3>	0.2140 0.7697 0.9888 1.0000	</row3>
				</transform>
			</node>
			<node>
				<identifier>	MP_BM850_Signal_lamp_10in_INDEX_1	</identifier>
				<transform>
					<row0>	0.0000 0.0000 -1.0000 0.0000	</row0>
					<row1>	0.0000 1.0000 0.0000 0.0000	</row1>
					<row2>	1.0000 0.0000 0.0000 0.0000	</row2>
					<row3>	-0.2140 0.7697 0.9888 1.0000	</row3>
				</transform>
			</node>
			<node>
				<identifier>	MP_BM854_Running_Lights_R	</identifier>
				<transform>
					<row0>	1.0000 0.0000 0.0000 0.0000	</row0>
					<row1>	0.0000 1.0000 0.0000 0.0000	</row1>
					<row2>	0.0000 0.0000 1.0000 0.0000	</row2>
					<row3>	0.1433 0.6835 1.2457 1.0000	</row3>
				</transform>
			</node>
			<node>
				<identifier>	MP_BM855_Running_Lights_L	</identifier>
				<transform>
					<row0>	1.0000 0.0000 0.0000 0.0000	</row0>
					<row1>	0.0000 1.0000 0.0000 0.0000	</row1>
					<row2>	0.0000 0.0000 1.0000 0.0000	</row2>
					<row3>	-0.1433 0.6835 1.2457 1.0000	</row3>
				</transform>
			</node>
			<node>
				<identifier>	MP_BM858_Signal_Lamp	</identifier>
				<transform>
					<row0>	1.0000 0.0000 0.0000 0.0000	</row0>
					<row1>	0.0000 0.9936 -0.1131 0.0000	</row1>
					<row2>	0.0000 0.1131 0.9936 0.0000	</row2>
					<row3>	0.0000 1.5948 0.7802 1.0000	</row3>
				</transform>
			</node>
			<node>
				<identifier>	MP_BM858_Signal_Lamp_INDEX_1	</identifier>
				<transform>
					<row0>	1.0000 0.0000 0.0000 0.0000	</row0>
					<row1>	0.0000 1.0000 0.0000 0.0000	</row1>
					<row2>	0.0000 0.0000 1.0000 0.0000	</row2>
					<row3>	0.1822 1.1593 0.8486 1.0000	</row3>
				</transform>
			</node>
			<node>
				<identifier>	MP_BM871_Running_Lights_F	</identifier>
				<transform>
					<row0>	1.0000 0.0000 0.0000 0.0000	</row0>
					<row1>	0.0000 0.9929 -0.1190 0.0000	</row1>
					<row2>	0.0000 0.1190 0.9929 0.0000	</row2>
					<row3>	0.0000 1.0938 0.8697 1.0000	</row3>
				</transform>
			</node>
			<node>
				<identifier>	MP_BM909_Crane	</identifier>
				<transform>
					<row0>	-1.0000 0.0000 0.0000 0.0000	</row0>
					<row1>	0.0000 1.0000 0.0000 0.0000	</row1>
					<row2>	0.0000 0.0000 -1.0000 0.0000	</row2>
					<row3>	-0.2591 0.1737 -0.4656 1.0000	</row3>
				</transform>
			</node>
			<node>
				<identifier>	MP_BM967_Bollard	</identifier>
				<transform>
					<row0>	0.4879 -0.0353 0.0000 0.0000	</row0>
					<row1>	0.0353 0.4879 0.0000 0.0000	</row1>
					<row2>	0.0000 0.0000 0.4892 0.0000	</row2>
					<row3>	0.2919 0.1705 0.0240 1.0000	</row3>
				</transform>
			</node>
			<node>
				<identifier>	MP_BM967_Bollard_INDEX_1	</identifier>
				<transform>
					<row0>	0.4879 0.0353 0.0000 0.0000	</row0>
					<row1>	-0.0353 0.4879 0.0000 0.0000	</row1>
					<row2>	0.0000 0.0000 0.4892 0.0000	</row2>
					<row3>	-0.2919 0.1705 -0.0042 1.0000	</row3>
				</transform>
			</node>
			<node>
				<identifier>	MP_BM973_Fairlead	</identifier>
				<transform>
					<row0>	0.9981 -0.0623 0.0000 0.0000	</row0>
					<row1>	0.0623 0.9981 0.0000 0.0000	</row1>
					<row2>	0.0000 0.0000 1.0000 0.0000	</row2>
					<row3>	0.2994 0.1707 0.1467 1.0000	</row3>
				</transform>
			</node>
			<node>
				<identifier>	MP_BM973_Fairlead_INDEX_1	</identifier>
				<transform>
					<row0>	0.9981 0.0623 0.0000 0.0000	</row0>
					<row1>	-0.0623 0.9981 0.0000 0.0000	</row1>
					<row2>	0.0000 0.0000 1.0000 0.0000	</row2>
					<row3>	-0.2994 0.1707 0.1467 1.0000	</row3>
				</transform>
			</node>
			<node>
				<identifier>	MP_CM011_Fire_Fighting_Gear	</identifier>
				<transform>
					<row0>	-0.3993 0.0000 0.9168 0.0000	</row0>
					<row1>	0.0000 1.0000 0.0000 0.0000	</row1>
					<row2>	-0.9168 0.0000 -0.3993 0.0000	</row2>
					<row3>	0.1256 0.3342 1.9511 1.0000	</row3>
				</transform>
			</node>
			<node>
				<identifier>	MP_CM011_Fire_Fighting_Gear_INDEX_1	</identifier>
				<transform>
					<row0>	1.0000 0.0000 0.0000 0.0000	</row0>
					<row1>	0.0000 1.0000 0.0000 0.0000	</row1>
					<row2>	0.0000 0.0000 1.0000 0.0000	</row2>
					<row3>	-0.1142 0.1828 0.7899 1.0000	</row3>
				</transform>
			</node>
			<node>
				<identifier>	MP_CM011_Fire_Fighting_Gear_INDEX_2	</identifier>
				<transform>
					<row0>	-0.3993 0.0000 -0.9168 0.0000	</row0>
					<row1>	0.0000 1.0000 0.0000 0.0000	</row1>
					<row2>	0.9168 0.0000 -0.3993 0.0000	</row2>
					<row3>	-0.1256 0.3342 1.9511 1.0000	</row3>
				</transform>
			</node>
			<node>
				<identifier>	MP_CM011_Fire_Fighting_Gear_INDEX_3	</identifier>
				<transform>
					<row0>	1.0000 0.0000 0.0000 0.0000	</row0>
					<row1>	0.0000 1.0000 0.0000 0.0000	</row1>
					<row2>	0.0000 0.0000 1.0000 0.0000	</row2>
					<row3>	0.1142 0.1828 0.7899 1.0000	</row3>
				</transform>
			</node>
			<node>
				<identifier>	MP_CM011_Fire_Fighting_Gear_INDEX_4	</identifier>
				<transform>
					<row0>	1.0000 0.0000 0.0000 0.0000	</row0>
					<row1>	0.0000 1.0000 0.0000 0.0000	</row1>
					<row2>	0.0000 0.0000 1.0000 0.0000	</row2>
					<row3>	-0.0864 0.1836 0.1867 1.0000	</row3>
				</transform>
			</node>
			<node>
				<identifier>	MP_CM011_Fire_Fighting_Gear_INDEX_5	</identifier>
				<transform>
					<row0>	1.0000 0.0000 0.0000 0.0000	</row0>
					<row1>	0.0000 1.0000 0.0000 0.0000	</row1>
					<row2>	0.0000 0.0000 1.0000 0.0000	</row2>
					<row3>	0.0864 0.1836 -0.0100 1.0000	</row3>
				</transform>
			</node>
			<node>
				<identifier>	MP_CM012_Fire_Hose_Rack_1	</identifier>
				<transform>
					<row0>	-0.9600 0.0000 -0.2799 0.0000	</row0>
					<row1>	0.0000 1.0000 0.0000 0.0000	</row1>
					<row2>	0.2799 0.0000 -0.9600 0.0000	</row2>
					<row3>	0.1267 0.4003 1.9271 1.0000	</row3>
				</transform>
			</node>
			<node>
				<identifier>	MP_CM012_Fire_Hose_Rack_1_INDEX_1	</identifier>
				<transform>
					<row0>	1.0000 0.0000 0.0000 0.0000	</row0>
					<row1>	0.0000 1.0000 0.0000 0.0000	</row1>
					<row2>	0.0000 0.0000 1.0000 0.0000	</row2>
					<row3>	-0.1055 0.2246 0.9022 1.0000	</row3>
				</transform>
			</node>
			<node>
				<identifier>	MP_CM012_Fire_Hose_Rack_1_INDEX_2	</identifier>
				<transform>
					<row0>	0.9395 0.0000 -0.3426 0.0000	</row0>
					<row1>	0.0000 1.0000 0.0000 0.0000	</row1>
					<row2>	0.3426 0.0000 0.9395 0.0000	</row2>
					<row3>	-0.1267 0.4003 1.9271 1.0000	</row3>
				</transform>
			</node>
			<node>
				<identifier>	MP_CM012_Fire_Hose_Rack_1_INDEX_3	</identifier>
				<transform>
					<row0>	-1.0000 0.0000 0.0000 0.0000	</row0>
					<row1>	0.0000 1.0000 0.0000 0.0000	</row1>
					<row2>	0.0000 0.0000 -1.0000 0.0000	</row2>
					<row3>	0.1055 0.2246 0.8125 1.0000	</row3>
				</transform>
			</node>
			<node>
				<identifier>	MP_CM012_Fire_Hose_Rack_1_INDEX_4	</identifier>
				<transform>
					<row0>	-1.0000 0.0000 0.0000 0.0000	</row0>
					<row1>	0.0000 1.0000 0.0000 0.0000	</row1>
					<row2>	0.0000 0.0000 -1.0000 0.0000	</row2>
					<row3>	0.0753 0.2365 -0.0967 1.0000	</row3>
				</transform>
			</node>
			<node>
				<identifier>	MP_CM012_Fire_Hose_Rack_1_INDEX_5	</identifier>
				<transform>
					<row0>	1.0000 0.0000 0.0000 0.0000	</row0>
					<row1>	0.0000 1.0000 0.0000 0.0000	</row1>
					<row2>	0.0000 0.0000 1.0000 0.0000	</row2>
					<row3>	-0.0744 0.2360 -0.0983 1.0000	</row3>
				</transform>
			</node>
			<node>
				<identifier>	MP_CM014_Fuel_Oil_Hose	</identifier>
				<transform>
					<row0>	0.0000 0.0000 1.0000 0.0000	</row0>
					<row1>	0.0000 1.0000 0.0000 0.0000	</row1>
					<row2>	-1.0000 0.0000 0.0000 0.0000	</row2>
					<row3>	0.0330 0.2522 0.7836 1.0000	</row3>
				</transform>
			</node>
			<node>
				<identifier>	MP_CM014_Fuel_Oil_Hose_INDEX_1	</identifier>
				<transform>
					<row0>	0.0000 0.0000 1.0000 0.0000	</row0>
					<row1>	0.0000 1.0000 0.0000 0.0000	</row1>
					<row2>	-1.0000 0.0000 0.0000 0.0000	</row2>
					<row3>	-0.0332 0.2252 0.7836 1.0000	</row3>
				</transform>
			</node>
			<node>
				<identifier>	MP_CM029_Emergency_Box	</identifier>
				<transform>
					<row0>	0.0000 0.0000 -1.0000 0.0000	</row0>
					<row1>	0.0000 1.0000 0.0000 0.0000	</row1>
					<row2>	1.0000 0.0000 0.0000 0.0000	</row2>
					<row3>	-0.1487 0.4003 1.5767 1.0000	</row3>
				</transform>
			</node>
			<node>
				<identifier>	MP_CM029_Emergency_Box_INDEX_1	</identifier>
				<transform>
					<row0>	-0.2209 0.0000 -0.9753 0.0000	</row0>
					<row1>	0.0000 1.0000 0.0000 0.0000	</row1>
					<row2>	0.9753 0.0000 -0.2209 0.0000	</row2>
					<row3>	-0.1417 0.4003 1.8964 1.0000	</row3>
				</transform>
			</node>
			<node>
				<identifier>	MP_CM029_Emergency_Box_INDEX_2	</identifier>
				<transform>
					<row0>	0.0000 0.0000 -1.0000 0.0000	</row0>
					<row1>	0.0000 1.0000 0.0000 0.0000	</row1>
					<row2>	1.0000 0.0000 0.0000 0.0000	</row2>
					<row3>	-0.0813 0.2468 -0.1282 1.0000	</row3>
				</transform>
			</node>
			<node>
				<identifier>	MP_CM029_Emergency_Box_INDEX_3	</identifier>
				<transform>
					<row0>	0.0000 0.0000 1.0000 0.0000	</row0>
					<row1>	0.0000 1.0000 0.0000 0.0000	</row1>
