<BSD004_Acasta_1940_Bow_ports.visual>
	<node>
		<identifier>	Scene Root	</identifier>
		<transform>
			<row0>	1.0000 0.0000 0.0000 0.0000	</row0>
			<row1>	0.0000 1.0000 0.0000 0.0000	</row1>
			<row2>	0.0000 0.0000 1.0000 0.0000	</row2>
			<row3>	0.0000 0.0000 0.0000 1.0000	</row3>
		</transform>
		<node>
			<identifier>	Bow_ports	</identifier>
			<transform>
				<row0>	1.0000 0.0000 0.0000 0.0000	</row0>
				<row1>	0.0000 1.0000 0.0000 0.0000	</row1>
				<row2>	0.0000 0.0000 1.0000 0.0000	</row2>
				<row3>	0.0000 0.0000 0.0000 1.0000	</row3>
			</transform>
			<node>
				<identifier>	HP_BGM_1	</identifier>
				<transform>
					<row0>	1.0000 0.0000 0.0000 0.0000	</row0>
					<row1>	0.0000 1.0000 0.0000 0.0000	</row1>
					<row2>	0.0000 0.0000 1.0000 0.0000	</row2>
					<row3>	0.0000 0.3311 2.2718 1.0000	</row3>
				</transform>
			</node>
			<node>
				<identifier>	HP_FX_Fire_1	</identifier>
				<transform>
					<row0>	1.0000 0.0000 0.0000 0.0000	</row0>
					<row1>	0.0000 1.0000 0.0000 0.0000	</row1>
					<row2>	0.0000 0.0000 1.0000 0.0000	</row2>
					<row3>	0.0000 0.3414 2.7511 1.0000	</row3>
				</transform>
			</node>
			<node>
				<identifier>	HP_FX_WakeTrace	</identifier>
				<transform>
					<row0>	1.0000 0.0000 0.0000 0.0000	</row0>
					<row1>	0.0000 1.0000 0.0000 0.0000	</row1>
					<row2>	0.0000 0.0000 1.0000 0.0000	</row2>
					<row3>	0.0000 0.0000 3.2234 1.0000	</row3>
				</transform>
			</node>
			<node>
				<identifier>	HP_Ship_death_1	</identifier>
				<transform>
					<row0>	1.0000 0.0000 0.0000 0.0000	</row0>
					<row1>	0.0000 1.0000 0.0000 0.0000	</row1>
					<row2>	0.0000 0.0000 1.0000 0.0000	</row2>
					<row3>	0.0000 0.0000 2.1186 1.0000	</row3>
				</transform>
			</node>
			<node>
				<identifier>	MP_BM021_Crown	</identifier>
				<transform>
					<row0>	1.0000 0.0000 0.0000 0.0000	</row0>
					<row1>	0.0000 1.0000 0.0000 0.0000	</row1>
					<row2>	0.0000 0.0000 1.0000 0.0000	</row2>
					<row3>	0.0000 0.6082 3.2893 1.0000	</row3>
				</transform>
			</node>
			<node>
				<identifier>	MP_BM039_Artillery_shell	</identifier>
				<transform>
					<row0>	-0.9969 0.0000 0.0784 0.0000	</row0>
					<row1>	0.0000 1.0000 0.0000 0.0000	</row1>
					<row2>	-0.0784 0.0000 -0.9969 0.0000	</row2>
					<row3>	-0.2663 0.3264 2.2955 1.0000	</row3>
				</transform>
			</node>
			<node>
				<identifier>	MP_BM039_Artillery_shell_INDEX_1	</identifier>
				<transform>
					<row0>	0.9931 0.0000 0.1168 0.0000	</row0>
					<row1>	0.0000 1.0000 0.0000 0.0000	</row1>
					<row2>	-0.1168 0.0000 0.9931 0.0000	</row2>
					<row3>	0.2618 0.3275 2.3430 1.0000	</row3>
				</transform>
			</node>
			<node>
				<identifier>	MP_BM039_Artillery_shell_INDEX_10	</identifier>
				<transform>
					<row0>	-1.0000 0.0000 0.0000 0.0000	</row0>
					<row1>	0.0000 1.0000 0.0000 0.0000	</row1>
					<row2>	0.0000 0.0000 -1.0000 0.0000	</row2>
					<row3>	-0.2565 0.3288 2.3914 1.0000	</row3>
				</transform>
			</node>
			<node>
				<identifier>	MP_BM039_Artillery_shell_INDEX_2	</identifier>
				<transform>
					<row0>	0.9931 0.0000 0.1168 0.0000	</row0>
					<row1>	0.0000 1.0000 0.0000 0.0000	</row1>
					<row2>	-0.1168 0.0000 0.9931 0.0000	</row2>
					<row3>	0.2565 0.3288 2.3914 1.0000	</row3>
				</transform>
			</node>
			<node>
				<identifier>	MP_BM039_Artillery_shell_INDEX_3	</identifier>
				<transform>
					<row0>	-0.9984 0.0000 0.0565 0.0000	</row0>
					<row1>	0.0000 1.0000 0.0000 0.0000	</row1>
					<row2>	-0.0565 0.0000 -0.9984 0.0000	</row2>
					<row3>	-0.2695 0.3254 2.2458 1.0000	</row3>
				</transform>
			</node>
			<node>
				<identifier>	MP_BM039_Artillery_shell_INDEX_4	</identifier>
				<transform>
					<row0>	0.9983 0.0000 0.0589 0.0000	</row0>
					<row1>	0.0000 1.0000 0.0000 0.0000	</row1>
					<row2>	-0.0589 0.0000 0.9983 0.0000	</row2>
					<row3>	0.2718 0.3246 2.1931 1.0000	</row3>
				</transform>
			</node>
			<node>
				<identifier>	MP_BM039_Artillery_shell_INDEX_5	</identifier>
				<transform>
					<row0>	0.9931 0.0000 0.1168 0.0000	</row0>
					<row1>	0.0000 1.0000 0.0000 0.0000	</row1>
					<row2>	-0.1168 0.0000 0.9931 0.0000	</row2>
					<row3>	0.2663 0.3264 2.2955 1.0000	</row3>
				</transform>
			</node>
			<node>
				<identifier>	MP_BM039_Artillery_shell_INDEX_6	</identifier>
				<transform>
					<row0>	-0.9991 0.0000 0.0435 0.0000	</row0>
					<row1>	0.0000 1.0000 0.0000 0.0000	</row1>
					<row2>	-0.0435 0.0000 -0.9991 0.0000	</row2>
					<row3>	-0.2718 0.3246 2.1931 1.0000	</row3>
				</transform>
			</node>
			<node>
				<identifier>	MP_BM039_Artillery_shell_INDEX_7	</identifier>
				<transform>
					<row0>	-0.9948 0.0000 0.1014 0.0000	</row0>
					<row1>	0.0000 1.0000 0.0000 0.0000	</row1>
					<row2>	-0.1014 0.0000 -0.9948 0.0000	</row2>
					<row3>	-0.2618 0.3275 2.3430 1.0000	</row3>
				</transform>
			</node>
			<node>
				<identifier>	MP_BM039_Artillery_shell_INDEX_8	</identifier>
				<transform>
					<row0>	0.9983 0.0000 0.0589 0.0000	</row0>
					<row1>	0.0000 1.0000 0.0000 0.0000	</row1>
					<row2>	-0.0589 0.0000 0.9983 0.0000	</row2>
					<row3>	0.2695 0.3254 2.2458 1.0000	</row3>
				</transform>
			</node>
			<node>
				<identifier>	MP_BM039_Artillery_shell_INDEX_9	</identifier>
				<transform>
					<row0>	-0.9994 0.0000 0.0350 0.0000	</row0>
					<row1>	0.0000 1.0000 0.0000 0.0000	</row1>
					<row2>	-0.0350 0.0000 -0.9994 0.0000	</row2>
					<row3>	-0.2737 0.3237 2.1393 1.0000	</row3>
				</transform>
			</node>
			<node>
				<identifier>	MP_BM800_Ventilators_mushroom	</identifier>
				<transform>
					<row0>	1.0000 0.0000 0.0000 0.0000	</row0>
					<row1>	0.0000 1.0000 0.0000 0.0000	</row1>
					<row2>	0.0000 0.0000 1.0000 0.0000	</row2>
					<row3>	0.2171 0.3171 2.4364 1.0000	</row3>
				</transform>
			</node>
			<node>
				<identifier>	MP_BM802_Ventilation	</identifier>
				<transform>
					<row0>	0.3071 0.0000 0.0000 0.0000	</row0>
					<row1>	0.0000 0.3071 0.0000 0.0000	</row1>
					<row2>	0.0000 0.0000 0.3071 0.0000	</row2>
					<row3>	-0.1220 0.3532 3.0012 1.0000	</row3>
				</transform>
			</node>
			<node>
				<identifier>	MP_BM802_Ventilation_INDEX_1	</identifier>
				<transform>
					<row0>	0.3071 0.0000 0.0000 0.0000	</row0>
					<row1>	0.0000 0.3071 0.0000 0.0000	</row1>
					<row2>	0.0000 0.0000 0.3071 0.0000	</row2>
					<row3>	0.1220 0.3532 3.0012 1.0000	</row3>
				</transform>
			</node>
			<node>
				<identifier>	MP_BM858_Signal_Lamp	</identifier>
				<transform>
					<row0>	1.0000 0.0000 0.0000 0.0000	</row0>
					<row1>	0.0000 1.0000 0.0000 0.0000	</row1>
					<row2>	0.0000 0.0000 1.0000 0.0000	</row2>
					<row3>	0.0000 0.5431 3.2979 1.0000	</row3>
				</transform>
			</node>
			<node>
				<identifier>	MP_BM967_Bollard	</identifier>
				<transform>
					<row0>	0.4825 -0.0341 0.0728 0.0000	</row0>
					<row1>	0.0364 0.4877 -0.0127 0.0000	</row1>
					<row2>	-0.0717 0.0180 0.4836 0.0000	</row2>
					<row3>	0.2194 0.3377 2.6981 1.0000	</row3>
				</transform>
			</node>
			<node>
				<identifier>	MP_BM967_Bollard_INDEX_1	</identifier>
				<transform>
					<row0>	0.4825 0.0341 -0.0728 0.0000	</row0>
					<row1>	-0.0366 0.4876 -0.0137 0.0000	</row1>
					<row2>	0.0716 0.0190 0.4835 0.0000	</row2>
					<row3>	-0.2194 0.3377 2.6981 1.0000	</row3>
				</transform>
			</node>
			<node>
				<identifier>	MP_BM973_Fairlead	</identifier>
				<transform>
					<row0>	0.9489 0.0607 -0.3097 0.0000	</row0>
					<row1>	-0.0725 0.9970 -0.0266 0.0000	</row1>
					<row2>	0.3071 0.0476 0.9505 0.0000	</row2>
					<row3>	-0.1758 0.3490 2.9515 1.0000	</row3>
				</transform>
			</node>
			<node>
				<identifier>	MP_BM973_Fairlead_INDEX_1	</identifier>
				<transform>
					<row0>	0.9489 -0.0607 0.3097 0.0000	</row0>
					<row1>	0.0728 0.9970 -0.0275 0.0000	</row1>
					<row2>	-0.3071 0.0487 0.9504 0.0000	</row2>
					<row3>	0.1758 0.3490 2.9515 1.0000	</row3>
				</transform>
			</node>
		</node>
	</node>
	<boundingBox>
		<min>	-0.0667 -0.0667 -0.0667	</min>
		<max>	0.0667 0.0667 0.0667	</max>
	</boundingBox>
</BSD004_Acasta_1940_Bow_ports.visual>
