<BGM066_16in45_BL_MkI_lod2.visual>
	<node>
		<identifier>	Scene Root	</identifier>
		<transform>
			<row0>	1.0000 0.0000 0.0000 0.0000	</row0>
			<row1>	0.0000 1.0000 0.0000 0.0000	</row1>
			<row2>	0.0000 0.0000 1.0000 0.0000	</row2>
			<row3>	0.0000 0.0000 0.0000 1.0000	</row3>
		</transform>
		<node>
			<identifier>	Root	</identifier>
			<transform>
				<row0>	1.0000 0.0000 0.0000 0.0000	</row0>
				<row1>	0.0000 1.0000 0.0000 0.0000	</row1>
				<row2>	0.0000 0.0000 1.0000 0.0000	</row2>
				<row3>	0.0000 0.0000 0.0000 1.0000	</row3>
			</transform>
			<node>
				<identifier>	Root_BlendBone	</identifier>
				<transform>
					<row0>	1.0000 0.0000 0.0000 0.0000	</row0>
					<row1>	0.0000 1.0000 0.0000 0.0000	</row1>
					<row2>	0.0000 0.0000 -1.0000 0.0000	</row2>
					<row3>	0.0000 0.0000 0.0000 1.0000	</row3>
				</transform>
			</node>
			<node>
				<identifier>	Rotate_Y	</identifier>
				<transform>
					<row0>	1.0000 0.0000 0.0000 0.0000	</row0>
					<row1>	0.0000 1.0000 0.0000 0.0000	</row1>
					<row2>	0.0000 0.0000 1.0000 0.0000	</row2>
					<row3>	0.0000 0.0053 0.0000 1.0000	</row3>
				</transform>
				<node>
					<identifier>	HP_BC_1	</identifier>
					<transform>
						<row0>	1.0000 0.0000 0.0000 0.0000	</row0>
						<row1>	0.0000 1.0000 0.0000 0.0000	</row1>
						<row2>	0.0000 0.0000 1.0000 0.0000	</row2>
						<row3>	0.0000 0.1755 -0.0892 1.0000	</row3>
					</transform>
				</node>
				<node>
					<identifier>	HP_BGA_1	</identifier>
					<transform>
						<row0>	1.0000 0.0000 0.0000 0.0000	</row0>
						<row1>	0.0000 1.0000 0.0000 0.0000	</row1>
						<row2>	0.0000 0.0000 1.0000 0.0000	</row2>
						<row3>	0.0000 0.1811 0.1639 1.0000	</row3>
					</transform>
				</node>
				<node>
					<identifier>	HP_BGA_2	</identifier>
					<transform>
						<row0>	0.0000 0.0000 1.0000 0.0000	</row0>
						<row1>	0.0000 1.0000 0.0000 0.0000	</row1>
						<row2>	-1.0000 0.0000 0.0000 0.0000	</row2>
						<row3>	-0.1478 0.1762 -0.0672 1.0000	</row3>
					</transform>
				</node>
				<node>
					<identifier>	HP_BGA_3	</identifier>
					<transform>
						<row0>	0.0000 0.0000 -1.0000 0.0000	</row0>
						<row1>	0.0000 1.0000 0.0000 0.0000	</row1>
						<row2>	1.0000 0.0000 0.0000 0.0000	</row2>
						<row3>	0.1478 0.1762 -0.0672 1.0000	</row3>
					</transform>
				</node>
				<node>
					<identifier>	HP_BGA_4	</identifier>
					<transform>
						<row0>	1.0000 0.0000 0.0000 0.0000	</row0>
						<row1>	0.0000 1.0000 0.0000 0.0000	</row1>
						<row2>	0.0000 0.0000 1.0000 0.0000	</row2>
						<row3>	0.0000 0.1768 -0.2241 1.0000	</row3>
					</transform>
				</node>
				<node>
					<identifier>	HP_BGA_5	</identifier>
					<transform>
						<row0>	0.0000 0.0000 1.0000 0.0000	</row0>
						<row1>	0.0000 1.0000 0.0000 0.0000	</row1>
						<row2>	-1.0000 0.0000 0.0000 0.0000	</row2>
						<row3>	-0.2004 0.1741 -0.3206 1.0000	</row3>
					</transform>
				</node>
				<node>
					<identifier>	HP_BGA_6	</identifier>
					<transform>
						<row0>	0.0000 0.0000 -1.0000 0.0000	</row0>
						<row1>	0.0000 1.0000 0.0000 0.0000	</row1>
						<row2>	1.0000 0.0000 0.0000 0.0000	</row2>
						<row3>	0.2004 0.1741 -0.3206 1.0000	</row3>
					</transform>
				</node>
				<node>
					<identifier>	MP_BM435_Ready_use_storage	</identifier>
					<transform>
						<row0>	1.0000 0.0000 0.0000 0.0000	</row0>
						<row1>	0.0000 1.0000 0.0000 0.0000	</row1>
						<row2>	0.0000 0.0000 1.0000 0.0000	</row2>
						<row3>	0.0000 -0.0053 0.0000 1.0000	</row3>
					</transform>
				</node>
				<node>
					<identifier>	MP_BM450_Gun_Deck_for_BGM021	</identifier>
					<transform>
						<row0>	0.5000 0.0000 0.8660 0.0000	</row0>
						<row1>	0.0000 1.0000 0.0000 0.0000	</row1>
						<row2>	-0.8660 0.0000 0.5000 0.0000	</row2>
						<row3>	0.0000 0.1823 0.1646 1.0000	</row3>
					</transform>
				</node>
				<node>
					<identifier>	MP_BM493_gundeck_for_BGM066	</identifier>
					<transform>
						<row0>	1.0000 0.0000 0.0000 0.0000	</row0>
						<row1>	0.0000 1.0000 0.0000 0.0000	</row1>
						<row2>	0.0000 0.0000 1.0000 0.0000	</row2>
						<row3>	0.0000 0.1717 -0.2141 1.0000	</row3>
					</transform>
				</node>
				<node>
					<identifier>	MP_BM509_Liferaft_type_20_10ft	</identifier>
					<transform>
						<row0>	0.8988 0.0000 -0.4384 0.0000	</row0>
						<row1>	-0.4384 0.0000 -0.8988 0.0000	</row1>
						<row2>	0.0000 1.0000 0.0000 0.0000	</row2>
						<row3>	-0.2051 0.0604 -0.5209 1.0000	</row3>
					</transform>
				</node>
				<node>
					<identifier>	MP_BM509_Liferaft_type_20_10ft_INDEX_1	</identifier>
					<transform>
						<row0>	0.9712 0.0000 -0.2382 0.0000	</row0>
						<row1>	-0.2382 0.0000 -0.9712 0.0000	</row1>
						<row2>	0.0000 1.0000 0.0000 0.0000	</row2>
						<row3>	-0.1029 0.0604 -0.5567 1.0000	</row3>
					</transform>
				</node>
				<node>
					<identifier>	MP_BM509_Liferaft_type_20_10ft_INDEX_2	</identifier>
					<transform>
						<row0>	0.0000 -1.0000 0.0000 0.0000	</row0>
						<row1>	-0.2349 0.0000 -0.9720 0.0000	</row1>
						<row2>	0.9720 0.0000 -0.2349 0.0000	</row2>
						<row3>	-0.1045 0.2403 -0.5329 1.0000	</row3>
					</transform>
				</node>
				<node>
					<identifier>	MP_BM509_Liferaft_type_20_10ft_INDEX_3	</identifier>
					<transform>
						<row0>	0.0000 1.0000 0.0000 0.0000	</row0>
						<row1>	0.2349 0.0000 -0.9720 0.0000	</row1>
						<row2>	-0.9720 0.0000 -0.2349 0.0000	</row2>
						<row3>	0.1045 0.2403 -0.5329 1.0000	</row3>
					</transform>
				</node>
				<node>
					<identifier>	MP_BM509_Liferaft_type_20_10ft_INDEX_4	</identifier>
					<transform>
						<row0>	0.8988 0.0000 0.4384 0.0000	</row0>
						<row1>	0.4384 0.0000 -0.8988 0.0000	</row1>
						<row2>	0.0000 1.0000 0.0000 0.0000	</row2>
						<row3>	0.2051 0.0604 -0.5209 1.0000	</row3>
					</transform>
				</node>
				<node>
					<identifier>	MP_BM509_Liferaft_type_20_10ft_INDEX_5	</identifier>
					<transform>
						<row0>	0.9712 0.0000 0.2382 0.0000	</row0>
						<row1>	0.2382 0.0000 -0.9712 0.0000	</row1>
						<row2>	0.0000 1.0000 0.0000 0.0000	</row2>
						<row3>	0.1029 0.0604 -0.5567 1.0000	</row3>
					</transform>
				</node>
				<node>
					<identifier>	MP_BM509_Liferaft_type_20_10ft_INDEX_6	</identifier>
					<transform>
						<row0>	0.0000 1.0000 0.0000 0.0000	</row0>
						<row1>	-0.4384 0.0000 -0.8988 0.0000	</row1>
						<row2>	-0.8988 0.0000 0.4384 0.0000	</row2>
						<row3>	-0.2051 0.0936 -0.5209 1.0000	</row3>
					</transform>
				</node>
				<node>
					<identifier>	MP_BM509_Liferaft_type_20_10ft_INDEX_7	</identifier>
					<transform>
						<row0>	0.0000 -1.0000 0.0000 0.0000	</row0>
						<row1>	0.4384 0.0000 -0.8988 0.0000	</row1>
						<row2>	0.8988 0.0000 0.4384 0.0000	</row2>
						<row3>	0.2051 0.0936 -0.5209 1.0000	</row3>
					</transform>
				</node>
				<node>
					<identifier>	MP_BM704_Locker	</identifier>
					<transform>
						<row0>	0.8801 0.0000 -0.4748 0.0000	</row0>
						<row1>	0.0000 1.0000 0.0000 0.0000	</row1>
						<row2>	0.4748 0.0000 0.8801 0.0000	</row2>
						<row3>	-0.2691 0.2011 -0.4244 1.0000	</row3>
					</transform>
				</node>
				<node>
					<identifier>	MP_BM704_Locker_INDEX_1	</identifier>
					<transform>
						<row0>	0.5000 0.0000 0.8660 0.0000	</row0>
						<row1>	0.0000 1.0000 0.0000 0.0000	</row1>
						<row2>	-0.8660 0.0000 0.5000 0.0000	</row2>
						<row3>	0.0952 0.2168 0.1099 1.0000	</row3>
					</transform>
				</node>
				<node>
					<identifier>	MP_BM704_Locker_INDEX_2	</identifier>
					<transform>
						<row0>	0.5000 0.0000 -0.8660 0.0000	</row0>
						<row1>	0.0000 1.0000 0.0000 0.0000	</row1>
						<row2>	0.8660 0.0000 0.5000 0.0000	</row2>
						<row3>	-0.0948 0.2168 0.1093 1.0000	</row3>
					</transform>
				</node>
				<node>
					<identifier>	MP_BM704_Locker_INDEX_3	</identifier>
					<transform>
						<row0>	-0.8149 0.0000 -0.5797 0.0000	</row0>
						<row1>	0.0000 1.0000 0.0000 0.0000	</row1>
						<row2>	0.5797 0.0000 -0.8149 0.0000	</row2>
						<row3>	-0.2857 0.2011 -0.1874 1.0000	</row3>
					</transform>
				</node>
				<node>
					<identifier>	MP_BM704_Locker_INDEX_4	</identifier>
					<transform>
						<row0>	0.8801 0.0000 0.4748 0.0000	</row0>
						<row1>	0.0000 1.0000 0.0000 0.0000	</row1>
						<row2>	-0.4748 0.0000 0.8801 0.0000	</row2>
						<row3>	0.2691 0.2011 -0.4244 1.0000	</row3>
					</transform>
				</node>
				<node>
					<identifier>	MP_BM704_Locker_INDEX_5	</identifier>
					<transform>
						<row0>	-0.8149 0.0000 0.5797 0.0000	</row0>
						<row1>	0.0000 1.0000 0.0000 0.0000	</row1>
						<row2>	-0.5797 0.0000 -0.8149 0.0000	</row2>
						<row3>	0.2857 0.2011 -0.1874 1.0000	</row3>
					</transform>
				</node>
				<node>
					<identifier>	MP_BM705_Ammunition_Box	</identifier>
					<transform>
						<row0>	1.0000 0.0000 0.0000 0.0000	</row0>
						<row1>	0.0000 1.0000 0.0000 0.0000	</row1>
						<row2>	0.0000 0.0000 1.0000 0.0000	</row2>
						<row3>	-0.2079 0.1737 -0.3417 1.0000	</row3>
					</transform>
				</node>
				<node>
					<identifier>	MP_BM705_Ammunition_Box_INDEX_1	</identifier>
					<transform>
						<row0>	1.0000 0.0000 0.0000 0.0000	</row0>
						<row1>	0.0000 1.0000 0.0000 0.0000	</row1>
						<row2>	0.0000 0.0000 1.0000 0.0000	</row2>
						<row3>	0.2670 0.1719 -0.3417 1.0000	</row3>
					</transform>
				</node>
				<node>
					<identifier>	MP_BM705_Ammunition_Box_INDEX_2	</identifier>
					<transform>
						<row0>	1.0000 0.0000 0.0000 0.0000	</row0>
						<row1>	0.0000 1.0000 0.0000 0.0000	</row1>
						<row2>	0.0000 0.0000 1.0000 0.0000	</row2>
						<row3>	-0.1818 0.1752 -0.4310 1.0000	</row3>
					</transform>
				</node>
				<node>
					<identifier>	MP_BM705_Ammunition_Box_INDEX_3	</identifier>
					<transform>
						<row0>	1.0000 0.0000 0.0000 0.0000	</row0>
						<row1>	0.0000 1.0000 0.0000 0.0000	</row1>
						<row2>	0.0000 0.0000 1.0000 0.0000	</row2>
						<row3>	0.0000 0.1818 -0.3375 1.0000	</row3>
					</transform>
				</node>
				<node>
					<identifier>	MP_BM705_Ammunition_Box_INDEX_4	</identifier>
					<transform>
						<row0>	1.0000 0.0000 0.0000 0.0000	</row0>
						<row1>	0.0000 1.0000 0.0000 0.0000	</row1>
						<row2>	0.0000 0.0000 1.0000 0.0000	</row2>
						<row3>	0.0000 0.1817 -0.2327 1.0000	</row3>
					</transform>
				</node>
				<node>
					<identifier>	MP_BM705_Ammunition_Box_INDEX_5	</identifier>
					<transform>
						<row0>	0.0000 0.0000 -1.0000 0.0000	</row0>
						<row1>	0.0000 1.0000 0.0000 0.0000	</row1>
						<row2>	1.0000 0.0000 0.0000 0.0000	</row2>
						<row3>	-0.2112 0.1738 -0.1905 1.0000	</row3>
					</transform>
				</node>
				<node>
					<identifier>	MP_BM705_Ammunition_Box_INDEX_6	</identifier>
					<transform>
						<row0>	0.0000 0.0000 1.0000 0.0000	</row0>
						<row1>	0.0000 1.0000 0.0000 0.0000	</row1>
						<row2>	-1.0000 0.0000 0.0000 0.0000	</row2>
						<row3>	0.2112 0.1738 -0.1905 1.0000	</row3>
					</transform>
				</node>
				<node>
					<identifier>	Rotate_X	</identifier>
					<transform>
						<row0>	1.0000 0.0000 0.0000 0.0000	</row0>
						<row1>	0.0000 1.0000 0.0000 0.0000	</row1>
						<row2>	0.0000 0.0000 1.0000 0.0000	</row2>
						<row3>	0.0000 0.0556 0.2350 1.0000	</row3>
					</transform>
					<node>
						<identifier>	HP_gunFireEffect	</identifier>
						<transform>
							<row0>	1.0000 0.0000 0.0000 0.0000	</row0>
							<row1>	0.0000 1.0000 0.0000 0.0000	</row1>
							<row2>	0.0000 0.0000 1.0000 0.0000	</row2>
							<row3>	0.0000 -0.0030 0.8700 1.0000	</row3>
						</transform>
					</node>
					<node>
						<identifier>	Roll_Back1	</identifier>
						<transform>
							<row0>	1.0000 0.0000 0.0000 0.0000	</row0>
							<row1>	0.0000 1.0000 0.0000 0.0000	</row1>
							<row2>	0.0000 0.0000 1.0000 0.0000	</row2>
							<row3>	0.0000 -0.0030 0.8700 1.0000	</row3>
						</transform>
						<node>
							<identifier>	HP_gunFire1	</identifier>
							<transform>
								<row0>	1.0000 0.0000 0.0000 0.0000	</row0>
								<row1>	0.0000 1.0000 0.0000 0.0000	</row1>
								<row2>	0.0000 0.0000 1.0000 0.0000	</row2>
								<row3>	-0.1660 0.0000 0.0000 1.0000	</row3>
							</transform>
						</node>
						<node>
							<identifier>	HP_gunFire2	</identifier>
							<transform>
								<row0>	1.0000 0.0000 0.0000 0.0000	</row0>
								<row1>	0.0000 1.0000 0.0000 0.0000	</row1>
								<row2>	0.0000 0.0000 1.0000 0.0000	</row2>
								<row3>	0.0000 0.0000 0.0000 1.0000	</row3>
							</transform>
						</node>
						<node>
							<identifier>	HP_gunFire3	</identifier>
							<transform>
								<row0>	1.0000 0.0000 0.0000 0.0000	</row0>
								<row1>	0.0000 1.0000 0.0000 0.0000	</row1>
								<row2>	0.0000 0.0000 1.0000 0.0000	</row2>
								<row3>	0.1660 0.0000 0.0000 1.0000	</row3>
							</transform>
						</node>
						<node>
							<identifier>	Roll_Back1_BlendBone	</identifier>
							<transform>
								<row0>	1.0000 0.0000 0.0000 0.0000	</row0>
								<row1>	0.0000 1.0000 0.0000 0.0000	</row1>
								<row2>	0.0000 0.0000 -1.0000 0.0000	</row2>
								<row3>	0.0000 -0.0579 -1.1049 1.0000	</row3>
							</transform>
						</node>
					</node>
					<node>
						<identifier>	Rotate_X_BlendBone	</identifier>
						<transform>
							<row0>	1.0000 0.0000 0.0000 0.0000	</row0>
							<row1>	0.0000 1.0000 0.0000 0.0000	</row1>
							<row2>	0.0000 0.0000 -1.0000 0.0000	</row2>
							<row3>	0.0000 -0.0609 -0.2350 1.0000	</row3>
						</transform>
					</node>
				</node>
				<node>
					<identifier>	Rotate_Y_BlendBone	</identifier>
					<transform>
						<row0>	1.0000 0.0000 0.0000 0.0000	</row0>
						<row1>	0.0000 1.0000 0.0000 0.0000	</row1>
						<row2>	0.0000 0.0000 -1.0000 0.0000	</row2>
						<row3>	0.0000 -0.0053 0.0000 1.0000	</row3>
					</transform>
				</node>
			</node>
		</node>
		<node>
			<identifier>	Turret	</identifier>
			<transform>
				<row0>	1.0000 0.0000 0.0000 0.0000	</row0>
				<row1>	0.0000 1.0000 0.0000 0.0000	</row1>
				<row2>	0.0000 0.0000 1.0000 0.0000	</row2>
				<row3>	0.0000 0.0000 0.0000 1.0000	</row3>
			</transform>
		</node>
	</node>
	<renderSet>
		<treatAsWorldSpaceObject>	true	</treatAsWorldSpaceObject>
		<node>	Roll_Back1_BlendBone	</node>
		<node>	Rotate_X_BlendBone	</node>
		<node>	Rotate_Y_BlendBone	</node>
		<geometry>
			<vertices>	Turret_lod2Shape.vertices	</vertices>
			<primitive>	Turret_lod2Shape.indices	</primitive>
			<primitiveGroup>	0
				<material>
					<identifier>	SHIPMAT_PBS_Gun_skinned	</identifier>
					<mfm>	PnFMods/ModsSDK.zip/BSB517_Nelson/gun/BGM066_16in45_BL_MkI_skinned.mfm	</mfm>
				</material>
			</primitiveGroup>
		</geometry>
	</renderSet>
	<boundingBox>
		<min>	-0.4338 -0.0128 -0.5678	</min>
		<max>	0.4338 0.2073 1.1050	</max>
	</boundingBox>
</BGM066_16in45_BL_MkI_lod2.visual>
