<HSD003_Tromp_1945_Bow_ports.visual>
	<node>
		<identifier>	Scene Root	</identifier>
		<transform>
			<row0>	1.0000 0.0000 0.0000 0.0000	</row0>
			<row1>	0.0000 1.0000 0.0000 0.0000	</row1>
			<row2>	0.0000 0.0000 1.0000 0.0000	</row2>
			<row3>	0.0000 0.0000 0.0000 1.0000	</row3>
		</transform>
		<node>
			<identifier>	Bow_ports	</identifier>
			<transform>
				<row0>	1.0000 0.0000 0.0000 0.0000	</row0>
				<row1>	0.0000 1.0000 0.0000 0.0000	</row1>
				<row2>	0.0000 0.0000 1.0000 0.0000	</row2>
				<row3>	0.0000 0.0000 0.0000 1.0000	</row3>
			</transform>
			<node>
				<identifier>	HP_FX_Fire_1	</identifier>
				<transform>
					<row0>	1.0000 0.0000 0.0000 0.0000	</row0>
					<row1>	0.0000 1.0000 0.0000 0.0000	</row1>
					<row2>	0.0000 0.0000 1.0000 0.0000	</row2>
					<row3>	0.0000 0.4118 3.5612 1.0000	</row3>
				</transform>
			</node>
			<node>
				<identifier>	HP_FX_WakeTrace	</identifier>
				<transform>
					<row0>	1.0000 0.0000 0.0000 0.0000	</row0>
					<row1>	0.0000 1.0000 0.0000 0.0000	</row1>
					<row2>	0.0000 0.0000 1.0000 0.0000	</row2>
					<row3>	0.0000 0.0000 4.3128 1.0000	</row3>
				</transform>
			</node>
			<node>
				<identifier>	HP_Ship_death_1	</identifier>
				<transform>
					<row0>	1.0000 0.0000 0.0000 0.0000	</row0>
					<row1>	0.0000 1.0000 0.0000 0.0000	</row1>
					<row2>	0.0000 0.0000 1.0000 0.0000	</row2>
					<row3>	0.0000 0.0000 2.9665 1.0000	</row3>
				</transform>
			</node>
			<node>
				<identifier>	MP_HM001_Anchor_down	</identifier>
				<transform>
					<row0>	0.8329 -0.4433 0.3313 0.0000	</row0>
					<row1>	0.5395 0.7839 -0.3074 0.0000	</row1>
					<row2>	-0.1235 0.4347 0.8920 0.0000	</row2>
					<row3>	0.0493 0.2489 4.1769 1.0000	</row3>
				</transform>
			</node>
			<node>
				<identifier>	MP_HM001_Anchor_down_INDEX_1	</identifier>
				<transform>
					<row0>	0.8329 0.4433 -0.3313 0.0000	</row0>
					<row1>	-0.5395 0.7839 -0.3074 0.0000	</row1>
					<row2>	0.1235 0.4347 0.8920 0.0000	</row2>
					<row3>	-0.0493 0.2489 4.1769 1.0000	</row3>
				</transform>
			</node>
			<node>
				<identifier>	MP_HM002_Anchor_up	</identifier>
				<transform>
					<row0>	0.9912 -0.0969 -0.0899 0.0000	</row0>
					<row1>	0.0474 0.8953 -0.4429 0.0000	</row1>
					<row2>	0.1235 0.4347 0.8921 0.0000	</row2>
					<row3>	-0.0493 0.2489 4.1769 1.0000	</row3>
				</transform>
			</node>
			<node>
				<identifier>	MP_HM002_Anchor_up_INDEX_1	</identifier>
				<transform>
					<row0>	0.9912 0.0969 0.0899 0.0000	</row0>
					<row1>	-0.0474 0.8953 -0.4429 0.0000	</row1>
					<row2>	-0.1235 0.4347 0.8921 0.0000	</row2>
					<row3>	0.0493 0.2489 4.1769 1.0000	</row3>
				</transform>
			</node>
		</node>
	</node>
	<boundingBox>
		<min>	-0.0667 -0.0667 -0.0667	</min>
		<max>	0.0667 0.0667 0.0667	</max>
	</boundingBox>
</HSD003_Tromp_1945_Bow_ports.visual>
