<JSB002_Mutsu_1933_MidBack_ports.visual>
	<node>
		<identifier>	Scene Root	</identifier>
		<transform>
			<row0>	1.0000 0.0000 0.0000 0.0000	</row0>
			<row1>	0.0000 1.0000 0.0000 0.0000	</row1>
			<row2>	0.0000 0.0000 1.0000 0.0000	</row2>
			<row3>	0.0000 0.0000 0.0000 1.0000	</row3>
		</transform>
		<node>
			<identifier>	MidBack_ports	</identifier>
			<transform>
				<row0>	1.0000 0.0000 0.0000 0.0000	</row0>
				<row1>	0.0000 1.0000 0.0000 0.0000	</row1>
				<row2>	0.0000 0.0000 1.0000 0.0000	</row2>
				<row3>	0.0000 0.0000 0.0000 1.0000	</row3>
			</transform>
			<node>
				<identifier>	HP_FX_Death_3	</identifier>
				<transform>
					<row0>	1.0000 0.0000 0.0000 0.0000	</row0>
					<row1>	0.0000 1.0000 0.0000 0.0000	</row1>
					<row2>	0.0000 0.0000 1.0000 0.0000	</row2>
					<row3>	0.0000 0.0000 -5.2233 1.0000	</row3>
				</transform>
			</node>
			<node>
				<identifier>	HP_FX_Fire_3	</identifier>
				<transform>
					<row0>	1.0000 0.0000 0.0000 0.0000	</row0>
					<row1>	0.0000 1.0000 0.0000 0.0000	</row1>
					<row2>	0.0000 0.0000 1.0000 0.0000	</row2>
					<row3>	0.0000 0.5395 -2.2665 1.0000	</row3>
				</transform>
			</node>
			<node>
				<identifier>	HP_FX_Fire_3_side_1	</identifier>
				<transform>
					<row0>	0.9981 0.0000 -0.0623 0.0000	</row0>
					<row1>	0.0000 1.0000 0.0000 0.0000	</row1>
					<row2>	0.0623 0.0000 0.9981 0.0000	</row2>
					<row3>	0.7849 0.2105 -2.1629 1.0000	</row3>
				</transform>
			</node>
			<node>
				<identifier>	HP_FX_Fire_3_side_2	</identifier>
				<transform>
					<row0>	0.9982 0.0000 -0.0601 0.0000	</row0>
					<row1>	0.0000 1.0000 0.0000 0.0000	</row1>
					<row2>	0.0601 0.0000 0.9982 0.0000	</row2>
					<row3>	-0.6835 0.2397 -3.8625 1.0000	</row3>
				</transform>
			</node>
			<node>
				<identifier>	HP_FX_FloodLight_left_2	</identifier>
				<transform>
					<row0>	-1.0000 0.0000 0.0000 0.0000	</row0>
					<row1>	0.0000 1.0000 0.0000 0.0000	</row1>
					<row2>	0.0000 0.0000 -1.0000 0.0000	</row2>
					<row3>	-0.6257 0.5347 -1.5302 1.0000	</row3>
				</transform>
			</node>
			<node>
				<identifier>	HP_FX_FloodLight_right_1	</identifier>
				<transform>
					<row0>	1.0000 0.0000 0.0000 0.0000	</row0>
					<row1>	0.0000 1.0000 0.0000 0.0000	</row1>
					<row2>	0.0000 0.0000 1.0000 0.0000	</row2>
					<row3>	0.6257 0.5347 -1.5302 1.0000	</row3>
				</transform>
			</node>
			<node>
				<identifier>	HP_FX_Flood_water_left	</identifier>
				<transform>
					<row0>	-1.0000 0.0000 0.0000 0.0000	</row0>
					<row1>	0.0000 1.0000 0.0000 0.0000	</row1>
					<row2>	0.0000 0.0000 -1.0000 0.0000	</row2>
					<row3>	-0.9138 0.0955 -3.0840 1.0000	</row3>
				</transform>
			</node>
			<node>
				<identifier>	HP_FX_Flood_water_left_2	</identifier>
				<transform>
					<row0>	-1.0000 0.0000 0.0000 0.0000	</row0>
					<row1>	0.0000 1.0000 0.0000 0.0000	</row1>
					<row2>	0.0000 0.0000 -1.0000 0.0000	</row2>
					<row3>	-0.9680 0.0949 -1.3630 1.0000	</row3>
				</transform>
			</node>
			<node>
				<identifier>	HP_FX_Flood_water_right	</identifier>
				<transform>
					<row0>	1.0000 0.0000 0.0000 0.0000	</row0>
					<row1>	0.0000 1.0000 0.0000 0.0000	</row1>
					<row2>	0.0000 0.0000 1.0000 0.0000	</row2>
					<row3>	0.9135 0.0949 -3.0832 1.0000	</row3>
				</transform>
			</node>
			<node>
				<identifier>	HP_FX_Flood_water_right_2	</identifier>
				<transform>
					<row0>	1.0000 0.0000 0.0000 0.0000	</row0>
					<row1>	0.0000 1.0000 0.0000 0.0000	</row1>
					<row2>	0.0000 0.0000 1.0000 0.0000	</row2>
					<row3>	0.9681 0.0950 -1.3620 1.0000	</row3>
				</transform>
			</node>
			<node>
				<identifier>	HP_FX_RepairLight_left_2	</identifier>
				<transform>
					<row0>	-0.0601 0.0000 0.9982 0.0000	</row0>
					<row1>	-0.0076 1.0000 -0.0005 0.0000	</row1>
					<row2>	-0.9982 -0.0077 -0.0601 0.0000	</row2>
					<row3>	-0.8689 0.2308 -3.6024 1.0000	</row3>
				</transform>
			</node>
			<node>
				<identifier>	HP_FX_RepairLight_right_2	</identifier>
				<transform>
					<row0>	-0.1406 0.0000 -0.9901 0.0000	</row0>
					<row1>	0.0489 0.9988 -0.0069 0.0000	</row1>
					<row2>	0.9889 -0.0494 -0.1405 0.0000	</row2>
					<row3>	0.7792 0.2398 -4.4938 1.0000	</row3>
				</transform>
			</node>
			<node>
				<identifier>	HP_Flagpole	</identifier>
				<transform>
					<row0>	-0.9000 0.0000 0.0000 0.0000	</row0>
					<row1>	0.0000 0.9000 0.0000 0.0000	</row1>
					<row2>	0.0000 0.0000 -0.9000 0.0000	</row2>
					<row3>	0.0000 4.1135 -1.2117 1.0000	</row3>
				</transform>
			</node>
			<node>
				<identifier>	HP_JC_1	</identifier>
				<transform>
					<row0>	0.0000 0.0000 -1.0000 0.0000	</row0>
					<row1>	0.0000 1.0000 0.0000 0.0000	</row1>
					<row2>	1.0000 0.0000 0.0000 0.0000	</row2>
					<row3>	-0.1032 0.6584 -2.2835 1.0000	</row3>
				</transform>
			</node>
			<node>
				<identifier>	HP_JD_4	</identifier>
				<transform>
					<row0>	-1.0000 0.0000 0.0000 0.0000	</row0>
					<row1>	0.0000 1.0000 0.0000 0.0000	</row1>
					<row2>	0.0000 0.0000 -1.0000 0.0000	</row2>
					<row3>	0.0000 1.2002 -1.6872 1.0000	</row3>
				</transform>
			</node>
			<node>
				<identifier>	HP_JGM_3	</identifier>
				<transform>
					<row0>	-1.0000 0.0000 0.0000 0.0000	</row0>
					<row1>	0.0000 1.0000 0.0000 0.0000	</row1>
					<row2>	0.0000 0.0000 -1.0000 0.0000	</row2>
					<row3>	0.0000 0.5237 -3.5066 1.0000	</row3>
				</transform>
			</node>
			<node>
				<identifier>	HP_JGM_4	</identifier>
				<transform>
					<row0>	-1.0000 0.0000 0.0000 0.0000	</row0>
					<row1>	0.0000 1.0000 0.0000 0.0000	</row1>
					<row2>	0.0000 0.0000 -1.0000 0.0000	</row2>
					<row3>	0.0000 0.3100 -4.4894 1.0000	</row3>
				</transform>
			</node>
			<node>
				<identifier>	HP_JGS_21	</identifier>
				<transform>
					<row0>	0.0000 0.0000 1.0000 0.0000	</row0>
					<row1>	0.0000 1.0000 0.0000 0.0000	</row1>
					<row2>	-1.0000 0.0000 0.0000 0.0000	</row2>
					<row3>	-0.4390 0.5859 -1.4893 1.0000	</row3>
				</transform>
			</node>
			<node>
				<identifier>	HP_JGS_22	</identifier>
				<transform>
					<row0>	0.0000 0.0000 -1.0000 0.0000	</row0>
					<row1>	0.0000 1.0000 0.0000 0.0000	</row1>
					<row2>	1.0000 0.0000 0.0000 0.0000	</row2>
					<row3>	0.4390 0.5859 -1.4893 1.0000	</row3>
				</transform>
			</node>
			<node>
				<identifier>	HP_JGS_23	</identifier>
				<transform>
					<row0>	-0.9397 0.0000 0.3420 0.0000	</row0>
					<row1>	0.0000 1.0000 0.0000 0.0000	</row1>
					<row2>	-0.3420 0.0000 -0.9397 0.0000	</row2>
					<row3>	-0.7326 0.2696 -1.6639 1.0000	</row3>
				</transform>
			</node>
			<node>
				<identifier>	HP_JGS_24	</identifier>
				<transform>
					<row0>	-0.9397 0.0000 -0.3420 0.0000	</row0>
					<row1>	0.0000 1.0000 0.0000 0.0000	</row1>
					<row2>	0.3420 0.0000 -0.9397 0.0000	</row2>
					<row3>	0.7326 0.2696 -1.6639 1.0000	</row3>
				</transform>
			</node>
			<node>
				<identifier>	HP_Ship_death_2	</identifier>
				<transform>
					<row0>	1.0000 0.0000 0.0000 0.0000	</row0>
					<row1>	0.0000 1.0000 0.0000 0.0000	</row1>
					<row2>	0.0000 0.0000 1.0000 0.0000	</row2>
					<row3>	0.0000 0.0000 -1.1251 1.0000	</row3>
				</transform>
			</node>
			<node>
				<identifier>	HP_flag_courtesy	</identifier>
				<transform>
					<row0>	0.9560 -0.2932 0.0079 0.0000	</row0>
					<row1>	0.2932 0.9546 -0.0528 0.0000	</row1>
					<row2>	0.0079 0.0528 0.9986 0.0000	</row2>
					<row3>	0.4849 1.9106 -1.7784 1.0000	</row3>
				</transform>
			</node>
			<node>
				<identifier>	HP_flag_house	</identifier>
				<transform>
					<row0>	0.9560 0.2932 -0.0079 0.0000	</row0>
					<row1>	-0.2932 0.9546 -0.0528 0.0000	</row1>
					<row2>	-0.0079 0.0528 0.9986 0.0000	</row2>
					<row3>	-0.4848 1.9106 -1.7784 1.0000	</row3>
				</transform>
			</node>
			<node>
				<identifier>	HP_flag_nation	</identifier>
				<transform>
					<row0>	0.9985 -0.0555 -0.0024 0.0000	</row0>
					<row1>	0.0555 0.9948 0.0850 0.0000	</row1>
					<row2>	-0.0024 -0.0850 0.9964 0.0000	</row2>
					<row3>	-0.0003 3.0692 -1.5570 1.0000	</row3>
				</transform>
			</node>
			<node>
				<identifier>	HP_flag_rank	</identifier>
				<transform>
					<row0>	0.9985 -0.0555 -0.0024 0.0000	</row0>
					<row1>	0.0555 0.9948 0.0850 0.0000	</row1>
					<row2>	-0.0024 -0.0850 0.9964 0.0000	</row2>
					<row3>	-0.0189 2.7366 -1.5855 1.0000	</row3>
				</transform>
			</node>
			<node>
				<identifier>	MP_CM008_Life_Buoy_1	</identifier>
				<transform>
					<row0>	0.0568 0.0000 0.9984 0.0000	</row0>
					<row1>	0.0000 1.0000 0.0000 0.0000	</row1>
					<row2>	-0.9984 0.0000 0.0568 0.0000	</row2>
					<row3>	0.8813 0.2867 -3.4003 1.0000	</row3>
				</transform>
			</node>
			<node>
				<identifier>	MP_CM008_Life_Buoy_1_INDEX_1	</identifier>
				<transform>
					<row0>	0.0568 0.0000 -0.9984 0.0000	</row0>
					<row1>	0.0000 1.0000 0.0000 0.0000	</row1>
					<row2>	0.9984 0.0000 0.0568 0.0000	</row2>
					<row3>	-0.8812 0.2867 -3.4003 1.0000	</row3>
				</transform>
			</node>
			<node>
				<identifier>	MP_CM011_Fire_Fighting_Gear	</identifier>
				<transform>
					<row0>	0.0000 0.0000 1.0000 0.0000	</row0>
					<row1>	0.0000 1.0000 0.0000 0.0000	</row1>
					<row2>	-1.0000 0.0000 0.0000 0.0000	</row2>
					<row3>	0.1609 0.5883 -1.6044 1.0000	</row3>
				</transform>
			</node>
			<node>
				<identifier>	MP_CM011_Fire_Fighting_Gear_INDEX_1	</identifier>
				<transform>
					<row0>	0.4703 0.0000 -0.8825 0.0000	</row0>
					<row1>	0.0000 1.0000 0.0000 0.0000	</row1>
					<row2>	0.8825 0.0000 0.4703 0.0000	</row2>
					<row3>	-0.3978 0.2368 -3.4295 1.0000	</row3>
				</transform>
			</node>
			<node>
				<identifier>	MP_CM011_Fire_Fighting_Gear_INDEX_2	</identifier>
				<transform>
					<row0>	0.4703 0.0000 0.8825 0.0000	</row0>
					<row1>	0.0000 1.0000 0.0000 0.0000	</row1>
					<row2>	-0.8825 0.0000 0.4703 0.0000	</row2>
					<row3>	0.3978 0.2368 -3.4295 1.0000	</row3>
				</transform>
			</node>
			<node>
				<identifier>	MP_CM011_Fire_Fighting_Gear_INDEX_3	</identifier>
				<transform>
					<row0>	0.2848 0.0000 0.9586 0.0000	</row0>
					<row1>	0.0000 1.0000 0.0000 0.0000	</row1>
					<row2>	-0.9586 0.0000 0.2848 0.0000	</row2>
					<row3>	0.3429 0.2633 -4.6148 1.0000	</row3>
				</transform>
			</node>
			<node>
				<identifier>	MP_CM011_Fire_Fighting_Gear_INDEX_4	</identifier>
				<transform>
					<row0>	0.0000 0.0000 -1.0000 0.0000	</row0>
					<row1>	0.0000 1.0000 0.0000 0.0000	</row1>
					<row2>	1.0000 0.0000 0.0000 0.0000	</row2>
					<row3>	-0.1609 0.5883 -1.6044 1.0000	</row3>
				</transform>
			</node>
			<node>
				<identifier>	MP_CM012_Fire_Hose_Rack_1	</identifier>
				<transform>
					<row0>	-0.8612 0.0000 0.5083 0.0000	</row0>
					<row1>	0.0000 1.0000 0.0000 0.0000	</row1>
					<row2>	-0.5083 0.0000 -0.8612 0.0000	</row2>
					<row3>	0.3885 0.3029 -3.4258 1.0000	</row3>
				</transform>
			</node>
			<node>
				<identifier>	MP_CM012_Fire_Hose_Rack_1_INDEX_1	</identifier>
				<transform>
					<row0>	0.8612 0.0000 0.5084 0.0000	</row0>
					<row1>	0.0000 1.0000 0.0000 0.0000	</row1>
					<row2>	-0.5084 0.0000 0.8612 0.0000	</row2>
					<row3>	-0.3885 0.3029 -3.4258 1.0000	</row3>
				</transform>
			</node>
			<node>
				<identifier>	MP_CM012_Fire_Hose_Rack_1_INDEX_2	</identifier>
				<transform>
					<row0>	-0.9593 0.0000 0.2822 0.0000	</row0>
					<row1>	-0.0005 1.0000 -0.0014 0.0000	</row1>
					<row2>	-0.2822 -0.0015 -0.9593 0.0000	</row2>
					<row3>	0.3445 0.2830 -4.5800 1.0000	</row3>
				</transform>
			</node>
			<node>
				<identifier>	MP_CM012_Fire_Hose_Rack_1_INDEX_3	</identifier>
				<transform>
					<row0>	-0.9998 0.0000 0.0202 0.0000	</row0>
					<row1>	0.0000 1.0000 0.0000 0.0000	</row1>
					<row2>	-0.0202 0.0000 -0.9998 0.0000	</row2>
					<row3>	0.1540 0.6836 -1.6017 1.0000	</row3>
				</transform>
			</node>
			<node>
				<identifier>	MP_CM012_Fire_Hose_Rack_1_INDEX_4	</identifier>
				<transform>
					<row0>	1.0000 0.0000 0.0000 0.0000	</row0>
					<row1>	0.0000 1.0000 0.0000 0.0000	</row1>
					<row2>	0.0000 0.0000 1.0000 0.0000	</row2>
					<row3>	-0.1540 0.6836 -1.6017 1.0000	</row3>
				</transform>
			</node>
			<node>
				<identifier>	MP_CM014_Fuel_Oil_Hose	</identifier>
				<transform>
					<row0>	1.0000 0.0000 0.0000 0.0000	</row0>
					<row1>	0.0000 1.0000 0.0000 0.0000	</row1>
					<row2>	0.0000 0.0000 1.0000 0.0000	</row2>
					<row3>	-0.7404 0.2768 -2.2520 1.0000	</row3>
				</transform>
			</node>
			<node>
				<identifier>	MP_CM014_Fuel_Oil_Hose_INDEX_1	</identifier>
				<transform>
					<row0>	-1.0000 0.0000 0.0000 0.0000	</row0>
					<row1>	0.0000 1.0000 0.0000 0.0000	</row1>
					<row2>	0.0000 0.0000 -1.0000 0.0000	</row2>
					<row3>	0.7404 0.2476 -2.2520 1.0000	</row3>
				</transform>
			</node>
			<node>
				<identifier>	MP_CM014_Fuel_Oil_Hose_INDEX_2	</identifier>
				<transform>
					<row0>	-1.0000 0.0000 0.0000 0.0000	</row0>
					<row1>	0.0000 1.0000 0.0000 0.0000	</row1>
					<row2>	0.0000 0.0000 -1.0000 0.0000	</row2>
					<row3>	0.7404 0.2804 -2.2520 1.0000	</row3>
				</transform>
			</node>
			<node>
				<identifier>	MP_CM014_Fuel_Oil_Hose_INDEX_3	</identifier>
				<transform>
					<row0>	1.0000 0.0000 0.0000 0.0000	</row0>
					<row1>	0.0000 1.0000 0.0000 0.0000	</row1>
					<row2>	0.0000 0.0000 1.0000 0.0000	</row2>
					<row3>	-0.7404 0.2441 -2.2520 1.0000	</row3>
				</transform>
			</node>
			<node>
				<identifier>	MP_CM023_Accommodation_Ladder_Closed	</identifier>
				<transform>
					<row0>	0.9902 0.0000 -0.1393 0.0000	</row0>
					<row1>	0.0033 0.9997 0.0236 0.0000	</row1>
					<row2>	0.1393 -0.0239 0.9900 0.0000	</row2>
					<row3>	0.6758 0.2502 -4.3824 1.0000	</row3>
				</transform>
			</node>
			<node>
				<identifier>	MP_CM029_Emergency_Box	</identifier>
				<transform>
					<row0>	0.0009 0.0000 1.0000 0.0000	</row0>
					<row1>	0.0000 1.0000 0.0000 0.0000	</row1>
					<row2>	-1.0000 0.0000 0.0009 0.0000	</row2>
					<row3>	0.1081 0.6494 -1.6881 1.0000	</row3>
				</transform>
			</node>
			<node>
				<identifier>	MP_CM029_Emergency_Box_INDEX_1	</identifier>
				<transform>
					<row0>	0.0009 0.0000 -1.0000 0.0000	</row0>
					<row1>	0.0000 1.0000 0.0000 0.0000	</row1>
					<row2>	1.0000 0.0000 0.0009 0.0000	</row2>
					<row3>	-0.1081 0.6494 -1.6881 1.0000	</row3>
				</transform>
			</node>
			<node>
				<identifier>	MP_CM029_Emergency_Box_INDEX_2	</identifier>
				<transform>
					<row0>	0.1165 0.0000 -0.9932 0.0000	</row0>
					<row1>	0.0000 1.0000 0.0000 0.0000	</row1>
					<row2>	0.9932 0.0000 0.1165 0.0000	</row2>
					<row3>	-0.1039 1.0238 -1.5112 1.0000	</row3>
				</transform>
			</node>
			<node>
				<identifier>	MP_CM029_Emergency_Box_INDEX_3	</identifier>
				<transform>
					<row0>	0.1165 0.0000 0.9932 0.0000	</row0>
					<row1>	0.0000 1.0000 0.0000 0.0000	</row1>
					<row2>	-0.9932 0.0000 0.1165 0.0000	</row2>
					<row3>	0.1039 1.0238 -1.5112 1.0000	</row3>
				</transform>
			</node>
			<node>
				<identifier>	MP_CM029_Emergency_Box_INDEX_4	</identifier>
				<transform>
					<row0>	0.1133 0.0000 0.9936 0.0000	</row0>
					<row1>	0.0000 1.0000 0.0000 0.0000	</row1>
					<row2>	-0.9936 0.0000 0.1133 0.0000	</row2>
					<row3>	0.3591 0.3011 -3.5495 1.0000	</row3>
				</transform>
			</node>
			<node>
				<identifier>	MP_CM029_Emergency_Box_INDEX_5	</identifier>
				<transform>
					<row0>	0.1133 0.0000 -0.9936 0.0000	</row0>
					<row1>	0.0000 1.0000 0.0000 0.0000	</row1>
					<row2>	0.9936 0.0000 0.1133 0.0000	</row2>
					<row3>	-0.3591 0.3011 -3.5495 1.0000	</row3>
				</transform>
			</node>
			<node>
				<identifier>	MP_CM029_Emergency_Box_INDEX_6	</identifier>
				<transform>
					<row0>	-1.0000 0.0000 0.0000 0.0000	</row0>
					<row1>	0.0000 1.0000 0.0000 0.0000	</row1>
					<row2>	0.0000 0.0000 -1.0000 0.0000	</row2>
					<row3>	0.1794 0.4576 -1.5197 1.0000	</row3>
				</transform>
			</node>
			<node>
				<identifier>	MP_CM030_Swab_Rack_2	</identifier>
				<transform>
					<row0>	1.0000 0.0000 0.0000 0.0000	</row0>
					<row1>	0.0000 1.0000 0.0000 0.0000	</row1>
					<row2>	0.0000 0.0000 1.0000 0.0000	</row2>
					<row3>	-0.0315 0.3973 -1.5255 1.0000	</row3>
				</transform>
			</node>
			<node>
				<identifier>	MP_CM035_Accommodation_Ladder_Closed_L	</identifier>
				<transform>
					<row0>	0.9914 0.0002 0.1305 0.0000	</row0>
					<row1>	-0.0033 0.9997 0.0236 0.0000	</row1>
					<row2>	-0.1305 -0.0239 0.9912 0.0000	</row2>
					<row3>	-0.6741 0.2502 -4.3821 1.0000	</row3>
				</transform>
			</node>
			<node>
				<identifier>	MP_CM060_Flag_Box	</identifier>
				<transform>
					<row0>	1.0000 0.0000 0.0000 0.0000	</row0>
					<row1>	0.0000 1.0000 0.0000 0.0000	</row1>
					<row2>	0.0000 0.0000 1.0000 0.0000	</row2>
					<row3>	0.1485 0.9975 -1.7290 1.0000	</row3>
				</transform>
			</node>
			<node>
				<identifier>	MP_CM060_Flag_Box_INDEX_1	</identifier>
				<transform>
					<row0>	1.0000 0.0000 0.0000 0.0000	</row0>
					<row1>	0.0000 1.0000 0.0000 0.0000	</row1>
					<row2>	0.0000 0.0000 1.0000 0.0000	</row2>
					<row3>	-0.1485 0.9975 -1.7290 1.0000	</row3>
				</transform>
			</node>
			<node>
				<identifier>	MP_JM006_Binocular_1	</identifier>
				<transform>
					<row0>	-1.0000 0.0000 0.0000 0.0000	</row0>
					<row1>	0.0000 1.0000 0.0000 0.0000	</row1>
					<row2>	0.0000 0.0000 -1.0000 0.0000	</row2>
					<row3>	-0.2511 0.9619 -1.5445 1.0000	</row3>
				</transform>
			</node>
			<node>
				<identifier>	MP_JM006_Binocular_1_INDEX_1	</identifier>
				<transform>
					<row0>	1.0000 0.0000 0.0000 0.0000	</row0>
					<row1>	0.0000 1.0000 0.0000 0.0000	</row1>
					<row2>	0.0000 0.0000 1.0000 0.0000	</row2>
					<row3>	0.2511 0.9619 -1.5445 1.0000	</row3>
				</transform>
			</node>
			<node>
				<identifier>	MP_JM014_Reels_2	</identifier>
				<transform>
					<row0>	-1.3896 0.0000 -0.8106 0.0000	</row0>
					<row1>	0.0000 1.6088 0.0000 0.0000	</row1>
					<row2>	0.8106 0.0000 -1.3896 0.0000	</row2>
					<row3>	0.3159 0.4179 -3.2004 1.0000	</row3>
				</transform>
			</node>
			<node>
				<identifier>	MP_JM014_Reels_2_INDEX_1	</identifier>
				<transform>
					<row0>	-1.3896 0.0000 0.8106 0.0000	</row0>
					<row1>	0.0000 1.6088 0.0000 0.0000	</row1>
					<row2>	-0.8106 0.0000 -1.3896 0.0000	</row2>
					<row3>	-0.3159 0.4179 -3.2004 1.0000	</row3>
				</transform>
			</node>
			<node>
				<identifier>	MP_JM019_Ventilators_3	</identifier>
				<transform>
					<row0>	-1.2209 0.0000 0.0000 0.0000	</row0>
					<row1>	0.0000 1.2209 0.0000 0.0000	</row1>
					<row2>	0.0000 0.0000 -1.2209 0.0000	</row2>
					<row3>	-0.4320 0.2426 -4.5354 1.0000	</row3>
				</transform>
			</node>
			<node>
				<identifier>	MP_JM019_Ventilators_3_INDEX_1	</identifier>
				<transform>
					<row0>	-1.3846 0.0000 0.0000 0.0000	</row0>
					<row1>	0.0000 1.3846 0.0000 0.0000	</row1>
					<row2>	0.0000 0.0000 -1.3846 0.0000	</row2>
					<row3>	-0.2879 0.2344 -4.1141 1.0000	</row3>
				</transform>
			</node>
			<node>
				<identifier>	MP_JM019_Ventilators_3_INDEX_2	</identifier>
				<transform>
					<row0>	-0.8185 0.0000 0.0000 0.0000	</row0>
					<row1>	0.0000 0.8185 0.0000 0.0000	</row1>
					<row2>	0.0000 0.0000 -0.8185 0.0000	</row2>
					<row3>	0.3763 0.2364 -4.2853 1.0000	</row3>
				</transform>
			</node>
			<node>
				<identifier>	MP_JM026_Bollards	</identifier>
				<transform>
					<row0>	0.0000 -0.0194 0.9998 0.0000	</row0>
					<row1>	0.0000 0.9998 0.0194 0.0000	</row1>
					<row2>	-1.0000 0.0000 0.0000 0.0000	</row2>
					<row3>	-0.4385 0.2283 -3.5470 1.0000	</row3>
				</transform>
			</node>
			<node>
				<identifier>	MP_JM026_Bollards_INDEX_1	</identifier>
				<transform>
					<row0>	0.0000 0.0194 -0.9998 0.0000	</row0>
					<row1>	0.0000 0.9998 0.0194 0.0000	</row1>
					<row2>	1.0000 0.0000 0.0000 0.0000	</row2>
					<row3>	0.4361 0.2283 -3.5470 1.0000	</row3>
				</transform>
			</node>
			<node>
				<identifier>	MP_JM027_Fairlead_2	</identifier>
				<transform>
					<row0>	0.5475 0.0000 -0.0200 0.0000	</row0>
					<row1>	0.0000 0.5478 0.0000 0.0000	</row1>
					<row2>	0.0200 0.0000 0.5475 0.0000	</row2>
					<row3>	0.9156 0.2261 -2.5075 1.0000	</row3>
				</transform>
			</node>
			<node>
				<identifier>	MP_JM027_Fairlead_2_INDEX_1	</identifier>
				<transform>
					<row0>	0.9824 0.0000 0.1867 0.0000	</row0>
					<row1>	0.0000 1.0000 0.0000 0.0000	</row1>
					<row2>	-0.1867 0.0000 0.9824 0.0000	</row2>
					<row3>	-0.6823 0.2772 -5.0813 1.0000	</row3>
				</transform>
			</node>
			<node>
				<identifier>	MP_JM027_Fairlead_2_INDEX_2	</identifier>
				<transform>
					<row0>	0.5475 0.0000 0.0200 0.0000	</row0>
					<row1>	0.0000 0.5478 0.0000 0.0000	</row1>
					<row2>	-0.0200 0.0000 0.5475 0.0000	</row2>
					<row3>	-0.9156 0.2261 -2.5075 1.0000	</row3>
				</transform>
			</node>
			<node>
				<identifier>	MP_JM027_Fairlead_2_INDEX_3	</identifier>
				<transform>
					<row0>	0.9824 0.0000 -0.1867 0.0000	</row0>
					<row1>	0.0000 1.0000 0.0000 0.0000	</row1>
					<row2>	0.1867 0.0000 0.9824 0.0000	</row2>
					<row3>	0.6823 0.2772 -5.0813 1.0000	</row3>
				</transform>
			</node>
			<node>
				<identifier>	MP_JM028_Deck_Winch_1	</identifier>
				<transform>
					<row0>	0.0000 0.0000 -1.0000 0.0000	</row0>
					<row1>	0.0000 1.0000 0.0000 0.0000	</row1>
					<row2>	1.0000 0.0000 0.0000 0.0000	</row2>
					<row3>	0.3178 0.5819 -1.6730 1.0000	</row3>
				</transform>
			</node>
			<node>
				<identifier>	MP_JM028_Deck_Winch_1_INDEX_1	</identifier>
				<transform>
					<row0>	0.0000 0.0000 -1.0000 0.0000	</row0>
					<row1>	0.0000 1.0000 0.0000 0.0000	</row1>
					<row2>	1.0000 0.0000 0.0000 0.0000	</row2>
					<row3>	0.0651 0.5818 -1.7658 1.0000	</row3>
				</transform>
			</node>
			<node>
				<identifier>	MP_JM032_Electric_Deck_Winch	</identifier>
				<transform>
					<row0>	0.0000 0.0000 -1.0000 0.0000	</row0>
					<row1>	0.0000 1.0000 0.0000 0.0000	</row1>
					<row2>	1.0000 0.0000 0.0000 0.0000	</row2>
					<row3>	0.2512 0.3944 -1.3701 1.0000	</row3>
				</transform>
			</node>
			<node>
				<identifier>	MP_JM032_Electric_Deck_Winch_INDEX_1	</identifier>
				<transform>
					<row0>	0.7177 0.0000 -0.6964 0.0000	</row0>
					<row1>	0.0000 1.0000 0.0000 0.0000	</row1>
					<row2>	0.6964 0.0000 0.7177 0.0000	</row2>
					<row3>	-0.2797 0.2355 -3.7671 1.0000	</row3>
				</transform>
			</node>
			<node>
				<identifier>	MP_JM032_Electric_Deck_Winch_INDEX_2	</identifier>
				<transform>
					<row0>	0.0000 0.0000 1.0000 0.0000	</row0>
					<row1>	0.0000 1.0000 0.0000 0.0000	</row1>
					<row2>	-1.0000 0.0000 0.0000 0.0000	</row2>
					<row3>	-0.2486 0.3944 -1.3825 1.0000	</row3>
				</transform>
			</node>
			<node>
				<identifier>	MP_JM055_Deck_Hatch_4	</identifier>
				<transform>
					<row0>	1.0000 0.0000 0.0000 0.0000	</row0>
					<row1>	0.0000 1.0000 0.0000 0.0000	</row1>
					<row2>	0.0000 0.0000 1.0000 0.0000	</row2>
					<row3>	0.0000 1.1993 -1.4870 1.0000	</row3>
				</transform>
			</node>
			<node>
				<identifier>	MP_JM055_Deck_Hatch_4_INDEX_1	</identifier>
				<transform>
					<row0>	0.0000 0.0000 1.0000 0.0000	</row0>
					<row1>	0.0000 1.0000 0.0000 0.0000	</row1>
					<row2>	-1.0000 0.0000 0.0000 0.0000	</row2>
					<row3>	-0.0941 0.4085 -2.6355 1.0000	</row3>
				</transform>
			</node>
			<node>
				<identifier>	MP_JM055_Deck_Hatch_4_INDEX_2	</identifier>
				<transform>
					<row0>	0.0000 0.0000 1.0000 0.0000	</row0>
					<row1>	0.0000 1.0000 0.0000 0.0000	</row1>
					<row2>	-1.0000 0.0000 0.0000 0.0000	</row2>
					<row3>	-0.4572 0.4082 -2.6183 1.0000	</row3>
				</transform>
			</node>
			<node>
				<identifier>	MP_JM059_Deck_Hatch_8	</identifier>
				<transform>
					<row0>	1.0000 0.0000 0.0000 0.0000	</row0>
					<row1>	0.0000 1.0000 0.0000 0.0000	</row1>
					<row2>	0.0000 0.0000 1.0000 0.0000	</row2>
					<row3>	0.4004 0.4122 -2.8128 1.0000	</row3>
				</transform>
			</node>
			<node>
				<identifier>	MP_JM059_Deck_Hatch_8_INDEX_1	</identifier>
				<transform>
					<row0>	1.0000 0.0000 0.0000 0.0000	</row0>
					<row1>	0.0000 1.0000 0.0000 0.0000	</row1>
					<row2>	0.0000 0.0000 1.0000 0.0000	</row2>
					<row3>	-0.4004 0.4122 -2.8128 1.0000	</row3>
				</transform>
			</node>
			<node>
				<identifier>	MP_JM061_Deck_Hatch_10	</identifier>
				<transform>
					<row0>	1.0000 0.0000 0.0000 0.0000	</row0>
					<row1>	0.0000 1.0000 0.0000 0.0000	</row1>
					<row2>	0.0000 0.0000 1.0000 0.0000	</row2>
					<row3>	0.1338 0.2888 -5.0712 1.0000	</row3>
				</transform>
			</node>
			<node>
				<identifier>	MP_JM062_Deck_Hatch_11	</identifier>
				<transform>
					<row0>	0.0000 0.0000 -1.2797 0.0000	</row0>
					<row1>	0.0000 1.2797 0.0000 0.0000	</row1>
					<row2>	1.2797 0.0000 0.0000 0.0000	</row2>
					<row3>	-0.4424 0.2368 -3.7993 1.0000	</row3>
				</transform>
			</node>
			<node>
				<identifier>	MP_JM062_Deck_Hatch_11_INDEX_1	</identifier>
				<transform>
					<row0>	1.2797 0.0000 0.0000 0.0000	</row0>
					<row1>	0.0000 1.2797 0.0000 0.0000	</row1>
					<row2>	0.0000 0.0000 1.2797 0.0000	</row2>
					<row3>	-0.1170 0.3964 -1.4840 1.0000	</row3>
				</transform>
			</node>
			<node>
				<identifier>	MP_JM062_Deck_Hatch_11_INDEX_2	</identifier>
				<transform>
					<row0>	0.0000 0.0000 -1.0000 0.0000	</row0>
					<row1>	0.0000 1.0000 0.0000 0.0000	</row1>
					<row2>	1.0000 0.0000 0.0000 0.0000	</row2>
					<row3>	-0.0898 0.2638 -5.0533 1.0000	</row3>
				</transform>
			</node>
			<node>
				<identifier>	MP_JM062_Deck_Hatch_11_INDEX_3	</identifier>
				<transform>
					<row0>	1.2797 0.0000 0.0000 0.0000	</row0>
					<row1>	0.0000 1.2797 0.0000 0.0000	</row1>
					<row2>	0.0000 0.0000 1.2797 0.0000	</row2>
					<row3>	0.1170 0.3964 -1.4840 1.0000	</row3>
				</transform>
			</node>
			<node>
				<identifier>	MP_JM062_Deck_Hatch_11_INDEX_4	</identifier>
				<transform>
					<row0>	-1.2797 0.0000 0.0000 0.0000	</row0>
					<row1>	0.0000 1.2797 0.0000 0.0000	</row1>
					<row2>	0.0000 0.0000 -1.2797 0.0000	</row2>
					<row3>	0.0748 0.4062 -2.9447 1.0000	</row3>
				</transform>
			</node>
			<node>
				<identifier>	MP_JM062_Deck_Hatch_11_INDEX_5	</identifier>
				<transform>
					<row0>	0.0000 0.0000 1.2797 0.0000	</row0>
					<row1>	0.0000 1.2797 0.0000 0.0000	</row1>
					<row2>	-1.2797 0.0000 0.0000 0.0000	</row2>
					<row3>	-0.1548 0.2267 -4.0651 1.0000	</row3>
				</transform>
			</node>
			<node>
				<identifier>	MP_JM062_Deck_Hatch_11_INDEX_6	</identifier>
				<transform>
					<row0>	-1.2797 0.0000 0.0000 0.0000	</row0>
					<row1>	0.0000 1.2797 0.0000 0.0000	</row1>
					<row2>	0.0000 0.0000 -1.2797 0.0000	</row2>
					<row3>	0.3396 0.2343 -3.7214 1.0000	</row3>
				</transform>
			</node>
			<node>
				<identifier>	MP_JM066_Aircraft_Deck_Rails	</identifier>
				<transform>
					<row0>	-0.0945 0.0145 -0.9954 0.0000	</row0>
					<row1>	0.0015 0.9999 0.0144 0.0000	</row1>
					<row2>	0.9955 -0.0002 -0.0945 0.0000	</row2>
					<row3>	0.6285 0.4130 -2.0108 1.0000	</row3>
				</transform>
			</node>
			<node>
				<identifier>	MP_JM066_Aircraft_Deck_Rails_INDEX_1	</identifier>
				<transform>
					<row0>	-0.0945 -0.0145 0.9954 0.0000	</row0>
					<row1>	-0.0015 0.9999 0.0144 0.0000	</row1>
					<row2>	-0.9955 -0.0002 -0.0945 0.0000	</row2>
					<row3>	-0.6285 0.4130 -2.0108 1.0000	</row3>
				</transform>
			</node>
			<node>
				<identifier>	MP_JM088_Crane_Small_2	</identifier>
				<transform>
					<row0>	1.0000 0.0000 0.0000 0.0000	</row0>
					<row1>	0.0000 1.0000 0.0000 0.0000	</row1>
					<row2>	0.0000 0.0000 1.0000 0.0000	</row2>
					<row3>	0.1434 0.2273 -4.9672 1.0000	</row3>
				</transform>
			</node>
			<node>
				<identifier>	MP_JM149_Ammunition_Box	</identifier>
				<transform>
					<row0>	0.0000 0.0000 -1.0000 0.0000	</row0>
					<row1>	0.0000 1.0000 0.0000 0.0000	</row1>
					<row2>	1.0000 0.0000 0.0000 0.0000	</row2>
					<row3>	-0.1642 0.5780 -1.5440 1.0000	</row3>
				</transform>
			</node>
			<node>
				<identifier>	MP_JM149_Ammunition_Box_INDEX_1	</identifier>
				<transform>
					<row0>	0.0000 0.0000 1.0000 0.0000	</row0>
					<row1>	0.0000 1.0000 0.0000 0.0000	</row1>
					<row2>	-1.0000 0.0000 0.0000 0.0000	</row2>
					<row3>	0.1642 0.5780 -1.5440 1.0000	</row3>
				</transform>
			</node>
			<node>
				<identifier>	MP_JM166_Voice_Tube	</identifier>
				<transform>
					<row0>	0.0000 0.0000 1.0000 0.0000	</row0>
					<row1>	0.0000 1.0000 0.0000 0.0000	</row1>
					<row2>	-1.0000 0.0000 0.0000 0.0000	</row2>
					<row3>	-0.2609 0.9619 -1.5154 1.0000	</row3>
				</transform>
			</node>
			<node>
				<identifier>	MP_JM166_Voice_Tube_INDEX_1	</identifier>
				<transform>
					<row0>	-0.7824 0.0000 -0.6227 0.0000	</row0>
					<row1>	0.0000 1.0000 0.0000 0.0000	</row1>
					<row2>	0.6227 0.0000 -0.7824 0.0000	</row2>
					<row3>	0.0810 1.2003 -1.6993 1.0000	</row3>
				</transform>
			</node>
			<node>
				<identifier>	MP_JM166_Voice_Tube_INDEX_2	</identifier>
				<transform>
					<row0>	0.0000 0.0000 -1.0000 0.0000	</row0>
					<row1>	0.0000 1.0000 0.0000 0.0000	</row1>
					<row2>	1.0000 0.0000 0.0000 0.0000	</row2>
					<row3>	0.2609 0.9619 -1.5154 1.0000	</row3>
				</transform>
			</node>
			<node>
				<identifier>	MP_JM168_Ventilation	</identifier>
				<transform>
					<row0>	-0.6318 0.0000 0.0000 0.0000	</row0>
					<row1>	0.0000 0.6318 0.0000 0.0000	</row1>
					<row2>	0.0000 0.0000 -0.6318 0.0000	</row2>
					<row3>	0.1784 0.5753 -1.9692 1.0000	</row3>
				</transform>
			</node>
			<node>
				<identifier>	MP_JM191_SanBox	</identifier>
				<transform>
					<row0>	-0.0969 0.0000 -0.9953 0.0000	</row0>
					<row1>	0.0000 1.0000 0.0000 0.0000	</row1>
					<row2>	0.9953 0.0000 -0.0969 0.0000	</row2>
					<row3>	0.3721 0.2526 -4.5237 1.0000	</row3>
				</transform>
			</node>
			<node>
				<identifier>	MP_JM191_SanBox_INDEX_1	</identifier>
				<transform>
					<row0>	-0.4866 0.0000 -0.8736 0.0000	</row0>
					<row1>	0.0000 1.0000 0.0000 0.0000	</row1>
					<row2>	0.8736 0.0000 -0.4866 0.0000	</row2>
					<row3>	0.4336 0.2283 -3.3837 1.0000	</row3>
				</transform>
			</node>
			<node>
				<identifier>	MP_JM191_SanBox_INDEX_2	</identifier>
				<transform>
					<row0>	-0.8327 0.0000 -0.5537 0.0000	</row0>
					<row1>	0.0000 1.0000 0.0000 0.0000	</row1>
					<row2>	0.5537 0.0000 -0.8327 0.0000	</row2>
					<row3>	0.1827 0.5777 -1.3949 1.0000	</row3>
				</transform>
			</node>
			<node>
				<identifier>	MP_JM191_SanBox_INDEX_3	</identifier>
				<transform>
					<row0>	-0.8327 0.0000 0.5537 0.0000	</row0>
					<row1>	0.0000 1.0000 0.0000 0.0000	</row1>
					<row2>	-0.5537 0.0000 -0.8327 0.0000	</row2>
					<row3>	-0.1827 0.5777 -1.3949 1.0000	</row3>
				</transform>
			</node>
			<node>
				<identifier>	MP_JM191_SanBox_INDEX_4	</identifier>
				<transform>
					<row0>	-0.4866 0.0000 0.8736 0.0000	</row0>
					<row1>	0.0000 1.0000 0.0000 0.0000	</row1>
					<row2>	-0.8736 0.0000 -0.4866 0.0000	</row2>
					<row3>	-0.4333 0.2283 -3.3835 1.0000	</row3>
				</transform>
			</node>
			<node>
				<identifier>	MP_JM202_Fender	</identifier>
				<transform>
					<row0>	-0.8868 0.0000 -0.4621 0.0000	</row0>
					<row1>	0.0000 1.0000 0.0000 0.0000	</row1>
					<row2>	0.4621 0.0000 -0.8868 0.0000	</row2>
					<row3>	-0.5928 0.2239 -3.1228 1.0000	</row3>
				</transform>
			</node>
			<node>
				<identifier>	MP_JM202_Fender_INDEX_1	</identifier>
				<transform>
					<row0>	0.8868 0.0000 -0.4621 0.0000	</row0>
					<row1>	0.0000 1.0000 0.0000 0.0000	</row1>
					<row2>	0.4621 0.0000 0.8868 0.0000	</row2>
					<row3>	0.5933 0.2239 -3.1230 1.0000	</row3>
				</transform>
			</node>
			<node>
				<identifier>	MP_JM202_Fender_INDEX_2	</identifier>
				<transform>
					<row0>	1.0000 0.0000 0.0000 0.0000	</row0>
					<row1>	0.0000 1.0000 0.0000 0.0000	</row1>
					<row2>	0.0000 0.0000 1.0000 0.0000	</row2>
					<row3>	0.7617 0.2102 -2.4098 1.0000	</row3>
				</transform>
			</node>
			<node>
				<identifier>	MP_JM202_Fender_INDEX_3	</identifier>
				<transform>
					<row0>	-1.0000 0.0000 0.0000 0.0000	</row0>
					<row1>	0.0000 1.0000 0.0000 0.0000	</row1>
					<row2>	0.0000 0.0000 -1.0000 0.0000	</row2>
					<row3>	-0.7583 0.2102 -2.4098 1.0000	</row3>
				</transform>
			</node>
			<node>
				<identifier>	MP_JM209_Searchlight_early	</identifier>
				<transform>
					<row0>	0.0000 0.0000 -1.2270 0.0000	</row0>
					<row1>	0.0000 1.2270 0.0000 0.0000	</row1>
					<row2>	1.2270 0.0000 0.0000 0.0000	</row2>
					<row3>	0.2132 1.2357 -1.5331 1.0000	</row3>
				</transform>
			</node>
			<node>
				<identifier>	MP_JM209_Searchlight_early_INDEX_1	</identifier>
				<transform>
					<row0>	0.0000 0.0000 1.2270 0.0000	</row0>
					<row1>	0.0000 1.2270 0.0000 0.0000	</row1>
					<row2>	-1.2270 0.0000 0.0000 0.0000	</row2>
					<row3>	-0.2132 1.2357 -1.5331 1.0000	</row3>
				</transform>
			</node>
			<node>
				<identifier>	MP_JM215_Day_Light_Wind_Intensity	</identifier>
				<transform>
					<row0>	1.0000 0.0000 0.0000 0.0000	</row0>
					<row1>	0.0000 1.0000 0.0000 0.0000	</row1>
					<row2>	0.0000 0.0000 1.0000 0.0000	</row2>
					<row3>	0.0000 4.1600 -1.2263 1.0000	</row3>
				</transform>
			</node>
			<node>
				<identifier>	MP_JM217_Turntable_for_aircraft	</identifier>
				<transform>
					<row0>	1.1374 0.0000 -0.1128 0.0000	</row0>
					<row1>	0.0012 1.1429 0.0116 0.0000	</row1>
					<row2>	0.1128 -0.0117 1.1374 0.0000	</row2>
					<row3>	0.5597 0.4109 -2.7646 1.0000	</row3>
				</transform>
			</node>
			<node>
				<identifier>	MP_JM281_Crane	</identifier>
				<transform>
					<row0>	0.8632 0.0000 -0.5048 0.0000	</row0>
					<row1>	0.0000 1.0000 0.0000 0.0000	</row1>
					<row2>	0.5048 0.0000 0.8632 0.0000	</row2>
					<row3>	0.6006 0.3537 -3.0693 1.0000	</row3>
				</transform>
			</node>
			<node>
				<identifier>	MP_JM289_Bogie_Rangefinder_or_Searchlight	</identifier>
				<transform>
					<row0>	1.0000 0.0000 0.0000 0.0000	</row0>
					<row1>	0.0000 1.0000 0.0000 0.0000	</row1>
					<row2>	0.0000 0.0000 1.0000 0.0000	</row2>
					<row3>	-0.2132 1.2042 -1.5331 1.0000	</row3>
				</transform>
			</node>
			<node>
				<identifier>	MP_JM289_Bogie_Rangefinder_or_Searchlight_INDEX_1	</identifier>
				<transform>
					<row0>	1.2534 0.0000 0.0000 0.0000	</row0>
					<row1>	0.0000 1.2534 0.0000 0.0000	</row1>
					<row2>	0.0000 0.0000 1.2534 0.0000	</row2>
					<row3>	0.2132 1.2042 -1.5331 1.0000	</row3>
				</transform>
			</node>
			<node>
				<identifier>	MP_JM297_Signal_platorm	</identifier>
				<transform>
					<row0>	0.6097 0.0000 -0.7926 0.0000	</row0>
					<row1>	0.0000 1.0000 0.0000 0.0000	</row1>
					<row2>	0.7926 0.0000 0.6097 0.0000	</row2>
					<row3>	0.2838 0.9600 -1.6544 1.0000	</row3>
				</transform>
			</node>
			<node>
				<identifier>	MP_JM297_Signal_platorm_INDEX_1	</identifier>
				<transform>
					<row0>	0.6097 0.0000 0.7926 0.0000	</row0>
					<row1>	0.0000 1.0000 0.0000 0.0000	</row1>
					<row2>	-0.7926 0.0000 0.6097 0.0000	</row2>
					<row3>	-0.2838 0.9600 -1.6544 1.0000	</row3>
				</transform>
			</node>
			<node>
				<identifier>	MP_JM370_Concentration_Dial	</identifier>
				<transform>
					<row0>	-1.3429 0.0000 0.0000 0.0000	</row0>
					<row1>	0.0000 1.3429 0.0000 0.0000	</row1>
					<row2>	0.0000 0.0000 -1.3429 0.0000	</row2>
					<row3>	0.0000 1.8287 -1.4701 1.0000	</row3>
				</transform>
			</node>
		</node>
	</node>
	<boundingBox>
		<min>	-0.0667 -0.0667 -0.0667	</min>
		<max>	0.0667 0.0667 0.0667	</max>
	</boundingBox>
</JSB002_Mutsu_1933_MidBack_ports.visual>
