<ASB035_Arizona_1941_MidFront_ports.visual>
	<node>
		<identifier>	Scene Root	</identifier>
		<transform>
			<row0>	1.0000 0.0000 0.0000 0.0000	</row0>
			<row1>	0.0000 1.0000 0.0000 0.0000	</row1>
			<row2>	0.0000 0.0000 1.0000 0.0000	</row2>
			<row3>	0.0000 0.0000 0.0000 1.0000	</row3>
		</transform>
		<node>
			<identifier>	MidFront_ports	</identifier>
			<transform>
				<row0>	1.0000 0.0000 0.0000 0.0000	</row0>
				<row1>	0.0000 1.0000 0.0000 0.0000	</row1>
				<row2>	0.0000 0.0000 1.0000 0.0000	</row2>
				<row3>	0.0000 0.0000 0.0000 1.0000	</row3>
			</transform>
			<node>
				<identifier>	HP_AD_1	</identifier>
				<transform>
					<row0>	0.0000 0.0000 1.0000 0.0000	</row0>
					<row1>	0.0000 1.0000 0.0000 0.0000	</row1>
					<row2>	-1.0000 0.0000 0.0000 0.0000	</row2>
					<row3>	-0.2175 1.2086 1.4594 1.0000	</row3>
				</transform>
			</node>
			<node>
				<identifier>	HP_AD_2	</identifier>
				<transform>
					<row0>	0.0000 0.0000 -1.0000 0.0000	</row0>
					<row1>	0.0000 1.0000 0.0000 0.0000	</row1>
					<row2>	1.0000 0.0000 0.0000 0.0000	</row2>
					<row3>	0.2175 1.2086 1.4594 1.0000	</row3>
				</transform>
			</node>
			<node>
				<identifier>	HP_AD_3	</identifier>
				<transform>
					<row0>	0.0000 0.0000 1.0000 0.0000	</row0>
					<row1>	0.0000 1.0000 0.0000 0.0000	</row1>
					<row2>	-1.0000 0.0000 0.0000 0.0000	</row2>
					<row3>	-0.1733 2.0649 1.0139 1.0000	</row3>
				</transform>
			</node>
			<node>
				<identifier>	HP_AD_4	</identifier>
				<transform>
					<row0>	0.0000 0.0000 -1.0000 0.0000	</row0>
					<row1>	0.0000 1.0000 0.0000 0.0000	</row1>
					<row2>	1.0000 0.0000 0.0000 0.0000	</row2>
					<row3>	0.1733 2.0649 1.0139 1.0000	</row3>
				</transform>
			</node>
			<node>
				<identifier>	HP_AD_5	</identifier>
				<transform>
					<row0>	-1.0000 0.0000 0.0000 0.0000	</row0>
					<row1>	0.0000 1.0000 0.0000 0.0000	</row1>
					<row2>	0.0000 0.0000 -1.0000 0.0000	</row2>
					<row3>	0.0000 2.3288 1.0101 1.0000	</row3>
				</transform>
			</node>
			<node>
				<identifier>	HP_AD_6	</identifier>
				<transform>
					<row0>	0.0000 0.0000 1.0000 0.0000	</row0>
					<row1>	0.0000 1.0000 0.0000 0.0000	</row1>
					<row2>	-1.0000 0.0000 0.0000 0.0000	</row2>
					<row3>	-0.4063 1.5195 0.7921 1.0000	</row3>
				</transform>
			</node>
			<node>
				<identifier>	HP_AD_7	</identifier>
				<transform>
					<row0>	0.0000 0.0000 -1.0000 0.0000	</row0>
					<row1>	0.0000 1.0000 0.0000 0.0000	</row1>
					<row2>	1.0000 0.0000 0.0000 0.0000	</row2>
					<row3>	0.4064 1.5195 0.7921 1.0000	</row3>
				</transform>
			</node>
			<node>
				<identifier>	HP_AF_1	</identifier>
				<transform>
					<row0>	1.0000 0.0000 0.0000 0.0000	</row0>
					<row1>	0.0000 1.0000 0.0000 0.0000	</row1>
					<row2>	0.0000 0.0000 1.0000 0.0000	</row2>
					<row3>	0.0000 1.5386 1.4966 1.0000	</row3>
				</transform>
			</node>
			<node>
				<identifier>	HP_AGA_1	</identifier>
				<transform>
					<row0>	0.0000 0.0000 1.0000 0.0000	</row0>
					<row1>	0.0000 1.0000 0.0000 0.0000	</row1>
					<row2>	-1.0000 0.0000 0.0000 0.0000	</row2>
					<row3>	-0.3973 0.6619 1.8569 1.0000	</row3>
				</transform>
			</node>
			<node>
				<identifier>	HP_AGA_2	</identifier>
				<transform>
					<row0>	0.0000 0.0000 -1.0000 0.0000	</row0>
					<row1>	0.0000 1.0000 0.0000 0.0000	</row1>
					<row2>	1.0000 0.0000 0.0000 0.0000	</row2>
					<row3>	0.3973 0.6619 1.8569 1.0000	</row3>
				</transform>
			</node>
			<node>
				<identifier>	HP_AGA_3	</identifier>
				<transform>
					<row0>	1.0000 0.0000 0.0000 0.0000	</row0>
					<row1>	0.0000 1.0000 0.0000 0.0000	</row1>
					<row2>	0.0000 0.0000 1.0000 0.0000	</row2>
					<row3>	-0.1339 1.8921 1.1604 1.0000	</row3>
				</transform>
			</node>
			<node>
				<identifier>	HP_AGA_4	</identifier>
				<transform>
					<row0>	1.0000 0.0000 0.0000 0.0000	</row0>
					<row1>	0.0000 1.0000 0.0000 0.0000	</row1>
					<row2>	0.0000 0.0000 1.0000 0.0000	</row2>
					<row3>	0.1339 1.8921 1.1604 1.0000	</row3>
				</transform>
			</node>
			<node>
				<identifier>	HP_AGA_5	</identifier>
				<transform>
					<row0>	0.0000 0.0000 1.0000 0.0000	</row0>
					<row1>	0.0000 1.0000 0.0000 0.0000	</row1>
					<row2>	-1.0000 0.0000 0.0000 0.0000	</row2>
					<row3>	-0.2452 1.2725 0.2167 1.0000	</row3>
				</transform>
			</node>
			<node>
				<identifier>	HP_AGA_6	</identifier>
				<transform>
					<row0>	0.0000 0.0000 -1.0000 0.0000	</row0>
					<row1>	0.0000 1.0000 0.0000 0.0000	</row1>
					<row2>	1.0000 0.0000 0.0000 0.0000	</row2>
					<row3>	0.2452 1.2725 0.2167 1.0000	</row3>
				</transform>
			</node>
			<node>
				<identifier>	HP_AGM_2	</identifier>
				<transform>
					<row0>	1.0000 0.0000 0.0000 0.0000	</row0>
					<row1>	0.0000 1.0000 0.0000 0.0000	</row1>
					<row2>	0.0000 0.0000 1.0000 0.0000	</row2>
					<row3>	0.0000 0.8100 2.3718 1.0000	</row3>
				</transform>
			</node>
			<node>
				<identifier>	HP_AGS_1	</identifier>
				<transform>
					<row0>	1.0000 0.0000 0.0000 0.0000	</row0>
					<row1>	0.0000 1.0000 0.0000 0.0000	</row1>
					<row2>	0.0000 0.0000 1.0000 0.0000	</row2>
					<row3>	-0.3891 0.4832 1.9541 1.0000	</row3>
				</transform>
			</node>
			<node>
				<identifier>	HP_AGS_10	</identifier>
				<transform>
					<row0>	1.0000 0.0000 0.0000 0.0000	</row0>
					<row1>	0.0000 1.0000 0.0000 0.0000	</row1>
					<row2>	0.0000 0.0000 1.0000 0.0000	</row2>
					<row3>	0.8379 0.4832 0.7046 1.0000	</row3>
				</transform>
			</node>
			<node>
				<identifier>	HP_AGS_11	</identifier>
				<transform>
					<row0>	0.0000 0.0000 1.0000 0.0000	</row0>
					<row1>	0.0000 1.0000 0.0000 0.0000	</row1>
					<row2>	-1.0000 0.0000 0.0000 0.0000	</row2>
					<row3>	-0.7522 0.6623 0.2794 1.0000	</row3>
				</transform>
			</node>
			<node>
				<identifier>	HP_AGS_12	</identifier>
				<transform>
					<row0>	0.0000 0.0000 -1.0000 0.0000	</row0>
					<row1>	0.0000 1.0000 0.0000 0.0000	</row1>
					<row2>	1.0000 0.0000 0.0000 0.0000	</row2>
					<row3>	0.7522 0.6623 0.2794 1.0000	</row3>
				</transform>
			</node>
			<node>
				<identifier>	HP_AGS_13	</identifier>
				<transform>
					<row0>	-1.0000 0.0000 0.0000 0.0000	</row0>
					<row1>	0.0000 1.0000 0.0000 0.0000	</row1>
					<row2>	0.0000 0.0000 -1.0000 0.0000	</row2>
					<row3>	-0.8379 0.4832 0.0111 1.0000	</row3>
				</transform>
			</node>
			<node>
				<identifier>	HP_AGS_14	</identifier>
				<transform>
					<row0>	-1.0000 0.0000 0.0000 0.0000	</row0>
					<row1>	0.0000 1.0000 0.0000 0.0000	</row1>
					<row2>	0.0000 0.0000 -1.0000 0.0000	</row2>
					<row3>	0.8379 0.4832 0.0111 1.0000	</row3>
				</transform>
			</node>
			<node>
				<identifier>	HP_AGS_2	</identifier>
				<transform>
					<row0>	1.0000 0.0000 0.0000 0.0000	</row0>
					<row1>	0.0000 1.0000 0.0000 0.0000	</row1>
					<row2>	0.0000 0.0000 1.0000 0.0000	</row2>
					<row3>	0.3891 0.4832 1.9541 1.0000	</row3>
				</transform>
			</node>
			<node>
				<identifier>	HP_AGS_3	</identifier>
				<transform>
					<row0>	0.0000 0.0000 1.0000 0.0000	</row0>
					<row1>	0.0000 1.0000 0.0000 0.0000	</row1>
					<row2>	-1.0000 0.0000 0.0000 0.0000	</row2>
					<row3>	-0.4831 0.6623 1.4976 1.0000	</row3>
				</transform>
			</node>
			<node>
				<identifier>	HP_AGS_4	</identifier>
				<transform>
					<row0>	0.0000 0.0000 -1.0000 0.0000	</row0>
					<row1>	0.0000 1.0000 0.0000 0.0000	</row1>
					<row2>	1.0000 0.0000 0.0000 0.0000	</row2>
					<row3>	0.4831 0.6623 1.4976 1.0000	</row3>
				</transform>
			</node>
			<node>
				<identifier>	HP_AGS_5	</identifier>
				<transform>
					<row0>	1.0000 0.0000 0.0000 0.0000	</row0>
					<row1>	0.0000 1.0000 0.0000 0.0000	</row1>
					<row2>	0.0000 0.0000 1.0000 0.0000	</row2>
					<row3>	-0.7156 0.4832 1.3362 1.0000	</row3>
				</transform>
			</node>
			<node>
				<identifier>	HP_AGS_6	</identifier>
				<transform>
					<row0>	1.0000 0.0000 0.0000 0.0000	</row0>
					<row1>	0.0000 1.0000 0.0000 0.0000	</row1>
					<row2>	0.0000 0.0000 1.0000 0.0000	</row2>
					<row3>	0.7156 0.4832 1.3362 1.0000	</row3>
				</transform>
			</node>
			<node>
				<identifier>	HP_AGS_7	</identifier>
				<transform>
					<row0>	0.0000 0.0000 1.0000 0.0000	</row0>
					<row1>	0.0000 1.0000 0.0000 0.0000	</row1>
					<row2>	-1.0000 0.0000 0.0000 0.0000	</row2>
					<row3>	-0.6123 0.6623 0.9240 1.0000	</row3>
				</transform>
			</node>
			<node>
				<identifier>	HP_AGS_8	</identifier>
				<transform>
					<row0>	0.0000 0.0000 -1.0000 0.0000	</row0>
					<row1>	0.0000 1.0000 0.0000 0.0000	</row1>
					<row2>	1.0000 0.0000 0.0000 0.0000	</row2>
					<row3>	0.6123 0.6623 0.9240 1.0000	</row3>
				</transform>
			</node>
			<node>
				<identifier>	HP_AGS_9	</identifier>
				<transform>
					<row0>	1.0000 0.0000 0.0000 0.0000	</row0>
					<row1>	0.0000 1.0000 0.0000 0.0000	</row1>
					<row2>	0.0000 0.0000 1.0000 0.0000	</row2>
					<row3>	-0.8379 0.4832 0.7046 1.0000	</row3>
				</transform>
			</node>
			<node>
				<identifier>	HP_ARS_1	</identifier>
				<transform>
					<row0>	1.0000 0.0000 0.0000 0.0000	</row0>
					<row1>	0.0000 1.0000 0.0000 0.0000	</row1>
					<row2>	0.0000 0.0000 1.0000 0.0000	</row2>
					<row3>	0.0000 2.6158 0.8603 1.0000	</row3>
				</transform>
			</node>
			<node>
				<identifier>	HP_FX_Death_2	</identifier>
				<transform>
					<row0>	1.0000 0.0000 0.0000 0.0000	</row0>
					<row1>	0.0000 1.0000 0.0000 0.0000	</row1>
					<row2>	0.0000 0.0000 1.0000 0.0000	</row2>
					<row3>	0.0000 0.0000 -0.1253 1.0000	</row3>
				</transform>
			</node>
			<node>
				<identifier>	HP_FX_Fire_2	</identifier>
				<transform>
					<row0>	1.0000 0.0000 0.0000 0.0000	</row0>
					<row1>	0.0000 1.0000 0.0000 0.0000	</row1>
					<row2>	0.0000 0.0000 1.0000 0.0000	</row2>
					<row3>	0.0000 1.5258 1.2201 1.0000	</row3>
				</transform>
			</node>
			<node>
				<identifier>	HP_FX_Fire_2_side_1	</identifier>
				<transform>
					<row0>	0.9986 0.0000 -0.0531 0.0000	</row0>
					<row1>	0.0000 1.0000 0.0000 0.0000	</row1>
					<row2>	0.0531 0.0000 0.9986 0.0000	</row2>
					<row3>	-0.8491 0.4968 1.8609 1.0000	</row3>
				</transform>
			</node>
			<node>
				<identifier>	HP_FX_Fire_2_side_2	</identifier>
				<transform>
					<row0>	0.9971 0.0000 0.0763 0.0000	</row0>
					<row1>	0.0000 1.0000 0.0000 0.0000	</row1>
					<row2>	-0.0763 0.0000 0.9971 0.0000	</row2>
					<row3>	0.7461 0.5001 2.3444 1.0000	</row3>
				</transform>
			</node>
			<node>
				<identifier>	HP_FX_Fire_5	</identifier>
				<transform>
					<row0>	1.0000 0.0000 0.0000 0.0000	</row0>
					<row1>	0.0000 1.0000 0.0000 0.0000	</row1>
					<row2>	0.0000 0.0000 1.0000 0.0000	</row2>
					<row3>	-0.1367 0.6712 0.0477 1.0000	</row3>
				</transform>
			</node>
			<node>
				<identifier>	HP_FX_Fire_5_2	</identifier>
				<transform>
					<row0>	1.0000 0.0000 0.0000 0.0000	</row0>
					<row1>	0.0000 1.0000 0.0000 0.0000	</row1>
					<row2>	0.0000 0.0000 1.0000 0.0000	</row2>
					<row3>	-0.1367 0.9211 0.8085 1.0000	</row3>
				</transform>
			</node>
			<node>
				<identifier>	HP_FX_FloodLight_left_1	</identifier>
				<transform>
					<row0>	-1.0000 0.0000 0.0000 0.0000	</row0>
					<row1>	0.0000 1.0000 0.0000 0.0000	</row1>
					<row2>	0.0000 0.0000 -1.0000 0.0000	</row2>
					<row3>	-0.6667 0.5907 1.6172 1.0000	</row3>
				</transform>
			</node>
			<node>
				<identifier>	HP_FX_FloodLight_right_2	</identifier>
				<transform>
					<row0>	1.0000 0.0000 0.0000 0.0000	</row0>
					<row1>	0.0000 1.0000 0.0000 0.0000	</row1>
					<row2>	0.0000 0.0000 1.0000 0.0000	</row2>
					<row3>	0.6667 0.5937 1.6182 1.0000	</row3>
				</transform>
			</node>
			<node>
				<identifier>	HP_FX_Flood_steam_1	</identifier>
				<transform>
					<row0>	1.0000 0.0000 0.0000 0.0000	</row0>
					<row1>	0.0000 0.9008 -0.4342 0.0000	</row1>
					<row2>	0.0000 0.4342 0.9008 0.0000	</row2>
					<row3>	0.0000 1.4393 0.0630 1.0000	</row3>
				</transform>
			</node>
			<node>
				<identifier>	HP_FX_Flood_steam_exhaust_1	</identifier>
				<transform>
					<row0>	1.0000 0.0000 0.0000 0.0000	</row0>
					<row1>	0.0000 1.0000 0.0000 0.0000	</row1>
					<row2>	0.0000 0.0000 1.0000 0.0000	</row2>
					<row3>	-0.0770 1.6426 0.1089 1.0000	</row3>
				</transform>
			</node>
			<node>
				<identifier>	HP_FX_Smoke_1	</identifier>
				<transform>
					<row0>	1.0000 0.0000 0.0000 0.0000	</row0>
					<row1>	0.0000 1.0000 0.0000 0.0000	</row1>
					<row2>	0.0000 0.0000 1.0000 0.0000	</row2>
					<row3>	0.0000 1.5737 0.2887 1.0000	</row3>
				</transform>
			</node>
			<node>
				<identifier>	HP_flag_1	</identifier>
				<transform>
					<row0>	0.9901 -0.1398 -0.0099 0.0000	</row0>
					<row1>	0.1398 0.9802 0.1403 0.0000	</row1>
					<row2>	-0.0099 -0.1403 0.9901 0.0000	</row2>
					<row3>	0.6741 2.0572 0.4526 1.0000	</row3>
				</transform>
			</node>
			<node>
				<identifier>	HP_flag_2	</identifier>
				<transform>
					<row0>	0.9901 0.1398 0.0099 0.0000	</row0>
					<row1>	-0.1398 0.9802 0.1403 0.0000	</row1>
					<row2>	0.0099 -0.1403 0.9901 0.0000	</row2>
					<row3>	-0.6741 2.0572 0.4526 1.0000	</row3>
				</transform>
			</node>
			<node>
				<identifier>	HP_flag_3	</identifier>
				<transform>
					<row0>	0.9905 -0.1372 -0.0095 0.0000	</row0>
					<row1>	0.1372 0.9811 0.1365 0.0000	</row1>
					<row2>	-0.0095 -0.1365 0.9906 0.0000	</row2>
					<row3>	0.5658 2.0572 0.5188 1.0000	</row3>
				</transform>
			</node>
			<node>
				<identifier>	HP_flag_4	</identifier>
				<transform>
					<row0>	0.9905 0.1372 0.0095 0.0000	</row0>
					<row1>	-0.1372 0.9811 0.1365 0.0000	</row1>
					<row2>	0.0095 -0.1365 0.9906 0.0000	</row2>
					<row3>	-0.5658 2.0572 0.5188 1.0000	</row3>
				</transform>
			</node>
			<node>
				<identifier>	HP_flag_courtesy	</identifier>
				<transform>
					<row0>	0.9934 0.1140 0.0093 0.0000	</row0>
					<row1>	-0.1140 0.9803 0.1611 0.0000	</row1>
					<row2>	0.0093 -0.1611 0.9869 0.0000	</row2>
					<row3>	0.1766 2.5169 0.7589 1.0000	</row3>
				</transform>
			</node>
			<node>
				<identifier>	HP_flag_house	</identifier>
				<transform>
					<row0>	0.9934 -0.1140 -0.0093 0.0000	</row0>
					<row1>	0.1140 0.9803 0.1611 0.0000	</row1>
					<row2>	-0.0093 -0.1611 0.9869 0.0000	</row2>
					<row3>	-0.1776 2.5169 0.7595 1.0000	</row3>
				</transform>
			</node>
			<node>
				<identifier>	MP_AM018_Compass_Binnacle	</identifier>
				<transform>
					<row0>	1.0000 0.0000 0.0000 0.0000	</row0>
					<row1>	0.0000 1.0000 0.0000 0.0000	</row1>
					<row2>	0.0000 0.0000 1.0000 0.0000	</row2>
					<row3>	0.0000 0.9519 0.7616 1.0000	</row3>
				</transform>
			</node>
			<node>
				<identifier>	MP_AM038_Searchlight_600mm	</identifier>
				<transform>
					<row0>	1.0000 0.0000 0.0000 0.0000	</row0>
					<row1>	0.0000 1.0000 0.0000 0.0000	</row1>
					<row2>	0.0000 0.0000 1.0000 0.0000	</row2>
					<row3>	0.0000 1.1672 1.5033 1.0000	</row3>
				</transform>
			</node>
			<node>
				<identifier>	MP_AM047_Running_Lights_R	</identifier>
				<transform>
					<row0>	1.0000 0.0000 0.0000 0.0000	</row0>
					<row1>	0.0000 1.0000 0.0000 0.0000	</row1>
					<row2>	0.0000 0.0000 1.0000 0.0000	</row2>
					<row3>	0.3018 1.2881 0.8642 1.0000	</row3>
				</transform>
			</node>
			<node>
				<identifier>	MP_AM047_Running_Lights_R_INDEX_1	</identifier>
				<transform>
					<row0>	1.0000 0.0000 0.0000 0.0000	</row0>
					<row1>	0.0000 1.0000 0.0000 0.0000	</row1>
					<row2>	0.0000 0.0000 1.0000 0.0000	</row2>
					<row3>	0.3018 1.3295 0.8638 1.0000	</row3>
				</transform>
			</node>
			<node>
				<identifier>	MP_AM048_Running_Lights_L	</identifier>
				<transform>
					<row0>	1.0000 0.0000 0.0000 0.0000	</row0>
					<row1>	0.0000 1.0000 0.0000 0.0000	</row1>
					<row2>	0.0000 0.0000 1.0000 0.0000	</row2>
					<row3>	-0.3018 1.2881 0.8642 1.0000	</row3>
				</transform>
			</node>
			<node>
				<identifier>	MP_AM048_Running_Lights_L_INDEX_1	</identifier>
				<transform>
					<row0>	1.0000 0.0000 0.0000 0.0000	</row0>
					<row1>	0.0000 1.0000 0.0000 0.0000	</row1>
					<row2>	0.0000 0.0000 1.0000 0.0000	</row2>
					<row3>	-0.3018 1.3295 0.8638 1.0000	</row3>
				</transform>
			</node>
			<node>
				<identifier>	MP_AM049_Signal_Lamp_1	</identifier>
				<transform>
					<row0>	0.6847 0.0000 0.1457 0.0000	</row0>
					<row1>	0.0000 0.7000 0.0000 0.0000	</row1>
					<row2>	-0.1457 0.0000 0.6847 0.0000	</row2>
					<row3>	0.7520 2.0642 0.4076 1.0000	</row3>
				</transform>
			</node>
			<node>
				<identifier>	MP_AM049_Signal_Lamp_1_INDEX_1	</identifier>
				<transform>
					<row0>	0.6847 0.0000 -0.1457 0.0000	</row0>
					<row1>	0.0000 0.7000 0.0000 0.0000	</row1>
					<row2>	0.1457 0.0000 0.6847 0.0000	</row2>
					<row3>	-0.7520 2.0641 0.4076 1.0000	</row3>
				</transform>
			</node>
			<node>
				<identifier>	MP_AM072_Ships_bell	</identifier>
				<transform>
					<row0>	1.0000 0.0000 0.0000 0.0000	</row0>
					<row1>	0.0000 1.0000 0.0000 0.0000	</row1>
					<row2>	0.0000 0.0000 1.0000 0.0000	</row2>
					<row3>	0.0000 1.6410 0.9690 1.0000	</row3>
				</transform>
			</node>
			<node>
				<identifier>	MP_AM077_Paravane	</identifier>
				<transform>
					<row0>	0.0000 -1.0000 0.0000 0.0000	</row0>
					<row1>	0.9411 0.0000 0.3382 0.0000	</row1>
					<row2>	-0.3382 0.0000 0.9411 0.0000	</row2>
					<row3>	0.3040 0.6418 2.5050 1.0000	</row3>
				</transform>
			</node>
			<node>
				<identifier>	MP_AM077_Paravane_INDEX_1	</identifier>
				<transform>
					<row0>	0.0000 1.0000 0.0000 0.0000	</row0>
					<row1>	-0.9365 0.0000 -0.3506 0.0000	</row1>
					<row2>	-0.3506 0.0000 0.9365 0.0000	</row2>
					<row3>	-0.3139 0.6418 2.2698 1.0000	</row3>
				</transform>
			</node>
			<node>
				<identifier>	MP_AM077_Paravane_INDEX_2	</identifier>
				<transform>
					<row0>	0.0000 1.0000 0.0000 0.0000	</row0>
					<row1>	-0.9411 0.0000 0.3382 0.0000	</row1>
					<row2>	0.3382 0.0000 0.9411 0.0000	</row2>
					<row3>	-0.3040 0.6418 2.5050 1.0000	</row3>
				</transform>
			</node>
			<node>
				<identifier>	MP_AM108_Reels_4	</identifier>
				<transform>
					<row0>	-0.8335 0.0000 0.5526 0.0000	</row0>
					<row1>	0.0000 1.0000 0.0000 0.0000	</row1>
					<row2>	-0.5526 0.0000 -0.8335 0.0000	</row2>
					<row3>	0.2066 0.4821 2.6973 1.0000	</row3>
				</transform>
			</node>
			<node>
				<identifier>	MP_AM108_Reels_4_INDEX_1	</identifier>
				<transform>
					<row0>	-0.8335 0.0000 -0.5526 0.0000	</row0>
					<row1>	0.0000 1.0000 0.0000 0.0000	</row1>
					<row2>	0.5526 0.0000 -0.8335 0.0000	</row2>
					<row3>	-0.2066 0.4821 2.6973 1.0000	</row3>
				</transform>
			</node>
			<node>
				<identifier>	MP_AM115_RDF	</identifier>
				<transform>
					<row0>	1.0000 0.0000 0.0000 0.0000	</row0>
					<row1>	0.0000 1.0000 0.0000 0.0000	</row1>
					<row2>	0.0000 0.0000 1.0000 0.0000	</row2>
					<row3>	0.0000 1.2863 0.7024 1.0000	</row3>
				</transform>
			</node>
			<node>
				<identifier>	MP_AM129_Turtles_box	</identifier>
				<transform>
					<row0>	0.0000 0.0000 -1.0000 0.0000	</row0>
					<row1>	0.0000 1.0000 0.0000 0.0000	</row1>
					<row2>	1.0000 0.0000 0.0000 0.0000	</row2>
					<row3>	0.1619 1.1738 0.9944 1.0000	</row3>
				</transform>
			</node>
			<node>
				<identifier>	MP_AM129_Turtles_box_INDEX_1	</identifier>
				<transform>
					<row0>	0.0000 0.0000 -1.0000 0.0000	</row0>
					<row1>	0.0000 1.0000 0.0000 0.0000	</row1>
					<row2>	1.0000 0.0000 0.0000 0.0000	</row2>
					<row3>	-0.2166 1.4767 0.8422 1.0000	</row3>
				</transform>
			</node>
			<node>
				<identifier>	MP_AM129_Turtles_box_INDEX_10	</identifier>
				<transform>
					<row0>	-1.0000 0.0000 0.0000 0.0000	</row0>
					<row1>	0.0000 1.0000 0.0000 0.0000	</row1>
					<row2>	0.0000 0.0000 -1.0000 0.0000	</row2>
					<row3>	0.0885 0.9833 0.9126 1.0000	</row3>
				</transform>
			</node>
			<node>
				<identifier>	MP_AM129_Turtles_box_INDEX_2	</identifier>
				<transform>
					<row0>	0.0000 0.0000 1.0000 0.0000	</row0>
					<row1>	0.0000 1.0000 0.0000 0.0000	</row1>
					<row2>	-1.0000 0.0000 0.0000 0.0000	</row2>
					<row3>	-0.1208 0.6990 1.1533 1.0000	</row3>
				</transform>
			</node>
			<node>
				<identifier>	MP_AM129_Turtles_box_INDEX_3	</identifier>
				<transform>
					<row0>	0.0000 0.0000 1.0000 0.0000	</row0>
					<row1>	0.0000 1.0000 0.0000 0.0000	</row1>
					<row2>	-1.0000 0.0000 0.0000 0.0000	</row2>
					<row3>	-0.1619 1.3204 1.0094 1.0000	</row3>
				</transform>
			</node>
			<node>
				<identifier>	MP_AM129_Turtles_box_INDEX_4	</identifier>
				<transform>
					<row0>	0.8526 0.0000 -0.5226 0.0000	</row0>
					<row1>	0.0000 1.0000 0.0000 0.0000	</row1>
					<row2>	0.5226 0.0000 0.8526 0.0000	</row2>
					<row3>	-0.5055 0.7198 1.1402 1.0000	</row3>
				</transform>
			</node>
			<node>
				<identifier>	MP_AM129_Turtles_box_INDEX_5	</identifier>
				<transform>
					<row0>	0.8526 0.0000 0.5226 0.0000	</row0>
					<row1>	0.0000 1.0000 0.0000 0.0000	</row1>
					<row2>	-0.5226 0.0000 0.8526 0.0000	</row2>
					<row3>	0.5055 0.7201 1.1402 1.0000	</row3>
				</transform>
			</node>
			<node>
				<identifier>	MP_AM129_Turtles_box_INDEX_6	</identifier>
				<transform>
					<row0>	0.0000 0.0000 -1.0000 0.0000	</row0>
					<row1>	0.0000 1.0000 0.0000 0.0000	</row1>
					<row2>	1.0000 0.0000 0.0000 0.0000	</row2>
					<row3>	0.1619 1.3199 0.9354 1.0000	</row3>
				</transform>
			</node>
			<node>
				<identifier>	MP_AM129_Turtles_box_INDEX_7	</identifier>
				<transform>
					<row0>	0.0000 0.0000 1.0000 0.0000	</row0>
					<row1>	0.0000 1.0000 0.0000 0.0000	</row1>
					<row2>	-1.0000 0.0000 0.0000 0.0000	</row2>
					<row3>	-0.1619 1.1738 0.9801 1.0000	</row3>
				</transform>
			</node>
			<node>
				<identifier>	MP_AM129_Turtles_box_INDEX_8	</identifier>
				<transform>
					<row0>	0.0000 0.0000 -1.0000 0.0000	</row0>
					<row1>	0.0000 1.0000 0.0000 0.0000	</row1>
					<row2>	1.0000 0.0000 0.0000 0.0000	</row2>
					<row3>	0.1208 0.6997 1.1533 1.0000	</row3>
				</transform>
			</node>
			<node>
				<identifier>	MP_AM129_Turtles_box_INDEX_9	</identifier>
				<transform>
					<row0>	0.0000 0.0000 1.0000 0.0000	</row0>
					<row1>	0.0000 1.0000 0.0000 0.0000	</row1>
					<row2>	-1.0000 0.0000 0.0000 0.0000	</row2>
					<row3>	0.2166 1.4769 0.8422 1.0000	</row3>
				</transform>
			</node>
			<node>
				<identifier>	MP_AM157_Telephone	</identifier>
				<transform>
					<row0>	-0.4974 0.0000 0.8675 0.0000	</row0>
					<row1>	0.0000 1.0000 0.0000 0.0000	</row1>
					<row2>	-0.8675 0.0000 -0.4974 0.0000	</row2>
					<row3>	0.1512 1.0096 1.2901 1.0000	</row3>
				</transform>
			</node>
			<node>
				<identifier>	MP_AM157_Telephone_INDEX_1	</identifier>
				<transform>
					<row0>	-0.4974 0.0000 0.8675 0.0000	</row0>
					<row1>	0.0000 1.0000 0.0000 0.0000	</row1>
					<row2>	-0.8675 0.0000 -0.4974 0.0000	</row2>
					<row3>	0.1512 1.1991 1.2901 1.0000	</row3>
				</transform>
			</node>
			<node>
				<identifier>	MP_AM157_Telephone_INDEX_10	</identifier>
				<transform>
					<row0>	0.0000 0.0000 -1.0000 0.0000	</row0>
					<row1>	0.0000 1.0000 0.0000 0.0000	</row1>
					<row2>	1.0000 0.0000 0.0000 0.0000	</row2>
					<row3>	0.2186 1.5104 1.0017 1.0000	</row3>
				</transform>
			</node>
			<node>
				<identifier>	MP_AM157_Telephone_INDEX_2	</identifier>
				<transform>
					<row0>	-0.4974 0.0000 -0.8675 0.0000	</row0>
					<row1>	0.0000 1.0000 0.0000 0.0000	</row1>
					<row2>	0.8675 0.0000 -0.4974 0.0000	</row2>
					<row3>	-0.1512 1.1991 1.2901 1.0000	</row3>
				</transform>
			</node>
			<node>
				<identifier>	MP_AM157_Telephone_INDEX_3	</identifier>
				<transform>
					<row0>	-0.4974 0.0000 -0.8675 0.0000	</row0>
					<row1>	0.0000 1.0000 0.0000 0.0000	</row1>
					<row2>	0.8675 0.0000 -0.4974 0.0000	</row2>
					<row3>	-0.1512 1.0096 1.2901 1.0000	</row3>
				</transform>
			</node>
			<node>
				<identifier>	MP_AM157_Telephone_INDEX_4	</identifier>
				<transform>
					<row0>	0.0000 0.0000 1.0000 0.0000	</row0>
					<row1>	0.0000 1.0000 0.0000 0.0000	</row1>
					<row2>	-1.0000 0.0000 0.0000 0.0000	</row2>
					<row3>	0.1598 1.3626 1.0338 1.0000	</row3>
				</transform>
			</node>
			<node>
				<identifier>	MP_AM157_Telephone_INDEX_5	</identifier>
				<transform>
					<row0>	-0.9071 0.0000 0.4210 0.0000	</row0>
					<row1>	0.0000 1.0000 0.0000 0.0000	</row1>
					<row2>	-0.4210 0.0000 -0.9071 0.0000	</row2>
					<row3>	0.0094 1.9757 1.0797 1.0000	</row3>
				</transform>
			</node>
			<node>
				<identifier>	MP_AM157_Telephone_INDEX_6	</identifier>
				<transform>
					<row0>	0.0000 0.0000 -1.0000 0.0000	</row0>
					<row1>	0.0000 1.0000 0.0000 0.0000	</row1>
					<row2>	1.0000 0.0000 0.0000 0.0000	</row2>
					<row3>	-0.1598 1.3626 1.0338 1.0000	</row3>
				</transform>
			</node>
			<node>
				<identifier>	MP_AM157_Telephone_INDEX_7	</identifier>
				<transform>
					<row0>	0.0000 0.0000 1.0000 0.0000	</row0>
					<row1>	0.0000 1.0000 0.0000 0.0000	</row1>
					<row2>	-1.0000 0.0000 0.0000 0.0000	</row2>
					<row3>	-0.2188 1.5104 1.0024 1.0000	</row3>
				</transform>
			</node>
			<node>
				<identifier>	MP_AM157_Telephone_INDEX_8	</identifier>
				<transform>
					<row0>	0.7349 0.0000 0.6781 0.0000	</row0>
					<row1>	0.0000 1.0000 0.0000 0.0000	</row1>
					<row2>	-0.6781 0.0000 0.7349 0.0000	</row2>
					<row3>	-0.2448 1.3406 0.3324 1.0000	</row3>
				</transform>
			</node>
			<node>
				<identifier>	MP_AM157_Telephone_INDEX_9	</identifier>
				<transform>
					<row0>	0.7349 0.0000 -0.6781 0.0000	</row0>
					<row1>	0.0000 1.0000 0.0000 0.0000	</row1>
					<row2>	0.6781 0.0000 0.7349 0.0000	</row2>
					<row3>	0.2454 1.3407 0.3319 1.0000	</row3>
				</transform>
			</node>
			<node>
				<identifier>	MP_AM164_Signal_Lamp_4	</identifier>
				<transform>
					<row0>	0.0000 0.0000 -1.0000 0.0000	</row0>
					<row1>	0.0000 1.0000 0.0000 0.0000	</row1>
					<row2>	1.0000 0.0000 0.0000 0.0000	</row2>
					<row3>	0.4489 1.0362 0.9908 1.0000	</row3>
				</transform>
			</node>
			<node>
				<identifier>	MP_AM164_Signal_Lamp_4_INDEX_1	</identifier>
				<transform>
					<row0>	0.0000 0.0000 -1.0000 0.0000	</row0>
					<row1>	0.0000 1.0000 0.0000 0.0000	</row1>
					<row2>	1.0000 0.0000 0.0000 0.0000	</row2>
					<row3>	0.5934 1.0285 0.3785 1.0000	</row3>
				</transform>
			</node>
			<node>
				<identifier>	MP_AM164_Signal_Lamp_4_INDEX_2	</identifier>
				<transform>
					<row0>	0.0000 0.0000 1.0000 0.0000	</row0>
					<row1>	0.0000 1.0000 0.0000 0.0000	</row1>
					<row2>	-1.0000 0.0000 0.0000 0.0000	</row2>
					<row3>	-0.5934 1.0285 0.3785 1.0000	</row3>
				</transform>
			</node>
			<node>
				<identifier>	MP_AM164_Signal_Lamp_4_INDEX_3	</identifier>
				<transform>
					<row0>	0.0000 0.0000 1.0000 0.0000	</row0>
					<row1>	0.0000 1.0000 0.0000 0.0000	</row1>
					<row2>	-1.0000 0.0000 0.0000 0.0000	</row2>
					<row3>	-0.4489 1.0362 0.9908 1.0000	</row3>
				</transform>
			</node>
			<node>
				<identifier>	MP_AM173_Insulator_1	</identifier>
				<transform>
					<row0>	0.0000 0.0000 0.3500 0.0000	</row0>
					<row1>	0.0000 0.3500 0.0000 0.0000	</row1>
					<row2>	-0.3500 0.0000 0.0000 0.0000	</row2>
					<row3>	0.2045 1.1432 1.6332 1.0000	</row3>
				</transform>
			</node>
			<node>
				<identifier>	MP_AM173_Insulator_1_INDEX_1	</identifier>
				<transform>
					<row0>	0.0000 0.0000 0.3500 0.0000	</row0>
					<row1>	0.0000 0.3500 0.0000 0.0000	</row1>
					<row2>	-0.3500 0.0000 0.0000 0.0000	</row2>
					<row3>	0.2012 1.1432 1.6176 1.0000	</row3>
				</transform>
			</node>
			<node>
				<identifier>	MP_AM173_Insulator_1_INDEX_2	</identifier>
				<transform>
					<row0>	0.0000 0.0000 -0.3500 0.0000	</row0>
					<row1>	0.0000 0.3500 0.0000 0.0000	</row1>
					<row2>	0.3500 0.0000 0.0000 0.0000	</row2>
					<row3>	-0.2046 1.1432 1.6332 1.0000	</row3>
				</transform>
			</node>
			<node>
				<identifier>	MP_AM173_Insulator_1_INDEX_3	</identifier>
				<transform>
					<row0>	0.0000 0.0000 -0.3500 0.0000	</row0>
					<row1>	0.0000 0.3500 0.0000 0.0000	</row1>
					<row2>	0.3500 0.0000 0.0000 0.0000	</row2>
					<row3>	-0.2012 1.1432 1.6176 1.0000	</row3>
				</transform>
			</node>
			<node>
				<identifier>	MP_AM191_Ammunition_Box_11	</identifier>
				<transform>
					<row0>	0.7496 0.0000 0.6619 0.0000	</row0>
					<row1>	0.0000 1.0000 0.0000 0.0000	</row1>
					<row2>	-0.6619 0.0000 0.7496 0.0000	</row2>
					<row3>	-0.2725 1.2723 0.3664 1.0000	</row3>
				</transform>
			</node>
			<node>
				<identifier>	MP_AM191_Ammunition_Box_11_INDEX_1	</identifier>
				<transform>
					<row0>	0.7496 0.0000 -0.6619 0.0000	</row0>
					<row1>	0.0000 1.0000 0.0000 0.0000	</row1>
					<row2>	0.6619 0.0000 0.7496 0.0000	</row2>
					<row3>	0.2725 1.2723 0.3664 1.0000	</row3>
				</transform>
			</node>
			<node>
				<identifier>	MP_AM217_Hatch	</identifier>
				<transform>
					<row0>	0.0000 0.0000 1.0000 0.0000	</row0>
					<row1>	0.0000 1.0000 0.0000 0.0000	</row1>
					<row2>	-1.0000 0.0000 0.0000 0.0000	</row2>
					<row3>	0.0276 0.6619 0.9498 1.0000	</row3>
				</transform>
			</node>
			<node>
				<identifier>	MP_AM217_Hatch_INDEX_1	</identifier>
				<transform>
					<row0>	0.0000 0.0000 -1.0000 0.0000	</row0>
					<row1>	0.0000 1.0000 0.0000 0.0000	</row1>
					<row2>	1.0000 0.0000 0.0000 0.0000	</row2>
					<row3>	-0.0283 0.6619 0.9498 1.0000	</row3>
				</transform>
			</node>
			<node>
				<identifier>	MP_AM218_Hatch	</identifier>
				<transform>
					<row0>	1.0000 0.0000 0.0000 0.0000	</row0>
					<row1>	0.0000 1.0000 0.0000 0.0000	</row1>
					<row2>	0.0000 0.0000 1.0000 0.0000	</row2>
					<row3>	0.3661 0.4841 2.7722 1.0000	</row3>
				</transform>
			</node>
			<node>
				<identifier>	MP_AM218_Hatch_INDEX_1	</identifier>
				<transform>
					<row0>	1.0000 0.0000 0.0000 0.0000	</row0>
					<row1>	0.0000 1.0000 0.0000 0.0000	</row1>
					<row2>	0.0000 0.0000 1.0000 0.0000	</row2>
					<row3>	0.5194 0.6615 0.7099 1.0000	</row3>
				</transform>
			</node>
			<node>
				<identifier>	MP_AM218_Hatch_INDEX_2	</identifier>
				<transform>
					<row0>	1.0000 0.0000 0.0000 0.0000	</row0>
					<row1>	0.0000 1.0000 0.0000 0.0000	</row1>
					<row2>	0.0000 0.0000 1.0000 0.0000	</row2>
					<row3>	-0.3661 0.4841 2.7722 1.0000	</row3>
				</transform>
			</node>
			<node>
				<identifier>	MP_AM218_Hatch_INDEX_3	</identifier>
				<transform>
					<row0>	1.0000 0.0000 0.0000 0.0000	</row0>
					<row1>	0.0000 1.0000 0.0000 0.0000	</row1>
					<row2>	0.0000 0.0000 1.0000 0.0000	</row2>
					<row3>	-0.5194 0.6615 0.7099 1.0000	</row3>
				</transform>
			</node>
			<node>
				<identifier>	MP_AM219_Bollard	</identifier>
				<transform>
					<row0>	1.0000 0.0000 -0.0005 0.0000	</row0>
					<row1>	0.0000 1.0000 0.0000 0.0000	</row1>
					<row2>	0.0005 0.0000 1.0000 0.0000	</row2>
					<row3>	0.8718 0.4803 1.3224 1.0000	</row3>
				</transform>
			</node>
			<node>
				<identifier>	MP_AM219_Bollard_INDEX_1	</identifier>
				<transform>
					<row0>	1.0000 0.0000 0.0005 0.0000	</row0>
					<row1>	0.0000 1.0000 0.0000 0.0000	</row1>
					<row2>	-0.0005 0.0000 1.0000 0.0000	</row2>
					<row3>	-0.8718 0.4803 1.3415 1.0000	</row3>
				</transform>
			</node>
			<node>
				<identifier>	MP_AM220_Fairlead	</identifier>
				<transform>
					<row0>	0.9984 0.0000 -0.0571 0.0000	</row0>
					<row1>	0.0000 1.0000 0.0000 0.0000	</row1>
					<row2>	0.0571 0.0000 0.9984 0.0000	</row2>
					<row3>	-0.8922 0.4842 2.3679 1.0000	</row3>
				</transform>
			</node>
			<node>
				<identifier>	MP_AM220_Fairlead_INDEX_1	</identifier>
				<transform>
					<row0>	0.9949 0.0000 -0.1008 0.0000	</row0>
					<row1>	0.0000 1.0000 0.0000 0.0000	</row1>
					<row2>	0.1008 0.0000 0.9949 0.0000	</row2>
					<row3>	-0.8559 0.4842 2.7637 1.0000	</row3>
				</transform>
			</node>
			<node>
				<identifier>	MP_AM220_Fairlead_INDEX_2	</identifier>
				<transform>
					<row0>	1.0000 0.0000 -0.0008 0.0000	</row0>
					<row1>	0.0000 1.0000 0.0000 0.0000	</row1>
					<row2>	0.0008 0.0000 1.0000 0.0000	</row2>
					<row3>	-0.9179 0.4842 1.1430 1.0000	</row3>
				</transform>
			</node>
			<node>
				<identifier>	MP_AM220_Fairlead_INDEX_3	</identifier>
				<transform>
					<row0>	1.0000 0.0000 0.0008 0.0000	</row0>
					<row1>	0.0000 1.0000 0.0000 0.0000	</row1>
					<row2>	-0.0008 0.0000 1.0000 0.0000	</row2>
					<row3>	0.9179 0.4842 1.1430 1.0000	</row3>
				</transform>
			</node>
			<node>
				<identifier>	MP_AM220_Fairlead_INDEX_4	</identifier>
				<transform>
					<row0>	0.9949 0.0000 0.1008 0.0000	</row0>
					<row1>	0.0000 1.0000 0.0000 0.0000	</row1>
					<row2>	-0.1008 0.0000 0.9949 0.0000	</row2>
					<row3>	0.8559 0.4842 2.7637 1.0000	</row3>
				</transform>
			</node>
			<node>
				<identifier>	MP_AM220_Fairlead_INDEX_5	</identifier>
				<transform>
					<row0>	0.9984 0.0000 0.0571 0.0000	</row0>
					<row1>	0.0000 1.0000 0.0000 0.0000	</row1>
					<row2>	-0.0571 0.0000 0.9984 0.0000	</row2>
					<row3>	0.8981 0.4842 2.2651 1.0000	</row3>
				</transform>
			</node>
			<node>
				<identifier>	MP_AM250_Ammunition_Box	</identifier>
				<transform>
					<row0>	0.8766 0.0000 0.4811 0.0000	</row0>
					<row1>	0.0000 1.0000 0.0000 0.0000	</row1>
					<row2>	-0.4811 0.0000 0.8766 0.0000	</row2>
					<row3>	0.0939 0.9512 1.5313 1.0000	</row3>
				</transform>
			</node>
			<node>
				<identifier>	MP_AM250_Ammunition_Box_INDEX_1	</identifier>
				<transform>
					<row0>	0.5000 0.0000 0.8660 0.0000	</row0>
					<row1>	0.0000 1.0000 0.0000 0.0000	</row1>
					<row2>	-0.8660 0.0000 0.5000 0.0000	</row2>
					<row3>	-0.0420 1.8920 1.0796 1.0000	</row3>
				</transform>
			</node>
			<node>
				<identifier>	MP_AM250_Ammunition_Box_INDEX_2	</identifier>
				<transform>
					<row0>	0.5000 0.0000 -0.8660 0.0000	</row0>
					<row1>	0.0000 1.0000 0.0000 0.0000	</row1>
					<row2>	0.8660 0.0000 0.5000 0.0000	</row2>
					<row3>	0.0420 1.8920 1.0796 1.0000	</row3>
				</transform>
			</node>
			<node>
				<identifier>	MP_AM250_Ammunition_Box_INDEX_3	</identifier>
				<transform>
					<row0>	0.8766 0.0000 -0.4811 0.0000	</row0>
					<row1>	0.0000 1.0000 0.0000 0.0000	</row1>
					<row2>	0.4811 0.0000 0.8766 0.0000	</row2>
					<row3>	-0.0939 0.9512 1.5313 1.0000	</row3>
				</transform>
			</node>
			<node>
				<identifier>	MP_AM317_Running_Lights_F	</identifier>
				<transform>
					<row0>	1.0000 0.0000 0.0000 0.0000	</row0>
					<row1>	0.0000 1.0000 0.0000 0.0000	</row1>
					<row2>	0.0000 0.0000 1.0000 0.0000	</row2>
					<row3>	0.0000 2.1088 1.1914 1.0000	</row3>
				</transform>
			</node>
			<node>
				<identifier>	MP_AM317_Running_Lights_F_INDEX_1	</identifier>
				<transform>
					<row0>	1.0000 0.0000 0.0000 0.0000	</row0>
					<row1>	0.0000 1.0000 0.0000 0.0000	</row1>
					<row2>	0.0000 0.0000 1.0000 0.0000	</row2>
					<row3>	0.0000 2.2119 1.1914 1.0000	</row3>
				</transform>
			</node>
			<node>
				<identifier>	MP_AM317_Running_Lights_F_INDEX_2	</identifier>
				<transform>
					<row0>	1.0000 0.0000 0.0000 0.0000	</row0>
					<row1>	0.0000 1.0000 0.0000 0.0000	</row1>
					<row2>	0.0000 0.0000 1.0000 0.0000	</row2>
					<row3>	0.0000 2.0182 1.1895 1.0000	</row3>
				</transform>
			</node>
			<node>
				<identifier>	MP_AM350_Filling_connection	</identifier>
				<transform>
					<row0>	-1.9967 0.0000 -0.1143 0.0000	</row0>
					<row1>	0.0000 2.0000 0.0000 0.0000	</row1>
					<row2>	0.1143 0.0000 -1.9967 0.0000	</row2>
					<row3>	-0.8736 0.4851 1.6705 1.0000	</row3>
				</transform>
			</node>
			<node>
				<identifier>	MP_AM350_Filling_connection_INDEX_1	</identifier>
				<transform>
					<row0>	1.9967 0.0000 0.1143 0.0000	</row0>
					<row1>	0.0000 2.0000 0.0000 0.0000	</row1>
					<row2>	-0.1143 0.0000 1.9967 0.0000	</row2>
					<row3>	0.8736 0.4851 1.6705 1.0000	</row3>
				</transform>
			</node>
			<node>
				<identifier>	MP_AM356_Signal_Trap	</identifier>
				<transform>
					<row0>	-1.0000 0.0000 0.0087 0.0000	</row0>
					<row1>	0.0000 1.0000 0.0000 0.0000	</row1>
					<row2>	-0.0087 0.0000 -1.0000 0.0000	</row2>
					<row3>	-0.9325 0.5139 1.9574 1.0000	</row3>
				</transform>
			</node>
			<node>
				<identifier>	MP_AM356_Signal_Trap_INDEX_1	</identifier>
				<transform>
					<row0>	1.0000 0.0000 0.0087 0.0000	</row0>
					<row1>	0.0000 1.0000 0.0000 0.0000	</row1>
					<row2>	-0.0087 0.0000 1.0000 0.0000	</row2>
					<row3>	0.9325 0.5142 1.9574 1.0000	</row3>
				</transform>
			</node>
			<node>
				<identifier>	MP_AM433_MC_Box	</identifier>
				<transform>
					<row0>	0.0000 0.0000 1.0000 0.0000	</row0>
					<row1>	0.0000 1.0000 0.0000 0.0000	</row1>
					<row2>	-1.0000 0.0000 0.0000 0.0000	</row2>
					<row3>	0.2234 1.5215 1.0814 1.0000	</row3>
				</transform>
			</node>
			<node>
				<identifier>	MP_AM438_Speakerphone	</identifier>
				<transform>
					<row0>	0.8960 0.0000 -0.4440 0.0000	</row0>
					<row1>	0.0000 1.0000 0.0000 0.0000	</row1>
					<row2>	0.4440 0.0000 0.8960 0.0000	</row2>
					<row3>	-0.1714 2.1114 0.9068 1.0000	</row3>
				</transform>
			</node>
			<node>
				<identifier>	MP_AM438_Speakerphone_INDEX_1	</identifier>
				<transform>
					<row0>	0.8960 0.0000 0.4440 0.0000	</row0>
					<row1>	0.0000 1.0000 0.0000 0.0000	</row1>
					<row2>	-0.4440 0.0000 0.8960 0.0000	</row2>
					<row3>	0.1714 2.1114 0.9068 1.0000	</row3>
				</transform>
			</node>
			<node>
				<identifier>	MP_AM438_Speakerphone_INDEX_2	</identifier>
				<transform>
					<row0>	-1.0000 0.0000 0.0000 0.0000	</row0>
					<row1>	0.0000 1.0000 0.0000 0.0000	</row1>
					<row2>	0.0000 0.0000 -1.0000 0.0000	</row2>
					<row3>	0.0888 1.5068 1.3363 1.0000	</row3>
				</transform>
			</node>
			<node>
				<identifier>	MP_AM438_Speakerphone_INDEX_3	</identifier>
				<transform>
					<row0>	-1.0000 0.0000 0.0000 0.0000	</row0>
					<row1>	0.0000 1.0000 0.0000 0.0000	</row1>
					<row2>	0.0000 0.0000 -1.0000 0.0000	</row2>
					<row3>	0.0000 1.9413 1.2128 1.0000	</row3>
				</transform>
			</node>
			<node>
				<identifier>	MP_AM438_Speakerphone_INDEX_4	</identifier>
				<transform>
					<row0>	-0.7590 0.0000 0.6511 0.0000	</row0>
					<row1>	0.0000 1.0000 0.0000 0.0000	</row1>
					<row2>	-0.6511 0.0000 -0.7590 0.0000	</row2>
					<row3>	0.2135 1.3348 0.3597 1.0000	</row3>
				</transform>
			</node>
			<node>
				<identifier>	MP_AM438_Speakerphone_INDEX_5	</identifier>
				<transform>
					<row0>	-0.7590 0.0000 -0.6511 0.0000	</row0>
					<row1>	0.0000 1.0000 0.0000 0.0000	</row1>
					<row2>	0.6511 0.0000 -0.7590 0.0000	</row2>
					<row3>	-0.2143 1.3378 0.3615 1.0000	</row3>
				</transform>
			</node>
			<node>
				<identifier>	MP_AM441_Siren	</identifier>
				<transform>
					<row0>	-0.4835 0.0000 -0.8753 0.0000	</row0>
					<row1>	0.0000 1.0000 0.0000 0.0000	</row1>
					<row2>	0.8753 0.0000 -0.4835 0.0000	</row2>
					<row3>	-0.1879 1.5068 1.2197 1.0000	</row3>
				</transform>
			</node>
			<node>
				<identifier>	MP_AM442_Multipole_Switch	</identifier>
				<transform>
					<row0>	0.9964 0.0000 0.0843 0.0000	</row0>
					<row1>	0.0000 1.0000 0.0000 0.0000	</row1>
					<row2>	-0.0843 0.0000 0.9964 0.0000	</row2>
					<row3>	-0.7226 0.7021 0.0426 1.0000	</row3>
				</transform>
			</node>
			<node>
				<identifier>	MP_AM442_Multipole_Switch_INDEX_1	</identifier>
				<transform>
					<row0>	0.9980 0.0000 0.0632 0.0000	</row0>
					<row1>	0.0000 1.0000 0.0000 0.0000	</row1>
					<row2>	-0.0632 0.0000 0.9980 0.0000	</row2>
					<row3>	0.6576 0.7021 0.6909 1.0000	</row3>
				</transform>
			</node>
			<node>
				<identifier>	MP_AM442_Multipole_Switch_INDEX_2	</identifier>
				<transform>
					<row0>	0.9964 0.0000 -0.0843 0.0000	</row0>
					<row1>	0.0000 1.0000 0.0000 0.0000	</row1>
					<row2>	0.0843 0.0000 0.9964 0.0000	</row2>
					<row3>	0.7226 0.7021 0.0426 1.0000	</row3>
				</transform>
			</node>
			<node>
				<identifier>	MP_AM442_Multipole_Switch_INDEX_3	</identifier>
				<transform>
					<row0>	0.9980 0.0000 -0.0632 0.0000	</row0>
					<row1>	0.0000 1.0000 0.0000 0.0000	</row1>
					<row2>	0.0632 0.0000 0.9980 0.0000	</row2>
					<row3>	-0.6576 0.7021 0.6909 1.0000	</row3>
				</transform>
			</node>
			<node>
				<identifier>	MP_AM442_Multipole_Switch_INDEX_4	</identifier>
				<transform>
					<row0>	-0.7537 0.0000 0.6572 0.0000	</row0>
