<ASB035_Arizona_1941_Bow_ports.visual>
	<node>
		<identifier>	Scene Root	</identifier>
		<transform>
			<row0>	1.0000 0.0000 0.0000 0.0000	</row0>
			<row1>	0.0000 1.0000 0.0000 0.0000	</row1>
			<row2>	0.0000 0.0000 1.0000 0.0000	</row2>
			<row3>	0.0000 0.0000 0.0000 1.0000	</row3>
		</transform>
		<node>
			<identifier>	Bow_ports	</identifier>
			<transform>
				<row0>	1.0000 0.0000 0.0000 0.0000	</row0>
				<row1>	0.0000 1.0000 0.0000 0.0000	</row1>
				<row2>	0.0000 0.0000 1.0000 0.0000	</row2>
				<row3>	0.0000 0.0000 0.0000 1.0000	</row3>
			</transform>
			<node>
				<identifier>	HP_AGM_1	</identifier>
				<transform>
					<row0>	1.0000 0.0000 0.0000 0.0000	</row0>
					<row1>	0.0000 1.0000 0.0000 0.0000	</row1>
					<row2>	0.0000 0.0000 1.0000 0.0000	</row2>
					<row3>	0.0000 0.5613 3.3102 1.0000	</row3>
				</transform>
			</node>
			<node>
				<identifier>	HP_FX_Death_1	</identifier>
				<transform>
					<row0>	1.0000 0.0000 0.0000 0.0000	</row0>
					<row1>	0.0000 1.0000 0.0000 0.0000	</row1>
					<row2>	0.0000 0.0000 1.0000 0.0000	</row2>
					<row3>	0.0000 0.0000 2.8138 1.0000	</row3>
				</transform>
			</node>
			<node>
				<identifier>	HP_FX_Fire_1	</identifier>
				<transform>
					<row0>	1.0000 0.0000 0.0000 0.0000	</row0>
					<row1>	0.0000 1.0000 0.0000 0.0000	</row1>
					<row2>	0.0000 0.0000 1.0000 0.0000	</row2>
					<row3>	0.0000 0.4961 4.6202 1.0000	</row3>
				</transform>
			</node>
			<node>
				<identifier>	HP_FX_Flood_steam_left	</identifier>
				<transform>
					<row0>	-1.0000 0.0000 0.0000 0.0000	</row0>
					<row1>	0.0000 1.0000 0.0000 0.0000	</row1>
					<row2>	0.0000 0.0000 -1.0000 0.0000	</row2>
					<row3>	-0.6343 0.4248 4.1159 1.0000	</row3>
				</transform>
			</node>
			<node>
				<identifier>	HP_FX_Flood_water_left_2	</identifier>
				<transform>
					<row0>	-1.0000 0.0000 0.0000 0.0000	</row0>
					<row1>	0.0000 1.0000 0.0000 0.0000	</row1>
					<row2>	0.0000 0.0000 -1.0000 0.0000	</row2>
					<row3>	-0.2609 0.0640 5.0065 1.0000	</row3>
				</transform>
			</node>
			<node>
				<identifier>	HP_FX_Flood_water_left_3	</identifier>
				<transform>
					<row0>	-1.0000 0.0000 0.0000 0.0000	</row0>
					<row1>	0.0000 1.0000 0.0000 0.0000	</row1>
					<row2>	0.0000 0.0000 -1.0000 0.0000	</row2>
					<row3>	-0.5127 0.0480 4.3408 1.0000	</row3>
				</transform>
			</node>
			<node>
				<identifier>	HP_FX_Flood_water_right_2	</identifier>
				<transform>
					<row0>	1.0000 0.0000 0.0000 0.0000	</row0>
					<row1>	0.0000 1.0000 0.0000 0.0000	</row1>
					<row2>	0.0000 0.0000 1.0000 0.0000	</row2>
					<row3>	0.2609 0.0640 5.0065 1.0000	</row3>
				</transform>
			</node>
			<node>
				<identifier>	HP_FX_Flood_water_right_3	</identifier>
				<transform>
					<row0>	1.0000 0.0000 0.0000 0.0000	</row0>
					<row1>	0.0000 1.0000 0.0000 0.0000	</row1>
					<row2>	0.0000 0.0000 1.0000 0.0000	</row2>
					<row3>	0.5127 0.0480 4.3408 1.0000	</row3>
				</transform>
			</node>
			<node>
				<identifier>	HP_FX_RepairLight_left_1	</identifier>
				<transform>
					<row0>	0.1341 0.0000 0.9910 0.0000	</row0>
					<row1>	0.0000 1.0000 0.0000 0.0000	</row1>
					<row2>	-0.9910 0.0000 0.1341 0.0000	</row2>
					<row3>	-0.7815 0.4985 3.4382 1.0000	</row3>
				</transform>
			</node>
			<node>
				<identifier>	HP_FX_RepairLight_right_1	</identifier>
				<transform>
					<row0>	0.1474 0.0510 -0.9878 0.0000	</row0>
					<row1>	0.1129 0.9913 0.0680 0.0000	</row1>
					<row2>	0.9826 -0.1215 0.1403 0.0000	</row2>
					<row3>	0.5512 0.4929 4.4536 1.0000	</row3>
				</transform>
			</node>
			<node>
				<identifier>	HP_FX_WakeTrace	</identifier>
				<transform>
					<row0>	1.0000 0.0000 0.0000 0.0000	</row0>
					<row1>	0.0000 1.0000 0.0000 0.0000	</row1>
					<row2>	0.0000 0.0000 1.0000 0.0000	</row2>
					<row3>	0.0000 0.0000 6.0829 1.0000	</row3>
				</transform>
			</node>
			<node>
				<identifier>	HP_Ship_death_1	</identifier>
				<transform>
					<row0>	1.0000 0.0000 0.0000 0.0000	</row0>
					<row1>	0.0000 1.0000 0.0000 0.0000	</row1>
					<row2>	0.0000 0.0000 1.0000 0.0000	</row2>
					<row3>	0.0000 0.0000 2.8138 1.0000	</row3>
				</transform>
			</node>
			<node>
				<identifier>	MP_AM049_Signal_Lamp_1	</identifier>
				<transform>
					<row0>	1.0000 0.0000 0.0000 0.0000	</row0>
					<row1>	0.0000 1.0000 0.0000 0.0000	</row1>
					<row2>	0.0000 0.0000 1.0000 0.0000	</row2>
					<row3>	0.0000 1.0696 6.0610 1.0000	</row3>
				</transform>
			</node>
			<node>
				<identifier>	MP_AM116_Boat_Winch_2	</identifier>
				<transform>
					<row0>	0.0000 0.0000 -1.0000 0.0000	</row0>
					<row1>	0.0000 1.0000 0.0000 0.0000	</row1>
					<row2>	1.0000 0.0000 0.0000 0.0000	</row2>
					<row3>	-0.2862 0.4831 3.8505 1.0000	</row3>
				</transform>
			</node>
			<node>
				<identifier>	MP_AM148_Hatch_8	</identifier>
				<transform>
					<row0>	1.0000 0.0000 0.0000 0.0000	</row0>
					<row1>	0.0000 1.0000 0.0000 0.0000	</row1>
					<row2>	0.0000 0.0000 1.0000 0.0000	</row2>
					<row3>	0.0203 0.4839 5.7080 1.0000	</row3>
				</transform>
			</node>
			<node>
				<identifier>	MP_AM217_Hatch	</identifier>
				<transform>
					<row0>	1.0000 0.0000 0.0000 0.0000	</row0>
					<row1>	0.0000 1.0000 0.0000 0.0000	</row1>
					<row2>	0.0000 0.0000 1.0000 0.0000	</row2>
					<row3>	0.2487 0.4837 3.6244 1.0000	</row3>
				</transform>
			</node>
			<node>
				<identifier>	MP_AM217_Hatch_INDEX_1	</identifier>
				<transform>
					<row0>	1.0000 0.0000 0.0000 0.0000	</row0>
					<row1>	0.0000 1.0000 0.0000 0.0000	</row1>
					<row2>	0.0000 0.0000 1.0000 0.0000	</row2>
					<row3>	-0.2478 0.4837 3.6246 1.0000	</row3>
				</transform>
			</node>
			<node>
				<identifier>	MP_AM217_Hatch_INDEX_2	</identifier>
				<transform>
					<row0>	1.0000 0.0000 0.0000 0.0000	</row0>
					<row1>	0.0000 1.0000 0.0000 0.0000	</row1>
					<row2>	0.0000 0.0000 1.0000 0.0000	</row2>
					<row3>	0.1839 0.4837 4.4145 1.0000	</row3>
				</transform>
			</node>
			<node>
				<identifier>	MP_AM217_Hatch_INDEX_3	</identifier>
				<transform>
					<row0>	1.0000 0.0000 0.0000 0.0000	</row0>
					<row1>	0.0000 1.0000 0.0000 0.0000	</row1>
					<row2>	0.0000 0.0000 1.0000 0.0000	</row2>
					<row3>	0.0000 0.4837 5.3803 1.0000	</row3>
				</transform>
			</node>
			<node>
				<identifier>	MP_AM217_Hatch_INDEX_4	</identifier>
				<transform>
					<row0>	1.0000 0.0000 0.0000 0.0000	</row0>
					<row1>	0.0000 1.0000 0.0000 0.0000	</row1>
					<row2>	0.0000 0.0000 1.0000 0.0000	</row2>
					<row3>	0.0000 0.4837 4.9985 1.0000	</row3>
				</transform>
			</node>
			<node>
				<identifier>	MP_AM218_Hatch	</identifier>
				<transform>
					<row0>	1.0000 0.0000 0.0000 0.0000	</row0>
					<row1>	0.0000 1.0000 0.0000 0.0000	</row1>
					<row2>	0.0000 0.0000 1.0000 0.0000	</row2>
					<row3>	0.1557 0.4841 3.9702 1.0000	</row3>
				</transform>
			</node>
			<node>
				<identifier>	MP_AM218_Hatch_INDEX_1	</identifier>
				<transform>
					<row0>	1.0000 0.0000 0.0000 0.0000	</row0>
					<row1>	0.0000 1.0000 0.0000 0.0000	</row1>
					<row2>	0.0000 0.0000 1.0000 0.0000	</row2>
					<row3>	-0.1557 0.4841 3.9702 1.0000	</row3>
				</transform>
			</node>
			<node>
				<identifier>	MP_AM219_Bollard	</identifier>
				<transform>
					<row0>	0.9921 0.0000 -0.1253 0.0000	</row0>
					<row1>	0.0000 1.0000 0.0000 0.0000	</row1>
					<row2>	0.1253 0.0000 0.9921 0.0000	</row2>
					<row3>	-0.7629 0.4803 3.1000 1.0000	</row3>
				</transform>
			</node>
			<node>
				<identifier>	MP_AM219_Bollard_INDEX_1	</identifier>
				<transform>
					<row0>	0.9989 0.0000 0.0466 0.0000	</row0>
					<row1>	0.0000 1.0000 0.0000 0.0000	</row1>
					<row2>	-0.0466 0.0000 0.9989 0.0000	</row2>
					<row3>	0.3348 0.4803 5.1281 1.0000	</row3>
				</transform>
			</node>
			<node>
				<identifier>	MP_AM219_Bollard_INDEX_2	</identifier>
				<transform>
					<row0>	0.9985 0.0000 -0.0556 0.0000	</row0>
					<row1>	0.0000 1.0000 0.0000 0.0000	</row1>
					<row2>	0.0556 0.0000 0.9985 0.0000	</row2>
					<row3>	-0.5848 0.4803 3.7469 1.0000	</row3>
				</transform>
			</node>
			<node>
				<identifier>	MP_AM219_Bollard_INDEX_3	</identifier>
				<transform>
					<row0>	0.9985 0.0000 0.0556 0.0000	</row0>
					<row1>	0.0000 1.0000 0.0000 0.0000	</row1>
					<row2>	-0.0556 0.0000 0.9985 0.0000	</row2>
					<row3>	0.5848 0.4803 3.7469 1.0000	</row3>
				</transform>
			</node>
			<node>
				<identifier>	MP_AM219_Bollard_INDEX_4	</identifier>
				<transform>
					<row0>	0.9921 0.0000 0.1253 0.0000	</row0>
					<row1>	0.0000 1.0000 0.0000 0.0000	</row1>
					<row2>	-0.1253 0.0000 0.9921 0.0000	</row2>
					<row3>	0.7629 0.4803 3.1000 1.0000	</row3>
				</transform>
			</node>
			<node>
				<identifier>	MP_AM219_Bollard_INDEX_5	</identifier>
				<transform>
					<row0>	0.9989 0.0000 -0.0466 0.0000	</row0>
					<row1>	0.0000 1.0000 0.0000 0.0000	</row1>
					<row2>	0.0466 0.0000 0.9989 0.0000	</row2>
					<row3>	-0.3348 0.4803 5.1281 1.0000	</row3>
				</transform>
			</node>
			<node>
				<identifier>	MP_AM220_Fairlead	</identifier>
				<transform>
					<row0>	0.9987 0.0000 -0.0519 0.0000	</row0>
					<row1>	0.0000 1.0000 0.0000 0.0000	</row1>
					<row2>	0.0519 0.0000 0.9987 0.0000	</row2>
					<row3>	-0.3745 0.4842 5.3645 1.0000	</row3>
				</transform>
			</node>
			<node>
				<identifier>	MP_AM220_Fairlead_INDEX_1	</identifier>
				<transform>
					<row0>	0.9984 0.0000 0.0562 0.0000	</row0>
					<row1>	0.0000 1.0000 0.0000 0.0000	</row1>
					<row2>	-0.0562 0.0000 0.9984 0.0000	</row2>
					<row3>	0.6184 0.4842 4.0385 1.0000	</row3>
				</transform>
			</node>
			<node>
				<identifier>	MP_AM220_Fairlead_INDEX_2	</identifier>
				<transform>
					<row0>	0.9989 0.0000 0.0466 0.0000	</row0>
					<row1>	0.0000 1.0000 0.0000 0.0000	</row1>
					<row2>	-0.0466 0.0000 0.9989 0.0000	</row2>
					<row3>	0.3991 0.4842 4.8682 1.0000	</row3>
				</transform>
			</node>
			<node>
				<identifier>	MP_AM220_Fairlead_INDEX_3	</identifier>
				<transform>
					<row0>	0.9987 0.0000 0.0519 0.0000	</row0>
					<row1>	0.0000 1.0000 0.0000 0.0000	</row1>
					<row2>	-0.0519 0.0000 0.9987 0.0000	</row2>
					<row3>	0.3745 0.4842 5.3645 1.0000	</row3>
				</transform>
			</node>
			<node>
				<identifier>	MP_AM220_Fairlead_INDEX_4	</identifier>
				<transform>
					<row0>	0.9989 0.0000 -0.0466 0.0000	</row0>
					<row1>	0.0000 1.0000 0.0000 0.0000	</row1>
					<row2>	0.0466 0.0000 0.9989 0.0000	</row2>
					<row3>	-0.3991 0.4842 4.8682 1.0000	</row3>
				</transform>
			</node>
			<node>
				<identifier>	MP_AM220_Fairlead_INDEX_5	</identifier>
				<transform>
					<row0>	0.9758 0.0000 0.2185 0.0000	</row0>
					<row1>	0.0000 1.0000 0.0000 0.0000	</row1>
					<row2>	-0.2185 0.0000 0.9758 0.0000	</row2>
					<row3>	0.7551 0.4842 3.4680 1.0000	</row3>
				</transform>
			</node>
			<node>
				<identifier>	MP_AM220_Fairlead_INDEX_6	</identifier>
				<transform>
					<row0>	0.9758 0.0000 -0.2185 0.0000	</row0>
					<row1>	0.0000 1.0000 0.0000 0.0000	</row1>
					<row2>	0.2185 0.0000 0.9758 0.0000	</row2>
					<row3>	-0.7551 0.4842 3.4680 1.0000	</row3>
				</transform>
			</node>
			<node>
				<identifier>	MP_AM220_Fairlead_INDEX_7	</identifier>
				<transform>
					<row0>	0.9984 0.0000 -0.0562 0.0000	</row0>
					<row1>	0.0000 1.0000 0.0000 0.0000	</row1>
					<row2>	0.0562 0.0000 0.9984 0.0000	</row2>
					<row3>	-0.6184 0.4842 4.0385 1.0000	</row3>
				</transform>
			</node>
			<node>
				<identifier>	MP_AM304_Paravane_Gear_Fairlead	</identifier>
				<transform>
					<row0>	0.7202 0.0000 -0.6938 0.0000	</row0>
					<row1>	0.0000 0.7000 0.0000 0.0000	</row1>
					<row2>	0.4163 0.0000 0.4321 0.0000	</row2>
					<row3>	0.2326 0.4818 5.5527 1.0000	</row3>
				</transform>
			</node>
			<node>
				<identifier>	MP_AM304_Paravane_Gear_Fairlead_INDEX_1	</identifier>
				<transform>
					<row0>	0.7202 0.0000 0.6938 0.0000	</row0>
					<row1>	0.0000 0.7000 0.0000 0.0000	</row1>
					<row2>	-0.4163 0.0000 0.4321 0.0000	</row2>
					<row3>	-0.2326 0.4818 5.5527 1.0000	</row3>
				</transform>
			</node>
			<node>
				<identifier>	MP_AM659_Boat_Winch	</identifier>
				<transform>
					<row0>	0.0000 0.0000 -1.0000 0.0000	</row0>
					<row1>	0.0000 1.0000 0.0000 0.0000	</row1>
					<row2>	1.0000 0.0000 0.0000 0.0000	</row2>
					<row3>	0.2862 0.4831 3.8505 1.0000	</row3>
				</transform>
			</node>
			<node>
				<identifier>	MP_CM011_Fire_Fighting_Gear	</identifier>
				<transform>
					<row0>	0.0000 0.0000 -1.0000 0.0000	</row0>
					<row1>	0.0000 1.0000 0.0000 0.0000	</row1>
					<row2>	1.0000 0.0000 0.0000 0.0000	</row2>
					<row3>	-0.0089 0.4839 5.0346 1.0000	</row3>
				</transform>
			</node>
			<node>
				<identifier>	MP_CM011_Fire_Fighting_Gear_INDEX_1	</identifier>
				<transform>
					<row0>	0.0000 0.0000 1.0000 0.0000	</row0>
					<row1>	0.0000 1.0000 0.0000 0.0000	</row1>
					<row2>	-1.0000 0.0000 0.0000 0.0000	</row2>
					<row3>	0.0089 0.4839 5.0346 1.0000	</row3>
				</transform>
			</node>
		</node>
	</node>
	<boundingBox>
		<min>	-0.0667 -0.0667 -0.0667	</min>
		<max>	0.0667 0.0667 0.0667	</max>
	</boundingBox>
</ASB035_Arizona_1941_Bow_ports.visual>
