<BSC024_Drake_1944_Stern_ports.visual>
	<node>
		<identifier>	Scene Root	</identifier>
		<transform>
			<row0>	1.0000 0.0000 0.0000 0.0000	</row0>
			<row1>	0.0000 1.0000 0.0000 0.0000	</row1>
			<row2>	0.0000 0.0000 1.0000 0.0000	</row2>
			<row3>	0.0000 0.0000 0.0000 1.0000	</row3>
		</transform>
		<node>
			<identifier>	Stern_ports	</identifier>
			<transform>
				<row0>	1.0000 0.0000 0.0000 0.0000	</row0>
				<row1>	0.0000 1.0000 0.0000 0.0000	</row1>
				<row2>	0.0000 0.0000 1.0000 0.0000	</row2>
				<row3>	0.0000 0.0000 0.0000 1.0000	</row3>
			</transform>
			<node>
				<identifier>	HP_BGA_17	</identifier>
				<transform>
					<row0>	-0.7071 0.0000 0.7071 0.0000	</row0>
					<row1>	0.0000 1.0000 0.0000 0.0000	</row1>
					<row2>	-0.7071 0.0000 -0.7071 0.0000	</row2>
					<row3>	-0.1302 0.3458 -6.5890 1.0000	</row3>
				</transform>
			</node>
			<node>
				<identifier>	HP_BGA_18	</identifier>
				<transform>
					<row0>	-0.7071 0.0000 -0.7071 0.0000	</row0>
					<row1>	0.0000 1.0000 0.0000 0.0000	</row1>
					<row2>	0.7071 0.0000 -0.7071 0.0000	</row2>
					<row3>	0.1302 0.3458 -6.5890 1.0000	</row3>
				</transform>
			</node>
			<node>
				<identifier>	HP_BGA_19	</identifier>
				<transform>
					<row0>	-1.0000 0.0000 0.0000 0.0000	</row0>
					<row1>	0.0000 1.0000 0.0000 0.0000	</row1>
					<row2>	0.0000 0.0000 -1.0000 0.0000	</row2>
					<row3>	-0.1302 0.3561 -6.8235 1.0000	</row3>
				</transform>
			</node>
			<node>
				<identifier>	HP_BGA_20	</identifier>
				<transform>
					<row0>	-1.0000 0.0000 0.0000 0.0000	</row0>
					<row1>	0.0000 1.0000 0.0000 0.0000	</row1>
					<row2>	0.0000 0.0000 -1.0000 0.0000	</row2>
					<row3>	0.1302 0.3561 -6.8235 1.0000	</row3>
				</transform>
			</node>
			<node>
				<identifier>	HP_BGM_3	</identifier>
				<transform>
					<row0>	-1.0000 0.0000 0.0000 0.0000	</row0>
					<row1>	0.0000 1.0000 0.0000 0.0000	</row1>
					<row2>	0.0000 0.0000 -1.0000 0.0000	</row2>
					<row3>	0.0000 0.4885 -4.0293 1.0000	</row3>
				</transform>
			</node>
			<node>
				<identifier>	HP_FX_Death_3	</identifier>
				<transform>
					<row0>	1.0000 0.0000 0.0000 0.0000	</row0>
					<row1>	0.0000 1.0000 0.0000 0.0000	</row1>
					<row2>	0.0000 0.0000 1.0000 0.0000	</row2>
					<row3>	0.0000 0.0000 -4.2177 1.0000	</row3>
				</transform>
			</node>
			<node>
				<identifier>	HP_FX_Fire_4	</identifier>
				<transform>
					<row0>	1.0000 0.0000 0.0000 0.0000	</row0>
					<row1>	0.0000 1.0000 0.0000 0.0000	</row1>
					<row2>	0.0000 0.0000 1.0000 0.0000	</row2>
					<row3>	0.0000 0.3168 -5.5910 1.0000	</row3>
				</transform>
			</node>
			<node>
				<identifier>	HP_FX_Flood_steam_right	</identifier>
				<transform>
					<row0>	1.0000 0.0000 0.0000 0.0000	</row0>
					<row1>	0.0000 1.0000 0.0000 0.0000	</row1>
					<row2>	0.0000 0.0000 1.0000 0.0000	</row2>
					<row3>	0.6692 0.2303 -4.1506 1.0000	</row3>
				</transform>
			</node>
			<node>
				<identifier>	HP_FX_Flood_water_left_1	</identifier>
				<transform>
					<row0>	-0.9890 0.0000 -0.1478 0.0000	</row0>
					<row1>	0.0000 1.0000 0.0000 0.0000	</row1>
					<row2>	0.1478 0.0000 -0.9890 0.0000	</row2>
					<row3>	-0.5038 0.0542 -5.1276 1.0000	</row3>
				</transform>
			</node>
			<node>
				<identifier>	HP_FX_Flood_water_right_1	</identifier>
				<transform>
					<row0>	0.9873 0.0000 -0.1587 0.0000	</row0>
					<row1>	0.0000 1.0000 0.0000 0.0000	</row1>
					<row2>	0.1587 0.0000 0.9873 0.0000	</row2>
					<row3>	0.5033 0.0526 -5.1267 1.0000	</row3>
				</transform>
			</node>
			<node>
				<identifier>	HP_FX_RepairLight_left_2	</identifier>
				<transform>
					<row0>	-0.0547 0.0000 0.9985 0.0000	</row0>
					<row1>	-0.0488 0.9988 -0.0027 0.0000	</row1>
					<row2>	-0.9973 -0.0489 -0.0547 0.0000	</row2>
					<row3>	-0.6408 0.3023 -4.5308 1.0000	</row3>
				</transform>
			</node>
			<node>
				<identifier>	HP_FX_RepairLight_right_1	</identifier>
				<transform>
					<row0>	-0.0547 0.0000 -0.9985 0.0000	</row0>
					<row1>	0.0283 0.9996 -0.0015 0.0000	</row1>
					<row2>	0.9981 -0.0283 -0.0547 0.0000	</row2>
					<row3>	0.7005 0.2924 -3.6627 1.0000	</row3>
				</transform>
			</node>
			<node>
				<identifier>	HP_FX_WakeTraceBack	</identifier>
				<transform>
					<row0>	1.0000 0.0000 0.0000 0.0000	</row0>
					<row1>	0.0000 1.0000 0.0000 0.0000	</row1>
					<row2>	0.0000 0.0000 1.0000 0.0000	</row2>
					<row3>	0.0000 0.0000 -7.0133 1.0000	</row3>
				</transform>
			</node>
			<node>
				<identifier>	HP_FX_WakeTrace_screw_1	</identifier>
				<transform>
					<row0>	1.0000 0.0000 0.0000 0.0000	</row0>
					<row1>	0.0000 1.0000 0.0000 0.0000	</row1>
					<row2>	0.0000 0.0000 1.0000 0.0000	</row2>
					<row3>	-0.0003 -0.3046 -6.4177 1.0000	</row3>
				</transform>
			</node>
			<node>
				<identifier>	HP_FX_WakeTrace_screw_2	</identifier>
				<transform>
					<row0>	1.0000 0.0000 0.0000 0.0000	</row0>
					<row1>	0.0000 1.0000 0.0000 0.0000	</row1>
					<row2>	0.0000 0.0000 1.0000 0.0000	</row2>
					<row3>	-0.3338 -0.3046 -5.6869 1.0000	</row3>
				</transform>
			</node>
			<node>
				<identifier>	HP_FX_WakeTrace_screw_3	</identifier>
				<transform>
					<row0>	1.0000 0.0000 0.0000 0.0000	</row0>
					<row1>	0.0000 1.0000 0.0000 0.0000	</row1>
					<row2>	0.0000 0.0000 1.0000 0.0000	</row2>
					<row3>	0.3338 -0.3046 -5.6869 1.0000	</row3>
				</transform>
			</node>
			<node>
				<identifier>	HP_Ship_death_3	</identifier>
				<transform>
					<row0>	1.0000 0.0000 0.0000 0.0000	</row0>
					<row1>	0.0000 1.0000 0.0000 0.0000	</row1>
					<row2>	0.0000 0.0000 1.0000 0.0000	</row2>
					<row3>	0.0000 0.0000 -3.6366 1.0000	</row3>
				</transform>
			</node>
			<node>
				<identifier>	MP_BM001_Paravane	</identifier>
				<transform>
					<row0>	0.0000 -1.0000 0.0000 0.0000	</row0>
					<row1>	0.9659 0.0000 0.2588 0.0000	</row1>
					<row2>	-0.2588 0.0000 0.9659 0.0000	</row2>
					<row3>	0.2570 0.3605 -3.9604 1.0000	</row3>
				</transform>
			</node>
			<node>
				<identifier>	MP_BM001_Paravane_INDEX_1	</identifier>
				<transform>
					<row0>	0.0000 1.0000 0.0000 0.0000	</row0>
					<row1>	-0.9659 0.0000 0.2588 0.0000	</row1>
					<row2>	0.2588 0.0000 0.9659 0.0000	</row2>
					<row3>	-0.2570 0.3605 -3.9604 1.0000	</row3>
				</transform>
			</node>
			<node>
				<identifier>	MP_BM003_Night_lifebuoy	</identifier>
				<transform>
					<row0>	0.8675 0.4724 -0.1559 0.0000	</row0>
					<row1>	-0.4638 0.8814 0.0901 0.0000	</row1>
					<row2>	0.1799 -0.0059 0.9837 0.0000	</row2>
					<row3>	0.4145 0.3719 -6.0627 1.0000	</row3>
				</transform>
			</node>
			<node>
				<identifier>	MP_BM003_Night_lifebuoy_INDEX_1	</identifier>
				<transform>
					<row0>	-0.8675 0.4724 -0.1559 0.0000	</row0>
					<row1>	0.4638 0.8814 0.0901 0.0000	</row1>
					<row2>	0.1799 0.0059 -0.9837 0.0000	</row2>
					<row3>	-0.4145 0.3719 -6.0627 1.0000	</row3>
				</transform>
			</node>
			<node>
				<identifier>	MP_BM004_Reels	</identifier>
				<transform>
					<row0>	-0.0396 0.0000 -0.8261 0.0000	</row0>
					<row1>	0.0000 0.8270 0.0000 0.0000	</row1>
					<row2>	0.8261 0.0000 -0.0396 0.0000	</row2>
					<row3>	0.6082 0.2953 -4.3730 1.0000	</row3>
				</transform>
			</node>
			<node>
				<identifier>	MP_BM004_Reels_INDEX_1	</identifier>
				<transform>
					<row0>	-0.0396 0.0000 -0.8261 0.0000	</row0>
					<row1>	0.0000 0.8270 0.0000 0.0000	</row1>
					<row2>	0.8261 0.0000 -0.0396 0.0000	</row2>
					<row3>	0.6537 0.2953 -3.7639 1.0000	</row3>
				</transform>
			</node>
			<node>
				<identifier>	MP_BM004_Reels_INDEX_2	</identifier>
				<transform>
					<row0>	-0.0396 0.0000 0.8261 0.0000	</row0>
					<row1>	0.0000 0.8270 0.0000 0.0000	</row1>
					<row2>	-0.8261 0.0000 -0.0396 0.0000	</row2>
					<row3>	-0.6082 0.2953 -4.3730 1.0000	</row3>
				</transform>
			</node>
			<node>
				<identifier>	MP_BM004_Reels_INDEX_3	</identifier>
				<transform>
					<row0>	-0.0396 0.0000 0.8261 0.0000	</row0>
					<row1>	0.0000 0.8270 0.0000 0.0000	</row1>
					<row2>	-0.8261 0.0000 -0.0396 0.0000	</row2>
					<row3>	-0.6534 0.2953 -3.7700 1.0000	</row3>
				</transform>
			</node>
			<node>
				<identifier>	MP_BM019_Reels_1	</identifier>
				<transform>
					<row0>	0.8959 0.0000 0.4442 0.0000	</row0>
					<row1>	0.4442 0.0000 -0.8959 0.0000	</row1>
					<row2>	0.0000 1.0000 0.0000 0.0000	</row2>
					<row3>	0.1070 0.3824 -4.2660 1.0000	</row3>
				</transform>
			</node>
			<node>
				<identifier>	MP_BM019_Reels_1_INDEX_1	</identifier>
				<transform>
					<row0>	0.8959 0.0000 -0.4442 0.0000	</row0>
					<row1>	-0.4442 0.0000 -0.8959 0.0000	</row1>
					<row2>	0.0000 1.0000 0.0000 0.0000	</row2>
					<row3>	-0.1077 0.3824 -4.2657 1.0000	</row3>
				</transform>
			</node>
			<node>
				<identifier>	MP_BM019_Reels_1_INDEX_2	</identifier>
				<transform>
					<row0>	-1.0000 0.0000 0.0000 0.0000	</row0>
					<row1>	0.0000 1.0000 0.0000 0.0000	</row1>
					<row2>	0.0000 0.0000 -1.0000 0.0000	</row2>
					<row3>	0.1399 0.2981 -5.1322 1.0000	</row3>
				</transform>
			</node>
			<node>
				<identifier>	MP_BM019_Reels_1_INDEX_3	</identifier>
				<transform>
					<row0>	-1.0000 0.0000 0.0000 0.0000	</row0>
					<row1>	0.0000 1.0000 0.0000 0.0000	</row1>
					<row2>	0.0000 0.0000 -1.0000 0.0000	</row2>
					<row3>	-0.1399 0.2981 -5.1322 1.0000	</row3>
				</transform>
			</node>
			<node>
				<identifier>	MP_BM519_Motor_Whaler_27ft	</identifier>
				<transform>
					<row0>	0.9974 0.0000 0.0714 0.0000	</row0>
					<row1>	0.0000 1.0000 0.0000 0.0000	</row1>
					<row2>	-0.0714 0.0000 0.9974 0.0000	</row2>
					<row3>	-0.5966 0.3095 -4.0666 1.0000	</row3>
				</transform>
			</node>
			<node>
				<identifier>	MP_BM519_Motor_Whaler_27ft_INDEX_1	</identifier>
				<transform>
					<row0>	0.9974 0.0000 -0.0714 0.0000	</row0>
					<row1>	0.0000 1.0000 0.0000 0.0000	</row1>
					<row2>	0.0714 0.0000 0.9974 0.0000	</row2>
					<row3>	0.5966 0.3095 -4.0666 1.0000	</row3>
				</transform>
			</node>
			<node>
				<identifier>	MP_BM527_Liferaft_type_20_8ft	</identifier>
				<transform>
					<row0>	1.0000 0.0000 0.0000 0.0000	</row0>
					<row1>	0.0000 0.0000 1.0000 0.0000	</row1>
					<row2>	0.0000 -1.0000 0.0000 0.0000	</row2>
					<row3>	0.1012 0.4272 -6.3765 1.0000	</row3>
				</transform>
			</node>
			<node>
				<identifier>	MP_BM527_Liferaft_type_20_8ft_INDEX_1	</identifier>
				<transform>
					<row0>	1.0000 0.0000 0.0000 0.0000	</row0>
					<row1>	0.0000 0.0000 1.0000 0.0000	</row1>
					<row2>	0.0000 -1.0000 0.0000 0.0000	</row2>
					<row3>	-0.1012 0.4272 -6.3765 1.0000	</row3>
				</transform>
			</node>
			<node>
				<identifier>	MP_BM542_Liferaft_type_20_8ft	</identifier>
				<transform>
					<row0>	1.0000 0.0000 0.0000 0.0000	</row0>
					<row1>	0.0000 0.0000 1.0000 0.0000	</row1>
					<row2>	0.0000 -1.0000 0.0000 0.0000	</row2>
					<row3>	0.0000 0.4272 -6.3803 1.0000	</row3>
				</transform>
			</node>
			<node>
				<identifier>	MP_BM611_Telephone	</identifier>
				<transform>
					<row0>	1.0000 0.0000 0.0000 0.0000	</row0>
					<row1>	0.0000 1.0000 0.0000 0.0000	</row1>
					<row2>	0.0000 0.0000 1.0000 0.0000	</row2>
					<row3>	-0.0905 0.4420 -6.3813 1.0000	</row3>
				</transform>
			</node>
			<node>
				<identifier>	MP_BM611_Telephone_INDEX_1	</identifier>
				<transform>
					<row0>	1.0000 0.0000 0.0000 0.0000	</row0>
					<row1>	0.0000 1.0000 0.0000 0.0000	</row1>
					<row2>	0.0000 0.0000 1.0000 0.0000	</row2>
					<row3>	-0.0699 0.4420 -6.3813 1.0000	</row3>
				</transform>
			</node>
			<node>
				<identifier>	MP_BM624_Speaker	</identifier>
				<transform>
					<row0>	0.7000 0.0000 0.0000 0.0000	</row0>
					<row1>	0.0000 0.7000 0.0000 0.0000	</row1>
					<row2>	0.0000 0.0000 0.7000 0.0000	</row2>
					<row3>	0.0000 0.4689 -4.3051 1.0000	</row3>
				</transform>
			</node>
			<node>
				<identifier>	MP_BM706_Ammunition_Box	</identifier>
				<transform>
					<row0>	1.0000 0.0000 0.0000 0.0000	</row0>
					<row1>	0.0000 0.9990 0.0442 0.0000	</row1>
					<row2>	0.0000 -0.0442 0.9990 0.0000	</row2>
					<row3>	0.1060 0.3651 -7.0071 1.0000	</row3>
				</transform>
			</node>
			<node>
				<identifier>	MP_BM706_Ammunition_Box_INDEX_1	</identifier>
				<transform>
					<row0>	-0.2265 -0.0414 0.9731 0.0000	</row0>
					<row1>	-0.0094 0.9991 0.0403 0.0000	</row1>
					<row2>	-0.9740 0.0000 -0.2267 0.0000	</row2>
					<row3>	-0.2917 0.3431 -6.5014 1.0000	</row3>
				</transform>
			</node>
			<node>
				<identifier>	MP_BM706_Ammunition_Box_INDEX_2	</identifier>
				<transform>
					<row0>	1.0000 0.0000 0.0000 0.0000	</row0>
					<row1>	0.0000 0.9990 0.0442 0.0000	</row1>
					<row2>	0.0000 -0.0442 0.9990 0.0000	</row2>
					<row3>	-0.1060 0.3651 -7.0071 1.0000	</row3>
				</transform>
			</node>
			<node>
				<identifier>	MP_BM706_Ammunition_Box_INDEX_3	</identifier>
				<transform>
					<row0>	-0.2265 0.0414 -0.9731 0.0000	</row0>
					<row1>	0.0094 0.9991 0.0403 0.0000	</row1>
					<row2>	0.9740 0.0000 -0.2267 0.0000	</row2>
					<row3>	0.2917 0.3431 -6.5014 1.0000	</row3>
				</transform>
			</node>
			<node>
				<identifier>	MP_BM752_Deck_Hatch	</identifier>
				<transform>
					<row0>	0.0000 0.0000 -1.0000 0.0000	</row0>
					<row1>	0.0000 1.0000 0.0000 0.0000	</row1>
					<row2>	1.0000 0.0000 0.0000 0.0000	</row2>
					<row3>	-0.2619 0.3026 -4.8923 1.0000	</row3>
				</transform>
			</node>
			<node>
				<identifier>	MP_BM752_Deck_Hatch_INDEX_1	</identifier>
				<transform>
					<row0>	0.0000 0.0000 -1.0000 0.0000	</row0>
					<row1>	0.0000 1.0000 0.0000 0.0000	</row1>
					<row2>	1.0000 0.0000 0.0000 0.0000	</row2>
					<row3>	-0.1341 0.3211 -5.7842 1.0000	</row3>
				</transform>
			</node>
			<node>
				<identifier>	MP_BM752_Deck_Hatch_INDEX_2	</identifier>
				<transform>
					<row0>	0.0000 0.0000 1.0000 0.0000	</row0>
					<row1>	0.0000 1.0000 0.0000 0.0000	</row1>
					<row2>	-1.0000 0.0000 0.0000 0.0000	</row2>
					<row3>	0.1319 0.3292 -6.1115 1.0000	</row3>
				</transform>
			</node>
			<node>
				<identifier>	MP_BM752_Deck_Hatch_INDEX_3	</identifier>
				<transform>
					<row0>	-1.0000 0.0000 0.0000 0.0000	</row0>
					<row1>	0.0000 1.0000 0.0000 0.0000	</row1>
					<row2>	0.0000 0.0000 -1.0000 0.0000	</row2>
					<row3>	0.0017 0.3430 -6.4356 1.0000	</row3>
				</transform>
			</node>
			<node>
				<identifier>	MP_BM752_Deck_Hatch_INDEX_4	</identifier>
				<transform>
					<row0>	0.0000 0.0000 1.0000 0.0000	</row0>
					<row1>	0.0000 1.0000 0.0000 0.0000	</row1>
					<row2>	-1.0000 0.0000 0.0000 0.0000	</row2>
					<row3>	0.2007 0.3072 -5.2157 1.0000	</row3>
				</transform>
			</node>
			<node>
				<identifier>	MP_BM757_Hatch	</identifier>
				<transform>
					<row0>	1.0000 0.0000 0.0000 0.0000	</row0>
					<row1>	0.0000 1.0000 0.0000 0.0000	</row1>
					<row2>	0.0000 0.0000 1.0000 0.0000	</row2>
					<row3>	0.0520 0.2972 -4.6795 1.0000	</row3>
				</transform>
			</node>
			<node>
				<identifier>	MP_BM763_Hatch	</identifier>
				<transform>
					<row0>	0.0000 0.0000 1.0000 0.0000	</row0>
					<row1>	0.0000 1.0000 0.0000 0.0000	</row1>
					<row2>	-1.0000 0.0000 0.0000 0.0000	</row2>
					<row3>	0.0412 0.2958 -5.1115 1.0000	</row3>
				</transform>
			</node>
			<node>
				<identifier>	MP_BM763_Hatch_INDEX_1	</identifier>
				<transform>
					<row0>	0.0000 0.0000 1.0000 0.0000	</row0>
					<row1>	0.0000 1.0000 0.0000 0.0000	</row1>
					<row2>	-1.0000 0.0000 0.0000 0.0000	</row2>
					<row3>	0.0412 0.3152 -5.8515 1.0000	</row3>
				</transform>
			</node>
			<node>
				<identifier>	MP_BM763_Hatch_INDEX_2	</identifier>
				<transform>
					<row0>	0.0000 0.0000 -1.0000 0.0000	</row0>
					<row1>	0.0000 1.0000 0.0000 0.0000	</row1>
					<row2>	1.0000 0.0000 0.0000 0.0000	</row2>
					<row3>	-0.0412 0.3152 -5.8515 1.0000	</row3>
				</transform>
			</node>
			<node>
				<identifier>	MP_BM763_Hatch_INDEX_3	</identifier>
				<transform>
					<row0>	0.0000 0.0000 -1.0000 0.0000	</row0>
					<row1>	0.0000 1.0000 0.0000 0.0000	</row1>
					<row2>	1.0000 0.0000 0.0000 0.0000	</row2>
					<row3>	-0.0412 0.2958 -5.1115 1.0000	</row3>
				</transform>
			</node>
			<node>
				<identifier>	MP_BM801_Ventilators_mushroom	</identifier>
				<transform>
					<row0>	-1.0000 0.0000 0.0000 0.0000	</row0>
					<row1>	0.0000 1.0000 0.0000 0.0000	</row1>
					<row2>	0.0000 0.0000 -1.0000 0.0000	</row2>
					<row3>	-0.0365 0.2942 -4.3292 1.0000	</row3>
				</transform>
			</node>
			<node>
				<identifier>	MP_BM801_Ventilators_mushroom_INDEX_1	</identifier>
				<transform>
					<row0>	-1.0000 0.0000 0.0000 0.0000	</row0>
					<row1>	0.0000 1.0000 0.0000 0.0000	</row1>
					<row2>	0.0000 0.0000 -1.0000 0.0000	</row2>
					<row3>	0.0322 0.2942 -4.3375 1.0000	</row3>
				</transform>
			</node>
			<node>
				<identifier>	MP_BM801_Ventilators_mushroom_INDEX_2	</identifier>
				<transform>
					<row0>	-1.0000 0.0000 0.0000 0.0000	</row0>
					<row1>	0.0000 1.0000 0.0000 0.0000	</row1>
					<row2>	0.0000 0.0000 -1.0000 0.0000	</row2>
					<row3>	0.0322 0.2987 -5.2088 1.0000	</row3>
				</transform>
			</node>
			<node>
				<identifier>	MP_BM801_Ventilators_mushroom_INDEX_3	</identifier>
				<transform>
					<row0>	-1.0000 0.0000 0.0000 0.0000	</row0>
					<row1>	0.0000 1.0000 0.0000 0.0000	</row1>
					<row2>	0.0000 0.0000 -1.0000 0.0000	</row2>
					<row3>	-0.0365 0.2987 -5.2004 1.0000	</row3>
				</transform>
			</node>
			<node>
				<identifier>	MP_BM801_Ventilators_mushroom_INDEX_4	</identifier>
				<transform>
					<row0>	-1.0000 0.0000 0.0000 0.0000	</row0>
					<row1>	0.0000 1.0000 0.0000 0.0000	</row1>
					<row2>	0.0000 0.0000 -1.0000 0.0000	</row2>
					<row3>	-0.2584 0.2995 -5.1249 1.0000	</row3>
				</transform>
			</node>
			<node>
				<identifier>	MP_BM801_Ventilators_mushroom_INDEX_5	</identifier>
				<transform>
					<row0>	-1.0000 0.0000 0.0000 0.0000	</row0>
					<row1>	0.0000 1.0000 0.0000 0.0000	</row1>
					<row2>	0.0000 0.0000 -1.0000 0.0000	</row2>
					<row3>	0.1173 0.3373 -6.4175 1.0000	</row3>
				</transform>
			</node>
			<node>
				<identifier>	MP_BM801_Ventilators_mushroom_INDEX_6	</identifier>
				<transform>
					<row0>	-1.0000 0.0000 0.0000 0.0000	</row0>
					<row1>	0.0000 1.0000 0.0000 0.0000	</row1>
					<row2>	0.0000 0.0000 -1.0000 0.0000	</row2>
					<row3>	-0.1173 0.3373 -6.4175 1.0000	</row3>
				</transform>
			</node>
			<node>
				<identifier>	MP_BM857_Fog_Light	</identifier>
				<transform>
					<row0>	-1.0000 0.0000 0.0000 0.0000	</row0>
					<row1>	0.0000 1.0000 0.0000 0.0000	</row1>
					<row2>	0.0000 0.0000 -1.0000 0.0000	</row2>
					<row3>	-0.0340 0.4126 -7.0359 1.0000	</row3>
				</transform>
			</node>
			<node>
				<identifier>	MP_BM858_Signal_Lamp	</identifier>
				<transform>
					<row0>	0.9934 0.0000 0.0000 0.0000	</row0>
					<row1>	0.0000 0.9934 0.0000 0.0000	</row1>
					<row2>	0.0000 0.0000 0.9934 0.0000	</row2>
					<row3>	0.0174 0.9397 -7.0376 1.0000	</row3>
				</transform>
			</node>
			<node>
				<identifier>	MP_BM868_Screened_speed_light	</identifier>
				<transform>
					<row0>	0.7425 0.0000 0.0000 0.0000	</row0>
					<row1>	0.0000 0.7425 0.0000 0.0000	</row1>
					<row2>	0.0000 0.0000 0.7425 0.0000	</row2>
					<row3>	0.0000 0.4971 -7.0496 1.0000	</row3>
				</transform>
			</node>
			<node>
				<identifier>	MP_BM877_Running_Lights_B	</identifier>
				<transform>
					<row0>	1.0000 0.0000 0.0000 0.0000	</row0>
					<row1>	0.0000 1.0000 0.0000 0.0000	</row1>
					<row2>	0.0000 0.0000 1.0000 0.0000	</row2>
					<row3>	0.0002 0.5609 -7.0509 1.0000	</row3>
				</transform>
			</node>
			<node>
				<identifier>	MP_BM952_Bollard	</identifier>
				<transform>
					<row0>	0.9892 0.0024 -0.1467 0.0000	</row0>
					<row1>	0.0000 0.9999 0.0162 0.0000	</row1>
					<row2>	0.1468 -0.0161 0.9890 0.0000	</row2>
					<row3>	0.5009 0.3058 -5.1638 1.0000	</row3>
				</transform>
			</node>
			<node>
				<identifier>	MP_BM952_Bollard_INDEX_1	</identifier>
				<transform>
					<row0>	0.9802 0.0073 -0.1980 0.0000	</row0>
					<row1>	0.0000 0.9993 0.0368 0.0000	</row1>
					<row2>	0.1981 -0.0361 0.9795 0.0000	</row2>
					<row3>	0.3032 0.3386 -6.3044 1.0000	</row3>
				</transform>
			</node>
			<node>
				<identifier>	MP_BM952_Bollard_INDEX_2	</identifier>
				<transform>
					<row0>	0.9802 -0.0073 0.1980 0.0000	</row0>
					<row1>	0.0000 0.9993 0.0368 0.0000	</row1>
					<row2>	-0.1981 -0.0361 0.9795 0.0000	</row2>
					<row3>	-0.3032 0.3386 -6.3044 1.0000	</row3>
				</transform>
			</node>
			<node>
				<identifier>	MP_BM952_Bollard_INDEX_3	</identifier>
				<transform>
					<row0>	0.9892 -0.0024 0.1467 0.0000	</row0>
					<row1>	0.0000 0.9999 0.0162 0.0000	</row1>
					<row2>	-0.1468 -0.0161 0.9890 0.0000	</row2>
					<row3>	-0.5009 0.3058 -5.1638 1.0000	</row3>
				</transform>
			</node>
			<node>
				<identifier>	MP_BM963_Anchor_Capstan_Stern	</identifier>
				<transform>
					<row0>	1.0000 0.0000 0.0000 0.0000	</row0>
					<row1>	0.0000 1.0000 0.0000 0.0000	</row1>
					<row2>	0.0000 0.0000 1.0000 0.0000	</row2>
					<row3>	0.0000 0.3371 -6.1834 1.0000	</row3>
				</transform>
			</node>
			<node>
				<identifier>	MP_BM965_3ton_electrik_winch_L	</identifier>
				<transform>
					<row0>	-1.0000 0.0000 0.0000 0.0000	</row0>
					<row1>	0.0000 1.0000 0.0000 0.0000	</row1>
					<row2>	0.0000 0.0000 -1.0000 0.0000	</row2>
					<row3>	0.0000 0.2963 -4.9130 1.0000	</row3>
				</transform>
			</node>
			<node>
				<identifier>	MP_CM001_Propeller3_L	</identifier>
				<transform>
					<row0>	1.1410 -0.0011 0.0000 0.0000	</row0>
					<row1>	0.0011 1.1407 -0.0266 0.0000	</row1>
					<row2>	0.0000 0.0266 1.1407 0.0000	</row2>
					<row3>	-0.0003 -0.3046 -6.4177 1.0000	</row3>
				</transform>
			</node>
			<node>
				<identifier>	MP_CM001_Propeller3_L_INDEX_1	</identifier>
				<transform>
					<row0>	1.1405 0.0112 -0.0317 0.0000	</row0>
					<row1>	-0.0120 1.1406 -0.0277 0.0000	</row1>
					<row2>	0.0314 0.0280 1.1402 0.0000	</row2>
					<row3>	-0.3338 -0.3046 -5.6869 1.0000	</row3>
				</transform>
			</node>
			<node>
				<identifier>	MP_CM011_Fire_Fighting_Gear	</identifier>
				<transform>
					<row0>	0.7071 0.0000 -0.7071 0.0000	</row0>
					<row1>	0.0000 1.0000 0.0000 0.0000	</row1>
					<row2>	0.7071 0.0000 0.7071 0.0000	</row2>
					<row3>	-0.1903 0.2972 -4.2454 1.0000	</row3>
				</transform>
			</node>
			<node>
				<identifier>	MP_CM011_Fire_Fighting_Gear_INDEX_1	</identifier>
				<transform>
					<row0>	0.7071 0.0000 0.7071 0.0000	</row0>
					<row1>	0.0000 1.0000 0.0000 0.0000	</row1>
					<row2>	-0.7071 0.0000 0.7071 0.0000	</row2>
					<row3>	0.1890 0.2972 -4.2459 1.0000	</row3>
				</transform>
			</node>
			<node>
				<identifier>	MP_CM011_Fire_Fighting_Gear_INDEX_2	</identifier>
				<transform>
					<row0>	1.0000 0.0000 0.0000 0.0000	</row0>
					<row1>	0.0000 1.0000 0.0000 0.0000	</row1>
					<row2>	0.0000 0.0000 1.0000 0.0000	</row2>
					<row3>	0.0706 0.3414 -6.4115 1.0000	</row3>
				</transform>
			</node>
			<node>
				<identifier>	MP_CM013_Fire_Hose_Rack_2	</identifier>
				<transform>
					<row0>	-0.6523 0.0000 0.7580 0.0000	</row0>
					<row1>	0.0000 1.0000 0.0000 0.0000	</row1>
					<row2>	-0.7580 0.0000 -0.6523 0.0000	</row2>
					<row3>	0.1709 0.3762 -4.2318 1.0000	</row3>
				</transform>
			</node>
			<node>
				<identifier>	MP_CM013_Fire_Hose_Rack_2_INDEX_1	</identifier>
				<transform>
					<row0>	0.6523 0.0000 0.7580 0.0000	</row0>
					<row1>	0.0000 1.0000 0.0000 0.0000	</row1>
					<row2>	-0.7580 0.0000 0.6523 0.0000	</row2>
					<row3>	-0.1709 0.3762 -4.2318 1.0000	</row3>
				</transform>
			</node>
			<node>
				<identifier>	MP_CM013_Fire_Hose_Rack_2_INDEX_2	</identifier>
				<transform>
					<row0>	0.0000 0.0000 1.0000 0.0000	</row0>
					<row1>	0.0000 1.0000 0.0000 0.0000	</row1>
					<row2>	-1.0000 0.0000 0.0000 0.0000	</row2>
					<row3>	0.0812 0.4144 -6.3814 1.0000	</row3>
				</transform>
			</node>
			<node>
				<identifier>	MP_CM028_Swab_Rack	</identifier>
				<transform>
					<row0>	-1.0000 0.0000 -0.0017 0.0000	</row0>
					<row1>	0.0000 1.0000 0.0000 0.0000	</row1>
					<row2>	0.0017 0.0000 -1.0000 0.0000	</row2>
					<row3>	0.0000 0.2948 -3.7615 1.0000	</row3>
				</transform>
			</node>
			<node>
				<identifier>	MP_CM032_Propeller3_R	</identifier>
				<transform>
					<row0>	1.1405 -0.0112 0.0317 0.0000	</row0>
					<row1>	0.0120 1.1406 -0.0277 0.0000	</row1>
					<row2>	-0.0314 0.0280 1.1402 0.0000	</row2>
					<row3>	0.3338 -0.3046 -5.6869 1.0000	</row3>
				</transform>
			</node>
			<node>
				<identifier>	MP_CM079_Fender	</identifier>
				<transform>
					<row0>	1.0000 0.0000 0.0000 0.0000	</row0>
					<row1>	0.0000 0.0000 -1.0000 0.0000	</row1>
					<row2>	0.0000 1.0000 0.0000 0.0000	</row2>
					<row3>	0.0538 0.3118 -5.5725 1.0000	</row3>
				</transform>
			</node>
			<node>
				<identifier>	MP_CM079_Fender_INDEX_1	</identifier>
				<transform>
					<row0>	1.0000 0.0000 0.0000 0.0000	</row0>
					<row1>	0.0000 0.0000 -1.0000 0.0000	</row1>
					<row2>	0.0000 1.0000 0.0000 0.0000	</row2>
					<row3>	0.0538 0.3103 -5.5158 1.0000	</row3>
				</transform>
			</node>
			<node>
				<identifier>	MP_CM079_Fender_INDEX_2	</identifier>
				<transform>
					<row0>	1.0000 0.0000 0.0000 0.0000	</row0>
					<row1>	0.0000 0.0000 -1.0000 0.0000	</row1>
					<row2>	0.0000 1.0000 0.0000 0.0000	</row2>
					<row3>	-0.0538 0.3118 -5.5725 1.0000	</row3>
				</transform>
			</node>
			<node>
				<identifier>	MP_CM079_Fender_INDEX_3	</identifier>
				<transform>
					<row0>	1.0000 0.0000 0.0000 0.0000	</row0>
					<row1>	0.0000 0.0000 -1.0000 0.0000	</row1>
					<row2>	0.0000 1.0000 0.0000 0.0000	</row2>
					<row3>	-0.0538 0.3103 -5.5158 1.0000	</row3>
				</transform>
			</node>
			<node>
				<identifier>	MP_CM104_Life_Buoy	</identifier>
				<transform>
					<row0>	0.1101 0.0000 0.9939 0.0000	</row0>
					<row1>	0.0000 1.0000 0.0000 0.0000	</row1>
					<row2>	-0.9939 0.0000 0.1101 0.0000	</row2>
					<row3>	0.6172 0.3669 -4.7201 1.0000	</row3>
				</transform>
			</node>
			<node>
				<identifier>	MP_CM104_Life_Buoy_INDEX_1	</identifier>
				<transform>
					<row0>	0.1676 0.0000 0.9859 0.0000	</row0>
					<row1>	0.0000 1.0000 0.0000 0.0000	</row1>
					<row2>	-0.9859 0.0000 0.1676 0.0000	</row2>
					<row3>	0.4951 0.3813 -5.5745 1.0000	</row3>
				</transform>
			</node>
			<node>
				<identifier>	MP_CM104_Life_Buoy_INDEX_2	</identifier>
				<transform>
					<row0>	0.1101 0.0000 -0.9939 0.0000	</row0>
					<row1>	0.0000 1.0000 0.0000 0.0000	</row1>
					<row2>	0.9939 0.0000 0.1101 0.0000	</row2>
					<row3>	-0.6172 0.3669 -4.7201 1.0000	</row3>
				</transform>
			</node>
			<node>
				<identifier>	MP_CM104_Life_Buoy_INDEX_3	</identifier>
				<transform>
					<row0>	0.1676 0.0000 -0.9859 0.0000	</row0>
					<row1>	0.0000 1.0000 0.0000 0.0000	</row1>
					<row2>	0.9859 0.0000 0.1676 0.0000	</row2>
					<row3>	-0.4951 0.3813 -5.5745 1.0000	</row3>
				</transform>
			</node>
			<node>
				<identifier>	MP_CM109_Leadsman_Platform	</identifier>
				<transform>
					<row0>	0.1457 -0.9893 -0.0083 0.0000	</row0>
					<row1>	0.9862 0.1459 -0.0778 0.0000	</row1>
					<row2>	0.0782 0.0032 0.9969 0.0000	</row2>
					<row3>	0.6515 0.2933 -4.4762 1.0000	</row3>
				</transform>
			</node>
			<node>
				<identifier>	MP_CM109_Leadsman_Platform_INDEX_1	</identifier>
				<transform>
					<row0>	-0.1457 -0.9893 -0.0083 0.0000	</row0>
					<row1>	-0.9862 0.1459 -0.0778 0.0000	</row1>
					<row2>	0.0782 -0.0032 -0.9969 0.0000	</row2>
					<row3>	-0.6515 0.2933 -4.4762 1.0000	</row3>
				</transform>
			</node>
			<node>
				<identifier>	SP_YMS011_YHWL_M_1_INDEX_11	</identifier>
				<transform>
					<row0>	0.9953 0.3505 0.1199 0.0000	</row0>
					<row1>	-0.3480 1.0025 -0.0418 0.0000	</row1>
					<row2>	-0.1270 -0.0001 1.0544 0.0000	</row2>
					<row3>	-0.6270 0.0000 -4.2951 1.0000	</row3>
				</transform>
			</node>
			<node>
				<identifier>	SP_YMS011_YHWL_M_1_INDEX_12	</identifier>
				<transform>
					<row0>	0.9671 0.4013 0.1776 0.0000	</row0>
					<row1>	-0.3940 0.9833 -0.0758 0.0000	</row1>
					<row2>	-0.1931 0.0032 1.0443 0.0000	</row2>
					<row3>	-0.4796 0.0000 -5.1888 1.0000	</row3>
				</transform>
			</node>
			<node>
				<identifier>	SP_YMS011_YHWL_M_1_INDEX_13	</identifier>
				<transform>
					<row0>	0.9169 0.5006 0.1914 0.0000	</row0>
					<row1>	-0.4900 0.9367 -0.1026 0.0000	</row1>
					<row2>	-0.2172 0.0003 1.0396 0.0000	</row2>
					<row3>	-0.3057 0.0000 -6.0743 1.0000	</row3>
				</transform>
			</node>
			<node>
				<identifier>	SP_YMS012_YHWR_M_1_INDEX_11	</identifier>
				<transform>
					<row0>	0.9953 -0.3505 -0.1199 0.0000	</row0>
					<row1>	0.3480 1.0025 -0.0418 0.0000	</row1>
					<row2>	0.1270 -0.0001 1.0544 0.0000	</row2>
					<row3>	0.6270 0.0000 -4.2951 1.0000	</row3>
				</transform>
			</node>
			<node>
				<identifier>	SP_YMS012_YHWR_M_1_INDEX_12	</identifier>
				<transform>
					<row0>	0.9671 -0.4013 -0.1776 0.0000	</row0>
					<row1>	0.3940 0.9833 -0.0758 0.0000	</row1>
					<row2>	0.1931 0.0032 1.0443 0.0000	</row2>
					<row3>	0.4796 0.0000 -5.1888 1.0000	</row3>
				</transform>
			</node>
			<node>
				<identifier>	SP_YMS012_YHWR_M_1_INDEX_13	</identifier>
				<transform>
					<row0>	0.9169 -0.5006 -0.1914 0.0000	</row0>
					<row1>	0.4900 0.9367 -0.1026 0.0000	</row1>
					<row2>	0.2172 0.0003 1.0396 0.0000	</row2>
					<row3>	0.3057 0.0000 -6.0743 1.0000	</row3>
				</transform>
			</node>
			<node>
				<identifier>	SP_YMS030_YHAM_M_1	</identifier>
				<transform>
					<row0>	0.5599 0.0000 0.0000 0.0000	</row0>
					<row1>	0.0000 0.5599 0.0000 0.0000	</row1>
					<row2>	0.0000 0.0000 0.5599 0.0000	</row2>
					<row3>	0.0000 0.2232 -7.1214 1.0000	</row3>
				</transform>
			</node>
			<node>
				<identifier>	SP_YMS031_YHAL_M_1	</identifier>
				<transform>
					<row0>	0.8493 0.1141 0.1746 0.0000	</row0>
					<row1>	-0.1118 0.8670 -0.0230 0.0000	</row1>
					<row2>	-0.1761 0.0000 0.8566 0.0000	</row2>
					<row3>	-0.2293 0.2019 -6.8447 1.0000	</row3>
				</transform>
			</node>
			<node>
				<identifier>	SP_YMS032_YHAR_M_1	</identifier>
				<transform>
					<row0>	0.8597 0.0000 -0.1604 0.0000	</row0>
					<row1>	0.0000 0.8745 0.0000 0.0000	</row1>
					<row2>	0.1604 0.0000 0.8597 0.0000	</row2>
					<row3>	0.2378 0.2019 -6.8447 1.0000	</row3>
				</transform>
			</node>
			<node>
				<identifier>	SP_YMS053_YHDC_S_1_INDEX_2	</identifier>
				<transform>
					<row0>	1.0000 0.0000 0.0000 0.0000	</row0>
					<row1>	0.0000 0.9997 0.0242 0.0000	</row1>
					<row2>	0.0000 -0.0242 0.9997 0.0000	</row2>
					<row3>	-0.2663 0.3228 -5.3707 1.0000	</row3>
				</transform>
			</node>
			<node>
				<identifier>	SP_YMS053_YHDC_S_1_INDEX_3	</identifier>
				<transform>
					<row0>	1.0000 0.0000 0.0000 0.0000	</row0>
					<row1>	0.0000 0.9997 0.0242 0.0000	</row1>
					<row2>	0.0000 -0.0242 0.9997 0.0000	</row2>
					<row3>	0.2663 0.3228 -5.3707 1.0000	</row3>
				</transform>
			</node>
			<node>
				<identifier>	SP_YMS071_YHHC_S_1_INDEX_4	</identifier>
				<transform>
					<row0>	-0.0802 0.9968 -0.0066 0.0000	</row0>
					<row1>	-0.9935 -0.0805 -0.0810 0.0000	</row1>
					<row2>	-0.0812 0.0000 0.9967 0.0000	</row2>
					<row3>	-0.6947 0.1992 -3.9005 1.0000	</row3>
				</transform>
			</node>
			<node>
				<identifier>	SP_YMS071_YHHC_S_1_INDEX_5	</identifier>
				<transform>
					<row0>	-0.0802 -0.9968 0.0066 0.0000	</row0>
					<row1>	0.9935 -0.0805 -0.0810 0.0000	</row1>
					<row2>	0.0812 0.0000 0.9967 0.0000	</row2>
					<row3>	0.6947 0.1992 -3.9005 1.0000	</row3>
				</transform>
			</node>
			<node>
				<identifier>	SP_YMS071_YHHC_S_1_INDEX_6	</identifier>
				<transform>
					<row0>	-0.1787 0.9839 -0.0084 0.0000	</row0>
					<row1>	-0.9771 -0.1785 -0.1160 0.0000	</row1>
					<row2>	-0.1156 -0.0125 0.9932 0.0000	</row2>
					<row3>	-0.6315 0.1990 -4.5885 1.0000	</row3>
				</transform>
			</node>
			<node>
				<identifier>	SP_YMS071_YHHC_S_1_INDEX_7	</identifier>
				<transform>
					<row0>	-0.1787 -0.9839 0.0084 0.0000	</row0>
					<row1>	0.9771 -0.1785 -0.1160 0.0000	</row1>
					<row2>	0.1156 -0.0125 0.9932 0.0000	</row2>
					<row3>	0.6315 0.1990 -4.5885 1.0000	</row3>
				</transform>
			</node>
			<node>
				<identifier>	SP_YMS071_YHHC_S_1_INDEX_8	</identifier>
				<transform>
					<row0>	-0.2409 0.9703 -0.0229 0.0000	</row0>
					<row1>	-0.9591 -0.2416 -0.1475 0.0000	</row1>
					<row2>	-0.1487 -0.0136 0.9888 0.0000	</row2>
					<row3>	-0.5370 0.1994 -5.2761 1.0000	</row3>
				</transform>
			</node>
			<node>
				<identifier>	SP_YMS071_YHHC_S_1_INDEX_9	</identifier>
				<transform>
					<row0>	-0.2409 -0.9703 0.0229 0.0000	</row0>
					<row1>	0.9591 -0.2416 -0.1475 0.0000	</row1>
					<row2>	0.1487 -0.0136 0.9888 0.0000	</row2>
					<row3>	0.5370 0.1994 -5.2761 1.0000	</row3>
				</transform>
			</node>
			<node>
				<identifier>	SP_YMS080_YHSL_M_1_INDEX_3	</identifier>
				<transform>
					<row0>	0.8085 0.2350 0.1645 0.0000	</row0>
					<row1>	-0.2394 0.8238 0.0000 0.0000	</row1>
					<row2>	-0.1580 -0.0459 0.8420 0.0000	</row2>
					<row3>	-0.3267 0.1762 -6.1818 1.0000	</row3>
				</transform>
			</node>
			<node>
				<identifier>	SP_YMS081_YHSR_M_1_INDEX_3	</identifier>
				<transform>
					<row0>	0.8085 -0.2350 -0.1645 0.0000	</row0>
					<row1>	0.2394 0.8238 0.0000 0.0000	</row1>
					<row2>	0.1580 -0.0459 0.8420 0.0000	</row2>
					<row3>	0.3267 0.1762 -6.1818 1.0000	</row3>
				</transform>
			</node>
		</node>
	</node>
	<boundingBox>
		<min>	-0.0667 -0.0667 -0.0667	</min>
		<max>	0.0667 0.0667 0.0667	</max>
	</boundingBox>
</BSC024_Drake_1944_Stern_ports.visual>
