<ASB046_Florida_1945_Bow_ports.visual>
	<node>
		<identifier>	Scene Root	</identifier>
		<transform>
			<row0>	1.0000 0.0000 0.0000 0.0000	</row0>
			<row1>	0.0000 1.0000 0.0000 0.0000	</row1>
			<row2>	0.0000 0.0000 1.0000 0.0000	</row2>
			<row3>	0.0000 0.0000 0.0000 1.0000	</row3>
		</transform>
		<node>
			<identifier>	Bow_ports	</identifier>
			<transform>
				<row0>	1.0000 0.0000 0.0000 0.0000	</row0>
				<row1>	0.0000 1.0000 0.0000 0.0000	</row1>
				<row2>	0.0000 0.0000 1.0000 0.0000	</row2>
				<row3>	0.0000 0.0000 0.0000 1.0000	</row3>
			</transform>
			<node>
				<identifier>	HP_AGA_1	</identifier>
				<transform>
					<row0>	0.1626 0.0133 0.9866 0.0000	</row0>
					<row1>	-0.0024 0.9999 -0.0131 0.0000	</row1>
					<row2>	-0.9867 -0.0002 0.1626 0.0000	</row2>
					<row3>	-0.2456 0.4820 5.9833 1.0000	</row3>
				</transform>
			</node>
			<node>
				<identifier>	HP_AGA_2	</identifier>
				<transform>
					<row0>	0.1626 -0.0133 -0.9866 0.0000	</row0>
					<row1>	0.0024 0.9999 -0.0131 0.0000	</row1>
					<row2>	0.9867 -0.0002 0.1626 0.0000	</row2>
					<row3>	0.2456 0.4820 5.9833 1.0000	</row3>
				</transform>
			</node>
			<node>
				<identifier>	HP_AGA_3	</identifier>
				<transform>
					<row0>	0.1626 0.0133 0.9866 0.0000	</row0>
					<row1>	-0.0024 0.9999 -0.0131 0.0000	</row1>
					<row2>	-0.9867 -0.0002 0.1626 0.0000	</row2>
					<row3>	-0.2837 0.4660 5.7167 1.0000	</row3>
				</transform>
			</node>
			<node>
				<identifier>	HP_AGA_4	</identifier>
				<transform>
					<row0>	0.1626 -0.0133 -0.9866 0.0000	</row0>
					<row1>	0.0024 0.9999 -0.0131 0.0000	</row1>
					<row2>	0.9867 -0.0002 0.1626 0.0000	</row2>
					<row3>	0.2837 0.4660 5.7167 1.0000	</row3>
				</transform>
			</node>
			<node>
				<identifier>	HP_AGA_5	</identifier>
				<transform>
					<row0>	0.1626 0.0133 0.9866 0.0000	</row0>
					<row1>	-0.0024 0.9999 -0.0131 0.0000	</row1>
					<row2>	-0.9867 -0.0002 0.1626 0.0000	</row2>
					<row3>	-0.3208 0.4527 5.4497 1.0000	</row3>
				</transform>
			</node>
			<node>
				<identifier>	HP_AGA_6	</identifier>
				<transform>
					<row0>	0.1626 -0.0133 -0.9866 0.0000	</row0>
					<row1>	0.0024 0.9999 -0.0131 0.0000	</row1>
					<row2>	0.9867 -0.0002 0.1626 0.0000	</row2>
					<row3>	0.3208 0.4527 5.4497 1.0000	</row3>
				</transform>
			</node>
			<node>
				<identifier>	HP_AGA_7	</identifier>
				<transform>
					<row0>	0.1626 0.0133 0.9866 0.0000	</row0>
					<row1>	-0.0024 0.9999 -0.0131 0.0000	</row1>
					<row2>	-0.9867 -0.0002 0.1626 0.0000	</row2>
					<row3>	-0.3611 0.4397 5.1807 1.0000	</row3>
				</transform>
			</node>
			<node>
				<identifier>	HP_AGA_8	</identifier>
				<transform>
					<row0>	0.1626 -0.0133 -0.9866 0.0000	</row0>
					<row1>	0.0024 0.9999 -0.0131 0.0000	</row1>
					<row2>	0.9867 -0.0002 0.1626 0.0000	</row2>
					<row3>	0.3611 0.4397 5.1807 1.0000	</row3>
				</transform>
			</node>
			<node>
				<identifier>	HP_FX_Fire_1	</identifier>
				<transform>
					<row0>	1.0000 0.0000 0.0000 0.0000	</row0>
					<row1>	0.0000 1.0000 0.0000 0.0000	</row1>
					<row2>	0.0000 0.0000 1.0000 0.0000	</row2>
					<row3>	0.0220 0.4760 5.6730 1.0000	</row3>
				</transform>
			</node>
			<node>
				<identifier>	HP_FX_WakeTrace	</identifier>
				<transform>
					<row0>	1.0000 0.0000 0.0000 0.0000	</row0>
					<row1>	0.0000 1.0000 0.0000 0.0000	</row1>
					<row2>	0.0000 0.0000 1.0000 0.0000	</row2>
					<row3>	0.0000 0.0000 7.2577 1.0000	</row3>
				</transform>
			</node>
			<node>
				<identifier>	HP_Ship_death_1	</identifier>
				<transform>
					<row0>	1.0000 0.0000 0.0000 0.0000	</row0>
					<row1>	0.0000 1.0000 0.0000 0.0000	</row1>
					<row2>	0.0000 0.0000 1.0000 0.0000	</row2>
					<row3>	0.0000 0.0000 5.0555 1.0000	</row3>
				</transform>
			</node>
			<node>
				<identifier>	MP_AM024_Hatch_2	</identifier>
				<transform>
					<row0>	1.0000 0.0000 0.0000 0.0000	</row0>
					<row1>	0.0000 1.0000 0.0000 0.0000	</row1>
					<row2>	0.0000 0.0000 1.0000 0.0000	</row2>
					<row3>	-0.0329 0.4936 6.3956 1.0000	</row3>
				</transform>
			</node>
			<node>
				<identifier>	MP_AM024_Hatch_2_INDEX_1	</identifier>
				<transform>
					<row0>	1.0000 0.0000 0.0000 0.0000	</row0>
					<row1>	0.0000 1.0000 0.0000 0.0000	</row1>
					<row2>	0.0000 0.0000 1.0000 0.0000	</row2>
					<row3>	0.1437 0.4319 5.1907 1.0000	</row3>
				</transform>
			</node>
			<node>
				<identifier>	MP_AM049_Signal_Lamp_1	</identifier>
				<transform>
					<row0>	1.1391 0.0000 0.0000 0.0000	</row0>
					<row1>	0.0000 1.1391 0.0000 0.0000	</row1>
					<row2>	0.0000 0.0000 1.1391 0.0000	</row2>
					<row3>	0.0000 1.1440 7.4120 1.0000	</row3>
				</transform>
			</node>
			<node>
				<identifier>	MP_AM088_Capstan_1	</identifier>
				<transform>
					<row0>	1.0000 0.0000 0.0000 0.0000	</row0>
					<row1>	0.0000 0.9989 -0.0479 0.0000	</row1>
					<row2>	0.0000 0.0479 0.9989 0.0000	</row2>
					<row3>	0.3346 0.4202 4.8613 1.0000	</row3>
				</transform>
			</node>
			<node>
				<identifier>	MP_AM088_Capstan_1_INDEX_1	</identifier>
				<transform>
					<row0>	1.0000 0.0000 0.0000 0.0000	</row0>
					<row1>	0.0000 0.9989 -0.0479 0.0000	</row1>
					<row2>	0.0000 0.0479 0.9989 0.0000	</row2>
					<row3>	-0.3346 0.4202 4.8613 1.0000	</row3>
				</transform>
			</node>
			<node>
				<identifier>	MP_AM129_Turtles_box	</identifier>
				<transform>
					<row0>	-0.9636 0.0000 -0.2673 0.0000	</row0>
					<row1>	0.0151 0.9984 -0.0543 0.0000	</row1>
					<row2>	0.2669 -0.0564 -0.9621 0.0000	</row2>
					<row3>	0.4035 0.4412 5.0415 1.0000	</row3>
				</transform>
			</node>
			<node>
				<identifier>	MP_AM129_Turtles_box_INDEX_1	</identifier>
				<transform>
					<row0>	-0.9636 0.0000 0.2673 0.0000	</row0>
					<row1>	-0.0151 0.9984 -0.0543 0.0000	</row1>
					<row2>	-0.2669 -0.0564 -0.9621 0.0000	</row2>
					<row3>	-0.4035 0.4412 5.0415 1.0000	</row3>
				</transform>
			</node>
			<node>
				<identifier>	MP_AM148_Hatch_8	</identifier>
				<transform>
					<row0>	1.0000 0.0000 0.0000 0.0000	</row0>
					<row1>	0.0000 1.0000 0.0000 0.0000	</row1>
					<row2>	0.0000 0.0000 1.0000 0.0000	</row2>
					<row3>	0.0391 0.5420 6.9005 1.0000	</row3>
				</transform>
			</node>
			<node>
				<identifier>	MP_AM148_Hatch_8_INDEX_1	</identifier>
				<transform>
					<row0>	1.0000 0.0000 0.0000 0.0000	</row0>
					<row1>	0.0000 1.0000 0.0000 0.0000	</row1>
					<row2>	0.0000 0.0000 1.0000 0.0000	</row2>
					<row3>	-0.0351 0.5173 6.4919 1.0000	</row3>
				</transform>
			</node>
			<node>
				<identifier>	MP_AM161_Anchor_top	</identifier>
				<transform>
					<row0>	0.7614 -0.2643 0.5919 0.0000	</row0>
					<row1>	0.5902 0.6602 -0.4645 0.0000	</row1>
					<row2>	-0.2680 0.7031 0.6587 0.0000	</row2>
					<row3>	-0.3261 0.3525 6.7051 1.0000	</row3>
				</transform>
			</node>
			<node>
				<identifier>	MP_AM161_Anchor_top_INDEX_1	</identifier>
				<transform>
					<row0>	0.7614 0.2643 -0.5919 0.0000	</row0>
					<row1>	-0.5902 0.6602 -0.4645 0.0000	</row1>
					<row2>	0.2680 0.7031 0.6587 0.0000	</row2>
					<row3>	0.3257 0.3529 6.7047 1.0000	</row3>
				</transform>
			</node>
			<node>
				<identifier>	MP_AM162_Anchor_down	</identifier>
				<transform>
					<row0>	0.9610 -0.2437 -0.1309 0.0000	</row0>
					<row1>	0.0685 0.6680 -0.7410 0.0000	</row1>
					<row2>	0.2680 0.7031 0.6587 0.0000	</row2>
					<row3>	0.3212 0.3580 6.7012 1.0000	</row3>
				</transform>
			</node>
			<node>
				<identifier>	MP_AM162_Anchor_down_INDEX_1	</identifier>
				<transform>
					<row0>	0.9610 0.2437 0.1309 0.0000	</row0>
					<row1>	-0.0685 0.6680 -0.7410 0.0000	</row1>
					<row2>	-0.2680 0.7031 0.6587 0.0000	</row2>
					<row3>	-0.3212 0.3580 6.7012 1.0000	</row3>
				</transform>
			</node>
			<node>
				<identifier>	MP_AM303_Hatch	</identifier>
				<transform>
					<row0>	1.0000 0.0000 0.0000 0.0000	</row0>
					<row1>	0.0000 1.0000 0.0000 0.0000	</row1>
					<row2>	0.0000 0.0000 1.0000 0.0000	</row2>
					<row3>	0.4266 0.4055 4.6590 1.0000	</row3>
				</transform>
			</node>
			<node>
				<identifier>	MP_AM303_Hatch_INDEX_1	</identifier>
				<transform>
					<row0>	1.0000 0.0000 0.0000 0.0000	</row0>
					<row1>	0.0000 1.0000 0.0000 0.0000	</row1>
					<row2>	0.0000 0.0000 1.0000 0.0000	</row2>
					<row3>	-0.4266 0.4055 4.6590 1.0000	</row3>
				</transform>
			</node>
		</node>
	</node>
	<boundingBox>
		<min>	-0.0667 -0.0667 -0.0667	</min>
		<max>	0.0667 0.0667 0.0667	</max>
	</boundingBox>
</ASB046_Florida_1945_Bow_ports.visual>
