<ASC016_Worcester_1948_Bow_ports.visual>
	<node>
		<identifier>	Scene Root	</identifier>
		<transform>
			<row0>	1.0000 0.0000 0.0000 0.0000	</row0>
			<row1>	0.0000 1.0000 0.0000 0.0000	</row1>
			<row2>	0.0000 0.0000 1.0000 0.0000	</row2>
			<row3>	0.0000 0.0000 0.0000 1.0000	</row3>
		</transform>
		<node>
			<identifier>	Bow_ports	</identifier>
			<transform>
				<row0>	1.0000 0.0000 0.0000 0.0000	</row0>
				<row1>	0.0000 1.0000 0.0000 0.0000	</row1>
				<row2>	0.0000 0.0000 1.0000 0.0000	</row2>
				<row3>	0.0000 0.0000 0.0000 1.0000	</row3>
			</transform>
			<node>
				<identifier>	HP_AD_1	</identifier>
				<transform>
					<row0>	1.0000 0.0000 0.0000 0.0000	</row0>
					<row1>	0.0000 1.0000 0.0000 0.0000	</row1>
					<row2>	0.0000 0.0000 1.0000 0.0000	</row2>
					<row3>	0.0000 0.6414 6.0278 1.0000	</row3>
				</transform>
			</node>
			<node>
				<identifier>	HP_AGA_1	</identifier>
				<transform>
					<row0>	1.0000 0.0000 0.0000 0.0000	</row0>
					<row1>	0.0000 1.0000 0.0000 0.0000	</row1>
					<row2>	0.0000 0.0000 1.0000 0.0000	</row2>
					<row3>	0.0000 0.4889 6.3586 1.0000	</row3>
				</transform>
			</node>
			<node>
				<identifier>	HP_AGA_2	</identifier>
				<transform>
					<row0>	0.4226 0.0000 -0.9063 0.0000	</row0>
					<row1>	0.0000 1.0000 0.0000 0.0000	</row1>
					<row2>	0.9063 0.0000 0.4226 0.0000	</row2>
					<row3>	0.2344 0.4327 5.1624 1.0000	</row3>
				</transform>
			</node>
			<node>
				<identifier>	HP_AGA_3	</identifier>
				<transform>
					<row0>	0.4226 0.0000 0.9063 0.0000	</row0>
					<row1>	0.0000 1.0000 0.0000 0.0000	</row1>
					<row2>	-0.9063 0.0000 0.4226 0.0000	</row2>
					<row3>	-0.2304 0.4327 5.1590 1.0000	</row3>
				</transform>
			</node>
			<node>
				<identifier>	HP_AGA_4	</identifier>
				<transform>
					<row0>	0.4226 0.0000 -0.9063 0.0000	</row0>
					<row1>	0.0000 1.0000 0.0000 0.0000	</row1>
					<row2>	0.9063 0.0000 0.4226 0.0000	</row2>
					<row3>	0.2937 0.4226 4.9592 1.0000	</row3>
				</transform>
			</node>
			<node>
				<identifier>	HP_AGA_5	</identifier>
				<transform>
					<row0>	0.4226 0.0000 0.9063 0.0000	</row0>
					<row1>	0.0000 1.0000 0.0000 0.0000	</row1>
					<row2>	-0.9063 0.0000 0.4226 0.0000	</row2>
					<row3>	-0.2898 0.4227 4.9572 1.0000	</row3>
				</transform>
			</node>
			<node>
				<identifier>	HP_AGM_1	</identifier>
				<transform>
					<row0>	1.0000 0.0000 0.0000 0.0000	</row0>
					<row1>	0.0000 1.0000 0.0000 0.0000	</row1>
					<row2>	0.0000 0.0000 1.0000 0.0000	</row2>
					<row3>	0.0000 0.4327 4.2921 1.0000	</row3>
				</transform>
			</node>
			<node>
				<identifier>	HP_FX_Death_1	</identifier>
				<transform>
					<row0>	1.0000 0.0000 0.0000 0.0000	</row0>
					<row1>	0.0000 1.0000 0.0000 0.0000	</row1>
					<row2>	0.0000 0.0000 1.0000 0.0000	</row2>
					<row3>	0.0000 0.0000 4.2654 1.0000	</row3>
				</transform>
			</node>
			<node>
				<identifier>	HP_FX_Fire_1	</identifier>
				<transform>
					<row0>	1.0000 0.0000 0.0000 0.0000	</row0>
					<row1>	0.0000 1.0000 0.0000 0.0000	</row1>
					<row2>	0.0000 0.0000 1.0000 0.0000	</row2>
					<row3>	0.0000 0.4810 5.5005 1.0000	</row3>
				</transform>
			</node>
			<node>
				<identifier>	HP_FX_Flood_water_left_4	</identifier>
				<transform>
					<row0>	-1.0000 0.0000 0.0000 0.0000	</row0>
					<row1>	0.0000 1.0000 0.0000 0.0000	</row1>
					<row2>	0.0000 0.0000 -1.0000 0.0000	</row2>
					<row3>	-0.3951 0.1610 4.0984 1.0000	</row3>
				</transform>
			</node>
			<node>
				<identifier>	HP_FX_Flood_water_right_4	</identifier>
				<transform>
					<row0>	1.0000 0.0000 0.0000 0.0000	</row0>
					<row1>	0.0000 1.0000 0.0000 0.0000	</row1>
					<row2>	0.0000 0.0000 1.0000 0.0000	</row2>
					<row3>	0.3973 0.1472 4.0808 1.0000	</row3>
				</transform>
			</node>
			<node>
				<identifier>	HP_FX_WakeTrace	</identifier>
				<transform>
					<row0>	1.0000 0.0000 0.0000 0.0000	</row0>
					<row1>	0.0000 1.0000 0.0000 0.0000	</row1>
					<row2>	0.0000 0.0000 1.0000 0.0000	</row2>
					<row3>	0.0000 0.0000 6.7319 1.0000	</row3>
				</transform>
			</node>
			<node>
				<identifier>	HP_Ship_death_1	</identifier>
				<transform>
					<row0>	1.0000 0.0000 0.0000 0.0000	</row0>
					<row1>	0.0000 1.0000 0.0000 0.0000	</row1>
					<row2>	0.0000 0.0000 1.0000 0.0000	</row2>
					<row3>	0.0000 0.0000 4.0405 1.0000	</row3>
				</transform>
			</node>
			<node>
				<identifier>	MP_AM005_Bollard_1	</identifier>
				<transform>
					<row0>	1.4460 0.0078 0.1186 0.0000	</row0>
					<row1>	0.0015 1.4464 -0.1139 0.0000	</row1>
					<row2>	-0.1188 0.1136 1.4417 0.0000	</row2>
					<row3>	0.2594 0.4730 5.7694 1.0000	</row3>
				</transform>
			</node>
			<node>
				<identifier>	MP_AM005_Bollard_1_INDEX_1	</identifier>
				<transform>
					<row0>	1.4460 0.0000 0.1188 0.0000	</row0>
					<row1>	0.0045 1.4498 -0.0546 0.0000	</row1>
					<row2>	-0.1187 0.0548 1.4450 0.0000	</row2>
					<row3>	0.3701 0.4005 4.4337 1.0000	</row3>
				</transform>
			</node>
			<node>
				<identifier>	MP_AM005_Bollard_1_INDEX_2	</identifier>
				<transform>
					<row0>	1.4460 -0.0078 -0.1186 0.0000	</row0>
					<row1>	-0.0015 1.4464 -0.1139 0.0000	</row1>
					<row2>	0.1188 0.1136 1.4417 0.0000	</row2>
					<row3>	-0.2594 0.4730 5.7694 1.0000	</row3>
				</transform>
			</node>
			<node>
				<identifier>	MP_AM005_Bollard_1_INDEX_3	</identifier>
				<transform>
					<row0>	1.4460 0.0000 -0.1188 0.0000	</row0>
					<row1>	-0.0045 1.4498 -0.0546 0.0000	</row1>
					<row2>	0.1187 0.0548 1.4450 0.0000	</row2>
					<row3>	-0.3701 0.4005 4.4337 1.0000	</row3>
				</transform>
			</node>
			<node>
				<identifier>	MP_AM010_Speaker_1	</identifier>
				<transform>
					<row0>	1.0000 0.0000 0.0000 0.0000	</row0>
					<row1>	0.0000 1.0000 0.0000 0.0000	</row1>
					<row2>	0.0000 0.0000 1.0000 0.0000	</row2>
					<row3>	0.0000 0.6516 5.9250 1.0000	</row3>
				</transform>
			</node>
			<node>
				<identifier>	MP_AM010_Speaker_1_INDEX_1	</identifier>
				<transform>
					<row0>	0.7000 0.0000 0.0000 0.0000	</row0>
					<row1>	0.0000 0.7000 0.0000 0.0000	</row1>
					<row2>	0.0000 0.0000 0.7000 0.0000	</row2>
					<row3>	0.0000 0.5501 6.5296 1.0000	</row3>
				</transform>
			</node>
			<node>
				<identifier>	MP_AM021_Ventilators_3	</identifier>
				<transform>
					<row0>	1.0000 0.0000 0.0000 0.0000	</row0>
					<row1>	0.0000 1.0000 0.0000 0.0000	</row1>
					<row2>	0.0000 0.0000 1.0000 0.0000	</row2>
					<row3>	0.0335 0.4285 5.1708 1.0000	</row3>
				</transform>
			</node>
			<node>
				<identifier>	MP_AM021_Ventilators_3_INDEX_1	</identifier>
				<transform>
					<row0>	1.0000 0.0000 0.0000 0.0000	</row0>
					<row1>	0.0000 0.9994 -0.0349 0.0000	</row1>
					<row2>	0.0000 0.0349 0.9994 0.0000	</row2>
					<row3>	-0.1706 0.4130 4.8463 1.0000	</row3>
				</transform>
			</node>
			<node>
				<identifier>	MP_AM021_Ventilators_3_INDEX_2	</identifier>
				<transform>
					<row0>	1.0000 0.0000 0.0000 0.0000	</row0>
					<row1>	0.0000 0.9986 -0.0523 0.0000	</row1>
					<row2>	0.0000 0.0523 0.9986 0.0000	</row2>
					<row3>	-0.0417 0.4810 5.9079 1.0000	</row3>
				</transform>
			</node>
			<node>
				<identifier>	MP_AM023_Hatch_1	</identifier>
				<transform>
					<row0>	-1.0000 0.0000 0.0000 0.0000	</row0>
					<row1>	0.0000 1.0000 0.0000 0.0000	</row1>
					<row2>	0.0000 0.0000 -1.0000 0.0000	</row2>
					<row3>	0.0027 0.3929 4.0410 1.0000	</row3>
				</transform>
			</node>
			<node>
				<identifier>	MP_AM023_Hatch_1_INDEX_1	</identifier>
				<transform>
					<row0>	0.0000 0.0698 0.9976 0.0000	</row0>
					<row1>	0.0000 0.9976 -0.0698 0.0000	</row1>
					<row2>	-1.0000 0.0000 0.0000 0.0000	</row2>
					<row3>	0.0000 0.4720 5.8094 1.0000	</row3>
				</transform>
			</node>
			<node>
				<identifier>	MP_AM024_Hatch_2	</identifier>
				<transform>
					<row0>	1.0000 0.0000 0.0000 0.0000	</row0>
					<row1>	0.0000 0.9945 -0.1045 0.0000	</row1>
					<row2>	0.0000 0.1045 0.9945 0.0000	</row2>
					<row3>	0.0000 0.4996 6.1332 1.0000	</row3>
				</transform>
			</node>
			<node>
				<identifier>	MP_AM024_Hatch_2_INDEX_1	</identifier>
				<transform>
					<row0>	1.0000 0.0000 0.0000 0.0000	</row0>
					<row1>	0.0000 0.9994 -0.0349 0.0000	</row1>
					<row2>	0.0000 0.0349 0.9994 0.0000	</row2>
					<row3>	-0.0325 0.4211 4.9541 1.0000	</row3>
				</transform>
			</node>
			<node>
				<identifier>	MP_AM024_Hatch_2_INDEX_2	</identifier>
				<transform>
					<row0>	1.0000 0.0000 0.0000 0.0000	</row0>
					<row1>	0.0000 0.9945 -0.1045 0.0000	</row1>
					<row2>	0.0000 0.1045 0.9945 0.0000	</row2>
					<row3>	0.0000 0.5521 6.6289 1.0000	</row3>
				</transform>
			</node>
			<node>
				<identifier>	MP_AM030_Ammunition_Box4	</identifier>
				<transform>
					<row0>	0.0000 -0.0349 -0.9994 0.0000	</row0>
					<row1>	0.0000 0.9994 -0.0349 0.0000	</row1>
					<row2>	1.0000 0.0000 0.0000 0.0000	</row2>
					<row3>	-0.1078 0.4317 5.1527 1.0000	</row3>
				</transform>
			</node>
			<node>
				<identifier>	MP_AM030_Ammunition_Box4_INDEX_1	</identifier>
				<transform>
					<row0>	0.0092 -0.0657 -0.9978 0.0000	</row0>
					<row1>	-0.0063 0.9978 -0.0658 0.0000	</row1>
					<row2>	0.9999 0.0069 0.0087 0.0000	</row2>
					<row3>	0.1075 0.4300 5.1526 1.0000	</row3>
				</transform>
			</node>
			<node>
				<identifier>	MP_AM030_Ammunition_Box4_INDEX_2	</identifier>
				<transform>
					<row0>	0.7067 -0.0349 -0.7067 0.0000	</row0>
					<row1>	0.0247 0.9994 -0.0247 0.0000	</row1>
					<row2>	0.7071 0.0000 0.7071 0.0000	</row2>
					<row3>	0.2083 0.4177 4.8764 1.0000	</row3>
				</transform>
			</node>
			<node>
				<identifier>	MP_AM030_Ammunition_Box4_INDEX_3	</identifier>
				<transform>
					<row0>	0.0000 -0.0349 -0.9994 0.0000	</row0>
					<row1>	0.0000 0.9994 -0.0349 0.0000	</row1>
					<row2>	1.0000 0.0000 0.0000 0.0000	</row2>
					<row3>	-0.1611 0.4211 4.9388 1.0000	</row3>
				</transform>
			</node>
			<node>
				<identifier>	MP_AM049_Signal_Lamp_1	</identifier>
				<transform>
					<row0>	1.0000 0.0000 0.0000 0.0000	</row0>
					<row1>	0.0000 1.0000 0.0000 0.0000	</row1>
					<row2>	0.0000 0.0000 1.0000 0.0000	</row2>
					<row3>	0.0000 1.0210 6.8487 1.0000	</row3>
				</transform>
			</node>
			<node>
				<identifier>	MP_AM088_Capstan_1	</identifier>
				<transform>
					<row0>	-0.8756 0.0000 0.0000 0.0000	</row0>
					<row1>	0.0000 0.8756 0.0000 0.0000	</row1>
					<row2>	0.0000 0.0000 -0.8760 0.0000	</row2>
					<row3>	0.1712 0.4427 5.3479 1.0000	</row3>
				</transform>
			</node>
			<node>
				<identifier>	MP_AM088_Capstan_1_INDEX_1	</identifier>
				<transform>
					<row0>	0.8756 0.0000 0.0000 0.0000	</row0>
					<row1>	0.0000 0.8756 0.0000 0.0000	</row1>
					<row2>	0.0000 0.0000 0.8756 0.0000	</row2>
					<row3>	-0.1712 0.4427 5.3479 1.0000	</row3>
				</transform>
			</node>
			<node>
				<identifier>	MP_AM101_Cooling_tube	</identifier>
				<transform>
					<row0>	-0.1445 0.9063 -0.3971 0.0000	</row0>
					<row1>	0.3100 0.4226 0.8517 0.0000	</row1>
					<row2>	0.9397 0.0000 -0.3420 0.0000	</row2>
					<row3>	0.1390 0.4394 5.1944 1.0000	</row3>
				</transform>
			</node>
			<node>
				<identifier>	MP_AM101_Cooling_tube_INDEX_1	</identifier>
				<transform>
					<row0>	0.3971 0.9063 0.1445 0.0000	</row0>
					<row1>	-0.8517 0.4226 -0.3100 0.0000	</row1>
					<row2>	-0.3420 0.0000 0.9397 0.0000	</row2>
					<row3>	-0.2561 0.4225 4.8654 1.0000	</row3>
				</transform>
			</node>
			<node>
				<identifier>	MP_AM129_Turtles_box	</identifier>
				<transform>
					<row0>	-0.7986 0.0000 -0.6018 0.0000	</row0>
					<row1>	0.0000 1.0000 0.0000 0.0000	</row1>
					<row2>	0.6018 0.0000 -0.7986 0.0000	</row2>
					<row3>	0.0589 0.4442 5.1373 1.0000	</row3>
				</transform>
			</node>
			<node>
				<identifier>	MP_AM129_Turtles_box_INDEX_1	</identifier>
				<transform>
					<row0>	0.6428 0.0000 0.7660 0.0000	</row0>
					<row1>	0.0000 1.0000 0.0000 0.0000	</row1>
					<row2>	-0.7660 0.0000 0.6428 0.0000	</row2>
					<row3>	0.1600 0.4429 5.2181 1.0000	</row3>
				</transform>
			</node>
			<node>
				<identifier>	MP_AM129_Turtles_box_INDEX_2	</identifier>
				<transform>
					<row0>	0.0000 0.0000 -1.0000 0.0000	</row0>
					<row1>	0.0000 1.0000 0.0000 0.0000	</row1>
					<row2>	1.0000 0.0000 0.0000 0.0000	</row2>
					<row3>	-0.1269 0.5056 6.1996 1.0000	</row3>
				</transform>
			</node>
			<node>
				<identifier>	MP_AM148_Hatch_8	</identifier>
				<transform>
					<row0>	1.0000 0.0000 0.0000 0.0000	</row0>
					<row1>	0.0000 0.9994 -0.0349 0.0000	</row1>
					<row2>	0.0000 0.0349 0.9994 0.0000	</row2>
					<row3>	0.0000 0.4076 4.5489 1.0000	</row3>
				</transform>
			</node>
			<node>
				<identifier>	MP_AM195_Ammunition_Box_12	</identifier>
				<transform>
					<row0>	1.0000 0.0000 0.0000 0.0000	</row0>
					<row1>	0.0000 0.9976 -0.0698 0.0000	</row1>
					<row2>	0.0000 0.0698 0.9976 0.0000	</row2>
					<row3>	0.0709 0.4953 6.0755 1.0000	</row3>
				</transform>
			</node>
			<node>
				<identifier>	MP_AM195_Ammunition_Box_12_INDEX_1	</identifier>
				<transform>
					<row0>	-1.0000 0.0000 0.0000 0.0000	</row0>
					<row1>	0.0000 0.9976 -0.0698 0.0000	</row1>
					<row2>	0.0000 -0.0698 -0.9976 0.0000	</row2>
					<row3>	-0.0709 0.4953 6.0755 1.0000	</row3>
				</transform>
			</node>
			<node>
				<identifier>	MP_AM195_Ammunition_Box_12_INDEX_2	</identifier>
				<transform>
					<row0>	0.0000 -0.0698 -0.9976 0.0000	</row0>
					<row1>	0.0000 0.9976 -0.0698 0.0000	</row1>
					<row2>	1.0000 0.0000 0.0000 0.0000	</row2>
					<row3>	-0.0633 0.4920 6.0192 1.0000	</row3>
				</transform>
			</node>
			<node>
				<identifier>	MP_AM195_Ammunition_Box_12_INDEX_3	</identifier>
				<transform>
					<row0>	0.0000 -0.0698 -0.9976 0.0000	</row0>
					<row1>	0.0000 0.9976 -0.0698 0.0000	</row1>
					<row2>	1.0000 0.0000 0.0000 0.0000	</row2>
					<row3>	0.0633 0.4920 6.0192 1.0000	</row3>
				</transform>
			</node>
			<node>
				<identifier>	MP_AM415_Hatch	</identifier>
				<transform>
					<row0>	-0.7000 0.0000 0.0000 0.0000	</row0>
					<row1>	0.0000 0.7000 0.0000 0.0000	</row1>
					<row2>	0.0000 0.0000 -0.7000 0.0000	</row2>
					<row3>	0.0000 0.5624 6.6960 1.0000	</row3>
				</transform>
			</node>
			<node>
				<identifier>	MP_AM442_Multipole_Switch	</identifier>
				<transform>
					<row0>	0.0000 0.0000 1.0000 0.0000	</row0>
					<row1>	0.0349 0.9994 0.0000 0.0000	</row1>
					<row2>	-0.9994 0.0349 0.0000 0.0000	</row2>
					<row3>	0.0402 0.6805 5.9568 1.0000	</row3>
				</transform>
			</node>
			<node>
				<identifier>	MP_AM442_Multipole_Switch_INDEX_1	</identifier>
				<transform>
					<row0>	0.0000 0.0000 1.0000 0.0000	</row0>
					<row1>	0.0349 0.9994 0.0000 0.0000	</row1>
					<row2>	-0.9994 0.0349 0.0000 0.0000	</row2>
					<row3>	0.1290 0.5325 6.1930 1.0000	</row3>
				</transform>
			</node>
			<node>
				<identifier>	MP_AM442_Multipole_Switch_INDEX_2	</identifier>
				<transform>
					<row0>	0.0000 0.0000 1.0000 0.0000	</row0>
					<row1>	0.0349 0.9994 0.0000 0.0000	</row1>
					<row2>	-0.9994 0.0349 0.0000 0.0000	</row2>
					<row3>	0.1290 0.5325 6.2098 1.0000	</row3>
				</transform>
			</node>
			<node>
				<identifier>	MP_AM442_Multipole_Switch_INDEX_3	</identifier>
				<transform>
					<row0>	0.0000 0.0000 -1.0000 0.0000	</row0>
					<row1>	-0.0349 0.9994 0.0000 0.0000	</row1>
					<row2>	0.9994 0.0349 0.0000 0.0000	</row2>
					<row3>	0.1394 0.4681 5.1577 1.0000	</row3>
				</transform>
			</node>
			<node>
				<identifier>	MP_AM442_Multipole_Switch_INDEX_4	</identifier>
				<transform>
					<row0>	0.0000 0.0000 1.0000 0.0000	</row0>
					<row1>	0.0349 0.9994 0.0000 0.0000	</row1>
					<row2>	-0.9994 0.0349 0.0000 0.0000	</row2>
					<row3>	-0.1394 0.4681 5.1577 1.0000	</row3>
				</transform>
			</node>
			<node>
				<identifier>	MP_AM548_Break_Handwheel	</identifier>
				<transform>
					<row0>	-1.0000 0.0000 0.0000 0.0000	</row0>
					<row1>	0.0000 1.0000 0.0000 0.0000	</row1>
					<row2>	0.0000 0.0000 -1.0000 0.0000	</row2>
					<row3>	0.0379 0.4382 5.2624 1.0000	</row3>
				</transform>
			</node>
			<node>
				<identifier>	MP_AM548_Break_Handwheel_INDEX_1	</identifier>
				<transform>
					<row0>	-1.0000 0.0000 0.0000 0.0000	</row0>
					<row1>	0.0000 1.0000 0.0000 0.0000	</row1>
					<row2>	0.0000 0.0000 -1.0000 0.0000	</row2>
					<row3>	-0.0344 0.4382 5.2617 1.0000	</row3>
				</transform>
			</node>
			<node>
				<identifier>	MP_AM548_Break_Handwheel_INDEX_2	</identifier>
				<transform>
					<row0>	-1.0000 0.0000 0.0000 0.0000	</row0>
					<row1>	0.0000 1.0000 0.0000 0.0000	</row1>
					<row2>	0.0000 0.0000 -1.0000 0.0000	</row2>
					<row3>	-0.0958 0.4382 5.2407 1.0000	</row3>
				</transform>
			</node>
			<node>
				<identifier>	MP_AM548_Break_Handwheel_INDEX_3	</identifier>
				<transform>
					<row0>	-1.0000 0.0000 0.0000 0.0000	</row0>
					<row1>	0.0000 1.0000 0.0000 0.0000	</row1>
					<row2>	0.0000 0.0000 -1.0000 0.0000	</row2>
					<row3>	0.0958 0.4382 5.2407 1.0000	</row3>
				</transform>
			</node>
			<node>
				<identifier>	MP_AM603_Fairlead	</identifier>
				<transform>
					<row0>	1.1934 0.0000 0.1254 0.0000	</row0>
					<row1>	0.0000 1.2000 0.0000 0.0000	</row1>
					<row2>	-0.1254 0.0000 1.1934 0.0000	</row2>
					<row3>	0.3933 0.4037 4.7543 1.0000	</row3>
				</transform>
			</node>
			<node>
				<identifier>	MP_AM603_Fairlead_INDEX_1	</identifier>
				<transform>
					<row0>	1.1954 0.0000 0.1046 0.0000	</row0>
					<row1>	0.0073 1.1971 -0.0834 0.0000	</row1>
					<row2>	-0.1043 0.0837 1.1925 0.0000	</row2>
					<row3>	0.3236 0.4503 5.5004 1.0000	</row3>
				</transform>
			</node>
			<node>
				<identifier>	MP_AM603_Fairlead_INDEX_2	</identifier>
				<transform>
					<row0>	1.1852 0.0058 0.1875 0.0000	</row0>
					<row1>	0.0073 1.1971 -0.0834 0.0000	</row1>
					<row2>	-0.1875 0.0835 1.1823 0.0000	</row2>
					<row3>	0.2616 0.4957 6.0690 1.0000	</row3>
				</transform>
			</node>
			<node>
				<identifier>	MP_AM603_Fairlead_INDEX_3	</identifier>
				<transform>
					<row0>	1.1934 0.0000 0.1254 0.0000	</row0>
					<row1>	0.0000 1.2000 0.0000 0.0000	</row1>
					<row2>	-0.1254 0.0000 1.1934 0.0000	</row2>
					<row3>	0.4608 0.3860 4.1069 1.0000	</row3>
				</transform>
			</node>
			<node>
				<identifier>	MP_AM603_Fairlead_INDEX_4	</identifier>
				<transform>
					<row0>	1.1852 -0.0058 -0.1875 0.0000	</row0>
					<row1>	-0.0073 1.1971 -0.0834 0.0000	</row1>
					<row2>	0.1875 0.0835 1.1823 0.0000	</row2>
					<row3>	-0.2616 0.4957 6.0690 1.0000	</row3>
				</transform>
			</node>
			<node>
				<identifier>	MP_AM603_Fairlead_INDEX_5	</identifier>
				<transform>
					<row0>	1.1934 0.0000 -0.1254 0.0000	</row0>
					<row1>	0.0000 1.2000 0.0000 0.0000	</row1>
					<row2>	0.1254 0.0000 1.1934 0.0000	</row2>
					<row3>	-0.3933 0.4037 4.7543 1.0000	</row3>
				</transform>
			</node>
			<node>
				<identifier>	MP_AM603_Fairlead_INDEX_6	</identifier>
				<transform>
					<row0>	1.1934 0.0000 -0.1254 0.0000	</row0>
					<row1>	0.0000 1.2000 0.0000 0.0000	</row1>
					<row2>	0.1254 0.0000 1.1934 0.0000	</row2>
					<row3>	-0.4608 0.3860 4.1069 1.0000	</row3>
				</transform>
			</node>
			<node>
				<identifier>	MP_AM603_Fairlead_INDEX_7	</identifier>
				<transform>
					<row0>	1.1954 0.0000 -0.1046 0.0000	</row0>
					<row1>	-0.0073 1.1971 -0.0834 0.0000	</row1>
					<row2>	0.1043 0.0837 1.1925 0.0000	</row2>
					<row3>	-0.3236 0.4503 5.5004 1.0000	</row3>
				</transform>
			</node>
			<node>
				<identifier>	MP_CM011_Fire_Fighting_Gear	</identifier>
				<transform>
					<row0>	0.0000 0.0000 1.0000 0.0000	</row0>
					<row1>	0.0000 1.0000 0.0000 0.0000	</row1>
					<row2>	-1.0000 0.0000 0.0000 0.0000	</row2>
					<row3>	-0.0035 0.4944 5.9527 1.0000	</row3>
				</transform>
			</node>
			<node>
				<identifier>	MP_CM012_Fire_Hose_Rack_1	</identifier>
				<transform>
					<row0>	0.5590 0.0064 0.8291 0.0000	</row0>
					<row1>	0.0095 0.9999 -0.0141 0.0000	</row1>
					<row2>	-0.8291 0.0158 0.5589 0.0000	</row2>
					<row3>	0.1030 0.5376 6.5050 1.0000	</row3>
				</transform>
			</node>
			<node>
				<identifier>	MP_CM012_Fire_Hose_Rack_1_INDEX_1	</identifier>
				<transform>
					<row0>	-0.5591 0.0170 0.8289 0.0000	</row0>
					<row1>	0.0095 0.9999 -0.0141 0.0000	</row1>
					<row2>	-0.8290 0.0000 -0.5592 0.0000	</row2>
					<row3>	-0.1033 0.5376 6.5054 1.0000	</row3>
				</transform>
			</node>
			<node>
				<identifier>	SP_YMS001_YHBM_M_1	</identifier>
				<transform>
					<row0>	1.2480 0.0000 0.0000 0.0000	</row0>
					<row1>	0.0000 1.2301 -0.2104 0.0000	</row1>
					<row2>	0.0000 0.2104 1.2301 0.0000	</row2>
					<row3>	0.0000 0.5962 6.9354 1.0000	</row3>
				</transform>
			</node>
			<node>
				<identifier>	SP_YMS002_YHBL_M_1	</identifier>
				<transform>
					<row0>	1.3000 0.0000 0.0000 0.0000	</row0>
					<row1>	0.0000 1.2930 -0.1344 0.0000	</row1>
					<row2>	0.0000 0.1344 1.2930 0.0000	</row2>
					<row3>	0.0000 0.5984 6.9351 1.0000	</row3>
				</transform>
			</node>
			<node>
				<identifier>	SP_YMS003_YHBR_M_1	</identifier>
				<transform>
					<row0>	1.3000 0.0000 0.0000 0.0000	</row0>
					<row1>	0.0000 1.2930 -0.1344 0.0000	</row1>
					<row2>	0.0000 0.1344 1.2930 0.0000	</row2>
					<row3>	0.0000 0.5984 6.9351 1.0000	</row3>
				</transform>
			</node>
			<node>
				<identifier>	SP_YMS010_YHWM_L_1	</identifier>
				<transform>
					<row0>	0.9990 0.0000 0.0000 0.0000	</row0>
					<row1>	0.0000 0.9990 0.0000 0.0000	</row1>
					<row2>	0.0000 0.0000 0.9990 0.0000	</row2>
					<row3>	0.0000 0.0000 6.7894 1.0000	</row3>
				</transform>
			</node>
			<node>
				<identifier>	SP_YMS011_YHWL_M_1	</identifier>
				<transform>
					<row0>	0.9888 0.0254 -0.1473 0.0000	</row0>
					<row1>	-0.0253 0.9997 0.0020 0.0000	</row1>
					<row2>	0.1473 0.0018 0.9891 0.0000	</row2>
					<row3>	-0.2230 0.0153 5.2593 1.0000	</row3>
				</transform>
			</node>
			<node>
				<identifier>	SP_YMS011_YHWL_M_1_INDEX_1	</identifier>
				<transform>
					<row0>	0.9897 0.0254 -0.1411 0.0000	</row0>
					<row1>	-0.0253 0.9997 0.0020 0.0000	</row1>
					<row2>	0.1411 0.0016 0.9900 0.0000	</row2>
					<row3>	-0.3469 0.0134 4.4186 1.0000	</row3>
				</transform>
			</node>
			<node>
				<identifier>	SP_YMS012_YHWR_M_1	</identifier>
				<transform>
					<row0>	0.9888 -0.0254 0.1473 0.0000	</row0>
					<row1>	0.0253 0.9997 0.0020 0.0000	</row1>
					<row2>	-0.1473 0.0018 0.9891 0.0000	</row2>
					<row3>	0.2230 0.0153 5.2593 1.0000	</row3>
				</transform>
			</node>
			<node>
				<identifier>	SP_YMS012_YHWR_M_1_INDEX_1	</identifier>
				<transform>
					<row0>	0.9897 -0.0254 0.1411 0.0000	</row0>
					<row1>	0.0253 0.9997 0.0020 0.0000	</row1>
					<row2>	-0.1411 0.0016 0.9900 0.0000	</row2>
					<row3>	0.3469 0.0134 4.4186 1.0000	</row3>
				</transform>
			</node>
			<node>
				<identifier>	SP_YMS020_YHBU_M_1	</identifier>
				<transform>
					<row0>	1.3316 0.0000 0.0000 0.0000	</row0>
					<row1>	0.0000 1.3309 -0.0456 0.0000	</row1>
					<row2>	0.0000 0.0456 1.3309 0.0000	</row2>
					<row3>	0.0000 -0.0035 6.6527 1.0000	</row3>
				</transform>
			</node>
			<node>
				<identifier>	SP_YMS051_YHDL_L_1	</identifier>
				<transform>
					<row0>	0.5529 -0.0023 -0.0543 0.0000	</row0>
					<row1>	0.0006 0.5553 -0.0176 0.0000	</row1>
					<row2>	0.0543 0.0175 0.5526 0.0000	</row2>
					<row3>	-0.4626 0.4059 4.4559 1.0000	</row3>
				</transform>
			</node>
			<node>
				<identifier>	SP_YMS052_YHDR_L_1	</identifier>
				<transform>
					<row0>	0.5529 0.0023 0.0543 0.0000	</row0>
					<row1>	-0.0006 0.5553 -0.0176 0.0000	</row1>
					<row2>	-0.0543 0.0175 0.5526 0.0000	</row2>
					<row3>	0.4626 0.4059 4.4559 1.0000	</row3>
				</transform>
			</node>
			<node>
				<identifier>	SP_YMS053_YHDC_S_1	</identifier>
				<transform>
					<row0>	0.5957 0.0000 0.0000 0.0000	</row0>
					<row1>	0.0000 0.5953 -0.0230 0.0000	</row1>
					<row2>	0.0000 0.0230 0.5953 0.0000	</row2>
					<row3>	0.0000 0.4366 4.8285 1.0000	</row3>
				</transform>
			</node>
			<node>
				<identifier>	SP_YMS064_YHGQ_M_1	</identifier>
				<transform>
					<row0>	-0.2786 0.0000 -0.2865 0.0000	</row0>
					<row1>	0.0000 0.3997 0.0000 0.0000	</row1>
					<row2>	0.2865 0.0000 -0.2786 0.0000	</row2>
					<row3>	0.0000 0.7156 6.0258 1.0000	</row3>
				</transform>
			</node>
			<node>
				<identifier>	SP_YMS064_YHGQ_M_1_INDEX_1	</identifier>
				<transform>
					<row0>	-0.2865 0.0000 0.2786 0.0000	</row0>
					<row1>	0.0000 0.3997 0.0000 0.0000	</row1>
					<row2>	-0.2786 0.0000 -0.2865 0.0000	</row2>
					<row3>	0.0000 0.7156 6.0258 1.0000	</row3>
				</transform>
			</node>
			<node>
				<identifier>	SP_YMS080_YHSL_M_1	</identifier>
				<transform>
					<row0>	0.7553 0.3785 -0.1303 0.0000	</row0>
					<row1>	-0.3826 0.7644 0.0026 0.0000	</row1>
					<row2>	0.1177 0.0560 0.8448 0.0000	</row2>
					<row3>	-0.2601 0.2972 5.3632 1.0000	</row3>
				</transform>
			</node>
			<node>
				<identifier>	SP_YMS080_YHSL_M_1_INDEX_1	</identifier>
				<transform>
					<row0>	0.6446 0.2503 -0.0798 0.0000	</row0>
					<row1>	-0.2517 0.6490 0.0026 0.0000	</row1>
					<row2>	0.0753 0.0265 0.6915 0.0000	</row2>
					<row3>	-0.3480 0.2042 4.4405 1.0000	</row3>
				</transform>
			</node>
			<node>
				<identifier>	SP_YMS081_YHSR_M_1	</identifier>
				<transform>
					<row0>	0.7553 -0.3785 0.1303 0.0000	</row0>
					<row1>	0.3826 0.7644 0.0026 0.0000	</row1>
					<row2>	-0.1177 0.0560 0.8448 0.0000	</row2>
					<row3>	0.2601 0.2972 5.3632 1.0000	</row3>
				</transform>
			</node>
			<node>
				<identifier>	SP_YMS081_YHSR_M_1_INDEX_1	</identifier>
				<transform>
					<row0>	0.6446 -0.2503 0.0798 0.0000	</row0>
					<row1>	0.2517 0.6490 0.0026 0.0000	</row1>
					<row2>	-0.0753 0.0265 0.6915 0.0000	</row2>
					<row3>	0.3480 0.2042 4.4405 1.0000	</row3>
				</transform>
			</node>
		</node>
	</node>
	<boundingBox>
		<min>	-0.0667 -0.0667 -0.0667	</min>
		<max>	0.0667 0.0667 0.0667	</max>
	</boundingBox>
</ASC016_Worcester_1948_Bow_ports.visual>
