<ISB012_Andrea_Doria_1940_MidFront_ports.visual>
	<node>
		<identifier>	Scene Root	</identifier>
		<transform>
			<row0>	1.0000 0.0000 0.0000 0.0000	</row0>
			<row1>	0.0000 1.0000 0.0000 0.0000	</row1>
			<row2>	0.0000 0.0000 1.0000 0.0000	</row2>
			<row3>	0.0000 0.0000 0.0000 1.0000	</row3>
		</transform>
		<node>
			<identifier>	MidFront_ports	</identifier>
			<transform>
				<row0>	1.0000 0.0000 0.0000 0.0000	</row0>
				<row1>	0.0000 1.0000 0.0000 0.0000	</row1>
				<row2>	0.0000 0.0000 1.0000 0.0000	</row2>
				<row3>	0.0000 0.0000 0.0000 1.0000	</row3>
			</transform>
			<node>
				<identifier>	HP_FX_Death_2	</identifier>
				<transform>
					<row0>	1.0000 0.0000 0.0000 0.0000	</row0>
					<row1>	0.0000 1.0000 0.0000 0.0000	</row1>
					<row2>	0.0000 0.0000 1.0000 0.0000	</row2>
					<row3>	0.0000 0.0000 -0.5421 1.0000	</row3>
				</transform>
			</node>
			<node>
				<identifier>	HP_FX_Fire_2	</identifier>
				<transform>
					<row0>	1.0000 0.0000 0.0000 0.0000	</row0>
					<row1>	0.0000 1.0000 0.0000 0.0000	</row1>
					<row2>	0.0000 0.0000 1.0000 0.0000	</row2>
					<row3>	0.0000 0.5868 0.4486 1.0000	</row3>
				</transform>
			</node>
			<node>
				<identifier>	HP_FX_Fire_2_side_1	</identifier>
				<transform>
					<row0>	0.9986 0.0000 -0.0531 0.0000	</row0>
					<row1>	0.0000 1.0000 0.0000 0.0000	</row1>
					<row2>	0.0531 0.0000 0.9986 0.0000	</row2>
					<row3>	-0.2768 0.8985 1.1940 1.0000	</row3>
				</transform>
			</node>
			<node>
				<identifier>	HP_FX_Fire_2_side_2	</identifier>
				<transform>
					<row0>	0.9971 0.0000 0.0763 0.0000	</row0>
					<row1>	0.0000 1.0000 0.0000 0.0000	</row1>
					<row2>	-0.0763 0.0000 0.9971 0.0000	</row2>
					<row3>	0.5858 0.7428 0.3440 1.0000	</row3>
				</transform>
			</node>
			<node>
				<identifier>	HP_FX_Fire_2_side_3	</identifier>
				<transform>
					<row0>	1.0000 0.0000 0.0000 0.0000	</row0>
					<row1>	0.0000 1.0000 0.0000 0.0000	</row1>
					<row2>	0.0000 0.0000 1.0000 0.0000	</row2>
					<row3>	-0.5055 0.3858 -0.8890 1.0000	</row3>
				</transform>
			</node>
			<node>
				<identifier>	HP_FX_Fire_5	</identifier>
				<transform>
					<row0>	1.0000 0.0000 0.0000 0.0000	</row0>
					<row1>	0.0000 1.0000 0.0000 0.0000	</row1>
					<row2>	0.0000 0.0000 1.0000 0.0000	</row2>
					<row3>	-0.1367 0.5275 -0.4761 1.0000	</row3>
				</transform>
			</node>
			<node>
				<identifier>	HP_FX_Fire_5_2	</identifier>
				<transform>
					<row0>	1.0000 0.0000 0.0000 0.0000	</row0>
					<row1>	0.0000 1.0000 0.0000 0.0000	</row1>
					<row2>	0.0000 0.0000 1.0000 0.0000	</row2>
					<row3>	-0.1367 0.5365 -1.0863 1.0000	</row3>
				</transform>
			</node>
			<node>
				<identifier>	HP_FX_FloodLight_left_2	</identifier>
				<transform>
					<row0>	-1.0000 0.0000 0.0000 0.0000	</row0>
					<row1>	0.0000 1.0000 0.0000 0.0000	</row1>
					<row2>	0.0000 0.0000 -1.0000 0.0000	</row2>
					<row3>	-0.2119 1.2254 1.1824 1.0000	</row3>
				</transform>
			</node>
			<node>
				<identifier>	HP_FX_FloodLight_right_1	</identifier>
				<transform>
					<row0>	1.0000 0.0000 0.0000 0.0000	</row0>
					<row1>	0.0000 1.0000 0.0000 0.0000	</row1>
					<row2>	0.0000 0.0000 1.0000 0.0000	</row2>
					<row3>	0.2119 1.2254 1.1824 1.0000	</row3>
				</transform>
			</node>
			<node>
				<identifier>	HP_FX_Flood_steam_1	</identifier>
				<transform>
					<row0>	0.9602 0.2764 -0.0406 0.0000	</row0>
					<row1>	-0.2793 0.9500 -0.1395 0.0000	</row1>
					<row2>	0.0000 0.1453 0.9894 0.0000	</row2>
					<row3>	-0.0320 1.2694 -0.3268 1.0000	</row3>
				</transform>
			</node>
			<node>
				<identifier>	HP_FX_Flood_steam_2	</identifier>
				<transform>
					<row0>	0.9629 -0.2699 0.0000 0.0000	</row0>
					<row1>	0.2565 0.9151 -0.3111 0.0000	</row1>
					<row2>	0.0840 0.2996 0.9504 0.0000	</row2>
					<row3>	0.0242 1.1574 -1.0325 1.0000	</row3>
				</transform>
			</node>
			<node>
				<identifier>	HP_FX_Flood_steam_exhaust_1	</identifier>
				<transform>
					<row0>	0.9549 -0.2845 0.0854 0.0000	</row0>
					<row1>	0.2970 0.9146 -0.2745 0.0000	</row1>
					<row2>	0.0000 0.2874 0.9578 0.0000	</row2>
					<row3>	0.0303 1.2694 -0.3268 1.0000	</row3>
				</transform>
			</node>
			<node>
				<identifier>	HP_FX_Flood_steam_exhaust_2	</identifier>
				<transform>
					<row0>	0.9235 0.3836 0.0000 0.0000	</row0>
					<row1>	-0.3646 0.8776 -0.3111 0.0000	</row1>
					<row2>	-0.1194 0.2873 0.9504 0.0000	</row2>
					<row3>	-0.0250 1.1574 -1.0325 1.0000	</row3>
				</transform>
			</node>
			<node>
				<identifier>	HP_FX_Flood_steam_left	</identifier>
				<transform>
					<row0>	-1.0000 0.0000 0.0000 0.0000	</row0>
					<row1>	0.0000 1.0000 0.0000 0.0000	</row1>
					<row2>	0.0000 0.0000 -1.0000 0.0000	</row2>
					<row3>	-0.7568 0.3713 2.4940 1.0000	</row3>
				</transform>
			</node>
			<node>
				<identifier>	HP_FX_Flood_water_left_2	</identifier>
				<transform>
					<row0>	-1.0000 0.0000 0.0000 0.0000	</row0>
					<row1>	0.0000 1.0000 0.0000 0.0000	</row1>
					<row2>	0.0000 0.0000 -1.0000 0.0000	</row2>
					<row3>	-0.9124 0.0361 0.2420 1.0000	</row3>
				</transform>
			</node>
			<node>
				<identifier>	HP_FX_Flood_water_right_2	</identifier>
				<transform>
					<row0>	1.0000 0.0000 0.0000 0.0000	</row0>
					<row1>	0.0000 1.0000 0.0000 0.0000	</row1>
					<row2>	0.0000 0.0000 1.0000 0.0000	</row2>
					<row3>	0.9123 0.0367 0.2422 1.0000	</row3>
				</transform>
			</node>
			<node>
				<identifier>	HP_FX_Smoke_1	</identifier>
				<transform>
					<row0>	1.0000 0.0000 0.0000 0.0000	</row0>
					<row1>	0.0000 0.9990 -0.0446 0.0000	</row1>
					<row2>	0.0000 0.0446 0.9990 0.0000	</row2>
					<row3>	0.0000 1.2177 -0.1713 1.0000	</row3>
				</transform>
			</node>
			<node>
				<identifier>	HP_FX_Smoke_2	</identifier>
				<transform>
					<row0>	1.0000 0.0000 0.0000 0.0000	</row0>
					<row1>	0.0000 0.9985 -0.0536 0.0000	</row1>
					<row2>	0.0000 0.0536 0.9985 0.0000	</row2>
					<row3>	0.0000 1.1341 -0.8568 1.0000	</row3>
				</transform>
			</node>
			<node>
				<identifier>	HP_Flagpole	</identifier>
				<transform>
					<row0>	0.3907 0.0000 0.0000 0.0000	</row0>
					<row1>	0.0000 0.3907 0.0000 0.0000	</row1>
					<row2>	0.0000 0.0000 0.3907 0.0000	</row2>
					<row3>	0.0000 2.6162 0.5641 1.0000	</row3>
				</transform>
			</node>
			<node>
				<identifier>	HP_ID_1	</identifier>
				<transform>
					<row0>	1.0000 0.0000 0.0000 0.0000	</row0>
					<row1>	0.0000 1.0000 0.0000 0.0000	</row1>
					<row2>	0.0000 0.0000 1.0000 0.0000	</row2>
					<row3>	-0.2837 0.8392 1.2022 1.0000	</row3>
				</transform>
			</node>
			<node>
				<identifier>	HP_ID_2	</identifier>
				<transform>
					<row0>	1.0000 0.0000 0.0000 0.0000	</row0>
					<row1>	0.0000 1.0000 0.0000 0.0000	</row1>
					<row2>	0.0000 0.0000 1.0000 0.0000	</row2>
					<row3>	0.2837 0.8392 1.2022 1.0000	</row3>
				</transform>
			</node>
			<node>
				<identifier>	HP_ID_3	</identifier>
				<transform>
					<row0>	1.0000 0.0000 0.0000 0.0000	</row0>
					<row1>	0.0000 1.0000 0.0000 0.0000	</row1>
					<row2>	0.0000 0.0000 1.0000 0.0000	</row2>
					<row3>	0.0000 1.4772 1.0676 1.0000	</row3>
				</transform>
			</node>
			<node>
				<identifier>	HP_ID_4	</identifier>
				<transform>
					<row0>	0.0000 0.0000 1.0000 0.0000	</row0>
					<row1>	0.0000 1.0000 0.0000 0.0000	</row1>
					<row2>	-1.0000 0.0000 0.0000 0.0000	</row2>
					<row3>	-0.3652 0.7889 0.5659 1.0000	</row3>
				</transform>
			</node>
			<node>
				<identifier>	HP_ID_5	</identifier>
				<transform>
					<row0>	0.0000 0.0000 -1.0000 0.0000	</row0>
					<row1>	0.0000 1.0000 0.0000 0.0000	</row1>
					<row2>	1.0000 0.0000 0.0000 0.0000	</row2>
					<row3>	0.3652 0.7889 0.5659 1.0000	</row3>
				</transform>
			</node>
			<node>
				<identifier>	HP_ID_6	</identifier>
				<transform>
					<row0>	0.0000 0.0000 1.0000 0.0000	</row0>
					<row1>	0.0000 1.0000 0.0000 0.0000	</row1>
					<row2>	-1.0000 0.0000 0.0000 0.0000	</row2>
					<row3>	-0.4047 0.8511 -0.5139 1.0000	</row3>
				</transform>
			</node>
			<node>
				<identifier>	HP_ID_7	</identifier>
				<transform>
					<row0>	0.0000 0.0000 -1.0000 0.0000	</row0>
					<row1>	0.0000 1.0000 0.0000 0.0000	</row1>
					<row2>	1.0000 0.0000 0.0000 0.0000	</row2>
					<row3>	0.4047 0.8511 -0.5139 1.0000	</row3>
				</transform>
			</node>
			<node>
				<identifier>	HP_ID_8	</identifier>
				<transform>
					<row0>	0.0000 0.0000 1.0000 0.0000	</row0>
					<row1>	0.0000 1.0000 0.0000 0.0000	</row1>
					<row2>	-1.0000 0.0000 0.0000 0.0000	</row2>
					<row3>	-0.5704 0.7269 -0.5197 1.0000	</row3>
				</transform>
			</node>
			<node>
				<identifier>	HP_ID_9	</identifier>
				<transform>
					<row0>	0.0000 0.0000 -1.0000 0.0000	</row0>
					<row1>	0.0000 1.0000 0.0000 0.0000	</row1>
					<row2>	1.0000 0.0000 0.0000 0.0000	</row2>
					<row3>	0.5704 0.7269 -0.5197 1.0000	</row3>
				</transform>
			</node>
			<node>
				<identifier>	HP_IGA_4	</identifier>
				<transform>
					<row0>	0.0000 0.0000 1.0000 0.0000	</row0>
					<row1>	0.0000 1.0000 0.0000 0.0000	</row1>
					<row2>	-1.0000 0.0000 0.0000 0.0000	</row2>
					<row3>	-0.4000 0.5670 -0.0782 1.0000	</row3>
				</transform>
			</node>
			<node>
				<identifier>	HP_IGA_5	</identifier>
				<transform>
					<row0>	0.0000 0.0000 -1.0000 0.0000	</row0>
					<row1>	0.0000 1.0000 0.0000 0.0000	</row1>
					<row2>	1.0000 0.0000 0.0000 0.0000	</row2>
					<row3>	0.4000 0.5670 -0.0782 1.0000	</row3>
				</transform>
			</node>
			<node>
				<identifier>	HP_IGA_6	</identifier>
				<transform>
					<row0>	0.0000 0.0000 1.0000 0.0000	</row0>
					<row1>	0.0000 1.0000 0.0000 0.0000	</row1>
					<row2>	-1.0000 0.0000 0.0000 0.0000	</row2>
					<row3>	-0.3886 0.5670 -1.0477 1.0000	</row3>
				</transform>
			</node>
			<node>
				<identifier>	HP_IGA_7	</identifier>
				<transform>
					<row0>	0.0000 0.0000 -1.0000 0.0000	</row0>
					<row1>	0.0000 1.0000 0.0000 0.0000	</row1>
					<row2>	1.0000 0.0000 0.0000 0.0000	</row2>
					<row3>	0.3886 0.5670 -1.0477 1.0000	</row3>
				</transform>
			</node>
			<node>
				<identifier>	HP_IGM_2	</identifier>
				<transform>
					<row0>	1.0000 0.0000 0.0000 0.0000	</row0>
					<row1>	0.0000 1.0000 0.0000 0.0000	</row1>
					<row2>	0.0000 0.0000 1.0000 0.0000	</row2>
					<row3>	0.0000 0.7014 2.0366 1.0000	</row3>
				</transform>
			</node>
			<node>
				<identifier>	HP_IGS_1	</identifier>
				<transform>
					<row0>	1.0000 0.0000 0.0000 0.0000	</row0>
					<row1>	0.0000 1.0000 0.0000 0.0000	</row1>
					<row2>	0.0000 0.0000 1.0000 0.0000	</row2>
					<row3>	-0.4883 0.4351 1.5067 1.0000	</row3>
				</transform>
			</node>
			<node>
				<identifier>	HP_IGS_10	</identifier>
				<transform>
					<row0>	1.0000 0.0000 0.0000 0.0000	</row0>
					<row1>	0.0000 1.0000 0.0000 0.0000	</row1>
					<row2>	0.0000 0.0000 1.0000 0.0000	</row2>
					<row3>	0.6925 0.4355 -0.6750 1.0000	</row3>
				</transform>
			</node>
			<node>
				<identifier>	HP_IGS_11	</identifier>
				<transform>
					<row0>	1.0000 0.0000 0.0000 0.0000	</row0>
					<row1>	0.0000 1.0000 0.0000 0.0000	</row1>
					<row2>	0.0000 0.0000 1.0000 0.0000	</row2>
					<row3>	-0.6917 0.4355 -1.0617 1.0000	</row3>
				</transform>
			</node>
			<node>
				<identifier>	HP_IGS_12	</identifier>
				<transform>
					<row0>	1.0000 0.0000 0.0000 0.0000	</row0>
					<row1>	0.0000 1.0000 0.0000 0.0000	</row1>
					<row2>	0.0000 0.0000 1.0000 0.0000	</row2>
					<row3>	0.6917 0.4355 -1.0617 1.0000	</row3>
				</transform>
			</node>
			<node>
				<identifier>	HP_IGS_2	</identifier>
				<transform>
					<row0>	1.0000 0.0000 0.0000 0.0000	</row0>
					<row1>	0.0000 1.0000 0.0000 0.0000	</row1>
					<row2>	0.0000 0.0000 1.0000 0.0000	</row2>
					<row3>	0.4883 0.4351 1.5067 1.0000	</row3>
				</transform>
			</node>
			<node>
				<identifier>	HP_IGS_3	</identifier>
				<transform>
					<row0>	1.0000 0.0000 0.0000 0.0000	</row0>
					<row1>	0.0000 1.0000 0.0000 0.0000	</row1>
					<row2>	0.0000 0.0000 1.0000 0.0000	</row2>
					<row3>	-0.5667 0.5771 0.9494 1.0000	</row3>
				</transform>
			</node>
			<node>
				<identifier>	HP_IGS_4	</identifier>
				<transform>
					<row0>	1.0000 0.0000 0.0000 0.0000	</row0>
					<row1>	0.0000 1.0000 0.0000 0.0000	</row1>
					<row2>	0.0000 0.0000 1.0000 0.0000	</row2>
					<row3>	0.5667 0.5771 0.9494 1.0000	</row3>
				</transform>
			</node>
			<node>
				<identifier>	HP_IGS_5	</identifier>
				<transform>
					<row0>	1.0000 0.0000 0.0000 0.0000	</row0>
					<row1>	0.0000 1.0000 0.0000 0.0000	</row1>
					<row2>	0.0000 0.0000 1.0000 0.0000	</row2>
					<row3>	-0.6925 0.4355 0.0983 1.0000	</row3>
				</transform>
			</node>
			<node>
				<identifier>	HP_IGS_6	</identifier>
				<transform>
					<row0>	1.0000 0.0000 0.0000 0.0000	</row0>
					<row1>	0.0000 1.0000 0.0000 0.0000	</row1>
					<row2>	0.0000 0.0000 1.0000 0.0000	</row2>
					<row3>	0.6925 0.4355 0.0983 1.0000	</row3>
				</transform>
			</node>
			<node>
				<identifier>	HP_IGS_7	</identifier>
				<transform>
					<row0>	1.0000 0.0000 0.0000 0.0000	</row0>
					<row1>	0.0000 1.0000 0.0000 0.0000	</row1>
					<row2>	0.0000 0.0000 1.0000 0.0000	</row2>
					<row3>	-0.6925 0.4355 -0.2884 1.0000	</row3>
				</transform>
			</node>
			<node>
				<identifier>	HP_IGS_8	</identifier>
				<transform>
					<row0>	1.0000 0.0000 0.0000 0.0000	</row0>
					<row1>	0.0000 1.0000 0.0000 0.0000	</row1>
					<row2>	0.0000 0.0000 1.0000 0.0000	</row2>
					<row3>	0.6925 0.4355 -0.2884 1.0000	</row3>
				</transform>
			</node>
			<node>
				<identifier>	HP_IGS_9	</identifier>
				<transform>
					<row0>	1.0000 0.0000 0.0000 0.0000	</row0>
					<row1>	0.0000 1.0000 0.0000 0.0000	</row1>
					<row2>	0.0000 0.0000 1.0000 0.0000	</row2>
					<row3>	-0.6925 0.4355 -0.6750 1.0000	</row3>
				</transform>
			</node>
			<node>
				<identifier>	HP_flag_1	</identifier>
				<transform>
					<row0>	0.9977 -0.0673 -0.0025 0.0000	</row0>
					<row1>	0.0673 0.9951 0.0728 0.0000	</row1>
					<row2>	-0.0025 -0.0728 0.9973 0.0000	</row2>
					<row3>	0.2642 2.2825 0.5970 1.0000	</row3>
				</transform>
			</node>
			<node>
				<identifier>	HP_flag_2	</identifier>
				<transform>
					<row0>	0.9977 0.0673 0.0025 0.0000	</row0>
					<row1>	-0.0673 0.9951 0.0728 0.0000	</row1>
					<row2>	0.0025 -0.0728 0.9973 0.0000	</row2>
					<row3>	-0.2642 2.2825 0.5970 1.0000	</row3>
				</transform>
			</node>
			<node>
				<identifier>	HP_flag_3	</identifier>
				<transform>
					<row0>	1.0000 -0.0053 -0.0003 0.0000	</row0>
					<row1>	0.0053 0.9951 0.0988 0.0000	</row1>
					<row2>	-0.0003 -0.0988 0.9951 0.0000	</row2>
					<row3>	0.1292 2.2802 0.5960 1.0000	</row3>
				</transform>
			</node>
			<node>
				<identifier>	HP_flag_4	</identifier>
				<transform>
					<row0>	1.0000 0.0053 0.0003 0.0000	</row0>
					<row1>	-0.0053 0.9951 0.0988 0.0000	</row1>
					<row2>	0.0003 -0.0988 0.9951 0.0000	</row2>
					<row3>	-0.1292 2.2802 0.5960 1.0000	</row3>
				</transform>
			</node>
			<node>
				<identifier>	MP_CM029_Emergency_Box	</identifier>
				<transform>
					<row0>	0.4567 0.0000 0.8896 0.0000	</row0>
					<row1>	0.0000 1.0000 0.0000 0.0000	</row1>
					<row2>	-0.8896 0.0000 0.4567 0.0000	</row2>
					<row3>	0.1468 1.2243 0.9861 1.0000	</row3>
				</transform>
			</node>
			<node>
				<identifier>	MP_CM029_Emergency_Box_INDEX_1	</identifier>
				<transform>
					<row0>	0.0000 0.0000 1.0000 0.0000	</row0>
					<row1>	0.0000 1.0000 0.0000 0.0000	</row1>
					<row2>	-1.0000 0.0000 0.0000 0.0000	</row2>
					<row3>	0.4002 0.4482 -0.9909 1.0000	</row3>
				</transform>
			</node>
			<node>
				<identifier>	MP_CM029_Emergency_Box_INDEX_2	</identifier>
				<transform>
					<row0>	1.0000 0.0000 0.0000 0.0000	</row0>
					<row1>	0.0000 1.0000 0.0000 0.0000	</row1>
					<row2>	0.0000 0.0000 1.0000 0.0000	</row2>
					<row3>	-0.0474 0.6203 0.3572 1.0000	</row3>
				</transform>
			</node>
			<node>
				<identifier>	MP_CM029_Emergency_Box_INDEX_3	</identifier>
				<transform>
					<row0>	0.0000 0.0000 -1.0000 0.0000	</row0>
					<row1>	0.0000 1.0000 0.0000 0.0000	</row1>
					<row2>	1.0000 0.0000 0.0000 0.0000	</row2>
					<row3>	-0.4002 0.4482 -0.9909 1.0000	</row3>
				</transform>
			</node>
			<node>
				<identifier>	MP_CM052_Fender	</identifier>
				<transform>
					<row0>	0.0921 -0.0097 0.8440 0.0000	</row0>
					<row1>	0.0862 0.8447 0.0003 0.0000	</row1>
					<row2>	-0.8397 0.0857 0.0926 0.0000	</row2>
					<row3>	-0.2464 0.3899 1.0981 1.0000	</row3>
				</transform>
			</node>
			<node>
				<identifier>	MP_CM052_Fender_INDEX_1	</identifier>
				<transform>
					<row0>	0.2886 0.0050 0.7985 0.0000	</row0>
					<row1>	-0.0018 0.8491 -0.0047 0.0000	</row1>
					<row2>	-0.7985 -0.0001 0.2887 0.0000	</row2>
					<row3>	-0.3152 0.3960 2.1404 1.0000	</row3>
				</transform>
			</node>
			<node>
				<identifier>	MP_CM052_Fender_INDEX_2	</identifier>
				<transform>
					<row0>	0.2886 -0.0050 -0.7985 0.0000	</row0>
					<row1>	0.0018 0.8491 -0.0047 0.0000	</row1>
					<row2>	0.7985 -0.0001 0.2887 0.0000	</row2>
					<row3>	0.3152 0.3960 2.1404 1.0000	</row3>
				</transform>
			</node>
			<node>
				<identifier>	MP_CM052_Fender_INDEX_3	</identifier>
				<transform>
					<row0>	0.0921 0.0097 -0.8440 0.0000	</row0>
					<row1>	-0.0862 0.8447 0.0003 0.0000	</row1>
					<row2>	0.8397 0.0857 0.0926 0.0000	</row2>
					<row3>	0.2464 0.3899 1.0981 1.0000	</row3>
				</transform>
			</node>
			<node>
				<identifier>	MP_CM092_Siren	</identifier>
				<transform>
					<row0>	1.0000 0.0000 0.0000 0.0000	</row0>
					<row1>	0.0000 1.0000 0.0000 0.0000	</row1>
					<row2>	0.0000 0.0000 1.0000 0.0000	</row2>
					<row3>	0.0207 1.1095 0.0333 1.0000	</row3>
				</transform>
			</node>
			<node>
				<identifier>	MP_IM001_Paramine_Tipo_C	</identifier>
				<transform>
					<row0>	1.0000 0.0000 0.0000 0.0000	</row0>
					<row1>	0.0000 1.0000 0.0000 0.0000	</row1>
					<row2>	0.0000 0.0000 1.0000 0.0000	</row2>
					<row3>	0.2668 0.4428 2.4058 1.0000	</row3>
				</transform>
			</node>
			<node>
				<identifier>	MP_IM001_Paramine_Tipo_C_INDEX_1	</identifier>
				<transform>
					<row0>	0.0000 1.0000 0.0000 0.0000	</row0>
					<row1>	0.6956 0.0000 0.7184 0.0000	</row1>
					<row2>	0.7184 0.0000 -0.6956 0.0000	</row2>
					<row3>	0.2197 0.5051 2.2547 1.0000	</row3>
				</transform>
			</node>
			<node>
				<identifier>	MP_IM001_Paramine_Tipo_C_INDEX_2	</identifier>
				<transform>
					<row0>	1.0000 0.0000 0.0000 0.0000	</row0>
					<row1>	0.0000 1.0000 0.0000 0.0000	</row1>
					<row2>	0.0000 0.0000 1.0000 0.0000	</row2>
					<row3>	-0.2668 0.4428 2.4058 1.0000	</row3>
				</transform>
			</node>
			<node>
				<identifier>	MP_IM001_Paramine_Tipo_C_INDEX_3	</identifier>
				<transform>
					<row0>	0.0000 -1.0000 0.0000 0.0000	</row0>
					<row1>	-0.6956 0.0000 0.7184 0.0000	</row1>
					<row2>	-0.7184 0.0000 -0.6956 0.0000	</row2>
					<row3>	-0.2197 0.5051 2.2547 1.0000	</row3>
				</transform>
			</node>
			<node>
				<identifier>	MP_IM021_Turtle	</identifier>
				<transform>
					<row0>	-1.0000 0.0000 0.0000 0.0000	</row0>
					<row1>	0.0000 0.9015 0.4327 0.0000	</row1>
					<row2>	0.0000 0.4327 -0.9015 0.0000	</row2>
					<row3>	-0.0335 0.6216 -1.0595 1.0000	</row3>
				</transform>
			</node>
			<node>
				<identifier>	MP_IM021_Turtle_INDEX_1	</identifier>
				<transform>
					<row0>	-1.0000 0.0000 0.0000 0.0000	</row0>
					<row1>	0.0000 0.9015 0.4327 0.0000	</row1>
					<row2>	0.0000 0.4327 -0.9015 0.0000	</row2>
					<row3>	0.0167 0.6216 -1.0595 1.0000	</row3>
				</transform>
			</node>
			<node>
				<identifier>	MP_IM021_Turtle_INDEX_10	</identifier>
				<transform>
					<row0>	0.5437 0.0146 0.8391 0.0000	</row0>
					<row1>	0.2146 0.9642 -0.1558 0.0000	</row1>
					<row2>	-0.8114 0.2648 0.5211 0.0000	</row2>
					<row3>	-0.0841 0.6316 0.0270 1.0000	</row3>
				</transform>
			</node>
			<node>
				<identifier>	MP_IM021_Turtle_INDEX_11	</identifier>
				<transform>
					<row0>	-1.0000 0.0000 0.0000 0.0000	</row0>
					<row1>	0.0000 0.9015 0.4327 0.0000	</row1>
					<row2>	0.0000 0.4327 -0.9015 0.0000	</row2>
					<row3>	-0.0167 0.6216 -1.0595 1.0000	</row3>
				</transform>
			</node>
			<node>
				<identifier>	MP_IM021_Turtle_INDEX_12	</identifier>
				<transform>
					<row0>	0.5845 -0.0010 -0.8114 0.0000	</row0>
					<row1>	-0.2146 0.9642 -0.1558 0.0000	</row1>
					<row2>	0.7825 0.2652 0.5633 0.0000	</row2>
					<row3>	0.1204 0.6310 -0.0265 1.0000	</row3>
				</transform>
			</node>
			<node>
				<identifier>	MP_IM021_Turtle_INDEX_2	</identifier>
				<transform>
					<row0>	-1.0000 0.0000 0.0000 0.0000	</row0>
					<row1>	0.0000 0.9015 0.4327 0.0000	</row1>
					<row2>	0.0000 0.4327 -0.9015 0.0000	</row2>
					<row3>	-0.0494 0.6216 -1.0595 1.0000	</row3>
				</transform>
			</node>
			<node>
				<identifier>	MP_IM021_Turtle_INDEX_3	</identifier>
				<transform>
					<row0>	-1.0000 0.0000 0.0000 0.0000	</row0>
					<row1>	0.0000 0.9015 0.4327 0.0000	</row1>
					<row2>	0.0000 0.4327 -0.9015 0.0000	</row2>
					<row3>	0.0335 0.6216 -1.0595 1.0000	</row3>
				</transform>
			</node>
			<node>
				<identifier>	MP_IM021_Turtle_INDEX_4	</identifier>
				<transform>
					<row0>	0.5611 0.0089 0.8277 0.0000	</row0>
					<row1>	0.2146 0.9642 -0.1558 0.0000	</row1>
					<row2>	-0.7995 0.2650 0.5391 0.0000	</row2>
					<row3>	-0.1018 0.6311 -0.0003 1.0000	</row3>
				</transform>
			</node>
			<node>
				<identifier>	MP_IM021_Turtle_INDEX_5	</identifier>
				<transform>
					<row0>	0.5445 0.0143 0.8386 0.0000	</row0>
					<row1>	0.2146 0.9642 -0.1558 0.0000	</row1>
					<row2>	-0.8109 0.2648 0.5219 0.0000	</row2>
					<row3>	-0.0933 0.6313 0.0129 1.0000	</row3>
				</transform>
			</node>
			<node>
				<identifier>	MP_IM021_Turtle_INDEX_6	</identifier>
				<transform>
					<row0>	-1.0000 0.0000 0.0000 0.0000	</row0>
					<row1>	0.0000 0.9015 0.4327 0.0000	</row1>
					<row2>	0.0000 0.4327 -0.9015 0.0000	</row2>
					<row3>	0.0000 0.6216 -1.0595 1.0000	</row3>
				</transform>
			</node>
			<node>
				<identifier>	MP_IM021_Turtle_INDEX_7	</identifier>
				<transform>
					<row0>	0.5845 -0.0010 -0.8114 0.0000	</row0>
					<row1>	-0.2146 0.9642 -0.1558 0.0000	</row1>
					<row2>	0.7825 0.2652 0.5633 0.0000	</row2>
					<row3>	0.1104 0.6310 -0.0129 1.0000	</row3>
				</transform>
			</node>
			<node>
				<identifier>	MP_IM021_Turtle_INDEX_8	</identifier>
				<transform>
					<row0>	-1.0000 0.0000 0.0000 0.0000	</row0>
					<row1>	0.0000 0.9015 0.4327 0.0000	</row1>
					<row2>	0.0000 0.4327 -0.9015 0.0000	</row2>
					<row3>	0.0494 0.6216 -1.0595 1.0000	</row3>
				</transform>
			</node>
			<node>
				<identifier>	MP_IM021_Turtle_INDEX_9	</identifier>
				<transform>
					<row0>	0.5845 -0.0010 -0.8114 0.0000	</row0>
					<row1>	-0.2146 0.9642 -0.1558 0.0000	</row1>
					<row2>	0.7825 0.2652 0.5633 0.0000	</row2>
					<row3>	0.1300 0.6310 -0.0397 1.0000	</row3>
				</transform>
			</node>
			<node>
				<identifier>	MP_IM026_Reels	</identifier>
				<transform>
					<row0>	0.0000 0.0000 1.2931 0.0000	</row0>
					<row1>	0.0000 1.2931 0.0000 0.0000	</row1>
					<row2>	-1.2931 0.0000 0.0000 0.0000	</row2>
					<row3>	0.1037 0.3907 1.4797 1.0000	</row3>
				</transform>
			</node>
			<node>
				<identifier>	MP_IM026_Reels_INDEX_1	</identifier>
				<transform>
					<row0>	-1.1107 0.0000 0.6621 0.0000	</row0>
					<row1>	0.0000 1.2931 0.0000 0.0000	</row1>
					<row2>	-0.6621 0.0000 -1.1107 0.0000	</row2>
					<row3>	0.0778 0.5626 1.3306 1.0000	</row3>
				</transform>
			</node>
			<node>
				<identifier>	MP_IM026_Reels_INDEX_2	</identifier>
				<transform>
					<row0>	0.0000 0.0000 -1.2931 0.0000	</row0>
					<row1>	0.0000 1.2931 0.0000 0.0000	</row1>
					<row2>	1.2931 0.0000 0.0000 0.0000	</row2>
					<row3>	-0.1037 0.3907 1.4797 1.0000	</row3>
				</transform>
			</node>
			<node>
				<identifier>	MP_IM026_Reels_INDEX_3	</identifier>
				<transform>
					<row0>	-1.1107 0.0000 -0.6621 0.0000	</row0>
					<row1>	0.0000 1.2931 0.0000 0.0000	</row1>
					<row2>	0.6621 0.0000 -1.1107 0.0000	</row2>
					<row3>	-0.0778 0.5626 1.3306 1.0000	</row3>
				</transform>
			</node>
			<node>
				<identifier>	MP_IM031_Fire_Fighting	</identifier>
				<transform>
					<row0>	-1.0000 0.0000 0.0000 0.0000	</row0>
					<row1>	0.0000 1.0000 0.0000 0.0000	</row1>
					<row2>	0.0000 0.0000 -1.0000 0.0000	</row2>
					<row3>	-0.1064 0.5660 0.3483 1.0000	</row3>
				</transform>
			</node>
			<node>
				<identifier>	MP_IM032_Fire_Hose	</identifier>
				<transform>
					<row0>	-1.0000 0.0000 0.0000 0.0000	</row0>
					<row1>	0.0000 1.0000 0.0000 0.0000	</row1>
					<row2>	0.0000 0.0000 -1.0000 0.0000	</row2>
					<row3>	-0.1064 0.6291 0.3612 1.0000	</row3>
				</transform>
			</node>
			<node>
				<identifier>	MP_IM033_Life_Buoy	</identifier>
				<transform>
					<row0>	0.5598 0.0000 0.8286 0.0000	</row0>
					<row1>	0.0000 1.0000 0.0000 0.0000	</row1>
					<row2>	-0.8286 0.0000 0.5598 0.0000	</row2>
					<row3>	0.1766 1.2412 0.9107 1.0000	</row3>
				</transform>
			</node>
			<node>
				<identifier>	MP_IM033_Life_Buoy_INDEX_1	</identifier>
				<transform>
					<row0>	0.7289 0.0000 0.6846 0.0000	</row0>
					<row1>	0.0000 1.0000 0.0000 0.0000	</row1>
					<row2>	-0.6846 0.0000 0.7289 0.0000	</row2>
					<row3>	0.2046 1.0829 0.5142 1.0000	</row3>
				</transform>
			</node>
			<node>
				<identifier>	MP_IM033_Life_Buoy_INDEX_2	</identifier>
				<transform>
					<row0>	-0.5532 0.0000 -0.8330 0.0000	</row0>
					<row1>	0.0000 1.0000 0.0000 0.0000	</row1>
					<row2>	0.8330 0.0000 -0.5532 0.0000	</row2>
					<row3>	-0.2523 1.0829 0.6955 1.0000	</row3>
				</transform>
			</node>
			<node>
				<identifier>	MP_IM033_Life_Buoy_INDEX_3	</identifier>
				<transform>
					<row0>	0.5598 0.0000 -0.8286 0.0000	</row0>
					<row1>	0.0000 1.0000 0.0000 0.0000	</row1>
					<row2>	0.8286 0.0000 0.5598 0.0000	</row2>
					<row3>	-0.1766 1.2412 0.9107 1.0000	</row3>
				</transform>
			</node>
			<node>
				<identifier>	MP_IM033_Life_Buoy_INDEX_4	</identifier>
				<transform>
					<row0>	-0.5532 0.0000 0.8330 0.0000	</row0>
					<row1>	0.0000 1.0000 0.0000 0.0000	</row1>
					<row2>	-0.8330 0.0000 -0.5532 0.0000	</row2>
					<row3>	0.2523 1.0829 0.6955 1.0000	</row3>
				</transform>
			</node>
			<node>
				<identifier>	MP_IM033_Life_Buoy_INDEX_5	</identifier>
				<transform>
					<row0>	0.7289 0.0000 -0.6846 0.0000	</row0>
					<row1>	0.0000 1.0000 0.0000 0.0000	</row1>
					<row2>	0.6846 0.0000 0.7289 0.0000	</row2>
					<row3>	-0.2046 1.0829 0.5142 1.0000	</row3>
				</transform>
			</node>
			<node>
				<identifier>	MP_IM060_Easter_egg_Andrea_Doria	</identifier>
				<transform>
					<row0>	1.0000 0.0000 0.0000 0.0000	</row0>
					<row1>	0.0000 1.0000 0.0000 0.0000	</row1>
					<row2>	0.0000 0.0000 1.0000 0.0000	</row2>
					<row3>	-0.0975 1.0040 1.2924 1.0000	</row3>
				</transform>
			</node>
			<node>
				<identifier>	MP_IM500_Life_Boat	</identifier>
				<transform>
					<row0>	0.0000 0.0000 -1.0000 0.0000	</row0>
					<row1>	-0.9999 0.0136 0.0000 0.0000	</row1>
					<row2>	0.0136 0.9999 0.0000 0.0000	</row2>
					<row3>	-0.1336 0.8377 -0.1318 1.0000	</row3>
				</transform>
			</node>
			<node>
				<identifier>	MP_IM500_Life_Boat_INDEX_1	</identifier>
				<transform>
					<row0>	-0.9567 0.0000 -0.2912 0.0000	</row0>
					<row1>	-0.2912 0.0000 0.9567 0.0000	</row1>
					<row2>	0.0000 1.0000 0.0000 0.0000	</row2>
					<row3>	-0.0477 0.8374 0.0143 1.0000	</row3>
				</transform>
			</node>
			<node>
				<identifier>	MP_IM500_Life_Boat_INDEX_2	</identifier>
				<transform>
					<row0>	0.0000 -1.0000 0.0000 0.0000	</row0>
					<row1>	-1.0000 0.0000 0.0000 0.0000	</row1>
					<row2>	0.0000 0.0000 -1.0000 0.0000	</row2>
					<row3>	-0.2011 0.7385 1.0574 1.0000	</row3>
				</transform>
			</node>
			<node>
				<identifier>	MP_IM500_Life_Boat_INDEX_3	</identifier>
				<transform>
					<row0>	0.0000 0.0000 1.0000 0.0000	</row0>
					<row1>	0.9999 0.0160 0.0000 0.0000	</row1>
					<row2>	-0.0160 0.9999 0.0000 0.0000	</row2>
					<row3>	0.1337 0.8374 -0.1318 1.0000	</row3>
				</transform>
			</node>
			<node>
				<identifier>	MP_IM500_Life_Boat_INDEX_4	</identifier>
				<transform>
					<row0>	0.0000 1.0000 0.0000 0.0000	</row0>
					<row1>	1.0000 0.0000 0.0000 0.0000	</row1>
					<row2>	0.0000 0.0000 -1.0000 0.0000	</row2>
					<row3>	0.2011 0.7385 1.0574 1.0000	</row3>
				</transform>
			</node>
			<node>
				<identifier>	MP_IM600_Pelorus	</identifier>
				<transform>
					<row0>	1.0000 0.0000 0.0000 0.0000	</row0>
					<row1>	0.0000 1.0000 0.0000 0.0000	</row1>
					<row2>	0.0000 0.0000 1.0000 0.0000	</row2>
					<row3>	-0.2446 1.0055 1.1199 1.0000	</row3>
				</transform>
			</node>
			<node>
				<identifier>	MP_IM600_Pelorus_INDEX_1	</identifier>
				<transform>
					<row0>	1.0000 0.0000 0.0000 0.0000	</row0>
					<row1>	0.0000 1.0000 0.0000 0.0000	</row1>
					<row2>	0.0000 0.0000 1.0000 0.0000	</row2>
					<row3>	0.2446 1.0055 1.1199 1.0000	</row3>
				</transform>
			</node>
			<node>
				<identifier>	MP_IM601_Compass	</identifier>
				<transform>
					<row0>	0.7688 0.0113 0.6394 0.0000	</row0>
					<row1>	-0.0117 0.9999 -0.0036 0.0000	</row1>
					<row2>	-0.6394 -0.0047 0.7689 0.0000	</row2>
					<row3>	-0.1272 1.2479 1.3069 1.0000	</row3>
				</transform>
			</node>
			<node>
				<identifier>	MP_IM601_Compass_INDEX_1	</identifier>
				<transform>
					<row0>	0.7688 -0.0113 -0.6394 0.0000	</row0>
					<row1>	0.0117 0.9999 -0.0036 0.0000	</row1>
					<row2>	0.6394 -0.0047 0.7689 0.0000	</row2>
					<row3>	0.1276 1.2479 1.3066 1.0000	</row3>
				</transform>
			</node>
			<node>
				<identifier>	MP_IM602_Binocular	</identifier>
				<transform>
					<row0>	0.9328 0.0000 -0.3604 0.0000	</row0>
					<row1>	0.0000 1.0000 0.0000 0.0000	</row1>
					<row2>	0.3604 0.0000 0.9328 0.0000	</row2>
					<row3>	0.0645 1.0779 1.3413 1.0000	</row3>
				</transform>
			</node>
			<node>
				<identifier>	MP_IM602_Binocular_INDEX_1	</identifier>
				<transform>
					<row0>	0.9328 0.0000 0.3604 0.0000	</row0>
					<row1>	0.0000 1.0000 0.0000 0.0000	</row1>
					<row2>	-0.3604 0.0000 0.9328 0.0000	</row2>
					<row3>	-0.0644 1.0779 1.3412 1.0000	</row3>
				</transform>
			</node>
			<node>
				<identifier>	MP_IM602_Binocular_INDEX_2	</identifier>
				<transform>
					<row0>	0.9079 -0.0113 -0.4191 0.0000	</row0>
					<row1>	0.0123 0.9999 -0.0005 0.0000	</row1>
					<row2>	0.4190 -0.0047 0.9080 0.0000	</row2>
					<row3>	0.0880 1.2344 1.3328 1.0000	</row3>
				</transform>
			</node>
			<node>
				<identifier>	MP_IM602_Binocular_INDEX_3	</identifier>
				<transform>
					<row0>	0.9079 0.0113 0.4191 0.0000	</row0>
					<row1>	-0.0123 0.9999 -0.0005 0.0000	</row1>
					<row2>	-0.4190 -0.0047 0.9080 0.0000	</row2>
					<row3>	-0.0879 1.2344 1.3326 1.0000	</row3>
				</transform>
			</node>
			<node>
				<identifier>	MP_IM609_VCU	</identifier>
				<transform>
					<row0>	1.0000 0.0000 0.0000 0.0000	</row0>
					<row1>	0.0000 1.0000 0.0000 0.0000	</row1>
					<row2>	0.0000 0.0000 1.0000 0.0000	</row2>
					<row3>	-0.4691 0.7269 -0.6722 1.0000	</row3>
				</transform>
			</node>
			<node>
				<identifier>	MP_IM609_VCU_INDEX_1	</identifier>
				<transform>
					<row0>	1.0000 0.0000 0.0000 0.0000	</row0>
					<row1>	0.0000 1.0000 0.0000 0.0000	</row1>
					<row2>	0.0000 0.0000 1.0000 0.0000	</row2>
					<row3>	0.4691 0.7269 -0.6722 1.0000	</row3>
				</transform>
			</node>
			<node>
				<identifier>	MP_IM609_VCU_INDEX_2	</identifier>
				<transform>
					<row0>	1.0000 0.0000 0.0000 0.0000	</row0>
					<row1>	0.0000 1.0000 0.0000 0.0000	</row1>
					<row2>	0.0000 0.0000 1.0000 0.0000	</row2>
					<row3>	-0.1782 0.8459 1.3102 1.0000	</row3>
				</transform>
			</node>
			<node>
				<identifier>	MP_IM609_VCU_INDEX_3	</identifier>
				<transform>
					<row0>	0.0000 0.0000 -1.0000 0.0000	</row0>
					<row1>	0.0000 1.0000 0.0000 0.0000	</row1>
					<row2>	1.0000 0.0000 0.0000 0.0000	</row2>
					<row3>	0.2212 0.8392 0.9109 1.0000	</row3>
				</transform>
			</node>
			<node>
				<identifier>	MP_IM609_VCU_INDEX_4	</identifier>
				<transform>
					<row0>	1.0000 0.0000 0.0000 0.0000	</row0>
					<row1>	0.0000 1.0000 0.0000 0.0000	</row1>
					<row2>	0.0000 0.0000 1.0000 0.0000	</row2>
					<row3>	-0.2160 0.8459 1.2734 1.0000	</row3>
				</transform>
			</node>
			<node>
				<identifier>	MP_IM609_VCU_INDEX_5	</identifier>
				<transform>
					<row0>	0.0000 0.0000 1.0000 0.0000	</row0>
					<row1>	0.0000 1.0000 0.0000 0.0000	</row1>
					<row2>	-1.0000 0.0000 0.0000 0.0000	</row2>
					<row3>	-0.2212 0.8392 0.9109 1.0000	</row3>
				</transform>
			</node>
			<node>
				<identifier>	MP_IM609_VCU_INDEX_6	</identifier>
				<transform>
					<row0>	1.0000 0.0000 0.0000 0.0000	</row0>
					<row1>	0.0000 1.0000 0.0000 0.0000	</row1>
					<row2>	0.0000 0.0000 1.0000 0.0000	</row2>
					<row3>	0.2154 0.8459 1.2734 1.0000	</row3>
				</transform>
			</node>
			<node>
				<identifier>	MP_IM609_VCU_INDEX_7	</identifier>
				<transform>
					<row0>	1.0000 0.0000 0.0000 0.0000	</row0>
					<row1>	0.0000 1.0000 0.0000 0.0000	</row1>
					<row2>	0.0000 0.0000 1.0000 0.0000	</row2>
					<row3>	0.1782 0.8459 1.3102 1.0000	</row3>
				</transform>
			</node>
			<node>
				<identifier>	MP_IM613_Anemometer	</identifier>
				<transform>
					<row0>	1.0000 0.0000 0.0000 0.0000	</row0>
					<row1>	0.0000 1.0000 0.0000 0.0000	</row1>
					<row2>	0.0000 0.0000 1.0000 0.0000	</row2>
					<row3>	0.0000 2.2923 0.9222 1.0000	</row3>
				</transform>
			</node>
			<node>
				<identifier>	MP_IM613_Anemometer_INDEX_1	</identifier>
				<transform>
					<row0>	1.0000 0.0000 0.0000 0.0000	</row0>
					<row1>	0.0000 1.0000 0.0000 0.0000	</row1>
					<row2>	0.0000 0.0000 1.0000 0.0000	</row2>
					<row3>	0.0000 2.1262 0.9846 1.0000	</row3>
				</transform>
			</node>
			<node>
				<identifier>	MP_IM615_Sky_Lookout	</identifier>
				<transform>
					<row0>	-0.1890 0.0000 0.9820 0.0000	</row0>
					<row1>	0.0000 1.0000 0.0000 0.0000	</row1>
					<row2>	-0.9820 0.0000 -0.1890 0.0000	</row2>
					<row3>	-0.5841 0.7117 0.3370 1.0000	</row3>
				</transform>
			</node>
			<node>
				<identifier>	MP_IM615_Sky_Lookout_INDEX_1	</identifier>
				<transform>
					<row0>	0.0000 0.0000 -1.0000 0.0000	</row0>
					<row1>	0.0000 1.0000 0.0000 0.0000	</row1>
					<row2>	1.0000 0.0000 0.0000 0.0000	</row2>
					<row3>	0.4908 0.7018 0.1284 1.0000	</row3>
				</transform>
			</node>
			<node>
				<identifier>	MP_IM615_Sky_Lookout_INDEX_2	</identifier>
				<transform>
					<row0>	0.0000 0.0000 1.0000 0.0000	</row0>
					<row1>	0.0000 1.0000 0.0000 0.0000	</row1>
					<row2>	-1.0000 0.0000 0.0000 0.0000	</row2>
					<row3>	-0.5464 0.7037 0.2713 1.0000	</row3>
				</transform>
			</node>
			<node>
				<identifier>	MP_IM615_Sky_Lookout_INDEX_3	</identifier>
				<transform>
					<row0>	0.5027 0.0000 -0.8645 0.0000	</row0>
					<row1>	0.0000 1.0000 0.0000 0.0000	</row1>
					<row2>	0.8645 0.0000 0.5027 0.0000	</row2>
					<row3>	0.6077 0.7018 0.4084 1.0000	</row3>
				</transform>
			</node>
			<node>
				<identifier>	MP_IM615_Sky_Lookout_INDEX_4	</identifier>
				<transform>
					<row0>	0.2488 0.0000 -0.9686 0.0000	</row0>
					<row1>	0.0000 1.0000 0.0000 0.0000	</row1>
					<row2>	0.9686 0.0000 0.2488 0.0000	</row2>
					<row3>	0.4997 0.7018 0.2083 1.0000	</row3>
				</transform>
			</node>
			<node>
				<identifier>	MP_IM615_Sky_Lookout_INDEX_5	</identifier>
				<transform>
					<row0>	0.0000 0.0000 1.0000 0.0000	</row0>
					<row1>	0.0000 1.0000 0.0000 0.0000	</row1>
					<row2>	-1.0000 0.0000 0.0000 0.0000	</row2>
					<row3>	-0.4908 0.7018 0.1284 1.0000	</row3>
				</transform>
			</node>
			<node>
				<identifier>	MP_IM615_Sky_Lookout_INDEX_6	</identifier>
				<transform>
					<row0>	0.0000 0.0000 -1.0000 0.0000	</row0>
					<row1>	0.0000 1.0000 0.0000 0.0000	</row1>
					<row2>	1.0000 0.0000 0.0000 0.0000	</row2>
					<row3>	0.5464 0.7037 0.2713 1.0000	</row3>
				</transform>
			</node>
			<node>
				<identifier>	MP_IM615_Sky_Lookout_INDEX_7	</identifier>
				<transform>
					<row0>	-0.1890 0.0000 -0.9820 0.0000	</row0>
					<row1>	0.0000 1.0000 0.0000 0.0000	</row1>
					<row2>	0.9820 0.0000 -0.1890 0.0000	</row2>
					<row3>	0.5841 0.7117 0.3370 1.0000	</row3>
				</transform>
			</node>
			<node>
				<identifier>	MP_IM615_Sky_Lookout_INDEX_8	</identifier>
				<transform>
					<row0>	0.5027 0.0000 0.8645 0.0000	</row0>
					<row1>	0.0000 1.0000 0.0000 0.0000	</row1>
					<row2>	-0.8645 0.0000 0.5027 0.0000	</row2>
					<row3>	-0.6077 0.7018 0.4084 1.0000	</row3>
				</transform>
			</node>
			<node>
				<identifier>	MP_IM615_Sky_Lookout_INDEX_9	</identifier>
				<transform>
					<row0>	0.2488 0.0000 0.9686 0.0000	</row0>
					<row1>	0.0000 1.0000 0.0000 0.0000	</row1>
					<row2>	-0.9686 0.0000 0.2488 0.0000	</row2>
					<row3>	-0.4997 0.7018 0.2083 1.0000	</row3>
				</transform>
			</node>
			<node>
				<identifier>	MP_IM617_Compass_Binnacle	</identifier>
				<transform>
					<row0>	-1.0000 0.0000 0.0000 0.0000	</row0>
					<row1>	0.0000 1.0000 0.0000 0.0000	</row1>
					<row2>	0.0000 0.0000 -1.0000 0.0000	</row2>
					<row3>	0.0000 1.1633 0.7162 1.0000	</row3>
				</transform>
			</node>
			<node>
				<identifier>	MP_IM618_Compass_Binnacle	</identifier>
				<transform>
					<row0>	1.0000 0.0000 0.0000 0.0000	</row0>
					<row1>	0.0000 1.0000 0.0000 0.0000	</row1>
					<row2>	0.0000 0.0000 1.0000 0.0000	</row2>
					<row3>	-0.0012 1.3015 1.3295 1.0000	</row3>
				</transform>
			</node>
			<node>
				<identifier>	MP_IM622_Telephone	</identifier>
				<transform>
					<row0>	0.9791 0.0000 -0.2035 0.0000	</row0>
					<row1>	0.0000 1.0000 0.0000 0.0000	</row1>
					<row2>	0.2035 0.0000 0.9791 0.0000	</row2>
					<row3>	-0.4123 0.8289 -0.5855 1.0000	</row3>
				</transform>
			</node>
			<node>
				<identifier>	MP_IM622_Telephone_INDEX_1	</identifier>
				<transform>
					<row0>	1.0000 0.0000 0.0000 0.0000	</row0>
					<row1>	0.0000 1.0000 0.0000 0.0000	</row1>
					<row2>	0.0000 0.0000 1.0000 0.0000	</row2>
					<row3>	-0.0002 1.0615 1.3493 1.0000	</row3>
				</transform>
			</node>
			<node>
				<identifier>	MP_IM622_Telephone_INDEX_2	</identifier>
				<transform>
					<row0>	0.5100 0.0000 0.8602 0.0000	</row0>
					<row1>	0.0000 1.0000 0.0000 0.0000	</row1>
					<row2>	-0.8602 0.0000 0.5100 0.0000	</row2>
					<row3>	-0.1730 1.2342 1.2467 1.0000	</row3>
				</transform>
			</node>
			<node>
				<identifier>	MP_IM622_Telephone_INDEX_3	</identifier>
				<transform>
					<row0>	0.9362 0.0000 0.3513 0.0000	</row0>
					<row1>	0.0000 1.0000 0.0000 0.0000	</row1>
					<row2>	-0.3513 0.0000 0.9362 0.0000	</row2>
					<row3>	0.4281 0.8289 -0.5811 1.0000	</row3>
				</transform>
			</node>
			<node>
				<identifier>	MP_IM622_Telephone_INDEX_4	</identifier>
				<transform>
					<row0>	0.5100 0.0000 -0.8602 0.0000	</row0>
					<row1>	0.0000 1.0000 0.0000 0.0000	</row1>
					<row2>	0.8602 0.0000 0.5100 0.0000	</row2>
					<row3>	0.1732 1.2342 1.2467 1.0000	</row3>
				</transform>
			</node>
			<node>
				<identifier>	MP_IM622_Telephone_INDEX_5	</identifier>
				<transform>
					<row0>	0.8232 0.0000 0.5677 0.0000	</row0>
					<row1>	0.0000 1.0000 0.0000 0.0000	</row1>
					<row2>	-0.5677 0.0000 0.8232 0.0000	</row2>
					<row3>	0.4434 0.8289 -0.5724 1.0000	</row3>
				</transform>
			</node>
			<node>
				<identifier>	MP_IM622_Telephone_INDEX_6	</identifier>
				<transform>
					<row0>	0.9791 0.0000 0.2035 0.0000	</row0>
					<row1>	0.0000 1.0000 0.0000 0.0000	</row1>
					<row2>	-0.2035 0.0000 0.9791 0.0000	</row2>
					<row3>	0.4123 0.8289 -0.5855 1.0000	</row3>
				</transform>
			</node>
			<node>
				<identifier>	MP_IM622_Telephone_INDEX_7	</identifier>
				<transform>
					<row0>	0.9362 0.0000 -0.3513 0.0000	</row0>
					<row1>	0.0000 1.0000 0.0000 0.0000	</row1>
					<row2>	0.3513 0.0000 0.9362 0.0000	</row2>
					<row3>	-0.4281 0.8289 -0.5811 1.0000	</row3>
				</transform>
			</node>
			<node>
				<identifier>	MP_IM622_Telephone_INDEX_8	</identifier>
				<transform>
					<row0>	0.8232 0.0000 -0.5677 0.0000	</row0>
					<row1>	0.0000 1.0000 0.0000 0.0000	</row1>
