<ISD008_Luca_Tarigo_1940_MidFront_ports.visual>
	<node>
		<identifier>	Scene Root	</identifier>
		<transform>
			<row0>	1.0000 0.0000 0.0000 0.0000	</row0>
			<row1>	0.0000 1.0000 0.0000 0.0000	</row1>
			<row2>	0.0000 0.0000 1.0000 0.0000	</row2>
			<row3>	0.0000 0.0000 0.0000 1.0000	</row3>
		</transform>
		<node>
			<identifier>	MidFront_ports	</identifier>
			<transform>
				<row0>	1.0000 0.0000 0.0000 0.0000	</row0>
				<row1>	0.0000 1.0000 0.0000 0.0000	</row1>
				<row2>	0.0000 0.0000 1.0000 0.0000	</row2>
				<row3>	0.0000 0.0000 0.0000 1.0000	</row3>
			</transform>
			<node>
				<identifier>	HP_FX_Death_2	</identifier>
				<transform>
					<row0>	1.0000 0.0000 0.0000 0.0000	</row0>
					<row1>	0.0000 1.0000 0.0000 0.0000	</row1>
					<row2>	0.0000 0.0000 1.0000 0.0000	</row2>
					<row3>	0.0000 0.0000 0.1606 1.0000	</row3>
				</transform>
			</node>
			<node>
				<identifier>	HP_FX_Fire_2	</identifier>
				<transform>
					<row0>	1.0000 0.0000 0.0000 0.0000	</row0>
					<row1>	0.0000 1.0000 0.0000 0.0000	</row1>
					<row2>	0.0000 0.0000 1.0000 0.0000	</row2>
					<row3>	0.0000 0.2665 0.5710 1.0000	</row3>
				</transform>
			</node>
			<node>
				<identifier>	HP_FX_Fire_2_side_1	</identifier>
				<transform>
					<row0>	1.0000 0.0000 0.0000 0.0000	</row0>
					<row1>	0.0000 1.0000 0.0000 0.0000	</row1>
					<row2>	0.0000 0.0000 1.0000 0.0000	</row2>
					<row3>	-0.2263 0.3469 1.5401 1.0000	</row3>
				</transform>
			</node>
			<node>
				<identifier>	HP_FX_Fire_2_side_2	</identifier>
				<transform>
					<row0>	1.0000 0.0000 0.0000 0.0000	</row0>
					<row1>	0.0000 1.0000 0.0000 0.0000	</row1>
					<row2>	0.0000 0.0000 1.0000 0.0000	</row2>
					<row3>	0.2635 0.3510 0.8700 1.0000	</row3>
				</transform>
			</node>
			<node>
				<identifier>	HP_FX_FloodLight_left_2	</identifier>
				<transform>
					<row0>	-1.0000 0.0000 0.0000 0.0000	</row0>
					<row1>	0.0000 1.0000 0.0000 0.0000	</row1>
					<row2>	0.0000 0.0000 -1.0000 0.0000	</row2>
					<row3>	-0.2000 0.4522 1.1888 1.0000	</row3>
				</transform>
			</node>
			<node>
				<identifier>	HP_FX_FloodLight_right_2	</identifier>
				<transform>
					<row0>	1.0000 0.0000 0.0000 0.0000	</row0>
					<row1>	0.0000 1.0000 0.0000 0.0000	</row1>
					<row2>	0.0000 0.0000 1.0000 0.0000	</row2>
					<row3>	0.2010 0.4547 1.1939 1.0000	</row3>
				</transform>
			</node>
			<node>
				<identifier>	HP_FX_Flood_steam_1	</identifier>
				<transform>
					<row0>	1.0000 0.0000 0.0000 0.0000	</row0>
					<row1>	0.0000 0.9825 -0.1861 0.0000	</row1>
					<row2>	0.0000 0.1861 0.9825 0.0000	</row2>
					<row3>	-0.0718 0.9048 0.6634 1.0000	</row3>
				</transform>
			</node>
			<node>
				<identifier>	HP_FX_Flood_steam_2	</identifier>
				<transform>
					<row0>	1.0000 0.0000 0.0000 0.0000	</row0>
					<row1>	0.0000 0.9825 -0.1861 0.0000	</row1>
					<row2>	0.0000 0.1861 0.9825 0.0000	</row2>
					<row3>	0.0725 0.9048 0.6647 1.0000	</row3>
				</transform>
			</node>
			<node>
				<identifier>	HP_FX_Flood_steam_left	</identifier>
				<transform>
					<row0>	-1.0000 0.0000 0.0000 0.0000	</row0>
					<row1>	0.0000 1.0000 0.0000 0.0000	</row1>
					<row2>	0.0000 0.0000 -1.0000 0.0000	</row2>
					<row3>	-0.3160 0.3077 1.5142 1.0000	</row3>
				</transform>
			</node>
			<node>
				<identifier>	HP_FX_Flood_water_left_2	</identifier>
				<transform>
					<row0>	-0.9959 0.0000 0.0902 0.0000	</row0>
					<row1>	0.0000 1.0000 0.0000 0.0000	</row1>
					<row2>	-0.0902 0.0000 -0.9959 0.0000	</row2>
					<row3>	-0.2949 0.0454 1.3330 1.0000	</row3>
				</transform>
			</node>
			<node>
				<identifier>	HP_FX_Flood_water_left_3	</identifier>
				<transform>
					<row0>	-0.9959 0.0000 0.0902 0.0000	</row0>
					<row1>	0.0000 1.0000 0.0000 0.0000	</row1>
					<row2>	-0.0902 0.0000 -0.9959 0.0000	</row2>
					<row3>	-0.2362 0.0448 1.8844 1.0000	</row3>
				</transform>
			</node>
			<node>
				<identifier>	HP_FX_Flood_water_right_2	</identifier>
				<transform>
					<row0>	0.9944 0.0000 0.1054 0.0000	</row0>
					<row1>	0.0000 1.0000 0.0000 0.0000	</row1>
					<row2>	-0.1054 0.0000 0.9944 0.0000	</row2>
					<row3>	0.2940 0.0417 1.3319 1.0000	</row3>
				</transform>
			</node>
			<node>
				<identifier>	HP_FX_Flood_water_right_3	</identifier>
				<transform>
					<row0>	0.9922 0.0000 0.1247 0.0000	</row0>
					<row1>	0.0000 1.0000 0.0000 0.0000	</row1>
					<row2>	-0.1247 0.0000 0.9922 0.0000	</row2>
					<row3>	0.2366 0.0423 1.8846 1.0000	</row3>
				</transform>
			</node>
			<node>
				<identifier>	HP_FX_Smoke_1	</identifier>
				<transform>
					<row0>	1.0000 0.0000 0.0000 0.0000	</row0>
					<row1>	0.0000 0.9905 -0.1372 0.0000	</row1>
					<row2>	0.0000 0.1372 0.9905 0.0000	</row2>
					<row3>	0.0000 0.8891 0.7667 1.0000	</row3>
				</transform>
			</node>
			<node>
				<identifier>	HP_Flagpole	</identifier>
				<transform>
					<row0>	0.0402 -0.0682 -0.4937 0.0000	</row0>
					<row1>	-0.0004 0.4953 -0.0684 0.0000	</row1>
					<row2>	0.4984 0.0058 0.0398 0.0000	</row2>
					<row3>	-0.0107 1.3603 0.8461 1.0000	</row3>
				</transform>
			</node>
			<node>
				<identifier>	HP_ID_1	</identifier>
				<transform>
					<row0>	1.0000 0.0000 0.0000 0.0000	</row0>
					<row1>	0.0000 1.0000 0.0000 0.0000	</row1>
					<row2>	0.0000 0.0000 1.0000 0.0000	</row2>
					<row3>	0.0000 0.7098 1.2891 1.0000	</row3>
				</transform>
			</node>
			<node>
				<identifier>	HP_IGA_1	</identifier>
				<transform>
					<row0>	0.0000 0.0000 1.0000 0.0000	</row0>
					<row1>	0.0000 1.0000 0.0000 0.0000	</row1>
					<row2>	-1.0000 0.0000 0.0000 0.0000	</row2>
					<row3>	-0.1979 0.6524 1.0057 1.0000	</row3>
				</transform>
			</node>
			<node>
				<identifier>	HP_IGA_2	</identifier>
				<transform>
					<row0>	0.0000 0.0000 -1.0000 0.0000	</row0>
					<row1>	0.0000 1.0000 0.0000 0.0000	</row1>
					<row2>	1.0000 0.0000 0.0000 0.0000	</row2>
					<row3>	0.1979 0.6524 1.0057 1.0000	</row3>
				</transform>
			</node>
			<node>
				<identifier>	HP_IGA_3	</identifier>
				<transform>
					<row0>	0.0000 0.0000 1.0000 0.0000	</row0>
					<row1>	0.0000 1.0000 0.0000 0.0000	</row1>
					<row2>	-1.0000 0.0000 0.0000 0.0000	</row2>
					<row3>	-0.2384 0.3429 0.7693 1.0000	</row3>
				</transform>
			</node>
			<node>
				<identifier>	HP_IGA_4	</identifier>
				<transform>
					<row0>	0.0000 0.0000 -1.0000 0.0000	</row0>
					<row1>	0.0000 1.0000 0.0000 0.0000	</row1>
					<row2>	1.0000 0.0000 0.0000 0.0000	</row2>
					<row3>	0.2384 0.3429 0.7693 1.0000	</row3>
				</transform>
			</node>
			<node>
				<identifier>	HP_IGT_1	</identifier>
				<transform>
					<row0>	1.0000 0.0000 0.0000 0.0000	</row0>
					<row1>	0.0000 1.0000 0.0000 0.0000	</row1>
					<row2>	0.0000 0.0000 1.0000 0.0000	</row2>
					<row3>	0.0000 0.2277 0.1096 1.0000	</row3>
				</transform>
			</node>
			<node>
				<identifier>	HP_Ship_death_2	</identifier>
				<transform>
					<row0>	1.0000 0.0000 0.0000 0.0000	</row0>
					<row1>	0.0000 1.0000 0.0000 0.0000	</row1>
					<row2>	0.0000 0.0000 1.0000 0.0000	</row2>
					<row3>	0.0000 0.0000 -0.0400 1.0000	</row3>
				</transform>
			</node>
			<node>
				<identifier>	HP_flag_1	</identifier>
				<transform>
					<row0>	0.9970 0.0777 -0.0052 0.0000	</row0>
					<row1>	-0.0777 0.9882 -0.1323 0.0000	</row1>
					<row2>	-0.0052 0.1323 0.9912 0.0000	</row2>
					<row3>	0.1352 1.2811 0.8663 1.0000	</row3>
				</transform>
			</node>
			<node>
				<identifier>	HP_flag_2	</identifier>
				<transform>
					<row0>	0.9970 -0.0777 0.0052 0.0000	</row0>
					<row1>	0.0777 0.9882 -0.1323 0.0000	</row1>
					<row2>	0.0052 0.1323 0.9912 0.0000	</row2>
					<row3>	-0.1352 1.2811 0.8663 1.0000	</row3>
				</transform>
			</node>
			<node>
				<identifier>	HP_flag_3	</identifier>
				<transform>
					<row0>	0.9942 0.1076 -0.0071 0.0000	</row0>
					<row1>	-0.1076 0.9854 -0.1318 0.0000	</row1>
					<row2>	-0.0071 0.1318 0.9912 0.0000	</row2>
					<row3>	0.1044 1.2811 0.8663 1.0000	</row3>
				</transform>
			</node>
			<node>
				<identifier>	HP_flag_4	</identifier>
				<transform>
					<row0>	0.9942 -0.1076 0.0071 0.0000	</row0>
					<row1>	0.1076 0.9854 -0.1318 0.0000	</row1>
					<row2>	0.0071 0.1318 0.9912 0.0000	</row2>
					<row3>	-0.1044 1.2811 0.8663 1.0000	</row3>
				</transform>
			</node>
			<node>
				<identifier>	HP_flag_courtesy	</identifier>
				<transform>
					<row0>	0.9991 0.0412 -0.0027 0.0000	</row0>
					<row1>	-0.0412 0.9903 -0.1326 0.0000	</row1>
					<row2>	-0.0027 0.1326 0.9912 0.0000	</row2>
					<row3>	0.1707 1.2811 0.8665 1.0000	</row3>
				</transform>
			</node>
			<node>
				<identifier>	HP_flag_house	</identifier>
				<transform>
					<row0>	0.9991 -0.0412 0.0027 0.0000	</row0>
					<row1>	0.0412 0.9903 -0.1326 0.0000	</row1>
					<row2>	0.0027 0.1326 0.9912 0.0000	</row2>
					<row3>	-0.1707 1.2811 0.8665 1.0000	</row3>
				</transform>
			</node>
			<node>
				<identifier>	MP_CM029_Emergency_Box	</identifier>
				<transform>
					<row0>	0.7072 0.0000 0.0000 0.0000	</row0>
					<row1>	0.0000 0.7072 0.0000 0.0000	</row1>
					<row2>	0.0000 0.0000 0.7072 0.0000	</row2>
					<row3>	0.0288 0.7032 1.1091 1.0000	</row3>
				</transform>
			</node>
			<node>
				<identifier>	MP_CM029_Emergency_Box_INDEX_1	</identifier>
				<transform>
					<row0>	-0.8013 0.0000 -0.5983 0.0000	</row0>
					<row1>	0.0000 1.0000 0.0000 0.0000	</row1>
					<row2>	0.5983 0.0000 -0.8013 0.0000	</row2>
					<row3>	-0.0794 0.4286 1.5405 1.0000	</row3>
				</transform>
			</node>
			<node>
				<identifier>	MP_CM029_Emergency_Box_INDEX_2	</identifier>
				<transform>
					<row0>	0.0000 0.0000 1.0000 0.0000	</row0>
					<row1>	0.0000 1.0000 0.0000 0.0000	</row1>
					<row2>	-1.0000 0.0000 0.0000 0.0000	</row2>
					<row3>	0.2043 0.4375 1.0182 1.0000	</row3>
				</transform>
			</node>
			<node>
				<identifier>	MP_CM029_Emergency_Box_INDEX_3	</identifier>
				<transform>
					<row0>	0.0000 0.0000 -1.0000 0.0000	</row0>
					<row1>	0.0000 1.0000 0.0000 0.0000	</row1>
					<row2>	1.0000 0.0000 0.0000 0.0000	</row2>
					<row3>	-0.2043 0.4375 1.0182 1.0000	</row3>
				</transform>
			</node>
			<node>
				<identifier>	MP_CM030_Swab_Rack_2	</identifier>
				<transform>
					<row0>	-1.0000 0.0000 0.0000 0.0000	</row0>
					<row1>	0.0000 1.0000 0.0000 0.0000	</row1>
					<row2>	0.0000 0.0000 -1.0000 0.0000	</row2>
					<row3>	-0.2536 0.1908 0.6327 1.0000	</row3>
				</transform>
			</node>
			<node>
				<identifier>	MP_CM082_Rope	</identifier>
				<transform>
					<row0>	0.0000 0.0000 0.4158 0.0000	</row0>
					<row1>	0.0000 0.4158 0.0000 0.0000	</row1>
					<row2>	-0.4158 0.0000 0.0000 0.0000	</row2>
					<row3>	0.1661 0.7133 0.9425 1.0000	</row3>
				</transform>
			</node>
			<node>
				<identifier>	MP_CM082_Rope_INDEX_1	</identifier>
				<transform>
					<row0>	0.0000 0.0000 0.3351 0.0000	</row0>
					<row1>	0.0000 0.3351 0.0000 0.0000	</row1>
					<row2>	-0.3351 0.0000 0.0000 0.0000	</row2>
					<row3>	0.1735 0.7141 0.9425 1.0000	</row3>
				</transform>
			</node>
			<node>
				<identifier>	MP_CM082_Rope_INDEX_2	</identifier>
				<transform>
					<row0>	0.0000 0.0000 0.3351 0.0000	</row0>
					<row1>	0.0128 -0.3349 0.0000 0.0000	</row1>
					<row2>	0.3349 0.0128 0.0000 0.0000	</row2>
					<row3>	0.1803 0.7062 0.9427 1.0000	</row3>
				</transform>
			</node>
			<node>
				<identifier>	MP_CM082_Rope_INDEX_3	</identifier>
				<transform>
					<row0>	0.0000 0.0000 -0.3011 0.0000	</row0>
					<row1>	-0.0115 -0.3008 0.0000 0.0000	</row1>
					<row2>	-0.3008 0.0115 0.0000 0.0000	</row2>
					<row3>	0.1889 0.7076 0.9427 1.0000	</row3>
				</transform>
			</node>
			<node>
				<identifier>	MP_CM082_Rope_INDEX_4	</identifier>
				<transform>
					<row0>	0.0000 0.0000 0.3011 0.0000	</row0>
					<row1>	0.0115 -0.3008 0.0000 0.0000	</row1>
					<row2>	0.3008 0.0115 0.0000 0.0000	</row2>
					<row3>	-0.1889 0.7076 0.9427 1.0000	</row3>
				</transform>
			</node>
			<node>
				<identifier>	MP_CM082_Rope_INDEX_5	</identifier>
				<transform>
					<row0>	0.0000 0.0000 -0.3351 0.0000	</row0>
					<row1>	-0.0128 -0.3349 0.0000 0.0000	</row1>
					<row2>	-0.3349 0.0128 0.0000 0.0000	</row2>
					<row3>	-0.1803 0.7062 0.9427 1.0000	</row3>
				</transform>
			</node>
			<node>
				<identifier>	MP_CM082_Rope_INDEX_6	</identifier>
				<transform>
					<row0>	0.0000 0.0000 -0.3351 0.0000	</row0>
					<row1>	0.0000 0.3351 0.0000 0.0000	</row1>
					<row2>	0.3351 0.0000 0.0000 0.0000	</row2>
					<row3>	-0.1735 0.7141 0.9425 1.0000	</row3>
				</transform>
			</node>
			<node>
				<identifier>	MP_CM082_Rope_INDEX_7	</identifier>
				<transform>
					<row0>	0.0000 0.0000 -0.4158 0.0000	</row0>
					<row1>	0.0000 0.4158 0.0000 0.0000	</row1>
					<row2>	0.4158 0.0000 0.0000 0.0000	</row2>
					<row3>	-0.1661 0.7133 0.9425 1.0000	</row3>
				</transform>
			</node>
			<node>
				<identifier>	MP_CM082_Rope_INDEX_8	</identifier>
				<transform>
					<row0>	0.0000 0.0000 0.2671 0.0000	</row0>
					<row1>	0.0102 -0.2669 0.0000 0.0000	</row1>
					<row2>	0.2669 0.0102 0.0000 0.0000	</row2>
					<row3>	-0.1939 0.7079 0.9427 1.0000	</row3>
				</transform>
			</node>
			<node>
				<identifier>	MP_CM082_Rope_INDEX_9	</identifier>
				<transform>
					<row0>	0.0000 0.0000 -0.2671 0.0000	</row0>
					<row1>	-0.0102 -0.2669 0.0000 0.0000	</row1>
					<row2>	-0.2669 0.0102 0.0000 0.0000	</row2>
					<row3>	0.1939 0.7079 0.9427 1.0000	</row3>
				</transform>
			</node>
			<node>
				<identifier>	MP_CM112_Fire_Extinguisher	</identifier>
				<transform>
					<row0>	0.5432 0.0000 -0.8396 0.0000	</row0>
					<row1>	0.0000 1.0000 0.0000 0.0000	</row1>
					<row2>	0.8396 0.0000 0.5432 0.0000	</row2>
					<row3>	-0.0334 0.8805 1.0404 1.0000	</row3>
				</transform>
			</node>
			<node>
				<identifier>	MP_CM112_Fire_Extinguisher_INDEX_1	</identifier>
				<transform>
					<row0>	0.5432 0.0000 0.8396 0.0000	</row0>
					<row1>	0.0000 1.0000 0.0000 0.0000	</row1>
					<row2>	-0.8396 0.0000 0.5432 0.0000	</row2>
					<row3>	0.0334 0.8805 1.0404 1.0000	</row3>
				</transform>
			</node>
			<node>
				<identifier>	MP_CM118_Siren	</identifier>
				<transform>
					<row0>	1.0000 0.0000 0.0000 0.0000	</row0>
					<row1>	0.0000 0.9914 -0.1311 0.0000	</row1>
					<row2>	0.0000 0.1311 0.9914 0.0000	</row2>
					<row3>	0.0000 0.8164 0.8904 1.0000	</row3>
				</transform>
			</node>
			<node>
				<identifier>	MP_IM021_Turtle	</identifier>
				<transform>
					<row0>	0.8911 0.0000 -0.4539 0.0000	</row0>
					<row1>	0.0000 1.0000 0.0000 0.0000	</row1>
					<row2>	0.4539 0.0000 0.8911 0.0000	</row2>
					<row3>	0.0612 0.4201 1.5466 1.0000	</row3>
				</transform>
			</node>
			<node>
				<identifier>	MP_IM021_Turtle_INDEX_1	</identifier>
				<transform>
					<row0>	0.8911 0.0000 -0.4539 0.0000	</row0>
					<row1>	0.0000 1.0000 0.0000 0.0000	</row1>
					<row2>	0.4539 0.0000 0.8911 0.0000	</row2>
					<row3>	0.0612 0.4364 1.5466 1.0000	</row3>
				</transform>
			</node>
			<node>
				<identifier>	MP_IM021_Turtle_INDEX_10	</identifier>
				<transform>
					<row0>	0.0000 0.0000 1.0000 0.0000	</row0>
					<row1>	0.0000 1.0000 0.0000 0.0000	</row1>
					<row2>	-1.0000 0.0000 0.0000 0.0000	</row2>
					<row3>	-0.1004 0.6986 1.0696 1.0000	</row3>
				</transform>
			</node>
			<node>
				<identifier>	MP_IM021_Turtle_INDEX_11	</identifier>
				<transform>
					<row0>	0.0000 0.0000 1.0000 0.0000	</row0>
					<row1>	0.0000 1.0000 0.0000 0.0000	</row1>
					<row2>	-1.0000 0.0000 0.0000 0.0000	</row2>
					<row3>	-0.1004 0.7151 1.0696 1.0000	</row3>
				</transform>
			</node>
			<node>
				<identifier>	MP_IM021_Turtle_INDEX_12	</identifier>
				<transform>
					<row0>	-1.0000 0.0000 0.0000 0.0000	</row0>
					<row1>	0.0000 1.0000 0.0000 0.0000	</row1>
					<row2>	0.0000 0.0000 -1.0000 0.0000	</row2>
					<row3>	-0.1468 0.4109 0.9838 1.0000	</row3>
				</transform>
			</node>
			<node>
				<identifier>	MP_IM021_Turtle_INDEX_13	</identifier>
				<transform>
					<row0>	-1.0000 0.0000 0.0000 0.0000	</row0>
					<row1>	0.0000 1.0000 0.0000 0.0000	</row1>
					<row2>	0.0000 0.0000 -1.0000 0.0000	</row2>
					<row3>	-0.1468 0.4277 0.9838 1.0000	</row3>
				</transform>
			</node>
			<node>
				<identifier>	MP_IM021_Turtle_INDEX_14	</identifier>
				<transform>
					<row0>	-1.0000 0.0000 0.0000 0.0000	</row0>
					<row1>	0.0000 1.0000 0.0000 0.0000	</row1>
					<row2>	0.0000 0.0000 -1.0000 0.0000	</row2>
					<row3>	-0.1468 0.4451 0.9838 1.0000	</row3>
				</transform>
			</node>
			<node>
				<identifier>	MP_IM021_Turtle_INDEX_15	</identifier>
				<transform>
					<row0>	-1.0000 0.0000 0.0000 0.0000	</row0>
					<row1>	0.0000 1.0000 0.0000 0.0000	</row1>
					<row2>	0.0000 0.0000 -1.0000 0.0000	</row2>
					<row3>	-0.1251 0.4451 0.9838 1.0000	</row3>
				</transform>
			</node>
			<node>
				<identifier>	MP_IM021_Turtle_INDEX_16	</identifier>
				<transform>
					<row0>	-1.0000 0.0000 0.0000 0.0000	</row0>
					<row1>	0.0000 1.0000 0.0000 0.0000	</row1>
					<row2>	0.0000 0.0000 -1.0000 0.0000	</row2>
					<row3>	-0.1251 0.4277 0.9838 1.0000	</row3>
				</transform>
			</node>
			<node>
				<identifier>	MP_IM021_Turtle_INDEX_17	</identifier>
				<transform>
					<row0>	-1.0000 0.0000 0.0000 0.0000	</row0>
					<row1>	0.0000 1.0000 0.0000 0.0000	</row1>
					<row2>	0.0000 0.0000 -1.0000 0.0000	</row2>
					<row3>	-0.1251 0.4109 0.9838 1.0000	</row3>
				</transform>
			</node>
			<node>
				<identifier>	MP_IM021_Turtle_INDEX_18	</identifier>
				<transform>
					<row0>	-1.0000 0.0000 0.0000 0.0000	</row0>
					<row1>	0.0000 1.0000 0.0000 0.0000	</row1>
					<row2>	0.0000 0.0000 -1.0000 0.0000	</row2>
					<row3>	0.1251 0.4451 0.9838 1.0000	</row3>
				</transform>
			</node>
			<node>
				<identifier>	MP_IM021_Turtle_INDEX_19	</identifier>
				<transform>
					<row0>	-1.0000 0.0000 0.0000 0.0000	</row0>
					<row1>	0.0000 1.0000 0.0000 0.0000	</row1>
					<row2>	0.0000 0.0000 -1.0000 0.0000	</row2>
					<row3>	0.1251 0.4277 0.9838 1.0000	</row3>
				</transform>
			</node>
			<node>
				<identifier>	MP_IM021_Turtle_INDEX_2	</identifier>
				<transform>
					<row0>	0.8911 0.0000 -0.4539 0.0000	</row0>
					<row1>	0.0000 1.0000 0.0000 0.0000	</row1>
					<row2>	0.4539 0.0000 0.8911 0.0000	</row2>
					<row3>	0.0612 0.4536 1.5466 1.0000	</row3>
				</transform>
			</node>
			<node>
				<identifier>	MP_IM021_Turtle_INDEX_20	</identifier>
				<transform>
					<row0>	-1.0000 0.0000 0.0000 0.0000	</row0>
					<row1>	0.0000 1.0000 0.0000 0.0000	</row1>
					<row2>	0.0000 0.0000 -1.0000 0.0000	</row2>
					<row3>	0.1251 0.4109 0.9838 1.0000	</row3>
				</transform>
			</node>
			<node>
				<identifier>	MP_IM021_Turtle_INDEX_21	</identifier>
				<transform>
					<row0>	-1.0000 0.0000 0.0000 0.0000	</row0>
					<row1>	0.0000 1.0000 0.0000 0.0000	</row1>
					<row2>	0.0000 0.0000 -1.0000 0.0000	</row2>
					<row3>	0.1468 0.4451 0.9838 1.0000	</row3>
				</transform>
			</node>
			<node>
				<identifier>	MP_IM021_Turtle_INDEX_22	</identifier>
				<transform>
					<row0>	-1.0000 0.0000 0.0000 0.0000	</row0>
					<row1>	0.0000 1.0000 0.0000 0.0000	</row1>
					<row2>	0.0000 0.0000 -1.0000 0.0000	</row2>
					<row3>	0.1468 0.4277 0.9838 1.0000	</row3>
				</transform>
			</node>
			<node>
				<identifier>	MP_IM021_Turtle_INDEX_23	</identifier>
				<transform>
					<row0>	-1.0000 0.0000 0.0000 0.0000	</row0>
					<row1>	0.0000 1.0000 0.0000 0.0000	</row1>
					<row2>	0.0000 0.0000 -1.0000 0.0000	</row2>
					<row3>	0.1468 0.4109 0.9838 1.0000	</row3>
				</transform>
			</node>
			<node>
				<identifier>	MP_IM021_Turtle_INDEX_24	</identifier>
				<transform>
					<row0>	-1.0000 0.0000 0.0000 0.0000	</row0>
					<row1>	0.0000 1.0000 0.0000 0.0000	</row1>
					<row2>	0.0000 0.0000 -1.0000 0.0000	</row2>
					<row3>	-0.0416 0.3108 0.4799 1.0000	</row3>
				</transform>
			</node>
			<node>
				<identifier>	MP_IM021_Turtle_INDEX_25	</identifier>
				<transform>
					<row0>	-1.0000 0.0000 0.0000 0.0000	</row0>
					<row1>	0.0000 1.0000 0.0000 0.0000	</row1>
					<row2>	0.0000 0.0000 -1.0000 0.0000	</row2>
					<row3>	-0.0416 0.2945 0.4799 1.0000	</row3>
				</transform>
			</node>
			<node>
				<identifier>	MP_IM021_Turtle_INDEX_26	</identifier>
				<transform>
					<row0>	-1.0000 0.0000 0.0000 0.0000	</row0>
					<row1>	0.0000 1.0000 0.0000 0.0000	</row1>
					<row2>	0.0000 0.0000 -1.0000 0.0000	</row2>
					<row3>	-0.0416 0.2775 0.4799 1.0000	</row3>
				</transform>
			</node>
			<node>
				<identifier>	MP_IM021_Turtle_INDEX_27	</identifier>
				<transform>
					<row0>	-1.0000 0.0000 0.0000 0.0000	</row0>
					<row1>	0.0000 1.0000 0.0000 0.0000	</row1>
					<row2>	0.0000 0.0000 -1.0000 0.0000	</row2>
					<row3>	-0.0249 0.2775 0.4799 1.0000	</row3>
				</transform>
			</node>
			<node>
				<identifier>	MP_IM021_Turtle_INDEX_28	</identifier>
				<transform>
					<row0>	-1.0000 0.0000 0.0000 0.0000	</row0>
					<row1>	0.0000 1.0000 0.0000 0.0000	</row1>
					<row2>	0.0000 0.0000 -1.0000 0.0000	</row2>
					<row3>	-0.0249 0.2945 0.4799 1.0000	</row3>
				</transform>
			</node>
			<node>
				<identifier>	MP_IM021_Turtle_INDEX_3	</identifier>
				<transform>
					<row0>	0.9392 0.0000 -0.3433 0.0000	</row0>
					<row1>	0.0000 1.0000 0.0000 0.0000	</row1>
					<row2>	0.3433 0.0000 0.9392 0.0000	</row2>
					<row3>	0.0416 0.4536 1.5550 1.0000	</row3>
				</transform>
			</node>
			<node>
				<identifier>	MP_IM021_Turtle_INDEX_4	</identifier>
				<transform>
					<row0>	0.9392 0.0000 -0.3433 0.0000	</row0>
					<row1>	0.0000 1.0000 0.0000 0.0000	</row1>
					<row2>	0.3433 0.0000 0.9392 0.0000	</row2>
					<row3>	0.0416 0.4364 1.5550 1.0000	</row3>
				</transform>
			</node>
			<node>
				<identifier>	MP_IM021_Turtle_INDEX_5	</identifier>
				<transform>
					<row0>	0.9392 0.0000 -0.3433 0.0000	</row0>
					<row1>	0.0000 1.0000 0.0000 0.0000	</row1>
					<row2>	0.3433 0.0000 0.9392 0.0000	</row2>
					<row3>	0.0416 0.4201 1.5550 1.0000	</row3>
				</transform>
			</node>
			<node>
				<identifier>	MP_IM021_Turtle_INDEX_6	</identifier>
				<transform>
					<row0>	0.0000 0.0000 -1.0000 0.0000	</row0>
					<row1>	0.0000 1.0000 0.0000 0.0000	</row1>
					<row2>	1.0000 0.0000 0.0000 0.0000	</row2>
					<row3>	0.1004 0.7151 1.0696 1.0000	</row3>
				</transform>
			</node>
			<node>
				<identifier>	MP_IM021_Turtle_INDEX_7	</identifier>
				<transform>
					<row0>	0.0000 0.0000 -1.0000 0.0000	</row0>
					<row1>	0.0000 1.0000 0.0000 0.0000	</row1>
					<row2>	1.0000 0.0000 0.0000 0.0000	</row2>
					<row3>	0.1004 0.6986 1.0696 1.0000	</row3>
				</transform>
			</node>
			<node>
				<identifier>	MP_IM021_Turtle_INDEX_8	</identifier>
				<transform>
					<row0>	0.0000 0.0000 -1.0000 0.0000	</row0>
					<row1>	0.0000 1.0000 0.0000 0.0000	</row1>
					<row2>	1.0000 0.0000 0.0000 0.0000	</row2>
					<row3>	0.1004 0.6806 1.0696 1.0000	</row3>
				</transform>
			</node>
			<node>
				<identifier>	MP_IM021_Turtle_INDEX_9	</identifier>
				<transform>
					<row0>	0.0000 0.0000 1.0000 0.0000	</row0>
					<row1>	0.0000 1.0000 0.0000 0.0000	</row1>
					<row2>	-1.0000 0.0000 0.0000 0.0000	</row2>
					<row3>	-0.1004 0.6806 1.0696 1.0000	</row3>
				</transform>
			</node>
			<node>
				<identifier>	MP_IM026_Reels	</identifier>
				<transform>
					<row0>	0.7689 -0.0227 -0.2199 0.0000	</row0>
					<row1>	0.0218 0.7997 -0.0062 0.0000	</row1>
					<row2>	0.2199 0.0000 0.7692 0.0000	</row2>
					<row3>	0.0539 0.3636 2.0536 1.0000	</row3>
				</transform>
			</node>
			<node>
				<identifier>	MP_IM026_Reels_INDEX_1	</identifier>
				<transform>
					<row0>	0.7034 -0.0394 -0.3790 0.0000	</row0>
					<row1>	0.0347 0.7990 -0.0187 0.0000	</row1>
					<row2>	0.3795 0.0000 0.7043 0.0000	</row2>
					<row3>	0.1325 0.3606 2.1574 1.0000	</row3>
				</transform>
			</node>
			<node>
				<identifier>	MP_IM026_Reels_INDEX_2	</identifier>
				<transform>
					<row0>	0.7034 0.0394 0.3790 0.0000	</row0>
					<row1>	-0.0347 0.7990 -0.0187 0.0000	</row1>
					<row2>	-0.3795 0.0000 0.7043 0.0000	</row2>
					<row3>	-0.1325 0.3606 2.1574 1.0000	</row3>
				</transform>
			</node>
			<node>
				<identifier>	MP_IM026_Reels_INDEX_3	</identifier>
				<transform>
					<row0>	0.7689 0.0227 0.2199 0.0000	</row0>
					<row1>	-0.0218 0.7997 -0.0062 0.0000	</row1>
					<row2>	-0.2199 0.0000 0.7692 0.0000	</row2>
					<row3>	-0.0539 0.3636 2.0536 1.0000	</row3>
				</transform>
			</node>
			<node>
				<identifier>	MP_IM028_Boat_Crane	</identifier>
				<transform>
					<row0>	0.9059 -0.0065 0.4234 0.0000	</row0>
					<row1>	0.2653 0.7881 -0.5554 0.0000	</row1>
					<row2>	-0.3301 0.6155 0.7157 0.0000	</row2>
					<row3>	0.1375 0.4317 1.4541 1.0000	</row3>
				</transform>
			</node>
			<node>
				<identifier>	MP_IM031_Fire_Fighting	</identifier>
				<transform>
					<row0>	1.0000 0.0000 0.0000 0.0000	</row0>
					<row1>	0.0000 1.0000 0.0000 0.0000	</row1>
					<row2>	0.0000 0.0000 1.0000 0.0000	</row2>
					<row3>	0.0352 0.6512 1.1267 1.0000	</row3>
				</transform>
			</node>
			<node>
				<identifier>	MP_IM031_Fire_Fighting_INDEX_1	</identifier>
				<transform>
					<row0>	1.0000 0.0000 0.0000 0.0000	</row0>
					<row1>	0.0000 1.0000 0.0000 0.0000	</row1>
					<row2>	0.0000 0.0000 1.0000 0.0000	</row2>
					<row3>	-0.0125 0.3536 1.5746 1.0000	</row3>
				</transform>
			</node>
			<node>
				<identifier>	MP_IM031_Fire_Fighting_INDEX_2	</identifier>
				<transform>
					<row0>	1.0000 0.0000 0.0000 0.0000	</row0>
					<row1>	0.0000 1.0000 0.0000 0.0000	</row1>
					<row2>	0.0000 0.0000 1.0000 0.0000	</row2>
					<row3>	0.0198 0.2213 0.4715 1.0000	</row3>
				</transform>
			</node>
			<node>
				<identifier>	MP_IM031_Fire_Fighting_INDEX_3	</identifier>
				<transform>
					<row0>	0.9989 0.0474 0.0000 0.0000	</row0>
					<row1>	-0.0474 0.9989 0.0000 0.0000	</row1>
					<row2>	0.0000 0.0000 1.0000 0.0000	</row2>
					<row3>	-0.0207 0.3746 2.3828 1.0000	</row3>
				</transform>
			</node>
			<node>
				<identifier>	MP_IM032_Fire_Hose	</identifier>
				<transform>
					<row0>	1.0000 0.0000 0.0000 0.0000	</row0>
					<row1>	0.0000 1.0000 0.0000 0.0000	</row1>
					<row2>	0.0000 0.0000 1.0000 0.0000	</row2>
					<row3>	-0.0292 0.6772 1.1189 1.0000	</row3>
				</transform>
			</node>
			<node>
				<identifier>	MP_IM032_Fire_Hose_INDEX_1	</identifier>
				<transform>
					<row0>	0.8911 0.0000 -0.4539 0.0000	</row0>
					<row1>	0.0000 1.0000 0.0000 0.0000	</row1>
					<row2>	0.4539 0.0000 0.8911 0.0000	</row2>
					<row3>	0.0612 0.3797 1.5491 1.0000	</row3>
				</transform>
			</node>
			<node>
				<identifier>	MP_IM032_Fire_Hose_INDEX_2	</identifier>
				<transform>
					<row0>	-1.0000 0.0000 0.0000 0.0000	</row0>
					<row1>	0.0000 1.0000 0.0000 0.0000	</row1>
					<row2>	0.0000 0.0000 -1.0000 0.0000	</row2>
					<row3>	0.0567 0.2789 0.4770 1.0000	</row3>
				</transform>
			</node>
			<node>
				<identifier>	MP_IM032_Fire_Hose_INDEX_3	</identifier>
				<transform>
					<row0>	-0.8248 -0.0065 -0.5654 0.0000	</row0>
					<row1>	-0.1269 0.9766 0.1739 0.0000	</row1>
					<row2>	0.5510 0.2151 -0.8063 0.0000	</row2>
					<row3>	-0.2618 0.3895 2.0147 1.0000	</row3>
				</transform>
			</node>
			<node>
				<identifier>	MP_IM033_Life_Buoy	</identifier>
				<transform>
					<row0>	-0.0040 0.0000 1.0000 0.0000	</row0>
					<row1>	0.0000 1.0000 0.0000 0.0000	</row1>
					<row2>	-1.0000 0.0000 -0.0040 0.0000	</row2>
					<row3>	0.3226 0.4066 1.1384 1.0000	</row3>
				</transform>
			</node>
			<node>
				<identifier>	MP_IM033_Life_Buoy_INDEX_1	</identifier>
				<transform>
					<row0>	-0.0040 0.0000 -1.0000 0.0000	</row0>
					<row1>	0.0000 1.0000 0.0000 0.0000	</row1>
					<row2>	1.0000 0.0000 -0.0040 0.0000	</row2>
					<row3>	-0.3226 0.4066 1.1384 1.0000	</row3>
				</transform>
			</node>
			<node>
				<identifier>	MP_IM500_Life_Boat	</identifier>
				<transform>
					<row0>	0.0000 0.1249 1.1663 0.0000	</row0>
					<row1>	1.1730 0.0000 0.0000 0.0000	</row1>
					<row2>	0.0000 1.1663 -0.1249 0.0000	</row2>
					<row3>	0.0879 0.5232 0.8068 1.0000	</row3>
				</transform>
			</node>
			<node>
				<identifier>	MP_IM500_Life_Boat_INDEX_1	</identifier>
				<transform>
					<row0>	0.0000 -0.1249 -1.1663 0.0000	</row0>
					<row1>	-1.1730 0.0000 0.0000 0.0000	</row1>
					<row2>	0.0000 1.1663 -0.1249 0.0000	</row2>
					<row3>	-0.0879 0.5232 0.8068 1.0000	</row3>
				</transform>
			</node>
			<node>
				<identifier>	MP_IM528_Zatterino_3_5m	</identifier>
				<transform>
					<row0>	0.0000 0.0556 0.9985 0.0000	</row0>
					<row1>	0.0000 0.9985 -0.0556 0.0000	</row1>
					<row2>	-1.0000 0.0000 0.0000 0.0000	</row2>
					<row3>	0.0000 0.3871 2.3165 1.0000	</row3>
				</transform>
			</node>
			<node>
				<identifier>	MP_IM541_Baltello_3_83m	</identifier>
				<transform>
					<row0>	0.9940 -0.0886 0.0647 0.0000	</row0>
					<row1>	0.0887 0.9961 0.0000 0.0000	</row1>
					<row2>	-0.0645 0.0057 0.9979 0.0000	</row2>
					<row3>	0.2046 0.3682 1.7471 1.0000	</row3>
				</transform>
			</node>
			<node>
				<identifier>	MP_IM600_Pelorus	</identifier>
				<transform>
					<row0>	1.0000 0.0000 0.0000 0.0000	</row0>
					<row1>	0.0000 1.0000 0.0000 0.0000	</row1>
					<row2>	0.0000 0.0000 1.0000 0.0000	</row2>
					<row3>	-0.0294 0.5118 1.4443 1.0000	</row3>
				</transform>
			</node>
			<node>
				<identifier>	MP_IM608_Antenna	</identifier>
				<transform>
					<row0>	1.0000 0.0000 0.0000 0.0000	</row0>
					<row1>	0.0000 1.0000 0.0000 0.0000	</row1>
					<row2>	0.0000 0.0000 1.0000 0.0000	</row2>
					<row3>	0.0000 0.6515 1.5467 1.0000	</row3>
				</transform>
			</node>
			<node>
				<identifier>	MP_IM614_Night_Director	</identifier>
				<transform>
					<row0>	0.0000 0.0000 -1.0000 0.0000	</row0>
					<row1>	0.0000 1.0000 0.0000 0.0000	</row1>
					<row2>	1.0000 0.0000 0.0000 0.0000	</row2>
					<row3>	0.1980 0.5109 1.0818 1.0000	</row3>
				</transform>
			</node>
			<node>
				<identifier>	MP_IM614_Night_Director_INDEX_1	</identifier>
				<transform>
					<row0>	0.0000 0.0000 1.0000 0.0000	</row0>
					<row1>	0.0000 1.0000 0.0000 0.0000	</row1>
					<row2>	-1.0000 0.0000 0.0000 0.0000	</row2>
					<row3>	-0.1980 0.5109 1.0818 1.0000	</row3>
				</transform>
			</node>
			<node>
				<identifier>	MP_IM620_Telegraph_Engine_L	</identifier>
				<transform>
					<row0>	0.0000 0.0000 -1.0000 0.0000	</row0>
					<row1>	0.0000 1.0000 0.0000 0.0000	</row1>
					<row2>	1.0000 0.0000 0.0000 0.0000	</row2>
					<row3>	-0.0445 0.5092 1.4742 1.0000	</row3>
				</transform>
			</node>
			<node>
				<identifier>	MP_IM621_Telegraph_Engine_R	</identifier>
				<transform>
					<row0>	0.0000 0.0000 1.0000 0.0000	</row0>
					<row1>	0.0000 1.0000 0.0000 0.0000	</row1>
					<row2>	-1.0000 0.0000 0.0000 0.0000	</row2>
					<row3>	0.0430 0.5092 1.4742 1.0000	</row3>
				</transform>
			</node>
			<node>
				<identifier>	MP_IM622_Telephone	</identifier>
				<transform>
					<row0>	0.0000 0.0000 1.0000 0.0000	</row0>
					<row1>	0.0000 1.0000 0.0000 0.0000	</row1>
					<row2>	-1.0000 0.0000 0.0000 0.0000	</row2>
					<row3>	0.1316 0.5914 1.0254 1.0000	</row3>
				</transform>
			</node>
			<node>
				<identifier>	MP_IM622_Telephone_INDEX_1	</identifier>
				<transform>
					<row0>	0.0000 0.0000 -1.0000 0.0000	</row0>
					<row1>	0.0000 1.0000 0.0000 0.0000	</row1>
					<row2>	1.0000 0.0000 0.0000 0.0000	</row2>
					<row3>	-0.1316 0.5914 1.0254 1.0000	</row3>
				</transform>
			</node>
			<node>
				<identifier>	MP_IM622_Telephone_INDEX_10	</identifier>
				<transform>
					<row0>	0.7294 0.0000 -0.6841 0.0000	</row0>
					<row1>	0.0000 1.0000 0.0000 0.0000	</row1>
					<row2>	0.6841 0.0000 0.7294 0.0000	</row2>
					<row3>	0.0668 0.8967 1.0123 1.0000	</row3>
				</transform>
			</node>
			<node>
				<identifier>	MP_IM622_Telephone_INDEX_11	</identifier>
				<transform>
					<row0>	0.7294 0.0000 0.6841 0.0000	</row0>
					<row1>	0.0000 1.0000 0.0000 0.0000	</row1>
					<row2>	-0.6841 0.0000 0.7294 0.0000	</row2>
					<row3>	-0.0668 0.8967 1.0123 1.0000	</row3>
				</transform>
			</node>
			<node>
				<identifier>	MP_IM622_Telephone_INDEX_2	</identifier>
				<transform>
					<row0>	1.0000 0.0000 0.0000 0.0000	</row0>
					<row1>	0.0000 1.0000 0.0000 0.0000	</row1>
					<row2>	0.0000 0.0000 1.0000 0.0000	</row2>
					<row3>	-0.0226 0.7137 1.1102 1.0000	</row3>
				</transform>
			</node>
			<node>
				<identifier>	MP_IM622_Telephone_INDEX_3	</identifier>
				<transform>
					<row0>	0.4272 0.0000 -0.9042 0.0000	</row0>
					<row1>	0.0000 1.0000 0.0000 0.0000	</row1>
					<row2>	0.9042 0.0000 0.4272 0.0000	</row2>
					<row3>	0.1085 0.5752 1.4750 1.0000	</row3>
				</transform>
			</node>
			<node>
				<identifier>	MP_IM622_Telephone_INDEX_4	</identifier>
				<transform>
					<row0>	0.4272 0.0000 -0.9042 0.0000	</row0>
					<row1>	0.0000 1.0000 0.0000 0.0000	</row1>
					<row2>	0.9042 0.0000 0.4272 0.0000	</row2>
					<row3>	0.1492 0.5752 1.3892 1.0000	</row3>
				</transform>
			</node>
			<node>
				<identifier>	MP_IM622_Telephone_INDEX_5	</identifier>
				<transform>
					<row0>	0.4272 0.0000 -0.9042 0.0000	</row0>
					<row1>	0.0000 1.0000 0.0000 0.0000	</row1>
					<row2>	0.9042 0.0000 0.4272 0.0000	</row2>
					<row3>	0.1386 0.5752 1.4114 1.0000	</row3>
				</transform>
			</node>
			<node>
				<identifier>	MP_IM622_Telephone_INDEX_6	</identifier>
				<transform>
					<row0>	0.4272 0.0000 0.9042 0.0000	</row0>
					<row1>	0.0000 1.0000 0.0000 0.0000	</row1>
					<row2>	-0.9042 0.0000 0.4272 0.0000	</row2>
					<row3>	-0.1277 0.5752 1.4348 1.0000	</row3>
				</transform>
			</node>
			<node>
				<identifier>	MP_IM622_Telephone_INDEX_7	</identifier>
				<transform>
					<row0>	0.4272 0.0000 0.9042 0.0000	</row0>
					<row1>	0.0000 1.0000 0.0000 0.0000	</row1>
					<row2>	-0.9042 0.0000 0.4272 0.0000	</row2>
					<row3>	-0.1117 0.5752 1.4686 1.0000	</row3>
				</transform>
			</node>
			<node>
				<identifier>	MP_IM622_Telephone_INDEX_8	</identifier>
				<transform>
					<row0>	1.0000 0.0000 0.0000 0.0000	</row0>
					<row1>	0.0000 1.0000 0.0000 0.0000	</row1>
					<row2>	0.0000 0.0000 1.0000 0.0000	</row2>
					<row3>	-0.0188 0.8967 1.0497 1.0000	</row3>
				</transform>
			</node>
			<node>
				<identifier>	MP_IM622_Telephone_INDEX_9	</identifier>
				<transform>
					<row0>	1.0000 0.0000 0.0000 0.0000	</row0>
					<row1>	0.0000 1.0000 0.0000 0.0000	</row1>
					<row2>	0.0000 0.0000 1.0000 0.0000	</row2>
					<row3>	-0.0025 0.8967 1.0497 1.0000	</row3>
				</transform>
			</node>
			<node>
				<identifier>	MP_IM623_Voice_Tube	</identifier>
				<transform>
					<row0>	1.0000 0.0000 0.0000 0.0000	</row0>
					<row1>	0.0000 1.0000 0.0000 0.0000	</row1>
					<row2>	0.0000 0.0000 1.0000 0.0000	</row2>
					<row3>	0.0451 0.8375 1.0279 1.0000	</row3>
				</transform>
			</node>
			<node>
				<identifier>	MP_IM623_Voice_Tube_INDEX_1	</identifier>
				<transform>
					<row0>	0.4128 0.0000 -0.9108 0.0000	</row0>
					<row1>	0.0000 1.0000 0.0000 0.0000	</row1>
					<row2>	0.9108 0.0000 0.4128 0.0000	</row2>
					<row3>	0.1100 0.5104 1.4455 1.0000	</row3>
				</transform>
			</node>
			<node>
				<identifier>	MP_IM623_Voice_Tube_INDEX_2	</identifier>
				<transform>
					<row0>	0.4124 0.0000 0.9110 0.0000	</row0>
					<row1>	0.0000 1.0000 0.0000 0.0000	</row1>
					<row2>	-0.9110 0.0000 0.4124 0.0000	</row2>
					<row3>	-0.1100 0.5104 1.4455 1.0000	</row3>
				</transform>
			</node>
			<node>
				<identifier>	MP_IM623_Voice_Tube_INDEX_3	</identifier>
				<transform>
					<row0>	0.4411 0.0000 -0.8974 0.0000	</row0>
					<row1>	0.0000 1.0000 0.0000 0.0000	</row1>
					<row2>	0.8974 0.0000 0.4411 0.0000	</row2>
					<row3>	0.1185 0.5104 1.4285 1.0000	</row3>
				</transform>
			</node>
			<node>
				<identifier>	MP_IM623_Voice_Tube_INDEX_4	</identifier>
				<transform>
					<row0>	-0.7681 0.0000 -0.6403 0.0000	</row0>
					<row1>	0.0000 1.0000 0.0000 0.0000	</row1>
					<row2>	0.6403 0.0000 -0.7681 0.0000	</row2>
					<row3>	-0.0659 0.3543 1.5702 1.0000	</row3>
				</transform>
			</node>
			<node>
				<identifier>	MP_IM624_Compass	</identifier>
				<transform>
					<row0>	1.0000 0.0000 0.0000 0.0000	</row0>
					<row1>	0.0000 1.0000 0.0000 0.0000	</row1>
					<row2>	0.0000 0.0000 1.0000 0.0000	</row2>
					<row3>	0.0000 0.5100 1.4843 1.0000	</row3>
				</transform>
			</node>
			<node>
				<identifier>	MP_IM625_Loading_Machine	</identifier>
				<transform>
					<row0>	-1.0000 0.0000 0.0000 0.0000	</row0>
					<row1>	0.0000 1.0000 0.0000 0.0000	</row1>
					<row2>	0.0000 0.0000 -1.0000 0.0000	</row2>
					<row3>	0.0000 0.3675 0.4893 1.0000	</row3>
				</transform>
			</node>
			<node>
				<identifier>	MP_IM627_Steering_Wheel	</identifier>
				<transform>
					<row0>	1.0000 0.0000 0.0000 0.0000	</row0>
					<row1>	0.0000 1.0000 0.0000 0.0000	</row1>
					<row2>	0.0000 0.0000 1.0000 0.0000	</row2>
					<row3>	0.0132 0.5100 1.4491 1.0000	</row3>
				</transform>
			</node>
			<node>
				<identifier>	MP_IM701_Ammunition_Box_65mm	</identifier>
				<transform>
					<row0>	0.6743 -0.0580 0.0000 0.0000	</row0>
					<row1>	0.0580 0.6743 0.0000 0.0000	</row1>
					<row2>	0.0000 0.0000 0.6768 0.0000	</row2>
					<row3>	0.1854 0.3425 0.6457 1.0000	</row3>
				</transform>
			</node>
			<node>
				<identifier>	MP_IM701_Ammunition_Box_65mm_INDEX_1	</identifier>
				<transform>
					<row0>	0.6743 0.0580 0.0000 0.0000	</row0>
					<row1>	-0.0580 0.6743 0.0000 0.0000	</row1>
					<row2>	0.0000 0.0000 0.6768 0.0000	</row2>
					<row3>	-0.1854 0.3425 0.6457 1.0000	</row3>
				</transform>
			</node>
			<node>
				<identifier>	MP_IM703_Ammunition_Box	</identifier>
				<transform>
					<row0>	0.0000 0.0000 1.0000 0.0000	</row0>
					<row1>	0.0000 1.0000 0.0000 0.0000	</row1>
					<row2>	-1.0000 0.0000 0.0000 0.0000	</row2>
					<row3>	0.1296 0.1946 0.6625 1.0000	</row3>
				</transform>
			</node>
			<node>
				<identifier>	MP_IM704_Ammunition_Box	</identifier>
				<transform>
					<row0>	0.0000 0.0000 0.7481 0.0000	</row0>
					<row1>	0.0000 1.0000 0.0000 0.0000	</row1>
					<row2>	-1.0000 0.0000 0.0000 0.0000	</row2>
					<row3>	0.1308 0.3445 0.7834 1.0000	</row3>
				</transform>
			</node>
			<node>
				<identifier>	MP_IM704_Ammunition_Box_INDEX_1	</identifier>
				<transform>
					<row0>	0.0000 0.0000 -0.7481 0.0000	</row0>
					<row1>	0.0000 1.0000 0.0000 0.0000	</row1>
					<row2>	1.0000 0.0000 0.0000 0.0000	</row2>
					<row3>	-0.1308 0.3445 0.7834 1.0000	</row3>
				</transform>
			</node>
			<node>
				<identifier>	MP_IM704_Ammunition_Box_INDEX_2	</identifier>
				<transform>
					<row0>	0.0000 0.0000 0.7481 0.0000	</row0>
					<row1>	0.0000 1.0000 0.0000 0.0000	</row1>
					<row2>	-1.0000 0.0000 0.0000 0.0000	</row2>
					<row3>	0.1238 0.1964 0.7834 1.0000	</row3>
				</transform>
			</node>
			<node>
				<identifier>	MP_IM750_hatch	</identifier>
				<transform>
					<row0>	1.0000 0.0000 0.0000 0.0000	</row0>
					<row1>	0.0000 1.0000 0.0000 0.0000	</row1>
					<row2>	0.0000 0.0000 1.0000 0.0000	</row2>
					<row3>	0.0885 0.2204 0.3267 1.0000	</row3>
				</transform>
			</node>
			<node>
				<identifier>	MP_IM750_hatch_INDEX_1	</identifier>
				<transform>
					<row0>	1.0000 0.0000 0.0000 0.0000	</row0>
					<row1>	0.0000 1.0000 0.0000 0.0000	</row1>
					<row2>	0.0000 0.0000 1.0000 0.0000	</row2>
					<row3>	-0.2287 0.3608 2.3081 1.0000	</row3>
				</transform>
			</node>
			<node>
				<identifier>	MP_IM750_hatch_INDEX_2	</identifier>
				<transform>
					<row0>	1.0000 0.0000 0.0000 0.0000	</row0>
					<row1>	0.0000 1.0000 0.0000 0.0000	</row1>
					<row2>	0.0000 0.0000 1.0000 0.0000	</row2>
					<row3>	-0.1452 0.1953 0.4670 1.0000	</row3>
				</transform>
			</node>
			<node>
				<identifier>	MP_IM750_hatch_INDEX_3	</identifier>
				<transform>
					<row0>	1.0000 0.0000 0.0000 0.0000	</row0>
					<row1>	0.0000 1.0000 0.0000 0.0000	</row1>
					<row2>	0.0000 0.0000 1.0000 0.0000	</row2>
					<row3>	0.1452 0.1949 0.4670 1.0000	</row3>
				</transform>
			</node>
			<node>
				<identifier>	MP_IM750_hatch_INDEX_4	</identifier>
				<transform>
					<row0>	1.0000 0.0000 0.0000 0.0000	</row0>
					<row1>	0.0000 1.0000 0.0000 0.0000	</row1>
