<FSA001_Bearn_1936_MidFront_ports.visual>
	<node>
		<identifier>	Scene Root	</identifier>
		<transform>
			<row0>	1.0000 0.0000 0.0000 0.0000	</row0>
			<row1>	0.0000 1.0000 0.0000 0.0000	</row1>
			<row2>	0.0000 0.0000 1.0000 0.0000	</row2>
			<row3>	0.0000 0.0000 0.0000 1.0000	</row3>
		</transform>
		<node>
			<identifier>	MidFront_ports	</identifier>
			<transform>
				<row0>	1.0000 0.0000 0.0000 0.0000	</row0>
				<row1>	0.0000 1.0000 0.0000 0.0000	</row1>
				<row2>	0.0000 0.0000 1.0000 0.0000	</row2>
				<row3>	0.0000 0.0000 0.0000 1.0000	</row3>
			</transform>
			<node>
				<identifier>	HP_DeckLand	</identifier>
				<transform>
					<row0>	1.0000 0.0000 0.0000 0.0000	</row0>
					<row1>	0.0000 1.0000 0.0000 0.0000	</row1>
					<row2>	0.0000 0.0000 1.0000 0.0000	</row2>
					<row3>	0.0000 1.1192 -6.4782 1.0000	</row3>
				</transform>
			</node>
			<node>
				<identifier>	HP_DeckStart	</identifier>
				<transform>
					<row0>	1.0000 0.0000 0.0000 0.0000	</row0>
					<row1>	0.0000 1.0000 0.0000 0.0000	</row1>
					<row2>	0.0000 0.0000 1.0000 0.0000	</row2>
					<row3>	0.0000 1.0443 2.5997 1.0000	</row3>
				</transform>
			</node>
			<node>
				<identifier>	HP_DisappearPoint	</identifier>
				<transform>
					<row0>	1.0000 0.0000 0.0000 0.0000	</row0>
					<row1>	0.0000 1.0000 0.0000 0.0000	</row1>
					<row2>	0.0000 0.0000 1.0000 0.0000	</row2>
					<row3>	0.0000 1.0355 -5.5525 1.0000	</row3>
				</transform>
			</node>
			<node>
				<identifier>	HP_FD_1	</identifier>
				<transform>
					<row0>	1.0000 0.0000 0.0000 0.0000	</row0>
					<row1>	0.0000 1.0000 0.0000 0.0000	</row1>
					<row2>	0.0000 0.0000 1.0000 0.0000	</row2>
					<row3>	1.0131 1.5000 2.4046 1.0000	</row3>
				</transform>
			</node>
			<node>
				<identifier>	HP_FF_1	</identifier>
				<transform>
					<row0>	0.0000 0.0000 1.0000 0.0000	</row0>
					<row1>	0.0000 1.0000 0.0000 0.0000	</row1>
					<row2>	-1.0000 0.0000 0.0000 0.0000	</row2>
					<row3>	-0.9069 0.9230 2.6883 1.0000	</row3>
				</transform>
			</node>
			<node>
				<identifier>	HP_FGA_1	</identifier>
				<transform>
					<row0>	0.2588 0.0000 0.9659 0.0000	</row0>
					<row1>	0.0000 1.0000 0.0000 0.0000	</row1>
					<row2>	-0.9659 0.0000 0.2588 0.0000	</row2>
					<row3>	-0.7827 0.7798 3.3889 1.0000	</row3>
				</transform>
			</node>
			<node>
				<identifier>	HP_FGA_2	</identifier>
				<transform>
					<row0>	0.5736 0.0000 -0.8192 0.0000	</row0>
					<row1>	0.0000 1.0000 0.0000 0.0000	</row1>
					<row2>	0.8192 0.0000 0.5736 0.0000	</row2>
					<row3>	0.7827 0.7798 3.3889 1.0000	</row3>
				</transform>
			</node>
			<node>
				<identifier>	HP_FGA_3	</identifier>
				<transform>
					<row0>	0.2588 0.0000 0.9659 0.0000	</row0>
					<row1>	0.0000 1.0000 0.0000 0.0000	</row1>
					<row2>	-0.9659 0.0000 0.2588 0.0000	</row2>
					<row3>	-0.8213 0.7798 2.9887 1.0000	</row3>
				</transform>
			</node>
			<node>
				<identifier>	HP_FGA_4	</identifier>
				<transform>
					<row0>	0.5736 0.0000 -0.8192 0.0000	</row0>
					<row1>	0.0000 1.0000 0.0000 0.0000	</row1>
					<row2>	0.8192 0.0000 0.5736 0.0000	</row2>
					<row3>	0.8213 0.7798 2.9887 1.0000	</row3>
				</transform>
			</node>
			<node>
				<identifier>	HP_FGA_5	</identifier>
				<transform>
					<row0>	0.8660 0.0000 -0.5000 0.0000	</row0>
					<row1>	0.0000 1.0000 0.0000 0.0000	</row1>
					<row2>	0.5000 0.0000 0.8660 0.0000	</row2>
					<row3>	0.9644 0.8778 2.7415 1.0000	</row3>
				</transform>
			</node>
			<node>
				<identifier>	HP_FGA_6	</identifier>
				<transform>
					<row0>	0.1736 0.0000 0.9848 0.0000	</row0>
					<row1>	0.0000 1.0000 0.0000 0.0000	</row1>
					<row2>	-0.9848 0.0000 0.1736 0.0000	</row2>
					<row3>	-0.9635 0.7391 2.7202 1.0000	</row3>
				</transform>
			</node>
			<node>
				<identifier>	HP_FGA_7	</identifier>
				<transform>
					<row0>	0.8660 0.0000 -0.5000 0.0000	</row0>
					<row1>	0.0000 1.0000 0.0000 0.0000	</row1>
					<row2>	0.5000 0.0000 0.8660 0.0000	</row2>
					<row3>	1.0712 0.8778 2.5551 1.0000	</row3>
				</transform>
			</node>
			<node>
				<identifier>	HP_FGA_8	</identifier>
				<transform>
					<row0>	0.1736 0.0000 0.9848 0.0000	</row0>
					<row1>	0.0000 1.0000 0.0000 0.0000	</row1>
					<row2>	-0.9848 0.0000 0.1736 0.0000	</row2>
					<row3>	-0.9688 0.7391 2.4863 1.0000	</row3>
				</transform>
			</node>
			<node>
				<identifier>	HP_FGS_1	</identifier>
				<transform>
					<row0>	1.0000 0.0000 0.0000 0.0000	</row0>
					<row1>	0.0000 1.0000 0.0000 0.0000	</row1>
					<row2>	0.0000 0.0000 1.0000 0.0000	</row2>
					<row3>	-0.5215 0.6206 4.1427 1.0000	</row3>
				</transform>
			</node>
			<node>
				<identifier>	HP_FGS_2	</identifier>
				<transform>
					<row0>	1.0000 0.0000 0.0000 0.0000	</row0>
					<row1>	0.0000 1.0000 0.0000 0.0000	</row1>
					<row2>	0.0000 0.0000 1.0000 0.0000	</row2>
					<row3>	0.5215 0.6206 4.1427 1.0000	</row3>
				</transform>
			</node>
			<node>
				<identifier>	HP_FGS_3	</identifier>
				<transform>
					<row0>	0.9659 0.0000 0.2588 0.0000	</row0>
					<row1>	0.0000 1.0000 0.0000 0.0000	</row1>
					<row2>	-0.2588 0.0000 0.9659 0.0000	</row2>
					<row3>	-0.6342 0.6206 3.7966 1.0000	</row3>
				</transform>
			</node>
			<node>
				<identifier>	HP_FGS_4	</identifier>
				<transform>
					<row0>	0.9659 0.0000 -0.2588 0.0000	</row0>
					<row1>	0.0000 1.0000 0.0000 0.0000	</row1>
					<row2>	0.2588 0.0000 0.9659 0.0000	</row2>
					<row3>	0.6342 0.6206 3.7966 1.0000	</row3>
				</transform>
			</node>
			<node>
				<identifier>	HP_FX_Death_2	</identifier>
				<transform>
					<row0>	1.0000 0.0000 0.0000 0.0000	</row0>
					<row1>	0.0000 1.0000 0.0000 0.0000	</row1>
					<row2>	0.0000 0.0000 1.0000 0.0000	</row2>
					<row3>	0.0000 0.0000 0.3187 1.0000	</row3>
				</transform>
			</node>
			<node>
				<identifier>	HP_FX_Fire_2	</identifier>
				<transform>
					<row0>	0.8899 0.3047 -0.3396 0.0000	</row0>
					<row1>	-0.3239 0.9461 0.0000 0.0000	</row1>
					<row2>	0.3213 0.1100 0.9406 0.0000	</row2>
					<row3>	-0.4083 1.0067 1.8501 1.0000	</row3>
				</transform>
			</node>
			<node>
				<identifier>	HP_FX_Fire_2_side_1	</identifier>
				<transform>
					<row0>	1.0000 0.0000 0.0000 0.0000	</row0>
					<row1>	0.0000 1.0000 0.0000 0.0000	</row1>
					<row2>	0.0000 0.0000 1.0000 0.0000	</row2>
					<row3>	0.5602 1.0439 2.3621 1.0000	</row3>
				</transform>
			</node>
			<node>
				<identifier>	HP_FX_Fire_2_side_2	</identifier>
				<transform>
					<row0>	1.0000 0.0000 0.0000 0.0000	</row0>
					<row1>	0.0000 1.0000 0.0000 0.0000	</row1>
					<row2>	0.0000 0.0000 1.0000 0.0000	</row2>
					<row3>	-1.0491 0.9714 0.6591 1.0000	</row3>
				</transform>
			</node>
			<node>
				<identifier>	HP_FX_FloodLight_left_2	</identifier>
				<transform>
					<row0>	-1.0000 0.0000 0.0000 0.0000	</row0>
					<row1>	0.0000 1.0000 0.0000 0.0000	</row1>
					<row2>	0.0000 0.0000 -1.0000 0.0000	</row2>
					<row3>	0.8882 1.6160 1.6560 1.0000	</row3>
				</transform>
			</node>
			<node>
				<identifier>	HP_FX_FloodLight_right_2	</identifier>
				<transform>
					<row0>	1.0000 0.0000 0.0000 0.0000	</row0>
					<row1>	0.0000 1.0000 0.0000 0.0000	</row1>
					<row2>	0.0000 0.0000 1.0000 0.0000	</row2>
					<row3>	1.1140 1.6160 1.6560 1.0000	</row3>
				</transform>
			</node>
			<node>
				<identifier>	HP_FX_Flood_steam_1	</identifier>
				<transform>
					<row0>	1.0000 -0.0023 0.0000 0.0000	</row0>
					<row1>	0.0023 1.0000 0.0000 0.0000	</row1>
					<row2>	0.0000 0.0000 1.0000 0.0000	</row2>
					<row3>	0.9970 1.9740 1.9620 1.0000	</row3>
				</transform>
			</node>
			<node>
				<identifier>	HP_FX_Flood_steam_2	</identifier>
				<transform>
					<row0>	1.0000 -0.0023 0.0000 0.0000	</row0>
					<row1>	0.0023 1.0000 0.0000 0.0000	</row1>
					<row2>	0.0000 0.0000 1.0000 0.0000	</row2>
					<row3>	0.9970 1.9740 1.3270 1.0000	</row3>
				</transform>
			</node>
			<node>
				<identifier>	HP_FX_Flood_steam_left	</identifier>
				<transform>
					<row0>	-0.9989 0.0000 0.0468 0.0000	</row0>
					<row1>	0.0000 1.0000 0.0000 0.0000	</row1>
					<row2>	-0.0468 0.0000 -0.9989 0.0000	</row2>
					<row3>	-0.8988 0.9986 0.9527 1.0000	</row3>
				</transform>
			</node>
			<node>
				<identifier>	HP_FX_Flood_water_left_2	</identifier>
				<transform>
					<row0>	-0.9625 -0.2711 0.0000 0.0000	</row0>
					<row1>	-0.2711 0.9625 0.0000 0.0000	</row1>
					<row2>	0.0000 0.0000 -1.0000 0.0000	</row2>
					<row3>	-0.7764 0.1673 2.5814 1.0000	</row3>
				</transform>
			</node>
			<node>
				<identifier>	HP_FX_Flood_water_right_2	</identifier>
				<transform>
					<row0>	0.9744 -0.1485 0.1691 0.0000	</row0>
					<row1>	0.1506 0.9886 0.0000 0.0000	</row1>
					<row2>	-0.1671 0.0255 0.9856 0.0000	</row2>
					<row3>	0.7778 0.1675 2.5809 1.0000	</row3>
				</transform>
			</node>
			<node>
				<identifier>	HP_FX_Smoke_1	</identifier>
				<transform>
					<row0>	1.0000 0.0000 0.0000 0.0000	</row0>
					<row1>	0.0000 1.0000 0.0000 0.0000	</row1>
					<row2>	0.0000 0.0000 1.0000 0.0000	</row2>
					<row3>	1.0009 1.9526 1.8773 1.0000	</row3>
				</transform>
			</node>
			<node>
				<identifier>	HP_FX_Smoke_2	</identifier>
				<transform>
					<row0>	1.0000 0.0000 0.0000 0.0000	</row0>
					<row1>	0.0000 1.0000 0.0000 0.0000	</row1>
					<row2>	0.0000 0.0000 1.0000 0.0000	</row2>
					<row3>	1.0009 1.9565 1.4598 1.0000	</row3>
				</transform>
			</node>
			<node>
				<identifier>	HP_Flagpole	</identifier>
				<transform>
					<row0>	0.7441 0.0000 0.0000 0.0000	</row0>
					<row1>	0.0000 0.7441 0.0000 0.0000	</row1>
					<row2>	0.0000 0.0000 0.7441 0.0000	</row2>
					<row3>	0.9048 2.6868 2.1962 1.0000	</row3>
				</transform>
			</node>
			<node>
				<identifier>	HP_LiftOffPoint	</identifier>
				<transform>
					<row0>	1.0000 0.0000 0.0000 0.0000	</row0>
					<row1>	0.0000 1.0000 0.0000 0.0000	</row1>
					<row2>	0.0000 0.0000 1.0000 0.0000	</row2>
					<row3>	0.0000 1.0393 6.0192 1.0000	</row3>
				</transform>
			</node>
			<node>
				<identifier>	HP_flag_1	</identifier>
				<transform>
					<row0>	0.9550 -0.2966 0.0088 0.0000	</row0>
					<row1>	0.2966 0.9533 -0.0576 0.0000	</row1>
					<row2>	0.0088 0.0576 0.9983 0.0000	</row2>
					<row3>	1.3040 2.3846 2.2138 1.0000	</row3>
				</transform>
			</node>
			<node>
				<identifier>	HP_flag_2	</identifier>
				<transform>
					<row0>	0.9979 0.0653 -0.0020 0.0000	</row0>
					<row1>	-0.0653 0.9961 -0.0599 0.0000	</row1>
					<row2>	-0.0020 0.0599 0.9982 0.0000	</row2>
					<row3>	1.0148 2.3827 2.2144 1.0000	</row3>
				</transform>
			</node>
			<node>
				<identifier>	HP_flag_3	</identifier>
				<transform>
					<row0>	0.9845 -0.1752 0.0053 0.0000	</row0>
					<row1>	0.1752 0.9827 -0.0594 0.0000	</row1>
					<row2>	0.0053 0.0594 0.9982 0.0000	</row2>
					<row3>	1.2039 2.3833 2.2131 1.0000	</row3>
				</transform>
			</node>
			<node>
				<identifier>	HP_flag_4	</identifier>
				<transform>
					<row0>	0.9986 -0.0530 0.0016 0.0000	</row0>
					<row1>	0.0530 0.9968 -0.0599 0.0000	</row1>
					<row2>	0.0016 0.0599 0.9982 0.0000	</row2>
					<row3>	1.1080 2.3827 2.2134 1.0000	</row3>
				</transform>
			</node>
			<node>
				<identifier>	HP_flag_courtesy	</identifier>
				<transform>
					<row0>	0.9932 0.1161 0.0037 0.0000	</row0>
					<row1>	-0.1161 0.9912 0.0637 0.0000	</row1>
					<row2>	0.0037 -0.0637 0.9980 0.0000	</row2>
					<row3>	1.0213 2.6009 2.1937 1.0000	</row3>
				</transform>
			</node>
			<node>
				<identifier>	HP_flag_house	</identifier>
				<transform>
					<row0>	0.9992 0.0396 -0.0002 0.0000	</row0>
					<row1>	-0.0396 0.9992 -0.0080 0.0000	</row1>
					<row2>	-0.0002 0.0080 1.0000 0.0000	</row2>
					<row3>	0.8129 2.5997 2.2049 1.0000	</row3>
				</transform>
			</node>
		</node>
	</node>
	<boundingBox>
		<min>	-0.0667 -0.0667 -0.0667	</min>
		<max>	0.0667 0.0667 0.0667	</max>
	</boundingBox>
</FSA001_Bearn_1936_MidFront_ports.visual>
