<GSD027_Karl_von_Schonberg_1944_MidFront_ports.visual>
	<node>
		<identifier>	Scene Root	</identifier>
		<transform>
			<row0>	1.0000 0.0000 0.0000 0.0000	</row0>
			<row1>	0.0000 1.0000 0.0000 0.0000	</row1>
			<row2>	0.0000 0.0000 1.0000 0.0000	</row2>
			<row3>	0.0000 0.0000 0.0000 1.0000	</row3>
		</transform>
		<node>
			<identifier>	MidFront_ports	</identifier>
			<transform>
				<row0>	1.0000 0.0000 0.0000 0.0000	</row0>
				<row1>	0.0000 1.0000 0.0000 0.0000	</row1>
				<row2>	0.0000 0.0000 1.0000 0.0000	</row2>
				<row3>	0.0000 0.0000 0.0000 1.0000	</row3>
			</transform>
			<node>
				<identifier>	HP_FX_Death_1	</identifier>
				<transform>
					<row0>	1.0000 0.0000 0.0000 0.0000	</row0>
					<row1>	0.0000 1.0000 0.0000 0.0000	</row1>
					<row2>	0.0000 0.0000 1.0000 0.0000	</row2>
					<row3>	0.0000 0.0000 2.5811 1.0000	</row3>
				</transform>
			</node>
			<node>
				<identifier>	HP_FX_Death_2	</identifier>
				<transform>
					<row0>	1.0000 0.0000 0.0000 0.0000	</row0>
					<row1>	0.0000 1.0000 0.0000 0.0000	</row1>
					<row2>	0.0000 0.0000 1.0000 0.0000	</row2>
					<row3>	0.0000 0.0000 0.0814 1.0000	</row3>
				</transform>
			</node>
			<node>
				<identifier>	HP_FX_Fire_2	</identifier>
				<transform>
					<row0>	1.0000 0.0000 0.0000 0.0000	</row0>
					<row1>	0.0000 1.0000 0.0000 0.0000	</row1>
					<row2>	0.0000 0.0000 1.0000 0.0000	</row2>
					<row3>	0.0000 0.1611 0.7303 1.0000	</row3>
				</transform>
			</node>
			<node>
				<identifier>	HP_FX_Fire_2_side_1	</identifier>
				<transform>
					<row0>	1.0000 0.0000 0.0000 0.0000	</row0>
					<row1>	0.0000 1.0000 0.0000 0.0000	</row1>
					<row2>	0.0000 0.0000 1.0000 0.0000	</row2>
					<row3>	-0.2313 0.2966 2.3491 1.0000	</row3>
				</transform>
			</node>
			<node>
				<identifier>	HP_FX_Fire_2_side_2	</identifier>
				<transform>
					<row0>	1.0000 0.0000 0.0000 0.0000	</row0>
					<row1>	0.0000 1.0000 0.0000 0.0000	</row1>
					<row2>	0.0000 0.0000 1.0000 0.0000	</row2>
					<row3>	0.2354 0.4793 1.1249 1.0000	</row3>
				</transform>
			</node>
			<node>
				<identifier>	HP_FX_Fire_2_side_3	</identifier>
				<transform>
					<row0>	1.0000 0.0000 0.0000 0.0000	</row0>
					<row1>	0.0000 1.0000 0.0000 0.0000	</row1>
					<row2>	0.0000 0.0000 1.0000 0.0000	</row2>
					<row3>	-0.2205 0.1445 -0.4815 1.0000	</row3>
				</transform>
			</node>
			<node>
				<identifier>	HP_FX_FloodLight_left_1	</identifier>
				<transform>
					<row0>	-1.0000 0.0000 0.0000 0.0000	</row0>
					<row1>	0.0000 1.0000 0.0000 0.0000	</row1>
					<row2>	0.0000 0.0000 -1.0000 0.0000	</row2>
					<row3>	-0.0940 0.5680 0.1910 1.0000	</row3>
				</transform>
			</node>
			<node>
				<identifier>	HP_FX_FloodLight_left_2	</identifier>
				<transform>
					<row0>	-1.0000 0.0000 0.0000 0.0000	</row0>
					<row1>	0.0000 1.0000 0.0000 0.0000	</row1>
					<row2>	0.0000 0.0000 -1.0000 0.0000	</row2>
					<row3>	-0.1320 0.4220 2.2270 1.0000	</row3>
				</transform>
			</node>
			<node>
				<identifier>	HP_FX_FloodLight_right_1	</identifier>
				<transform>
					<row0>	1.0000 0.0000 0.0000 0.0000	</row0>
					<row1>	0.0000 1.0000 0.0000 0.0000	</row1>
					<row2>	0.0000 0.0000 1.0000 0.0000	</row2>
					<row3>	0.0940 0.5680 0.1910 1.0000	</row3>
				</transform>
			</node>
			<node>
				<identifier>	HP_FX_FloodLight_right_2	</identifier>
				<transform>
					<row0>	1.0000 0.0000 0.0000 0.0000	</row0>
					<row1>	0.0000 1.0000 0.0000 0.0000	</row1>
					<row2>	0.0000 0.0000 1.0000 0.0000	</row2>
					<row3>	0.1320 0.4220 2.2270 1.0000	</row3>
				</transform>
			</node>
			<node>
				<identifier>	HP_FX_Flood_steam_1	</identifier>
				<transform>
					<row0>	0.8770 0.4805 0.0000 0.0000	</row0>
					<row1>	-0.4805 0.8770 0.0000 0.0000	</row1>
					<row2>	0.0000 0.0000 1.0000 0.0000	</row2>
					<row3>	-0.0210 0.7980 0.8410 1.0000	</row3>
				</transform>
			</node>
			<node>
				<identifier>	HP_FX_Flood_steam_2	</identifier>
				<transform>
					<row0>	1.0000 0.0000 0.0000 0.0000	</row0>
					<row1>	0.0000 0.9999 -0.0169 0.0000	</row1>
					<row2>	0.0000 0.0169 0.9999 0.0000	</row2>
					<row3>	0.0000 0.7345 0.2086 1.0000	</row3>
				</transform>
			</node>
			<node>
				<identifier>	HP_FX_Flood_steam_exhausted	</identifier>
				<transform>
					<row0>	0.8770 -0.4805 0.0000 0.0000	</row0>
					<row1>	0.4805 0.8770 0.0000 0.0000	</row1>
					<row2>	0.0000 0.0000 1.0000 0.0000	</row2>
					<row3>	-0.0210 0.7980 0.8410 1.0000	</row3>
				</transform>
			</node>
			<node>
				<identifier>	HP_FX_Flood_steam_left	</identifier>
				<transform>
					<row0>	-1.0000 0.0000 0.0000 0.0000	</row0>
					<row1>	0.0000 1.0000 0.0000 0.0000	</row1>
					<row2>	0.0000 0.0000 -1.0000 0.0000	</row2>
					<row3>	-0.3280 0.2500 1.8470 1.0000	</row3>
				</transform>
			</node>
			<node>
				<identifier>	HP_FX_Flood_water_left	</identifier>
				<transform>
					<row0>	-1.0000 0.0000 0.0000 0.0000	</row0>
					<row1>	0.0000 1.0000 0.0000 0.0000	</row1>
					<row2>	0.0000 0.0000 -1.0000 0.0000	</row2>
					<row3>	-0.3716 0.0354 -0.7980 1.0000	</row3>
				</transform>
			</node>
			<node>
				<identifier>	HP_FX_Flood_water_left_2	</identifier>
				<transform>
					<row0>	-1.0000 0.0000 0.0000 0.0000	</row0>
					<row1>	0.0000 1.0000 0.0000 0.0000	</row1>
					<row2>	0.0000 0.0000 -1.0000 0.0000	</row2>
					<row3>	-0.3011 0.0360 1.7429 1.0000	</row3>
				</transform>
			</node>
			<node>
				<identifier>	HP_FX_Flood_water_right	</identifier>
				<transform>
					<row0>	1.0000 0.0000 0.0000 0.0000	</row0>
					<row1>	0.0000 1.0000 0.0000 0.0000	</row1>
					<row2>	0.0000 0.0000 1.0000 0.0000	</row2>
					<row3>	0.3738 0.0354 -0.7985 1.0000	</row3>
				</transform>
			</node>
			<node>
				<identifier>	HP_FX_Flood_water_right_2	</identifier>
				<transform>
					<row0>	1.0000 0.0000 0.0000 0.0000	</row0>
					<row1>	0.0000 1.0000 0.0000 0.0000	</row1>
					<row2>	0.0000 0.0000 1.0000 0.0000	</row2>
					<row3>	0.3010 0.0357 1.7434 1.0000	</row3>
				</transform>
			</node>
			<node>
				<identifier>	HP_FX_RepairLight_left_1	</identifier>
				<transform>
					<row0>	0.0063 0.0000 1.0000 0.0000	</row0>
					<row1>	0.0000 1.0000 0.0000 0.0000	</row1>
					<row2>	-1.0000 0.0000 0.0063 0.0000	</row2>
					<row3>	-0.3318 0.2944 2.0742 1.0000	</row3>
				</transform>
			</node>
			<node>
				<identifier>	HP_FX_RepairLight_right_1	</identifier>
				<transform>
					<row0>	0.0063 0.0000 -1.0000 0.0000	</row0>
					<row1>	0.0000 1.0000 0.0000 0.0000	</row1>
					<row2>	1.0000 0.0000 0.0063 0.0000	</row2>
					<row3>	0.3343 0.2928 1.6859 1.0000	</row3>
				</transform>
			</node>
			<node>
				<identifier>	HP_FX_Smoke_1	</identifier>
				<transform>
					<row0>	1.0000 0.0000 0.0000 0.0000	</row0>
					<row1>	0.0000 0.9921 -0.1260 0.0000	</row1>
					<row2>	0.0000 0.1260 0.9921 0.0000	</row2>
					<row3>	0.0000 0.8306 1.0253 1.0000	</row3>
				</transform>
			</node>
			<node>
				<identifier>	HP_FX_Smoke_2	</identifier>
				<transform>
					<row0>	1.0000 0.0000 0.0000 0.0000	</row0>
					<row1>	0.0000 0.9978 -0.0669 0.0000	</row1>
					<row2>	0.0000 0.0669 0.9978 0.0000	</row2>
					<row3>	0.0000 0.7158 0.1651 1.0000	</row3>
				</transform>
			</node>
			<node>
				<identifier>	HP_Flagpole	</identifier>
				<transform>
					<row0>	0.3673 0.0000 0.0000 0.0000	</row0>
					<row1>	0.0000 0.3655 -0.0362 0.0000	</row1>
					<row2>	0.0000 0.0362 0.3655 0.0000	</row2>
					<row3>	0.0000 1.9012 1.4357 1.0000	</row3>
				</transform>
			</node>
			<node>
				<identifier>	HP_GD_1	</identifier>
				<transform>
					<row0>	1.0000 0.0000 0.0000 0.0000	</row0>
					<row1>	0.0000 1.0000 0.0000 0.0000	</row1>
					<row2>	0.0000 0.0000 1.0000 0.0000	</row2>
					<row3>	0.0000 0.6859 2.0338 1.0000	</row3>
				</transform>
			</node>
			<node>
				<identifier>	HP_GD_2	</identifier>
				<transform>
					<row0>	0.0000 0.0000 1.0000 0.0000	</row0>
					<row1>	0.0000 1.0000 0.0000 0.0000	</row1>
					<row2>	-1.0000 0.0000 0.0000 0.0000	</row2>
					<row3>	-0.2680 0.4715 2.0089 1.0000	</row3>
				</transform>
			</node>
			<node>
				<identifier>	HP_GD_3	</identifier>
				<transform>
					<row0>	0.0000 0.0000 -1.0000 0.0000	</row0>
					<row1>	0.0000 1.0000 0.0000 0.0000	</row1>
					<row2>	1.0000 0.0000 0.0000 0.0000	</row2>
					<row3>	0.2680 0.4715 2.0089 1.0000	</row3>
				</transform>
			</node>
			<node>
				<identifier>	HP_GF_1	</identifier>
				<transform>
					<row0>	1.0000 0.0000 0.0000 0.0000	</row0>
					<row1>	0.0000 1.0000 0.0000 0.0000	</row1>
					<row2>	0.0000 0.0000 1.0000 0.0000	</row2>
					<row3>	0.0000 0.7050 1.8598 1.0000	</row3>
				</transform>
			</node>
			<node>
				<identifier>	HP_GGA_1	</identifier>
				<transform>
					<row0>	1.0000 0.0000 0.0000 0.0000	</row0>
					<row1>	0.0000 1.0000 0.0000 0.0000	</row1>
					<row2>	0.0000 0.0000 1.0000 0.0000	</row2>
					<row3>	0.0000 0.5369 2.1969 1.0000	</row3>
				</transform>
			</node>
			<node>
				<identifier>	HP_GGA_2	</identifier>
				<transform>
					<row0>	0.3420 0.0000 0.9397 0.0000	</row0>
					<row1>	0.0000 1.0000 0.0000 0.0000	</row1>
					<row2>	-0.9397 0.0000 0.3420 0.0000	</row2>
					<row3>	-0.2457 0.4738 1.8620 1.0000	</row3>
				</transform>
			</node>
			<node>
				<identifier>	HP_GGA_3	</identifier>
				<transform>
					<row0>	0.3420 0.0000 -0.9397 0.0000	</row0>
					<row1>	0.0000 1.0000 0.0000 0.0000	</row1>
					<row2>	0.9397 0.0000 0.3420 0.0000	</row2>
					<row3>	0.2457 0.4738 1.8620 1.0000	</row3>
				</transform>
			</node>
			<node>
				<identifier>	HP_GGA_4	</identifier>
				<transform>
					<row0>	0.0000 0.0000 1.0000 0.0000	</row0>
					<row1>	0.0000 1.0000 0.0000 0.0000	</row1>
					<row2>	-1.0000 0.0000 0.0000 0.0000	</row2>
					<row3>	-0.2250 0.3161 -0.0797 1.0000	</row3>
				</transform>
			</node>
			<node>
				<identifier>	HP_GGA_5	</identifier>
				<transform>
					<row0>	0.0000 0.0000 -1.0000 0.0000	</row0>
					<row1>	0.0000 1.0000 0.0000 0.0000	</row1>
					<row2>	1.0000 0.0000 0.0000 0.0000	</row2>
					<row3>	0.2250 0.3161 -0.0797 1.0000	</row3>
				</transform>
			</node>
			<node>
				<identifier>	HP_GGM_2	</identifier>
				<transform>
					<row0>	1.0000 0.0000 0.0000 0.0000	</row0>
					<row1>	0.0000 1.0000 0.0000 0.0000	</row1>
					<row2>	0.0000 0.0000 1.0000 0.0000	</row2>
					<row3>	0.0000 0.4762 2.5286 1.0000	</row3>
				</transform>
			</node>
			<node>
				<identifier>	HP_GGT_1	</identifier>
				<transform>
					<row0>	1.0000 0.0000 0.0000 0.0000	</row0>
					<row1>	0.0000 1.0000 0.0000 0.0000	</row1>
					<row2>	0.0000 0.0000 1.0000 0.0000	</row2>
					<row3>	0.0000 0.1824 -0.7343 1.0000	</row3>
				</transform>
			</node>
			<node>
				<identifier>	HP_GRS_1	</identifier>
				<transform>
					<row0>	1.0000 0.0000 0.0000 0.0000	</row0>
					<row1>	0.0000 1.0000 0.0000 0.0000	</row1>
					<row2>	0.0000 0.0000 1.0000 0.0000	</row2>
					<row3>	0.0000 0.8242 1.7201 1.0000	</row3>
				</transform>
			</node>
			<node>
				<identifier>	HP_flag_1	</identifier>
				<transform>
					<row0>	0.9989 -0.0473 0.0051 0.0000	</row0>
					<row1>	0.0473 0.9760 -0.2125 0.0000	</row1>
					<row2>	0.0051 0.2125 0.9771 0.0000	</row2>
					<row3>	0.2311 1.4682 1.4273 1.0000	</row3>
				</transform>
			</node>
			<node>
				<identifier>	HP_flag_2	</identifier>
				<transform>
					<row0>	0.9990 0.0447 -0.0048 0.0000	</row0>
					<row1>	-0.0447 0.9759 -0.2136 0.0000	</row1>
					<row2>	-0.0048 0.2136 0.9769 0.0000	</row2>
					<row3>	-0.2296 1.4701 1.4270 1.0000	</row3>
				</transform>
			</node>
			<node>
				<identifier>	HP_flag_3	</identifier>
				<transform>
					<row0>	1.0000 0.0000 0.0000 0.0000	</row0>
					<row1>	0.0000 0.9999 -0.0153 0.0000	</row1>
					<row2>	0.0000 0.0153 0.9999 0.0000	</row2>
					<row3>	0.2138 1.4693 1.6537 1.0000	</row3>
				</transform>
			</node>
			<node>
				<identifier>	HP_flag_4	</identifier>
				<transform>
					<row0>	1.0000 0.0000 0.0000 0.0000	</row0>
					<row1>	0.0000 0.9999 -0.0153 0.0000	</row1>
					<row2>	0.0000 0.0153 0.9999 0.0000	</row2>
					<row3>	-0.2137 1.4694 1.6540 1.0000	</row3>
				</transform>
			</node>
			<node>
				<identifier>	HP_flag_rank	</identifier>
				<transform>
					<row0>	0.9985 0.0547 -0.0007 0.0000	</row0>
					<row1>	-0.0547 0.9982 -0.0256 0.0000	</row1>
					<row2>	-0.0007 0.0256 0.9997 0.0000	</row2>
					<row3>	0.0025 1.8665 1.4388 1.0000	</row3>
				</transform>
			</node>
			<node>
				<identifier>	MP_AM150_Telegraph_Engine	</identifier>
				<transform>
					<row0>	1.0000 0.0000 0.0000 0.0000	</row0>
					<row1>	0.0000 1.0000 0.0000 0.0000	</row1>
					<row2>	0.0000 0.0000 1.0000 0.0000	</row2>
					<row3>	-0.0581 0.5375 2.0233 1.0000	</row3>
				</transform>
			</node>
			<node>
				<identifier>	MP_CM011_Fire_Fighting_Gear	</identifier>
				<transform>
					<row0>	0.0000 0.0000 1.0000 0.0000	</row0>
					<row1>	0.0000 1.0000 0.0000 0.0000	</row1>
					<row2>	-1.0000 0.0000 0.0000 0.0000	</row2>
					<row3>	0.1387 0.2965 2.0603 1.0000	</row3>
				</transform>
			</node>
			<node>
				<identifier>	MP_CM011_Fire_Fighting_Gear_INDEX_1	</identifier>
				<transform>
					<row0>	0.0000 0.0000 -1.0000 0.0000	</row0>
					<row1>	0.0000 1.0000 0.0000 0.0000	</row1>
					<row2>	1.0000 0.0000 0.0000 0.0000	</row2>
					<row3>	-0.1348 0.2971 2.0603 1.0000	</row3>
				</transform>
			</node>
			<node>
				<identifier>	MP_CM011_Fire_Fighting_Gear_INDEX_2	</identifier>
				<transform>
					<row0>	-1.0000 0.0000 0.0000 0.0000	</row0>
					<row1>	0.0000 1.0000 0.0000 0.0000	</row1>
					<row2>	0.0000 0.0000 -1.0000 0.0000	</row2>
					<row3>	-0.0646 0.3102 2.7582 1.0000	</row3>
				</transform>
			</node>
			<node>
				<identifier>	MP_CM011_Fire_Fighting_Gear_INDEX_3	</identifier>
				<transform>
					<row0>	-1.0000 0.0000 0.0000 0.0000	</row0>
					<row1>	0.0000 1.0000 0.0000 0.0000	</row1>
					<row2>	0.0000 0.0000 -1.0000 0.0000	</row2>
					<row3>	0.0646 0.3102 2.7582 1.0000	</row3>
				</transform>
			</node>
			<node>
				<identifier>	MP_CM011_Fire_Fighting_Gear_INDEX_4	</identifier>
				<transform>
					<row0>	0.0000 0.0000 1.0000 0.0000	</row0>
					<row1>	0.0000 1.0000 0.0000 0.0000	</row1>
					<row2>	-1.0000 0.0000 0.0000 0.0000	</row2>
					<row3>	0.1613 0.1479 0.1580 1.0000	</row3>
				</transform>
			</node>
			<node>
				<identifier>	MP_CM011_Fire_Fighting_Gear_INDEX_5	</identifier>
				<transform>
					<row0>	0.0000 0.0000 -1.0000 0.0000	</row0>
					<row1>	0.0000 1.0000 0.0000 0.0000	</row1>
					<row2>	1.0000 0.0000 0.0000 0.0000	</row2>
					<row3>	-0.1613 0.1479 0.1580 1.0000	</row3>
				</transform>
			</node>
			<node>
				<identifier>	MP_CM014_Fuel_Oil_Hose	</identifier>
				<transform>
					<row0>	-0.8000 0.0000 0.0000 0.0000	</row0>
					<row1>	0.0000 0.8000 0.0000 0.0000	</row1>
					<row2>	0.0000 0.0000 -0.8000 0.0000	</row2>
					<row3>	0.1325 0.1587 -0.4751 1.0000	</row3>
				</transform>
			</node>
			<node>
				<identifier>	MP_CM014_Fuel_Oil_Hose_INDEX_1	</identifier>
				<transform>
					<row0>	0.8000 0.0000 0.0000 0.0000	</row0>
					<row1>	0.0000 0.8000 0.0000 0.0000	</row1>
					<row2>	0.0000 0.0000 0.8000 0.0000	</row2>
					<row3>	-0.1329 0.1613 -0.4748 1.0000	</row3>
				</transform>
			</node>
			<node>
				<identifier>	MP_CM014_Fuel_Oil_Hose_INDEX_2	</identifier>
				<transform>
					<row0>	-0.8000 0.0000 0.0000 0.0000	</row0>
					<row1>	0.0000 0.8000 0.0000 0.0000	</row1>
					<row2>	0.0000 0.0000 -0.8000 0.0000	</row2>
					<row3>	0.1325 0.1585 -0.3343 1.0000	</row3>
				</transform>
			</node>
			<node>
				<identifier>	MP_CM014_Fuel_Oil_Hose_INDEX_3	</identifier>
				<transform>
					<row0>	0.8000 0.0000 0.0000 0.0000	</row0>
					<row1>	0.0000 0.8000 0.0000 0.0000	</row1>
					<row2>	0.0000 0.0000 0.8000 0.0000	</row2>
					<row3>	-0.1329 0.1620 -0.3364 1.0000	</row3>
				</transform>
			</node>
			<node>
				<identifier>	MP_CM029_Emergency_Box	</identifier>
				<transform>
					<row0>	0.0000 0.0000 1.0000 0.0000	</row0>
					<row1>	0.0000 1.0000 0.0000 0.0000	</row1>
					<row2>	-1.0000 0.0000 0.0000 0.0000	</row2>
					<row3>	0.1328 0.3637 2.1943 1.0000	</row3>
				</transform>
			</node>
			<node>
				<identifier>	MP_CM029_Emergency_Box_INDEX_1	</identifier>
				<transform>
					<row0>	0.0000 0.0000 -1.0000 0.0000	</row0>
					<row1>	0.0000 1.0000 0.0000 0.0000	</row1>
					<row2>	1.0000 0.0000 0.0000 0.0000	</row2>
					<row3>	-0.1342 0.3637 2.1943 1.0000	</row3>
				</transform>
			</node>
			<node>
				<identifier>	MP_CM029_Emergency_Box_INDEX_2	</identifier>
				<transform>
					<row0>	0.0000 0.0000 -1.0000 0.0000	</row0>
					<row1>	0.0000 1.0000 0.0000 0.0000	</row1>
					<row2>	1.0000 0.0000 0.0000 0.0000	</row2>
					<row3>	-0.1342 0.5378 1.6173 1.0000	</row3>
				</transform>
			</node>
			<node>
				<identifier>	MP_CM029_Emergency_Box_INDEX_3	</identifier>
				<transform>
					<row0>	0.0000 0.0000 1.0000 0.0000	</row0>
					<row1>	0.0000 1.0000 0.0000 0.0000	</row1>
					<row2>	-1.0000 0.0000 0.0000 0.0000	</row2>
					<row3>	0.1342 0.5378 1.6173 1.0000	</row3>
				</transform>
			</node>
			<node>
				<identifier>	MP_CM029_Emergency_Box_INDEX_4	</identifier>
				<transform>
					<row0>	0.0226 0.0000 -0.9997 0.0000	</row0>
					<row1>	0.0000 1.0000 0.0000 0.0000	</row1>
					<row2>	0.9997 0.0000 0.0226 0.0000	</row2>
					<row3>	0.3474 0.3405 0.0120 1.0000	</row3>
				</transform>
			</node>
			<node>
				<identifier>	MP_CM052_Fender	</identifier>
				<transform>
					<row0>	0.0000 0.0001 0.5000 0.0000	</row0>
					<row1>	-0.0035 0.5000 -0.0001 0.0000	</row1>
					<row2>	-0.5000 -0.0035 0.0000 0.0000	</row2>
					<row3>	-0.1434 0.3036 2.6347 1.0000	</row3>
				</transform>
			</node>
			<node>
				<identifier>	MP_CM052_Fender_INDEX_1	</identifier>
				<transform>
					<row0>	0.0003 -0.0001 -0.5000 0.0000	</row0>
					<row1>	-0.0035 0.5000 -0.0001 0.0000	</row1>
					<row2>	0.5000 0.0035 0.0003 0.0000	</row2>
					<row3>	0.1434 0.3036 2.6347 1.0000	</row3>
				</transform>
			</node>
			<node>
				<identifier>	MP_CM052_Fender_INDEX_2	</identifier>
				<transform>
					<row0>	0.0003 -0.0001 -0.5000 0.0000	</row0>
					<row1>	-0.0530 0.4972 -0.0002 0.0000	</row1>
					<row2>	0.4972 0.0530 0.0003 0.0000	</row2>
					<row3>	0.1311 0.1780 0.4326 1.0000	</row3>
				</transform>
			</node>
			<node>
				<identifier>	MP_CM052_Fender_INDEX_3	</identifier>
				<transform>
					<row0>	0.0000 0.0002 0.5000 0.0000	</row0>
					<row1>	0.0625 0.4961 -0.0002 0.0000	</row1>
					<row2>	-0.4961 0.0625 0.0000 0.0000	</row2>
					<row3>	-0.1296 0.1793 0.4326 1.0000	</row3>
				</transform>
			</node>
			<node>
				<identifier>	MP_CM055_Stairway_Big_R	</identifier>
				<transform>
					<row0>	-0.7112 0.0000 0.0000 0.0000	</row0>
					<row1>	0.0000 0.7112 0.0000 0.0000	</row1>
					<row2>	0.0000 0.0000 -0.7112 0.0000	</row2>
					<row3>	-0.3260 0.1890 -0.2303 1.0000	</row3>
				</transform>
			</node>
			<node>
				<identifier>	MP_CM055_Stairway_Big_R_INDEX_1	</identifier>
				<transform>
					<row0>	-0.7112 0.0000 0.0000 0.0000	</row0>
					<row1>	0.0000 0.7112 0.0000 0.0000	</row1>
					<row2>	0.0000 0.0000 -0.7112 0.0000	</row2>
					<row3>	0.3360 0.1890 -0.2319 1.0000	</row3>
				</transform>
			</node>
			<node>
				<identifier>	MP_CM056_Ships_bell	</identifier>
				<transform>
					<row0>	1.0000 0.0000 0.0000 0.0000	</row0>
					<row1>	0.0000 1.0000 0.0000 0.0000	</row1>
					<row2>	0.0000 0.0000 1.0000 0.0000	</row2>
					<row3>	0.0000 0.6504 1.5088 1.0000	</row3>
				</transform>
			</node>
			<node>
				<identifier>	MP_CM092_Siren	</identifier>
				<transform>
					<row0>	1.0000 0.0000 0.0000 0.0000	</row0>
					<row1>	0.0000 1.0000 0.0000 0.0000	</row1>
					<row2>	0.0000 0.0000 1.0000 0.0000	</row2>
					<row3>	0.0063 0.7119 1.2573 1.0000	</row3>
				</transform>
			</node>
			<node>
				<identifier>	MP_CM112_Fire_Extinguisher	</identifier>
				<transform>
					<row0>	1.0000 0.0000 0.0000 0.0000	</row0>
					<row1>	0.0000 1.0000 0.0000 0.0000	</row1>
					<row2>	0.0000 0.0000 1.0000 0.0000	</row2>
					<row3>	-0.1334 0.3671 1.7351 1.0000	</row3>
				</transform>
			</node>
			<node>
				<identifier>	MP_CM112_Fire_Extinguisher_INDEX_1	</identifier>
				<transform>
					<row0>	1.0000 0.0000 0.0000 0.0000	</row0>
					<row1>	0.0000 1.0000 0.0000 0.0000	</row1>
					<row2>	0.0000 0.0000 1.0000 0.0000	</row2>
					<row3>	-0.1334 0.3671 1.7022 1.0000	</row3>
				</transform>
			</node>
			<node>
				<identifier>	MP_CM112_Fire_Extinguisher_INDEX_10	</identifier>
				<transform>
					<row0>	1.0000 0.0000 0.0000 0.0000	</row0>
					<row1>	0.0000 1.0000 0.0000 0.0000	</row1>
					<row2>	0.0000 0.0000 1.0000 0.0000	</row2>
					<row3>	-0.3461 0.3452 -0.0013 1.0000	</row3>
				</transform>
			</node>
			<node>
				<identifier>	MP_CM112_Fire_Extinguisher_INDEX_11	</identifier>
				<transform>
					<row0>	1.0000 0.0000 0.0000 0.0000	</row0>
					<row1>	0.0000 1.0000 0.0000 0.0000	</row1>
					<row2>	0.0000 0.0000 1.0000 0.0000	</row2>
					<row3>	-0.3461 0.3452 0.0152 1.0000	</row3>
				</transform>
			</node>
			<node>
				<identifier>	MP_CM112_Fire_Extinguisher_INDEX_2	</identifier>
				<transform>
					<row0>	1.0000 0.0000 0.0000 0.0000	</row0>
					<row1>	0.0000 1.0000 0.0000 0.0000	</row1>
					<row2>	0.0000 0.0000 1.0000 0.0000	</row2>
					<row3>	-0.1334 0.3671 1.7186 1.0000	</row3>
				</transform>
			</node>
			<node>
				<identifier>	MP_CM112_Fire_Extinguisher_INDEX_3	</identifier>
				<transform>
					<row0>	1.0000 0.0000 0.0000 0.0000	</row0>
					<row1>	0.0000 1.0000 0.0000 0.0000	</row1>
					<row2>	0.0000 0.0000 1.0000 0.0000	</row2>
					<row3>	0.1334 0.3671 1.7351 1.0000	</row3>
				</transform>
			</node>
			<node>
				<identifier>	MP_CM112_Fire_Extinguisher_INDEX_4	</identifier>
				<transform>
					<row0>	1.0000 0.0000 0.0000 0.0000	</row0>
					<row1>	0.0000 1.0000 0.0000 0.0000	</row1>
					<row2>	0.0000 0.0000 1.0000 0.0000	</row2>
					<row3>	0.1334 0.3671 1.7022 1.0000	</row3>
				</transform>
			</node>
			<node>
				<identifier>	MP_CM112_Fire_Extinguisher_INDEX_5	</identifier>
				<transform>
					<row0>	1.0000 0.0000 0.0000 0.0000	</row0>
					<row1>	0.0000 1.0000 0.0000 0.0000	</row1>
					<row2>	0.0000 0.0000 1.0000 0.0000	</row2>
					<row3>	0.1334 0.3671 1.7186 1.0000	</row3>
				</transform>
			</node>
			<node>
				<identifier>	MP_CM112_Fire_Extinguisher_INDEX_6	</identifier>
				<transform>
					<row0>	1.0000 0.0000 0.0000 0.0000	</row0>
					<row1>	0.0000 1.0000 0.0000 0.0000	</row1>
					<row2>	0.0000 0.0000 1.0000 0.0000	</row2>
					<row3>	-0.1334 0.5203 1.9240 1.0000	</row3>
				</transform>
			</node>
			<node>
				<identifier>	MP_CM112_Fire_Extinguisher_INDEX_7	</identifier>
				<transform>
					<row0>	1.0000 0.0000 0.0000 0.0000	</row0>
					<row1>	0.0000 1.0000 0.0000 0.0000	</row1>
					<row2>	0.0000 0.0000 1.0000 0.0000	</row2>
					<row3>	-0.1334 0.5203 1.9405 1.0000	</row3>
				</transform>
			</node>
			<node>
				<identifier>	MP_CM112_Fire_Extinguisher_INDEX_8	</identifier>
				<transform>
					<row0>	1.0000 0.0000 0.0000 0.0000	</row0>
					<row1>	0.0000 1.0000 0.0000 0.0000	</row1>
					<row2>	0.0000 0.0000 1.0000 0.0000	</row2>
					<row3>	0.1334 0.5203 1.9405 1.0000	</row3>
				</transform>
			</node>
			<node>
				<identifier>	MP_CM112_Fire_Extinguisher_INDEX_9	</identifier>
				<transform>
					<row0>	1.0000 0.0000 0.0000 0.0000	</row0>
					<row1>	0.0000 1.0000 0.0000 0.0000	</row1>
					<row2>	0.0000 0.0000 1.0000 0.0000	</row2>
					<row3>	0.1334 0.5203 1.9240 1.0000	</row3>
				</transform>
			</node>
			<node>
				<identifier>	MP_CM134_Helmet	</identifier>
				<transform>
					<row0>	-0.9881 0.0000 0.1535 0.0000	</row0>
					<row1>	0.1535 0.0000 0.9881 0.0000	</row1>
					<row2>	0.0000 1.0000 0.0000 0.0000	</row2>
					<row3>	0.0223 0.5264 2.2913 1.0000	</row3>
				</transform>
			</node>
			<node>
				<identifier>	MP_CM134_Helmet_INDEX_1	</identifier>
				<transform>
					<row0>	0.8261 0.0000 0.5635 0.0000	</row0>
					<row1>	0.5611 -0.0920 -0.8226 0.0000	</row1>
					<row2>	0.0518 0.9958 -0.0760 0.0000	</row2>
					<row3>	0.0465 0.3962 0.1020 1.0000	</row3>
				</transform>
			</node>
			<node>
				<identifier>	MP_CM134_Helmet_INDEX_10	</identifier>
				<transform>
					<row0>	0.8291 0.0000 -0.5590 0.0000	</row0>
					<row1>	-0.5590 0.0000 -0.8291 0.0000	</row1>
					<row2>	0.0000 1.0000 0.0000 0.0000	</row2>
					<row3>	-0.0566 0.3646 0.1158 1.0000	</row3>
				</transform>
			</node>
			<node>
				<identifier>	MP_CM134_Helmet_INDEX_11	</identifier>
				<transform>
					<row0>	-0.9880 0.0000 -0.1546 0.0000	</row0>
					<row1>	-0.1546 0.0000 0.9880 0.0000	</row1>
					<row2>	0.0000 1.0000 0.0000 0.0000	</row2>
					<row3>	-0.0244 0.5948 2.0664 1.0000	</row3>
				</transform>
			</node>
			<node>
				<identifier>	MP_CM134_Helmet_INDEX_12	</identifier>
				<transform>
					<row0>	0.8261 0.0000 0.5635 0.0000	</row0>
					<row1>	0.5611 -0.0920 -0.8226 0.0000	</row1>
					<row2>	0.0518 0.9958 -0.0760 0.0000	</row2>
					<row3>	0.0588 0.3854 0.1124 1.0000	</row3>
				</transform>
			</node>
			<node>
				<identifier>	MP_CM134_Helmet_INDEX_13	</identifier>
				<transform>
					<row0>	0.8261 0.0000 0.5635 0.0000	</row0>
					<row1>	0.5611 -0.0920 -0.8226 0.0000	</row1>
					<row2>	0.0518 0.9958 -0.0760 0.0000	</row2>
					<row3>	0.0590 0.3648 0.1155 1.0000	</row3>
				</transform>
			</node>
			<node>
				<identifier>	MP_CM134_Helmet_INDEX_14	</identifier>
				<transform>
					<row0>	0.8261 0.0000 0.5635 0.0000	</row0>
					<row1>	0.5611 -0.0920 -0.8226 0.0000	</row1>
					<row2>	0.0518 0.9958 -0.0760 0.0000	</row2>
					<row3>	0.0592 0.4067 0.1090 1.0000	</row3>
				</transform>
			</node>
			<node>
				<identifier>	MP_CM134_Helmet_INDEX_15	</identifier>
				<transform>
					<row0>	-0.9881 0.0000 0.1535 0.0000	</row0>
					<row1>	0.1535 0.0000 0.9881 0.0000	</row1>
					<row2>	0.0000 1.0000 0.0000 0.0000	</row2>
					<row3>	0.0397 0.5105 2.2884 1.0000	</row3>
				</transform>
			</node>
			<node>
				<identifier>	MP_CM134_Helmet_INDEX_16	</identifier>
				<transform>
					<row0>	-0.2175 0.0000 -0.9761 0.0000	</row0>
					<row1>	-0.9761 0.0000 0.2175 0.0000	</row1>
					<row2>	0.0000 1.0000 0.0000 0.0000	</row2>
					<row3>	-0.1164 0.4004 2.7018 1.0000	</row3>
				</transform>
			</node>
			<node>
				<identifier>	MP_CM134_Helmet_INDEX_17	</identifier>
				<transform>
					<row0>	-0.2175 0.0000 -0.9761 0.0000	</row0>
					<row1>	-0.9761 0.0000 0.2175 0.0000	</row1>
					<row2>	0.0000 1.0000 0.0000 0.0000	</row2>
					<row3>	-0.1122 0.3641 2.7208 1.0000	</row3>
				</transform>
			</node>
			<node>
				<identifier>	MP_CM134_Helmet_INDEX_18	</identifier>
				<transform>
					<row0>	-0.9881 0.0000 0.1535 0.0000	</row0>
					<row1>	0.1535 0.0000 0.9881 0.0000	</row1>
					<row2>	0.0000 1.0000 0.0000 0.0000	</row2>
					<row3>	0.0397 0.5322 2.2885 1.0000	</row3>
				</transform>
			</node>
			<node>
				<identifier>	MP_CM134_Helmet_INDEX_19	</identifier>
				<transform>
					<row0>	-0.2175 -0.0034 0.9760 0.0000	</row0>
					<row1>	0.9761 0.0000 0.2175 0.0000	</row1>
					<row2>	-0.0007 1.0000 0.0033 0.0000	</row2>
					<row3>	0.1164 0.4004 2.7018 1.0000	</row3>
				</transform>
			</node>
			<node>
				<identifier>	MP_CM134_Helmet_INDEX_2	</identifier>
				<transform>
					<row0>	0.8326 0.0000 -0.5539 0.0000	</row0>
					<row1>	-0.5504 -0.1133 -0.8272 0.0000	</row1>
					<row2>	-0.0627 0.9936 -0.0943 0.0000	</row2>
					<row3>	-0.0437 0.4016 0.1001 1.0000	</row3>
				</transform>
			</node>
			<node>
				<identifier>	MP_CM134_Helmet_INDEX_20	</identifier>
				<transform>
					<row0>	0.5756 -0.0006 -0.8178 0.0000	</row0>
					<row1>	-0.8161 -0.0638 -0.5744 0.0000	</row1>
					<row2>	-0.0518 0.9980 -0.0372 0.0000	</row2>
					<row3>	-0.0687 0.3651 0.1272 1.0000	</row3>
				</transform>
			</node>
			<node>
				<identifier>	MP_CM134_Helmet_INDEX_21	</identifier>
				<transform>
					<row0>	0.0000 0.0000 1.0000 0.0000	</row0>
					<row1>	1.0000 0.0000 0.0000 0.0000	</row1>
					<row2>	0.0000 1.0000 0.0000 0.0000	</row2>
					<row3>	0.1283 0.5265 1.8895 1.0000	</row3>
				</transform>
			</node>
			<node>
				<identifier>	MP_CM134_Helmet_INDEX_22	</identifier>
				<transform>
					<row0>	0.0000 0.0000 -1.0000 0.0000	</row0>
					<row1>	-1.0000 0.0000 0.0000 0.0000	</row1>
					<row2>	0.0000 1.0000 0.0000 0.0000	</row2>
					<row3>	-0.1284 0.5483 1.8895 1.0000	</row3>
				</transform>
			</node>
			<node>
				<identifier>	MP_CM134_Helmet_INDEX_23	</identifier>
				<transform>
					<row0>	0.5920 0.0000 0.8060 0.0000	</row0>
					<row1>	0.8025 -0.0920 -0.5895 0.0000	</row1>
					<row2>	0.0741 0.9958 -0.0545 0.0000	</row2>
					<row3>	0.0716 0.3868 0.1249 1.0000	</row3>
				</transform>
			</node>
			<node>
				<identifier>	MP_CM134_Helmet_INDEX_24	</identifier>
				<transform>
					<row0>	-0.2175 -0.0034 0.9760 0.0000	</row0>
					<row1>	0.9761 0.0000 0.2175 0.0000	</row1>
					<row2>	-0.0007 1.0000 0.0033 0.0000	</row2>
					<row3>	0.1122 0.3916 2.7208 1.0000	</row3>
				</transform>
			</node>
			<node>
				<identifier>	MP_CM134_Helmet_INDEX_25	</identifier>
				<transform>
					<row0>	-0.2175 0.0000 -0.9761 0.0000	</row0>
					<row1>	-0.9761 0.0000 0.2175 0.0000	</row1>
					<row2>	0.0000 1.0000 0.0000 0.0000	</row2>
					<row3>	-0.1122 0.3916 2.7208 1.0000	</row3>
				</transform>
			</node>
			<node>
				<identifier>	MP_CM134_Helmet_INDEX_26	</identifier>
				<transform>
					<row0>	0.0000 0.0000 1.0000 0.0000	</row0>
					<row1>	1.0000 0.0000 0.0000 0.0000	</row1>
					<row2>	0.0000 1.0000 0.0000 0.0000	</row2>
					<row3>	0.1283 0.5483 1.8895 1.0000	</row3>
				</transform>
			</node>
			<node>
				<identifier>	MP_CM134_Helmet_INDEX_27	</identifier>
				<transform>
					<row0>	-0.2175 -0.0034 0.9760 0.0000	</row0>
					<row1>	0.9761 0.0000 0.2175 0.0000	</row1>
					<row2>	-0.0007 1.0000 0.0033 0.0000	</row2>
					<row3>	0.1164 0.3729 2.7018 1.0000	</row3>
				</transform>
			</node>
			<node>
				<identifier>	MP_CM134_Helmet_INDEX_28	</identifier>
				<transform>
					<row0>	0.0000 0.0000 -1.0000 0.0000	</row0>
					<row1>	-1.0000 0.0000 0.0000 0.0000	</row1>
					<row2>	0.0000 1.0000 0.0000 0.0000	</row2>
					<row3>	-0.1284 0.5697 1.8895 1.0000	</row3>
				</transform>
			</node>
			<node>
				<identifier>	MP_CM134_Helmet_INDEX_29	</identifier>
				<transform>
					<row0>	-0.9881 0.0000 0.1535 0.0000	</row0>
					<row1>	0.1535 0.0000 0.9881 0.0000	</row1>
					<row2>	0.0000 1.0000 0.0000 0.0000	</row2>
					<row3>	0.0419 0.6005 2.0636 1.0000	</row3>
				</transform>
			</node>
			<node>
				<identifier>	MP_CM134_Helmet_INDEX_3	</identifier>
				<transform>
					<row0>	-0.9881 0.0000 0.1535 0.0000	</row0>
					<row1>	0.1535 0.0000 0.9881 0.0000	</row1>
					<row2>	0.0000 1.0000 0.0000 0.0000	</row2>
					<row3>	0.0244 0.6164 2.0664 1.0000	</row3>
				</transform>
			</node>
			<node>
				<identifier>	MP_CM134_Helmet_INDEX_30	</identifier>
				<transform>
					<row0>	-0.2175 -0.0034 0.9760 0.0000	</row0>
					<row1>	0.9761 0.0000 0.2175 0.0000	</row1>
					<row2>	-0.0007 1.0000 0.0033 0.0000	</row2>
					<row3>	0.1122 0.3641 2.7208 1.0000	</row3>
				</transform>
			</node>
			<node>
				<identifier>	MP_CM134_Helmet_INDEX_31	</identifier>
				<transform>
					<row0>	-0.9880 0.0000 -0.1546 0.0000	</row0>
					<row1>	-0.1546 0.0000 0.9880 0.0000	</row1>
					<row2>	0.0000 1.0000 0.0000 0.0000	</row2>
					<row3>	-0.0244 0.6164 2.0664 1.0000	</row3>
				</transform>
			</node>
			<node>
				<identifier>	MP_CM134_Helmet_INDEX_32	</identifier>
				<transform>
					<row0>	0.8331 -0.0004 -0.5531 0.0000	</row0>
					<row1>	-0.5516 -0.0750 -0.8307 0.0000	</row1>
					<row2>	-0.0411 0.9972 -0.0627 0.0000	</row2>
					<row3>	-0.0582 0.3863 0.1130 1.0000	</row3>
				</transform>
			</node>
			<node>
				<identifier>	MP_CM134_Helmet_INDEX_33	</identifier>
				<transform>
					<row0>	-0.2175 0.0000 -0.9761 0.0000	</row0>
					<row1>	-0.9761 0.0000 0.2175 0.0000	</row1>
					<row2>	0.0000 1.0000 0.0000 0.0000	</row2>
					<row3>	-0.1164 0.3729 2.7018 1.0000	</row3>
				</transform>
			</node>
			<node>
				<identifier>	MP_CM134_Helmet_INDEX_34	</identifier>
				<transform>
					<row0>	-0.9880 0.0000 -0.1546 0.0000	</row0>
					<row1>	-0.1546 0.0000 0.9880 0.0000	</row1>
					<row2>	0.0000 1.0000 0.0000 0.0000	</row2>
					<row3>	-0.0419 0.6222 2.0637 1.0000	</row3>
				</transform>
			</node>
			<node>
				<identifier>	MP_CM134_Helmet_INDEX_35	</identifier>
				<transform>
					<row0>	-0.9881 0.0000 0.1535 0.0000	</row0>
					<row1>	0.1535 0.0000 0.9881 0.0000	</row1>
					<row2>	0.0000 1.0000 0.0000 0.0000	</row2>
					<row3>	0.0244 0.5948 2.0664 1.0000	</row3>
				</transform>
			</node>
			<node>
				<identifier>	MP_CM134_Helmet_INDEX_36	</identifier>
				<transform>
					<row0>	0.0000 0.0000 -1.0000 0.0000	</row0>
					<row1>	-1.0000 0.0000 0.0000 0.0000	</row1>
					<row2>	0.0000 1.0000 0.0000 0.0000	</row2>
					<row3>	-0.1284 0.5265 1.8895 1.0000	</row3>
				</transform>
			</node>
			<node>
				<identifier>	MP_CM134_Helmet_INDEX_37	</identifier>
				<transform>
					<row0>	0.0000 0.0000 1.0000 0.0000	</row0>
					<row1>	1.0000 0.0000 0.0000 0.0000	</row1>
					<row2>	0.0000 1.0000 0.0000 0.0000	</row2>
					<row3>	0.1284 0.5697 1.8895 1.0000	</row3>
				</transform>
			</node>
			<node>
				<identifier>	MP_CM134_Helmet_INDEX_4	</identifier>
				<transform>
					<row0>	0.6100 0.0000 -0.7924 0.0000	</row0>
					<row1>	-0.7924 0.0000 -0.6100 0.0000	</row1>
					<row2>	0.0000 1.0000 0.0000 0.0000	</row2>
					<row3>	-0.0703 0.3869 0.1258 1.0000	</row3>
				</transform>
			</node>
			<node>
				<identifier>	MP_CM134_Helmet_INDEX_5	</identifier>
				<transform>
					<row0>	-0.9881 0.0000 0.1535 0.0000	</row0>
					<row1>	0.1535 0.0000 0.9881 0.0000	</row1>
					<row2>	0.0000 1.0000 0.0000 0.0000	</row2>
					<row3>	0.0223 0.5048 2.2912 1.0000	</row3>
				</transform>
			</node>
			<node>
				<identifier>	MP_CM134_Helmet_INDEX_6	</identifier>
				<transform>
					<row0>	-0.9881 0.0000 0.1535 0.0000	</row0>
					<row1>	0.1535 0.0000 0.9881 0.0000	</row1>
					<row2>	0.0000 1.0000 0.0000 0.0000	</row2>
					<row3>	0.0419 0.6222 2.0637 1.0000	</row3>
				</transform>
			</node>
			<node>
				<identifier>	MP_CM134_Helmet_INDEX_7	</identifier>
				<transform>
					<row0>	-0.9880 0.0000 -0.1546 0.0000	</row0>
					<row1>	-0.1546 0.0000 0.9880 0.0000	</row1>
					<row2>	0.0000 1.0000 0.0000 0.0000	</row2>
					<row3>	-0.0419 0.6005 2.0636 1.0000	</row3>
				</transform>
			</node>
			<node>
				<identifier>	MP_CM134_Helmet_INDEX_8	</identifier>
				<transform>
					<row0>	0.8326 0.0000 -0.5539 0.0000	</row0>
					<row1>	-0.5504 -0.1133 -0.8272 0.0000	</row1>
					<row2>	-0.0627 0.9936 -0.0943 0.0000	</row2>
					<row3>	-0.0573 0.4070 0.1086 1.0000	</row3>
				</transform>
			</node>
			<node>
				<identifier>	MP_CM134_Helmet_INDEX_9	</identifier>
				<transform>
					<row0>	0.5920 0.0000 0.8060 0.0000	</row0>
					<row1>	0.8025 -0.0920 -0.5895 0.0000	</row1>
					<row2>	0.0741 0.9958 -0.0545 0.0000	</row2>
					<row3>	0.0708 0.3659 0.1273 1.0000	</row3>
				</transform>
			</node>
			<node>
				<identifier>	MP_GM001_Paravane	</identifier>
				<transform>
					<row0>	0.0000 1.0000 -0.0075 0.0000	</row0>
					<row1>	-0.9986 0.0004 0.0527 0.0000	</row1>
					<row2>	0.0527 0.0075 0.9986 0.0000	</row2>
					<row3>	0.1518 0.3531 2.4189 1.0000	</row3>
				</transform>
			</node>
			<node>
				<identifier>	MP_GM001_Paravane_INDEX_1	</identifier>
				<transform>
					<row0>	0.0000 -1.0000 0.0075 0.0000	</row0>
					<row1>	0.9986 0.0004 0.0527 0.0000	</row1>
					<row2>	-0.0527 0.0075 0.9986 0.0000	</row2>
					<row3>	-0.1518 0.3531 2.4177 1.0000	</row3>
				</transform>
			</node>
			<node>
				<identifier>	MP_GM003_Reels_1	</identifier>
				<transform>
					<row0>	0.0000 0.0000 -1.0000 0.0000	</row0>
					<row1>	0.0000 1.0000 0.0000 0.0000	</row1>
					<row2>	1.0000 0.0000 0.0000 0.0000	</row2>
					<row3>	-0.1871 0.1427 0.5668 1.0000	</row3>
				</transform>
			</node>
			<node>
				<identifier>	MP_GM003_Reels_1_INDEX_1	</identifier>
				<transform>
					<row0>	0.0000 0.0000 -1.0000 0.0000	</row0>
					<row1>	0.0000 1.0000 0.0000 0.0000	</row1>
					<row2>	1.0000 0.0000 0.0000 0.0000	</row2>
					<row3>	0.1890 0.1427 0.5668 1.0000	</row3>
				</transform>
			</node>
			<node>
				<identifier>	MP_GM007_LifeBuoy	</identifier>
				<transform>
					<row0>	0.9996 0.0000 -0.0284 0.0000	</row0>
					<row1>	0.0000 1.0000 0.0000 0.0000	</row1>
					<row2>	0.0284 0.0000 0.9996 0.0000	</row2>
					<row3>	-0.3297 0.3478 2.2252 1.0000	</row3>
				</transform>
			</node>
			<node>
				<identifier>	MP_GM007_LifeBuoy_INDEX_1	</identifier>
				<transform>
					<row0>	0.9995 0.0000 0.0315 0.0000	</row0>
					<row1>	0.0000 1.0000 0.0000 0.0000	</row1>
					<row2>	-0.0315 0.0000 0.9995 0.0000	</row2>
					<row3>	0.3301 0.3478 2.2134 1.0000	</row3>
				</transform>
			</node>
			<node>
				<identifier>	MP_GM010_Binocular	</identifier>
				<transform>
					<row0>	1.0000 0.0000 0.0000 0.0000	</row0>
					<row1>	0.0000 1.0000 0.0000 0.0000	</row1>
					<row2>	0.0000 0.0000 1.0000 0.0000	</row2>
					<row3>	0.3137 0.4832 1.8154 1.0000	</row3>
				</transform>
			</node>
			<node>
				<identifier>	MP_GM010_Binocular_INDEX_1	</identifier>
				<transform>
					<row0>	-1.0000 0.0000 0.0000 0.0000	</row0>
					<row1>	0.0000 1.0000 0.0000 0.0000	</row1>
					<row2>	0.0000 0.0000 -1.0000 0.0000	</row2>
					<row3>	-0.3137 0.4832 1.8124 1.0000	</row3>
				</transform>
			</node>
			<node>
				<identifier>	MP_GM011_Pelorus	</identifier>
				<transform>
					<row0>	0.0000 0.0000 1.0000 0.0000	</row0>
					<row1>	0.0000 1.0000 0.0000 0.0000	</row1>
					<row2>	-1.0000 0.0000 0.0000 0.0000	</row2>
					<row3>	-0.3124 0.4716 1.8904 1.0000	</row3>
				</transform>
			</node>
			<node>
				<identifier>	MP_GM011_Pelorus_INDEX_1	</identifier>
				<transform>
					<row0>	0.0000 0.0000 -1.0000 0.0000	</row0>
					<row1>	0.0000 1.0000 0.0000 0.0000	</row1>
					<row2>	1.0000 0.0000 0.0000 0.0000	</row2>
					<row3>	0.3124 0.4716 1.8913 1.0000	</row3>
				</transform>
			</node>
			<node>
				<identifier>	MP_GM014_Sleeve	</identifier>
				<transform>
					<row0>	0.0254 0.0000 -0.9997 0.0000	</row0>
					<row1>	0.0000 1.0000 0.0000 0.0000	</row1>
					<row2>	0.9997 0.0000 0.0254 0.0000	</row2>
					<row3>	0.1289 0.3845 2.0373 1.0000	</row3>
				</transform>
			</node>
			<node>
				<identifier>	MP_GM014_Sleeve_INDEX_1	</identifier>
				<transform>
					<row0>	-0.0254 0.0000 0.9997 0.0000	</row0>
					<row1>	0.0000 1.0000 0.0000 0.0000	</row1>
					<row2>	-0.9997 0.0000 -0.0254 0.0000	</row2>
					<row3>	-0.1283 0.3845 2.0373 1.0000	</row3>
				</transform>
			</node>
			<node>
				<identifier>	MP_GM014_Sleeve_INDEX_2	</identifier>
				<transform>
					<row0>	0.0254 0.0000 -0.9997 0.0000	</row0>
					<row1>	-0.1339 0.9910 -0.0034 0.0000	</row1>
					<row2>	0.9907 0.1340 0.0251 0.0000	</row2>
					<row3>	0.1112 0.2150 0.1066 1.0000	</row3>
				</transform>
			</node>
			<node>
				<identifier>	MP_GM014_Sleeve_INDEX_3	</identifier>
				<transform>
					<row0>	0.0254 0.0000 0.9997 0.0000	</row0>
					<row1>	0.1339 0.9910 -0.0034 0.0000	</row1>
					<row2>	-0.9907 0.1340 0.0251 0.0000	</row2>
					<row3>	-0.1099 0.2150 0.1066 1.0000	</row3>
				</transform>
			</node>
			<node>
				<identifier>	MP_GM016_Sleeve	</identifier>
				<transform>
					<row0>	1.0000 0.0000 0.0000 0.0000	</row0>
					<row1>	0.0000 1.0000 0.0000 0.0000	</row1>
					<row2>	0.0000 0.0000 1.0000 0.0000	</row2>
					<row3>	-0.0796 0.3877 2.7526 1.0000	</row3>
				</transform>
			</node>
			<node>
				<identifier>	MP_GM016_Sleeve_INDEX_1	</identifier>
				<transform>
					<row0>	1.0000 0.0000 0.0000 0.0000	</row0>
					<row1>	0.0000 1.0000 0.0000 0.0000	</row1>
					<row2>	0.0000 0.0000 1.0000 0.0000	</row2>
					<row3>	0.0839 0.3875 2.7526 1.0000	</row3>
				</transform>
			</node>
			<node>
				<identifier>	MP_GM017_Siren	</identifier>
				<transform>
					<row0>	0.0000 0.0000 -1.0000 0.0000	</row0>
