<RSD019_Leningrad_1944_MidFront_ports.visual>
	<node>
		<identifier>	Scene Root	</identifier>
		<transform>
			<row0>	1.0000 0.0000 0.0000 0.0000	</row0>
			<row1>	0.0000 1.0000 0.0000 0.0000	</row1>
			<row2>	0.0000 0.0000 1.0000 0.0000	</row2>
			<row3>	0.0000 0.0000 0.0000 1.0000	</row3>
		</transform>
		<node>
			<identifier>	MidFront_ports	</identifier>
			<transform>
				<row0>	1.0000 0.0000 0.0000 0.0000	</row0>
				<row1>	0.0000 1.0000 0.0000 0.0000	</row1>
				<row2>	0.0000 0.0000 1.0000 0.0000	</row2>
				<row3>	0.0000 0.0000 0.0000 1.0000	</row3>
			</transform>
			<node>
				<identifier>	HP_FX_Fire_2	</identifier>
				<transform>
					<row0>	1.0000 0.0000 0.0000 0.0000	</row0>
					<row1>	0.0000 1.0000 0.0000 0.0000	</row1>
					<row2>	0.0000 0.0000 1.0000 0.0000	</row2>
					<row3>	0.0000 0.8173 2.0800 1.0000	</row3>
				</transform>
			</node>
			<node>
				<identifier>	HP_FX_Fire_2_side_1	</identifier>
				<transform>
					<row0>	1.0000 0.0000 0.0000 0.0000	</row0>
					<row1>	0.0000 1.0000 0.0000 0.0000	</row1>
					<row2>	0.0000 0.0000 1.0000 0.0000	</row2>
					<row3>	-0.2576 0.3614 1.7210 1.0000	</row3>
				</transform>
			</node>
			<node>
				<identifier>	HP_FX_Fire_2_side_2	</identifier>
				<transform>
					<row0>	1.0000 0.0000 0.0000 0.0000	</row0>
					<row1>	0.0000 1.0000 0.0000 0.0000	</row1>
					<row2>	0.0000 0.0000 1.0000 0.0000	</row2>
					<row3>	0.2392 0.4295 0.7993 1.0000	</row3>
				</transform>
			</node>
			<node>
				<identifier>	HP_FX_Flood_steam_2	</identifier>
				<transform>
					<row0>	0.6810 -0.7019 -0.2089 0.0000	</row0>
					<row1>	0.6847 0.7114 -0.1585 0.0000	</row1>
					<row2>	0.2598 -0.0351 0.9650 0.0000	</row2>
					<row3>	0.1089 0.8346 0.7266 1.0000	</row3>
				</transform>
			</node>
			<node>
				<identifier>	HP_FX_Flood_steam_3	</identifier>
				<transform>
					<row0>	0.7944 0.6073 0.0000 0.0000	</row0>
					<row1>	-0.6073 0.7944 0.0000 0.0000	</row1>
					<row2>	0.0000 0.0000 1.0000 0.0000	</row2>
					<row3>	-0.0991 0.8356 0.7296 1.0000	</row3>
				</transform>
			</node>
			<node>
				<identifier>	HP_FX_Flood_steam_left	</identifier>
				<transform>
					<row0>	-1.0000 0.0000 0.0000 0.0000	</row0>
					<row1>	0.0000 1.0000 0.0000 0.0000	</row1>
					<row2>	0.0000 0.0000 -1.0000 0.0000	</row2>
					<row3>	-0.1989 0.4228 2.1899 1.0000	</row3>
				</transform>
			</node>
			<node>
				<identifier>	HP_FX_Flood_water_left	</identifier>
				<transform>
					<row0>	-1.0000 0.0000 0.0000 0.0000	</row0>
					<row1>	0.0000 1.0000 0.0000 0.0000	</row1>
					<row2>	0.0000 0.0000 -1.0000 0.0000	</row2>
					<row3>	-0.3563 0.0068 0.7355 1.0000	</row3>
				</transform>
			</node>
			<node>
				<identifier>	HP_FX_Flood_water_right	</identifier>
				<transform>
					<row0>	1.0000 0.0000 0.0000 0.0000	</row0>
					<row1>	0.0000 1.0000 0.0000 0.0000	</row1>
					<row2>	0.0000 0.0000 1.0000 0.0000	</row2>
					<row3>	0.3562 0.0057 0.7360 1.0000	</row3>
				</transform>
			</node>
			<node>
				<identifier>	HP_FX_Smoke_1	</identifier>
				<transform>
					<row0>	1.0000 0.0000 0.0000 0.0000	</row0>
					<row1>	0.0000 0.9964 -0.0848 0.0000	</row1>
					<row2>	0.0000 0.0848 0.9964 0.0000	</row2>
					<row3>	0.0000 0.8211 0.8461 1.0000	</row3>
				</transform>
			</node>
			<node>
				<identifier>	HP_RD_1	</identifier>
				<transform>
					<row0>	1.0000 0.0000 0.0000 0.0000	</row0>
					<row1>	0.0000 1.0000 0.0000 0.0000	</row1>
					<row2>	0.0000 0.0000 1.0000 0.0000	</row2>
					<row3>	0.0000 0.7482 2.3907 1.0000	</row3>
				</transform>
			</node>
			<node>
				<identifier>	HP_RF_1	</identifier>
				<transform>
					<row0>	1.0000 0.0000 0.0000 0.0000	</row0>
					<row1>	0.0000 1.0000 0.0000 0.0000	</row1>
					<row2>	0.0000 0.0000 1.0000 0.0000	</row2>
					<row3>	0.0000 0.8240 2.0315 1.0000	</row3>
				</transform>
			</node>
			<node>
				<identifier>	HP_RGA_1	</identifier>
				<transform>
					<row0>	0.4067 0.0000 0.9135 0.0000	</row0>
					<row1>	0.0000 1.0000 0.0000 0.0000	</row1>
					<row2>	-0.9135 0.0000 0.4067 0.0000	</row2>
					<row3>	-0.1944 0.4505 2.5068 1.0000	</row3>
				</transform>
			</node>
			<node>
				<identifier>	HP_RGA_2	</identifier>
				<transform>
					<row0>	0.4067 0.0000 -0.9135 0.0000	</row0>
					<row1>	0.0000 1.0000 0.0000 0.0000	</row1>
					<row2>	0.9135 0.0000 0.4067 0.0000	</row2>
					<row3>	0.1944 0.4505 2.5068 1.0000	</row3>
				</transform>
			</node>
			<node>
				<identifier>	HP_RGA_3	</identifier>
				<transform>
					<row0>	0.7071 0.0000 0.7071 0.0000	</row0>
					<row1>	0.0000 1.0000 0.0000 0.0000	</row1>
					<row2>	-0.7071 0.0000 0.7071 0.0000	</row2>
					<row3>	-0.1963 0.7499 2.1333 1.0000	</row3>
				</transform>
			</node>
			<node>
				<identifier>	HP_RGA_4	</identifier>
				<transform>
					<row0>	0.7071 0.0000 -0.7071 0.0000	</row0>
					<row1>	0.0000 1.0000 0.0000 0.0000	</row1>
					<row2>	0.7071 0.0000 0.7071 0.0000	</row2>
					<row3>	0.1963 0.7499 2.1333 1.0000	</row3>
				</transform>
			</node>
			<node>
				<identifier>	HP_RGA_5	</identifier>
				<transform>
					<row0>	0.0000 0.0000 1.0000 0.0000	</row0>
					<row1>	0.0000 1.0000 0.0000 0.0000	</row1>
					<row2>	-1.0000 0.0000 0.0000 0.0000	</row2>
					<row3>	-0.2623 0.2979 1.7270 1.0000	</row3>
				</transform>
			</node>
			<node>
				<identifier>	HP_RGA_6	</identifier>
				<transform>
					<row0>	0.0000 0.0000 -1.0000 0.0000	</row0>
					<row1>	0.0000 1.0000 0.0000 0.0000	</row1>
					<row2>	1.0000 0.0000 0.0000 0.0000	</row2>
					<row3>	0.2623 0.2979 1.7270 1.0000	</row3>
				</transform>
			</node>
			<node>
				<identifier>	HP_RGM_2	</identifier>
				<transform>
					<row0>	1.0000 0.0000 0.0000 0.0000	</row0>
					<row1>	0.0000 1.0000 0.0000 0.0000	</row1>
					<row2>	0.0000 0.0000 1.0000 0.0000	</row2>
					<row3>	0.0000 0.4512 2.7361 1.0000	</row3>
				</transform>
			</node>
			<node>
				<identifier>	HP_RGM_3	</identifier>
				<transform>
					<row0>	-1.0000 0.0000 0.0000 0.0000	</row0>
					<row1>	0.0000 1.0000 0.0000 0.0000	</row1>
					<row2>	0.0000 0.0000 -1.0000 0.0000	</row2>
					<row3>	0.0000 0.2981 1.5560 1.0000	</row3>
				</transform>
			</node>
			<node>
				<identifier>	HP_RRS_1	</identifier>
				<transform>
					<row0>	1.0000 0.0000 0.0000 0.0000	</row0>
					<row1>	0.0000 1.0000 0.0000 0.0000	</row1>
					<row2>	0.0000 0.0000 1.0000 0.0000	</row2>
					<row3>	0.0000 1.4077 1.8692 1.0000	</row3>
				</transform>
			</node>
			<node>
				<identifier>	HP_RRS_2	</identifier>
				<transform>
					<row0>	-1.0000 0.0000 0.0000 0.0000	</row0>
					<row1>	0.0000 1.0000 0.0000 0.0000	</row1>
					<row2>	0.0000 0.0000 -1.0000 0.0000	</row2>
					<row3>	0.0000 1.4810 1.8238 1.0000	</row3>
				</transform>
			</node>
			<node>
				<identifier>	HP_flag_1	</identifier>
				<transform>
					<row0>	0.9845 -0.1746 -0.0132 0.0000	</row0>
					<row1>	0.1746 0.9733 0.1493 0.0000	</row1>
					<row2>	-0.0132 -0.1493 0.9887 0.0000	</row2>
					<row3>	0.1567 1.3732 1.8452 1.0000	</row3>
				</transform>
			</node>
			<node>
				<identifier>	HP_flag_2	</identifier>
				<transform>
					<row0>	0.9845 0.1746 0.0132 0.0000	</row0>
					<row1>	-0.1746 0.9733 0.1493 0.0000	</row1>
					<row2>	0.0132 -0.1493 0.9887 0.0000	</row2>
					<row3>	-0.1567 1.3732 1.8452 1.0000	</row3>
				</transform>
			</node>
			<node>
				<identifier>	HP_flag_3	</identifier>
				<transform>
					<row0>	0.9933 -0.1155 -0.0088 0.0000	</row0>
					<row1>	0.1155 0.9818 0.1506 0.0000	</row1>
					<row2>	-0.0088 -0.1506 0.9886 0.0000	</row2>
					<row3>	0.0903 1.3731 1.8452 1.0000	</row3>
				</transform>
			</node>
			<node>
				<identifier>	HP_flag_4	</identifier>
				<transform>
					<row0>	0.9931 0.1171 0.0089 0.0000	</row0>
					<row1>	-0.1171 0.9816 0.1506 0.0000	</row1>
					<row2>	0.0089 -0.1506 0.9886 0.0000	</row2>
					<row3>	-0.0912 1.3731 1.8452 1.0000	</row3>
				</transform>
			</node>
			<node>
				<identifier>	HP_flag_courtesy	</identifier>
				<transform>
					<row0>	0.9916 -0.1288 -0.0098 0.0000	</row0>
					<row1>	0.1288 0.9801 0.1511 0.0000	</row1>
					<row2>	-0.0098 -0.1511 0.9885 0.0000	</row2>
					<row3>	0.1535 1.1236 1.8455 1.0000	</row3>
				</transform>
			</node>
			<node>
				<identifier>	HP_flag_house	</identifier>
				<transform>
					<row0>	0.9916 0.1288 0.0098 0.0000	</row0>
					<row1>	-0.1288 0.9801 0.1511 0.0000	</row1>
					<row2>	0.0098 -0.1511 0.9885 0.0000	</row2>
					<row3>	-0.1535 1.1236 1.8455 1.0000	</row3>
				</transform>
			</node>
			<node>
				<identifier>	MP_CM011_Fire_Fighting_Gear	</identifier>
				<transform>
					<row0>	-0.9074 0.0000 0.4203 0.0000	</row0>
					<row1>	0.0000 1.0000 0.0000 0.0000	</row1>
					<row2>	-0.4203 0.0000 -0.9074 0.0000	</row2>
					<row3>	0.1977 0.1538 0.1806 1.0000	</row3>
				</transform>
			</node>
			<node>
				<identifier>	MP_CM011_Fire_Fighting_Gear_INDEX_1	</identifier>
				<transform>
					<row0>	0.9671 0.0000 -0.2543 0.0000	</row0>
					<row1>	0.0000 1.0000 0.0000 0.0000	</row1>
					<row2>	0.2543 0.0000 0.9671 0.0000	</row2>
					<row3>	-0.1831 0.3104 2.6275 1.0000	</row3>
				</transform>
			</node>
			<node>
				<identifier>	MP_CM011_Fire_Fighting_Gear_INDEX_2	</identifier>
				<transform>
					<row0>	0.9671 0.0000 0.2543 0.0000	</row0>
					<row1>	0.0000 1.0000 0.0000 0.0000	</row1>
					<row2>	-0.2543 0.0000 0.9671 0.0000	</row2>
					<row3>	0.1841 0.3104 2.6277 1.0000	</row3>
				</transform>
			</node>
			<node>
				<identifier>	MP_CM011_Fire_Fighting_Gear_INDEX_3	</identifier>
				<transform>
					<row0>	0.0000 0.0000 -1.0000 0.0000	</row0>
					<row1>	0.0000 1.0000 0.0000 0.0000	</row1>
					<row2>	1.0000 0.0000 0.0000 0.0000	</row2>
					<row3>	0.0064 0.4515 2.3963 1.0000	</row3>
				</transform>
			</node>
			<node>
				<identifier>	MP_CM014_Fuel_Oil_Hose	</identifier>
				<transform>
					<row0>	1.0000 0.0000 0.0000 0.0000	</row0>
					<row1>	0.0000 1.0000 0.0000 0.0000	</row1>
					<row2>	0.0000 0.0000 1.0000 0.0000	</row2>
					<row3>	-0.1860 0.3918 2.4156 1.0000	</row3>
				</transform>
			</node>
			<node>
				<identifier>	MP_CM018_Wood_Box_1	</identifier>
				<transform>
					<row0>	0.0000 0.0000 1.0000 0.0000	</row0>
					<row1>	0.0000 1.0000 0.0000 0.0000	</row1>
					<row2>	-1.0000 0.0000 0.0000 0.0000	</row2>
					<row3>	0.0000 0.2974 0.2434 1.0000	</row3>
				</transform>
			</node>
			<node>
				<identifier>	MP_CM018_Wood_Box_1_INDEX_1	</identifier>
				<transform>
					<row0>	0.0000 0.0000 1.0000 0.0000	</row0>
					<row1>	0.0000 1.0000 0.0000 0.0000	</row1>
					<row2>	-1.0000 0.0000 0.0000 0.0000	</row2>
					<row3>	0.0000 0.3186 0.2169 1.0000	</row3>
				</transform>
			</node>
			<node>
				<identifier>	MP_CM018_Wood_Box_1_INDEX_2	</identifier>
				<transform>
					<row0>	0.0000 0.0000 1.0000 0.0000	</row0>
					<row1>	0.0000 1.0000 0.0000 0.0000	</row1>
					<row2>	-1.0000 0.0000 0.0000 0.0000	</row2>
					<row3>	0.0000 0.2975 0.1850 1.0000	</row3>
				</transform>
			</node>
			<node>
				<identifier>	MP_CM029_Emergency_Box	</identifier>
				<transform>
					<row0>	0.0000 0.0000 -1.0000 0.0000	</row0>
					<row1>	0.0000 1.0000 0.0000 0.0000	</row1>
					<row2>	1.0000 0.0000 0.0000 0.0000	</row2>
					<row3>	-0.1170 0.5136 2.0912 1.0000	</row3>
				</transform>
			</node>
			<node>
				<identifier>	MP_CM029_Emergency_Box_INDEX_1	</identifier>
				<transform>
					<row0>	0.0000 0.0000 -1.0000 0.0000	</row0>
					<row1>	0.0000 1.0000 0.0000 0.0000	</row1>
					<row2>	1.0000 0.0000 0.0000 0.0000	</row2>
					<row3>	-0.1127 0.6559 2.2704 1.0000	</row3>
				</transform>
			</node>
			<node>
				<identifier>	MP_CM029_Emergency_Box_INDEX_2	</identifier>
				<transform>
					<row0>	1.0000 0.0000 0.0000 0.0000	</row0>
					<row1>	0.0000 1.0000 0.0000 0.0000	</row1>
					<row2>	0.0000 0.0000 1.0000 0.0000	</row2>
					<row3>	-0.2260 0.2128 1.5680 1.0000	</row3>
				</transform>
			</node>
			<node>
				<identifier>	MP_CM029_Emergency_Box_INDEX_3	</identifier>
				<transform>
					<row0>	1.0000 0.0000 0.0000 0.0000	</row0>
					<row1>	0.0000 1.0000 0.0000 0.0000	</row1>
					<row2>	0.0000 0.0000 1.0000 0.0000	</row2>
					<row3>	0.2260 0.2128 1.5680 1.0000	</row3>
				</transform>
			</node>
			<node>
				<identifier>	MP_CM029_Emergency_Box_INDEX_4	</identifier>
				<transform>
					<row0>	0.0000 0.0000 1.0000 0.0000	</row0>
					<row1>	0.0000 1.0000 0.0000 0.0000	</row1>
					<row2>	-1.0000 0.0000 0.0000 0.0000	</row2>
					<row3>	0.1127 0.6559 2.2704 1.0000	</row3>
				</transform>
			</node>
			<node>
				<identifier>	MP_CM029_Emergency_Box_INDEX_5	</identifier>
				<transform>
					<row0>	0.0000 0.0000 1.0000 0.0000	</row0>
					<row1>	0.0000 1.0000 0.0000 0.0000	</row1>
					<row2>	-1.0000 0.0000 0.0000 0.0000	</row2>
					<row3>	0.1170 0.5136 2.0912 1.0000	</row3>
				</transform>
			</node>
			<node>
				<identifier>	MP_CM029_Emergency_Box_INDEX_6	</identifier>
				<transform>
					<row0>	0.0000 0.0000 1.0000 0.0000	</row0>
					<row1>	0.0000 1.0000 0.0000 0.0000	</row1>
					<row2>	-1.0000 0.0000 0.0000 0.0000	</row2>
					<row3>	0.1852 0.3600 2.4657 1.0000	</row3>
				</transform>
			</node>
			<node>
				<identifier>	MP_CM052_Fender	</identifier>
				<transform>
					<row0>	0.0000 0.0000 0.7000 0.0000	</row0>
					<row1>	0.0000 0.7000 0.0000 0.0000	</row1>
					<row2>	-0.7000 0.0000 0.0000 0.0000	</row2>
					<row3>	-0.2072 0.3103 2.5872 1.0000	</row3>
				</transform>
			</node>
			<node>
				<identifier>	MP_CM052_Fender_INDEX_1	</identifier>
				<transform>
					<row0>	0.0000 0.0000 -0.7000 0.0000	</row0>
					<row1>	0.0000 0.7000 0.0000 0.0000	</row1>
					<row2>	0.7000 0.0000 0.0000 0.0000	</row2>
					<row3>	0.2066 0.3106 2.5483 1.0000	</row3>
				</transform>
			</node>
			<node>
				<identifier>	MP_CM056_Ships_bell	</identifier>
				<transform>
					<row0>	0.5302 0.0000 0.0000 0.0000	</row0>
					<row1>	0.0000 0.5302 0.0000 0.0000	</row1>
					<row2>	0.0000 0.0000 0.5302 0.0000	</row2>
					<row3>	-0.0770 0.4265 1.8270 1.0000	</row3>
				</transform>
			</node>
			<node>
				<identifier>	MP_CM057_Accommodation_Ladder_Closed	</identifier>
				<transform>
					<row0>	0.0000 1.0000 0.0000 0.0000	</row0>
					<row1>	-0.9993 0.0000 0.0385 0.0000	</row1>
					<row2>	0.0385 0.0000 0.9993 0.0000	</row2>
					<row3>	-0.3612 0.1942 0.8911 1.0000	</row3>
				</transform>
			</node>
			<node>
				<identifier>	MP_CM057_Accommodation_Ladder_Closed_INDEX_1	</identifier>
				<transform>
					<row0>	0.0000 -1.0000 0.0000 0.0000	</row0>
					<row1>	0.9987 0.0000 0.0500 0.0000	</row1>
					<row2>	-0.0500 0.0000 0.9987 0.0000	</row2>
					<row3>	0.3464 0.1917 1.2448 1.0000	</row3>
				</transform>
			</node>
			<node>
				<identifier>	MP_CM082_Rope	</identifier>
				<transform>
					<row0>	-0.3690 0.0000 -0.1352 0.0000	</row0>
					<row1>	0.0000 0.3930 0.0000 0.0000	</row1>
					<row2>	0.1352 0.0000 -0.3690 0.0000	</row2>
					<row3>	0.3398 0.3930 0.9470 1.0000	</row3>
				</transform>
			</node>
			<node>
				<identifier>	MP_CM082_Rope_INDEX_1	</identifier>
				<transform>
					<row0>	-0.3280 -0.0191 0.2156 0.0000	</row0>
					<row1>	-0.0160 0.3926 0.0105 0.0000	</row1>
					<row2>	-0.2159 0.0000 -0.3284 0.0000	</row2>
					<row3>	-0.3401 0.3928 0.9472 1.0000	</row3>
				</transform>
			</node>
			<node>
				<identifier>	MP_CM082_Rope_INDEX_2	</identifier>
				<transform>
					<row0>	0.3545 0.0000 -0.1696 0.0000	</row0>
					<row1>	0.0000 0.3930 0.0000 0.0000	</row1>
					<row2>	0.1696 0.0000 0.3545 0.0000	</row2>
					<row3>	0.3510 0.4223 0.4911 1.0000	</row3>
				</transform>
			</node>
			<node>
				<identifier>	MP_CM082_Rope_INDEX_3	</identifier>
				<transform>
					<row0>	0.3770 0.0000 0.1109 0.0000	</row0>
					<row1>	0.0000 0.3930 0.0000 0.0000	</row1>
					<row2>	-0.1109 0.0000 0.3770 0.0000	</row2>
					<row3>	-0.3509 0.4223 0.4911 1.0000	</row3>
				</transform>
			</node>
			<node>
				<identifier>	MP_CM088_Swab_Rack	</identifier>
				<transform>
					<row0>	-1.0000 0.0000 0.0000 0.0000	</row0>
					<row1>	0.0000 1.0000 0.0000 0.0000	</row1>
					<row2>	0.0000 0.0000 -1.0000 0.0000	</row2>
					<row3>	-0.2844 0.1494 1.5709 1.0000	</row3>
				</transform>
			</node>
			<node>
				<identifier>	MP_CM088_Swab_Rack_INDEX_1	</identifier>
				<transform>
					<row0>	-1.0000 0.0000 0.0000 0.0000	</row0>
					<row1>	0.0000 1.0000 0.0000 0.0000	</row1>
					<row2>	0.0000 0.0000 -1.0000 0.0000	</row2>
					<row3>	0.0385 0.2977 1.8391 1.0000	</row3>
				</transform>
			</node>
			<node>
				<identifier>	MP_CM112_Fire_Extinguisher	</identifier>
				<transform>
					<row0>	0.0000 0.0000 1.0000 0.0000	</row0>
					<row1>	0.0000 1.0000 0.0000 0.0000	</row1>
					<row2>	-1.0000 0.0000 0.0000 0.0000	</row2>
					<row3>	-0.0188 0.3374 1.8339 1.0000	</row3>
				</transform>
			</node>
			<node>
				<identifier>	MP_RM008_Voice_Tube	</identifier>
				<transform>
					<row0>	0.0000 0.0000 -1.0000 0.0000	</row0>
					<row1>	0.0000 1.0000 0.0000 0.0000	</row1>
					<row2>	1.0000 0.0000 0.0000 0.0000	</row2>
					<row3>	0.0955 0.5939 2.2424 1.0000	</row3>
				</transform>
			</node>
			<node>
				<identifier>	MP_RM008_Voice_Tube_INDEX_1	</identifier>
				<transform>
					<row0>	0.9492 0.0000 -0.3147 0.0000	</row0>
					<row1>	0.0000 1.0000 0.0000 0.0000	</row1>
					<row2>	0.3147 0.0000 0.9492 0.0000	</row2>
					<row3>	0.0924 0.7350 2.3558 1.0000	</row3>
				</transform>
			</node>
			<node>
				<identifier>	MP_RM008_Voice_Tube_INDEX_10	</identifier>
				<transform>
					<row0>	-0.5864 0.0000 -0.8100 0.0000	</row0>
					<row1>	0.0000 1.0000 0.0000 0.0000	</row1>
					<row2>	0.8100 0.0000 -0.5864 0.0000	</row2>
					<row3>	0.1745 0.2980 1.4684 1.0000	</row3>
				</transform>
			</node>
			<node>
				<identifier>	MP_RM008_Voice_Tube_INDEX_11	</identifier>
				<transform>
					<row0>	-0.5864 0.0000 0.8100 0.0000	</row0>
					<row1>	0.0000 1.0000 0.0000 0.0000	</row1>
					<row2>	-0.8100 0.0000 -0.5864 0.0000	</row2>
					<row3>	-0.1745 0.2980 1.4684 1.0000	</row3>
				</transform>
			</node>
			<node>
				<identifier>	MP_RM008_Voice_Tube_INDEX_12	</identifier>
				<transform>
					<row0>	-0.9138 0.0000 0.4061 0.0000	</row0>
					<row1>	0.0000 1.0000 0.0000 0.0000	</row1>
					<row2>	-0.4061 0.0000 -0.9138 0.0000	</row2>
					<row3>	-0.0229 1.2267 1.8299 1.0000	</row3>
				</transform>
			</node>
			<node>
				<identifier>	MP_RM008_Voice_Tube_INDEX_13	</identifier>
				<transform>
					<row0>	0.5133 0.0000 -0.8582 0.0000	</row0>
					<row1>	0.0000 1.0000 0.0000 0.0000	</row1>
					<row2>	0.8582 0.0000 0.5133 0.0000	</row2>
					<row3>	0.1710 0.4512 2.6262 1.0000	</row3>
				</transform>
			</node>
			<node>
				<identifier>	MP_RM008_Voice_Tube_INDEX_14	</identifier>
				<transform>
					<row0>	0.9492 0.0000 0.3147 0.0000	</row0>
					<row1>	0.0000 1.0000 0.0000 0.0000	</row1>
					<row2>	-0.3147 0.0000 0.9492 0.0000	</row2>
					<row3>	-0.0924 0.7350 2.3558 1.0000	</row3>
				</transform>
			</node>
			<node>
				<identifier>	MP_RM008_Voice_Tube_INDEX_15	</identifier>
				<transform>
					<row0>	0.0000 0.0000 1.0000 0.0000	</row0>
					<row1>	0.0000 1.0000 0.0000 0.0000	</row1>
					<row2>	-1.0000 0.0000 0.0000 0.0000	</row2>
					<row3>	-0.0955 0.5939 2.2577 1.0000	</row3>
				</transform>
			</node>
			<node>
				<identifier>	MP_RM008_Voice_Tube_INDEX_2	</identifier>
				<transform>
					<row0>	0.5736 0.0000 -0.8192 0.0000	</row0>
					<row1>	0.0000 1.0000 0.0000 0.0000	</row1>
					<row2>	0.8192 0.0000 0.5736 0.0000	</row2>
					<row3>	0.0943 0.5939 2.3043 1.0000	</row3>
				</transform>
			</node>
			<node>
				<identifier>	MP_RM008_Voice_Tube_INDEX_3	</identifier>
				<transform>
					<row0>	0.0000 0.0000 -1.0000 0.0000	</row0>
					<row1>	0.0000 1.0000 0.0000 0.0000	</row1>
					<row2>	1.0000 0.0000 0.0000 0.0000	</row2>
					<row3>	0.0955 0.5939 2.2264 1.0000	</row3>
				</transform>
			</node>
			<node>
				<identifier>	MP_RM008_Voice_Tube_INDEX_4	</identifier>
				<transform>
					<row0>	0.5736 0.0000 0.8192 0.0000	</row0>
					<row1>	0.0000 1.0000 0.0000 0.0000	</row1>
					<row2>	-0.8192 0.0000 0.5736 0.0000	</row2>
					<row3>	-0.0822 0.5939 2.3426 1.0000	</row3>
				</transform>
			</node>
			<node>
				<identifier>	MP_RM008_Voice_Tube_INDEX_5	</identifier>
				<transform>
					<row0>	0.0000 0.0000 1.0000 0.0000	</row0>
					<row1>	0.0000 1.0000 0.0000 0.0000	</row1>
					<row2>	-1.0000 0.0000 0.0000 0.0000	</row2>
					<row3>	-0.0955 0.5939 2.2424 1.0000	</row3>
				</transform>
			</node>
			<node>
				<identifier>	MP_RM008_Voice_Tube_INDEX_6	</identifier>
				<transform>
					<row0>	0.0000 0.0000 1.0000 0.0000	</row0>
					<row1>	0.0000 1.0000 0.0000 0.0000	</row1>
					<row2>	-1.0000 0.0000 0.0000 0.0000	</row2>
					<row3>	-0.0955 0.5939 2.2264 1.0000	</row3>
				</transform>
			</node>
			<node>
				<identifier>	MP_RM008_Voice_Tube_INDEX_7	</identifier>
				<transform>
					<row0>	0.5133 0.0000 0.8582 0.0000	</row0>
					<row1>	0.0000 1.0000 0.0000 0.0000	</row1>
					<row2>	-0.8582 0.0000 0.5133 0.0000	</row2>
					<row3>	-0.1721 0.4512 2.6264 1.0000	</row3>
				</transform>
			</node>
			<node>
				<identifier>	MP_RM008_Voice_Tube_INDEX_8	</identifier>
				<transform>
					<row0>	0.0000 0.0000 -1.0000 0.0000	</row0>
					<row1>	0.0000 1.0000 0.0000 0.0000	</row1>
					<row2>	1.0000 0.0000 0.0000 0.0000	</row2>
					<row3>	0.0955 0.5939 2.2577 1.0000	</row3>
				</transform>
			</node>
			<node>
				<identifier>	MP_RM008_Voice_Tube_INDEX_9	</identifier>
				<transform>
					<row0>	0.5736 0.0000 0.8192 0.0000	</row0>
					<row1>	0.0000 1.0000 0.0000 0.0000	</row1>
					<row2>	-0.8192 0.0000 0.5736 0.0000	</row2>
					<row3>	-0.0910 0.5939 2.3301 1.0000	</row3>
				</transform>
			</node>
			<node>
				<identifier>	MP_RM015_Bollard	</identifier>
				<transform>
					<row0>	0.9998 0.0000 -0.0176 0.0000	</row0>
					<row1>	0.0000 1.0000 0.0000 0.0000	</row1>
					<row2>	0.0176 0.0000 0.9998 0.0000	</row2>
					<row3>	-0.3610 0.1514 0.2384 1.0000	</row3>
				</transform>
			</node>
			<node>
				<identifier>	MP_RM015_Bollard_INDEX_1	</identifier>
				<transform>
					<row0>	0.9998 0.0000 0.0176 0.0000	</row0>
					<row1>	0.0000 1.0000 0.0000 0.0000	</row1>
					<row2>	-0.0176 0.0000 0.9998 0.0000	</row2>
					<row3>	0.3610 0.1514 0.2384 1.0000	</row3>
				</transform>
			</node>
			<node>
				<identifier>	MP_RM028_Signal_Lamp	</identifier>
				<transform>
					<row0>	0.8660 0.0000 0.5000 0.0000	</row0>
					<row1>	0.0000 1.0000 0.0000 0.0000	</row1>
					<row2>	-0.5000 0.0000 0.8660 0.0000	</row2>
					<row3>	0.0000 1.0263 1.8557 1.0000	</row3>
				</transform>
			</node>
			<node>
				<identifier>	MP_RM028_Signal_Lamp_INDEX_1	</identifier>
				<transform>
					<row0>	1.0000 0.0000 0.0000 0.0000	</row0>
					<row1>	0.0000 1.0000 0.0000 0.0000	</row1>
					<row2>	0.0000 0.0000 1.0000 0.0000	</row2>
					<row3>	0.0000 1.3489 1.8472 1.0000	</row3>
				</transform>
			</node>
			<node>
				<identifier>	MP_RM029_Signal_Lamp	</identifier>
				<transform>
					<row0>	2.2000 0.0000 0.0000 0.0000	</row0>
					<row1>	0.0000 2.2000 0.0000 0.0000	</row1>
					<row2>	0.0000 0.0000 2.2000 0.0000	</row2>
					<row3>	0.0000 1.4621 1.8325 1.0000	</row3>
				</transform>
			</node>
			<node>
				<identifier>	MP_RM058_Antenna	</identifier>
				<transform>
					<row0>	0.0000 0.0000 -1.0000 0.0000	</row0>
					<row1>	0.0000 1.0000 0.0000 0.0000	</row1>
					<row2>	1.0000 0.0000 0.0000 0.0000	</row2>
					<row3>	0.0381 1.2617 1.8428 1.0000	</row3>
				</transform>
			</node>
			<node>
				<identifier>	MP_RM058_Antenna_INDEX_1	</identifier>
				<transform>
					<row0>	0.0000 0.0000 1.0000 0.0000	</row0>
					<row1>	0.0000 1.0000 0.0000 0.0000	</row1>
					<row2>	-1.0000 0.0000 0.0000 0.0000	</row2>
					<row3>	-0.0381 1.2617 1.8428 1.0000	</row3>
				</transform>
			</node>
			<node>
				<identifier>	MP_RM060_Hatch	</identifier>
				<transform>
					<row0>	0.0000 0.0000 -1.0000 0.0000	</row0>
					<row1>	0.0000 1.0000 0.0000 0.0000	</row1>
					<row2>	1.0000 0.0000 0.0000 0.0000	</row2>
					<row3>	0.2485 0.1454 1.5426 1.0000	</row3>
				</transform>
			</node>
			<node>
				<identifier>	MP_RM061_Basket_Rope	</identifier>
				<transform>
					<row0>	0.3137 0.0000 -0.9495 0.0000	</row0>
					<row1>	0.0000 1.0000 0.0000 0.0000	</row1>
					<row2>	0.9495 0.0000 0.3137 0.0000	</row2>
					<row3>	0.1713 0.2977 0.5488 1.0000	</row3>
				</transform>
			</node>
			<node>
				<identifier>	MP_RM061_Basket_Rope_INDEX_1	</identifier>
				<transform>
					<row0>	0.7071 0.0000 0.7071 0.0000	</row0>
					<row1>	0.0000 1.0000 0.0000 0.0000	</row1>
					<row2>	-0.7071 0.0000 0.7071 0.0000	</row2>
					<row3>	-0.1713 0.2977 0.6859 1.0000	</row3>
				</transform>
			</node>
			<node>
				<identifier>	MP_RM064_Ventilators_1	</identifier>
				<transform>
					<row0>	1.0000 0.0000 0.0000 0.0000	</row0>
					<row1>	0.0000 1.0000 0.0000 0.0000	</row1>
					<row2>	0.0000 0.0000 1.0000 0.0000	</row2>
					<row3>	0.1629 0.2977 1.3976 1.0000	</row3>
				</transform>
			</node>
			<node>
				<identifier>	MP_RM064_Ventilators_1_INDEX_1	</identifier>
				<transform>
					<row0>	1.0000 0.0000 0.0000 0.0000	</row0>
					<row1>	0.0000 1.0000 0.0000 0.0000	</row1>
					<row2>	0.0000 0.0000 1.0000 0.0000	</row2>
					<row3>	-0.1629 0.2977 1.3976 1.0000	</row3>
				</transform>
			</node>
			<node>
				<identifier>	MP_RM065_Ammunition_Box	</identifier>
				<transform>
					<row0>	0.3539 -0.0085 -0.9352 0.0000	</row0>
					<row1>	-0.0011 1.0000 -0.0095 0.0000	</row1>
					<row2>	0.9353 0.0044 0.3539 0.0000	</row2>
					<row3>	-0.1346 0.3016 1.8853 1.0000	</row3>
				</transform>
			</node>
			<node>
				<identifier>	MP_RM065_Ammunition_Box_INDEX_1	</identifier>
				<transform>
					<row0>	0.3539 -0.0085 -0.9352 0.0000	</row0>
					<row1>	-0.0011 1.0000 -0.0095 0.0000	</row1>
					<row2>	0.9353 0.0044 0.3539 0.0000	</row2>
					<row3>	-0.1503 0.3020 1.9267 1.0000	</row3>
				</transform>
			</node>
			<node>
				<identifier>	MP_RM065_Ammunition_Box_INDEX_2	</identifier>
				<transform>
					<row0>	0.3539 0.0085 0.9352 0.0000	</row0>
					<row1>	0.0011 1.0000 -0.0095 0.0000	</row1>
					<row2>	-0.9353 0.0044 0.3539 0.0000	</row2>
					<row3>	0.1297 0.3015 1.8709 1.0000	</row3>
				</transform>
			</node>
			<node>
				<identifier>	MP_RM065_Ammunition_Box_INDEX_3	</identifier>
				<transform>
					<row0>	0.3539 0.0085 0.9352 0.0000	</row0>
					<row1>	0.0011 1.0000 -0.0095 0.0000	</row1>
					<row2>	-0.9353 0.0044 0.3539 0.0000	</row2>
					<row3>	0.1464 0.3019 1.9148 1.0000	</row3>
				</transform>
			</node>
			<node>
				<identifier>	MP_RM066_Ammunition_Box	</identifier>
				<transform>
					<row0>	-0.2512 0.0000 -0.6534 0.0000	</row0>
					<row1>	0.0000 0.7000 0.0000 0.0000	</row1>
					<row2>	0.6534 0.0000 -0.2512 0.0000	</row2>
					<row3>	0.1017 0.4506 1.8684 1.0000	</row3>
				</transform>
			</node>
			<node>
				<identifier>	MP_RM066_Ammunition_Box_INDEX_1	</identifier>
				<transform>
					<row0>	-0.2512 0.0000 0.6534 0.0000	</row0>
					<row1>	0.0000 0.7000 0.0000 0.0000	</row1>
					<row2>	-0.6534 0.0000 -0.2512 0.0000	</row2>
					<row3>	-0.1017 0.4506 1.8684 1.0000	</row3>
				</transform>
			</node>
			<node>
				<identifier>	MP_RM069_Telegraph	</identifier>
				<transform>
					<row0>	-1.0000 0.0000 0.0000 0.0000	</row0>
					<row1>	0.0000 1.0000 0.0000 0.0000	</row1>
					<row2>	0.0000 0.0000 -1.0000 0.0000	</row2>
					<row3>	0.0488 0.5932 2.3237 1.0000	</row3>
				</transform>
			</node>
			<node>
				<identifier>	MP_RM069_Telegraph_INDEX_1	</identifier>
				<transform>
					<row0>	-1.0000 0.0000 0.0000 0.0000	</row0>
					<row1>	0.0000 1.0000 0.0000 0.0000	</row1>
					<row2>	0.0000 0.0000 -1.0000 0.0000	</row2>
					<row3>	-0.0888 0.7351 2.1870 1.0000	</row3>
				</transform>
			</node>
			<node>
				<identifier>	MP_RM084_Running_Lights_R	</identifier>
				<transform>
					<row0>	1.0000 0.0000 0.0000 0.0000	</row0>
					<row1>	0.0000 1.0000 0.0000 0.0000	</row1>
					<row2>	0.0000 0.0000 1.0000 0.0000	</row2>
					<row3>	0.2180 0.6267 2.0919 1.0000	</row3>
				</transform>
			</node>
			<node>
				<identifier>	MP_RM085_Running_Lights_L	</identifier>
				<transform>
					<row0>	1.0000 0.0000 0.0000 0.0000	</row0>
					<row1>	0.0000 1.0000 0.0000 0.0000	</row1>
					<row2>	0.0000 0.0000 1.0000 0.0000	</row2>
					<row3>	-0.2180 0.6267 2.0919 1.0000	</row3>
				</transform>
			</node>
			<node>
				<identifier>	MP_RM096_Paravane	</identifier>
				<transform>
					<row0>	0.0000 0.9685 0.2492 0.0000	</row0>
					<row1>	0.9809 0.0485 -0.1886 0.0000	</row1>
					<row2>	-0.1947 0.2444 -0.9499 0.0000	</row2>
					<row3>	-0.2467 0.2108 0.5765 1.0000	</row3>
				</transform>
			</node>
			<node>
				<identifier>	MP_RM096_Paravane_INDEX_1	</identifier>
				<transform>
					<row0>	0.0000 0.9685 -0.2492 0.0000	</row0>
					<row1>	-0.9809 0.0485 0.1886 0.0000	</row1>
					<row2>	0.1947 0.2444 0.9499 0.0000	</row2>
					<row3>	0.2467 0.2108 0.3653 1.0000	</row3>
				</transform>
			</node>
			<node>
				<identifier>	MP_RM096_Paravane_INDEX_2	</identifier>
				<transform>
					<row0>	0.0000 -0.9685 -0.2492 0.0000	</row0>
					<row1>	-0.9809 0.0485 -0.1886 0.0000	</row1>
					<row2>	0.1947 0.2444 -0.9499 0.0000	</row2>
					<row3>	0.2467 0.2108 0.5765 1.0000	</row3>
				</transform>
			</node>
			<node>
				<identifier>	MP_RM096_Paravane_INDEX_3	</identifier>
				<transform>
					<row0>	0.0000 -0.9685 0.2492 0.0000	</row0>
					<row1>	0.9809 0.0485 0.1886 0.0000	</row1>
					<row2>	-0.1947 0.2444 0.9499 0.0000	</row2>
					<row3>	-0.2467 0.2108 0.3653 1.0000	</row3>
				</transform>
			</node>
			<node>
				<identifier>	MP_RM105_Signal_Lamp	</identifier>
				<transform>
					<row0>	0.6212 0.0000 0.7837 0.0000	</row0>
					<row1>	0.0000 1.0000 0.0000 0.0000	</row1>
					<row2>	-0.7837 0.0000 0.6212 0.0000	</row2>
					<row3>	-0.2126 0.8198 2.2406 1.0000	</row3>
				</transform>
			</node>
			<node>
				<identifier>	MP_RM105_Signal_Lamp_INDEX_1	</identifier>
				<transform>
					<row0>	0.6212 0.0000 -0.7837 0.0000	</row0>
					<row1>	0.0000 1.0000 0.0000 0.0000	</row1>
					<row2>	0.7837 0.0000 0.6212 0.0000	</row2>
					<row3>	0.2126 0.8198 2.2406 1.0000	</row3>
				</transform>
			</node>
			<node>
				<identifier>	MP_RM139_Insulator	</identifier>
				<transform>
					<row0>	0.0000 -1.0000 0.0000 0.0000	</row0>
					<row1>	0.9999 0.0000 0.0162 0.0000	</row1>
					<row2>	-0.0162 0.0000 0.9999 0.0000	</row2>
					<row3>	0.1116 0.5628 2.0665 1.0000	</row3>
				</transform>
			</node>
			<node>
				<identifier>	MP_RM139_Insulator_INDEX_1	</identifier>
				<transform>
					<row0>	0.0000 1.0000 0.0000 0.0000	</row0>
					<row1>	-0.9999 0.0000 0.0162 0.0000	</row1>
					<row2>	0.0162 0.0000 0.9999 0.0000	</row2>
					<row3>	-0.1112 0.5628 2.0947 1.0000	</row3>
				</transform>
			</node>
			<node>
				<identifier>	MP_RM139_Insulator_INDEX_2	</identifier>
				<transform>
					<row0>	0.0000 1.0000 0.0000 0.0000	</row0>
					<row1>	-0.9999 0.0000 0.0162 0.0000	</row1>
					<row2>	0.0162 0.0000 0.9999 0.0000	</row2>
					<row3>	-0.1116 0.5628 2.0665 1.0000	</row3>
				</transform>
			</node>
			<node>
				<identifier>	MP_RM139_Insulator_INDEX_3	</identifier>
				<transform>
					<row0>	0.0000 -1.0000 0.0000 0.0000	</row0>
					<row1>	1.0000 0.0000 0.0000 0.0000	</row1>
					<row2>	0.0000 0.0000 1.0000 0.0000	</row2>
					<row3>	0.0674 0.5614 1.8505 1.0000	</row3>
				</transform>
			</node>
			<node>
				<identifier>	MP_RM139_Insulator_INDEX_4	</identifier>
				<transform>
					<row0>	0.0000 -1.0000 0.0000 0.0000	</row0>
					<row1>	0.9999 0.0000 0.0162 0.0000	</row1>
					<row2>	-0.0162 0.0000 0.9999 0.0000	</row2>
					<row3>	0.1112 0.5628 2.0947 1.0000	</row3>
				</transform>
			</node>
			<node>
				<identifier>	MP_RM139_Insulator_INDEX_5	</identifier>
				<transform>
					<row0>	0.0000 1.0000 0.0000 0.0000	</row0>
					<row1>	-1.0000 0.0000 0.0000 0.0000	</row1>
					<row2>	0.0000 0.0000 1.0000 0.0000	</row2>
					<row3>	-0.0674 0.5614 1.8505 1.0000	</row3>
				</transform>
			</node>
			<node>
				<identifier>	MP_RM145_Turtles_Box	</identifier>
				<transform>
					<row0>	0.3379 0.0000 0.9412 0.0000	</row0>
					<row1>	0.0000 1.0000 0.0000 0.0000	</row1>
					<row2>	-0.9412 0.0000 0.3379 0.0000	</row2>
					<row3>	-0.1695 0.3110 2.6625 1.0000	</row3>
				</transform>
			</node>
			<node>
				<identifier>	MP_RM145_Turtles_Box_INDEX_1	</identifier>
				<transform>
					<row0>	1.0000 0.0000 0.0000 0.0000	</row0>
					<row1>	0.0000 1.0000 0.0000 0.0000	</row1>
					<row2>	0.0000 0.0000 1.0000 0.0000	</row2>
					<row3>	0.0430 0.4510 2.3929 1.0000	</row3>
				</transform>
			</node>
			<node>
				<identifier>	MP_RM145_Turtles_Box_INDEX_2	</identifier>
				<transform>
					<row0>	-1.0000 0.0000 0.0000 0.0000	</row0>
					<row1>	0.0000 1.0000 0.0000 0.0000	</row1>
					<row2>	0.0000 0.0000 -1.0000 0.0000	</row2>
					<row3>	-0.0633 0.3013 1.8371 1.0000	</row3>
				</transform>
			</node>
			<node>
				<identifier>	MP_RM145_Turtles_Box_INDEX_3	</identifier>
				<transform>
					<row0>	0.3379 0.0000 -0.9412 0.0000	</row0>
					<row1>	0.0000 1.0000 0.0000 0.0000	</row1>
					<row2>	0.9412 0.0000 0.3379 0.0000	</row2>
					<row3>	0.1695 0.3116 2.6625 1.0000	</row3>
				</transform>
			</node>
			<node>
				<identifier>	MP_RM148_Ammunition_Box	</identifier>
				<transform>
					<row0>	-0.6858 0.0000 -0.7278 0.0000	</row0>
					<row1>	0.0000 1.0000 0.0000 0.0000	</row1>
					<row2>	0.7278 0.0000 -0.6858 0.0000	</row2>
					<row3>	0.1009 0.2980 0.4478 1.0000	</row3>
				</transform>
			</node>
			<node>
				<identifier>	MP_RM148_Ammunition_Box_INDEX_1	</identifier>
				<transform>
					<row0>	0.0000 0.0000 1.0000 0.0000	</row0>
					<row1>	0.0000 1.0000 0.0000 0.0000	</row1>
					<row2>	-1.0000 0.0000 0.0000 0.0000	</row2>
					<row3>	-0.1746 0.2980 1.1470 1.0000	</row3>
				</transform>
			</node>
			<node>
				<identifier>	MP_RM148_Ammunition_Box_INDEX_2	</identifier>
				<transform>
					<row0>	0.0000 0.0000 1.0000 0.0000	</row0>
					<row1>	0.0000 1.0000 0.0000 0.0000	</row1>
					<row2>	-1.0000 0.0000 0.0000 0.0000	</row2>
					<row3>	-0.1746 0.2980 1.0745 1.0000	</row3>
				</transform>
			</node>
			<node>
				<identifier>	MP_RM148_Ammunition_Box_INDEX_3	</identifier>
				<transform>
					<row0>	-1.0000 0.0000 0.0000 0.0000	</row0>
					<row1>	0.0000 1.0000 0.0000 0.0000	</row1>
					<row2>	0.0000 0.0000 -1.0000 0.0000	</row2>
					<row3>	0.0308 0.2980 1.1290 1.0000	</row3>
				</transform>
			</node>
			<node>
				<identifier>	MP_RM148_Ammunition_Box_INDEX_4	</identifier>
				<transform>
					<row0>	-0.6858 0.0000 0.7278 0.0000	</row0>
					<row1>	0.0000 1.0000 0.0000 0.0000	</row1>
					<row2>	-0.7278 0.0000 -0.6858 0.0000	</row2>
					<row3>	-0.1009 0.2980 0.4478 1.0000	</row3>
				</transform>
			</node>
			<node>
				<identifier>	MP_RM148_Ammunition_Box_INDEX_5	</identifier>
				<transform>
					<row0>	-0.7386 0.0000 -0.6741 0.0000	</row0>
					<row1>	0.0000 1.0000 0.0000 0.0000	</row1>
					<row2>	0.6741 0.0000 -0.7386 0.0000	</row2>
					<row3>	-0.0989 0.4500 2.3849 1.0000	</row3>
				</transform>
			</node>
			<node>
				<identifier>	MP_RM148_Ammunition_Box_INDEX_6	</identifier>
				<transform>
					<row0>	0.0000 0.0000 1.0000 0.0000	</row0>
					<row1>	0.0000 1.0000 0.0000 0.0000	</row1>
					<row2>	-1.0000 0.0000 0.0000 0.0000	</row2>
					<row3>	-0.1746 0.2980 1.2203 1.0000	</row3>
				</transform>
			</node>
			<node>
				<identifier>	MP_RM148_Ammunition_Box_INDEX_7	</identifier>
				<transform>
					<row0>	-0.7386 0.0000 0.6741 0.0000	</row0>
					<row1>	0.0000 1.0000 0.0000 0.0000	</row1>
					<row2>	-0.6741 0.0000 -0.7386 0.0000	</row2>
					<row3>	0.0989 0.4500 2.3849 1.0000	</row3>
				</transform>
			</node>
			<node>
				<identifier>	MP_RM157_Freon_Cylinder_acetylene	</identifier>
				<transform>
					<row0>	0.2610 0.0093 0.9653 0.0000	</row0>
					<row1>	-0.0003 1.0000 -0.0096 0.0000	</row1>
					<row2>	-0.9653 0.0022 0.2610 0.0000	</row2>
					<row3>	-0.1676 0.3110 2.7199 1.0000	</row3>
				</transform>
			</node>
			<node>
				<identifier>	MP_RM157_Freon_Cylinder_acetylene_INDEX_1	</identifier>
				<transform>
					<row0>	0.2559 -0.0094 -0.9667 0.0000	</row0>
					<row1>	0.0003 1.0000 -0.0096 0.0000	</row1>
					<row2>	0.9667 0.0021 0.2559 0.0000	</row2>
					<row3>	0.1676 0.3110 2.7199 1.0000	</row3>
				</transform>
			</node>
			<node>
				<identifier>	MP_RM166_Platform_for_Gun	</identifier>
				<transform>
					<row0>	0.8000 0.0000 0.0000 0.0000	</row0>
					<row1>	0.0000 0.8000 0.0000 0.0000	</row1>
					<row2>	0.0000 0.0000 0.8000 0.0000	</row2>
					<row3>	-0.1962 0.7349 2.1331 1.0000	</row3>
				</transform>
			</node>
			<node>
				<identifier>	MP_RM166_Platform_for_Gun_INDEX_1	</identifier>
				<transform>
					<row0>	-0.8000 0.0000 0.0000 0.0000	</row0>
					<row1>	0.0000 0.8000 0.0000 0.0000	</row1>
					<row2>	0.0000 0.0000 -0.8000 0.0000	</row2>
					<row3>	0.1962 0.7349 2.1331 1.0000	</row3>
				</transform>
			</node>
			<node>
				<identifier>	MP_RM167_Motor_cutter_7_62m	</identifier>
				<transform>
					<row0>	1.0000 0.0000 0.0000 0.0000	</row0>
					<row1>	0.0000 1.0000 0.0000 0.0000	</row1>
					<row2>	0.0000 0.0000 1.0000 0.0000	</row2>
					<row3>	0.2340 0.3502 0.7163 1.0000	</row3>
				</transform>
			</node>
			<node>
				<identifier>	MP_RM167_Motor_cutter_7_62m_INDEX_1	</identifier>
				<transform>
					<row0>	1.0000 0.0000 0.0072 0.0000	</row0>
					<row1>	0.0000 1.0000 0.0000 0.0000	</row1>
					<row2>	-0.0072 0.0000 1.0000 0.0000	</row2>
					<row3>	-0.2321 0.3502 0.7163 1.0000	</row3>
				</transform>
			</node>
			<node>
				<identifier>	MP_RM173_Signal_lanp_450mm_MSPl452	</identifier>
				<transform>
					<row0>	1.0000 0.0000 0.0000 0.0000	</row0>
					<row1>	0.0000 1.0000 0.0000 0.0000	</row1>
					<row2>	0.0000 0.0000 1.0000 0.0000	</row2>
					<row3>	0.0000 1.2400 1.8751 1.0000	</row3>
				</transform>
			</node>
			<node>
				<identifier>	MP_RM194_Magnetic_Compass	</identifier>
				<transform>
					<row0>	-1.0000 0.0000 0.0000 0.0000	</row0>
					<row1>	0.0000 1.0000 0.0000 0.0000	</row1>
					<row2>	0.0000 0.0000 -1.0000 0.0000	</row2>
					<row3>	0.0000 0.7459 2.3236 1.0000	</row3>
				</transform>
			</node>
			<node>
				<identifier>	MP_RM194_Magnetic_Compass_INDEX_1	</identifier>
				<transform>
					<row0>	-1.0000 0.0000 0.0000 0.0000	</row0>
					<row1>	0.0000 1.0000 0.0000 0.0000	</row1>
					<row2>	0.0000 0.0000 -1.0000 0.0000	</row2>
					<row3>	-0.0019 0.5939 2.3671 1.0000	</row3>
				</transform>
			</node>
			<node>
				<identifier>	MP_RM196_Pelorus	</identifier>
				<transform>
					<row0>	0.0000 0.0000 -1.0000 0.0000	</row0>
					<row1>	0.0000 1.0000 0.0000 0.0000	</row1>
					<row2>	1.0000 0.0000 0.0000 0.0000	</row2>
					<row3>	0.1728 0.7472 2.0098 1.0000	</row3>
				</transform>
			</node>
			<node>
				<identifier>	MP_RM196_Pelorus_INDEX_1	</identifier>
				<transform>
					<row0>	0.0000 0.0000 1.0000 0.0000	</row0>
					<row1>	0.0000 1.0000 0.0000 0.0000	</row1>
					<row2>	-1.0000 0.0000 0.0000 0.0000	</row2>
					<row3>	-0.1728 0.7472 2.0098 1.0000	</row3>
				</transform>
			</node>
			<node>
				<identifier>	MP_RM199_Running_Lights_F	</identifier>
				<transform>
					<row0>	1.0000 0.0000 0.0000 0.0000	</row0>
					<row1>	0.0000 1.0000 0.0000 0.0000	</row1>
					<row2>	0.0000 0.0000 1.0000 0.0000	</row2>
					<row3>	0.0000 1.1660 1.8514 1.0000	</row3>
				</transform>
			</node>
			<node>
				<identifier>	MP_RM208_Flag_Box	</identifier>
				<transform>
					<row0>	1.0000 0.0000 0.0000 0.0000	</row0>
					<row1>	0.0000 1.0000 0.0000 0.0000	</row1>
					<row2>	0.0000 0.0000 1.0000 0.0000	</row2>
					<row3>	0.0000 0.7352 1.7908 1.0000	</row3>
				</transform>
			</node>
			<node>
				<identifier>	MP_RM214_Life_Buoy	</identifier>
				<transform>
					<row0>	-0.0907 0.0000 -0.9959 0.0000	</row0>
					<row1>	0.0000 1.0000 0.0000 0.0000	</row1>
					<row2>	0.9959 0.0000 -0.0907 0.0000	</row2>
					<row3>	-0.3418 0.3681 2.1642 1.0000	</row3>
				</transform>
			</node>
			<node>
