<BSC016_Neptune_1947_Bow_ports.visual>
	<node>
		<identifier>	Scene Root	</identifier>
		<transform>
			<row0>	1.0000 0.0000 0.0000 0.0000	</row0>
			<row1>	0.0000 1.0000 0.0000 0.0000	</row1>
			<row2>	0.0000 0.0000 1.0000 0.0000	</row2>
			<row3>	0.0000 0.0000 0.0000 1.0000	</row3>
		</transform>
		<node>
			<identifier>	Bow_ports	</identifier>
			<transform>
				<row0>	1.0000 0.0000 0.0000 0.0000	</row0>
				<row1>	0.0000 1.0000 0.0000 0.0000	</row1>
				<row2>	0.0000 0.0000 1.0000 0.0000	</row2>
				<row3>	0.0000 0.0000 0.0000 1.0000	</row3>
			</transform>
			<node>
				<identifier>	HP_BGM_1	</identifier>
				<transform>
					<row0>	1.0000 0.0000 0.0000 0.0000	</row0>
					<row1>	0.0000 1.0000 0.0000 0.0000	</row1>
					<row2>	0.0000 0.0000 1.0000 0.0000	</row2>
					<row3>	0.0000 0.5588 4.6775 1.0000	</row3>
				</transform>
			</node>
			<node>
				<identifier>	HP_FX_Death_1	</identifier>
				<transform>
					<row0>	1.0000 0.0000 0.0000 0.0000	</row0>
					<row1>	0.0000 1.0000 0.0000 0.0000	</row1>
					<row2>	0.0000 0.0000 1.0000 0.0000	</row2>
					<row3>	0.0000 0.0000 4.2970 1.0000	</row3>
				</transform>
			</node>
			<node>
				<identifier>	HP_FX_Fire_1	</identifier>
				<transform>
					<row0>	1.0000 0.0000 0.0000 0.0000	</row0>
					<row1>	0.0000 1.0000 0.0000 0.0000	</row1>
					<row2>	0.0000 0.0000 1.0000 0.0000	</row2>
					<row3>	0.0000 0.6116 5.5788 1.0000	</row3>
				</transform>
			</node>
			<node>
				<identifier>	HP_FX_WakeTrace	</identifier>
				<transform>
					<row0>	1.0000 0.0000 0.0000 0.0000	</row0>
					<row1>	0.0000 1.0000 0.0000 0.0000	</row1>
					<row2>	0.0000 0.0000 1.0000 0.0000	</row2>
					<row3>	0.0000 0.0000 6.5880 1.0000	</row3>
				</transform>
			</node>
			<node>
				<identifier>	HP_Ship_death_1	</identifier>
				<transform>
					<row0>	1.0000 0.0000 0.0000 0.0000	</row0>
					<row1>	0.0000 1.0000 0.0000 0.0000	</row1>
					<row2>	0.0000 0.0000 1.0000 0.0000	</row2>
					<row3>	0.0000 0.0000 4.2970 1.0000	</row3>
				</transform>
			</node>
			<node>
				<identifier>	MP_BM019_Reels_1	</identifier>
				<transform>
					<row0>	0.7544 -0.0586 -0.6538 0.0000	</row0>
					<row1>	0.0504 0.9982 -0.0314 0.0000	</row1>
					<row2>	0.6545 -0.0093 0.7560 0.0000	</row2>
					<row3>	0.3715 0.5298 4.9314 1.0000	</row3>
				</transform>
			</node>
			<node>
				<identifier>	MP_BM019_Reels_1_INDEX_1	</identifier>
				<transform>
					<row0>	0.7544 0.0586 0.6538 0.0000	</row0>
					<row1>	-0.0504 0.9982 -0.0314 0.0000	</row1>
					<row2>	-0.6545 -0.0093 0.7560 0.0000	</row2>
					<row3>	-0.3715 0.5298 4.9314 1.0000	</row3>
				</transform>
			</node>
			<node>
				<identifier>	MP_BM753_Deck_Hatch	</identifier>
				<transform>
					<row0>	0.0000 0.0000 -1.0000 0.0000	</row0>
					<row1>	0.0000 1.0000 0.0000 0.0000	</row1>
					<row2>	1.0000 0.0000 0.0000 0.0000	</row2>
					<row3>	0.1228 0.5465 5.0540 1.0000	</row3>
				</transform>
			</node>
			<node>
				<identifier>	MP_BM800_Ventilators_mushroom	</identifier>
				<transform>
					<row0>	-0.7869 0.0000 0.1440 0.0000	</row0>
					<row1>	0.0000 0.8000 0.0000 0.0000	</row1>
					<row2>	-0.1440 0.0000 -0.7869 0.0000	</row2>
					<row3>	-0.3795 0.5441 5.7018 1.0000	</row3>
				</transform>
			</node>
			<node>
				<identifier>	MP_BM800_Ventilators_mushroom_INDEX_1	</identifier>
				<transform>
					<row0>	-0.8000 0.0000 0.0000 0.0000	</row0>
					<row1>	0.0000 0.8000 0.0000 0.0000	</row1>
					<row2>	0.0000 0.0000 -0.8000 0.0000	</row2>
					<row3>	-0.1193 0.5694 5.9691 1.0000	</row3>
				</transform>
			</node>
			<node>
				<identifier>	MP_BM800_Ventilators_mushroom_INDEX_2	</identifier>
				<transform>
					<row0>	-1.2000 0.0000 0.0000 0.0000	</row0>
					<row1>	0.0000 1.2000 0.0000 0.0000	</row1>
					<row2>	0.0000 0.0000 -1.2000 0.0000	</row2>
					<row3>	0.0997 0.5609 5.6027 1.0000	</row3>
				</transform>
			</node>
			<node>
				<identifier>	MP_BM800_Ventilators_mushroom_INDEX_3	</identifier>
				<transform>
					<row0>	-0.7761 0.0000 0.1941 0.0000	</row0>
					<row1>	0.0000 0.8000 0.0000 0.0000	</row1>
					<row2>	-0.1941 0.0000 -0.7761 0.0000	</row2>
					<row3>	-0.2879 0.5619 6.0220 1.0000	</row3>
				</transform>
			</node>
			<node>
				<identifier>	MP_BM800_Ventilators_mushroom_INDEX_4	</identifier>
				<transform>
					<row0>	-0.7608 0.0000 0.2472 0.0000	</row0>
					<row1>	0.0000 0.8000 0.0000 0.0000	</row1>
					<row2>	-0.2472 0.0000 -0.7608 0.0000	</row2>
					<row3>	-0.2574 0.5671 6.1193 1.0000	</row3>
				</transform>
			</node>
			<node>
				<identifier>	MP_BM800_Ventilators_mushroom_INDEX_5	</identifier>
				<transform>
					<row0>	-0.7890 0.0000 -0.1319 0.0000	</row0>
					<row1>	0.0000 0.8000 0.0000 0.0000	</row1>
					<row2>	0.1319 0.0000 -0.7890 0.0000	</row2>
					<row3>	0.3788 0.5446 5.7024 1.0000	</row3>
				</transform>
			</node>
			<node>
				<identifier>	MP_BM800_Ventilators_mushroom_INDEX_6	</identifier>
				<transform>
					<row0>	-0.7975 0.0000 -0.0627 0.0000	</row0>
					<row1>	0.0000 0.8000 0.0000 0.0000	</row1>
					<row2>	0.0627 0.0000 -0.7975 0.0000	</row2>
					<row3>	0.2929 0.5622 6.0263 1.0000	</row3>
				</transform>
			</node>
			<node>
				<identifier>	MP_BM800_Ventilators_mushroom_INDEX_7	</identifier>
				<transform>
					<row0>	-0.8000 0.0000 0.0000 0.0000	</row0>
					<row1>	0.0000 0.8000 0.0000 0.0000	</row1>
					<row2>	0.0000 0.0000 -0.8000 0.0000	</row2>
					<row3>	-0.1071 0.5374 5.1178 1.0000	</row3>
				</transform>
			</node>
			<node>
				<identifier>	MP_BM800_Ventilators_mushroom_INDEX_8	</identifier>
				<transform>
					<row0>	-0.8000 0.0000 0.0000 0.0000	</row0>
					<row1>	0.0000 0.8000 0.0000 0.0000	</row1>
					<row2>	0.0000 0.0000 -0.8000 0.0000	</row2>
					<row3>	0.1071 0.5374 5.1178 1.0000	</row3>
				</transform>
			</node>
			<node>
				<identifier>	MP_BM858_Signal_Lamp	</identifier>
				<transform>
					<row0>	0.8660 0.0000 -0.5000 0.0000	</row0>
					<row1>	0.0000 1.0000 0.0000 0.0000	</row1>
					<row2>	0.5000 0.0000 0.8660 0.0000	</row2>
					<row3>	0.0184 1.0619 6.7001 1.0000	</row3>
				</transform>
			</node>
			<node>
				<identifier>	MP_BM862_Signal_Lamp	</identifier>
				<transform>
					<row0>	1.0000 0.0000 0.0000 0.0000	</row0>
					<row1>	0.0000 1.0000 0.0000 0.0000	</row1>
					<row2>	0.0000 0.0000 1.0000 0.0000	</row2>
					<row3>	0.0185 0.9552 6.6844 1.0000	</row3>
				</transform>
			</node>
			<node>
				<identifier>	MP_BM952_Bollard	</identifier>
				<transform>
					<row0>	1.0000 0.0000 0.0000 0.0000	</row0>
					<row1>	0.0000 0.9992 -0.0389 0.0000	</row1>
					<row2>	0.0000 0.0389 0.9992 0.0000	</row2>
					<row3>	0.0000 0.5578 5.3786 1.0000	</row3>
				</transform>
			</node>
			<node>
				<identifier>	MP_BM952_Bollard_INDEX_1	</identifier>
				<transform>
					<row0>	0.9717 0.0614 -0.2279 0.0000	</row0>
					<row1>	-0.0721 0.9966 -0.0389 0.0000	</row1>
					<row2>	0.2248 0.0542 0.9729 0.0000	</row2>
					<row3>	-0.4093 0.5421 5.4030 1.0000	</row3>
				</transform>
			</node>
			<node>
				<identifier>	MP_BM952_Bollard_INDEX_2	</identifier>
				<transform>
					<row0>	0.9717 -0.0614 0.2279 0.0000	</row0>
					<row1>	0.0721 0.9966 -0.0389 0.0000	</row1>
					<row2>	-0.2248 0.0542 0.9729 0.0000	</row2>
					<row3>	0.4093 0.5421 5.4030 1.0000	</row3>
				</transform>
			</node>
			<node>
				<identifier>	MP_BM957_Anchor_Capstan_big	</identifier>
				<transform>
					<row0>	0.5000 0.0000 0.0000 0.0000	</row0>
					<row1>	0.0000 0.5000 0.0000 0.0000	</row1>
					<row2>	0.0000 0.0000 0.5000 0.0000	</row2>
					<row3>	0.0000 0.5756 5.6022 1.0000	</row3>
				</transform>
			</node>
			<node>
				<identifier>	MP_BM959_Anchor_WW2_top	</identifier>
				<transform>
					<row0>	0.9864 -0.0871 0.1394 0.0000	</row0>
					<row1>	0.1629 0.6313 -0.7582 0.0000	</row1>
					<row2>	-0.0220 0.7706 0.6369 0.0000	</row2>
					<row3>	-0.1803 0.4501 6.3740 1.0000	</row3>
				</transform>
			</node>
			<node>
				<identifier>	MP_BM959_Anchor_WW2_top_INDEX_1	</identifier>
				<transform>
					<row0>	0.9864 0.0871 -0.1394 0.0000	</row0>
					<row1>	-0.1629 0.6313 -0.7582 0.0000	</row1>
					<row2>	0.0220 0.7706 0.6369 0.0000	</row2>
					<row3>	0.1803 0.4501 6.3740 1.0000	</row3>
				</transform>
			</node>
			<node>
				<identifier>	MP_BM960_Anchor_WW2_down	</identifier>
				<transform>
					<row0>	0.9718 0.1662 -0.1675 0.0000	</row0>
					<row1>	-0.2350 0.6152 -0.7525 0.0000	</row1>
					<row2>	-0.0220 0.7706 0.6369 0.0000	</row2>
					<row3>	-0.1789 0.4447 6.3806 1.0000	</row3>
				</transform>
			</node>
			<node>
				<identifier>	MP_BM960_Anchor_WW2_down_INDEX_1	</identifier>
				<transform>
					<row0>	0.9718 -0.1662 0.1675 0.0000	</row0>
					<row1>	0.2350 0.6152 -0.7525 0.0000	</row1>
					<row2>	0.0220 0.7706 0.6369 0.0000	</row2>
					<row3>	0.1789 0.4447 6.3806 1.0000	</row3>
				</transform>
			</node>
			<node>
				<identifier>	MP_BM961_Anchor_Capstan_Cruiser_WW2_Bow	</identifier>
				<transform>
					<row0>	1.0000 0.0000 0.0000 0.0000	</row0>
					<row1>	0.0000 1.0000 0.0000 0.0000	</row1>
					<row2>	0.0000 0.0000 1.0000 0.0000	</row2>
					<row3>	0.1637 0.5856 5.4841 1.0000	</row3>
				</transform>
			</node>
			<node>
				<identifier>	MP_BM961_Anchor_Capstan_Cruiser_WW2_Bow_INDEX_1	</identifier>
				<transform>
					<row0>	0.9351 0.0000 -0.3543 0.0000	</row0>
					<row1>	0.0000 1.0000 0.0000 0.0000	</row1>
					<row2>	0.3543 0.0000 0.9351 0.0000	</row2>
					<row3>	-0.1637 0.5856 5.4841 1.0000	</row3>
				</transform>
			</node>
			<node>
				<identifier>	MP_BM962_Chain_Fairlead	</identifier>
				<transform>
					<row0>	0.9964 -0.0094 0.0845 0.0000	</row0>
					<row1>	0.0124 0.9993 -0.0348 0.0000	</row1>
					<row2>	-0.0842 0.0357 0.9958 0.0000	</row2>
					<row3>	0.1271 0.5697 5.7492 1.0000	</row3>
				</transform>
			</node>
			<node>
				<identifier>	MP_BM962_Chain_Fairlead_INDEX_1	</identifier>
				<transform>
					<row0>	0.9964 0.0094 -0.0845 0.0000	</row0>
					<row1>	-0.0124 0.9993 -0.0348 0.0000	</row1>
					<row2>	0.0842 0.0357 0.9958 0.0000	</row2>
					<row3>	-0.1271 0.5697 5.7492 1.0000	</row3>
				</transform>
			</node>
			<node>
				<identifier>	MP_CM011_Fire_Fighting_Gear	</identifier>
				<transform>
					<row0>	1.0000 0.0000 0.0000 0.0000	</row0>
					<row1>	0.0000 1.0000 0.0000 0.0000	</row1>
					<row2>	0.0000 0.0000 1.0000 0.0000	</row2>
					<row3>	-0.1808 0.5450 5.1048 1.0000	</row3>
				</transform>
			</node>
			<node>
				<identifier>	MP_CM013_Fire_Hose_Rack_2	</identifier>
				<transform>
					<row0>	-0.6254 -0.2081 0.7520 0.0000	</row0>
					<row1>	-0.1414 0.9781 0.1531 0.0000	</row1>
					<row2>	-0.7674 -0.0106 -0.6411 0.0000	</row2>
					<row3>	-0.2698 0.5647 5.0748 1.0000	</row3>
				</transform>
			</node>
			<node>
				<identifier>	SP_YMS001_YHBM_M_1	</identifier>
				<transform>
					<row0>	1.1265 0.0000 0.0000 0.0000	</row0>
					<row1>	0.0000 1.1265 0.0000 0.0000	</row1>
					<row2>	0.0000 0.0000 1.1265 0.0000	</row2>
					<row3>	0.0000 0.6087 6.7148 1.0000	</row3>
				</transform>
			</node>
			<node>
				<identifier>	SP_YMS002_YHBL_M_1	</identifier>
				<transform>
					<row0>	0.9914 -0.0039 -0.1305 0.0000	</row0>
					<row1>	0.0000 0.9995 -0.0302 0.0000	</row1>
					<row2>	0.1305 0.0299 0.9910 0.0000	</row2>
					<row3>	0.0000 0.6087 6.7148 1.0000	</row3>
				</transform>
			</node>
			<node>
				<identifier>	SP_YMS003_YHBR_M_1	</identifier>
				<transform>
					<row0>	0.9914 0.0039 0.1305 0.0000	</row0>
					<row1>	0.0000 0.9995 -0.0302 0.0000	</row1>
					<row2>	-0.1305 0.0299 0.9910 0.0000	</row2>
					<row3>	0.0000 0.6087 6.7148 1.0000	</row3>
				</transform>
			</node>
			<node>
				<identifier>	SP_YMS004_YHXL_L_1	</identifier>
				<transform>
					<row0>	0.9511 0.2862 -0.3406 0.0000	</row0>
					<row1>	-0.3103 1.0028 -0.0238 0.0000	</row1>
					<row2>	0.3188 0.1222 0.9930 0.0000	</row2>
					<row3>	-0.1941 0.4339 6.2411 1.0000	</row3>
				</transform>
			</node>
			<node>
				<identifier>	SP_YMS005_YHXR_L_1	</identifier>
				<transform>
					<row0>	0.9511 -0.2862 0.3406 0.0000	</row0>
					<row1>	0.3103 1.0028 -0.0238 0.0000	</row1>
					<row2>	-0.3188 0.1222 0.9930 0.0000	</row2>
					<row3>	0.1941 0.4339 6.2411 1.0000	</row3>
				</transform>
			</node>
			<node>
				<identifier>	SP_YMS010_YHWM_L_1	</identifier>
				<transform>
					<row0>	0.8514 0.0000 0.0000 0.0000	</row0>
					<row1>	0.0000 0.8514 0.0000 0.0000	</row1>
					<row2>	0.0000 0.0000 0.8514 0.0000	</row2>
					<row3>	0.0000 0.0000 6.6563 1.0000	</row3>
				</transform>
			</node>
			<node>
				<identifier>	SP_YMS011_YHWL_M_1	</identifier>
				<transform>
					<row0>	0.9307 0.3246 -0.1685 0.0000	</row0>
					<row1>	-0.3194 0.9459 0.0577 0.0000	</row1>
					<row2>	0.1781 0.0000 0.9840 0.0000	</row2>
					<row3>	-0.3045 0.0000 5.1644 1.0000	</row3>
				</transform>
			</node>
			<node>
				<identifier>	SP_YMS012_YHWR_M_1	</identifier>
				<transform>
					<row0>	0.9307 -0.3246 0.1685 0.0000	</row0>
					<row1>	0.3194 0.9459 0.0577 0.0000	</row1>
					<row2>	-0.1781 0.0000 0.9840 0.0000	</row2>
					<row3>	0.3045 0.0000 5.1644 1.0000	</row3>
				</transform>
			</node>
			<node>
				<identifier>	SP_YMS020_YHBU_M_1	</identifier>
				<transform>
					<row0>	1.0000 0.0000 0.0000 0.0000	</row0>
					<row1>	0.0000 1.0000 0.0000 0.0000	</row1>
					<row2>	0.0000 0.0000 1.0000 0.0000	</row2>
					<row3>	0.0000 -0.1154 6.5919 1.0000	</row3>
				</transform>
			</node>
			<node>
				<identifier>	SP_YMS022_YHUS_L_1	</identifier>
				<transform>
					<row0>	-0.1409 -0.0290 -0.9896 0.0000	</row0>
					<row1>	-0.4702 0.8816 0.0411 0.0000	</row1>
					<row2>	0.8713 0.4711 -0.1378 0.0000	</row2>
					<row3>	-0.1467 -0.4295 4.6634 1.0000	</row3>
				</transform>
			</node>
			<node>
				<identifier>	SP_YMS022_YHUS_L_1_INDEX_1	</identifier>
				<transform>
					<row0>	-0.1409 0.0290 0.9896 0.0000	</row0>
					<row1>	0.4702 0.8816 0.0411 0.0000	</row1>
					<row2>	-0.8713 0.4711 -0.1378 0.0000	</row2>
					<row3>	0.1467 -0.4295 4.6634 1.0000	</row3>
				</transform>
			</node>
			<node>
				<identifier>	SP_YMS051_YHDL_L_1	</identifier>
				<transform>
					<row0>	0.6003 0.0100 -0.1103 0.0000	</row0>
					<row1>	-0.0150 0.6096 -0.0264 0.0000	</row1>
					<row2>	0.1098 0.0287 0.5998 0.0000	</row2>
					<row3>	-0.4883 0.5368 5.3788 1.0000	</row3>
				</transform>
			</node>
			<node>
				<identifier>	SP_YMS052_YHDR_L_1	</identifier>
				<transform>
					<row0>	0.6003 -0.0100 0.1103 0.0000	</row0>
					<row1>	0.0150 0.6096 -0.0264 0.0000	</row1>
					<row2>	-0.1098 0.0287 0.5998 0.0000	</row2>
					<row3>	0.4883 0.5368 5.3788 1.0000	</row3>
				</transform>
			</node>
			<node>
				<identifier>	SP_YMS080_YHSL_M_1	</identifier>
				<transform>
					<row0>	0.9019 0.3981 -0.1675 0.0000	</row0>
					<row1>	-0.3937 0.9173 0.0598 0.0000	</row1>
					<row2>	0.1775 0.0121 0.9841 0.0000	</row2>
					<row3>	-0.4279 0.3362 5.1258 1.0000	</row3>
				</transform>
			</node>
			<node>
				<identifier>	SP_YMS081_YHSR_M_1	</identifier>
				<transform>
					<row0>	0.9019 -0.3981 0.1675 0.0000	</row0>
					<row1>	0.3937 0.9173 0.0598 0.0000	</row1>
					<row2>	-0.1775 0.0121 0.9841 0.0000	</row2>
					<row3>	0.4279 0.3362 5.1258 1.0000	</row3>
				</transform>
			</node>
		</node>
	</node>
	<boundingBox>
		<min>	-0.0667 -0.0667 -0.0667	</min>
		<max>	0.0667 0.0667 0.0667	</max>
	</boundingBox>
</BSC016_Neptune_1947_Bow_ports.visual>
