<BSB003_Bellerophon_1915_MidBack_ports.visual>
	<node>
		<identifier>	Scene Root	</identifier>
		<transform>
			<row0>	1.0000 0.0000 0.0000 0.0000	</row0>
			<row1>	0.0000 1.0000 0.0000 0.0000	</row1>
			<row2>	0.0000 0.0000 1.0000 0.0000	</row2>
			<row3>	0.0000 0.0000 0.0000 1.0000	</row3>
		</transform>
		<node>
			<identifier>	MidBack_ports	</identifier>
			<transform>
				<row0>	1.0000 0.0000 0.0000 0.0000	</row0>
				<row1>	0.0000 1.0000 0.0000 0.0000	</row1>
				<row2>	0.0000 0.0000 1.0000 0.0000	</row2>
				<row3>	0.0000 0.0000 0.0000 1.0000	</row3>
			</transform>
			<node>
				<identifier>	HP_BGA_1	</identifier>
				<transform>
					<row0>	-1.0000 0.0000 0.0000 0.0000	</row0>
					<row1>	0.0000 1.0000 0.0000 0.0000	</row1>
					<row2>	0.0000 0.0000 -1.0000 0.0000	</row2>
					<row3>	0.0000 0.6957 -2.3078 1.0000	</row3>
				</transform>
			</node>
			<node>
				<identifier>	HP_BGM_4	</identifier>
				<transform>
					<row0>	-1.0000 0.0000 0.0000 0.0000	</row0>
					<row1>	0.0000 1.0000 0.0000 0.0000	</row1>
					<row2>	0.0000 0.0000 -1.0000 0.0000	</row2>
					<row3>	0.0000 0.3347 -1.3047 1.0000	</row3>
				</transform>
			</node>
			<node>
				<identifier>	HP_BGM_5	</identifier>
				<transform>
					<row0>	-1.0000 0.0000 0.0000 0.0000	</row0>
					<row1>	0.0000 1.0000 0.0000 0.0000	</row1>
					<row2>	0.0000 0.0000 -1.0000 0.0000	</row2>
					<row3>	0.0000 0.3458 -3.0157 1.0000	</row3>
				</transform>
			</node>
			<node>
				<identifier>	HP_FX_Death_3	</identifier>
				<transform>
					<row0>	1.0000 0.0000 0.0000 0.0000	</row0>
					<row1>	0.0000 1.0000 0.0000 0.0000	</row1>
					<row2>	0.0000 0.0000 1.0000 0.0000	</row2>
					<row3>	0.0000 0.0000 -3.4477 1.0000	</row3>
				</transform>
			</node>
			<node>
				<identifier>	HP_FX_Fire_3	</identifier>
				<transform>
					<row0>	1.0000 0.0000 0.0000 0.0000	</row0>
					<row1>	0.0000 1.0000 0.0000 0.0000	</row1>
					<row2>	0.0000 0.0000 1.0000 0.0000	</row2>
					<row3>	0.0000 0.2677 -2.0763 1.0000	</row3>
				</transform>
			</node>
			<node>
				<identifier>	HP_FX_Fire_3_side_1	</identifier>
				<transform>
					<row0>	0.9981 0.0000 -0.0623 0.0000	</row0>
					<row1>	0.0000 1.0000 0.0000 0.0000	</row1>
					<row2>	0.0623 0.0000 0.9981 0.0000	</row2>
					<row3>	0.5784 0.2773 -1.6671 1.0000	</row3>
				</transform>
			</node>
			<node>
				<identifier>	HP_FX_Fire_3_side_2	</identifier>
				<transform>
					<row0>	0.9981 0.0000 0.0623 0.0000	</row0>
					<row1>	0.0000 1.0000 0.0000 0.0000	</row1>
					<row2>	-0.0623 0.0000 0.9981 0.0000	</row2>
					<row3>	-0.5485 0.2781 -2.6001 1.0000	</row3>
				</transform>
			</node>
			<node>
				<identifier>	HP_FX_Flood_water_left	</identifier>
				<transform>
					<row0>	-0.9949 0.0000 -0.1013 0.0000	</row0>
					<row1>	0.0000 1.0000 0.0000 0.0000	</row1>
					<row2>	0.1013 0.0000 -0.9949 0.0000	</row2>
					<row3>	-0.7157 0.0657 -2.9932 1.0000	</row3>
				</transform>
			</node>
			<node>
				<identifier>	HP_FX_Flood_water_right	</identifier>
				<transform>
					<row0>	1.0000 0.0000 0.0000 0.0000	</row0>
					<row1>	0.0000 1.0000 0.0000 0.0000	</row1>
					<row2>	0.0000 0.0000 1.0000 0.0000	</row2>
					<row3>	0.7190 0.0650 -2.9939 1.0000	</row3>
				</transform>
			</node>
			<node>
				<identifier>	HP_FX_RepairLight_left_2	</identifier>
				<transform>
					<row0>	-0.1143 0.0081 0.9934 0.0000	</row0>
					<row1>	-0.0161 0.9998 -0.0101 0.0000	</row1>
					<row2>	-0.9933 -0.0172 -0.1141 0.0000	</row2>
					<row3>	-0.6773 0.2484 -3.2383 1.0000	</row3>
				</transform>
			</node>
			<node>
				<identifier>	HP_FX_RepairLight_right_2	</identifier>
				<transform>
					<row0>	-0.1181 0.0000 -0.9930 0.0000	</row0>
					<row1>	0.0172 0.9999 -0.0020 0.0000	</row1>
					<row2>	0.9928 -0.0173 -0.1181 0.0000	</row2>
					<row3>	0.8373 0.2629 -1.1267 1.0000	</row3>
				</transform>
			</node>
			<node>
				<identifier>	HP_Ship_death_2	</identifier>
				<transform>
					<row0>	1.0000 0.0000 0.0000 0.0000	</row0>
					<row1>	0.0000 1.0000 0.0000 0.0000	</row1>
					<row2>	0.0000 0.0000 1.0000 0.0000	</row2>
					<row3>	0.0000 0.0000 -0.9148 1.0000	</row3>
				</transform>
			</node>
			<node>
				<identifier>	HP_flag_nation	</identifier>
				<transform>
					<row0>	1.0000 0.0000 0.0000 0.0000	</row0>
					<row1>	0.0000 1.0000 0.0003 0.0000	</row1>
					<row2>	0.0000 -0.0003 1.0000 0.0000	</row2>
					<row3>	-0.1913 1.4408 -2.3781 1.0000	</row3>
				</transform>
			</node>
			<node>
				<identifier>	MP_BM004_Reels	</identifier>
				<transform>
					<row0>	0.0000 0.0000 -1.0000 0.0000	</row0>
					<row1>	0.0000 1.0000 0.0000 0.0000	</row1>
					<row2>	1.0000 0.0000 0.0000 0.0000	</row2>
					<row3>	0.1316 0.2615 -1.9689 1.0000	</row3>
				</transform>
			</node>
			<node>
				<identifier>	MP_BM004_Reels_INDEX_1	</identifier>
				<transform>
					<row0>	0.0000 0.0000 -1.0000 0.0000	</row0>
					<row1>	0.0000 1.0000 0.0000 0.0000	</row1>
					<row2>	1.0000 0.0000 0.0000 0.0000	</row2>
					<row3>	-0.2546 0.2619 -2.3302 1.0000	</row3>
				</transform>
			</node>
			<node>
				<identifier>	MP_BM004_Reels_INDEX_2	</identifier>
				<transform>
					<row0>	0.0000 0.0000 -0.7000 0.0000	</row0>
					<row1>	0.0000 0.7000 0.0000 0.0000	</row1>
					<row2>	0.7000 0.0000 0.0000 0.0000	</row2>
					<row3>	-0.2072 0.2626 -2.2501 1.0000	</row3>
				</transform>
			</node>
			<node>
				<identifier>	MP_BM604_Voice_Tube	</identifier>
				<transform>
					<row0>	1.0000 0.0000 0.0000 0.0000	</row0>
					<row1>	0.0000 1.0000 0.0000 0.0000	</row1>
					<row2>	0.0000 0.0000 1.0000 0.0000	</row2>
					<row3>	-0.1071 0.6955 -2.1960 1.0000	</row3>
				</transform>
			</node>
			<node>
				<identifier>	MP_BM604_Voice_Tube_INDEX_1	</identifier>
				<transform>
					<row0>	-1.0000 0.0000 0.0000 0.0000	</row0>
					<row1>	0.0000 1.0000 0.0000 0.0000	</row1>
					<row2>	0.0000 0.0000 -1.0000 0.0000	</row2>
					<row3>	0.0160 0.4920 -2.3774 1.0000	</row3>
				</transform>
			</node>
			<node>
				<identifier>	MP_BM604_Voice_Tube_INDEX_2	</identifier>
				<transform>
					<row0>	1.0000 0.0000 0.0000 0.0000	</row0>
					<row1>	0.0000 1.0000 0.0000 0.0000	</row1>
					<row2>	0.0000 0.0000 1.0000 0.0000	</row2>
					<row3>	-0.0899 0.2664 -2.3875 1.0000	</row3>
				</transform>
			</node>
			<node>
				<identifier>	MP_BM604_Voice_Tube_INDEX_3	</identifier>
				<transform>
					<row0>	1.0000 0.0000 0.0000 0.0000	</row0>
					<row1>	0.0000 1.0000 0.0000 0.0000	</row1>
					<row2>	0.0000 0.0000 1.0000 0.0000	</row2>
					<row3>	0.0899 0.2664 -2.3875 1.0000	</row3>
				</transform>
			</node>
			<node>
				<identifier>	MP_BM604_Voice_Tube_INDEX_4	</identifier>
				<transform>
					<row0>	1.0000 0.0000 0.0000 0.0000	</row0>
					<row1>	0.0000 1.0000 0.0000 0.0000	</row1>
					<row2>	0.0000 0.0000 1.0000 0.0000	</row2>
					<row3>	0.1071 0.6955 -2.1960 1.0000	</row3>
				</transform>
			</node>
			<node>
				<identifier>	MP_BM610_Speaker_2	</identifier>
				<transform>
					<row0>	-1.0000 0.0000 0.0000 0.0000	</row0>
					<row1>	0.0000 1.0000 0.0000 0.0000	</row1>
					<row2>	0.0000 0.0000 -1.0000 0.0000	</row2>
					<row3>	0.0440 0.4242 -2.4844 1.0000	</row3>
				</transform>
			</node>
			<node>
				<identifier>	MP_BM700_Locker	</identifier>
				<transform>
					<row0>	1.0000 0.0000 0.0000 0.0000	</row0>
					<row1>	0.0000 1.0000 0.0000 0.0000	</row1>
					<row2>	0.0000 0.0000 1.0000 0.0000	</row2>
					<row3>	0.1941 0.2646 -1.8042 1.0000	</row3>
				</transform>
			</node>
			<node>
				<identifier>	MP_BM700_Locker_INDEX_1	</identifier>
				<transform>
					<row0>	1.0000 0.0000 0.0000 0.0000	</row0>
					<row1>	0.0000 1.0000 0.0000 0.0000	</row1>
					<row2>	0.0000 0.0000 1.0000 0.0000	</row2>
					<row3>	-0.1941 0.2646 -1.8315 1.0000	</row3>
				</transform>
			</node>
			<node>
				<identifier>	MP_BM704_Locker	</identifier>
				<transform>
					<row0>	1.0000 0.0000 0.0000 0.0000	</row0>
					<row1>	0.0000 1.0000 0.0000 0.0000	</row1>
					<row2>	0.0000 0.0000 1.0000 0.0000	</row2>
					<row3>	-0.1234 0.2646 -1.9472 1.0000	</row3>
				</transform>
			</node>
			<node>
				<identifier>	MP_BM704_Locker_INDEX_1	</identifier>
				<transform>
					<row0>	-1.0000 0.0000 0.0000 0.0000	</row0>
					<row1>	0.0000 1.0000 0.0000 0.0000	</row1>
					<row2>	0.0000 0.0000 -1.0000 0.0000	</row2>
					<row3>	0.0683 0.6957 -2.4095 1.0000	</row3>
				</transform>
			</node>
			<node>
				<identifier>	MP_BM704_Locker_INDEX_2	</identifier>
				<transform>
					<row0>	-1.0000 0.0000 0.0000 0.0000	</row0>
					<row1>	0.0000 1.0000 0.0000 0.0000	</row1>
					<row2>	0.0000 0.0000 -1.0000 0.0000	</row2>
					<row3>	-0.0683 0.6957 -2.4095 1.0000	</row3>
				</transform>
			</node>
			<node>
				<identifier>	MP_BM704_Locker_INDEX_3	</identifier>
				<transform>
					<row0>	0.0000 0.0000 -1.0000 0.0000	</row0>
					<row1>	0.0000 1.0000 0.0000 0.0000	</row1>
					<row2>	1.0000 0.0000 0.0000 0.0000	</row2>
					<row3>	-0.1836 0.2646 -1.9347 1.0000	</row3>
				</transform>
			</node>
			<node>
				<identifier>	MP_BM704_Locker_INDEX_4	</identifier>
				<transform>
					<row0>	-1.0000 0.0000 0.0000 0.0000	</row0>
					<row1>	0.0000 1.0000 0.0000 0.0000	</row1>
					<row2>	0.0000 0.0000 -1.0000 0.0000	</row2>
					<row3>	0.1126 0.6957 -2.4095 1.0000	</row3>
				</transform>
			</node>
			<node>
				<identifier>	MP_BM704_Locker_INDEX_5	</identifier>
				<transform>
					<row0>	-1.0000 0.0000 0.0000 0.0000	</row0>
					<row1>	0.0000 1.0000 0.0000 0.0000	</row1>
					<row2>	0.0000 0.0000 -1.0000 0.0000	</row2>
					<row3>	-0.1126 0.6957 -2.4095 1.0000	</row3>
				</transform>
			</node>
			<node>
				<identifier>	MP_BM963_Anchor_Capstan_Stern	</identifier>
				<transform>
					<row0>	0.6000 0.0000 0.0000 0.0000	</row0>
					<row1>	0.0000 0.8000 0.0000 0.0000	</row1>
					<row2>	0.0000 0.0000 0.6000 0.0000	</row2>
					<row3>	0.3566 0.2674 -1.0350 1.0000	</row3>
				</transform>
			</node>
			<node>
				<identifier>	MP_BM963_Anchor_Capstan_Stern_INDEX_1	</identifier>
				<transform>
					<row0>	0.6000 0.0000 0.0000 0.0000	</row0>
					<row1>	0.0000 0.8000 0.0000 0.0000	</row1>
					<row2>	0.0000 0.0000 0.6000 0.0000	</row2>
					<row3>	-0.3566 0.2674 -1.0350 1.0000	</row3>
				</transform>
			</node>
			<node>
				<identifier>	MP_BM968_winch	</identifier>
				<transform>
					<row0>	0.3420 0.0000 0.9397 0.0000	</row0>
					<row1>	0.0000 1.0000 0.0000 0.0000	</row1>
					<row2>	-0.9397 0.0000 0.3420 0.0000	</row2>
					<row3>	-0.1070 0.4922 -2.2860 1.0000	</row3>
				</transform>
			</node>
			<node>
				<identifier>	MP_BM968_winch_INDEX_1	</identifier>
				<transform>
					<row0>	0.3420 0.0000 -0.9397 0.0000	</row0>
					<row1>	0.0000 1.0000 0.0000 0.0000	</row1>
					<row2>	0.9397 0.0000 0.3420 0.0000	</row2>
					<row3>	0.1070 0.4922 -2.2860 1.0000	</row3>
				</transform>
			</node>
			<node>
				<identifier>	MP_CM011_Fire_Fighting_Gear	</identifier>
				<transform>
					<row0>	0.0000 0.0000 1.0000 0.0000	</row0>
					<row1>	0.0000 1.0000 0.0000 0.0000	</row1>
					<row2>	-1.0000 0.0000 0.0000 0.0000	</row2>
					<row3>	0.0885 0.2658 -2.4321 1.0000	</row3>
				</transform>
			</node>
			<node>
				<identifier>	MP_CM011_Fire_Fighting_Gear_INDEX_1	</identifier>
				<transform>
					<row0>	1.0000 0.0000 0.0000 0.0000	</row0>
					<row1>	0.0000 1.0000 0.0000 0.0000	</row1>
					<row2>	0.0000 0.0000 1.0000 0.0000	</row2>
					<row3>	0.0490 0.2729 -3.3073 1.0000	</row3>
				</transform>
			</node>
			<node>
				<identifier>	MP_CM011_Fire_Fighting_Gear_INDEX_2	</identifier>
				<transform>
					<row0>	0.0000 0.0000 -1.0000 0.0000	</row0>
					<row1>	0.0000 1.0000 0.0000 0.0000	</row1>
					<row2>	1.0000 0.0000 0.0000 0.0000	</row2>
					<row3>	-0.0885 0.2658 -2.4321 1.0000	</row3>
				</transform>
			</node>
			<node>
				<identifier>	MP_CM013_Fire_Hose_Rack_2	</identifier>
				<transform>
					<row0>	1.0000 0.0000 0.0000 0.0000	</row0>
					<row1>	0.0000 1.0000 0.0000 0.0000	</row1>
					<row2>	0.0000 0.0000 1.0000 0.0000	</row2>
					<row3>	-0.0816 0.3577 -2.4316 1.0000	</row3>
				</transform>
			</node>
			<node>
				<identifier>	MP_CM013_Fire_Hose_Rack_2_INDEX_1	</identifier>
				<transform>
					<row0>	-0.3813 0.0000 0.9244 0.0000	</row0>
					<row1>	0.0000 1.0000 0.0000 0.0000	</row1>
					<row2>	-0.9244 0.0000 -0.3813 0.0000	</row2>
					<row3>	0.0946 0.3190 -3.2856 1.0000	</row3>
				</transform>
			</node>
			<node>
				<identifier>	MP_CM013_Fire_Hose_Rack_2_INDEX_2	</identifier>
				<transform>
					<row0>	-1.0000 0.0000 0.0000 0.0000	</row0>
					<row1>	0.0000 1.0000 0.0000 0.0000	</row1>
					<row2>	0.0000 0.0000 -1.0000 0.0000	</row2>
					<row3>	0.0816 0.3577 -2.4316 1.0000	</row3>
				</transform>
			</node>
			<node>
				<identifier>	MP_CM022_Anchor_3	</identifier>
				<transform>
					<row0>	0.9374 0.0000 -0.3483 0.0000	</row0>
					<row1>	0.0000 1.0000 0.0000 0.0000	</row1>
					<row2>	0.3483 0.0000 0.9374 0.0000	</row2>
					<row3>	-0.2093 0.4612 -2.3220 1.0000	</row3>
				</transform>
			</node>
			<node>
				<identifier>	MP_CM022_Anchor_3_INDEX_1	</identifier>
				<transform>
					<row0>	-0.9374 0.0000 -0.3483 0.0000	</row0>
					<row1>	0.0000 1.0000 0.0000 0.0000	</row1>
					<row2>	0.3483 0.0000 -0.9374 0.0000	</row2>
					<row3>	0.1865 0.4612 -2.2622 1.0000	</row3>
				</transform>
			</node>
			<node>
				<identifier>	MP_CM052_Fender	</identifier>
				<transform>
					<row0>	0.3420 0.0000 0.9397 0.0000	</row0>
					<row1>	0.0000 1.0000 0.0000 0.0000	</row1>
					<row2>	-0.9397 0.0000 0.3420 0.0000	</row2>
					<row3>	-0.1989 0.3441 -2.2441 1.0000	</row3>
				</transform>
			</node>
			<node>
				<identifier>	MP_CM056_Ships_bell	</identifier>
				<transform>
					<row0>	0.0000 0.0000 -0.7000 0.0000	</row0>
					<row1>	0.0000 0.7000 0.0000 0.0000	</row1>
					<row2>	0.7000 0.0000 0.0000 0.0000	</row2>
					<row3>	-0.1450 0.4498 -2.4972 1.0000	</row3>
				</transform>
			</node>
			<node>
				<identifier>	MP_CM104_Life_Buoy	</identifier>
				<transform>
					<row0>	0.0000 0.0000 -1.0000 0.0000	</row0>
					<row1>	0.0000 1.0000 0.0000 0.0000	</row1>
					<row2>	1.0000 0.0000 0.0000 0.0000	</row2>
					<row3>	-0.7788 0.3232 -1.3054 1.0000	</row3>
				</transform>
			</node>
			<node>
				<identifier>	MP_CM104_Life_Buoy_INDEX_1	</identifier>
				<transform>
					<row0>	0.1394 0.0000 -0.9902 0.0000	</row0>
					<row1>	0.0000 1.0000 0.0000 0.0000	</row1>
					<row2>	0.9902 0.0000 0.1394 0.0000	</row2>
					<row3>	-0.6596 0.3308 -3.0219 1.0000	</row3>
				</transform>
			</node>
			<node>
				<identifier>	MP_CM104_Life_Buoy_INDEX_2	</identifier>
				<transform>
					<row0>	0.1394 0.0000 0.9902 0.0000	</row0>
					<row1>	0.0000 1.0000 0.0000 0.0000	</row1>
					<row2>	-0.9902 0.0000 0.1394 0.0000	</row2>
					<row3>	0.6596 0.3308 -3.0219 1.0000	</row3>
				</transform>
			</node>
			<node>
				<identifier>	MP_CM104_Life_Buoy_INDEX_3	</identifier>
				<transform>
					<row0>	0.0000 0.0000 1.0000 0.0000	</row0>
					<row1>	0.0000 1.0000 0.0000 0.0000	</row1>
					<row2>	-1.0000 0.0000 0.0000 0.0000	</row2>
					<row3>	0.7788 0.3232 -1.3054 1.0000	</row3>
				</transform>
			</node>
			<node>
				<identifier>	MP_CM126_Cleat	</identifier>
				<transform>
					<row0>	-0.8405 0.0000 0.5419 0.0000	</row0>
					<row1>	0.0000 1.0000 0.0000 0.0000	</row1>
					<row2>	-0.5419 0.0000 -0.8405 0.0000	</row2>
					<row3>	-0.7184 0.2652 -2.1291 1.0000	</row3>
				</transform>
			</node>
			<node>
				<identifier>	MP_CM126_Cleat_INDEX_1	</identifier>
				<transform>
					<row0>	-0.8405 0.0000 -0.5419 0.0000	</row0>
					<row1>	0.0000 1.0000 0.0000 0.0000	</row1>
					<row2>	0.5419 0.0000 -0.8405 0.0000	</row2>
					<row3>	0.6967 0.2659 -2.3458 1.0000	</row3>
				</transform>
			</node>
			<node>
				<identifier>	MP_CM126_Cleat_INDEX_10	</identifier>
				<transform>
					<row0>	-0.8405 0.0000 0.5419 0.0000	</row0>
					<row1>	0.0000 1.0000 0.0000 0.0000	</row1>
					<row2>	-0.5419 0.0000 -0.8405 0.0000	</row2>
					<row3>	-0.6967 0.2659 -2.3458 1.0000	</row3>
				</transform>
			</node>
			<node>
				<identifier>	MP_CM126_Cleat_INDEX_11	</identifier>
				<transform>
					<row0>	-0.8405 0.0000 0.5419 0.0000	</row0>
					<row1>	0.0000 1.0000 0.0000 0.0000	</row1>
					<row2>	-0.5419 0.0000 -0.8405 0.0000	</row2>
					<row3>	-0.6643 0.2680 -2.7037 1.0000	</row3>
				</transform>
			</node>
			<node>
				<identifier>	MP_CM126_Cleat_INDEX_12	</identifier>
				<transform>
					<row0>	-0.8405 0.0000 -0.5419 0.0000	</row0>
					<row1>	0.0000 1.0000 0.0000 0.0000	</row1>
					<row2>	0.5419 0.0000 -0.8405 0.0000	</row2>
					<row3>	0.6245 0.2710 -3.0440 1.0000	</row3>
				</transform>
			</node>
			<node>
				<identifier>	MP_CM126_Cleat_INDEX_13	</identifier>
				<transform>
					<row0>	-0.8405 0.0000 -0.5419 0.0000	</row0>
					<row1>	0.0000 1.0000 0.0000 0.0000	</row1>
					<row2>	0.5419 0.0000 -0.8405 0.0000	</row2>
					<row3>	0.7458 0.2631 -1.2845 1.0000	</row3>
				</transform>
			</node>
			<node>
				<identifier>	MP_CM126_Cleat_INDEX_14	</identifier>
				<transform>
					<row0>	-0.8405 0.0000 0.5419 0.0000	</row0>
					<row1>	0.0000 1.0000 0.0000 0.0000	</row1>
					<row2>	-0.5419 0.0000 -0.8405 0.0000	</row2>
					<row3>	-0.7391 0.2635 -1.5982 1.0000	</row3>
				</transform>
			</node>
			<node>
				<identifier>	MP_CM126_Cleat_INDEX_15	</identifier>
				<transform>
					<row0>	-0.8405 0.0000 -0.5419 0.0000	</row0>
					<row1>	0.0000 1.0000 0.0000 0.0000	</row1>
					<row2>	0.5419 0.0000 -0.8405 0.0000	</row2>
					<row3>	0.5796 0.2741 -3.3716 1.0000	</row3>
				</transform>
			</node>
			<node>
				<identifier>	MP_CM126_Cleat_INDEX_2	</identifier>
				<transform>
					<row0>	-0.8405 0.0000 -0.5419 0.0000	</row0>
					<row1>	0.0000 1.0000 0.0000 0.0000	</row1>
					<row2>	0.5419 0.0000 -0.8405 0.0000	</row2>
					<row3>	0.7184 0.2652 -2.1291 1.0000	</row3>
				</transform>
			</node>
			<node>
				<identifier>	MP_CM126_Cleat_INDEX_3	</identifier>
				<transform>
					<row0>	-0.8405 0.0000 0.5419 0.0000	</row0>
					<row1>	0.0000 1.0000 0.0000 0.0000	</row1>
					<row2>	-0.5419 0.0000 -0.8405 0.0000	</row2>
					<row3>	-0.5796 0.2741 -3.3716 1.0000	</row3>
				</transform>
			</node>
			<node>
				<identifier>	MP_CM126_Cleat_INDEX_4	</identifier>
				<transform>
					<row0>	-0.8405 0.0000 0.5419 0.0000	</row0>
					<row1>	0.0000 1.0000 0.0000 0.0000	</row1>
					<row2>	-0.5419 0.0000 -0.8405 0.0000	</row2>
					<row3>	-0.7458 0.2631 -1.2845 1.0000	</row3>
				</transform>
			</node>
			<node>
				<identifier>	MP_CM126_Cleat_INDEX_5	</identifier>
				<transform>
					<row0>	-0.8405 0.0000 -0.5419 0.0000	</row0>
					<row1>	0.0000 1.0000 0.0000 0.0000	</row1>
					<row2>	0.5419 0.0000 -0.8405 0.0000	</row2>
					<row3>	0.7391 0.2635 -1.5982 1.0000	</row3>
				</transform>
			</node>
			<node>
				<identifier>	MP_CM126_Cleat_INDEX_6	</identifier>
				<transform>
					<row0>	-0.8405 0.0000 -0.5419 0.0000	</row0>
					<row1>	0.0000 1.0000 0.0000 0.0000	</row1>
					<row2>	0.5419 0.0000 -0.8405 0.0000	</row2>
					<row3>	0.7483 0.2625 -0.9336 1.0000	</row3>
				</transform>
			</node>
			<node>
				<identifier>	MP_CM126_Cleat_INDEX_7	</identifier>
				<transform>
					<row0>	-0.8405 0.0000 -0.5419 0.0000	</row0>
					<row1>	0.0000 1.0000 0.0000 0.0000	</row1>
					<row2>	0.5419 0.0000 -0.8405 0.0000	</row2>
					<row3>	0.6643 0.2680 -2.7037 1.0000	</row3>
				</transform>
			</node>
			<node>
				<identifier>	MP_CM126_Cleat_INDEX_8	</identifier>
				<transform>
					<row0>	-0.8405 0.0000 0.5419 0.0000	</row0>
					<row1>	0.0000 1.0000 0.0000 0.0000	</row1>
					<row2>	-0.5419 0.0000 -0.8405 0.0000	</row2>
					<row3>	-0.6245 0.2710 -3.0440 1.0000	</row3>
				</transform>
			</node>
			<node>
				<identifier>	MP_CM126_Cleat_INDEX_9	</identifier>
				<transform>
					<row0>	-0.8405 0.0000 0.5419 0.0000	</row0>
					<row1>	0.0000 1.0000 0.0000 0.0000	</row1>
					<row2>	-0.5419 0.0000 -0.8405 0.0000	</row2>
					<row3>	-0.7483 0.2625 -0.9336 1.0000	</row3>
				</transform>
			</node>
		</node>
	</node>
	<boundingBox>
		<min>	-0.0667 -0.0667 -0.0667	</min>
		<max>	0.0667 0.0667 0.0667	</max>
	</boundingBox>
</BSB003_Bellerophon_1915_MidBack_ports.visual>
