<BSB044_Renown_1945_Bow_ports.visual>
	<node>
		<identifier>	Scene Root	</identifier>
		<transform>
			<row0>	1.0000 0.0000 0.0000 0.0000	</row0>
			<row1>	0.0000 1.0000 0.0000 0.0000	</row1>
			<row2>	0.0000 0.0000 1.0000 0.0000	</row2>
			<row3>	0.0000 0.0000 0.0000 1.0000	</row3>
		</transform>
		<node>
			<identifier>	Bow_ports	</identifier>
			<transform>
				<row0>	1.0000 0.0000 0.0000 0.0000	</row0>
				<row1>	0.0000 1.0000 0.0000 0.0000	</row1>
				<row2>	0.0000 0.0000 1.0000 0.0000	</row2>
				<row3>	0.0000 0.0000 0.0000 1.0000	</row3>
			</transform>
			<node>
				<identifier>	HP_FX_Fire_1	</identifier>
				<transform>
					<row0>	1.0000 0.0000 0.0000 0.0000	</row0>
					<row1>	0.0000 1.0000 0.0000 0.0000	</row1>
					<row2>	0.0000 0.0000 1.0000 0.0000	</row2>
					<row3>	0.0000 0.4517 6.2351 1.0000	</row3>
				</transform>
			</node>
			<node>
				<identifier>	HP_FX_RepairLight_right_1	</identifier>
				<transform>
					<row0>	0.1474 0.0510 -0.9878 0.0000	</row0>
					<row1>	0.1129 0.9913 0.0680 0.0000	</row1>
					<row2>	0.9826 -0.1215 0.1403 0.0000	</row2>
					<row3>	0.5534 0.4332 6.2901 1.0000	</row3>
				</transform>
			</node>
			<node>
				<identifier>	HP_FX_WakeTrace	</identifier>
				<transform>
					<row0>	1.0000 0.0000 0.0000 0.0000	</row0>
					<row1>	0.0000 1.0000 0.0000 0.0000	</row1>
					<row2>	0.0000 0.0000 1.0000 0.0000	</row2>
					<row3>	0.0000 0.0000 7.9932 1.0000	</row3>
				</transform>
			</node>
			<node>
				<identifier>	HP_Ship_death_1	</identifier>
				<transform>
					<row0>	1.0000 0.0000 0.0000 0.0000	</row0>
					<row1>	0.0000 1.0000 0.0000 0.0000	</row1>
					<row2>	0.0000 0.0000 1.0000 0.0000	</row2>
					<row3>	0.0000 0.0000 5.5733 1.0000	</row3>
				</transform>
			</node>
			<node>
				<identifier>	MP_BM021_Crown	</identifier>
				<transform>
					<row0>	0.9977 0.0000 0.0000 0.0000	</row0>
					<row1>	0.0000 0.9977 0.0000 0.0000	</row1>
					<row2>	0.0000 0.0000 0.9977 0.0000	</row2>
					<row3>	0.0099 1.0437 8.0520 1.0000	</row3>
				</transform>
			</node>
			<node>
				<identifier>	MP_BM950_Anchor_top	</identifier>
				<transform>
					<row0>	1.0290 1.1744 0.3494 0.0000	</row0>
					<row1>	-0.3299 0.7049 -1.3980 0.0000	</row1>
					<row2>	-1.1800 0.8270 0.6954 0.0000	</row2>
					<row3>	0.3521 0.3816 7.1203 1.0000	</row3>
				</transform>
			</node>
			<node>
				<identifier>	MP_BM951_Anchor_down	</identifier>
				<transform>
					<row0>	1.0290 1.1744 0.3494 0.0000	</row0>
					<row1>	0.1530 0.3295 -1.5582 0.0000	</row1>
					<row2>	-1.2156 1.0355 0.0996 0.0000	</row2>
					<row3>	0.3522 0.3815 7.1203 1.0000	</row3>
				</transform>
			</node>
			<node>
				<identifier>	MP_BM959_Anchor_WW2_top	</identifier>
				<transform>
					<row0>	0.8369 -0.4013 -0.3722 0.0000	</row0>
					<row1>	-0.1842 0.4337 -0.8820 0.0000	</row1>
					<row2>	0.5154 0.8067 0.2890 0.0000	</row2>
					<row3>	0.2754 0.3950 7.4386 1.0000	</row3>
				</transform>
			</node>
			<node>
				<identifier>	MP_BM959_Anchor_WW2_top_INDEX_1	</identifier>
				<transform>
					<row0>	0.8205 0.4278 0.3792 0.0000	</row0>
					<row1>	0.1830 0.4319 -0.8832 0.0000	</row1>
					<row2>	-0.5416 0.7940 0.2761 0.0000	</row2>
					<row3>	-0.2754 0.3950 7.4386 1.0000	</row3>
				</transform>
			</node>
			<node>
				<identifier>	MP_BM960_Anchor_WW2_down	</identifier>
				<transform>
					<row0>	0.8433 -0.5375 0.0002 0.0000	</row0>
					<row1>	0.1555 0.2436 -0.9573 0.0000	</row1>
					<row2>	0.5145 0.8073 0.2890 0.0000	</row2>
					<row3>	0.2755 0.3950 7.4386 1.0000	</row3>
				</transform>
			</node>
			<node>
				<identifier>	MP_BM960_Anchor_WW2_down_INDEX_1	</identifier>
				<transform>
					<row0>	0.8427 0.5383 0.0001 0.0000	</row0>
					<row1>	-0.1555 0.2436 -0.9573 0.0000	</row1>
					<row2>	-0.5154 0.8067 0.2890 0.0000	</row2>
					<row3>	-0.2756 0.3948 7.4386 1.0000	</row3>
				</transform>
			</node>
			<node>
				<identifier>	MP_CM011_Fire_Fighting_Gear	</identifier>
				<transform>
					<row0>	-1.0000 0.0000 0.0000 0.0000	</row0>
					<row1>	0.0000 1.0000 0.0000 0.0000	</row1>
					<row2>	0.0000 0.0000 -1.0000 0.0000	</row2>
					<row3>	0.0084 0.4389 6.4322 1.0000	</row3>
				</transform>
			</node>
			<node>
				<identifier>	MP_CM011_Fire_Fighting_Gear_INDEX_1	</identifier>
				<transform>
					<row0>	-1.0000 0.0000 0.0000 0.0000	</row0>
					<row1>	0.0000 1.0000 0.0000 0.0000	</row1>
					<row2>	0.0000 0.0000 -1.0000 0.0000	</row2>
					<row3>	-0.0084 0.4389 6.4322 1.0000	</row3>
				</transform>
			</node>
			<node>
				<identifier>	MP_CM104_Life_Buoy	</identifier>
				<transform>
					<row0>	-0.2429 0.0000 0.9700 0.0000	</row0>
					<row1>	0.0000 1.0000 0.0000 0.0000	</row1>
					<row2>	-0.9700 0.0000 -0.2429 0.0000	</row2>
					<row3>	0.3621 0.5242 7.1919 1.0000	</row3>
				</transform>
			</node>
			<node>
				<identifier>	MP_CM104_Life_Buoy_INDEX_1	</identifier>
				<transform>
					<row0>	-0.2120 0.0000 -0.9773 0.0000	</row0>
					<row1>	0.0000 1.0000 0.0000 0.0000	</row1>
					<row2>	0.9773 0.0000 -0.2120 0.0000	</row2>
					<row3>	-0.4222 0.5135 6.9479 1.0000	</row3>
				</transform>
			</node>
		</node>
	</node>
	<boundingBox>
		<min>	-0.0667 -0.0667 -0.0667	</min>
		<max>	0.0667 0.0667 0.0667	</max>
	</boundingBox>
</BSB044_Renown_1945_Bow_ports.visual>
