<BAF704_Sea_Hurricane_MkIIC_proto_lod2.visual>
	<node>
		<identifier>	Scene Root	</identifier>
		<transform>
			<row0>	1.0000 0.0000 0.0000 0.0000	</row0>
			<row1>	0.0000 1.0000 0.0000 0.0000	</row1>
			<row2>	0.0000 0.0000 1.0000 0.0000	</row2>
			<row3>	0.0000 0.0000 0.0000 1.0000	</row3>
		</transform>
		<node>
			<identifier>	Hull	</identifier>
			<transform>
				<row0>	1.0000 0.0000 0.0000 0.0000	</row0>
				<row1>	0.0000 1.0000 0.0000 0.0000	</row1>
				<row2>	0.0000 0.0000 1.0000 0.0000	</row2>
				<row3>	0.0000 0.0000 0.0000 1.0000	</row3>
			</transform>
			<node>
				<identifier>	chassis_off_BlendBone	</identifier>
				<transform>
					<row0>	1.0000 0.0000 0.0000 0.0000	</row0>
					<row1>	0.0000 1.0000 0.0000 0.0000	</row1>
					<row2>	0.0000 0.0000 1.0000 0.0000	</row2>
					<row3>	0.0000 0.0000 0.0000 1.0000	</row3>
				</transform>
			</node>
			<node>
				<identifier>	chassis_on_BlendBone	</identifier>
				<transform>
					<row0>	1.0000 0.0000 0.0000 0.0000	</row0>
					<row1>	0.0000 1.0000 0.0000 0.0000	</row1>
					<row2>	0.0000 0.0000 1.0000 0.0000	</row2>
					<row3>	0.0000 0.0000 0.0000 1.0000	</row3>
				</transform>
			</node>
			<node>
				<identifier>	propeller_mod	</identifier>
				<transform>
					<row0>	1.0000 0.0000 0.0000 0.0000	</row0>
					<row1>	0.0000 1.0000 0.0000 0.0000	</row1>
					<row2>	0.0000 0.0000 1.0000 0.0000	</row2>
					<row3>	0.0000 0.1373 0.1253 1.0000	</row3>
				</transform>
				<node>
					<identifier>	disc	</identifier>
					<transform>
						<row0>	1.0000 0.0000 0.0000 0.0000	</row0>
						<row1>	0.0000 1.0000 0.0000 0.0000	</row1>
						<row2>	0.0000 0.0000 1.0000 0.0000	</row2>
						<row3>	0.0000 0.0000 0.0000 1.0000	</row3>
					</transform>
					<node>
						<identifier>	disc_1	</identifier>
						<transform>
							<row0>	1.0000 0.0000 0.0000 0.0000	</row0>
							<row1>	0.0000 1.0000 0.0000 0.0000	</row1>
							<row2>	0.0000 0.0000 1.0000 0.0000	</row2>
							<row3>	0.0000 0.0000 0.0000 1.0000	</row3>
						</transform>
					</node>
				</node>
				<node>
					<identifier>	mod	</identifier>
					<transform>
						<row0>	1.0000 0.0000 0.0000 0.0000	</row0>
						<row1>	0.0000 1.0000 0.0000 0.0000	</row1>
						<row2>	0.0000 0.0000 1.0000 0.0000	</row2>
						<row3>	0.0000 0.0000 0.0000 1.0000	</row3>
					</transform>
				</node>
			</node>
			<node>
				<identifier>	pylon_rocket_default_BlendBone	</identifier>
				<transform>
					<row0>	1.0000 0.0000 0.0000 0.0000	</row0>
					<row1>	0.0000 1.0000 0.0000 0.0000	</row1>
					<row2>	0.0000 0.0000 1.0000 0.0000	</row2>
					<row3>	0.0000 0.0000 0.0000 1.0000	</row3>
				</transform>
			</node>
		</node>
		<node>
			<identifier>	Root	</identifier>
			<transform>
				<row0>	1.0000 0.0000 0.0000 0.0000	</row0>
				<row1>	0.0000 1.0000 0.0000 0.0000	</row1>
				<row2>	0.0000 0.0000 1.0000 0.0000	</row2>
				<row3>	0.0000 0.0000 0.0000 1.0000	</row3>
			</transform>
			<node>
				<identifier>	HP_Air_break_1	</identifier>
				<transform>
					<row0>	0.9881 -0.0672 -0.1382 0.0000	</row0>
					<row1>	0.0843 0.9890 0.1219 0.0000	</row1>
					<row2>	0.1284 -0.1321 0.9829 0.0000	</row2>
					<row3>	-0.0982 0.0902 -0.1062 1.0000	</row3>
				</transform>
			</node>
			<node>
				<identifier>	HP_Air_break_2	</identifier>
				<transform>
					<row0>	0.9881 0.0672 0.1382 0.0000	</row0>
					<row1>	-0.0843 0.9890 0.1219 0.0000	</row1>
					<row2>	-0.1284 -0.1321 0.9829 0.0000	</row2>
					<row3>	0.0973 0.0901 -0.1064 1.0000	</row3>
				</transform>
			</node>
			<node>
				<identifier>	HP_Air_death_1	</identifier>
				<transform>
					<row0>	1.0000 0.0000 0.0000 0.0000	</row0>
					<row1>	0.0000 1.0000 0.0000 0.0000	</row1>
					<row2>	0.0000 0.0000 1.0000 0.0000	</row2>
					<row3>	0.0000 0.1378 -0.0547 1.0000	</row3>
				</transform>
			</node>
			<node>
				<identifier>	HP_Air_enginelight_1	</identifier>
				<transform>
					<row0>	1.0000 0.0000 0.0000 0.0000	</row0>
					<row1>	0.0000 0.9999 -0.0107 0.0000	</row1>
					<row2>	0.0000 0.0107 0.9999 0.0000	</row2>
					<row3>	-0.0386 0.1457 0.0788 1.0000	</row3>
				</transform>
			</node>
			<node>
				<identifier>	HP_Air_enginelight_2	</identifier>
				<transform>
					<row0>	1.0000 0.0000 0.0000 0.0000	</row0>
					<row1>	0.0000 1.0000 0.0046 0.0000	</row1>
					<row2>	0.0000 -0.0046 1.0000 0.0000	</row2>
					<row3>	-0.0386 0.1457 0.0579 1.0000	</row3>
				</transform>
			</node>
			<node>
				<identifier>	HP_Air_enginelight_3	</identifier>
				<transform>
					<row0>	1.0000 0.0000 0.0000 0.0000	</row0>
					<row1>	0.0000 1.0000 0.0046 0.0000	</row1>
					<row2>	0.0000 -0.0046 1.0000 0.0000	</row2>
					<row3>	-0.0386 0.1457 0.0368 1.0000	</row3>
				</transform>
			</node>
			<node>
				<identifier>	HP_Air_enginelight_4	</identifier>
				<transform>
					<row0>	1.0000 0.0000 0.0000 0.0000	</row0>
					<row1>	0.0000 0.9999 -0.0107 0.0000	</row1>
					<row2>	0.0000 0.0107 0.9999 0.0000	</row2>
					<row3>	0.0386 0.1457 0.0788 1.0000	</row3>
				</transform>
			</node>
			<node>
				<identifier>	HP_Air_enginelight_5	</identifier>
				<transform>
					<row0>	1.0000 0.0000 0.0000 0.0000	</row0>
					<row1>	0.0000 1.0000 0.0005 0.0000	</row1>
					<row2>	0.0000 -0.0005 1.0000 0.0000	</row2>
					<row3>	0.0386 0.1457 0.0579 1.0000	</row3>
				</transform>
			</node>
			<node>
				<identifier>	HP_Air_enginelight_6	</identifier>
				<transform>
					<row0>	1.0000 0.0000 0.0000 0.0000	</row0>
					<row1>	0.0000 1.0000 -0.0031 0.0000	</row1>
					<row2>	0.0000 0.0031 1.0000 0.0000	</row2>
					<row3>	0.0386 0.1457 0.0368 1.0000	</row3>
				</transform>
			</node>
			<node>
				<identifier>	HP_Air_fire_1	</identifier>
				<transform>
					<row0>	1.0000 0.0000 0.0000 0.0000	</row0>
					<row1>	0.0000 1.0000 0.0000 0.0000	</row1>
					<row2>	0.0000 0.0000 1.0000 0.0000	</row2>
					<row3>	-0.0308 0.1457 0.0708 1.0000	</row3>
				</transform>
			</node>
			<node>
				<identifier>	HP_Air_fire_2	</identifier>
				<transform>
					<row0>	1.0000 0.0000 0.0000 0.0000	</row0>
					<row1>	0.0000 1.0000 0.0000 0.0000	</row1>
					<row2>	0.0000 0.0000 1.0000 0.0000	</row2>
					<row3>	0.0321 0.1457 0.0484 1.0000	</row3>
				</transform>
			</node>
			<node>
				<identifier>	HP_Air_fire_3	</identifier>
				<transform>
					<row0>	1.0000 0.0000 0.0000 0.0000	</row0>
					<row1>	0.0000 1.0000 0.0000 0.0000	</row1>
					<row2>	0.0000 0.0000 1.0000 0.0000	</row2>
					<row3>	-0.1378 0.1133 -0.0370 1.0000	</row3>
				</transform>
			</node>
			<node>
				<identifier>	HP_Air_fire_4	</identifier>
				<transform>
					<row0>	1.0000 0.0000 0.0000 0.0000	</row0>
					<row1>	0.0000 1.0000 0.0000 0.0000	</row1>
					<row2>	0.0000 0.0000 1.0000 0.0000	</row2>
					<row3>	-0.0281 0.1573 -0.0301 1.0000	</row3>
				</transform>
			</node>
			<node>
				<identifier>	HP_Air_fire_5	</identifier>
				<transform>
					<row0>	1.0000 0.0000 0.0000 0.0000	</row0>
					<row1>	0.0000 1.0000 0.0000 0.0000	</row1>
					<row2>	0.0000 0.0000 1.0000 0.0000	</row2>
					<row3>	-0.0009 0.0748 -0.0970 1.0000	</row3>
				</transform>
			</node>
			<node>
				<identifier>	HP_Air_fire_6	</identifier>
				<transform>
					<row0>	1.0000 0.0000 0.0000 0.0000	</row0>
					<row1>	0.0000 1.0000 0.0000 0.0000	</row1>
					<row2>	0.0000 0.0000 1.0000 0.0000	</row2>
					<row3>	0.0793 0.1141 -0.0494 1.0000	</row3>
				</transform>
			</node>
			<node>
				<identifier>	HP_Air_fire_7	</identifier>
				<transform>
					<row0>	1.0000 0.0000 0.0000 0.0000	</row0>
					<row1>	0.0000 1.0000 0.0000 0.0000	</row1>
					<row2>	0.0000 0.0000 1.0000 0.0000	</row2>
					<row3>	0.0000 0.1205 -0.3825 1.0000	</row3>
				</transform>
			</node>
			<node>
				<identifier>	HP_Air_flytrail_1	</identifier>
				<transform>
					<row0>	1.0000 0.0000 0.0000 0.0000	</row0>
					<row1>	0.0000 0.9999 -0.0100 0.0000	</row1>
					<row2>	0.0000 0.0100 0.9999 0.0000	</row2>
					<row3>	-0.4069 0.1119 -0.0348 1.0000	</row3>
				</transform>
			</node>
			<node>
				<identifier>	HP_Air_flytrail_2	</identifier>
				<transform>
					<row0>	1.0000 0.0000 0.0000 0.0000	</row0>
					<row1>	0.0000 0.9999 -0.0100 0.0000	</row1>
					<row2>	0.0000 0.0100 0.9999 0.0000	</row2>
					<row3>	0.4069 0.1119 -0.0348 1.0000	</row3>
				</transform>
			</node>
			<node>
				<identifier>	HP_Air_gunfire_1	</identifier>
				<transform>
					<row0>	1.0000 0.0000 0.0000 0.0000	</row0>
					<row1>	0.0000 1.0000 0.0000 0.0000	</row1>
					<row2>	0.0000 0.0000 1.0000 0.0000	</row2>
					<row3>	-0.1662 0.0989 0.0700 1.0000	</row3>
				</transform>
			</node>
			<node>
				<identifier>	HP_Air_gunfire_2	</identifier>
				<transform>
					<row0>	1.0000 0.0000 0.0000 0.0000	</row0>
					<row1>	0.0000 1.0000 0.0000 0.0000	</row1>
					<row2>	0.0000 0.0000 1.0000 0.0000	</row2>
					<row3>	-0.1245 0.0968 0.0679 1.0000	</row3>
				</transform>
			</node>
			<node>
				<identifier>	HP_Air_gunfire_3	</identifier>
				<transform>
					<row0>	1.0000 0.0000 0.0000 0.0000	</row0>
					<row1>	0.0000 1.0000 0.0000 0.0000	</row1>
					<row2>	0.0000 0.0000 1.0000 0.0000	</row2>
					<row3>	0.1245 0.0968 0.0679 1.0000	</row3>
				</transform>
			</node>
			<node>
				<identifier>	HP_Air_gunfire_4	</identifier>
				<transform>
					<row0>	1.0000 0.0000 0.0000 0.0000	</row0>
					<row1>	0.0000 1.0000 0.0000 0.0000	</row1>
					<row2>	0.0000 0.0000 1.0000 0.0000	</row2>
					<row3>	0.1662 0.0989 0.0700 1.0000	</row3>
				</transform>
			</node>
			<node>
				<identifier>	HP_Air_ricochet_1	</identifier>
				<transform>
					<row0>	1.0000 0.0000 0.0000 0.0000	</row0>
					<row1>	0.0000 1.0000 0.0000 0.0000	</row1>
					<row2>	0.0000 0.0000 1.0000 0.0000	</row2>
					<row3>	-0.2335 0.1172 -0.0443 1.0000	</row3>
				</transform>
			</node>
			<node>
				<identifier>	HP_Air_ricochet_2	</identifier>
				<transform>
					<row0>	1.0000 0.0000 0.0000 0.0000	</row0>
					<row1>	0.0000 1.0000 0.0000 0.0000	</row1>
					<row2>	0.0000 0.0000 1.0000 0.0000	</row2>
					<row3>	0.0975 0.1156 -0.0480 1.0000	</row3>
				</transform>
			</node>
			<node>
				<identifier>	HP_Air_ricochet_3	</identifier>
				<transform>
					<row0>	1.0000 0.0000 0.0000 0.0000	</row0>
					<row1>	0.0000 1.0000 0.0000 0.0000	</row1>
					<row2>	0.0000 0.0000 1.0000 0.0000	</row2>
					<row3>	-0.0115 0.1604 -0.3836 1.0000	</row3>
				</transform>
			</node>
			<node>
				<identifier>	HP_Air_ricochet_4	</identifier>
				<transform>
					<row0>	1.0000 0.0000 0.0000 0.0000	</row0>
					<row1>	0.0000 1.0000 0.0000 0.0000	</row1>
					<row2>	0.0000 0.0000 1.0000 0.0000	</row2>
					<row3>	-0.0024 0.2297 -0.4232 1.0000	</row3>
				</transform>
			</node>
			<node>
				<identifier>	HP_Air_ricochet_5	</identifier>
				<transform>
					<row0>	1.0000 0.0000 0.0000 0.0000	</row0>
					<row1>	0.0000 1.0000 0.0000 0.0000	</row1>
					<row2>	0.0000 0.0000 1.0000 0.0000	</row2>
					<row3>	0.0253 0.1567 -0.2225 1.0000	</row3>
				</transform>
			</node>
			<node>
				<identifier>	HP_Air_ricochet_6	</identifier>
				<transform>
					<row0>	1.0000 0.0000 0.0000 0.0000	</row0>
					<row1>	0.0000 1.0000 0.0000 0.0000	</row1>
					<row2>	0.0000 0.0000 1.0000 0.0000	</row2>
					<row3>	0.0340 0.0991 -0.0002 1.0000	</row3>
				</transform>
			</node>
			<node>
				<identifier>	HP_Air_rocket_1	</identifier>
				<transform>
					<row0>	0.9960 -0.0890 0.0000 0.0000	</row0>
					<row1>	0.0890 0.9960 0.0000 0.0000	</row1>
					<row2>	0.0000 0.0000 1.0000 0.0000	</row2>
					<row3>	-0.1787 0.0824 -0.0647 1.0000	</row3>
				</transform>
			</node>
			<node>
				<identifier>	HP_Air_rocket_2	</identifier>
				<transform>
					<row0>	0.9960 0.0891 0.0000 0.0000	</row0>
					<row1>	-0.0891 0.9960 0.0000 0.0000	</row1>
					<row2>	0.0000 0.0000 1.0000 0.0000	</row2>
					<row3>	0.1786 0.0824 -0.0644 1.0000	</row3>
				</transform>
			</node>
			<node>
				<identifier>	HP_Air_rocket_3	</identifier>
				<transform>
					<row0>	0.9960 -0.0890 0.0000 0.0000	</row0>
					<row1>	0.0890 0.9960 0.0000 0.0000	</row1>
					<row2>	0.0000 0.0000 1.0000 0.0000	</row2>
					<row3>	-0.1909 0.0835 -0.0647 1.0000	</row3>
				</transform>
			</node>
			<node>
				<identifier>	HP_Air_rocket_4	</identifier>
				<transform>
					<row0>	0.9960 0.0891 0.0000 0.0000	</row0>
					<row1>	-0.0891 0.9960 0.0000 0.0000	</row1>
					<row2>	0.0000 0.0000 1.0000 0.0000	</row2>
					<row3>	0.1909 0.0835 -0.0644 1.0000	</row3>
				</transform>
			</node>
			<node>
				<identifier>	HP_Air_rocket_5	</identifier>
				<transform>
					<row0>	0.9960 -0.0890 0.0000 0.0000	</row0>
					<row1>	0.0890 0.9960 0.0000 0.0000	</row1>
					<row2>	0.0000 0.0000 1.0000 0.0000	</row2>
					<row3>	-0.2021 0.0845 -0.0647 1.0000	</row3>
				</transform>
			</node>
			<node>
				<identifier>	HP_Air_rocket_6	</identifier>
				<transform>
					<row0>	0.9960 0.0891 0.0000 0.0000	</row0>
					<row1>	-0.0891 0.9960 0.0000 0.0000	</row1>
					<row2>	0.0000 0.0000 1.0000 0.0000	</row2>
					<row3>	0.2021 0.0845 -0.0644 1.0000	</row3>
				</transform>
			</node>
			<node>
				<identifier>	HP_Air_sleeve_1	</identifier>
				<transform>
					<row0>	0.9965 -0.0837 0.0000 0.0000	</row0>
					<row1>	0.0837 0.9960 0.0313 0.0000	</row1>
					<row2>	-0.0026 -0.0312 0.9995 0.0000	</row2>
					<row3>	-0.1670 0.0897 -0.0495 1.0000	</row3>
				</transform>
			</node>
			<node>
				<identifier>	HP_Air_sleeve_2	</identifier>
				<transform>
					<row0>	0.9965 -0.0837 0.0000 0.0000	</row0>
					<row1>	0.0837 0.9960 0.0313 0.0000	</row1>
					<row2>	-0.0026 -0.0312 0.9995 0.0000	</row2>
					<row3>	-0.1278 0.0864 -0.0495 1.0000	</row3>
				</transform>
			</node>
			<node>
				<identifier>	HP_Air_sleeve_3	</identifier>
				<transform>
					<row0>	0.9965 0.0837 0.0000 0.0000	</row0>
					<row1>	-0.0837 0.9960 0.0313 0.0000	</row1>
					<row2>	0.0026 -0.0312 0.9995 0.0000	</row2>
					<row3>	0.1268 0.0853 -0.0511 1.0000	</row3>
				</transform>
			</node>
			<node>
				<identifier>	HP_Air_sleeve_4	</identifier>
				<transform>
					<row0>	0.9965 0.0837 0.0000 0.0000	</row0>
					<row1>	-0.0837 0.9960 0.0313 0.0000	</row1>
					<row2>	0.0026 -0.0312 0.9995 0.0000	</row2>
					<row3>	0.1668 0.0886 -0.0486 1.0000	</row3>
				</transform>
			</node>
			<node>
				<identifier>	Root_BlendBone	</identifier>
				<transform>
					<row0>	1.0000 0.0000 0.0000 0.0000	</row0>
					<row1>	0.0000 1.0000 0.0000 0.0000	</row1>
					<row2>	0.0000 0.0000 -1.0000 0.0000	</row2>
					<row3>	0.0000 0.0000 0.0000 1.0000	</row3>
				</transform>
			</node>
			<node>
				<identifier>	elevator_1	</identifier>
				<transform>
					<row0>	1.0000 0.0000 0.0000 0.0000	</row0>
					<row1>	0.0000 1.0000 0.0000 0.0000	</row1>
					<row2>	0.0000 0.0000 1.0000 0.0000	</row2>
					<row3>	-0.0917 0.1558 -0.4299 1.0000	</row3>
				</transform>
				<node>
					<identifier>	elevator_1_BlendBone	</identifier>
					<transform>
						<row0>	1.0000 0.0000 0.0000 0.0000	</row0>
						<row1>	0.0000 1.0000 0.0000 0.0000	</row1>
						<row2>	0.0000 0.0000 -1.0000 0.0000	</row2>
						<row3>	0.0917 -0.1558 0.4299 1.0000	</row3>
					</transform>
				</node>
			</node>
			<node>
				<identifier>	l_ailerone_1	</identifier>
				<transform>
					<row0>	0.9914 -0.0549 -0.1189 0.0000	</row0>
					<row1>	0.0553 0.9985 0.0000 0.0000	</row1>
					<row2>	0.1187 -0.0066 0.9929 0.0000	</row2>
					<row3>	-0.3596 0.1109 -0.0711 1.0000	</row3>
				</transform>
				<node>
					<identifier>	l_ailerone_1_BlendBone	</identifier>
					<transform>
						<row0>	0.9914 0.0553 0.1187 0.0000	</row0>
						<row1>	-0.0549 0.9985 -0.0066 0.0000	</row1>
						<row2>	0.1189 0.0000 -0.9929 0.0000	</row2>
						<row3>	0.3542 -0.0909 0.1140 1.0000	</row3>
					</transform>
				</node>
			</node>
			<node>
				<identifier>	l_flaps_1	</identifier>
				<transform>
					<row0>	0.9881 -0.0672 -0.1382 0.0000	</row0>
					<row1>	0.0679 0.9977 0.0000 0.0000	</row1>
					<row2>	0.1378 -0.0094 0.9904 0.0000	</row2>
					<row3>	-0.2235 0.0987 -0.0887 1.0000	</row3>
				</transform>
				<node>
					<identifier>	l_flaps_1_BlendBone	</identifier>
					<transform>
						<row0>	0.9881 0.0679 0.1378 0.0000	</row0>
						<row1>	-0.0672 0.9977 -0.0094 0.0000	</row1>
						<row2>	0.1382 0.0000 -0.9904 0.0000	</row2>
						<row3>	0.2152 -0.0833 0.1196 1.0000	</row3>
					</transform>
				</node>
			</node>
			<node>
				<identifier>	l_flaps_2	</identifier>
				<transform>
					<row0>	0.9994 -0.0357 -0.0020 0.0000	</row0>
					<row1>	0.0357 0.9994 0.0000 0.0000	</row1>
					<row2>	0.0020 0.0000 1.0000 0.0000	</row2>
					<row3>	-0.0294 0.0877 -0.1065 1.0000	</row3>
				</transform>
				<node>
					<identifier>	l_flaps_2_BlendBone	</identifier>
					<transform>
						<row0>	0.9994 0.0357 0.0020 0.0000	</row0>
						<row1>	-0.0357 0.9994 0.0000 0.0000	</row1>
						<row2>	0.0020 0.0000 -1.0000 0.0000	</row2>
						<row3>	0.0323 -0.0866 0.1066 1.0000	</row3>
					</transform>
				</node>
			</node>
			<node>
				<identifier>	r_ailerone_1	</identifier>
				<transform>
					<row0>	0.9914 0.0549 0.1189 0.0000	</row0>
					<row1>	-0.0553 0.9985 0.0000 0.0000	</row1>
					<row2>	-0.1187 -0.0066 0.9929 0.0000	</row2>
					<row3>	0.3596 0.1109 -0.0711 1.0000	</row3>
				</transform>
				<node>
					<identifier>	r_ailerone_1_BlendBone	</identifier>
					<transform>
						<row0>	0.9914 -0.0553 -0.1187 0.0000	</row0>
						<row1>	0.0549 0.9985 -0.0066 0.0000	</row1>
						<row2>	-0.1189 0.0000 -0.9929 0.0000	</row2>
						<row3>	-0.3542 -0.0909 0.1140 1.0000	</row3>
					</transform>
				</node>
			</node>
			<node>
				<identifier>	r_flaps_1	</identifier>
				<transform>
					<row0>	0.9881 0.0672 0.1382 0.0000	</row0>
					<row1>	-0.0679 0.9977 0.0000 0.0000	</row1>
					<row2>	-0.1378 -0.0094 0.9904 0.0000	</row2>
					<row3>	0.2235 0.0987 -0.0887 1.0000	</row3>
				</transform>
				<node>
					<identifier>	r_flaps_1_BlendBone	</identifier>
					<transform>
						<row0>	0.9881 -0.0679 -0.1378 0.0000	</row0>
						<row1>	0.0672 0.9977 -0.0094 0.0000	</row1>
						<row2>	-0.1382 0.0000 -0.9904 0.0000	</row2>
						<row3>	-0.2152 -0.0833 0.1196 1.0000	</row3>
					</transform>
				</node>
			</node>
			<node>
				<identifier>	r_flaps_2	</identifier>
				<transform>
					<row0>	0.9994 0.0357 0.0020 0.0000	</row0>
					<row1>	-0.0357 0.9994 0.0000 0.0000	</row1>
					<row2>	-0.0020 0.0000 1.0000 0.0000	</row2>
					<row3>	0.0294 0.0877 -0.1065 1.0000	</row3>
				</transform>
				<node>
					<identifier>	r_flaps_2_BlendBone	</identifier>
					<transform>
						<row0>	0.9994 -0.0357 -0.0020 0.0000	</row0>
						<row1>	0.0357 0.9994 0.0000 0.0000	</row1>
						<row2>	-0.0020 0.0000 -1.0000 0.0000	</row2>
						<row3>	-0.0323 -0.0866 0.1066 1.0000	</row3>
					</transform>
				</node>
			</node>
			<node>
				<identifier>	rudder_1	</identifier>
				<transform>
					<row0>	1.0000 0.0000 0.0000 0.0000	</row0>
					<row1>	0.0000 1.0000 0.0000 0.0000	</row1>
					<row2>	0.0000 0.0000 1.0000 0.0000	</row2>
					<row3>	0.0000 0.2566 -0.4373 1.0000	</row3>
				</transform>
				<node>
					<identifier>	rudder_1_BlendBone	</identifier>
					<transform>
						<row0>	1.0000 0.0000 0.0000 0.0000	</row0>
						<row1>	0.0000 1.0000 0.0000 0.0000	</row1>
						<row2>	0.0000 0.0000 -1.0000 0.0000	</row2>
						<row3>	0.0000 -0.2566 0.4373 1.0000	</row3>
					</transform>
				</node>
			</node>
		</node>
	</node>
	<renderSet>
		<treatAsWorldSpaceObject>	true	</treatAsWorldSpaceObject>
		<node>	l_ailerone_1_BlendBone	</node>
		<node>	r_flaps_1_BlendBone	</node>
		<node>	r_flaps_2_BlendBone	</node>
		<node>	elevator_1_BlendBone	</node>
		<node>	rudder_1_BlendBone	</node>
		<node>	r_ailerone_1_BlendBone	</node>
		<node>	l_flaps_2_BlendBone	</node>
		<node>	l_flaps_1_BlendBone	</node>
		<node>	Root_BlendBone	</node>
		<geometry>
			<vertices>	Hull_lod2Shape.vertices	</vertices>
			<primitive>	Hull_lod2Shape.indices	</primitive>
			<primitiveGroup>	0
				<material>
					<identifier>	SHIPMAT_PBS_Hull_skinned	</identifier>
					<mfm>	PnFMods/ModsSDK.zip/BSA106_Furious/aircraft/BAF704_Sea_Hurricane_MkIIC_skinned.mfm	</mfm>
				</material>
			</primitiveGroup>
		</geometry>
	</renderSet>
	<renderSet>
		<treatAsWorldSpaceObject>	false	</treatAsWorldSpaceObject>
		<node>	chassis_off_BlendBone	</node>
		<geometry>
			<vertices>	chassis_off_BlendBone_lod2Shape.vertices	</vertices>
			<primitive>	chassis_off_BlendBone_lod2Shape.indices	</primitive>
			<primitiveGroup>	0
				<material>
					<identifier>	SHIPMAT_PBS_Other	</identifier>
					<mfm>	PnFMods/ModsSDK.zip/BSA106_Furious/aircraft/BAF704_Sea_Hurricane_MkIIC.mfm	</mfm>
				</material>
			</primitiveGroup>
		</geometry>
	</renderSet>
	<renderSet>
		<treatAsWorldSpaceObject>	false	</treatAsWorldSpaceObject>
		<node>	chassis_on_BlendBone	</node>
		<geometry>
			<vertices>	chassis_on_BlendBone_lod2Shape.vertices	</vertices>
			<primitive>	chassis_on_BlendBone_lod2Shape.indices	</primitive>
			<primitiveGroup>	0
				<material>
					<identifier>	SHIPMAT_PBS_Other	</identifier>
					<mfm>	PnFMods/ModsSDK.zip/BSA106_Furious/aircraft/BAF704_Sea_Hurricane_MkIIC.mfm	</mfm>
				</material>
			</primitiveGroup>
		</geometry>
	</renderSet>
	<renderSet>
		<treatAsWorldSpaceObject>	false	</treatAsWorldSpaceObject>
		<node>	disc_1	</node>
		<geometry>
			<vertices>	disc_1_lod2Shape.vertices	</vertices>
			<primitive>	disc_1_lod2Shape.indices	</primitive>
			<primitiveGroup>	0
				<material>
					<identifier>	SHIPMAT_PBS_Other	</identifier>
					<mfm>	PnFMods/ModsSDK.zip/BSA106_Furious/aircraft/BAF704_Sea_Hurricane_MkIIC.mfm	</mfm>
				</material>
			</primitiveGroup>
		</geometry>
	</renderSet>
	<renderSet>
		<treatAsWorldSpaceObject>	false	</treatAsWorldSpaceObject>
		<node>	disc	</node>
		<geometry>
			<vertices>	disc_lod2Shape.vertices	</vertices>
			<primitive>	disc_lod2Shape.indices	</primitive>
			<primitiveGroup>	0
				<material>
					<identifier>	PROPELLERMAT_propeller	</identifier>
					<mfm>	PnFMods/ModsSDK.zip/BSA106_Furious/aircraft/German_Disk_3Blade_02_alpha.mfm	</mfm>
				</material>
			</primitiveGroup>
		</geometry>
	</renderSet>
	<renderSet>
		<treatAsWorldSpaceObject>	false	</treatAsWorldSpaceObject>
		<node>	mod	</node>
		<geometry>
			<vertices>	mod_lod2Shape.vertices	</vertices>
			<primitive>	mod_lod2Shape.indices	</primitive>
			<primitiveGroup>	0
				<material>
					<identifier>	SHIPMAT_PBS_Other	</identifier>
					<mfm>	PnFMods/ModsSDK.zip/BSA106_Furious/aircraft/BAF704_Sea_Hurricane_MkIIC.mfm	</mfm>
				</material>
			</primitiveGroup>
		</geometry>
	</renderSet>
	<renderSet>
		<treatAsWorldSpaceObject>	false	</treatAsWorldSpaceObject>
		<node>	pylon_rocket_default_BlendBone	</node>
		<geometry>
			<vertices>	pylon_rocket_default_BlendBone_lod2Shape.vertices	</vertices>
			<primitive>	pylon_rocket_default_BlendBone_lod2Shape.indices	</primitive>
			<primitiveGroup>	0
				<material>
					<identifier>	SHIPMAT_PBS_Other	</identifier>
					<mfm>	PnFMods/ModsSDK.zip/BSA106_Furious/aircraft/BAF704_Sea_Hurricane_MkIIC.mfm	</mfm>
				</material>
			</primitiveGroup>
		</geometry>
	</renderSet>
	<boundingBox>
		<min>	-0.4065 0.0002 -0.4843	</min>
		<max>	0.4065 0.2566 0.1920	</max>
	</boundingBox>
</BAF704_Sea_Hurricane_MkIIC_proto_lod2.visual>
