<ASB017_Montana_1945_Stern_ports.visual>
	<node>
		<identifier>	Scene Root	</identifier>
		<transform>
			<row0>	1.0000 0.0000 0.0000 0.0000	</row0>
			<row1>	0.0000 1.0000 0.0000 0.0000	</row1>
			<row2>	0.0000 0.0000 1.0000 0.0000	</row2>
			<row3>	0.0000 0.0000 0.0000 1.0000	</row3>
		</transform>
		<node>
			<identifier>	Stern_ports	</identifier>
			<transform>
				<row0>	1.0000 0.0000 0.0000 0.0000	</row0>
				<row1>	0.0000 1.0000 0.0000 0.0000	</row1>
				<row2>	0.0000 0.0000 1.0000 0.0000	</row2>
				<row3>	0.0000 0.0000 0.0000 1.0000	</row3>
			</transform>
			<node>
				<identifier>	HP_AC_1	</identifier>
				<transform>
					<row0>	0.7071 0.0000 0.7071 0.0000	</row0>
					<row1>	0.0000 1.0000 0.0000 0.0000	</row1>
					<row2>	-0.7071 0.0000 0.7071 0.0000	</row2>
					<row3>	-0.5738 0.4416 -7.9966 1.0000	</row3>
				</transform>
			</node>
			<node>
				<identifier>	HP_AC_2	</identifier>
				<transform>
					<row0>	0.7071 0.0000 -0.7071 0.0000	</row0>
					<row1>	0.0000 1.0000 0.0000 0.0000	</row1>
					<row2>	0.7071 0.0000 0.7071 0.0000	</row2>
					<row3>	0.5738 0.4416 -7.9966 1.0000	</row3>
				</transform>
			</node>
			<node>
				<identifier>	HP_AD_25	</identifier>
				<transform>
					<row0>	-0.7071 0.0000 0.7071 0.0000	</row0>
					<row1>	0.0000 1.0000 0.0000 0.0000	</row1>
					<row2>	-0.7071 0.0000 -0.7071 0.0000	</row2>
					<row3>	-0.7816 0.4656 -5.6782 1.0000	</row3>
				</transform>
			</node>
			<node>
				<identifier>	HP_AD_26	</identifier>
				<transform>
					<row0>	-0.7071 0.0000 -0.7071 0.0000	</row0>
					<row1>	0.0000 1.0000 0.0000 0.0000	</row1>
					<row2>	0.7071 0.0000 -0.7071 0.0000	</row2>
					<row3>	0.7816 0.4656 -5.6782 1.0000	</row3>
				</transform>
			</node>
			<node>
				<identifier>	HP_AD_27	</identifier>
				<transform>
					<row0>	-1.0000 0.0000 0.0000 0.0000	</row0>
					<row1>	0.0000 1.0000 0.0000 0.0000	</row1>
					<row2>	0.0000 0.0000 -1.0000 0.0000	</row2>
					<row3>	-0.0902 0.4659 -6.4040 1.0000	</row3>
				</transform>
			</node>
			<node>
				<identifier>	HP_AD_28	</identifier>
				<transform>
					<row0>	-1.0000 0.0000 0.0000 0.0000	</row0>
					<row1>	0.0000 1.0000 0.0000 0.0000	</row1>
					<row2>	0.0000 0.0000 -1.0000 0.0000	</row2>
					<row3>	-0.1412 0.4895 -8.6361 1.0000	</row3>
				</transform>
			</node>
			<node>
				<identifier>	HP_AD_29	</identifier>
				<transform>
					<row0>	-1.0000 0.0000 0.0000 0.0000	</row0>
					<row1>	0.0000 1.0000 0.0000 0.0000	</row1>
					<row2>	0.0000 0.0000 -1.0000 0.0000	</row2>
					<row3>	0.1412 0.4895 -8.6361 1.0000	</row3>
				</transform>
			</node>
			<node>
				<identifier>	HP_AGA_60	</identifier>
				<transform>
					<row0>	-0.7071 0.0000 0.7071 0.0000	</row0>
					<row1>	0.0000 1.0000 0.0000 0.0000	</row1>
					<row2>	-0.7071 0.0000 -0.7071 0.0000	</row2>
					<row3>	-0.9101 0.3792 -5.9060 1.0000	</row3>
				</transform>
			</node>
			<node>
				<identifier>	HP_AGA_61	</identifier>
				<transform>
					<row0>	-0.7071 0.0000 -0.7071 0.0000	</row0>
					<row1>	0.0000 1.0000 0.0000 0.0000	</row1>
					<row2>	0.7071 0.0000 -0.7071 0.0000	</row2>
					<row3>	0.9101 0.3792 -5.9060 1.0000	</row3>
				</transform>
			</node>
			<node>
				<identifier>	HP_AGA_62	</identifier>
				<transform>
					<row0>	-1.0000 0.0000 0.0000 0.0000	</row0>
					<row1>	0.0000 1.0000 0.0000 0.0000	</row1>
					<row2>	0.0000 0.0000 -1.0000 0.0000	</row2>
					<row3>	0.0000 0.3800 -6.6471 1.0000	</row3>
				</transform>
			</node>
			<node>
				<identifier>	HP_AGA_63	</identifier>
				<transform>
					<row0>	-1.0000 0.0000 0.0000 0.0000	</row0>
					<row1>	0.0000 1.0000 0.0000 0.0000	</row1>
					<row2>	0.0000 0.0000 -1.0000 0.0000	</row2>
					<row3>	-0.3380 0.4059 -8.7994 1.0000	</row3>
				</transform>
			</node>
			<node>
				<identifier>	HP_AGA_64	</identifier>
				<transform>
					<row0>	-1.0000 0.0000 0.0000 0.0000	</row0>
					<row1>	0.0000 1.0000 0.0000 0.0000	</row1>
					<row2>	0.0000 0.0000 -1.0000 0.0000	</row2>
					<row3>	0.3380 0.4059 -8.7994 1.0000	</row3>
				</transform>
			</node>
			<node>
				<identifier>	HP_AGM_4	</identifier>
				<transform>
					<row0>	-1.0000 0.0000 0.0000 0.0000	</row0>
					<row1>	0.0000 1.0000 0.0000 0.0000	</row1>
					<row2>	0.0000 0.0000 -1.0000 0.0000	</row2>
					<row3>	0.0000 0.4613 -4.5335 1.0000	</row3>
				</transform>
			</node>
			<node>
				<identifier>	HP_FX_Death_3	</identifier>
				<transform>
					<row0>	1.0000 0.0000 0.0000 0.0000	</row0>
					<row1>	0.0000 1.0000 0.0000 0.0000	</row1>
					<row2>	0.0000 0.0000 1.0000 0.0000	</row2>
					<row3>	0.0000 0.0000 -4.9789 1.0000	</row3>
				</transform>
			</node>
			<node>
				<identifier>	HP_FX_Fire_4	</identifier>
				<transform>
					<row0>	1.0000 0.0000 0.0000 0.0000	</row0>
					<row1>	0.0000 1.0000 0.0000 0.0000	</row1>
					<row2>	0.0000 0.0000 1.0000 0.0000	</row2>
					<row3>	0.0000 0.3972 -7.2931 1.0000	</row3>
				</transform>
			</node>
			<node>
				<identifier>	HP_FX_RepairLight_left_2	</identifier>
				<transform>
					<row0>	-0.0090 0.0000 1.0000 0.0000	</row0>
					<row1>	-0.0392 0.9992 -0.0004 0.0000	</row1>
					<row2>	-0.9992 -0.0392 -0.0090 0.0000	</row2>
					<row3>	-1.1840 0.3769 -4.1999 1.0000	</row3>
				</transform>
			</node>
			<node>
				<identifier>	HP_FX_WakeTraceBack	</identifier>
				<transform>
					<row0>	1.0000 0.0000 0.0000 0.0000	</row0>
					<row1>	0.0000 1.0000 0.0000 0.0000	</row1>
					<row2>	0.0000 0.0000 1.0000 0.0000	</row2>
					<row3>	0.0000 0.0000 -8.9832 1.0000	</row3>
				</transform>
			</node>
			<node>
				<identifier>	HP_FX_WakeTrace_screw_1	</identifier>
				<transform>
					<row0>	1.0000 0.0000 0.0000 0.0000	</row0>
					<row1>	0.0000 1.0000 0.0000 0.0000	</row1>
					<row2>	0.0000 0.0000 1.0000 0.0000	</row2>
					<row3>	-0.6681 -0.5116 -6.9926 1.0000	</row3>
				</transform>
			</node>
			<node>
				<identifier>	HP_FX_WakeTrace_screw_2	</identifier>
				<transform>
					<row0>	1.0000 0.0000 0.0000 0.0000	</row0>
					<row1>	0.0000 1.0000 0.0000 0.0000	</row1>
					<row2>	0.0000 0.0000 1.0000 0.0000	</row2>
					<row3>	-0.2353 -0.5116 -7.4736 1.0000	</row3>
				</transform>
			</node>
			<node>
				<identifier>	HP_FX_WakeTrace_screw_3	</identifier>
				<transform>
					<row0>	1.0000 0.0000 0.0000 0.0000	</row0>
					<row1>	0.0000 1.0000 0.0000 0.0000	</row1>
					<row2>	0.0000 0.0000 1.0000 0.0000	</row2>
					<row3>	0.6681 -0.5116 -6.9926 1.0000	</row3>
				</transform>
			</node>
			<node>
				<identifier>	HP_FX_WakeTrace_screw_4	</identifier>
				<transform>
					<row0>	1.0000 0.0000 0.0000 0.0000	</row0>
					<row1>	0.0000 1.0000 0.0000 0.0000	</row1>
					<row2>	0.0000 0.0000 1.0000 0.0000	</row2>
					<row3>	0.2353 -0.5116 -7.4736 1.0000	</row3>
				</transform>
			</node>
			<node>
				<identifier>	HP_Ship_death_3	</identifier>
				<transform>
					<row0>	1.0000 0.0000 0.0000 0.0000	</row0>
					<row1>	0.0000 1.0000 0.0000 0.0000	</row1>
					<row2>	0.0000 0.0000 1.0000 0.0000	</row2>
					<row3>	0.0000 0.0000 -4.0805 1.0000	</row3>
				</transform>
			</node>
			<node>
				<identifier>	MP_AM001_Bollard_2	</identifier>
				<transform>
					<row0>	1.4411 0.0000 -0.2199 0.0000	</row0>
					<row1>	0.0000 1.4578 0.0000 0.0000	</row1>
					<row2>	0.2199 0.0000 1.4411 0.0000	</row2>
					<row3>	0.9180 0.3809 -6.9250 1.0000	</row3>
				</transform>
			</node>
			<node>
				<identifier>	MP_AM001_Bollard_2_INDEX_1	</identifier>
				<transform>
					<row0>	1.4578 0.0000 -0.0063 0.0000	</row0>
					<row1>	0.0000 1.4578 0.0000 0.0000	</row1>
					<row2>	0.0063 0.0000 1.4578 0.0000	</row2>
					<row3>	1.0975 0.3809 -4.4291 1.0000	</row3>
				</transform>
			</node>
			<node>
				<identifier>	MP_AM001_Bollard_2_INDEX_2	</identifier>
				<transform>
					<row0>	1.4578 0.0000 0.0063 0.0000	</row0>
					<row1>	0.0000 1.4578 0.0000 0.0000	</row1>
					<row2>	-0.0063 0.0000 1.4578 0.0000	</row2>
					<row3>	-1.0975 0.3809 -4.4291 1.0000	</row3>
				</transform>
			</node>
			<node>
				<identifier>	MP_AM001_Bollard_2_INDEX_3	</identifier>
				<transform>
					<row0>	1.4578 0.0000 0.0000 0.0000	</row0>
					<row1>	0.0000 1.4570 0.0502 0.0000	</row1>
					<row2>	0.0000 -0.0502 1.4570 0.0000	</row2>
					<row3>	-0.0860 0.4074 -8.7425 1.0000	</row3>
				</transform>
			</node>
			<node>
				<identifier>	MP_AM001_Bollard_2_INDEX_4	</identifier>
				<transform>
					<row0>	1.4578 0.0000 0.0000 0.0000	</row0>
					<row1>	0.0000 1.4570 0.0502 0.0000	</row1>
					<row2>	0.0000 -0.0502 1.4570 0.0000	</row2>
					<row3>	0.0860 0.4074 -8.7425 1.0000	</row3>
				</transform>
			</node>
			<node>
				<identifier>	MP_AM001_Bollard_2_INDEX_5	</identifier>
				<transform>
					<row0>	1.4411 0.0000 0.2199 0.0000	</row0>
					<row1>	0.0000 1.4578 0.0000 0.0000	</row1>
					<row2>	-0.2199 0.0000 1.4411 0.0000	</row2>
					<row3>	-0.9180 0.3809 -6.9250 1.0000	</row3>
				</transform>
			</node>
			<node>
				<identifier>	MP_AM010_Speaker_1	</identifier>
				<transform>
					<row0>	-0.9914 0.0000 0.1305 0.0000	</row0>
					<row1>	0.0000 1.0000 0.0000 0.0000	</row1>
					<row2>	-0.1305 0.0000 -0.9914 0.0000	</row2>
					<row3>	0.0259 0.4591 -6.4365 1.0000	</row3>
				</transform>
			</node>
			<node>
				<identifier>	MP_AM020_Ventilators_2	</identifier>
				<transform>
					<row0>	1.0000 0.0000 0.0000 0.0000	</row0>
					<row1>	0.0000 1.0000 0.0000 0.0000	</row1>
					<row2>	0.0000 0.0000 1.0000 0.0000	</row2>
					<row3>	0.7834 0.3793 -4.1615 1.0000	</row3>
				</transform>
			</node>
			<node>
				<identifier>	MP_AM020_Ventilators_2_INDEX_1	</identifier>
				<transform>
					<row0>	1.0000 0.0000 0.0000 0.0000	</row0>
					<row1>	0.0000 1.0000 0.0000 0.0000	</row1>
					<row2>	0.0000 0.0000 1.0000 0.0000	</row2>
					<row3>	-0.7834 0.3793 -4.1615 1.0000	</row3>
				</transform>
			</node>
			<node>
				<identifier>	MP_AM021_Ventilators_3	</identifier>
				<transform>
					<row0>	1.0000 0.0000 0.0000 0.0000	</row0>
					<row1>	0.0000 1.0000 0.0000 0.0000	</row1>
					<row2>	0.0000 0.0000 1.0000 0.0000	</row2>
					<row3>	0.2818 0.3803 -5.2126 1.0000	</row3>
				</transform>
			</node>
			<node>
				<identifier>	MP_AM021_Ventilators_3_INDEX_1	</identifier>
				<transform>
					<row0>	1.0000 0.0000 0.0000 0.0000	</row0>
					<row1>	0.0000 1.0000 0.0000 0.0000	</row1>
					<row2>	0.0000 0.0000 1.0000 0.0000	</row2>
					<row3>	-0.2245 0.3795 -7.2377 1.0000	</row3>
				</transform>
			</node>
			<node>
				<identifier>	MP_AM022_Ventilators_4	</identifier>
				<transform>
					<row0>	1.7500 0.0000 0.0000 0.0000	</row0>
					<row1>	0.0000 1.7500 0.0000 0.0000	</row1>
					<row2>	0.0000 0.0000 1.7500 0.0000	</row2>
					<row3>	-0.7556 0.3784 -6.9324 1.0000	</row3>
				</transform>
			</node>
			<node>
				<identifier>	MP_AM022_Ventilators_4_INDEX_1	</identifier>
				<transform>
					<row0>	1.7500 0.0000 0.0000 0.0000	</row0>
					<row1>	0.0000 1.7500 0.0000 0.0000	</row1>
					<row2>	0.0000 0.0000 1.7500 0.0000	</row2>
					<row3>	0.3938 0.4028 -8.5687 1.0000	</row3>
				</transform>
			</node>
			<node>
				<identifier>	MP_AM022_Ventilators_4_INDEX_2	</identifier>
				<transform>
					<row0>	1.7500 0.0000 0.0000 0.0000	</row0>
					<row1>	0.0000 1.7500 0.0000 0.0000	</row1>
					<row2>	0.0000 0.0000 1.7500 0.0000	</row2>
					<row3>	-0.4452 0.4052 -8.5910 1.0000	</row3>
				</transform>
			</node>
			<node>
				<identifier>	MP_AM022_Ventilators_4_INDEX_3	</identifier>
				<transform>
					<row0>	1.7500 0.0000 0.0000 0.0000	</row0>
					<row1>	0.0000 1.7500 0.0000 0.0000	</row1>
					<row2>	0.0000 0.0000 1.7500 0.0000	</row2>
					<row3>	0.9214 0.3797 -6.2349 1.0000	</row3>
				</transform>
			</node>
			<node>
				<identifier>	MP_AM023_Hatch_1	</identifier>
				<transform>
					<row0>	1.3000 0.0000 0.0000 0.0000	</row0>
					<row1>	0.0000 1.2998 0.0215 0.0000	</row1>
					<row2>	0.0000 -0.0215 1.2998 0.0000	</row2>
					<row3>	-0.3452 0.3938 -8.0998 1.0000	</row3>
				</transform>
			</node>
			<node>
				<identifier>	MP_AM023_Hatch_1_INDEX_1	</identifier>
				<transform>
					<row0>	1.3000 0.0000 0.0000 0.0000	</row0>
					<row1>	0.0000 1.3000 0.0000 0.0000	</row1>
					<row2>	0.0000 0.0000 1.3000 0.0000	</row2>
					<row3>	0.1714 0.3794 -6.0592 1.0000	</row3>
				</transform>
			</node>
			<node>
				<identifier>	MP_AM023_Hatch_1_INDEX_2	</identifier>
				<transform>
					<row0>	0.0012 0.0407 -1.4994 0.0000	</row0>
					<row1>	0.0000 1.4994 0.0407 0.0000	</row1>
					<row2>	1.5000 0.0000 0.0012 0.0000	</row2>
					<row3>	-0.0036 0.4021 -8.4343 1.0000	</row3>
				</transform>
			</node>
			<node>
				<identifier>	MP_AM023_Hatch_1_INDEX_3	</identifier>
				<transform>
					<row0>	0.0000 0.0000 -1.3000 0.0000	</row0>
					<row1>	0.0000 1.3000 0.0000 0.0000	</row1>
					<row2>	1.3000 0.0000 0.0000 0.0000	</row2>
					<row3>	-0.0087 0.3752 -5.0913 1.0000	</row3>
				</transform>
			</node>
			<node>
				<identifier>	MP_AM023_Hatch_1_INDEX_4	</identifier>
				<transform>
					<row0>	0.0000 0.0000 -1.3000 0.0000	</row0>
					<row1>	0.0000 1.3000 0.0000 0.0000	</row1>
					<row2>	1.3000 0.0000 0.0000 0.0000	</row2>
					<row3>	-0.4964 0.3808 -4.6486 1.0000	</row3>
				</transform>
			</node>
			<node>
				<identifier>	MP_AM023_Hatch_1_INDEX_5	</identifier>
				<transform>
					<row0>	0.0000 0.0000 1.3000 0.0000	</row0>
					<row1>	0.0000 1.3000 0.0000 0.0000	</row1>
					<row2>	-1.3000 0.0000 0.0000 0.0000	</row2>
					<row3>	0.4964 0.3808 -4.6486 1.0000	</row3>
				</transform>
			</node>
			<node>
				<identifier>	MP_AM023_Hatch_1_INDEX_6	</identifier>
				<transform>
					<row0>	0.0000 0.0358 -1.2995 0.0000	</row0>
					<row1>	0.0000 1.2995 0.0358 0.0000	</row1>
					<row2>	1.3000 0.0000 0.0000 0.0000	</row2>
					<row3>	-0.2987 0.3987 -8.3064 1.0000	</row3>
				</transform>
			</node>
			<node>
				<identifier>	MP_AM024_Hatch_2	</identifier>
				<transform>
					<row0>	1.0000 0.0000 0.0000 0.0000	</row0>
					<row1>	0.0000 1.0000 0.0000 0.0000	</row1>
					<row2>	0.0000 0.0000 1.0000 0.0000	</row2>
					<row3>	0.1691 0.3811 -7.1387 1.0000	</row3>
				</transform>
			</node>
			<node>
				<identifier>	MP_AM024_Hatch_2_INDEX_1	</identifier>
				<transform>
					<row0>	1.0000 0.0000 0.0000 0.0000	</row0>
					<row1>	0.0000 0.9999 0.0126 0.0000	</row1>
					<row2>	0.0000 -0.0126 0.9999 0.0000	</row2>
					<row3>	0.0734 0.3892 -7.7483 1.0000	</row3>
				</transform>
			</node>
			<node>
				<identifier>	MP_AM024_Hatch_2_INDEX_2	</identifier>
				<transform>
					<row0>	1.0000 0.0000 0.0000 0.0000	</row0>
					<row1>	0.0000 1.0000 0.0000 0.0000	</row1>
					<row2>	0.0000 0.0000 1.0000 0.0000	</row2>
					<row3>	-0.0543 0.3806 -6.9058 1.0000	</row3>
				</transform>
			</node>
			<node>
				<identifier>	MP_AM024_Hatch_2_INDEX_3	</identifier>
				<transform>
					<row0>	1.0000 0.0000 0.0000 0.0000	</row0>
					<row1>	0.0000 1.0000 0.0000 0.0000	</row1>
					<row2>	0.0000 0.0000 1.0000 0.0000	</row2>
					<row3>	-0.0479 0.3809 -6.2004 1.0000	</row3>
				</transform>
			</node>
			<node>
				<identifier>	MP_AM024_Hatch_2_INDEX_4	</identifier>
				<transform>
					<row0>	1.0000 0.0000 0.0000 0.0000	</row0>
					<row1>	0.0000 1.0000 0.0000 0.0000	</row1>
					<row2>	0.0000 0.0000 1.0000 0.0000	</row2>
					<row3>	-0.0766 0.3807 -5.4568 1.0000	</row3>
				</transform>
			</node>
			<node>
				<identifier>	MP_AM024_Hatch_2_INDEX_5	</identifier>
				<transform>
					<row0>	1.0000 0.0000 0.0000 0.0000	</row0>
					<row1>	0.0000 1.0000 0.0000 0.0000	</row1>
					<row2>	0.0000 0.0000 1.0000 0.0000	</row2>
					<row3>	0.8043 0.3808 -4.4068 1.0000	</row3>
				</transform>
			</node>
			<node>
				<identifier>	MP_AM024_Hatch_2_INDEX_6	</identifier>
				<transform>
					<row0>	1.0000 0.0000 0.0000 0.0000	</row0>
					<row1>	0.0000 1.0000 0.0000 0.0000	</row1>
					<row2>	0.0000 0.0000 1.0000 0.0000	</row2>
					<row3>	-0.8043 0.3808 -4.4068 1.0000	</row3>
				</transform>
			</node>
			<node>
				<identifier>	MP_AM028_Ammunition_Box2	</identifier>
				<transform>
					<row0>	1.0000 0.0000 0.0000 0.0000	</row0>
					<row1>	0.0000 1.0000 0.0000 0.0000	</row1>
					<row2>	0.0000 0.0000 1.0000 0.0000	</row2>
					<row3>	-0.8043 0.3808 -4.3182 1.0000	</row3>
				</transform>
			</node>
			<node>
				<identifier>	MP_AM028_Ammunition_Box2_INDEX_1	</identifier>
				<transform>
					<row0>	1.0000 0.0000 0.0000 0.0000	</row0>
					<row1>	0.0000 1.0000 0.0000 0.0000	</row1>
					<row2>	0.0000 0.0000 1.0000 0.0000	</row2>
					<row3>	-0.0451 0.3808 -6.1213 1.0000	</row3>
				</transform>
			</node>
			<node>
				<identifier>	MP_AM028_Ammunition_Box2_INDEX_2	</identifier>
				<transform>
					<row0>	1.0000 0.0000 0.0000 0.0000	</row0>
					<row1>	0.0000 1.0000 0.0000 0.0000	</row1>
					<row2>	0.0000 0.0000 1.0000 0.0000	</row2>
					<row3>	0.8043 0.3808 -4.3182 1.0000	</row3>
				</transform>
			</node>
			<node>
				<identifier>	MP_AM044_Boat_Winch	</identifier>
				<transform>
					<row0>	-1.0000 0.0000 0.0000 0.0000	</row0>
					<row1>	0.0000 1.0000 0.0000 0.0000	</row1>
					<row2>	0.0000 0.0000 -1.0000 0.0000	</row2>
					<row3>	0.8092 0.3808 -4.9851 1.0000	</row3>
				</transform>
			</node>
			<node>
				<identifier>	MP_AM044_Boat_Winch_INDEX_1	</identifier>
				<transform>
					<row0>	-1.0000 0.0000 0.0000 0.0000	</row0>
					<row1>	0.0000 1.0000 0.0000 0.0000	</row1>
					<row2>	0.0000 0.0000 -1.0000 0.0000	</row2>
					<row3>	-0.8079 0.3808 -4.9853 1.0000	</row3>
				</transform>
			</node>
			<node>
				<identifier>	MP_AM055_Boat_1	</identifier>
				<transform>
					<row0>	-0.2100 0.0277 -0.9773 0.0000	</row0>
					<row1>	0.0000 0.9996 0.0283 0.0000	</row1>
					<row2>	0.9777 0.0059 -0.2100 0.0000	</row2>
					<row3>	0.5185 0.3955 -8.1896 1.0000	</row3>
				</transform>
			</node>
			<node>
				<identifier>	MP_AM055_Boat_1_INDEX_1	</identifier>
				<transform>
					<row0>	-0.2100 -0.0269 0.9773 0.0000	</row0>
					<row1>	0.0000 0.9996 0.0275 0.0000	</row1>
					<row2>	-0.9777 0.0058 -0.2100 0.0000	</row2>
					<row3>	-0.4890 0.3992 -8.3270 1.0000	</row3>
				</transform>
			</node>
			<node>
				<identifier>	MP_AM055_Boat_1_INDEX_10	</identifier>
				<transform>
					<row0>	-0.2100 -0.0137 0.9776 0.0000	</row0>
					<row1>	0.0000 0.9999 0.0140 0.0000	</row1>
					<row2>	-0.9777 0.0029 -0.2100 0.0000	</row2>
					<row3>	-0.7380 0.3824 -7.3129 1.0000	</row3>
				</transform>
			</node>
			<node>
				<identifier>	MP_AM055_Boat_1_INDEX_11	</identifier>
				<transform>
					<row0>	-0.2100 0.0137 -0.9776 0.0000	</row0>
					<row1>	0.0000 0.9999 0.0140 0.0000	</row1>
					<row2>	0.9777 0.0029 -0.2100 0.0000	</row2>
					<row3>	0.6873 0.3857 -7.5489 1.0000	</row3>
				</transform>
			</node>
			<node>
				<identifier>	MP_AM055_Boat_1_INDEX_12	</identifier>
				<transform>
					<row0>	-0.2100 0.0137 -0.9776 0.0000	</row0>
					<row1>	0.0000 0.9999 0.0140 0.0000	</row1>
					<row2>	0.9777 0.0029 -0.2100 0.0000	</row2>
					<row3>	0.7380 0.3824 -7.3129 1.0000	</row3>
				</transform>
			</node>
			<node>
				<identifier>	MP_AM055_Boat_1_INDEX_13	</identifier>
				<transform>
					<row0>	-0.2100 0.0137 -0.9776 0.0000	</row0>
					<row1>	0.0000 0.9999 0.0140 0.0000	</row1>
					<row2>	0.9777 0.0029 -0.2100 0.0000	</row2>
					<row3>	0.7126 0.3840 -7.4309 1.0000	</row3>
				</transform>
			</node>
			<node>
				<identifier>	MP_AM055_Boat_1_INDEX_14	</identifier>
				<transform>
					<row0>	-0.2100 -0.0289 0.9773 0.0000	</row0>
					<row1>	0.0000 0.9996 0.0295 0.0000	</row1>
					<row2>	-0.9777 0.0062 -0.2099 0.0000	</row2>
					<row3>	-0.4605 0.4027 -8.4592 1.0000	</row3>
				</transform>
			</node>
			<node>
				<identifier>	MP_AM055_Boat_1_INDEX_2	</identifier>
				<transform>
					<row0>	-0.2100 -0.0277 0.9773 0.0000	</row0>
					<row1>	0.0000 0.9996 0.0283 0.0000	</row1>
					<row2>	-0.9777 0.0059 -0.2100 0.0000	</row2>
					<row3>	-0.5185 0.3955 -8.1896 1.0000	</row3>
				</transform>
			</node>
			<node>
				<identifier>	MP_AM055_Boat_1_INDEX_3	</identifier>
				<transform>
					<row0>	-0.2100 -0.0137 0.9776 0.0000	</row0>
					<row1>	0.0000 0.9999 0.0140 0.0000	</row1>
					<row2>	-0.9777 0.0029 -0.2100 0.0000	</row2>
					<row3>	-0.6625 0.3873 -7.6641 1.0000	</row3>
				</transform>
			</node>
			<node>
				<identifier>	MP_AM055_Boat_1_INDEX_4	</identifier>
				<transform>
					<row0>	-0.2100 -0.0137 0.9776 0.0000	</row0>
					<row1>	0.0000 0.9999 0.0140 0.0000	</row1>
					<row2>	-0.9777 0.0029 -0.2100 0.0000	</row2>
					<row3>	-0.7126 0.3840 -7.4309 1.0000	</row3>
				</transform>
			</node>
			<node>
				<identifier>	MP_AM055_Boat_1_INDEX_5	</identifier>
				<transform>
					<row0>	-0.2100 -0.0137 0.9776 0.0000	</row0>
					<row1>	0.0000 0.9999 0.0140 0.0000	</row1>
					<row2>	-0.9777 0.0029 -0.2100 0.0000	</row2>
					<row3>	-0.6873 0.3857 -7.5489 1.0000	</row3>
				</transform>
			</node>
			<node>
				<identifier>	MP_AM055_Boat_1_INDEX_6	</identifier>
				<transform>
					<row0>	-0.2100 0.0137 -0.9776 0.0000	</row0>
					<row1>	0.0000 0.9999 0.0140 0.0000	</row1>
					<row2>	0.9777 0.0029 -0.2100 0.0000	</row2>
					<row3>	0.6625 0.3873 -7.6641 1.0000	</row3>
				</transform>
			</node>
			<node>
				<identifier>	MP_AM055_Boat_1_INDEX_7	</identifier>
				<transform>
					<row0>	-0.2100 0.0269 -0.9773 0.0000	</row0>
					<row1>	0.0000 0.9996 0.0275 0.0000	</row1>
					<row2>	0.9777 0.0058 -0.2100 0.0000	</row2>
					<row3>	0.4890 0.3992 -8.3270 1.0000	</row3>
				</transform>
			</node>
			<node>
				<identifier>	MP_AM055_Boat_1_INDEX_8	</identifier>
				<transform>
					<row0>	-0.2100 0.0137 -0.9776 0.0000	</row0>
					<row1>	0.0000 0.9999 0.0140 0.0000	</row1>
					<row2>	0.9777 0.0029 -0.2100 0.0000	</row2>
					<row3>	0.6372 0.3889 -7.7822 1.0000	</row3>
				</transform>
			</node>
			<node>
				<identifier>	MP_AM055_Boat_1_INDEX_9	</identifier>
				<transform>
					<row0>	-0.2100 -0.0137 0.9776 0.0000	</row0>
					<row1>	0.0000 0.9999 0.0140 0.0000	</row1>
					<row2>	-0.9777 0.0029 -0.2100 0.0000	</row2>
					<row3>	-0.6372 0.3889 -7.7822 1.0000	</row3>
				</transform>
			</node>
			<node>
				<identifier>	MP_AM071_Signal_Lamp_2	</identifier>
				<transform>
					<row0>	1.0000 0.0000 0.0000 0.0000	</row0>
					<row1>	0.0000 1.0000 0.0000 0.0000	</row1>
					<row2>	0.0000 0.0000 1.0000 0.0000	</row2>
					<row3>	-0.0326 0.6401 -9.2257 1.0000	</row3>
				</transform>
			</node>
			<node>
				<identifier>	MP_AM076_Aircfaft_Crane_1	</identifier>
				<transform>
					<row0>	1.0000 0.0000 0.0000 0.0000	</row0>
					<row1>	0.0000 0.9995 0.0326 0.0000	</row1>
					<row2>	0.0000 -0.0326 0.9995 0.0000	</row2>
					<row3>	0.0000 0.4147 -8.9458 1.0000	</row3>
				</transform>
			</node>
			<node>
				<identifier>	MP_AM078_Crane_Control_Wheel	</identifier>
				<transform>
					<row0>	0.0000 0.0000 -1.0000 0.0000	</row0>
					<row1>	0.0000 1.0000 0.0000 0.0000	</row1>
					<row2>	1.0000 0.0000 0.0000 0.0000	</row2>
					<row3>	0.1508 0.4181 -9.0065 1.0000	</row3>
				</transform>
			</node>
			<node>
				<identifier>	MP_AM088_Capstan_1	</identifier>
				<transform>
					<row0>	1.0000 0.0000 0.0000 0.0000	</row0>
					<row1>	0.0000 1.0000 0.0000 0.0000	</row1>
					<row2>	0.0000 0.0000 1.0000 0.0000	</row2>
					<row3>	0.0000 0.3816 -5.8622 1.0000	</row3>
				</transform>
			</node>
			<node>
				<identifier>	MP_AM129_Turtles_box	</identifier>
				<transform>
					<row0>	0.1379 0.0000 0.9904 0.0000	</row0>
					<row1>	0.0000 1.0000 0.0000 0.0000	</row1>
					<row2>	-0.9904 0.0000 0.1379 0.0000	</row2>
					<row3>	0.7134 0.4220 -5.8706 1.0000	</row3>
				</transform>
			</node>
			<node>
				<identifier>	MP_AM129_Turtles_box_INDEX_1	</identifier>
				<transform>
					<row0>	0.9904 0.0000 0.1385 0.0000	</row0>
					<row1>	0.0000 1.0000 0.0000 0.0000	</row1>
					<row2>	-0.1385 0.0000 0.9904 0.0000	</row2>
					<row3>	-0.3572 0.4525 -8.5999 1.0000	</row3>
				</transform>
			</node>
			<node>
				<identifier>	MP_AM129_Turtles_box_INDEX_2	</identifier>
				<transform>
					<row0>	0.1379 0.0000 -0.9904 0.0000	</row0>
					<row1>	0.0000 1.0000 0.0000 0.0000	</row1>
					<row2>	0.9904 0.0000 0.1379 0.0000	</row2>
					<row3>	-0.7134 0.4220 -5.8706 1.0000	</row3>
				</transform>
			</node>
			<node>
				<identifier>	MP_AM129_Turtles_box_INDEX_3	</identifier>
				<transform>
					<row0>	0.9904 0.0000 -0.1385 0.0000	</row0>
					<row1>	0.0000 1.0000 0.0000 0.0000	</row1>
					<row2>	0.1385 0.0000 0.9904 0.0000	</row2>
					<row3>	0.3572 0.4525 -8.5999 1.0000	</row3>
				</transform>
			</node>
			<node>
				<identifier>	MP_AM129_Turtles_box_INDEX_4	</identifier>
				<transform>
					<row0>	0.1267 0.0000 0.9919 0.0000	</row0>
					<row1>	0.0000 1.0000 0.0000 0.0000	</row1>
					<row2>	-0.9919 0.0000 0.1267 0.0000	</row2>
					<row3>	-0.1968 0.4258 -6.6089 1.0000	</row3>
				</transform>
			</node>
			<node>
				<identifier>	MP_AM352_Stern_Light	</identifier>
				<transform>
					<row0>	0.0000 0.0000 -1.0000 0.0000	</row0>
					<row1>	0.0000 1.0000 0.0000 0.0000	</row1>
					<row2>	1.0000 0.0000 0.0000 0.0000	</row2>
					<row3>	-0.0326 0.4644 -9.1923 1.0000	</row3>
				</transform>
			</node>
			<node>
				<identifier>	MP_AM442_Multipole_Switch	</identifier>
				<transform>
					<row0>	-0.1306 0.0000 -0.9914 0.0000	</row0>
					<row1>	0.0000 1.0000 0.0000 0.0000	</row1>
					<row2>	0.9914 0.0000 -0.1306 0.0000	</row2>
					<row3>	0.7160 0.4003 -5.8701 1.0000	</row3>
				</transform>
			</node>
			<node>
				<identifier>	MP_AM442_Multipole_Switch_INDEX_1	</identifier>
				<transform>
					<row0>	-0.7934 0.0000 -0.6088 0.0000	</row0>
					<row1>	0.0000 1.0000 0.0000 0.0000	</row1>
					<row2>	0.6088 0.0000 -0.7934 0.0000	</row2>
					<row3>	0.2273 0.4268 -8.6360 1.0000	</row3>
				</transform>
			</node>
			<node>
				<identifier>	MP_AM442_Multipole_Switch_INDEX_2	</identifier>
				<transform>
					<row0>	-0.1305 0.0000 -0.9914 0.0000	</row0>
					<row1>	0.0000 1.0000 0.0000 0.0000	</row1>
					<row2>	0.9914 0.0000 -0.1305 0.0000	</row2>
					<row3>	-0.1934 0.3995 -6.6066 1.0000	</row3>
				</transform>
			</node>
			<node>
				<identifier>	MP_AM442_Multipole_Switch_INDEX_3	</identifier>
				<transform>
					<row0>	-0.1306 0.0000 0.9914 0.0000	</row0>
					<row1>	0.0000 1.0000 0.0000 0.0000	</row1>
					<row2>	-0.9914 0.0000 -0.1306 0.0000	</row2>
					<row3>	-0.7150 0.4003 -5.8755 1.0000	</row3>
				</transform>
			</node>
			<node>
				<identifier>	MP_AM442_Multipole_Switch_INDEX_4	</identifier>
				<transform>
					<row0>	-0.7934 0.0000 0.6088 0.0000	</row0>
					<row1>	0.0000 1.0000 0.0000 0.0000	</row1>
					<row2>	-0.6088 0.0000 -0.7934 0.0000	</row2>
					<row3>	-0.2180 0.4268 -8.6427 1.0000	</row3>
				</transform>
			</node>
			<node>
				<identifier>	MP_AM549_Life_Buoy	</identifier>
				<transform>
					<row0>	0.7929 0.0000 0.6094 0.0000	</row0>
					<row1>	0.0000 1.0000 0.0000 0.0000	</row1>
					<row2>	-0.6094 0.0000 0.7929 0.0000	</row2>
					<row3>	0.4949 0.4545 -8.6779 1.0000	</row3>
				</transform>
			</node>
			<node>
				<identifier>	MP_AM549_Life_Buoy_INDEX_1	</identifier>
				<transform>
					<row0>	-0.7929 0.0000 0.6094 0.0000	</row0>
					<row1>	0.0000 1.0000 0.0000 0.0000	</row1>
					<row2>	-0.6094 0.0000 -0.7929 0.0000	</row2>
					<row3>	-0.4949 0.4545 -8.6779 1.0000	</row3>
				</transform>
			</node>
			<node>
				<identifier>	MP_CM002_Propeller4_L	</identifier>
				<transform>
					<row0>	1.6497 0.0000 -0.0288 0.0000	</row0>
					<row1>	-0.0006 1.6496 -0.0345 0.0000	</row1>
					<row2>	0.0288 0.0345 1.6494 0.0000	</row2>
					<row3>	-0.6681 -0.5116 -6.9926 1.0000	</row3>
				</transform>
			</node>
			<node>
				<identifier>	MP_CM003_Propeller5_L	</identifier>
				<transform>
					<row0>	1.6997 0.0000 -0.0297 0.0000	</row0>
					<row1>	-0.0006 1.6996 -0.0356 0.0000	</row1>
					<row2>	0.0297 0.0356 1.6994 0.0000	</row2>
					<row3>	-0.2353 -0.5116 -7.4736 1.0000	</row3>
				</transform>
			</node>
			<node>
				<identifier>	MP_CM010_Fire_Hose_Reel	</identifier>
				<transform>
					<row0>	0.0000 -1.0000 0.0000 0.0000	</row0>
					<row1>	0.7685 0.0000 0.6399 0.0000	</row1>
					<row2>	-0.6399 0.0000 0.7685 0.0000	</row2>
					<row3>	-0.4436 0.3905 -7.8883 1.0000	</row3>
				</transform>
			</node>
			<node>
				<identifier>	MP_CM010_Fire_Hose_Reel_INDEX_1	</identifier>
				<transform>
					<row0>	0.0000 -1.0000 0.0000 0.0000	</row0>
					<row1>	1.0000 0.0000 0.0000 0.0000	</row1>
					<row2>	0.0000 0.0000 1.0000 0.0000	</row2>
					<row3>	0.2238 0.3788 -6.6887 1.0000	</row3>
				</transform>
			</node>
			<node>
				<identifier>	MP_CM010_Fire_Hose_Reel_INDEX_2	</identifier>
				<transform>
					<row0>	0.0000 -1.0000 0.0000 0.0000	</row0>
					<row1>	0.0000 0.0000 1.0000 0.0000	</row1>
					<row2>	-1.0000 0.0000 0.0000 0.0000	</row2>
					<row3>	0.0184 0.3812 -4.9882 1.0000	</row3>
				</transform>
			</node>
			<node>
				<identifier>	MP_CM011_Fire_Fighting_Gear	</identifier>
				<transform>
					<row0>	-1.0000 0.0000 0.0000 0.0000	</row0>
					<row1>	0.0000 1.0000 0.0000 0.0000	</row1>
					<row2>	0.0000 0.0000 -1.0000 0.0000	</row2>
					<row3>	-0.5060 0.3902 -7.8520 1.0000	</row3>
				</transform>
			</node>
			<node>
				<identifier>	MP_CM011_Fire_Fighting_Gear_INDEX_1	</identifier>
				<transform>
					<row0>	0.0000 0.0000 1.0000 0.0000	</row0>
					<row1>	0.0000 1.0000 0.0000 0.0000	</row1>
					<row2>	-1.0000 0.0000 0.0000 0.0000	</row2>
					<row3>	0.0619 0.3812 -4.9657 1.0000	</row3>
				</transform>
			</node>
			<node>
				<identifier>	MP_CM011_Fire_Fighting_Gear_INDEX_2	</identifier>
				<transform>
					<row0>	0.0000 0.0000 1.0000 0.0000	</row0>
					<row1>	0.0000 1.0000 0.0000 0.0000	</row1>
					<row2>	-1.0000 0.0000 0.0000 0.0000	</row2>
					<row3>	0.2323 0.3812 -6.6478 1.0000	</row3>
				</transform>
			</node>
			<node>
				<identifier>	MP_CM033_Propeller4_R	</identifier>
				<transform>
					<row0>	1.6497 0.0000 0.0288 0.0000	</row0>
					<row1>	0.0006 1.6496 -0.0346 0.0000	</row1>
					<row2>	-0.0288 0.0346 1.6494 0.0000	</row2>
					<row3>	0.6681 -0.5116 -6.9926 1.0000	</row3>
				</transform>
			</node>
			<node>
				<identifier>	MP_CM034_Propeller5_R	</identifier>
				<transform>
					<row0>	1.6997 0.0000 0.0296 0.0000	</row0>
					<row1>	0.0006 1.6996 -0.0356 0.0000	</row1>
					<row2>	-0.0296 0.0356 1.6994 0.0000	</row2>
					<row3>	0.2353 -0.5116 -7.4736 1.0000	</row3>
				</transform>
			</node>
			<node>
				<identifier>	SP_YMS011_YHWL_M_1_INDEX_11	</identifier>
				<transform>
					<row0>	1.2343 0.3791 0.0587 0.0000	</row0>
					<row1>	-0.3787 1.2356 -0.0180 0.0000	</row1>
					<row2>	-0.0614 0.0000 1.2910 0.0000	</row2>
					<row3>	-1.1125 0.0041 -4.6293 1.0000	</row3>
				</transform>
			</node>
			<node>
				<identifier>	SP_YMS011_YHWL_M_1_INDEX_12	</identifier>
				<transform>
					<row0>	1.2274 0.3891 0.1124 0.0000	</row0>
					<row1>	-0.3875 1.2325 -0.0355 0.0000	</row1>
					<row2>	-0.1179 0.0000 1.2871 0.0000	</row2>
					<row3>	-1.0406 0.0042 -5.7256 1.0000	</row3>
				</transform>
			</node>
			<node>
				<identifier>	SP_YMS011_YHWL_M_1_INDEX_13	</identifier>
				<transform>
					<row0>	1.2189 0.3749 0.2105 0.0000	</row0>
					<row1>	-0.3704 1.2369 -0.0581 0.0000	</row1>
					<row2>	-0.2183 -0.0055 1.2739 0.0000	</row2>
					<row3>	-0.8989 0.0040 -6.8160 1.0000	</row3>
				</transform>
			</node>
			<node>
				<identifier>	SP_YMS012_YHWR_M_1_INDEX_11	</identifier>
				<transform>
					<row0>	1.2343 -0.3791 -0.0587 0.0000	</row0>
					<row1>	0.3787 1.2356 -0.0180 0.0000	</row1>
					<row2>	0.0614 0.0000 1.2910 0.0000	</row2>
					<row3>	1.1125 0.0041 -4.6293 1.0000	</row3>
				</transform>
			</node>
			<node>
				<identifier>	SP_YMS012_YHWR_M_1_INDEX_12	</identifier>
				<transform>
					<row0>	1.2274 -0.3891 -0.1124 0.0000	</row0>
					<row1>	0.3875 1.2325 -0.0355 0.0000	</row1>
					<row2>	0.1179 0.0000 1.2871 0.0000	</row2>
					<row3>	1.0406 0.0042 -5.7256 1.0000	</row3>
				</transform>
			</node>
			<node>
				<identifier>	SP_YMS012_YHWR_M_1_INDEX_13	</identifier>
				<transform>
					<row0>	1.2189 -0.3749 -0.2105 0.0000	</row0>
					<row1>	0.3704 1.2369 -0.0581 0.0000	</row1>
					<row2>	0.2183 -0.0055 1.2739 0.0000	</row2>
					<row3>	0.8989 0.0040 -6.8160 1.0000	</row3>
				</transform>
			</node>
			<node>
				<identifier>	SP_YMS023_YHUC_L_1	</identifier>
				<transform>
					<row0>	0.8096 -0.0001 -0.0141 0.0000	</row0>
					<row1>	-0.0001 0.8095 -0.0169 0.0000	</row1>
					<row2>	0.0141 0.0169 0.8094 0.0000	</row2>
					<row3>	-0.6681 -0.5116 -6.9926 1.0000	</row3>
				</transform>
			</node>
			<node>
				<identifier>	SP_YMS023_YHUC_L_1_INDEX_1	</identifier>
				<transform>
					<row0>	0.8096 0.0001 0.0141 0.0000	</row0>
					<row1>	0.0001 0.8095 -0.0169 0.0000	</row1>
					<row2>	-0.0141 0.0169 0.8094 0.0000	</row2>
					<row3>	0.6681 -0.5116 -6.9926 1.0000	</row3>
				</transform>
			</node>
			<node>
				<identifier>	SP_YMS023_YHUC_L_1_INDEX_2	</identifier>
				<transform>
					<row0>	0.8099 0.0000 -0.0141 0.0000	</row0>
					<row1>	-0.0003 0.8098 -0.0170 0.0000	</row1>
					<row2>	0.0141 0.0170 0.8097 0.0000	</row2>
					<row3>	-0.2353 -0.5116 -7.4736 1.0000	</row3>
				</transform>
			</node>
			<node>
				<identifier>	SP_YMS023_YHUC_L_1_INDEX_3	</identifier>
				<transform>
					<row0>	0.8099 0.0000 0.0141 0.0000	</row0>
					<row1>	0.0003 0.8098 -0.0170 0.0000	</row1>
					<row2>	-0.0141 0.0170 0.8097 0.0000	</row2>
					<row3>	0.2353 -0.5116 -7.4736 1.0000	</row3>
				</transform>
			</node>
			<node>
				<identifier>	SP_YMS030_YHAM_M_1	</identifier>
				<transform>
					<row0>	0.7784 0.0000 0.0000 0.0000	</row0>
					<row1>	0.0000 0.7784 0.0019 0.0000	</row1>
					<row2>	0.0000 -0.0019 0.7784 0.0000	</row2>
					<row3>	0.0000 0.2691 -9.2154 1.0000	</row3>
				</transform>
			</node>
			<node>
				<identifier>	SP_YMS031_YHAL_M_1	</identifier>
				<transform>
					<row0>	0.8343 0.4157 0.3621 0.0000	</row0>
					<row1>	-0.3870 0.9094 -0.1523 0.0000	</row1>
					<row2>	-0.3926 -0.0130 0.9196 0.0000	</row2>
					<row3>	-0.4436 0.2588 -8.8218 1.0000	</row3>
				</transform>
			</node>
			<node>
				<identifier>	SP_YMS032_YHAR_M_1	</identifier>
				<transform>
					<row0>	0.8343 -0.4157 -0.3621 0.0000	</row0>
					<row1>	0.3870 0.9094 -0.1523 0.0000	</row1>
					<row2>	0.3926 -0.0130 0.9196 0.0000	</row2>
					<row3>	0.4436 0.2588 -8.8218 1.0000	</row3>
				</transform>
			</node>
			<node>
				<identifier>	SP_YMS051_YHDL_L_1_INDEX_1	</identifier>
				<transform>
					<row0>	0.7371 0.0000 0.1001 0.0000	</row0>
					<row1>	-0.0002 0.7438 0.0016 0.0000	</row1>
					<row2>	-0.1001 -0.0017 0.7371 0.0000	</row2>
					<row3>	-1.0534 0.3811 -6.5290 1.0000	</row3>
				</transform>
			</node>
			<node>
				<identifier>	SP_YMS052_YHDR_L_1_INDEX_1	</identifier>
				<transform>
					<row0>	0.7371 0.0000 -0.1001 0.0000	</row0>
					<row1>	0.0002 0.7438 0.0016 0.0000	</row1>
					<row2>	0.1001 -0.0017 0.7371 0.0000	</row2>
					<row3>	1.0534 0.3811 -6.5290 1.0000	</row3>
				</transform>
			</node>
			<node>
				<identifier>	SP_YMS053_YHDC_S_1_INDEX_13	</identifier>
				<transform>
					<row0>	1.5000 0.0000 0.0000 0.0000	</row0>
					<row1>	0.0000 1.5000 0.0000 0.0000	</row1>
					<row2>	0.0000 0.0000 1.5000 0.0000	</row2>
					<row3>	-0.7334 0.3818 -4.6725 1.0000	</row3>
				</transform>
			</node>
			<node>
				<identifier>	SP_YMS053_YHDC_S_1_INDEX_14	</identifier>
				<transform>
					<row0>	1.5000 0.0000 0.0000 0.0000	</row0>
					<row1>	0.0000 1.5000 0.0000 0.0000	</row1>
					<row2>	0.0000 0.0000 1.5000 0.0000	</row2>
					<row3>	0.7334 0.3818 -4.6725 1.0000	</row3>
				</transform>
			</node>
			<node>
				<identifier>	SP_YMS053_YHDC_S_1_INDEX_15	</identifier>
				<transform>
					<row0>	1.5000 0.0000 0.0000 0.0000	</row0>
					<row1>	0.0000 1.5000 0.0000 0.0000	</row1>
					<row2>	0.0000 0.0000 1.5000 0.0000	</row2>
					<row3>	-0.6020 0.3832 -6.7833 1.0000	</row3>
				</transform>
			</node>
			<node>
				<identifier>	SP_YMS053_YHDC_S_1_INDEX_16	</identifier>
				<transform>
					<row0>	1.5000 0.0000 0.0000 0.0000	</row0>
					<row1>	0.0000 1.5000 0.0000 0.0000	</row1>
					<row2>	0.0000 0.0000 1.5000 0.0000	</row2>
					<row3>	0.6020 0.3832 -6.7833 1.0000	</row3>
				</transform>
			</node>
			<node>
				<identifier>	SP_YMS053_YHDC_S_1_INDEX_17	</identifier>
				<transform>
					<row0>	1.5000 0.0000 0.0000 0.0000	</row0>
					<row1>	0.0000 1.5000 0.0000 0.0000	</row1>
					<row2>	0.0000 0.0000 1.5000 0.0000	</row2>
					<row3>	0.0000 0.3848 -7.4875 1.0000	</row3>
				</transform>
			</node>
			<node>
				<identifier>	SP_YMS080_YHSL_M_1_INDEX_2	</identifier>
				<transform>
					<row0>	0.8354 0.2695 0.1461 0.0000	</row0>
					<row1>	-0.2678 0.8480 -0.0334 0.0000	</row1>
					<row2>	-0.1494 -0.0126 0.8772 0.0000	</row2>
					<row3>	-0.9284 0.1780 -6.9774 1.0000	</row3>
				</transform>
			</node>
			<node>
				<identifier>	SP_YMS080_YHSL_M_1_INDEX_3	</identifier>
				<transform>
					<row0>	0.7945 0.3271 0.2319 0.0000	</row0>
					<row1>	-0.3109 0.8275 -0.1021 0.0000	</row1>
					<row2>	-0.2532 0.0102 0.8531 0.0000	</row2>
					<row3>	-0.6718 0.2912 -8.1232 1.0000	</row3>
				</transform>
			</node>
			<node>
				<identifier>	SP_YMS081_YHSR_M_1_INDEX_2	</identifier>
				<transform>
					<row0>	0.8354 -0.2695 -0.1461 0.0000	</row0>
					<row1>	0.2678 0.8480 -0.0334 0.0000	</row1>
					<row2>	0.1494 -0.0126 0.8772 0.0000	</row2>
					<row3>	0.9284 0.1780 -6.9774 1.0000	</row3>
				</transform>
			</node>
			<node>
				<identifier>	SP_YMS081_YHSR_M_1_INDEX_3	</identifier>
				<transform>
					<row0>	0.7945 -0.3271 -0.2319 0.0000	</row0>
					<row1>	0.3109 0.8275 -0.1021 0.0000	</row1>
					<row2>	0.2532 0.0102 0.8531 0.0000	</row2>
					<row3>	0.6718 0.2912 -8.1232 1.0000	</row3>
				</transform>
			</node>
			<node>
				<identifier>	SP_YMS083_YHSC_L_1_INDEX_10	</identifier>
				<transform>
					<row0>	0.0230 0.0000 -0.9527 0.0000	</row0>
					<row1>	-0.0870 0.9490 -0.0021 0.0000	</row1>
					<row2>	0.9487 0.0870 0.0229 0.0000	</row2>
					<row3>	-1.1769 0.3812 -4.5034 1.0000	</row3>
				</transform>
			</node>
			<node>
				<identifier>	SP_YMS083_YHSC_L_1_INDEX_11	</identifier>
				<transform>
					<row0>	0.0230 0.0000 0.9527 0.0000	</row0>
					<row1>	0.0870 0.9490 -0.0021 0.0000	</row1>
					<row2>	-0.9487 0.0870 0.0229 0.0000	</row2>
					<row3>	1.1769 0.3812 -4.5034 1.0000	</row3>
				</transform>
			</node>
			<node>
				<identifier>	SP_YMS083_YHSC_L_1_INDEX_12	</identifier>
				<transform>
					<row0>	0.0791 0.0000 -0.9497 0.0000	</row0>
					<row1>	-0.2169 0.9278 -0.0181 0.0000	</row1>
					<row2>	0.9246 0.2176 0.0770 0.0000	</row2>
					<row3>	-1.1293 0.3812 -5.6990 1.0000	</row3>
				</transform>
			</node>
			<node>
				<identifier>	SP_YMS083_YHSC_L_1_INDEX_13	</identifier>
				<transform>
					<row0>	0.0791 0.0000 0.9497 0.0000	</row0>
					<row1>	0.2169 0.9278 -0.0181 0.0000	</row1>
					<row2>	-0.9246 0.2176 0.0770 0.0000	</row2>
					<row3>	1.1293 0.3812 -5.6990 1.0000	</row3>
				</transform>
			</node>
		</node>
	</node>
	<boundingBox>
		<min>	-0.0667 -0.0667 -0.0667	</min>
		<max>	0.0667 0.0667 0.0667	</max>
	</boundingBox>
</ASB017_Montana_1945_Stern_ports.visual>
