<ISD008_Luca_Tarigo_1940_MidBack_ports.visual>
	<node>
		<identifier>	Scene Root	</identifier>
		<transform>
			<row0>	1.0000 0.0000 0.0000 0.0000	</row0>
			<row1>	0.0000 1.0000 0.0000 0.0000	</row1>
			<row2>	0.0000 0.0000 1.0000 0.0000	</row2>
			<row3>	0.0000 0.0000 0.0000 1.0000	</row3>
		</transform>
		<node>
			<identifier>	MidBack_ports	</identifier>
			<transform>
				<row0>	1.0000 0.0000 0.0000 0.0000	</row0>
				<row1>	0.0000 1.0000 0.0000 0.0000	</row1>
				<row2>	0.0000 0.0000 1.0000 0.0000	</row2>
				<row3>	0.0000 0.0000 0.0000 1.0000	</row3>
			</transform>
			<node>
				<identifier>	HP_FX_Death_3	</identifier>
				<transform>
					<row0>	1.0000 0.0000 0.0000 0.0000	</row0>
					<row1>	0.0000 1.0000 0.0000 0.0000	</row1>
					<row2>	0.0000 0.0000 1.0000 0.0000	</row2>
					<row3>	0.0000 0.0590 -2.1012 1.0000	</row3>
				</transform>
			</node>
			<node>
				<identifier>	HP_FX_Fire_3	</identifier>
				<transform>
					<row0>	1.0000 0.0000 0.0000 0.0000	</row0>
					<row1>	0.0000 1.0000 0.0000 0.0000	</row1>
					<row2>	0.0000 0.0000 1.0000 0.0000	</row2>
					<row3>	0.0000 0.2294 -1.1676 1.0000	</row3>
				</transform>
			</node>
			<node>
				<identifier>	HP_FX_Fire_3_side_1	</identifier>
				<transform>
					<row0>	1.0000 0.0000 0.0000 0.0000	</row0>
					<row1>	0.0000 1.0000 0.0000 0.0000	</row1>
					<row2>	0.0000 0.0000 1.0000 0.0000	</row2>
					<row3>	-0.2843 0.2417 -0.5128 1.0000	</row3>
				</transform>
			</node>
			<node>
				<identifier>	HP_FX_Fire_3_side_2	</identifier>
				<transform>
					<row0>	1.0000 0.0000 0.0000 0.0000	</row0>
					<row1>	0.0000 1.0000 0.0000 0.0000	</row1>
					<row2>	0.0000 0.0000 1.0000 0.0000	</row2>
					<row3>	0.2121 0.1855 -1.8364 1.0000	</row3>
				</transform>
			</node>
			<node>
				<identifier>	HP_FX_FloodLight_left_1	</identifier>
				<transform>
					<row0>	-1.0000 0.0000 0.0000 0.0000	</row0>
					<row1>	0.0000 1.0000 0.0000 0.0000	</row1>
					<row2>	0.0000 0.0000 -1.0000 0.0000	</row2>
					<row3>	-0.1297 0.3226 -1.3086 1.0000	</row3>
				</transform>
			</node>
			<node>
				<identifier>	HP_FX_FloodLight_right_1	</identifier>
				<transform>
					<row0>	1.0000 0.0000 0.0000 0.0000	</row0>
					<row1>	0.0000 1.0000 0.0000 0.0000	</row1>
					<row2>	0.0000 0.0000 1.0000 0.0000	</row2>
					<row3>	0.1303 0.3221 -1.3081 1.0000	</row3>
				</transform>
			</node>
			<node>
				<identifier>	HP_FX_Flood_steam_3	</identifier>
				<transform>
					<row0>	1.0000 0.0000 0.0000 0.0000	</row0>
					<row1>	0.0000 0.9730 -0.2308 0.0000	</row1>
					<row2>	0.0000 0.2308 0.9730 0.0000	</row2>
					<row3>	0.0759 0.6907 -0.9923 1.0000	</row3>
				</transform>
			</node>
			<node>
				<identifier>	HP_FX_Flood_steam_4	</identifier>
				<transform>
					<row0>	1.0000 0.0000 0.0000 0.0000	</row0>
					<row1>	0.0000 0.9730 -0.2308 0.0000	</row1>
					<row2>	0.0000 0.2308 0.9730 0.0000	</row2>
					<row3>	-0.0749 0.6907 -0.9925 1.0000	</row3>
				</transform>
			</node>
			<node>
				<identifier>	HP_FX_Flood_steam_right	</identifier>
				<transform>
					<row0>	1.0000 0.0000 0.0000 0.0000	</row0>
					<row1>	0.0000 1.0000 0.0000 0.0000	</row1>
					<row2>	0.0000 0.0000 1.0000 0.0000	</row2>
					<row3>	0.2959 0.1517 -2.2244 1.0000	</row3>
				</transform>
			</node>
			<node>
				<identifier>	HP_FX_Flood_water_left	</identifier>
				<transform>
					<row0>	-1.0000 0.0000 0.0000 0.0000	</row0>
					<row1>	0.0000 1.0000 0.0000 0.0000	</row1>
					<row2>	0.0000 0.0000 -1.0000 0.0000	</row2>
					<row3>	-0.3543 0.0704 -1.2395 1.0000	</row3>
				</transform>
			</node>
			<node>
				<identifier>	HP_FX_Flood_water_right	</identifier>
				<transform>
					<row0>	0.9992 0.0000 -0.0409 0.0000	</row0>
					<row1>	0.0000 1.0000 0.0000 0.0000	</row1>
					<row2>	0.0409 0.0000 0.9992 0.0000	</row2>
					<row3>	0.3545 0.0706 -1.2392 1.0000	</row3>
				</transform>
			</node>
			<node>
				<identifier>	HP_FX_Smoke_2	</identifier>
				<transform>
					<row0>	1.0000 0.0000 0.0000 0.0000	</row0>
					<row1>	0.0000 0.9929 -0.1188 0.0000	</row1>
					<row2>	0.0000 0.1188 0.9929 0.0000	</row2>
					<row3>	0.0000 0.7021 -0.8932 1.0000	</row3>
				</transform>
			</node>
			<node>
				<identifier>	HP_IF_1	</identifier>
				<transform>
					<row0>	-1.0000 0.0000 0.0000 0.0000	</row0>
					<row1>	0.0000 1.0000 0.0000 0.0000	</row1>
					<row2>	0.0000 0.0000 -1.0000 0.0000	</row2>
					<row3>	-0.0017 0.3881 -1.3973 1.0000	</row3>
				</transform>
			</node>
			<node>
				<identifier>	HP_IGA_5	</identifier>
				<transform>
					<row0>	0.0000 0.0000 1.0000 0.0000	</row0>
					<row1>	0.0000 1.0000 0.0000 0.0000	</row1>
					<row2>	-1.0000 0.0000 0.0000 0.0000	</row2>
					<row3>	-0.2384 0.1920 -0.3001 1.0000	</row3>
				</transform>
			</node>
			<node>
				<identifier>	HP_IGA_6	</identifier>
				<transform>
					<row0>	0.0000 0.0000 -1.0000 0.0000	</row0>
					<row1>	0.0000 1.0000 0.0000 0.0000	</row1>
					<row2>	1.0000 0.0000 0.0000 0.0000	</row2>
					<row3>	0.2384 0.1920 -0.3001 1.0000	</row3>
				</transform>
			</node>
			<node>
				<identifier>	HP_IGA_7	</identifier>
				<transform>
					<row0>	0.0000 0.0000 1.0000 0.0000	</row0>
					<row1>	0.0000 1.0000 0.0000 0.0000	</row1>
					<row2>	-1.0000 0.0000 0.0000 0.0000	</row2>
					<row3>	-0.0682 0.3596 -1.2746 1.0000	</row3>
				</transform>
			</node>
			<node>
				<identifier>	HP_IGA_8	</identifier>
				<transform>
					<row0>	1.0000 0.0000 0.0000 0.0000	</row0>
					<row1>	0.0000 1.0000 0.0000 0.0000	</row1>
					<row2>	0.0000 0.0000 1.0000 0.0000	</row2>
					<row3>	0.0682 0.3596 -1.2746 1.0000	</row3>
				</transform>
			</node>
			<node>
				<identifier>	HP_IGM_2	</identifier>
				<transform>
					<row0>	1.0000 0.0000 0.0000 0.0000	</row0>
					<row1>	0.0000 1.0000 0.0000 0.0000	</row1>
					<row2>	0.0000 0.0000 1.0000 0.0000	</row2>
					<row3>	0.0000 0.3404 -0.3528 1.0000	</row3>
				</transform>
			</node>
			<node>
				<identifier>	HP_IGM_3	</identifier>
				<transform>
					<row0>	-1.0000 0.0000 0.0000 0.0000	</row0>
					<row1>	0.0000 1.0000 0.0000 0.0000	</row1>
					<row2>	0.0000 0.0000 -1.0000 0.0000	</row2>
					<row3>	0.0000 0.3356 -2.4933 1.0000	</row3>
				</transform>
			</node>
			<node>
				<identifier>	HP_IGT_2	</identifier>
				<transform>
					<row0>	1.0000 0.0000 0.0000 0.0000	</row0>
					<row1>	0.0000 1.0000 0.0000 0.0000	</row1>
					<row2>	0.0000 0.0000 1.0000 0.0000	</row2>
					<row3>	0.0000 0.2241 -1.8077 1.0000	</row3>
				</transform>
			</node>
			<node>
				<identifier>	HP_flag_nation	</identifier>
				<transform>
					<row0>	0.9882 -0.1510 0.0270 0.0000	</row0>
					<row1>	0.1510 0.9266 -0.3444 0.0000	</row1>
					<row2>	0.0270 0.3444 0.9385 0.0000	</row2>
					<row3>	-0.0010 1.1294 -2.4493 1.0000	</row3>
				</transform>
			</node>
			<node>
				<identifier>	HP_flag_rank	</identifier>
				<transform>
					<row0>	1.0000 0.0000 0.0000 0.0000	</row0>
					<row1>	0.0000 0.9913 -0.1317 0.0000	</row1>
					<row2>	0.0000 0.1317 0.9913 0.0000	</row2>
					<row3>	0.0000 1.4561 -2.3755 1.0000	</row3>
				</transform>
			</node>
			<node>
				<identifier>	MP_CM014_Fuel_Oil_Hose	</identifier>
				<transform>
					<row0>	-1.0000 0.0000 0.0000 0.0000	</row0>
					<row1>	0.0000 1.0000 0.0000 0.0000	</row1>
					<row2>	0.0000 0.0000 -1.0000 0.0000	</row2>
					<row3>	0.1350 0.2122 -0.6345 1.0000	</row3>
				</transform>
			</node>
			<node>
				<identifier>	MP_CM014_Fuel_Oil_Hose_INDEX_1	</identifier>
				<transform>
					<row0>	1.0000 0.0000 -0.0008 0.0000	</row0>
					<row1>	0.0000 1.0000 0.0000 0.0000	</row1>
					<row2>	0.0008 0.0000 1.0000 0.0000	</row2>
					<row3>	-0.1351 0.2122 -1.1187 1.0000	</row3>
				</transform>
			</node>
			<node>
				<identifier>	MP_CM014_Fuel_Oil_Hose_INDEX_2	</identifier>
				<transform>
					<row0>	-1.0000 0.0000 0.0000 0.0000	</row0>
					<row1>	0.0000 1.0000 0.0000 0.0000	</row1>
					<row2>	0.0000 0.0000 -1.0000 0.0000	</row2>
					<row3>	0.1349 0.2039 -0.1516 1.0000	</row3>
				</transform>
			</node>
			<node>
				<identifier>	MP_CM014_Fuel_Oil_Hose_INDEX_3	</identifier>
				<transform>
					<row0>	1.0000 0.0000 0.0000 0.0000	</row0>
					<row1>	0.0000 1.0000 0.0000 0.0000	</row1>
					<row2>	0.0000 0.0000 1.0000 0.0000	</row2>
					<row3>	-0.1376 0.2058 -0.2616 1.0000	</row3>
				</transform>
			</node>
			<node>
				<identifier>	MP_CM015_Bundle_1	</identifier>
				<transform>
					<row0>	1.0000 0.0000 0.0000 0.0000	</row0>
					<row1>	0.0000 1.0000 0.0000 0.0000	</row1>
					<row2>	0.0000 0.0000 1.0000 0.0000	</row2>
					<row3>	0.0740 0.2941 -1.1369 1.0000	</row3>
				</transform>
			</node>
			<node>
				<identifier>	MP_CM022_Anchor_3	</identifier>
				<transform>
					<row0>	0.0000 -1.1382 -0.0867 0.0000	</row0>
					<row1>	0.0000 0.0867 -1.1382 0.0000	</row1>
					<row2>	1.1415 0.0000 0.0000 0.0000	</row2>
					<row3>	0.0499 0.3105 -1.1141 1.0000	</row3>
				</transform>
			</node>
			<node>
				<identifier>	MP_CM029_Emergency_Box	</identifier>
				<transform>
					<row0>	-0.6651 0.0084 0.5326 0.0000	</row0>
					<row1>	0.0107 0.8520 0.0000 0.0000	</row1>
					<row2>	-0.5326 0.0067 -0.6651 0.0000	</row2>
					<row3>	0.0922 0.2679 -0.2265 1.0000	</row3>
				</transform>
			</node>
			<node>
				<identifier>	MP_CM029_Emergency_Box_INDEX_1	</identifier>
				<transform>
					<row0>	0.0000 0.0000 -1.0000 0.0000	</row0>
					<row1>	0.0000 1.0000 0.0000 0.0000	</row1>
					<row2>	1.0000 0.0000 0.0000 0.0000	</row2>
					<row3>	-0.0560 0.2845 -0.2496 1.0000	</row3>
				</transform>
			</node>
			<node>
				<identifier>	MP_CM029_Emergency_Box_INDEX_2	</identifier>
				<transform>
					<row0>	-1.0000 0.0000 0.0000 0.0000	</row0>
					<row1>	0.0000 1.0000 0.0000 0.0000	</row1>
					<row2>	0.0000 0.0000 -1.0000 0.0000	</row2>
					<row3>	0.1053 0.3726 -0.5383 1.0000	</row3>
				</transform>
			</node>
			<node>
				<identifier>	MP_CM029_Emergency_Box_INDEX_3	</identifier>
				<transform>
					<row0>	0.9696 0.0000 -0.2445 0.0000	</row0>
					<row1>	0.0000 1.0000 0.0000 0.0000	</row1>
					<row2>	0.2445 0.0000 0.9696 0.0000	</row2>
					<row3>	0.0662 0.3967 -1.1916 1.0000	</row3>
				</transform>
			</node>
			<node>
				<identifier>	MP_CM029_Emergency_Box_INDEX_4	</identifier>
				<transform>
					<row0>	0.0000 0.0000 1.0000 0.0000	</row0>
					<row1>	0.0000 1.0000 0.0000 0.0000	</row1>
					<row2>	-1.0000 0.0000 0.0000 0.0000	</row2>
					<row3>	0.1202 0.2634 -2.3513 1.0000	</row3>
				</transform>
			</node>
			<node>
				<identifier>	MP_CM029_Emergency_Box_INDEX_5	</identifier>
				<transform>
					<row0>	0.0000 0.0000 -1.0000 0.0000	</row0>
					<row1>	0.0000 1.0000 0.0000 0.0000	</row1>
					<row2>	1.0000 0.0000 0.0000 0.0000	</row2>
					<row3>	-0.1202 0.2634 -2.3513 1.0000	</row3>
				</transform>
			</node>
			<node>
				<identifier>	MP_CM029_Emergency_Box_INDEX_6	</identifier>
				<transform>
					<row0>	0.9998 0.0000 -0.0205 0.0000	</row0>
					<row1>	0.0000 1.0000 0.0000 0.0000	</row1>
					<row2>	0.0205 0.0000 0.9998 0.0000	</row2>
					<row3>	-0.0993 0.2634 -1.3577 1.0000	</row3>
				</transform>
			</node>
			<node>
				<identifier>	MP_CM056_Ships_bell	</identifier>
				<transform>
					<row0>	0.7629 0.0000 0.0000 0.0000	</row0>
					<row1>	0.0000 0.7629 0.0000 0.0000	</row1>
					<row2>	0.0000 0.0000 0.7629 0.0000	</row2>
					<row3>	0.0000 0.3290 -2.1331 1.0000	</row3>
				</transform>
			</node>
			<node>
				<identifier>	MP_CM076_Fender	</identifier>
				<transform>
					<row0>	0.4006 0.0000 0.0000 0.0000	</row0>
					<row1>	0.0000 0.4006 0.0000 0.0000	</row1>
					<row2>	0.0000 0.0000 0.4006 0.0000	</row2>
					<row3>	-0.0665 0.2946 -1.1903 1.0000	</row3>
				</transform>
			</node>
			<node>
				<identifier>	MP_CM076_Fender_INDEX_1	</identifier>
				<transform>
					<row0>	0.4006 0.0000 0.0000 0.0000	</row0>
					<row1>	0.0000 0.4006 0.0000 0.0000	</row1>
					<row2>	0.0000 0.0000 0.4006 0.0000	</row2>
					<row3>	0.0665 0.2946 -1.1903 1.0000	</row3>
				</transform>
			</node>
			<node>
				<identifier>	MP_CM082_Rope	</identifier>
				<transform>
					<row0>	0.3553 0.0077 -0.0424 0.0000	</row0>
					<row1>	-0.0077 0.3578 0.0009 0.0000	</row1>
					<row2>	0.0424 0.0000 0.3554 0.0000	</row2>
					<row3>	-0.1267 0.3676 -2.1923 1.0000	</row3>
				</transform>
			</node>
			<node>
				<identifier>	MP_CM082_Rope_INDEX_1	</identifier>
				<transform>
					<row0>	0.4272 0.0092 -0.0262 0.0000	</row0>
					<row1>	-0.0092 0.4280 0.0006 0.0000	</row1>
					<row2>	0.0262 0.0000 0.4273 0.0000	</row2>
					<row3>	-0.1265 0.3675 -2.1851 1.0000	</row3>
				</transform>
			</node>
			<node>
				<identifier>	MP_CM082_Rope_INDEX_10	</identifier>
				<transform>
					<row0>	0.3114 -0.0068 0.0292 0.0000	</row0>
					<row1>	0.0067 0.3127 0.0006 0.0000	</row1>
					<row2>	-0.0292 0.0000 0.3114 0.0000	</row2>
					<row3>	0.1270 0.3677 -2.1970 1.0000	</row3>
				</transform>
			</node>
			<node>
				<identifier>	MP_CM082_Rope_INDEX_2	</identifier>
				<transform>
					<row0>	0.3604 0.0078 -0.0338 0.0000	</row0>
					<row1>	-0.0078 0.3620 0.0007 0.0000	</row1>
					<row2>	0.0338 0.0000 0.3605 0.0000	</row2>
					<row3>	-0.1256 0.3675 -2.1675 1.0000	</row3>
				</transform>
			</node>
			<node>
				<identifier>	MP_CM082_Rope_INDEX_3	</identifier>
				<transform>
					<row0>	0.4054 0.0088 -0.0380 0.0000	</row0>
					<row1>	-0.0088 0.4072 0.0008 0.0000	</row1>
					<row2>	0.0380 0.0000 0.4055 0.0000	</row2>
					<row3>	-0.1263 0.3675 -2.1787 1.0000	</row3>
				</transform>
			</node>
			<node>
				<identifier>	MP_CM082_Rope_INDEX_4	</identifier>
				<transform>
					<row0>	0.3114 0.0068 -0.0292 0.0000	</row0>
					<row1>	-0.0067 0.3127 0.0006 0.0000	</row1>
					<row2>	0.0292 0.0000 0.3114 0.0000	</row2>
					<row3>	-0.1258 0.3680 -2.1732 1.0000	</row3>
				</transform>
			</node>
			<node>
				<identifier>	MP_CM082_Rope_INDEX_5	</identifier>
				<transform>
					<row0>	0.3553 -0.0077 0.0424 0.0000	</row0>
					<row1>	0.0077 0.3578 0.0009 0.0000	</row1>
					<row2>	-0.0424 0.0000 0.3554 0.0000	</row2>
					<row3>	0.1267 0.3676 -2.1923 1.0000	</row3>
				</transform>
			</node>
			<node>
				<identifier>	MP_CM082_Rope_INDEX_6	</identifier>
				<transform>
					<row0>	0.4272 -0.0092 0.0262 0.0000	</row0>
					<row1>	0.0092 0.4280 0.0006 0.0000	</row1>
					<row2>	-0.0262 0.0000 0.4273 0.0000	</row2>
					<row3>	0.1265 0.3675 -2.1851 1.0000	</row3>
				</transform>
			</node>
			<node>
				<identifier>	MP_CM082_Rope_INDEX_7	</identifier>
				<transform>
					<row0>	0.4054 -0.0088 0.0380 0.0000	</row0>
					<row1>	0.0088 0.4072 0.0008 0.0000	</row1>
					<row2>	-0.0380 0.0000 0.4055 0.0000	</row2>
					<row3>	0.1263 0.3675 -2.1787 1.0000	</row3>
				</transform>
			</node>
			<node>
				<identifier>	MP_CM082_Rope_INDEX_8	</identifier>
				<transform>
					<row0>	0.3375 -0.0073 -0.0159 0.0000	</row0>
					<row1>	0.0073 0.3379 -0.0003 0.0000	</row1>
					<row2>	0.0159 0.0000 0.3376 0.0000	</row2>
					<row3>	0.1261 0.3679 -2.1730 1.0000	</row3>
				</transform>
			</node>
			<node>
				<identifier>	MP_CM082_Rope_INDEX_9	</identifier>
				<transform>
					<row0>	0.3604 -0.0078 0.0338 0.0000	</row0>
					<row1>	0.0078 0.3620 0.0007 0.0000	</row1>
					<row2>	-0.0338 0.0000 0.3605 0.0000	</row2>
					<row3>	0.1256 0.3675 -2.1675 1.0000	</row3>
				</transform>
			</node>
			<node>
				<identifier>	MP_CM126_Cleat	</identifier>
				<transform>
					<row0>	-0.1686 0.0000 -0.2305 0.0000	</row0>
					<row1>	-0.2305 0.0000 0.1686 0.0000	</row1>
					<row2>	0.0000 0.2856 0.0000 0.0000	</row2>
					<row3>	0.2437 0.2611 -2.5893 1.0000	</row3>
				</transform>
			</node>
			<node>
				<identifier>	MP_CM126_Cleat_INDEX_1	</identifier>
				<transform>
					<row0>	-0.1686 0.0000 0.2305 0.0000	</row0>
					<row1>	0.2305 0.0000 0.1686 0.0000	</row1>
					<row2>	0.0000 0.2856 0.0000 0.0000	</row2>
					<row3>	-0.2437 0.2611 -2.5893 1.0000	</row3>
				</transform>
			</node>
			<node>
				<identifier>	MP_CM163_Workbench	</identifier>
				<transform>
					<row0>	0.9916 0.0000 0.1293 0.0000	</row0>
					<row1>	0.0000 1.0000 0.0000 0.0000	</row1>
					<row2>	-0.1293 0.0000 0.9916 0.0000	</row2>
					<row3>	-0.0997 0.3591 -1.3883 1.0000	</row3>
				</transform>
			</node>
			<node>
				<identifier>	MP_IM010_Life_Jacket	</identifier>
				<transform>
					<row0>	0.8350 0.0000 0.5503 0.0000	</row0>
					<row1>	0.0000 1.0000 0.0000 0.0000	</row1>
					<row2>	-0.5503 0.0000 0.8350 0.0000	</row2>
					<row3>	-0.1389 0.3948 -0.5322 1.0000	</row3>
				</transform>
			</node>
			<node>
				<identifier>	MP_IM010_Life_Jacket_INDEX_1	</identifier>
				<transform>
					<row0>	0.8350 0.0000 0.5503 0.0000	</row0>
					<row1>	0.0000 1.0000 0.0000 0.0000	</row1>
					<row2>	-0.5503 0.0000 0.8350 0.0000	</row2>
					<row3>	-0.1521 0.3948 -0.5122 1.0000	</row3>
				</transform>
			</node>
			<node>
				<identifier>	MP_IM010_Life_Jacket_INDEX_10	</identifier>
				<transform>
					<row0>	0.9908 0.0000 -0.1352 0.0000	</row0>
					<row1>	0.0000 1.0000 0.0000 0.0000	</row1>
					<row2>	0.1352 0.0000 0.9908 0.0000	</row2>
					<row3>	-0.2142 0.3948 -0.3045 1.0000	</row3>
				</transform>
			</node>
			<node>
				<identifier>	MP_IM010_Life_Jacket_INDEX_11	</identifier>
				<transform>
					<row0>	0.9690 0.0000 -0.2469 0.0000	</row0>
					<row1>	0.0000 1.0000 0.0000 0.0000	</row1>
					<row2>	0.2469 0.0000 0.9690 0.0000	</row2>
					<row3>	-0.2108 0.3948 -0.2803 1.0000	</row3>
				</transform>
			</node>
			<node>
				<identifier>	MP_IM010_Life_Jacket_INDEX_12	</identifier>
				<transform>
					<row0>	0.9275 0.0000 -0.3739 0.0000	</row0>
					<row1>	0.0000 1.0000 0.0000 0.0000	</row1>
					<row2>	0.3739 0.0000 0.9275 0.0000	</row2>
					<row3>	-0.2016 0.3948 -0.2584 1.0000	</row3>
				</transform>
			</node>
			<node>
				<identifier>	MP_IM010_Life_Jacket_INDEX_13	</identifier>
				<transform>
					<row0>	0.9163 0.0000 -0.4005 0.0000	</row0>
					<row1>	0.0000 1.0000 0.0000 0.0000	</row1>
					<row2>	0.4005 0.0000 0.9163 0.0000	</row2>
					<row3>	-0.1923 0.3948 -0.2360 1.0000	</row3>
				</transform>
			</node>
			<node>
				<identifier>	MP_IM010_Life_Jacket_INDEX_14	</identifier>
				<transform>
					<row0>	0.7918 0.0000 -0.6108 0.0000	</row0>
					<row1>	0.0000 1.0000 0.0000 0.0000	</row1>
					<row2>	0.6108 0.0000 0.7918 0.0000	</row2>
					<row3>	-0.1785 0.3948 -0.2148 1.0000	</row3>
				</transform>
			</node>
			<node>
				<identifier>	MP_IM010_Life_Jacket_INDEX_15	</identifier>
				<transform>
					<row0>	0.7918 0.0000 -0.6108 0.0000	</row0>
					<row1>	0.0000 1.0000 0.0000 0.0000	</row1>
					<row2>	0.6108 0.0000 0.7918 0.0000	</row2>
					<row3>	-0.1638 0.3948 -0.1956 1.0000	</row3>
				</transform>
			</node>
			<node>
				<identifier>	MP_IM010_Life_Jacket_INDEX_16	</identifier>
				<transform>
					<row0>	0.6937 0.0000 -0.7203 0.0000	</row0>
					<row1>	0.0000 1.0000 0.0000 0.0000	</row1>
					<row2>	0.7203 0.0000 0.6937 0.0000	</row2>
					<row3>	-0.1478 0.3948 -0.1767 1.0000	</row3>
				</transform>
			</node>
			<node>
				<identifier>	MP_IM010_Life_Jacket_INDEX_17	</identifier>
				<transform>
					<row0>	0.6937 0.0000 -0.7203 0.0000	</row0>
					<row1>	0.0000 1.0000 0.0000 0.0000	</row1>
					<row2>	0.7203 0.0000 0.6937 0.0000	</row2>
					<row3>	-0.1303 0.3948 -0.1602 1.0000	</row3>
				</transform>
			</node>
			<node>
				<identifier>	MP_IM010_Life_Jacket_INDEX_18	</identifier>
				<transform>
					<row0>	0.6937 0.0000 0.7203 0.0000	</row0>
					<row1>	0.0000 1.0000 0.0000 0.0000	</row1>
					<row2>	-0.7203 0.0000 0.6937 0.0000	</row2>
					<row3>	0.1303 0.3948 -0.1602 1.0000	</row3>
				</transform>
			</node>
			<node>
				<identifier>	MP_IM010_Life_Jacket_INDEX_19	</identifier>
				<transform>
					<row0>	0.6937 0.0000 0.7203 0.0000	</row0>
					<row1>	0.0000 1.0000 0.0000 0.0000	</row1>
					<row2>	-0.7203 0.0000 0.6937 0.0000	</row2>
					<row3>	0.1478 0.3948 -0.1767 1.0000	</row3>
				</transform>
			</node>
			<node>
				<identifier>	MP_IM010_Life_Jacket_INDEX_2	</identifier>
				<transform>
					<row0>	0.8663 0.0000 0.4995 0.0000	</row0>
					<row1>	0.0000 1.0000 0.0000 0.0000	</row1>
					<row2>	-0.4995 0.0000 0.8663 0.0000	</row2>
					<row3>	-0.1653 0.3948 -0.4915 1.0000	</row3>
				</transform>
			</node>
			<node>
				<identifier>	MP_IM010_Life_Jacket_INDEX_20	</identifier>
				<transform>
					<row0>	0.7918 0.0000 0.6108 0.0000	</row0>
					<row1>	0.0000 1.0000 0.0000 0.0000	</row1>
					<row2>	-0.6108 0.0000 0.7918 0.0000	</row2>
					<row3>	0.1638 0.3948 -0.1956 1.0000	</row3>
				</transform>
			</node>
			<node>
				<identifier>	MP_IM010_Life_Jacket_INDEX_21	</identifier>
				<transform>
					<row0>	0.7918 0.0000 0.6108 0.0000	</row0>
					<row1>	0.0000 1.0000 0.0000 0.0000	</row1>
					<row2>	-0.6108 0.0000 0.7918 0.0000	</row2>
					<row3>	0.1785 0.3948 -0.2148 1.0000	</row3>
				</transform>
			</node>
			<node>
				<identifier>	MP_IM010_Life_Jacket_INDEX_22	</identifier>
				<transform>
					<row0>	0.9163 0.0000 0.4005 0.0000	</row0>
					<row1>	0.0000 1.0000 0.0000 0.0000	</row1>
					<row2>	-0.4005 0.0000 0.9163 0.0000	</row2>
					<row3>	0.1923 0.3948 -0.2360 1.0000	</row3>
				</transform>
			</node>
			<node>
				<identifier>	MP_IM010_Life_Jacket_INDEX_23	</identifier>
				<transform>
					<row0>	0.9275 0.0000 0.3739 0.0000	</row0>
					<row1>	0.0000 1.0000 0.0000 0.0000	</row1>
					<row2>	-0.3739 0.0000 0.9275 0.0000	</row2>
					<row3>	0.2016 0.3948 -0.2584 1.0000	</row3>
				</transform>
			</node>
			<node>
				<identifier>	MP_IM010_Life_Jacket_INDEX_24	</identifier>
				<transform>
					<row0>	0.9690 0.0000 0.2469 0.0000	</row0>
					<row1>	0.0000 1.0000 0.0000 0.0000	</row1>
					<row2>	-0.2469 0.0000 0.9690 0.0000	</row2>
					<row3>	0.2108 0.3948 -0.2803 1.0000	</row3>
				</transform>
			</node>
			<node>
				<identifier>	MP_IM010_Life_Jacket_INDEX_25	</identifier>
				<transform>
					<row0>	0.9908 0.0000 0.1352 0.0000	</row0>
					<row1>	0.0000 1.0000 0.0000 0.0000	</row1>
					<row2>	-0.1352 0.0000 0.9908 0.0000	</row2>
					<row3>	0.2142 0.3948 -0.3045 1.0000	</row3>
				</transform>
			</node>
			<node>
				<identifier>	MP_IM010_Life_Jacket_INDEX_26	</identifier>
				<transform>
					<row0>	0.9908 0.0000 0.1352 0.0000	</row0>
					<row1>	0.0000 1.0000 0.0000 0.0000	</row1>
					<row2>	-0.1352 0.0000 0.9908 0.0000	</row2>
					<row3>	0.2175 0.3948 -0.3286 1.0000	</row3>
				</transform>
			</node>
			<node>
				<identifier>	MP_IM010_Life_Jacket_INDEX_27	</identifier>
				<transform>
					<row0>	0.9901 0.0000 -0.1402 0.0000	</row0>
					<row1>	0.0000 1.0000 0.0000 0.0000	</row1>
					<row2>	0.1402 0.0000 0.9901 0.0000	</row2>
					<row3>	0.2168 0.3948 -0.3550 1.0000	</row3>
				</transform>
			</node>
			<node>
				<identifier>	MP_IM010_Life_Jacket_INDEX_28	</identifier>
				<transform>
					<row0>	0.9901 0.0000 -0.1402 0.0000	</row0>
					<row1>	0.0000 1.0000 0.0000 0.0000	</row1>
					<row2>	0.1402 0.0000 0.9901 0.0000	</row2>
					<row3>	0.2135 0.3948 -0.3788 1.0000	</row3>
				</transform>
			</node>
			<node>
				<identifier>	MP_IM010_Life_Jacket_INDEX_29	</identifier>
				<transform>
					<row0>	0.9241 0.0000 -0.3822 0.0000	</row0>
					<row1>	0.0000 1.0000 0.0000 0.0000	</row1>
					<row2>	0.3822 0.0000 0.9241 0.0000	</row2>
					<row3>	0.2079 0.3948 -0.4032 1.0000	</row3>
				</transform>
			</node>
			<node>
				<identifier>	MP_IM010_Life_Jacket_INDEX_3	</identifier>
				<transform>
					<row0>	0.8664 0.0000 0.4994 0.0000	</row0>
					<row1>	0.0000 1.0000 0.0000 0.0000	</row1>
					<row2>	-0.4994 0.0000 0.8664 0.0000	</row2>
					<row3>	-0.1777 0.3948 -0.4701 1.0000	</row3>
				</transform>
			</node>
			<node>
				<identifier>	MP_IM010_Life_Jacket_INDEX_30	</identifier>
				<transform>
					<row0>	0.9241 0.0000 -0.3822 0.0000	</row0>
					<row1>	0.0000 1.0000 0.0000 0.0000	</row1>
					<row2>	0.3822 0.0000 0.9241 0.0000	</row2>
					<row3>	0.1988 0.3948 -0.4255 1.0000	</row3>
				</transform>
			</node>
			<node>
				<identifier>	MP_IM010_Life_Jacket_INDEX_31	</identifier>
				<transform>
					<row0>	0.8941 0.0000 -0.4478 0.0000	</row0>
					<row1>	0.0000 1.0000 0.0000 0.0000	</row1>
					<row2>	0.4478 0.0000 0.8941 0.0000	</row2>
					<row3>	0.1890 0.3948 -0.4488 1.0000	</row3>
				</transform>
			</node>
			<node>
				<identifier>	MP_IM010_Life_Jacket_INDEX_32	</identifier>
				<transform>
					<row0>	0.8664 0.0000 -0.4994 0.0000	</row0>
					<row1>	0.0000 1.0000 0.0000 0.0000	</row1>
					<row2>	0.4994 0.0000 0.8664 0.0000	</row2>
					<row3>	0.1777 0.3948 -0.4701 1.0000	</row3>
				</transform>
			</node>
			<node>
				<identifier>	MP_IM010_Life_Jacket_INDEX_33	</identifier>
				<transform>
					<row0>	0.8663 0.0000 -0.4995 0.0000	</row0>
					<row1>	0.0000 1.0000 0.0000 0.0000	</row1>
					<row2>	0.4995 0.0000 0.8663 0.0000	</row2>
					<row3>	0.1653 0.3948 -0.4915 1.0000	</row3>
				</transform>
			</node>
			<node>
				<identifier>	MP_IM010_Life_Jacket_INDEX_34	</identifier>
				<transform>
					<row0>	0.8350 0.0000 -0.5503 0.0000	</row0>
					<row1>	0.0000 1.0000 0.0000 0.0000	</row1>
					<row2>	0.5503 0.0000 0.8350 0.0000	</row2>
					<row3>	0.1521 0.3948 -0.5122 1.0000	</row3>
				</transform>
			</node>
			<node>
				<identifier>	MP_IM010_Life_Jacket_INDEX_35	</identifier>
				<transform>
					<row0>	0.8350 0.0000 -0.5503 0.0000	</row0>
					<row1>	0.0000 1.0000 0.0000 0.0000	</row1>
					<row2>	0.5503 0.0000 0.8350 0.0000	</row2>
					<row3>	0.1389 0.3948 -0.5322 1.0000	</row3>
				</transform>
			</node>
			<node>
				<identifier>	MP_IM010_Life_Jacket_INDEX_36	</identifier>
				<transform>
					<row0>	0.6785 0.0000 0.7346 0.0000	</row0>
					<row1>	0.0000 1.0000 0.0000 0.0000	</row1>
					<row2>	-0.7346 0.0000 0.6785 0.0000	</row2>
					<row3>	0.1393 0.3853 -2.3326 1.0000	</row3>
				</transform>
			</node>
			<node>
				<identifier>	MP_IM010_Life_Jacket_INDEX_37	</identifier>
				<transform>
					<row0>	0.6937 0.0000 0.7203 0.0000	</row0>
					<row1>	0.0000 1.0000 0.0000 0.0000	</row1>
					<row2>	-0.7203 0.0000 0.6937 0.0000	</row2>
					<row3>	0.1573 0.3853 -2.3487 1.0000	</row3>
				</transform>
			</node>
			<node>
				<identifier>	MP_IM010_Life_Jacket_INDEX_38	</identifier>
				<transform>
					<row0>	0.8148 0.0000 0.5798 0.0000	</row0>
					<row1>	0.0000 1.0000 0.0000 0.0000	</row1>
					<row2>	-0.5798 0.0000 0.8148 0.0000	</row2>
					<row3>	0.1713 0.3853 -2.3689 1.0000	</row3>
				</transform>
			</node>
			<node>
				<identifier>	MP_IM010_Life_Jacket_INDEX_39	</identifier>
				<transform>
					<row0>	0.8093 0.0000 0.5874 0.0000	</row0>
					<row1>	0.0000 1.0000 0.0000 0.0000	</row1>
					<row2>	-0.5874 0.0000 0.8093 0.0000	</row2>
					<row3>	0.1856 0.3853 -2.3885 1.0000	</row3>
				</transform>
			</node>
			<node>
				<identifier>	MP_IM010_Life_Jacket_INDEX_4	</identifier>
				<transform>
					<row0>	0.8941 0.0000 0.4478 0.0000	</row0>
					<row1>	0.0000 1.0000 0.0000 0.0000	</row1>
					<row2>	-0.4478 0.0000 0.8941 0.0000	</row2>
					<row3>	-0.1890 0.3948 -0.4488 1.0000	</row3>
				</transform>
			</node>
			<node>
				<identifier>	MP_IM010_Life_Jacket_INDEX_40	</identifier>
				<transform>
					<row0>	0.9163 0.0000 0.4005 0.0000	</row0>
					<row1>	0.0000 1.0000 0.0000 0.0000	</row1>
					<row2>	-0.4005 0.0000 0.9163 0.0000	</row2>
					<row3>	0.1978 0.3853 -2.4133 1.0000	</row3>
				</transform>
			</node>
			<node>
				<identifier>	MP_IM010_Life_Jacket_INDEX_41	</identifier>
				<transform>
					<row0>	0.9188 0.0000 0.3947 0.0000	</row0>
					<row1>	0.0000 1.0000 0.0000 0.0000	</row1>
					<row2>	-0.3947 0.0000 0.9188 0.0000	</row2>
					<row3>	0.2074 0.3853 -2.4354 1.0000	</row3>
				</transform>
			</node>
			<node>
				<identifier>	MP_IM010_Life_Jacket_INDEX_42	</identifier>
				<transform>
					<row0>	0.9925 0.0000 0.1226 0.0000	</row0>
					<row1>	0.0000 1.0000 0.0000 0.0000	</row1>
					<row2>	-0.1226 0.0000 0.9925 0.0000	</row2>
					<row3>	0.2158 0.3853 -2.4619 1.0000	</row3>
				</transform>
			</node>
			<node>
				<identifier>	MP_IM010_Life_Jacket_INDEX_43	</identifier>
				<transform>
					<row0>	0.9945 0.0000 0.1050 0.0000	</row0>
					<row1>	0.0000 1.0000 0.0000 0.0000	</row1>
					<row2>	-0.1050 0.0000 0.9945 0.0000	</row2>
					<row3>	0.2186 0.3853 -2.4859 1.0000	</row3>
				</transform>
			</node>
			<node>
				<identifier>	MP_IM010_Life_Jacket_INDEX_44	</identifier>
				<transform>
					<row0>	0.9901 0.0000 -0.1402 0.0000	</row0>
					<row1>	0.0000 1.0000 0.0000 0.0000	</row1>
					<row2>	0.1402 0.0000 0.9901 0.0000	</row2>
					<row3>	0.2183 0.3797 -2.5297 1.0000	</row3>
				</transform>
			</node>
			<node>
				<identifier>	MP_IM010_Life_Jacket_INDEX_45	</identifier>
				<transform>
					<row0>	0.9901 0.0000 -0.1402 0.0000	</row0>
					<row1>	0.0000 1.0000 0.0000 0.0000	</row1>
					<row2>	0.1402 0.0000 0.9901 0.0000	</row2>
					<row3>	0.2153 0.3797 -2.5539 1.0000	</row3>
				</transform>
			</node>
			<node>
				<identifier>	MP_IM010_Life_Jacket_INDEX_46	</identifier>
				<transform>
					<row0>	0.9241 0.0000 -0.3822 0.0000	</row0>
					<row1>	0.0000 1.0000 0.0000 0.0000	</row1>
					<row2>	0.3822 0.0000 0.9241 0.0000	</row2>
					<row3>	0.2090 0.3797 -2.5783 1.0000	</row3>
				</transform>
			</node>
			<node>
				<identifier>	MP_IM010_Life_Jacket_INDEX_47	</identifier>
				<transform>
					<row0>	0.9241 0.0000 -0.3822 0.0000	</row0>
					<row1>	0.0000 1.0000 0.0000 0.0000	</row1>
					<row2>	0.3822 0.0000 0.9241 0.0000	</row2>
					<row3>	0.1987 0.3797 -2.6012 1.0000	</row3>
				</transform>
			</node>
			<node>
				<identifier>	MP_IM010_Life_Jacket_INDEX_48	</identifier>
				<transform>
					<row0>	0.8662 0.0000 -0.4997 0.0000	</row0>
					<row1>	0.0000 1.0000 0.0000 0.0000	</row1>
					<row2>	0.4997 0.0000 0.8662 0.0000	</row2>
					<row3>	0.1880 0.3797 -2.6230 1.0000	</row3>
				</transform>
			</node>
			<node>
				<identifier>	MP_IM010_Life_Jacket_INDEX_49	</identifier>
				<transform>
					<row0>	0.7584 0.0000 -0.6518 0.0000	</row0>
					<row1>	0.0000 1.0000 0.0000 0.0000	</row1>
					<row2>	0.6518 0.0000 0.7584 0.0000	</row2>
					<row3>	0.1719 0.3797 -2.6419 1.0000	</row3>
				</transform>
			</node>
			<node>
				<identifier>	MP_IM010_Life_Jacket_INDEX_5	</identifier>
				<transform>
					<row0>	0.9241 0.0000 0.3822 0.0000	</row0>
					<row1>	0.0000 1.0000 0.0000 0.0000	</row1>
					<row2>	-0.3822 0.0000 0.9241 0.0000	</row2>
					<row3>	-0.1988 0.3948 -0.4255 1.0000	</row3>
				</transform>
			</node>
			<node>
				<identifier>	MP_IM010_Life_Jacket_INDEX_50	</identifier>
				<transform>
					<row0>	0.6655 0.0000 -0.7464 0.0000	</row0>
					<row1>	0.0000 1.0000 0.0000 0.0000	</row1>
					<row2>	0.7464 0.0000 0.6655 0.0000	</row2>
					<row3>	0.1561 0.3797 -2.6601 1.0000	</row3>
				</transform>
			</node>
			<node>
				<identifier>	MP_IM010_Life_Jacket_INDEX_51	</identifier>
				<transform>
					<row0>	0.5803 0.0000 -0.8144 0.0000	</row0>
					<row1>	0.0000 1.0000 0.0000 0.0000	</row1>
					<row2>	0.8144 0.0000 0.5803 0.0000	</row2>
					<row3>	0.1369 0.3797 -2.6745 1.0000	</row3>
				</transform>
			</node>
			<node>
				<identifier>	MP_IM010_Life_Jacket_INDEX_52	</identifier>
				<transform>
					<row0>	0.5388 0.0000 -0.8424 0.0000	</row0>
					<row1>	0.0000 1.0000 0.0000 0.0000	</row1>
					<row2>	0.8424 0.0000 0.5388 0.0000	</row2>
					<row3>	0.1169 0.3797 -2.6888 1.0000	</row3>
				</transform>
			</node>
			<node>
				<identifier>	MP_IM010_Life_Jacket_INDEX_53	</identifier>
				<transform>
					<row0>	0.3668 0.0000 -0.9303 0.0000	</row0>
					<row1>	0.0000 1.0000 0.0000 0.0000	</row1>
					<row2>	0.9303 0.0000 0.3668 0.0000	</row2>
					<row3>	0.0933 0.3797 -2.6990 1.0000	</row3>
				</transform>
			</node>
			<node>
				<identifier>	MP_IM010_Life_Jacket_INDEX_54	</identifier>
				<transform>
					<row0>	0.6785 0.0000 -0.7346 0.0000	</row0>
					<row1>	0.0000 1.0000 0.0000 0.0000	</row1>
					<row2>	0.7346 0.0000 0.6785 0.0000	</row2>
					<row3>	-0.1393 0.3853 -2.3326 1.0000	</row3>
				</transform>
			</node>
			<node>
				<identifier>	MP_IM010_Life_Jacket_INDEX_55	</identifier>
				<transform>
					<row0>	0.6937 0.0000 -0.7203 0.0000	</row0>
					<row1>	0.0000 1.0000 0.0000 0.0000	</row1>
					<row2>	0.7203 0.0000 0.6937 0.0000	</row2>
					<row3>	-0.1573 0.3853 -2.3487 1.0000	</row3>
				</transform>
			</node>
			<node>
				<identifier>	MP_IM010_Life_Jacket_INDEX_56	</identifier>
				<transform>
					<row0>	0.8148 0.0000 -0.5798 0.0000	</row0>
					<row1>	0.0000 1.0000 0.0000 0.0000	</row1>
					<row2>	0.5798 0.0000 0.8148 0.0000	</row2>
					<row3>	-0.1713 0.3853 -2.3689 1.0000	</row3>
				</transform>
			</node>
			<node>
				<identifier>	MP_IM010_Life_Jacket_INDEX_57	</identifier>
				<transform>
					<row0>	0.8093 0.0000 -0.5874 0.0000	</row0>
					<row1>	0.0000 1.0000 0.0000 0.0000	</row1>
					<row2>	0.5874 0.0000 0.8093 0.0000	</row2>
					<row3>	-0.1856 0.3853 -2.3885 1.0000	</row3>
				</transform>
			</node>
			<node>
				<identifier>	MP_IM010_Life_Jacket_INDEX_58	</identifier>
				<transform>
					<row0>	0.9163 0.0000 -0.4005 0.0000	</row0>
					<row1>	0.0000 1.0000 0.0000 0.0000	</row1>
					<row2>	0.4005 0.0000 0.9163 0.0000	</row2>
					<row3>	-0.1978 0.3853 -2.4133 1.0000	</row3>
				</transform>
			</node>
			<node>
				<identifier>	MP_IM010_Life_Jacket_INDEX_59	</identifier>
				<transform>
					<row0>	0.9188 0.0000 -0.3947 0.0000	</row0>
					<row1>	0.0000 1.0000 0.0000 0.0000	</row1>
					<row2>	0.3947 0.0000 0.9188 0.0000	</row2>
					<row3>	-0.2074 0.3853 -2.4354 1.0000	</row3>
				</transform>
			</node>
			<node>
				<identifier>	MP_IM010_Life_Jacket_INDEX_6	</identifier>
				<transform>
					<row0>	0.9241 0.0000 0.3822 0.0000	</row0>
					<row1>	0.0000 1.0000 0.0000 0.0000	</row1>
					<row2>	-0.3822 0.0000 0.9241 0.0000	</row2>
					<row3>	-0.2079 0.3948 -0.4032 1.0000	</row3>
				</transform>
			</node>
			<node>
				<identifier>	MP_IM010_Life_Jacket_INDEX_60	</identifier>
				<transform>
					<row0>	0.9925 0.0000 -0.1226 0.0000	</row0>
					<row1>	0.0000 1.0000 0.0000 0.0000	</row1>
					<row2>	0.1226 0.0000 0.9925 0.0000	</row2>
					<row3>	-0.2158 0.3853 -2.4619 1.0000	</row3>
				</transform>
			</node>
			<node>
				<identifier>	MP_IM010_Life_Jacket_INDEX_61	</identifier>
				<transform>
					<row0>	0.9945 0.0000 -0.1050 0.0000	</row0>
					<row1>	0.0000 1.0000 0.0000 0.0000	</row1>
					<row2>	0.1050 0.0000 0.9945 0.0000	</row2>
					<row3>	-0.2186 0.3853 -2.4859 1.0000	</row3>
				</transform>
			</node>
			<node>
				<identifier>	MP_IM010_Life_Jacket_INDEX_62	</identifier>
				<transform>
					<row0>	0.9901 0.0000 0.1402 0.0000	</row0>
					<row1>	0.0000 1.0000 0.0000 0.0000	</row1>
					<row2>	-0.1402 0.0000 0.9901 0.0000	</row2>
					<row3>	-0.2183 0.3797 -2.5297 1.0000	</row3>
				</transform>
			</node>
			<node>
				<identifier>	MP_IM010_Life_Jacket_INDEX_63	</identifier>
				<transform>
					<row0>	0.9901 0.0000 0.1402 0.0000	</row0>
					<row1>	0.0000 1.0000 0.0000 0.0000	</row1>
					<row2>	-0.1402 0.0000 0.9901 0.0000	</row2>
					<row3>	-0.2153 0.3797 -2.5539 1.0000	</row3>
				</transform>
			</node>
			<node>
				<identifier>	MP_IM010_Life_Jacket_INDEX_64	</identifier>
				<transform>
					<row0>	0.9241 0.0000 0.3822 0.0000	</row0>
					<row1>	0.0000 1.0000 0.0000 0.0000	</row1>
					<row2>	-0.3822 0.0000 0.9241 0.0000	</row2>
					<row3>	-0.2090 0.3797 -2.5783 1.0000	</row3>
				</transform>
			</node>
			<node>
				<identifier>	MP_IM010_Life_Jacket_INDEX_65	</identifier>
				<transform>
					<row0>	0.9241 0.0000 0.3822 0.0000	</row0>
					<row1>	0.0000 1.0000 0.0000 0.0000	</row1>
					<row2>	-0.3822 0.0000 0.9241 0.0000	</row2>
					<row3>	-0.1987 0.3797 -2.6012 1.0000	</row3>
				</transform>
			</node>
			<node>
				<identifier>	MP_IM010_Life_Jacket_INDEX_66	</identifier>
				<transform>
					<row0>	0.8662 0.0000 0.4997 0.0000	</row0>
					<row1>	0.0000 1.0000 0.0000 0.0000	</row1>
					<row2>	-0.4997 0.0000 0.8662 0.0000	</row2>
					<row3>	-0.1880 0.3797 -2.6230 1.0000	</row3>
				</transform>
			</node>
			<node>
				<identifier>	MP_IM010_Life_Jacket_INDEX_67	</identifier>
				<transform>
					<row0>	0.7584 0.0000 0.6518 0.0000	</row0>
					<row1>	0.0000 1.0000 0.0000 0.0000	</row1>
					<row2>	-0.6518 0.0000 0.7584 0.0000	</row2>
					<row3>	-0.1719 0.3797 -2.6419 1.0000	</row3>
				</transform>
			</node>
			<node>
				<identifier>	MP_IM010_Life_Jacket_INDEX_68	</identifier>
				<transform>
					<row0>	0.6655 0.0000 0.7464 0.0000	</row0>
					<row1>	0.0000 1.0000 0.0000 0.0000	</row1>
					<row2>	-0.7464 0.0000 0.6655 0.0000	</row2>
					<row3>	-0.1561 0.3797 -2.6601 1.0000	</row3>
				</transform>
			</node>
			<node>
				<identifier>	MP_IM010_Life_Jacket_INDEX_69	</identifier>
				<transform>
					<row0>	0.5803 0.0000 0.8144 0.0000	</row0>
					<row1>	0.0000 1.0000 0.0000 0.0000	</row1>
					<row2>	-0.8144 0.0000 0.5803 0.0000	</row2>
					<row3>	-0.1369 0.3797 -2.6745 1.0000	</row3>
				</transform>
			</node>
			<node>
				<identifier>	MP_IM010_Life_Jacket_INDEX_7	</identifier>
				<transform>
					<row0>	0.9901 0.0000 0.1402 0.0000	</row0>
					<row1>	0.0000 1.0000 0.0000 0.0000	</row1>
					<row2>	-0.1402 0.0000 0.9901 0.0000	</row2>
					<row3>	-0.2135 0.3948 -0.3788 1.0000	</row3>
				</transform>
			</node>
			<node>
				<identifier>	MP_IM010_Life_Jacket_INDEX_70	</identifier>
				<transform>
					<row0>	0.5388 0.0000 0.8424 0.0000	</row0>
					<row1>	0.0000 1.0000 0.0000 0.0000	</row1>
					<row2>	-0.8424 0.0000 0.5388 0.0000	</row2>
					<row3>	-0.1169 0.3797 -2.6888 1.0000	</row3>
				</transform>
			</node>
			<node>
				<identifier>	MP_IM010_Life_Jacket_INDEX_71	</identifier>
				<transform>
					<row0>	0.3668 0.0000 0.9303 0.0000	</row0>
					<row1>	0.0000 1.0000 0.0000 0.0000	</row1>
					<row2>	-0.9303 0.0000 0.3668 0.0000	</row2>
					<row3>	-0.0933 0.3797 -2.6990 1.0000	</row3>
				</transform>
			</node>
			<node>
				<identifier>	MP_IM010_Life_Jacket_INDEX_8	</identifier>
				<transform>
					<row0>	0.9901 0.0000 0.1402 0.0000	</row0>
					<row1>	0.0000 1.0000 0.0000 0.0000	</row1>
					<row2>	-0.1402 0.0000 0.9901 0.0000	</row2>
					<row3>	-0.2168 0.3948 -0.3550 1.0000	</row3>
				</transform>
			</node>
			<node>
				<identifier>	MP_IM010_Life_Jacket_INDEX_9	</identifier>
				<transform>
					<row0>	0.9908 0.0000 -0.1352 0.0000	</row0>
					<row1>	0.0000 1.0000 0.0000 0.0000	</row1>
					<row2>	0.1352 0.0000 0.9908 0.0000	</row2>
					<row3>	-0.2175 0.3948 -0.3286 1.0000	</row3>
				</transform>
			</node>
			<node>
				<identifier>	MP_IM021_Turtle	</identifier>
				<transform>
					<row0>	-1.0000 0.0000 0.0000 0.0000	</row0>
					<row1>	0.0000 1.0000 0.0000 0.0000	</row1>
					<row2>	0.0000 0.0000 -1.0000 0.0000	</row2>
					<row3>	0.1017 0.2982 -1.3529 1.0000	</row3>
				</transform>
			</node>
			<node>
				<identifier>	MP_IM021_Turtle_INDEX_1	</identifier>
				<transform>
					<row0>	-1.0000 0.0000 0.0000 0.0000	</row0>
					<row1>	0.0000 1.0000 0.0000 0.0000	</row1>
					<row2>	0.0000 0.0000 -1.0000 0.0000	</row2>
					<row3>	0.1017 0.2816 -1.3529 1.0000	</row3>
				</transform>
			</node>
			<node>
				<identifier>	MP_IM021_Turtle_INDEX_10	</identifier>
				<transform>
					<row0>	1.0000 0.0000 0.0000 0.0000	</row0>
					<row1>	0.0000 1.0000 0.0000 0.0000	</row1>
					<row2>	0.0000 0.0000 1.0000 0.0000	</row2>
					<row3>	-0.0445 0.3647 -0.5449 1.0000	</row3>
				</transform>
			</node>
			<node>
				<identifier>	MP_IM021_Turtle_INDEX_11	</identifier>
				<transform>
					<row0>	1.0000 0.0000 0.0000 0.0000	</row0>
					<row1>	0.0000 1.0000 0.0000 0.0000	</row1>
					<row2>	0.0000 0.0000 1.0000 0.0000	</row2>
					<row3>	-0.0445 0.3822 -0.5449 1.0000	</row3>
				</transform>
			</node>
			<node>
				<identifier>	MP_IM021_Turtle_INDEX_12	</identifier>
				<transform>
					<row0>	-1.0000 0.0000 0.0000 0.0000	</row0>
					<row1>	0.0000 1.0000 0.0000 0.0000	</row1>
					<row2>	0.0000 0.0000 -1.0000 0.0000	</row2>
					<row3>	-0.0579 0.3647 -0.1398 1.0000	</row3>
				</transform>
			</node>
			<node>
