<ZSD006_Jian_Wei_1930_Bow_ports.visual>
	<node>
		<identifier>	Scene Root	</identifier>
		<transform>
			<row0>	1.0000 0.0000 0.0000 0.0000	</row0>
			<row1>	0.0000 1.0000 0.0000 0.0000	</row1>
			<row2>	0.0000 0.0000 1.0000 0.0000	</row2>
			<row3>	0.0000 0.0000 0.0000 1.0000	</row3>
		</transform>
		<node>
			<identifier>	Bow_ports	</identifier>
			<transform>
				<row0>	1.0000 0.0000 0.0000 0.0000	</row0>
				<row1>	0.0000 1.0000 0.0000 0.0000	</row1>
				<row2>	0.0000 0.0000 1.0000 0.0000	</row2>
				<row3>	0.0000 0.0000 0.0000 1.0000	</row3>
			</transform>
			<node>
				<identifier>	HP_FX_Death_1	</identifier>
				<transform>
					<row0>	1.0000 0.0000 0.0000 0.0000	</row0>
					<row1>	0.0000 1.0000 0.0000 0.0000	</row1>
					<row2>	0.0000 0.0000 1.0000 0.0000	</row2>
					<row3>	0.0000 0.0000 2.1357 1.0000	</row3>
				</transform>
			</node>
			<node>
				<identifier>	HP_FX_Fire_1	</identifier>
				<transform>
					<row0>	1.0000 0.0000 0.0000 0.0000	</row0>
					<row1>	0.0000 1.0000 0.0000 0.0000	</row1>
					<row2>	0.0000 0.0000 1.0000 0.0000	</row2>
					<row3>	0.0000 0.3674 2.8630 1.0000	</row3>
				</transform>
			</node>
			<node>
				<identifier>	HP_FX_Flood_steam_left	</identifier>
				<transform>
					<row0>	-1.0000 0.0000 0.0000 0.0000	</row0>
					<row1>	0.0000 1.0000 0.0000 0.0000	</row1>
					<row2>	0.0000 0.0000 -1.0000 0.0000	</row2>
					<row3>	-0.2634 0.3221 2.4540 1.0000	</row3>
				</transform>
			</node>
			<node>
				<identifier>	HP_FX_WakeTrace	</identifier>
				<transform>
					<row0>	1.0000 0.0000 0.0000 0.0000	</row0>
					<row1>	0.0000 1.0000 0.0000 0.0000	</row1>
					<row2>	0.0000 0.0000 1.0000 0.0000	</row2>
					<row3>	0.0000 0.0000 3.2895 1.0000	</row3>
				</transform>
			</node>
			<node>
				<identifier>	HP_Ship_death_1	</identifier>
				<transform>
					<row0>	1.0000 0.0000 0.0000 0.0000	</row0>
					<row1>	0.0000 1.0000 0.0000 0.0000	</row1>
					<row2>	0.0000 0.0000 1.0000 0.0000	</row2>
					<row3>	0.0000 0.0000 2.1357 1.0000	</row3>
				</transform>
			</node>
			<node>
				<identifier>	HP_ZGM_1	</identifier>
				<transform>
					<row0>	1.0000 0.0000 0.0000 0.0000	</row0>
					<row1>	0.0000 1.0000 0.0000 0.0000	</row1>
					<row2>	0.0000 0.0000 1.0000 0.0000	</row2>
					<row3>	0.0000 0.3628 2.2951 1.0000	</row3>
				</transform>
			</node>
			<node>
				<identifier>	MP_ZM056_Artillery_shell	</identifier>
				<transform>
					<row0>	-0.9981 0.0000 0.0611 0.0000	</row0>
					<row1>	0.0000 1.0000 0.0000 0.0000	</row1>
					<row2>	-0.0611 0.0000 -0.9981 0.0000	</row2>
					<row3>	-0.2688 0.3557 2.2984 1.0000	</row3>
				</transform>
			</node>
			<node>
				<identifier>	MP_ZM056_Artillery_shell_INDEX_1	</identifier>
				<transform>
					<row0>	0.9976 0.0000 0.0698 0.0000	</row0>
					<row1>	0.0000 1.0000 0.0000 0.0000	</row1>
					<row2>	-0.0698 0.0000 0.9976 0.0000	</row2>
					<row3>	0.2646 0.3570 2.3580 1.0000	</row3>
				</transform>
			</node>
			<node>
				<identifier>	MP_ZM056_Artillery_shell_INDEX_10	</identifier>
				<transform>
					<row0>	-0.9976 0.0000 0.0698 0.0000	</row0>
					<row1>	0.0000 1.0000 0.0000 0.0000	</row1>
					<row2>	-0.0698 0.0000 -0.9976 0.0000	</row2>
					<row3>	-0.2646 0.3570 2.3580 1.0000	</row3>
				</transform>
			</node>
			<node>
				<identifier>	MP_ZM056_Artillery_shell_INDEX_11	</identifier>
				<transform>
					<row0>	-0.9976 0.0000 0.0698 0.0000	</row0>
					<row1>	0.0000 1.0000 0.0000 0.0000	</row1>
					<row2>	-0.0698 0.0000 -0.9976 0.0000	</row2>
					<row3>	-0.2604 0.3582 2.4177 1.0000	</row3>
				</transform>
			</node>
			<node>
				<identifier>	MP_ZM056_Artillery_shell_INDEX_12	</identifier>
				<transform>
					<row0>	-0.9986 0.0000 0.0524 0.0000	</row0>
					<row1>	0.0000 1.0000 0.0000 0.0000	</row1>
					<row2>	-0.0524 0.0000 -0.9986 0.0000	</row2>
					<row3>	-0.2719 0.3548 2.2388 1.0000	</row3>
				</transform>
			</node>
			<node>
				<identifier>	MP_ZM056_Artillery_shell_INDEX_13	</identifier>
				<transform>
					<row0>	-0.9976 0.0000 0.0698 0.0000	</row0>
					<row1>	0.0000 1.0000 0.0000 0.0000	</row1>
					<row2>	-0.0698 0.0000 -0.9976 0.0000	</row2>
					<row3>	-0.2558 0.3594 2.4774 1.0000	</row3>
				</transform>
			</node>
			<node>
				<identifier>	MP_ZM056_Artillery_shell_INDEX_14	</identifier>
				<transform>
					<row0>	-0.9966 0.0000 0.0828 0.0000	</row0>
					<row1>	0.0000 1.0000 0.0000 0.0000	</row1>
					<row2>	-0.0828 0.0000 -0.9966 0.0000	</row2>
					<row3>	-0.2477 0.3621 2.5967 1.0000	</row3>
				</transform>
			</node>
			<node>
				<identifier>	MP_ZM056_Artillery_shell_INDEX_15	</identifier>
				<transform>
					<row0>	0.9976 0.0000 0.0698 0.0000	</row0>
					<row1>	0.0000 1.0000 0.0000 0.0000	</row1>
					<row2>	-0.0698 0.0000 0.9976 0.0000	</row2>
					<row3>	0.2558 0.3594 2.4774 1.0000	</row3>
				</transform>
			</node>
			<node>
				<identifier>	MP_ZM056_Artillery_shell_INDEX_2	</identifier>
				<transform>
					<row0>	-0.9976 0.0000 0.0698 0.0000	</row0>
					<row1>	0.0000 1.0000 0.0000 0.0000	</row1>
					<row2>	-0.0698 0.0000 -0.9976 0.0000	</row2>
					<row3>	-0.2518 0.3608 2.5370 1.0000	</row3>
				</transform>
			</node>
			<node>
				<identifier>	MP_ZM056_Artillery_shell_INDEX_3	</identifier>
				<transform>
					<row0>	0.9986 0.0000 0.0524 0.0000	</row0>
					<row1>	0.0000 1.0000 0.0000 0.0000	</row1>
					<row2>	-0.0524 0.0000 0.9986 0.0000	</row2>
					<row3>	0.2719 0.3548 2.2388 1.0000	</row3>
				</transform>
			</node>
			<node>
				<identifier>	MP_ZM056_Artillery_shell_INDEX_4	</identifier>
				<transform>
					<row0>	-0.9985 0.0000 0.0540 0.0000	</row0>
					<row1>	0.0000 1.0000 0.0000 0.0000	</row1>
					<row2>	-0.0540 0.0000 -0.9985 0.0000	</row2>
					<row3>	-0.2749 0.3538 2.1791 1.0000	</row3>
				</transform>
			</node>
			<node>
				<identifier>	MP_ZM056_Artillery_shell_INDEX_5	</identifier>
				<transform>
					<row0>	0.9985 0.0000 0.0540 0.0000	</row0>
					<row1>	0.0000 1.0000 0.0000 0.0000	</row1>
					<row2>	-0.0540 0.0000 0.9985 0.0000	</row2>
					<row3>	0.2749 0.3538 2.1791 1.0000	</row3>
				</transform>
			</node>
			<node>
				<identifier>	MP_ZM056_Artillery_shell_INDEX_6	</identifier>
				<transform>
					<row0>	0.9981 0.0000 0.0611 0.0000	</row0>
					<row1>	0.0000 1.0000 0.0000 0.0000	</row1>
					<row2>	-0.0611 0.0000 0.9981 0.0000	</row2>
					<row3>	0.2688 0.3557 2.2984 1.0000	</row3>
				</transform>
			</node>
			<node>
				<identifier>	MP_ZM056_Artillery_shell_INDEX_7	</identifier>
				<transform>
					<row0>	0.9976 0.0000 0.0698 0.0000	</row0>
					<row1>	0.0000 1.0000 0.0000 0.0000	</row1>
					<row2>	-0.0698 0.0000 0.9976 0.0000	</row2>
					<row3>	0.2604 0.3582 2.4177 1.0000	</row3>
				</transform>
			</node>
			<node>
				<identifier>	MP_ZM056_Artillery_shell_INDEX_8	</identifier>
				<transform>
					<row0>	0.9976 0.0000 0.0698 0.0000	</row0>
					<row1>	0.0000 1.0000 0.0000 0.0000	</row1>
					<row2>	-0.0698 0.0000 0.9976 0.0000	</row2>
					<row3>	0.2518 0.3608 2.5370 1.0000	</row3>
				</transform>
			</node>
			<node>
				<identifier>	MP_ZM056_Artillery_shell_INDEX_9	</identifier>
				<transform>
					<row0>	0.9966 0.0000 0.0828 0.0000	</row0>
					<row1>	0.0000 1.0000 0.0000 0.0000	</row1>
					<row2>	-0.0828 0.0000 0.9966 0.0000	</row2>
					<row3>	0.2477 0.3621 2.5967 1.0000	</row3>
				</transform>
			</node>
		</node>
	</node>
	<boundingBox>
		<min>	-0.0667 -0.0667 -0.0667	</min>
		<max>	0.0667 0.0667 0.0667	</max>
	</boundingBox>
</ZSD006_Jian_Wei_1930_Bow_ports.visual>
