<JGA172_25mm_Type96_Triple_lod3.visual>
	<node>
		<identifier>	Scene Root	</identifier>
		<transform>
			<row0>	1.0000 0.0000 0.0000 0.0000	</row0>
			<row1>	0.0000 1.0000 0.0000 0.0000	</row1>
			<row2>	0.0000 0.0000 1.0000 0.0000	</row2>
			<row3>	0.0000 0.0000 0.0000 1.0000	</row3>
		</transform>
		<node>
			<identifier>	Turret	</identifier>
			<transform>
				<row0>	1.0000 0.0000 0.0000 0.0000	</row0>
				<row1>	0.0000 1.0000 0.0000 0.0000	</row1>
				<row2>	0.0000 0.0000 1.0000 0.0000	</row2>
				<row3>	0.0000 0.0000 0.0000 1.0000	</row3>
			</transform>
			<node>
				<identifier>	HP_gunFire1	</identifier>
				<transform>
					<row0>	1.0000 0.0000 0.0000 0.0000	</row0>
					<row1>	0.0000 0.8660 -0.5000 0.0000	</row1>
					<row2>	0.0000 0.5000 0.8660 0.0000	</row2>
					<row3>	0.0186 0.0942 0.0953 1.0000	</row3>
				</transform>
			</node>
			<node>
				<identifier>	HP_gunFire2	</identifier>
				<transform>
					<row0>	1.0000 0.0000 0.0000 0.0000	</row0>
					<row1>	0.0000 0.8660 -0.5000 0.0000	</row1>
					<row2>	0.0000 0.5000 0.8660 0.0000	</row2>
					<row3>	0.0000 0.0942 0.0953 1.0000	</row3>
				</transform>
			</node>
			<node>
				<identifier>	HP_gunFire3	</identifier>
				<transform>
					<row0>	1.0000 0.0000 0.0000 0.0000	</row0>
					<row1>	0.0000 0.8660 -0.5000 0.0000	</row1>
					<row2>	0.0000 0.5000 0.8660 0.0000	</row2>
					<row3>	-0.0184 0.0942 0.0953 1.0000	</row3>
				</transform>
			</node>
		</node>
	</node>
	<renderSet>
		<treatAsWorldSpaceObject>	false	</treatAsWorldSpaceObject>
		<node>	Turret	</node>
		<geometry>
			<vertices>	Turret_lod3Shape.vertices	</vertices>
			<primitive>	Turret_lod3Shape.indices	</primitive>
			<primitiveGroup>	0
				<material>
					<identifier>	TL2_SHIPMAT_PBS_Gun	</identifier>
					<mfm>	PnFMods/ModsSDK.zip/JSC590_Black_Yoshino/gun/JGA172_25mm_Type96_Triple.mfm	</mfm>
				</material>
			</primitiveGroup>
		</geometry>
	</renderSet>
	<boundingBox>
		<min>	-0.1181 0.0000 -0.1230	</min>
		<max>	0.1181 0.1010 0.1196	</max>
	</boundingBox>
</JGA172_25mm_Type96_Triple_lod3.visual>
