<HSC009_Johan_de_Witt_1945_Bow_ports.visual>
	<node>
		<identifier>	Scene Root	</identifier>
		<transform>
			<row0>	1.0000 0.0000 0.0000 0.0000	</row0>
			<row1>	0.0000 1.0000 0.0000 0.0000	</row1>
			<row2>	0.0000 0.0000 1.0000 0.0000	</row2>
			<row3>	0.0000 0.0000 0.0000 1.0000	</row3>
		</transform>
		<node>
			<identifier>	Bow_ports	</identifier>
			<transform>
				<row0>	1.0000 0.0000 0.0000 0.0000	</row0>
				<row1>	0.0000 1.0000 0.0000 0.0000	</row1>
				<row2>	0.0000 0.0000 1.0000 0.0000	</row2>
				<row3>	0.0000 0.0000 0.0000 1.0000	</row3>
			</transform>
			<node>
				<identifier>	HP_FX_Death_1	</identifier>
				<transform>
					<row0>	1.0000 0.0000 0.0000 0.0000	</row0>
					<row1>	0.0000 1.0000 0.0000 0.0000	</row1>
					<row2>	0.0000 0.0000 1.0000 0.0000	</row2>
					<row3>	0.0000 0.0000 4.3615 1.0000	</row3>
				</transform>
			</node>
			<node>
				<identifier>	HP_FX_Fire_1	</identifier>
				<transform>
					<row0>	1.0000 0.0000 0.0000 0.0000	</row0>
					<row1>	0.0000 1.0000 0.0000 0.0000	</row1>
					<row2>	0.0000 0.0000 1.0000 0.0000	</row2>
					<row3>	0.0000 0.4258 4.8802 1.0000	</row3>
				</transform>
			</node>
			<node>
				<identifier>	HP_FX_Flood_steam_left	</identifier>
				<transform>
					<row0>	-1.0000 0.0000 0.0000 0.0000	</row0>
					<row1>	0.0000 1.0000 0.0000 0.0000	</row1>
					<row2>	0.0000 0.0000 -1.0000 0.0000	</row2>
					<row3>	-0.6917 0.3326 3.0490 1.0000	</row3>
				</transform>
			</node>
			<node>
				<identifier>	HP_FX_Flood_water_left	</identifier>
				<transform>
					<row0>	-0.9872 0.0000 0.1594 0.0000	</row0>
					<row1>	0.0000 1.0000 0.0000 0.0000	</row1>
					<row2>	-0.1594 0.0000 -0.9872 0.0000	</row2>
					<row3>	-0.2874 0.0521 5.3212 1.0000	</row3>
				</transform>
			</node>
			<node>
				<identifier>	HP_FX_Flood_water_right	</identifier>
				<transform>
					<row0>	0.9849 0.0000 0.1732 0.0000	</row0>
					<row1>	0.0000 1.0000 0.0000 0.0000	</row1>
					<row2>	-0.1732 0.0000 0.9849 0.0000	</row2>
					<row3>	0.2868 0.0504 5.3216 1.0000	</row3>
				</transform>
			</node>
			<node>
				<identifier>	HP_FX_RepairLight_right_2	</identifier>
				<transform>
					<row0>	0.0894 0.0000 -0.9960 0.0000	</row0>
					<row1>	0.2590 0.9656 0.0232 0.0000	</row1>
					<row2>	0.9617 -0.2601 0.0863 0.0000	</row2>
					<row3>	0.7071 0.3580 3.1444 1.0000	</row3>
				</transform>
			</node>
			<node>
				<identifier>	HP_FX_WakeTrace	</identifier>
				<transform>
					<row0>	1.0000 0.0000 0.0000 0.0000	</row0>
					<row1>	0.0000 1.0000 0.0000 0.0000	</row1>
					<row2>	0.0000 0.0000 1.0000 0.0000	</row2>
					<row3>	0.0000 0.0000 7.0092 1.0000	</row3>
				</transform>
			</node>
			<node>
				<identifier>	HP_HGM_1	</identifier>
				<transform>
					<row0>	1.0000 0.0000 0.0000 0.0000	</row0>
					<row1>	0.0000 1.0000 0.0000 0.0000	</row1>
					<row2>	0.0000 0.0000 1.0000 0.0000	</row2>
					<row3>	0.0000 0.4296 3.1960 1.0000	</row3>
				</transform>
			</node>
			<node>
				<identifier>	HP_Ship_death_1	</identifier>
				<transform>
					<row0>	1.0000 0.0000 0.0000 0.0000	</row0>
					<row1>	0.0000 1.0000 0.0000 0.0000	</row1>
					<row2>	0.0000 0.0000 1.0000 0.0000	</row2>
					<row3>	0.0000 0.0000 2.4423 1.0000	</row3>
				</transform>
			</node>
			<node>
				<identifier>	MP_CM011_Fire_Fighting_Gear	</identifier>
				<transform>
					<row0>	0.0000 0.0000 -1.0000 0.0000	</row0>
					<row1>	0.0000 1.0000 0.0000 0.0000	</row1>
					<row2>	1.0000 0.0000 0.0000 0.0000	</row2>
					<row3>	-0.1067 0.4592 6.5530 1.0000	</row3>
				</transform>
			</node>
			<node>
				<identifier>	MP_CM109_Leadsman_Platform	</identifier>
				<transform>
					<row0>	0.1262 -0.9901 0.0609 0.0000	</row0>
					<row1>	0.9805 0.1338 0.1438 0.0000	</row1>
					<row2>	-0.1506 0.0415 0.9877 0.0000	</row2>
					<row3>	0.4489 0.4127 5.2996 1.0000	</row3>
				</transform>
			</node>
			<node>
				<identifier>	MP_CM109_Leadsman_Platform_INDEX_1	</identifier>
				<transform>
					<row0>	-0.1262 -0.9901 0.0609 0.0000	</row0>
					<row1>	-0.9805 0.1338 0.1438 0.0000	</row1>
					<row2>	-0.1506 -0.0415 -0.9877 0.0000	</row2>
					<row3>	-0.4490 0.4127 5.2990 1.0000	</row3>
				</transform>
			</node>
			<node>
				<identifier>	MP_HM001_Anchor_down	</identifier>
				<transform>
					<row0>	0.9664 -0.2447 0.0783 0.0000	</row0>
					<row1>	0.2548 0.8751 -0.4114 0.0000	</row1>
					<row2>	0.0322 0.4176 0.9081 0.0000	</row2>
					<row3>	0.2486 0.2591 6.0054 1.0000	</row3>
				</transform>
			</node>
			<node>
				<identifier>	MP_HM001_Anchor_down_INDEX_1	</identifier>
				<transform>
					<row0>	0.9771 -0.2038 0.0608 0.0000	</row0>
					<row1>	0.2104 0.8852 -0.4149 0.0000	</row1>
					<row2>	0.0307 0.4182 0.9078 0.0000	</row2>
					<row3>	0.1955 0.2610 6.3087 1.0000	</row3>
				</transform>
			</node>
			<node>
				<identifier>	MP_HM001_Anchor_down_INDEX_2	</identifier>
				<transform>
					<row0>	0.9771 0.2038 -0.0608 0.0000	</row0>
					<row1>	-0.2104 0.8852 -0.4149 0.0000	</row1>
					<row2>	-0.0307 0.4182 0.9078 0.0000	</row2>
					<row3>	-0.1955 0.2610 6.3087 1.0000	</row3>
				</transform>
			</node>
			<node>
				<identifier>	MP_HM001_Anchor_down_INDEX_3	</identifier>
				<transform>
					<row0>	0.0699 -0.9885 -0.1339 0.0000	</row0>
					<row1>	0.1517 -0.1222 0.9808 0.0000	</row1>
					<row2>	-0.9859 -0.0889 0.1414 0.0000	</row2>
					<row3>	-0.5033 0.4086 4.2316 1.0000	</row3>
				</transform>
			</node>
			<node>
				<identifier>	MP_HM002_Anchor_up	</identifier>
				<transform>
					<row0>	0.9113 0.3621 -0.1960 0.0000	</row0>
					<row1>	-0.4109 0.8300 -0.3773 0.0000	</row1>
					<row2>	0.0260 0.4243 0.9051 0.0000	</row2>
					<row3>	0.1974 0.2616 6.3083 1.0000	</row3>
				</transform>
			</node>
			<node>
				<identifier>	MP_HM002_Anchor_up_INDEX_1	</identifier>
				<transform>
					<row0>	0.9113 -0.3621 0.1960 0.0000	</row0>
					<row1>	0.4109 0.8300 -0.3773 0.0000	</row1>
					<row2>	-0.0260 0.4243 0.9051 0.0000	</row2>
					<row3>	-0.1974 0.2616 6.3083 1.0000	</row3>
				</transform>
			</node>
			<node>
				<identifier>	MP_HM002_Anchor_up_INDEX_2	</identifier>
				<transform>
					<row0>	0.9592 0.2430 -0.1442 0.0000	</row0>
					<row1>	-0.2810 0.8745 -0.3954 0.0000	</row1>
					<row2>	0.0300 0.4198 0.9071 0.0000	</row2>
					<row3>	0.2498 0.2592 6.0053 1.0000	</row3>
				</transform>
			</node>
			<node>
				<identifier>	MP_HM002_Anchor_up_INDEX_3	</identifier>
				<transform>
					<row0>	0.0806 -0.9947 -0.0635 0.0000	</row0>
					<row1>	0.1463 -0.0513 0.9879 0.0000	</row1>
					<row2>	-0.9859 -0.0889 0.1414 0.0000	</row2>
					<row3>	-0.5033 0.4086 4.2316 1.0000	</row3>
				</transform>
			</node>
			<node>
				<identifier>	MP_HM007_Lifebuoy	</identifier>
				<transform>
					<row0>	0.1718 0.0000 0.9851 0.0000	</row0>
					<row1>	0.0000 1.0000 0.0000 0.0000	</row1>
					<row2>	-0.9851 0.0000 0.1718 0.0000	</row2>
					<row3>	-0.3601 0.4895 5.7630 1.0000	</row3>
				</transform>
			</node>
			<node>
				<identifier>	MP_HM007_Lifebuoy_INDEX_1	</identifier>
				<transform>
					<row0>	0.1718 0.0000 -0.9851 0.0000	</row0>
					<row1>	0.0000 1.0000 0.0000 0.0000	</row1>
					<row2>	0.9851 0.0000 0.1718 0.0000	</row2>
					<row3>	0.3601 0.4895 5.7630 1.0000	</row3>
				</transform>
			</node>
			<node>
				<identifier>	MP_HM007_Lifebuoy_INDEX_2	</identifier>
				<transform>
					<row0>	0.1105 0.0000 -0.9939 0.0000	</row0>
					<row1>	0.0000 1.0000 0.0000 0.0000	</row1>
					<row2>	0.9939 0.0000 0.1105 0.0000	</row2>
					<row3>	0.6039 0.4277 4.0308 1.0000	</row3>
				</transform>
			</node>
			<node>
				<identifier>	MP_HM007_Lifebuoy_INDEX_3	</identifier>
				<transform>
					<row0>	0.1105 0.0000 0.9939 0.0000	</row0>
					<row1>	0.0000 1.0000 0.0000 0.0000	</row1>
					<row2>	-0.9939 0.0000 0.1105 0.0000	</row2>
					<row3>	-0.6039 0.4277 4.0308 1.0000	</row3>
				</transform>
			</node>
			<node>
				<identifier>	MP_HM502_Life_Boat	</identifier>
				<transform>
					<row0>	-0.9370 0.0321 0.3478 0.0000	</row0>
					<row1>	0.0299 0.9995 -0.0117 0.0000	</row1>
					<row2>	-0.3480 -0.0006 -0.9375 0.0000	</row2>
					<row3>	0.3877 0.3654 3.9579 1.0000	</row3>
				</transform>
			</node>
			<node>
				<identifier>	MP_HM502_Life_Boat_INDEX_1	</identifier>
				<transform>
					<row0>	-0.9472 0.0141 0.3203 0.0000	</row0>
					<row1>	0.0105 0.9999 -0.0128 0.0000	</row1>
					<row2>	-0.3204 -0.0088 -0.9472 0.0000	</row2>
					<row3>	0.2118 0.3696 4.0198 1.0000	</row3>
				</transform>
			</node>
			<node>
				<identifier>	MP_HM502_Life_Boat_INDEX_2	</identifier>
				<transform>
					<row0>	-0.9472 -0.0141 -0.3203 0.0000	</row0>
					<row1>	-0.0105 0.9999 -0.0128 0.0000	</row1>
					<row2>	0.3204 -0.0088 -0.9472 0.0000	</row2>
					<row3>	-0.2118 0.3696 4.0198 1.0000	</row3>
				</transform>
			</node>
			<node>
				<identifier>	MP_HM502_Life_Boat_INDEX_3	</identifier>
				<transform>
					<row0>	-0.9370 -0.0321 -0.3478 0.0000	</row0>
					<row1>	-0.0299 0.9995 -0.0117 0.0000	</row1>
					<row2>	0.3480 -0.0006 -0.9375 0.0000	</row2>
					<row3>	-0.3877 0.3654 3.9579 1.0000	</row3>
				</transform>
			</node>
			<node>
				<identifier>	MP_HM751_Hatch	</identifier>
				<transform>
					<row0>	1.0000 0.0000 0.0000 0.0000	</row0>
					<row1>	0.0000 1.0000 0.0000 0.0000	</row1>
					<row2>	0.0000 0.0000 1.0000 0.0000	</row2>
					<row3>	0.4375 0.3605 3.6214 1.0000	</row3>
				</transform>
			</node>
			<node>
				<identifier>	MP_HM751_Hatch_INDEX_1	</identifier>
				<transform>
					<row0>	1.0000 0.0000 0.0000 0.0000	</row0>
					<row1>	0.0000 1.0000 0.0000 0.0000	</row1>
					<row2>	0.0000 0.0000 1.0000 0.0000	</row2>
					<row3>	-0.4375 0.3605 3.6214 1.0000	</row3>
				</transform>
			</node>
			<node>
				<identifier>	MP_HM753_Hatch	</identifier>
				<transform>
					<row0>	1.0000 0.0000 0.0000 0.0000	</row0>
					<row1>	0.0000 1.0000 0.0000 0.0000	</row1>
					<row2>	0.0000 0.0000 1.0000 0.0000	</row2>
					<row3>	-0.0284 0.4068 5.2719 1.0000	</row3>
				</transform>
			</node>
			<node>
				<identifier>	MP_HM753_Hatch_INDEX_1	</identifier>
				<transform>
					<row0>	1.0000 0.0000 0.0000 0.0000	</row0>
					<row1>	0.0000 1.0000 0.0000 0.0000	</row1>
					<row2>	0.0000 0.0000 1.0000 0.0000	</row2>
					<row3>	-0.0712 0.4549 6.5217 1.0000	</row3>
				</transform>
			</node>
			<node>
				<identifier>	MP_HM905_Davit_Ammunition	</identifier>
				<transform>
					<row0>	0.0000 1.0000 0.0000 0.0000	</row0>
					<row1>	0.0000 0.0000 1.0000 0.0000	</row1>
					<row2>	1.0000 0.0000 0.0000 0.0000	</row2>
					<row3>	0.2100 0.3671 2.8047 1.0000	</row3>
				</transform>
			</node>
			<node>
				<identifier>	MP_HM905_Davit_Ammunition_INDEX_1	</identifier>
				<transform>
					<row0>	0.0000 -1.0000 0.0000 0.0000	</row0>
					<row1>	0.0000 0.0000 1.0000 0.0000	</row1>
					<row2>	-1.0000 0.0000 0.0000 0.0000	</row2>
					<row3>	-0.2100 0.3671 2.8047 1.0000	</row3>
				</transform>
			</node>
			<node>
				<identifier>	MP_HM957_Bollard	</identifier>
				<transform>
					<row0>	1.5015 -0.0297 0.2275 0.0000	</row0>
					<row1>	0.0392 1.5172 -0.0608 0.0000	</row1>
					<row2>	-0.2261 0.0660 1.5006 0.0000	</row2>
					<row3>	0.3300 0.3990 5.1720 1.0000	</row3>
				</transform>
			</node>
			<node>
				<identifier>	MP_HM957_Bollard_INDEX_1	</identifier>
				<transform>
					<row0>	1.5015 0.0297 -0.2275 0.0000	</row0>
					<row1>	-0.0392 1.5172 -0.0608 0.0000	</row1>
					<row2>	0.2261 0.0660 1.5006 0.0000	</row2>
					<row3>	-0.3300 0.3990 5.1720 1.0000	</row3>
				</transform>
			</node>
			<node>
				<identifier>	MP_HM963_Capstan_Red_L	</identifier>
				<transform>
					<row0>	1.0000 0.0000 0.0000 0.0000	</row0>
					<row1>	0.0000 1.0000 0.0000 0.0000	</row1>
					<row2>	0.0000 0.0000 1.0000 0.0000	</row2>
					<row3>	-0.1331 0.4081 4.9710 1.0000	</row3>
				</transform>
			</node>
			<node>
				<identifier>	MP_HM964_Capstan_Green_R	</identifier>
				<transform>
					<row0>	1.0000 0.0000 0.0000 0.0000	</row0>
					<row1>	0.0000 1.0000 0.0000 0.0000	</row1>
					<row2>	0.0000 0.0000 1.0000 0.0000	</row2>
					<row3>	0.1331 0.4081 4.9710 1.0000	</row3>
				</transform>
			</node>
			<node>
				<identifier>	SP_YMS001_YHBM_M_1	</identifier>
				<transform>
					<row0>	1.0238 0.0000 0.0000 0.0000	</row0>
					<row1>	0.0000 1.0238 0.0000 0.0000	</row1>
					<row2>	0.0000 0.0000 1.0238 0.0000	</row2>
					<row3>	0.0000 0.5160 7.1555 1.0000	</row3>
				</transform>
			</node>
			<node>
				<identifier>	SP_YMS002_YHBL_M_1	</identifier>
				<transform>
					<row0>	0.9983 0.0000 -0.0585 0.0000	</row0>
					<row1>	-0.0033 0.9984 -0.0564 0.0000	</row1>
					<row2>	0.0584 0.0565 0.9967 0.0000	</row2>
					<row3>	0.0000 0.4912 7.1555 1.0000	</row3>
				</transform>
			</node>
			<node>
				<identifier>	SP_YMS003_YHBR_M_1	</identifier>
				<transform>
					<row0>	0.9983 0.0000 0.0585 0.0000	</row0>
					<row1>	0.0033 0.9984 -0.0564 0.0000	</row1>
					<row2>	-0.0584 0.0565 0.9967 0.0000	</row2>
					<row3>	0.0000 0.4912 7.1555 1.0000	</row3>
				</transform>
			</node>
			<node>
				<identifier>	SP_YMS004_YHXL_L_1	</identifier>
				<transform>
					<row0>	0.8962 0.4048 -0.1658 0.0000	</row0>
					<row1>	-0.4106 0.9088 0.0000 0.0000	</row1>
					<row2>	0.1511 0.0683 0.9834 0.0000	</row2>
					<row3>	-0.2210 0.2836 6.1873 1.0000	</row3>
				</transform>
			</node>
			<node>
				<identifier>	SP_YMS005_YHXR_L_1	</identifier>
				<transform>
					<row0>	0.8962 -0.4048 0.1658 0.0000	</row0>
					<row1>	0.4106 0.9088 0.0000 0.0000	</row1>
					<row2>	-0.1511 0.0683 0.9834 0.0000	</row2>
					<row3>	0.2210 0.2836 6.1873 1.0000	</row3>
				</transform>
			</node>
			<node>
				<identifier>	SP_YMS010_YHWM_L_1	</identifier>
				<transform>
					<row0>	0.7838 0.0000 0.0000 0.0000	</row0>
					<row1>	0.0000 0.7838 0.0000 0.0000	</row1>
					<row2>	0.0000 0.0000 0.7838 0.0000	</row2>
					<row3>	0.0000 0.0000 7.0067 1.0000	</row3>
				</transform>
			</node>
			<node>
				<identifier>	SP_YMS011_YHWL_M_1	</identifier>
				<transform>
					<row0>	0.9754 0.2819 -0.1610 0.0000	</row0>
					<row1>	-0.2782 0.9886 0.0459 0.0000	</row1>
					<row2>	0.1674 0.0000 1.0143 0.0000	</row2>
					<row3>	-0.2487 0.0000 5.5597 1.0000	</row3>
				</transform>
			</node>
			<node>
				<identifier>	SP_YMS011_YHWL_M_1_INDEX_1	</identifier>
				<transform>
					<row0>	0.9679 0.3010 -0.1715 0.0000	</row0>
					<row1>	-0.2964 0.9830 0.0525 0.0000	</row1>
					<row2>	0.1793 0.0000 1.0122 0.0000	</row2>
					<row3>	-0.3965 0.0000 4.6979 1.0000	</row3>
				</transform>
			</node>
			<node>
				<identifier>	SP_YMS011_YHWL_M_1_INDEX_2	</identifier>
				<transform>
					<row0>	0.9631 0.3268 -0.1500 0.0000	</row0>
					<row1>	-0.3229 0.9747 0.0503 0.0000	</row1>
					<row2>	0.1582 0.0000 1.0158 0.0000	</row2>
					<row3>	-0.5424 0.0000 3.8358 1.0000	</row3>
				</transform>
			</node>
			<node>
				<identifier>	SP_YMS011_YHWL_M_1_INDEX_3	</identifier>
				<transform>
					<row0>	0.9880 0.2537 -0.1277 0.0000	</row0>
					<row1>	-0.2516 0.9962 0.0325 0.0000	</row1>
					<row2>	0.1318 0.0000 1.0195 0.0000	</row2>
					<row3>	-0.6690 -0.0004 2.9705 1.0000	</row3>
				</transform>
			</node>
			<node>
				<identifier>	SP_YMS012_YHWR_M_1	</identifier>
				<transform>
					<row0>	0.9754 -0.2819 0.1610 0.0000	</row0>
					<row1>	0.2782 0.9886 0.0459 0.0000	</row1>
					<row2>	-0.1674 0.0000 1.0143 0.0000	</row2>
					<row3>	0.2487 0.0000 5.5597 1.0000	</row3>
				</transform>
			</node>
			<node>
				<identifier>	SP_YMS012_YHWR_M_1_INDEX_3	</identifier>
				<transform>
					<row0>	0.9631 -0.3268 0.1500 0.0000	</row0>
					<row1>	0.3229 0.9747 0.0503 0.0000	</row1>
					<row2>	-0.1582 0.0000 1.0158 0.0000	</row2>
					<row3>	0.5424 0.0000 3.8358 1.0000	</row3>
				</transform>
			</node>
			<node>
				<identifier>	SP_YMS012_YHWR_M_1_INDEX_5	</identifier>
				<transform>
					<row0>	0.9880 -0.2537 0.1277 0.0000	</row0>
					<row1>	0.2516 0.9962 0.0325 0.0000	</row1>
					<row2>	-0.1318 0.0000 1.0195 0.0000	</row2>
					<row3>	0.6690 -0.0004 2.9705 1.0000	</row3>
				</transform>
			</node>
			<node>
				<identifier>	SP_YMS012_YHWR_M_1_INDEX_6	</identifier>
				<transform>
					<row0>	0.9679 -0.3010 0.1715 0.0000	</row0>
					<row1>	0.2964 0.9830 0.0525 0.0000	</row1>
					<row2>	-0.1793 0.0000 1.0122 0.0000	</row2>
					<row3>	0.3965 0.0000 4.6979 1.0000	</row3>
				</transform>
			</node>
			<node>
				<identifier>	SP_YMS020_YHBU_M_1	</identifier>
				<transform>
					<row0>	1.2000 0.0000 0.0000 0.0000	</row0>
					<row1>	0.0000 1.2000 0.0000 0.0000	</row1>
					<row2>	0.0000 0.0000 1.2000 0.0000	</row2>
					<row3>	0.0000 -0.0919 6.8755 1.0000	</row3>
				</transform>
			</node>
			<node>
				<identifier>	SP_YMS022_YHUS_L_1	</identifier>
				<transform>
					<row0>	-0.1735 -0.0136 -1.1731 0.0000	</row0>
					<row1>	-0.4532 1.0946 0.0544 0.0000	</row1>
					<row2>	1.0822 0.4563 -0.1653 0.0000	</row2>
					<row3>	-0.4580 -0.4046 3.1463 1.0000	</row3>
				</transform>
			</node>
			<node>
				<identifier>	SP_YMS022_YHUS_L_1_INDEX_1	</identifier>
				<transform>
					<row0>	-0.1735 0.0136 1.1731 0.0000	</row0>
					<row1>	0.4532 1.0946 0.0544 0.0000	</row1>
					<row2>	-1.0822 0.4563 -0.1653 0.0000	</row2>
					<row3>	0.4580 -0.4046 3.1463 1.0000	</row3>
				</transform>
			</node>
			<node>
				<identifier>	SP_YMS051_YHDL_L_1	</identifier>
				<transform>
					<row0>	0.8121 0.0005 -0.1117 0.0000	</row0>
					<row1>	-0.0023 0.8196 -0.0131 0.0000	</row1>
					<row2>	0.1116 0.0133 0.8120 0.0000	</row2>
					<row3>	-0.6116 0.3630 4.2219 1.0000	</row3>
				</transform>
			</node>
			<node>
				<identifier>	SP_YMS052_YHDR_L_1	</identifier>
				<transform>
					<row0>	0.8121 -0.0005 0.1117 0.0000	</row0>
					<row1>	0.0023 0.8196 -0.0131 0.0000	</row1>
					<row2>	-0.1116 0.0133 0.8120 0.0000	</row2>
					<row3>	0.6116 0.3630 4.2219 1.0000	</row3>
				</transform>
			</node>
			<node>
				<identifier>	SP_YMS053_YHDC_S_1	</identifier>
				<transform>
					<row0>	1.0000 0.0000 0.0000 0.0000	</row0>
					<row1>	0.0000 1.0000 0.0000 0.0000	</row1>
					<row2>	0.0000 0.0000 1.0000 0.0000	</row2>
					<row3>	-0.2649 0.4235 5.3883 1.0000	</row3>
				</transform>
			</node>
			<node>
				<identifier>	SP_YMS053_YHDC_S_1_INDEX_1	</identifier>
				<transform>
					<row0>	1.0000 0.0000 0.0000 0.0000	</row0>
					<row1>	0.0000 1.0000 0.0000 0.0000	</row1>
					<row2>	0.0000 0.0000 1.0000 0.0000	</row2>
					<row3>	0.2649 0.4235 5.3883 1.0000	</row3>
				</transform>
			</node>
			<node>
				<identifier>	SP_YMS053_YHDC_S_1_INDEX_2	</identifier>
				<transform>
					<row0>	1.0000 0.0000 0.0000 0.0000	</row0>
					<row1>	0.0000 1.0000 0.0000 0.0000	</row1>
					<row2>	0.0000 0.0000 1.0000 0.0000	</row2>
					<row3>	-0.4999 0.3700 3.4426 1.0000	</row3>
				</transform>
			</node>
			<node>
				<identifier>	SP_YMS053_YHDC_S_1_INDEX_3	</identifier>
				<transform>
					<row0>	1.0000 0.0000 0.0000 0.0000	</row0>
					<row1>	0.0000 1.0000 0.0000 0.0000	</row1>
					<row2>	0.0000 0.0000 1.0000 0.0000	</row2>
					<row3>	0.4999 0.3700 3.4426 1.0000	</row3>
				</transform>
			</node>
			<node>
				<identifier>	SP_YMS070_YHHC_L_1	</identifier>
				<transform>
					<row0>	0.5966 0.0000 0.0000 0.0000	</row0>
					<row1>	0.0000 0.5964 -0.0171 0.0000	</row1>
					<row2>	0.0000 0.0171 0.5964 0.0000	</row2>
					<row3>	0.0000 0.4482 4.4836 1.0000	</row3>
				</transform>
			</node>
			<node>
				<identifier>	SP_YMS072_YHHC_M_1	</identifier>
				<transform>
					<row0>	-0.1889 0.0000 -0.9820 0.0000	</row0>
					<row1>	-0.3894 0.9180 0.0749 0.0000	</row1>
					<row2>	0.9015 0.3965 -0.1734 0.0000	</row2>
					<row3>	-0.3177 0.1934 5.4424 1.0000	</row3>
				</transform>
			</node>
			<node>
				<identifier>	SP_YMS072_YHHC_M_1_INDEX_1	</identifier>
				<transform>
					<row0>	-0.1916 0.0012 0.9815 0.0000	</row0>
					<row1>	0.3894 0.9180 0.0749 0.0000	</row1>
					<row2>	-0.9009 0.3965 -0.1764 0.0000	</row2>
					<row3>	0.3176 0.1935 5.4424 1.0000	</row3>
				</transform>
			</node>
			<node>
				<identifier>	SP_YMS072_YHHC_M_1_INDEX_2	</identifier>
				<transform>
					<row0>	-0.0548 0.0000 -0.6190 0.0000	</row0>
					<row1>	-0.1641 0.5991 0.0145 0.0000	</row1>
					<row2>	0.5968 0.1647 -0.0529 0.0000	</row2>
					<row3>	-0.6975 0.2716 2.9379 1.0000	</row3>
				</transform>
			</node>
			<node>
				<identifier>	SP_YMS072_YHHC_M_1_INDEX_3	</identifier>
				<transform>
					<row0>	-0.0548 0.0000 0.6190 0.0000	</row0>
					<row1>	0.1641 0.5991 0.0145 0.0000	</row1>
					<row2>	-0.5968 0.1647 -0.0529 0.0000	</row2>
					<row3>	0.6975 0.2716 2.9379 1.0000	</row3>
				</transform>
			</node>
			<node>
				<identifier>	SP_YMS073_YHHC_M_2	</identifier>
				<transform>
					<row0>	-0.0548 0.0000 -0.6190 0.0000	</row0>
					<row1>	-0.1641 0.5991 0.0145 0.0000	</row1>
					<row2>	0.5968 0.1647 -0.0529 0.0000	</row2>
					<row3>	-0.7137 0.2716 2.7774 1.0000	</row3>
				</transform>
			</node>
			<node>
				<identifier>	SP_YMS073_YHHC_M_2_INDEX_1	</identifier>
				<transform>
					<row0>	-0.0548 0.0000 0.6190 0.0000	</row0>
					<row1>	0.1641 0.5991 0.0145 0.0000	</row1>
					<row2>	-0.5968 0.1647 -0.0529 0.0000	</row2>
					<row3>	0.7137 0.2716 2.7774 1.0000	</row3>
				</transform>
			</node>
			<node>
				<identifier>	SP_YMS080_YHSL_M_1	</identifier>
				<transform>
					<row0>	0.7807 0.3342 -0.1354 0.0000	</row0>
					<row1>	-0.3297 0.7924 0.0545 0.0000	</row1>
					<row2>	0.1460 0.0025 0.8475 0.0000	</row2>
					<row3>	-0.4446 0.2558 5.0006 1.0000	</row3>
				</transform>
			</node>
			<node>
				<identifier>	SP_YMS080_YHSL_M_1_INDEX_1	</identifier>
				<transform>
					<row0>	0.8253 0.2268 -0.0836 0.0000	</row0>
					<row1>	-0.2181 0.8269 0.0905 0.0000	</row1>
					<row2>	0.1042 -0.0657 0.8511 0.0000	</row2>
					<row3>	-0.6526 0.2302 3.5148 1.0000	</row3>
				</transform>
			</node>
			<node>
				<identifier>	SP_YMS081_YHSR_M_1	</identifier>
				<transform>
					<row0>	0.7807 -0.3342 0.1354 0.0000	</row0>
					<row1>	0.3297 0.7924 0.0545 0.0000	</row1>
					<row2>	-0.1460 0.0025 0.8475 0.0000	</row2>
					<row3>	0.4446 0.2558 5.0006 1.0000	</row3>
				</transform>
			</node>
			<node>
				<identifier>	SP_YMS081_YHSR_M_1_INDEX_1	</identifier>
				<transform>
					<row0>	0.8253 -0.2268 0.0836 0.0000	</row0>
					<row1>	0.2181 0.8269 0.0905 0.0000	</row1>
					<row2>	-0.1042 -0.0657 0.8511 0.0000	</row2>
					<row3>	0.6526 0.2302 3.5148 1.0000	</row3>
				</transform>
			</node>
		</node>
	</node>
	<boundingBox>
		<min>	-0.0667 -0.0667 -0.0667	</min>
		<max>	0.0667 0.0667 0.0667	</max>
	</boundingBox>
</HSC009_Johan_de_Witt_1945_Bow_ports.visual>
