<BSD013_Daring_1952_MidFront_ports.visual>
	<node>
		<identifier>	Scene Root	</identifier>
		<transform>
			<row0>	1.0000 0.0000 0.0000 0.0000	</row0>
			<row1>	0.0000 1.0000 0.0000 0.0000	</row1>
			<row2>	0.0000 0.0000 1.0000 0.0000	</row2>
			<row3>	0.0000 0.0000 0.0000 1.0000	</row3>
		</transform>
		<node>
			<identifier>	MidFront_ports	</identifier>
			<transform>
				<row0>	1.0000 0.0000 0.0000 0.0000	</row0>
				<row1>	0.0000 1.0000 0.0000 0.0000	</row1>
				<row2>	0.0000 0.0000 1.0000 0.0000	</row2>
				<row3>	0.0000 0.0000 0.0000 1.0000	</row3>
			</transform>
			<node>
				<identifier>	HP_BD_1	</identifier>
				<transform>
					<row0>	1.0000 0.0000 0.0000 0.0000	</row0>
					<row1>	0.0000 1.0000 0.0000 0.0000	</row1>
					<row2>	0.0000 0.0000 1.0000 0.0000	</row2>
					<row3>	0.0000 0.8191 1.2375 1.0000	</row3>
				</transform>
			</node>
			<node>
				<identifier>	HP_BD_2	</identifier>
				<transform>
					<row0>	0.9999 -0.0013 -0.0145 0.0000	</row0>
					<row1>	0.0012 1.0000 -0.0041 0.0000	</row1>
					<row2>	0.0145 0.0041 0.9999 0.0000	</row2>
					<row3>	0.0000 0.8911 0.8238 1.0000	</row3>
				</transform>
			</node>
			<node>
				<identifier>	HP_BGA_1	</identifier>
				<transform>
					<row0>	0.0000 0.0000 1.0000 0.0000	</row0>
					<row1>	0.0000 1.0000 0.0000 0.0000	</row1>
					<row2>	-1.0000 0.0000 0.0000 0.0000	</row2>
					<row3>	-0.2529 0.5278 0.6251 1.0000	</row3>
				</transform>
			</node>
			<node>
				<identifier>	HP_BGA_2	</identifier>
				<transform>
					<row0>	0.0000 0.0000 -1.0000 0.0000	</row0>
					<row1>	0.0000 1.0000 0.0000 0.0000	</row1>
					<row2>	1.0000 0.0000 0.0000 0.0000	</row2>
					<row3>	0.2529 0.5278 0.6251 1.0000	</row3>
				</transform>
			</node>
			<node>
				<identifier>	HP_BGM_1	</identifier>
				<transform>
					<row0>	1.0000 0.0000 0.0000 0.0000	</row0>
					<row1>	0.0000 1.0000 0.0000 0.0000	</row1>
					<row2>	0.0000 0.0000 1.0000 0.0000	</row2>
					<row3>	0.0000 0.3726 2.6016 1.0000	</row3>
				</transform>
			</node>
			<node>
				<identifier>	HP_BGM_2	</identifier>
				<transform>
					<row0>	1.0000 0.0000 0.0000 0.0000	</row0>
					<row1>	0.0000 1.0000 0.0000 0.0000	</row1>
					<row2>	0.0000 0.0000 1.0000 0.0000	</row2>
					<row3>	0.0000 0.5278 1.9155 1.0000	</row3>
				</transform>
			</node>
			<node>
				<identifier>	HP_BGT_1	</identifier>
				<transform>
					<row0>	-1.0000 0.0000 0.0000 0.0000	</row0>
					<row1>	0.0000 1.0000 0.0000 0.0000	</row1>
					<row2>	0.0000 0.0000 -1.0000 0.0000	</row2>
					<row3>	0.0000 0.1995 -0.2103 1.0000	</row3>
				</transform>
			</node>
			<node>
				<identifier>	HP_BRS_1	</identifier>
				<transform>
					<row0>	1.0000 0.0000 0.0000 0.0000	</row0>
					<row1>	0.0000 1.0000 0.0000 0.0000	</row1>
					<row2>	0.0000 0.0000 1.0000 0.0000	</row2>
					<row3>	0.0000 1.1685 0.3896 1.0000	</row3>
				</transform>
			</node>
			<node>
				<identifier>	HP_BRS_2	</identifier>
				<transform>
					<row0>	1.0000 0.0000 0.0000 0.0000	</row0>
					<row1>	0.0000 1.0000 0.0000 0.0000	</row1>
					<row2>	0.0000 0.0000 1.0000 0.0000	</row2>
					<row3>	0.0000 1.3684 0.3812 1.0000	</row3>
				</transform>
			</node>
			<node>
				<identifier>	HP_FX_Death_2	</identifier>
				<transform>
					<row0>	1.0000 0.0000 0.0000 0.0000	</row0>
					<row1>	0.0000 1.0000 0.0000 0.0000	</row1>
					<row2>	0.0000 0.0000 1.0000 0.0000	</row2>
					<row3>	0.0000 0.0000 -0.5559 1.0000	</row3>
				</transform>
			</node>
			<node>
				<identifier>	HP_FX_Fire_2	</identifier>
				<transform>
					<row0>	1.0000 0.0000 0.0000 0.0000	</row0>
					<row1>	0.0000 1.0000 0.0000 0.0000	</row1>
					<row2>	0.0000 0.0000 1.0000 0.0000	</row2>
					<row3>	0.0000 0.8406 1.2132 1.0000	</row3>
				</transform>
			</node>
			<node>
				<identifier>	HP_FX_Fire_2_side_1	</identifier>
				<transform>
					<row0>	1.0000 0.0000 0.0000 0.0000	</row0>
					<row1>	0.0000 1.0000 0.0000 0.0000	</row1>
					<row2>	0.0000 0.0000 1.0000 0.0000	</row2>
					<row3>	-0.3587 0.5446 1.2485 1.0000	</row3>
				</transform>
			</node>
			<node>
				<identifier>	HP_FX_Fire_2_side_2	</identifier>
				<transform>
					<row0>	1.0000 0.0000 0.0000 0.0000	</row0>
					<row1>	0.0000 1.0000 0.0000 0.0000	</row1>
					<row2>	0.0000 0.0000 1.0000 0.0000	</row2>
					<row3>	0.2458 0.4610 0.3067 1.0000	</row3>
				</transform>
			</node>
			<node>
				<identifier>	HP_FX_FloodLight_left_2	</identifier>
				<transform>
					<row0>	-1.0000 0.0000 0.0000 0.0000	</row0>
					<row1>	0.0000 1.0000 0.0000 0.0000	</row1>
					<row2>	0.0000 0.0000 -1.0000 0.0000	</row2>
					<row3>	-0.2069 0.5967 1.0895 1.0000	</row3>
				</transform>
			</node>
			<node>
				<identifier>	HP_FX_FloodLight_right_2	</identifier>
				<transform>
					<row0>	1.0000 0.0000 0.0000 0.0000	</row0>
					<row1>	0.0000 1.0000 0.0000 0.0000	</row1>
					<row2>	0.0000 0.0000 1.0000 0.0000	</row2>
					<row3>	0.2069 0.5667 1.0705 1.0000	</row3>
				</transform>
			</node>
			<node>
				<identifier>	HP_FX_Flood_steam_exhaust_2	</identifier>
				<transform>
					<row0>	0.9628 -0.2701 0.0000 0.0000	</row0>
					<row1>	0.2701 0.9628 0.0000 0.0000	</row1>
					<row2>	0.0000 0.0000 1.0000 0.0000	</row2>
					<row3>	0.0609 0.8114 0.2616 1.0000	</row3>
				</transform>
			</node>
			<node>
				<identifier>	HP_FX_Flood_steam_left	</identifier>
				<transform>
					<row0>	-1.0000 0.0000 0.0000 0.0000	</row0>
					<row1>	0.0000 1.0000 0.0000 0.0000	</row1>
					<row2>	0.0000 0.0000 -1.0000 0.0000	</row2>
					<row3>	-0.4100 0.3064 1.8695 1.0000	</row3>
				</transform>
			</node>
			<node>
				<identifier>	HP_FX_Flood_water_left_2	</identifier>
				<transform>
					<row0>	-1.0000 0.0000 0.0000 0.0000	</row0>
					<row1>	0.0000 1.0000 0.0000 0.0000	</row1>
					<row2>	0.0000 0.0000 -1.0000 0.0000	</row2>
					<row3>	-0.4267 0.0574 0.6883 1.0000	</row3>
				</transform>
			</node>
			<node>
				<identifier>	HP_FX_Flood_water_right_2	</identifier>
				<transform>
					<row0>	1.0000 0.0000 0.0000 0.0000	</row0>
					<row1>	0.0000 1.0000 0.0000 0.0000	</row1>
					<row2>	0.0000 0.0000 1.0000 0.0000	</row2>
					<row3>	0.4269 0.0576 0.6799 1.0000	</row3>
				</transform>
			</node>
			<node>
				<identifier>	HP_FX_RepairLight_left_2	</identifier>
				<transform>
					<row0>	0.0446 0.0000 0.9990 0.0000	</row0>
					<row1>	0.0006 1.0000 0.0000 0.0000	</row1>
					<row2>	-0.9990 0.0006 0.0446 0.0000	</row2>
					<row3>	-0.4078 0.3546 2.0513 1.0000	</row3>
				</transform>
			</node>
			<node>
				<identifier>	HP_FX_RepairLight_right_2	</identifier>
				<transform>
					<row0>	0.0118 0.0000 -0.9999 0.0000	</row0>
					<row1>	0.0000 1.0000 0.0000 0.0000	</row1>
					<row2>	0.9999 0.0000 0.0118 0.0000	</row2>
					<row3>	0.4294 0.3531 1.1829 1.0000	</row3>
				</transform>
			</node>
			<node>
				<identifier>	HP_FX_Smoke_1	</identifier>
				<transform>
					<row0>	1.0000 0.0000 0.0000 0.0000	</row0>
					<row1>	0.0000 0.8601 -0.5100 0.0000	</row1>
					<row2>	0.0000 0.5100 0.8601 0.0000	</row2>
					<row3>	0.0000 0.8991 0.2447 1.0000	</row3>
				</transform>
			</node>
			<node>
				<identifier>	HP_flag_1	</identifier>
				<transform>
					<row0>	0.9853 -0.1683 0.0276 0.0000	</row0>
					<row1>	0.1683 0.9334 -0.3168 0.0000	</row1>
					<row2>	0.0276 0.3168 0.9481 0.0000	</row2>
					<row3>	0.1887 1.3121 0.2901 1.0000	</row3>
				</transform>
			</node>
			<node>
				<identifier>	HP_flag_2	</identifier>
				<transform>
					<row0>	0.9853 0.1683 -0.0276 0.0000	</row0>
					<row1>	-0.1683 0.9334 -0.3168 0.0000	</row1>
					<row2>	-0.0276 0.3168 0.9481 0.0000	</row2>
					<row3>	-0.1887 1.3121 0.2901 1.0000	</row3>
				</transform>
			</node>
			<node>
				<identifier>	HP_flag_3	</identifier>
				<transform>
					<row0>	0.9843 -0.1741 0.0284 0.0000	</row0>
					<row1>	0.1741 0.9327 -0.3158 0.0000	</row1>
					<row2>	0.0284 0.3158 0.9484 0.0000	</row2>
					<row3>	0.1492 1.3113 0.2908 1.0000	</row3>
				</transform>
			</node>
			<node>
				<identifier>	HP_flag_4	</identifier>
				<transform>
					<row0>	0.9843 0.1741 -0.0284 0.0000	</row0>
					<row1>	-0.1741 0.9327 -0.3158 0.0000	</row1>
					<row2>	-0.0284 0.3158 0.9484 0.0000	</row2>
					<row3>	-0.1492 1.3113 0.2908 1.0000	</row3>
				</transform>
			</node>
			<node>
				<identifier>	HP_flag_rank	</identifier>
				<transform>
					<row0>	0.9999 -0.0168 0.0003 0.0000	</row0>
					<row1>	0.0168 0.9991 -0.0385 0.0000	</row1>
					<row2>	0.0003 0.0385 0.9993 0.0000	</row2>
					<row3>	-0.0018 1.2429 0.0857 1.0000	</row3>
				</transform>
			</node>
			<node>
				<identifier>	MP_BM019_Reels_1	</identifier>
				<transform>
					<row0>	0.4857 0.0000 -0.5174 0.0000	</row0>
					<row1>	0.7291 0.0000 0.6844 0.0000	</row1>
					<row2>	0.0000 -1.0000 0.0000 0.0000	</row2>
					<row3>	0.1429 0.4609 2.0505 1.0000	</row3>
				</transform>
			</node>
			<node>
				<identifier>	MP_BM019_Reels_1_INDEX_1	</identifier>
				<transform>
					<row0>	0.9205 0.0000 0.3907 0.0000	</row0>
					<row1>	-0.3907 0.0000 0.9205 0.0000	</row1>
					<row2>	0.0000 -1.0000 0.0000 0.0000	</row2>
					<row3>	-0.0807 0.4609 2.0924 1.0000	</row3>
				</transform>
			</node>
			<node>
				<identifier>	MP_BM019_Reels_1_INDEX_2	</identifier>
				<transform>
					<row0>	0.9455 0.0000 0.3256 0.0000	</row0>
					<row1>	-0.3256 0.0000 0.9455 0.0000	</row1>
					<row2>	0.0000 -1.0000 0.0000 0.0000	</row2>
					<row3>	-0.2183 0.4609 2.0070 1.0000	</row3>
				</transform>
			</node>
			<node>
				<identifier>	MP_BM019_Reels_1_INDEX_3	</identifier>
				<transform>
					<row0>	0.9205 0.0000 -0.3907 0.0000	</row0>
					<row1>	0.3907 0.0000 0.9205 0.0000	</row1>
					<row2>	0.0000 -1.0000 0.0000 0.0000	</row2>
					<row3>	0.0813 0.4609 2.0939 1.0000	</row3>
				</transform>
			</node>
			<node>
				<identifier>	MP_BM019_Reels_1_INDEX_4	</identifier>
				<transform>
					<row0>	0.9455 0.0000 -0.3256 0.0000	</row0>
					<row1>	0.3256 0.0000 0.9455 0.0000	</row1>
					<row2>	0.0000 -1.0000 0.0000 0.0000	</row2>
					<row3>	0.2185 0.4609 2.0076 1.0000	</row3>
				</transform>
			</node>
			<node>
				<identifier>	MP_BM019_Reels_1_INDEX_5	</identifier>
				<transform>
					<row0>	0.4857 0.0000 0.5174 0.0000	</row0>
					<row1>	-0.7291 0.0000 0.6844 0.0000	</row1>
					<row2>	0.0000 -1.0000 0.0000 0.0000	</row2>
					<row3>	-0.1429 0.4609 2.0505 1.0000	</row3>
				</transform>
			</node>
			<node>
				<identifier>	MP_BM026_Reels	</identifier>
				<transform>
					<row0>	-0.2588 0.0000 0.9659 0.0000	</row0>
					<row1>	0.0000 1.0000 0.0000 0.0000	</row1>
					<row2>	-0.9659 0.0000 -0.2588 0.0000	</row2>
					<row3>	-0.1415 0.3704 2.1853 1.0000	</row3>
				</transform>
			</node>
			<node>
				<identifier>	MP_BM038_Helmets	</identifier>
				<transform>
					<row0>	-0.3521 0.0000 0.9360 0.0000	</row0>
					<row1>	0.0000 1.0000 0.0000 0.0000	</row1>
					<row2>	-0.9360 0.0000 -0.3521 0.0000	</row2>
					<row3>	-0.0644 0.5482 0.7110 1.0000	</row3>
				</transform>
			</node>
			<node>
				<identifier>	MP_BM038_Helmets_INDEX_1	</identifier>
				<transform>
					<row0>	-0.3521 0.0000 -0.9360 0.0000	</row0>
					<row1>	0.0000 1.0000 0.0000 0.0000	</row1>
					<row2>	0.9360 0.0000 -0.3521 0.0000	</row2>
					<row3>	0.0644 0.5482 0.7110 1.0000	</row3>
				</transform>
			</node>
			<node>
				<identifier>	MP_BM509_Liferaft_type_20_10ft	</identifier>
				<transform>
					<row0>	0.9744 0.2250 0.0000 0.0000	</row0>
					<row1>	-0.2250 0.9744 0.0000 0.0000	</row1>
					<row2>	0.0000 0.0000 1.0000 0.0000	</row2>
					<row3>	-0.3587 0.5165 1.2499 1.0000	</row3>
				</transform>
			</node>
			<node>
				<identifier>	MP_BM509_Liferaft_type_20_10ft_INDEX_1	</identifier>
				<transform>
					<row0>	0.9744 -0.2250 0.0000 0.0000	</row0>
					<row1>	0.2250 0.9744 0.0000 0.0000	</row1>
					<row2>	0.0000 0.0000 1.0000 0.0000	</row2>
					<row3>	0.3586 0.5166 1.2499 1.0000	</row3>
				</transform>
			</node>
			<node>
				<identifier>	MP_BM602_Pelorus	</identifier>
				<transform>
					<row0>	1.0000 0.0000 0.0000 0.0000	</row0>
					<row1>	0.0000 1.0000 0.0000 0.0000	</row1>
					<row2>	0.0000 0.0000 1.0000 0.0000	</row2>
					<row3>	0.0000 0.7907 1.4035 1.0000	</row3>
				</transform>
			</node>
			<node>
				<identifier>	MP_BM604_Voice_Tube	</identifier>
				<transform>
					<row0>	-0.9999 0.0000 0.0145 0.0000	</row0>
					<row1>	0.0000 1.0000 0.0000 0.0000	</row1>
					<row2>	-0.0145 0.0000 -0.9999 0.0000	</row2>
					<row3>	-0.0046 0.6848 0.4657 1.0000	</row3>
				</transform>
			</node>
			<node>
				<identifier>	MP_BM604_Voice_Tube_INDEX_1	</identifier>
				<transform>
					<row0>	1.0000 0.0000 0.0000 0.0000	</row0>
					<row1>	0.0000 1.0000 0.0000 0.0000	</row1>
					<row2>	0.0000 0.0000 1.0000 0.0000	</row2>
					<row3>	-0.0227 0.8334 1.1746 1.0000	</row3>
				</transform>
			</node>
			<node>
				<identifier>	MP_BM604_Voice_Tube_INDEX_10	</identifier>
				<transform>
					<row0>	1.0000 0.0000 0.0000 0.0000	</row0>
					<row1>	0.0000 1.0000 0.0000 0.0000	</row1>
					<row2>	0.0000 0.0000 1.0000 0.0000	</row2>
					<row3>	0.1862 0.8334 1.0316 1.0000	</row3>
				</transform>
			</node>
			<node>
				<identifier>	MP_BM604_Voice_Tube_INDEX_11	</identifier>
				<transform>
					<row0>	1.0000 0.0000 0.0000 0.0000	</row0>
					<row1>	0.0000 1.0000 0.0000 0.0000	</row1>
					<row2>	0.0000 0.0000 1.0000 0.0000	</row2>
					<row3>	0.0424 0.7413 1.5332 1.0000	</row3>
				</transform>
			</node>
			<node>
				<identifier>	MP_BM604_Voice_Tube_INDEX_2	</identifier>
				<transform>
					<row0>	1.0000 0.0000 0.0000 0.0000	</row0>
					<row1>	0.0000 1.0000 0.0000 0.0000	</row1>
					<row2>	0.0000 0.0000 1.0000 0.0000	</row2>
					<row3>	0.0204 0.7876 1.4076 1.0000	</row3>
				</transform>
			</node>
			<node>
				<identifier>	MP_BM604_Voice_Tube_INDEX_3	</identifier>
				<transform>
					<row0>	0.0000 0.0000 -1.0000 0.0000	</row0>
					<row1>	0.0000 1.0000 0.0000 0.0000	</row1>
					<row2>	1.0000 0.0000 0.0000 0.0000	</row2>
					<row3>	0.1717 0.8334 1.0686 1.0000	</row3>
				</transform>
			</node>
			<node>
				<identifier>	MP_BM604_Voice_Tube_INDEX_4	</identifier>
				<transform>
					<row0>	1.0000 0.0000 0.0000 0.0000	</row0>
					<row1>	0.0000 1.0000 0.0000 0.0000	</row1>
					<row2>	0.0000 0.0000 1.0000 0.0000	</row2>
					<row3>	-0.1862 0.8334 1.0316 1.0000	</row3>
				</transform>
			</node>
			<node>
				<identifier>	MP_BM604_Voice_Tube_INDEX_5	</identifier>
				<transform>
					<row0>	0.0000 0.0000 1.0000 0.0000	</row0>
					<row1>	0.0000 1.0000 0.0000 0.0000	</row1>
					<row2>	-1.0000 0.0000 0.0000 0.0000	</row2>
					<row3>	-0.0540 0.8024 1.2239 1.0000	</row3>
				</transform>
			</node>
			<node>
				<identifier>	MP_BM604_Voice_Tube_INDEX_6	</identifier>
				<transform>
					<row0>	0.0000 0.0000 1.0000 0.0000	</row0>
					<row1>	0.0000 1.0000 0.0000 0.0000	</row1>
					<row2>	-1.0000 0.0000 0.0000 0.0000	</row2>
					<row3>	-0.1717 0.8334 1.0686 1.0000	</row3>
				</transform>
			</node>
			<node>
				<identifier>	MP_BM604_Voice_Tube_INDEX_7	</identifier>
				<transform>
					<row0>	0.7071 0.0000 -0.7071 0.0000	</row0>
					<row1>	0.0000 1.0000 0.0000 0.0000	</row1>
					<row2>	0.7071 0.0000 0.7071 0.0000	</row2>
					<row3>	0.1203 0.7413 1.4895 1.0000	</row3>
				</transform>
			</node>
			<node>
				<identifier>	MP_BM604_Voice_Tube_INDEX_8	</identifier>
				<transform>
					<row0>	1.0000 0.0000 0.0000 0.0000	</row0>
					<row1>	0.0000 1.0000 0.0000 0.0000	</row1>
					<row2>	0.0000 0.0000 1.0000 0.0000	</row2>
					<row3>	0.0352 0.8024 1.2720 1.0000	</row3>
				</transform>
			</node>
			<node>
				<identifier>	MP_BM604_Voice_Tube_INDEX_9	</identifier>
				<transform>
					<row0>	1.0000 0.0000 0.0000 0.0000	</row0>
					<row1>	0.0000 1.0000 0.0000 0.0000	</row1>
					<row2>	0.0000 0.0000 1.0000 0.0000	</row2>
					<row3>	-0.0201 0.7876 1.3972 1.0000	</row3>
				</transform>
			</node>
			<node>
				<identifier>	MP_BM606_Searchlight_sight	</identifier>
				<transform>
					<row0>	-1.0000 0.0000 0.0000 0.0000	</row0>
					<row1>	0.0000 1.0000 0.0000 0.0000	</row1>
					<row2>	0.0000 0.0000 -1.0000 0.0000	</row2>
					<row3>	0.0000 0.8023 1.3251 1.0000	</row3>
				</transform>
			</node>
			<node>
				<identifier>	MP_BM608_Compass_repeater	</identifier>
				<transform>
					<row0>	-0.2588 0.0000 0.9659 0.0000	</row0>
					<row1>	0.0000 1.0000 0.0000 0.0000	</row1>
					<row2>	-0.9659 0.0000 -0.2588 0.0000	</row2>
					<row3>	-0.1218 0.7372 0.8010 1.0000	</row3>
				</transform>
			</node>
			<node>
				<identifier>	MP_BM608_Compass_repeater_INDEX_1	</identifier>
				<transform>
					<row0>	-0.2588 0.0000 -0.9659 0.0000	</row0>
					<row1>	0.0000 1.0000 0.0000 0.0000	</row1>
					<row2>	0.9659 0.0000 -0.2588 0.0000	</row2>
					<row3>	0.1218 0.7372 0.8010 1.0000	</row3>
				</transform>
			</node>
			<node>
				<identifier>	MP_BM609_Speaker	</identifier>
				<transform>
					<row0>	-1.0000 0.0000 0.0000 0.0000	</row0>
					<row1>	0.0000 1.0000 0.0000 0.0000	</row1>
					<row2>	0.0000 0.0000 -1.0000 0.0000	</row2>
					<row3>	0.0000 0.3631 0.1119 1.0000	</row3>
				</transform>
			</node>
			<node>
				<identifier>	MP_BM611_Telephone	</identifier>
				<transform>
					<row0>	1.0000 0.0000 0.0000 0.0000	</row0>
					<row1>	0.0000 1.0000 0.0000 0.0000	</row1>
					<row2>	0.0000 0.0000 1.0000 0.0000	</row2>
					<row3>	-0.0446 0.8190 1.5420 1.0000	</row3>
				</transform>
			</node>
			<node>
				<identifier>	MP_BM611_Telephone_INDEX_1	</identifier>
				<transform>
					<row0>	1.0000 0.0000 0.0000 0.0000	</row0>
					<row1>	0.0000 1.0000 0.0000 0.0000	</row1>
					<row2>	0.0000 0.0000 1.0000 0.0000	</row2>
					<row3>	0.0845 0.8190 1.5420 1.0000	</row3>
				</transform>
			</node>
			<node>
				<identifier>	MP_BM611_Telephone_INDEX_2	</identifier>
				<transform>
					<row0>	-1.0000 0.0000 0.0000 0.0000	</row0>
					<row1>	0.0000 1.0000 0.0000 0.0000	</row1>
					<row2>	0.0000 0.0000 -1.0000 0.0000	</row2>
					<row3>	-0.0392 0.6055 1.5450 1.0000	</row3>
				</transform>
			</node>
			<node>
				<identifier>	MP_BM611_Telephone_INDEX_3	</identifier>
				<transform>
					<row0>	-0.9930 0.0000 -0.1184 0.0000	</row0>
					<row1>	0.0000 1.0000 0.0000 0.0000	</row1>
					<row2>	0.1184 0.0000 -0.9930 0.0000	</row2>
					<row3>	-0.0065 0.4590 2.1133 1.0000	</row3>
				</transform>
			</node>
			<node>
				<identifier>	MP_BM611_Telephone_INDEX_4	</identifier>
				<transform>
					<row0>	1.0000 0.0000 0.0000 0.0000	</row0>
					<row1>	0.0000 1.0000 0.0000 0.0000	</row1>
					<row2>	0.0000 0.0000 1.0000 0.0000	</row2>
					<row3>	-0.0822 0.2867 0.1122 1.0000	</row3>
				</transform>
			</node>
			<node>
				<identifier>	MP_BM612_Switch_Panel	</identifier>
				<transform>
					<row0>	0.5446 0.0000 -0.8387 0.0000	</row0>
					<row1>	-0.0731 0.9962 -0.0475 0.0000	</row1>
					<row2>	0.8355 0.0872 0.5426 0.0000	</row2>
					<row3>	0.1194 0.8105 1.5184 1.0000	</row3>
				</transform>
			</node>
			<node>
				<identifier>	MP_BM613_Switch_Panel	</identifier>
				<transform>
					<row0>	1.0000 0.0000 0.0000 0.0000	</row0>
					<row1>	0.0000 1.0000 0.0000 0.0000	</row1>
					<row2>	0.0000 0.0000 1.0000 0.0000	</row2>
					<row3>	0.0092 0.7937 1.5421 1.0000	</row3>
				</transform>
			</node>
			<node>
				<identifier>	MP_BM613_Switch_Panel_INDEX_1	</identifier>
				<transform>
					<row0>	0.0000 0.0000 1.0000 0.0000	</row0>
					<row1>	0.0872 0.9962 0.0000 0.0000	</row1>
					<row2>	-0.9962 0.0872 0.0000 0.0000	</row2>
					<row3>	-0.1789 0.8392 1.3579 1.0000	</row3>
				</transform>
			</node>
			<node>
				<identifier>	MP_BM614_Switch_box	</identifier>
				<transform>
					<row0>	0.0000 0.0000 1.0000 0.0000	</row0>
					<row1>	-0.0872 0.9962 0.0000 0.0000	</row1>
					<row2>	-0.9962 -0.0872 0.0000 0.0000	</row2>
					<row3>	0.1786 0.8381 1.4015 1.0000	</row3>
				</transform>
			</node>
			<node>
				<identifier>	MP_BM614_Switch_box_INDEX_1	</identifier>
				<transform>
					<row0>	0.0000 0.0000 -1.0000 0.0000	</row0>
					<row1>	0.0872 0.9962 0.0000 0.0000	</row1>
					<row2>	0.9962 -0.0872 0.0000 0.0000	</row2>
					<row3>	-0.1780 0.8399 1.2778 1.0000	</row3>
				</transform>
			</node>
			<node>
				<identifier>	MP_BM615_Director_Station	</identifier>
				<transform>
					<row0>	1.0000 0.0000 0.0000 0.0000	</row0>
					<row1>	0.0000 1.0000 0.0000 0.0000	</row1>
					<row2>	0.0000 0.0000 1.0000 0.0000	</row2>
					<row3>	0.0720 0.7813 1.5422 1.0000	</row3>
				</transform>
			</node>
			<node>
				<identifier>	MP_BM618_Rev_Ind	</identifier>
				<transform>
					<row0>	0.5000 0.0000 0.8660 0.0000	</row0>
					<row1>	0.0000 1.0000 0.0000 0.0000	</row1>
					<row2>	-0.8660 0.0000 0.5000 0.0000	</row2>
					<row3>	-0.1381 0.7413 1.4685 1.0000	</row3>
				</transform>
			</node>
			<node>
				<identifier>	MP_BM677_Insulator	</identifier>
				<transform>
					<row0>	0.0000 0.0000 0.4250 0.0000	</row0>
					<row1>	0.0000 0.4250 0.0000 0.0000	</row1>
					<row2>	-0.4250 0.0000 0.0000 0.0000	</row2>
					<row3>	0.0753 0.7434 0.5519 1.0000	</row3>
				</transform>
			</node>
			<node>
				<identifier>	MP_BM677_Insulator_INDEX_1	</identifier>
				<transform>
					<row0>	0.0000 0.0000 -0.4250 0.0000	</row0>
					<row1>	0.0000 0.4250 0.0000 0.0000	</row1>
					<row2>	0.4250 0.0000 0.0000 0.0000	</row2>
					<row3>	-0.0753 0.7434 0.5519 1.0000	</row3>
				</transform>
			</node>
			<node>
				<identifier>	MP_BM716_Locker	</identifier>
				<transform>
					<row0>	-0.5632 0.0000 0.8263 0.0000	</row0>
					<row1>	0.0000 1.0000 0.0000 0.0000	</row1>
					<row2>	-0.8263 0.0000 -0.5632 0.0000	</row2>
					<row3>	0.3695 0.5278 0.4491 1.0000	</row3>
				</transform>
			</node>
			<node>
				<identifier>	MP_BM716_Locker_INDEX_1	</identifier>
				<transform>
					<row0>	1.0000 0.0000 0.0000 0.0000	</row0>
					<row1>	0.0000 1.0000 0.0000 0.0000	</row1>
					<row2>	0.0000 0.0000 1.0000 0.0000	</row2>
					<row3>	0.2218 0.5278 0.8719 1.0000	</row3>
				</transform>
			</node>
			<node>
				<identifier>	MP_BM716_Locker_INDEX_2	</identifier>
				<transform>
					<row0>	0.0644 0.0000 0.9979 0.0000	</row0>
					<row1>	0.0000 1.0000 0.0000 0.0000	</row1>
					<row2>	-0.9979 0.0000 0.0644 0.0000	</row2>
					<row3>	-0.2443 0.5278 0.4168 1.0000	</row3>
				</transform>
			</node>
			<node>
				<identifier>	MP_BM716_Locker_INDEX_3	</identifier>
				<transform>
					<row0>	0.5712 0.0000 0.8208 0.0000	</row0>
					<row1>	0.0000 1.0000 0.0000 0.0000	</row1>
					<row2>	-0.8208 0.0000 0.5712 0.0000	</row2>
					<row3>	-0.3695 0.5278 0.4491 1.0000	</row3>
				</transform>
			</node>
			<node>
				<identifier>	MP_BM716_Locker_INDEX_4	</identifier>
				<transform>
					<row0>	-1.0000 0.0000 0.0000 0.0000	</row0>
					<row1>	0.0000 1.0000 0.0000 0.0000	</row1>
					<row2>	0.0000 0.0000 -1.0000 0.0000	</row2>
					<row3>	-0.2218 0.5278 0.8719 1.0000	</row3>
				</transform>
			</node>
			<node>
				<identifier>	MP_BM716_Locker_INDEX_5	</identifier>
				<transform>
					<row0>	-0.0548 0.0000 0.9985 0.0000	</row0>
					<row1>	0.0000 1.0000 0.0000 0.0000	</row1>
					<row2>	-0.9985 0.0000 -0.0548 0.0000	</row2>
					<row3>	0.2443 0.5278 0.4168 1.0000	</row3>
				</transform>
			</node>
			<node>
				<identifier>	MP_BM764_Hatch	</identifier>
				<transform>
					<row0>	1.0000 0.0000 0.0000 0.0000	</row0>
					<row1>	0.0000 1.0000 0.0000 0.0000	</row1>
					<row2>	0.0000 0.0000 1.0000 0.0000	</row2>
					<row3>	0.0653 0.6817 0.9850 1.0000	</row3>
				</transform>
			</node>
			<node>
				<identifier>	MP_BM764_Hatch_INDEX_1	</identifier>
				<transform>
					<row0>	0.8972 0.0000 0.0000 0.0000	</row0>
					<row1>	0.0000 1.0000 0.0000 0.0000	</row1>
					<row2>	0.0000 0.0000 1.0512 0.0000	</row2>
					<row3>	0.0188 0.6757 0.6091 1.0000	</row3>
				</transform>
			</node>
			<node>
				<identifier>	MP_BM850_Signal_lamp_10in	</identifier>
				<transform>
					<row0>	0.0000 0.0000 0.9749 0.0000	</row0>
					<row1>	0.0000 0.9749 0.0000 0.0000	</row1>
					<row2>	-0.9749 0.0000 0.0000 0.0000	</row2>
					<row3>	0.2337 0.7722 0.8667 1.0000	</row3>
				</transform>
			</node>
			<node>
				<identifier>	MP_BM850_Signal_lamp_10in_INDEX_1	</identifier>
				<transform>
					<row0>	0.0000 0.0000 -0.9749 0.0000	</row0>
					<row1>	0.0000 0.9749 0.0000 0.0000	</row1>
					<row2>	0.9749 0.0000 0.0000 0.0000	</row2>
					<row3>	-0.2337 0.7722 0.8667 1.0000	</row3>
				</transform>
			</node>
			<node>
				<identifier>	MP_BM851_Searchlight_20in	</identifier>
				<transform>
					<row0>	0.0000 0.0000 1.0000 0.0000	</row0>
					<row1>	0.0000 1.0000 0.0000 0.0000	</row1>
					<row2>	-1.0000 0.0000 0.0000 0.0000	</row2>
					<row3>	-0.2126 0.6867 0.9767 1.0000	</row3>
				</transform>
			</node>
			<node>
				<identifier>	MP_BM851_Searchlight_20in_INDEX_1	</identifier>
				<transform>
					<row0>	0.0000 0.0000 -1.0000 0.0000	</row0>
					<row1>	0.0000 1.0000 0.0000 0.0000	</row1>
					<row2>	1.0000 0.0000 0.0000 0.0000	</row2>
					<row3>	0.2126 0.6867 0.9767 1.0000	</row3>
				</transform>
			</node>
			<node>
				<identifier>	MP_BM858_Signal_Lamp	</identifier>
				<transform>
					<row0>	0.7293 0.0000 0.0000 0.0000	</row0>
					<row1>	0.0000 0.7293 0.0000 0.0000	</row1>
					<row2>	0.0000 0.0000 0.7293 0.0000	</row2>
					<row3>	-0.0097 0.8426 4.0291 1.0000	</row3>
				</transform>
			</node>
			<node>
				<identifier>	MP_BM871_Running_Lights_F	</identifier>
				<transform>
					<row0>	1.0000 0.0000 0.0000 0.0000	</row0>
					<row1>	0.0000 1.0000 0.0000 0.0000	</row1>
					<row2>	0.0000 0.0000 1.0000 0.0000	</row2>
					<row3>	0.0000 1.2110 0.4814 1.0000	</row3>
				</transform>
			</node>
			<node>
				<identifier>	MP_BM871_Running_Lights_F_INDEX_1	</identifier>
				<transform>
					<row0>	1.0000 0.0000 0.0000 0.0000	</row0>
					<row1>	0.0000 1.0000 0.0000 0.0000	</row1>
					<row2>	0.0000 0.0000 1.0000 0.0000	</row2>
					<row3>	0.0000 1.1856 0.4813 1.0000	</row3>
				</transform>
			</node>
			<node>
				<identifier>	MP_CM011_Fire_Fighting_Gear	</identifier>
				<transform>
					<row0>	0.0000 0.0000 -1.0000 0.0000	</row0>
					<row1>	0.0000 1.0000 0.0000 0.0000	</row1>
					<row2>	1.0000 0.0000 0.0000 0.0000	</row2>
					<row3>	-0.1943 0.2015 0.3637 1.0000	</row3>
				</transform>
			</node>
			<node>
				<identifier>	MP_CM011_Fire_Fighting_Gear_INDEX_1	</identifier>
				<transform>
					<row0>	0.0000 0.0000 1.0000 0.0000	</row0>
					<row1>	0.0000 1.0000 0.0000 0.0000	</row1>
					<row2>	-1.0000 0.0000 0.0000 0.0000	</row2>
					<row3>	0.0602 0.5273 0.6545 1.0000	</row3>
				</transform>
			</node>
			<node>
				<identifier>	MP_CM011_Fire_Fighting_Gear_INDEX_2	</identifier>
				<transform>
					<row0>	0.0000 0.0000 1.0000 0.0000	</row0>
					<row1>	0.0000 1.0000 0.0000 0.0000	</row1>
					<row2>	-1.0000 0.0000 0.0000 0.0000	</row2>
					<row3>	0.1975 0.2014 0.3419 1.0000	</row3>
				</transform>
			</node>
			<node>
				<identifier>	MP_CM011_Fire_Fighting_Gear_INDEX_3	</identifier>
				<transform>
					<row0>	-1.0000 0.0000 0.0000 0.0000	</row0>
					<row1>	0.0000 1.0000 0.0000 0.0000	</row1>
					<row2>	0.0000 0.0000 -1.0000 0.0000	</row2>
					<row3>	0.0000 0.3739 2.1199 1.0000	</row3>
				</transform>
			</node>
			<node>
				<identifier>	MP_CM012_Fire_Hose_Rack_1	</identifier>
				<transform>
					<row0>	-1.0000 0.0000 0.0000 0.0000	</row0>
					<row1>	0.0000 1.0000 0.0000 0.0000	</row1>
					<row2>	0.0000 0.0000 -1.0000 0.0000	</row2>
					<row3>	0.1880 0.2694 0.3565 1.0000	</row3>
				</transform>
			</node>
			<node>
				<identifier>	MP_CM012_Fire_Hose_Rack_1_INDEX_1	</identifier>
				<transform>
					<row0>	1.0000 0.0000 0.0000 0.0000	</row0>
					<row1>	0.0000 1.0000 0.0000 0.0000	</row1>
					<row2>	0.0000 0.0000 1.0000 0.0000	</row2>
					<row3>	-0.1880 0.2755 0.3566 1.0000	</row3>
				</transform>
			</node>
			<node>
				<identifier>	MP_CM012_Fire_Hose_Rack_1_INDEX_2	</identifier>
				<transform>
					<row0>	0.0000 0.0000 1.0000 0.0000	</row0>
					<row1>	0.0000 1.0000 0.0000 0.0000	</row1>
					<row2>	-1.0000 0.0000 0.0000 0.0000	</row2>
					<row3>	-0.1304 0.6264 0.8321 1.0000	</row3>
				</transform>
			</node>
			<node>
				<identifier>	MP_CM012_Fire_Hose_Rack_1_INDEX_3	</identifier>
				<transform>
					<row0>	0.0000 0.0000 1.0000 0.0000	</row0>
					<row1>	0.0000 1.0000 0.0000 0.0000	</row1>
					<row2>	-1.0000 0.0000 0.0000 0.0000	</row2>
					<row3>	-0.0186 0.7561 0.9451 1.0000	</row3>
				</transform>
			</node>
			<node>
				<identifier>	MP_CM012_Fire_Hose_Rack_1_INDEX_4	</identifier>
				<transform>
					<row0>	-0.9868 0.0000 0.1619 0.0000	</row0>
					<row1>	0.0000 1.0000 0.0000 0.0000	</row1>
					<row2>	-0.1619 0.0000 -0.9868 0.0000	</row2>
					<row3>	0.0537 0.6312 0.6712 1.0000	</row3>
				</transform>
			</node>
			<node>
				<identifier>	MP_CM012_Fire_Hose_Rack_1_INDEX_5	</identifier>
				<transform>
					<row0>	-0.1204 0.0000 -0.9927 0.0000	</row0>
					<row1>	0.0000 1.0000 0.0000 0.0000	</row1>
					<row2>	0.9927 0.0000 -0.1204 0.0000	</row2>
					<row3>	0.0282 0.4650 2.1110 1.0000	</row3>
				</transform>
			</node>
			<node>
				<identifier>	MP_CM029_Emergency_Box	</identifier>
				<transform>
					<row0>	0.5831 0.0000 -0.8124 0.0000	</row0>
					<row1>	0.0000 1.0000 0.0000 0.0000	</row1>
					<row2>	0.8124 0.0000 0.5831 0.0000	</row2>
					<row3>	-0.0874 0.6125 0.7426 1.0000	</row3>
				</transform>
			</node>
			<node>
				<identifier>	MP_CM029_Emergency_Box_INDEX_1	</identifier>
				<transform>
					<row0>	0.0000 0.0000 1.0000 0.0000	</row0>
					<row1>	0.1231 0.9924 0.0000 0.0000	</row1>
					<row2>	-0.9924 0.1231 0.0000 0.0000	</row2>
					<row3>	-0.1730 0.8249 1.4039 1.0000	</row3>
				</transform>
			</node>
			<node>
				<identifier>	MP_CM029_Emergency_Box_INDEX_2	</identifier>
				<transform>
					<row0>	0.5831 0.0000 0.8124 0.0000	</row0>
					<row1>	0.0000 1.0000 0.0000 0.0000	</row1>
					<row2>	-0.8124 0.0000 0.5831 0.0000	</row2>
					<row3>	0.0874 0.6125 0.7426 1.0000	</row3>
				</transform>
			</node>
			<node>
				<identifier>	MP_CM029_Emergency_Box_INDEX_3	</identifier>
				<transform>
					<row0>	-0.9927 0.0000 -0.1203 0.0000	</row0>
					<row1>	0.0000 1.0000 0.0000 0.0000	</row1>
					<row2>	0.1203 0.0000 -0.9927 0.0000	</row2>
					<row3>	-0.0341 0.4395 2.1166 1.0000	</row3>
				</transform>
			</node>
			<node>
				<identifier>	MP_CM029_Emergency_Box_INDEX_4	</identifier>
				<transform>
					<row0>	1.0000 0.0000 0.0000 0.0000	</row0>
					<row1>	0.0000 1.0000 0.0000 0.0000	</row1>
					<row2>	0.0000 0.0000 1.0000 0.0000	</row2>
					<row3>	0.0176 0.7582 0.9391 1.0000	</row3>
				</transform>
			</node>
			<node>
				<identifier>	MP_CM056_Ships_bell	</identifier>
				<transform>
					<row0>	0.6887 0.0000 0.0000 0.0000	</row0>
					<row1>	0.0000 0.6887 0.0000 0.0000	</row1>
					<row2>	0.0000 0.0000 0.6887 0.0000	</row2>
					<row3>	0.0431 0.3342 0.0963 1.0000	</row3>
				</transform>
			</node>
			<node>
				<identifier>	MP_CM076_Fender	</identifier>
				<transform>
					<row0>	0.0000 0.0000 -0.7259 0.0000	</row0>
					<row1>	0.0000 0.7259 0.0000 0.0000	</row1>
					<row2>	0.7259 0.0000 0.0000 0.0000	</row2>
					<row3>	0.3311 0.3648 1.6908 1.0000	</row3>
				</transform>
			</node>
			<node>
				<identifier>	MP_CM076_Fender_INDEX_1	</identifier>
				<transform>
					<row0>	0.0000 0.0000 0.7259 0.0000	</row0>
					<row1>	0.0000 0.7259 0.0000 0.0000	</row1>
					<row2>	-0.7259 0.0000 0.0000 0.0000	</row2>
					<row3>	-0.3311 0.3648 1.6908 1.0000	</row3>
				</transform>
			</node>
			<node>
				<identifier>	MP_CM076_Fender_INDEX_2	</identifier>
				<transform>
					<row0>	0.0000 0.0000 0.7259 0.0000	</row0>
					<row1>	0.0000 0.7259 0.0000 0.0000	</row1>
					<row2>	-0.7259 0.0000 0.0000 0.0000	</row2>
					<row3>	-0.2099 0.2034 0.4182 1.0000	</row3>
				</transform>
			</node>
			<node>
				<identifier>	MP_CM076_Fender_INDEX_3	</identifier>
				<transform>
					<row0>	0.0000 0.0000 -0.7259 0.0000	</row0>
					<row1>	0.0000 0.7259 0.0000 0.0000	</row1>
					<row2>	0.7259 0.0000 0.0000 0.0000	</row2>
					<row3>	0.2099 0.2034 0.4182 1.0000	</row3>
				</transform>
			</node>
			<node>
				<identifier>	MP_CM082_Rope	</identifier>
				<transform>
					<row0>	0.0000 0.0000 -0.5616 0.0000	</row0>
					<row1>	0.0000 0.5616 0.0000 0.0000	</row1>
					<row2>	0.5616 0.0000 0.0000 0.0000	</row2>
					<row3>	-0.0130 0.4339 0.1164 1.0000	</row3>
				</transform>
			</node>
			<node>
				<identifier>	MP_CM082_Rope_INDEX_1	</identifier>
				<transform>
					<row0>	0.0000 0.0000 0.5616 0.0000	</row0>
					<row1>	0.0000 0.5616 0.0000 0.0000	</row1>
					<row2>	-0.5616 0.0000 0.0000 0.0000	</row2>
					<row3>	0.0952 0.7991 0.4649 1.0000	</row3>
				</transform>
			</node>
			<node>
				<identifier>	MP_CM082_Rope_INDEX_10	</identifier>
				<transform>
					<row0>	0.0000 0.0000 -0.5616 0.0000	</row0>
					<row1>	0.0000 0.5616 0.0000 0.0000	</row1>
					<row2>	0.5616 0.0000 0.0000 0.0000	</row2>
					<row3>	-0.0952 0.7991 0.4649 1.0000	</row3>
				</transform>
			</node>
			<node>
				<identifier>	MP_CM082_Rope_INDEX_2	</identifier>
				<transform>
					<row0>	0.0000 0.0000 -0.5616 0.0000	</row0>
					<row1>	0.0000 0.5616 0.0000 0.0000	</row1>
					<row2>	0.5616 0.0000 0.0000 0.0000	</row2>
					<row3>	0.0205 0.7991 0.4644 1.0000	</row3>
				</transform>
			</node>
			<node>
				<identifier>	MP_CM082_Rope_INDEX_3	</identifier>
				<transform>
					<row0>	0.0000 0.0000 0.5616 0.0000	</row0>
					<row1>	0.0000 0.5616 0.0000 0.0000	</row1>
					<row2>	-0.5616 0.0000 0.0000 0.0000	</row2>
					<row3>	-0.0395 0.7991 0.4644 1.0000	</row3>
				</transform>
			</node>
			<node>
				<identifier>	MP_CM082_Rope_INDEX_4	</identifier>
				<transform>
					<row0>	0.0000 0.0000 0.5616 0.0000	</row0>
					<row1>	0.0000 0.5616 0.0000 0.0000	</row1>
					<row2>	-0.5616 0.0000 0.0000 0.0000	</row2>
					<row3>	-0.0554 0.7991 0.4644 1.0000	</row3>
				</transform>
			</node>
			<node>
				<identifier>	MP_CM082_Rope_INDEX_5	</identifier>
				<transform>
					<row0>	0.0000 0.0000 0.5616 0.0000	</row0>
					<row1>	0.0000 0.5616 0.0000 0.0000	</row1>
					<row2>	-0.5616 0.0000 0.0000 0.0000	</row2>
					<row3>	0.0775 0.7991 0.4649 1.0000	</row3>
				</transform>
			</node>
			<node>
				<identifier>	MP_CM082_Rope_INDEX_6	</identifier>
				<transform>
					<row0>	0.0000 0.0000 -0.5616 0.0000	</row0>
					<row1>	0.0000 0.5616 0.0000 0.0000	</row1>
					<row2>	0.5616 0.0000 0.0000 0.0000	</row2>
					<row3>	0.0395 0.7991 0.4644 1.0000	</row3>
				</transform>
			</node>
			<node>
				<identifier>	MP_CM082_Rope_INDEX_7	</identifier>
				<transform>
					<row0>	0.0000 0.0000 -0.5616 0.0000	</row0>
					<row1>	0.0000 0.5616 0.0000 0.0000	</row1>
					<row2>	0.5616 0.0000 0.0000 0.0000	</row2>
					<row3>	-0.0775 0.7991 0.4649 1.0000	</row3>
				</transform>
			</node>
			<node>
				<identifier>	MP_CM082_Rope_INDEX_8	</identifier>
				<transform>
					<row0>	0.0000 0.0000 -0.5616 0.0000	</row0>
					<row1>	0.0000 0.5616 0.0000 0.0000	</row1>
					<row2>	0.5616 0.0000 0.0000 0.0000	</row2>
					<row3>	0.0554 0.7991 0.4644 1.0000	</row3>
				</transform>
			</node>
			<node>
				<identifier>	MP_CM082_Rope_INDEX_9	</identifier>
				<transform>
					<row0>	0.0000 0.0000 -0.5616 0.0000	</row0>
					<row1>	0.0000 0.5616 0.0000 0.0000	</row1>
					<row2>	0.5616 0.0000 0.0000 0.0000	</row2>
					<row3>	-0.0202 0.7991 0.4644 1.0000	</row3>
				</transform>
			</node>
			<node>
				<identifier>	MP_CM088_Swab_Rack	</identifier>
				<transform>
					<row0>	1.0000 0.0000 0.0000 0.0000	</row0>
					<row1>	0.0000 1.0000 0.0000 0.0000	</row1>
					<row2>	0.0000 0.0000 1.0000 0.0000	</row2>
					<row3>	0.0133 0.5263 1.5444 1.0000	</row3>
				</transform>
			</node>
			<node>
				<identifier>	MP_CM088_Swab_Rack_INDEX_1	</identifier>
				<transform>
					<row0>	-1.0000 0.0000 0.0000 0.0000	</row0>
					<row1>	0.0000 1.0000 0.0000 0.0000	</row1>
					<row2>	0.0000 0.0000 -1.0000 0.0000	</row2>
					<row3>	-0.0660 0.6832 0.9464 1.0000	</row3>
				</transform>
			</node>
			<node>
				<identifier>	SP_YMS001_YHBM_M_1	</identifier>
				<transform>
					<row0>	1.0000 0.0000 0.0000 0.0000	</row0>
					<row1>	0.0000 0.9943 -0.1064 0.0000	</row1>
					<row2>	0.0000 0.1064 0.9943 0.0000	</row2>
					<row3>	0.0000 0.4360 4.0236 1.0000	</row3>
				</transform>
			</node>
			<node>
				<identifier>	SP_YMS002_YHBL_M_1	</identifier>
				<transform>
					<row0>	0.9984 0.0000 -0.0571 0.0000	</row0>
					<row1>	-0.0035 0.9981 -0.0609 0.0000	</row1>
					<row2>	0.0570 0.0610 0.9965 0.0000	</row2>
					<row3>	0.0000 0.4360 4.0236 1.0000	</row3>
				</transform>
			</node>
			<node>
				<identifier>	SP_YMS003_YHBR_M_1	</identifier>
				<transform>
					<row0>	0.9984 0.0000 0.0571 0.0000	</row0>
					<row1>	0.0035 0.9981 -0.0609 0.0000	</row1>
					<row2>	-0.0570 0.0610 0.9965 0.0000	</row2>
					<row3>	0.0000 0.4360 4.0236 1.0000	</row3>
				</transform>
			</node>
			<node>
				<identifier>	SP_YMS004_YHXL_L_1	</identifier>
				<transform>
					<row0>	0.6755 0.3052 -0.2393 0.0000	</row0>
					<row1>	-0.3205 0.7099 0.0005 0.0000	</row1>
					<row2>	0.2183 0.0981 0.7412 0.0000	</row2>
					<row3>	-0.0898 0.2953 3.7204 1.0000	</row3>
				</transform>
			</node>
			<node>
				<identifier>	SP_YMS005_YHXR_L_1	</identifier>
				<transform>
					<row0>	0.6755 -0.3052 0.2393 0.0000	</row0>
					<row1>	0.3205 0.7099 0.0005 0.0000	</row1>
					<row2>	-0.2183 0.0981 0.7412 0.0000	</row2>
					<row3>	0.0898 0.2953 3.7204 1.0000	</row3>
				</transform>
			</node>
			<node>
				<identifier>	SP_YMS010_YHWM_L_1	</identifier>
				<transform>
					<row0>	0.5065 0.0000 0.0000 0.0000	</row0>
					<row1>	0.0000 0.5065 0.0000 0.0000	</row1>
					<row2>	0.0000 0.0000 0.5065 0.0000	</row2>
					<row3>	0.0000 0.0000 3.8938 1.0000	</row3>
				</transform>
			</node>
			<node>
				<identifier>	SP_YMS011_YHWL_M_1	</identifier>
				<transform>
					<row0>	0.6026 0.1605 -0.1192 0.0000	</row0>
					<row1>	-0.1579 0.6143 0.0293 0.0000	</row1>
					<row2>	0.1227 0.0019 0.6230 0.0000	</row2>
					<row3>	-0.1895 0.0000 2.9893 1.0000	</row3>
				</transform>
			</node>
			<node>
				<identifier>	SP_YMS011_YHWL_M_1_INDEX_1	</identifier>
				<transform>
					<row0>	0.6072 0.1631 -0.0888 0.0000	</row0>
					<row1>	-0.1616 0.6136 0.0218 0.0000	</row1>
					<row2>	0.0914 0.0018 0.6283 0.0000	</row2>
					<row3>	-0.2824 0.0000 2.4561 1.0000	</row3>
				</transform>
			</node>
			<node>
				<identifier>	SP_YMS011_YHWL_M_1_INDEX_2	</identifier>
				<transform>
					<row0>	0.6166 0.1378 -0.0628 0.0000	</row0>
					<row1>	-0.1368 0.6198 0.0169 0.0000	</row1>
					<row2>	0.0649 -0.0028 0.6316 0.0000	</row2>
					<row3>	-0.3473 0.0000 1.9203 1.0000	</row3>
				</transform>
			</node>
			<node>
				<identifier>	SP_YMS011_YHWL_M_1_INDEX_3	</identifier>
				<transform>
					<row0>	0.6289 0.0756 -0.0430 0.0000	</row0>
					<row1>	-0.0754 0.6304 0.0052 0.0000	</row1>
					<row2>	0.0433 0.0000 0.6334 0.0000	</row2>
					<row3>	-0.3960 0.0000 1.3816 1.0000	</row3>
				</transform>
			</node>
			<node>
				<identifier>	SP_YMS011_YHWL_M_1_INDEX_4	</identifier>
				<transform>
					<row0>	0.6326 0.0471 -0.0275 0.0000	</row0>
					<row1>	-0.0471 0.6332 0.0020 0.0000	</row1>
					<row2>	0.0276 0.0000 0.6343 0.0000	</row2>
					<row3>	-0.4261 0.0000 0.8427 1.0000	</row3>
				</transform>
			</node>
			<node>
				<identifier>	SP_YMS011_YHWL_M_1_INDEX_5	</identifier>
				<transform>
					<row0>	0.6347 0.0156 -0.0070 0.0000	</row0>
					<row1>	-0.0156 0.6347 0.0001 0.0000	</row1>
					<row2>	0.0070 0.0000 0.6349 0.0000	</row2>
					<row3>	-0.4380 0.0000 0.3026 1.0000	</row3>
				</transform>
			</node>
			<node>
				<identifier>	SP_YMS011_YHWL_M_1_INDEX_6	</identifier>
				<transform>
					<row0>	0.6349 0.0000 0.0000 0.0000	</row0>
					<row1>	0.0000 0.6349 0.0000 0.0000	</row1>
					<row2>	0.0000 0.0000 0.6349 0.0000	</row2>
					<row3>	-0.4423 0.0000 -0.2373 1.0000	</row3>
				</transform>
			</node>
			<node>
				<identifier>	SP_YMS012_YHWR_M_1	</identifier>
				<transform>
					<row0>	0.6026 -0.1605 0.1192 0.0000	</row0>
					<row1>	0.1579 0.6143 0.0293 0.0000	</row1>
