<ZSC011_Harbin_1947_MidBack_ports.visual>
	<node>
		<identifier>	Scene Root	</identifier>
		<transform>
			<row0>	1.0000 0.0000 0.0000 0.0000	</row0>
			<row1>	0.0000 1.0000 0.0000 0.0000	</row1>
			<row2>	0.0000 0.0000 1.0000 0.0000	</row2>
			<row3>	0.0000 0.0000 0.0000 1.0000	</row3>
		</transform>
		<node>
			<identifier>	MidBack_ports	</identifier>
			<transform>
				<row0>	1.0000 0.0000 0.0000 0.0000	</row0>
				<row1>	0.0000 1.0000 0.0000 0.0000	</row1>
				<row2>	0.0000 0.0000 1.0000 0.0000	</row2>
				<row3>	0.0000 0.0000 0.0000 1.0000	</row3>
			</transform>
			<node>
				<identifier>	HP_FX_Death_2	</identifier>
				<transform>
					<row0>	1.0000 0.0000 0.0000 0.0000	</row0>
					<row1>	0.0000 1.0000 0.0000 0.0000	</row1>
					<row2>	0.0000 0.0000 1.0000 0.0000	</row2>
					<row3>	0.0000 0.0000 -0.1804 1.0000	</row3>
				</transform>
			</node>
			<node>
				<identifier>	HP_FX_Fire_3	</identifier>
				<transform>
					<row0>	1.0000 0.0000 0.0000 0.0000	</row0>
					<row1>	0.0000 1.0000 0.0000 0.0000	</row1>
					<row2>	0.0000 0.0000 1.0000 0.0000	</row2>
					<row3>	0.0000 0.4281 -1.2899 1.0000	</row3>
				</transform>
			</node>
			<node>
				<identifier>	HP_FX_Fire_3_side_1	</identifier>
				<transform>
					<row0>	0.9165 0.0000 -0.4001 0.0000	</row0>
					<row1>	0.0000 1.0000 0.0000 0.0000	</row1>
					<row2>	0.4001 0.0000 0.9165 0.0000	</row2>
					<row3>	-0.3643 0.3349 -0.8718 1.0000	</row3>
				</transform>
			</node>
			<node>
				<identifier>	HP_FX_Fire_3_side_2	</identifier>
				<transform>
					<row0>	1.0000 0.0000 0.0000 0.0000	</row0>
					<row1>	0.0000 1.0000 0.0000 0.0000	</row1>
					<row2>	0.0000 0.0000 1.0000 0.0000	</row2>
					<row3>	0.4159 0.2858 -2.4551 1.0000	</row3>
				</transform>
			</node>
			<node>
				<identifier>	HP_FX_FloodLight_left_1	</identifier>
				<transform>
					<row0>	-1.0000 0.0000 0.0000 0.0000	</row0>
					<row1>	0.0000 1.0000 0.0000 0.0000	</row1>
					<row2>	0.0000 0.0000 -1.0000 0.0000	</row2>
					<row3>	-0.2365 0.4131 -1.2103 1.0000	</row3>
				</transform>
			</node>
			<node>
				<identifier>	HP_FX_FloodLight_right_1	</identifier>
				<transform>
					<row0>	1.0000 0.0000 0.0000 0.0000	</row0>
					<row1>	0.0000 1.0000 0.0000 0.0000	</row1>
					<row2>	0.0000 0.0000 1.0000 0.0000	</row2>
					<row3>	0.2385 0.4148 -1.2142 1.0000	</row3>
				</transform>
			</node>
			<node>
				<identifier>	HP_FX_Flood_steam_2	</identifier>
				<transform>
					<row0>	0.9514 -0.2975 0.0799 0.0000	</row0>
					<row1>	0.3016 0.8471 -0.4376 0.0000	</row1>
					<row2>	0.0625 0.4404 0.8956 0.0000	</row2>
					<row3>	0.0353 1.1061 -0.3600 1.0000	</row3>
				</transform>
			</node>
			<node>
				<identifier>	HP_FX_Smoke_2	</identifier>
				<transform>
					<row0>	1.0000 0.0000 0.0000 0.0000	</row0>
					<row1>	0.0000 1.0000 0.0000 0.0000	</row1>
					<row2>	0.0000 0.0000 1.0000 0.0000	</row2>
					<row3>	0.0000 1.0753 -0.2513 1.0000	</row3>
				</transform>
			</node>
			<node>
				<identifier>	HP_Ship_death_2	</identifier>
				<transform>
					<row0>	1.0000 0.0000 0.0000 0.0000	</row0>
					<row1>	0.0000 1.0000 0.0000 0.0000	</row1>
					<row2>	0.0000 0.0000 1.0000 0.0000	</row2>
					<row3>	0.0000 0.0000 0.2335 1.0000	</row3>
				</transform>
			</node>
			<node>
				<identifier>	HP_ZF_2	</identifier>
				<transform>
					<row0>	-1.0000 0.0000 0.0000 0.0000	</row0>
					<row1>	0.0000 1.0000 0.0000 0.0000	</row1>
					<row2>	0.0000 0.0000 -1.0000 0.0000	</row2>
					<row3>	0.0000 0.7444 -1.9485 1.0000	</row3>
				</transform>
			</node>
			<node>
				<identifier>	HP_ZGA_15	</identifier>
				<transform>
					<row0>	0.0000 0.0000 1.0000 0.0000	</row0>
					<row1>	0.0000 1.0000 0.0000 0.0000	</row1>
					<row2>	-1.0000 0.0000 0.0000 0.0000	</row2>
					<row3>	-0.4639 0.2822 -0.9487 1.0000	</row3>
				</transform>
			</node>
			<node>
				<identifier>	HP_ZGA_16	</identifier>
				<transform>
					<row0>	0.0000 0.0000 -1.0000 0.0000	</row0>
					<row1>	0.0000 1.0000 0.0000 0.0000	</row1>
					<row2>	1.0000 0.0000 0.0000 0.0000	</row2>
					<row3>	0.4639 0.2822 -0.9487 1.0000	</row3>
				</transform>
			</node>
			<node>
				<identifier>	HP_ZGA_17	</identifier>
				<transform>
					<row0>	0.0000 0.0000 1.0000 0.0000	</row0>
					<row1>	0.0000 1.0000 0.0000 0.0000	</row1>
					<row2>	-1.0000 0.0000 0.0000 0.0000	</row2>
					<row3>	-0.4639 0.2820 -1.1488 1.0000	</row3>
				</transform>
			</node>
			<node>
				<identifier>	HP_ZGA_18	</identifier>
				<transform>
					<row0>	0.0000 0.0000 -1.0000 0.0000	</row0>
					<row1>	0.0000 1.0000 0.0000 0.0000	</row1>
					<row2>	1.0000 0.0000 0.0000 0.0000	</row2>
					<row3>	0.4639 0.2820 -1.1488 1.0000	</row3>
				</transform>
			</node>
			<node>
				<identifier>	HP_ZGA_19	</identifier>
				<transform>
					<row0>	0.0000 0.0000 1.0000 0.0000	</row0>
					<row1>	0.0000 1.0000 0.0000 0.0000	</row1>
					<row2>	-1.0000 0.0000 0.0000 0.0000	</row2>
					<row3>	-0.4639 0.2809 -1.3488 1.0000	</row3>
				</transform>
			</node>
			<node>
				<identifier>	HP_ZGA_20	</identifier>
				<transform>
					<row0>	0.0000 0.0000 -1.0000 0.0000	</row0>
					<row1>	0.0000 1.0000 0.0000 0.0000	</row1>
					<row2>	1.0000 0.0000 0.0000 0.0000	</row2>
					<row3>	0.4639 0.2809 -1.3488 1.0000	</row3>
				</transform>
			</node>
			<node>
				<identifier>	HP_ZGA_21	</identifier>
				<transform>
					<row0>	0.0000 0.0000 1.0000 0.0000	</row0>
					<row1>	0.0000 1.0000 0.0000 0.0000	</row1>
					<row2>	-1.0000 0.0000 0.0000 0.0000	</row2>
					<row3>	-0.4306 0.2835 -1.8027 1.0000	</row3>
				</transform>
			</node>
			<node>
				<identifier>	HP_ZGA_22	</identifier>
				<transform>
					<row0>	0.0000 0.0000 1.0000 0.0000	</row0>
					<row1>	0.0000 1.0000 0.0000 0.0000	</row1>
					<row2>	-1.0000 0.0000 0.0000 0.0000	</row2>
					<row3>	-0.4306 0.2876 -1.8027 1.0000	</row3>
				</transform>
			</node>
			<node>
				<identifier>	HP_ZGA_23	</identifier>
				<transform>
					<row0>	0.0000 0.0000 -1.0000 0.0000	</row0>
					<row1>	0.0000 1.0000 0.0000 0.0000	</row1>
					<row2>	1.0000 0.0000 0.0000 0.0000	</row2>
					<row3>	0.4306 0.2835 -1.8027 1.0000	</row3>
				</transform>
			</node>
			<node>
				<identifier>	HP_ZGA_24	</identifier>
				<transform>
					<row0>	0.0000 0.0000 -1.0000 0.0000	</row0>
					<row1>	0.0000 1.0000 0.0000 0.0000	</row1>
					<row2>	1.0000 0.0000 0.0000 0.0000	</row2>
					<row3>	0.4306 0.2876 -1.8027 1.0000	</row3>
				</transform>
			</node>
			<node>
				<identifier>	HP_ZGA_25	</identifier>
				<transform>
					<row0>	-0.7071 0.0000 0.7071 0.0000	</row0>
					<row1>	0.0000 1.0000 0.0000 0.0000	</row1>
					<row2>	-0.7071 0.0000 -0.7071 0.0000	</row2>
					<row3>	-0.3360 0.3238 -2.1798 1.0000	</row3>
				</transform>
			</node>
			<node>
				<identifier>	HP_ZGA_26	</identifier>
				<transform>
					<row0>	-0.7071 0.0000 -0.7071 0.0000	</row0>
					<row1>	0.0000 1.0000 0.0000 0.0000	</row1>
					<row2>	0.7071 0.0000 -0.7071 0.0000	</row2>
					<row3>	0.3360 0.3238 -2.1798 1.0000	</row3>
				</transform>
			</node>
			<node>
				<identifier>	HP_ZGM_4	</identifier>
				<transform>
					<row0>	-1.0000 0.0000 0.0000 0.0000	</row0>
					<row1>	0.0000 1.0000 0.0000 0.0000	</row1>
					<row2>	0.0000 0.0000 -1.0000 0.0000	</row2>
					<row3>	0.0000 0.4333 -2.4150 1.0000	</row3>
				</transform>
			</node>
			<node>
				<identifier>	HP_ZGM_5	</identifier>
				<transform>
					<row0>	-1.0000 0.0000 0.0000 0.0000	</row0>
					<row1>	0.0000 1.0000 0.0000 0.0000	</row1>
					<row2>	0.0000 0.0000 -1.0000 0.0000	</row2>
					<row3>	0.0000 0.3099 -2.9818 1.0000	</row3>
				</transform>
			</node>
			<node>
				<identifier>	HP_ZGT_3	</identifier>
				<transform>
					<row0>	1.0000 0.0000 0.0000 0.0000	</row0>
					<row1>	0.0000 1.0000 0.0000 0.0000	</row1>
					<row2>	0.0000 0.0000 1.0000 0.0000	</row2>
					<row3>	-0.4286 0.3101 -0.4780 1.0000	</row3>
				</transform>
			</node>
			<node>
				<identifier>	HP_ZGT_4	</identifier>
				<transform>
					<row0>	1.0000 0.0000 0.0000 0.0000	</row0>
					<row1>	0.0000 1.0000 0.0000 0.0000	</row1>
					<row2>	0.0000 0.0000 1.0000 0.0000	</row2>
					<row3>	0.4286 0.3101 -0.4780 1.0000	</row3>
				</transform>
			</node>
			<node>
				<identifier>	HP_ZRS_4	</identifier>
				<transform>
					<row0>	-1.0000 0.0000 0.0000 0.0000	</row0>
					<row1>	0.0000 1.0000 0.0000 0.0000	</row1>
					<row2>	0.0000 0.0000 -1.0000 0.0000	</row2>
					<row3>	0.0000 0.8792 -1.9255 1.0000	</row3>
				</transform>
			</node>
			<node>
				<identifier>	MP_CM011_Fire_Fighting_Gear	</identifier>
				<transform>
					<row0>	0.0000 0.0184 0.9998 0.0000	</row0>
					<row1>	0.0000 0.9998 -0.0184 0.0000	</row1>
					<row2>	-1.0000 0.0000 0.0000 0.0000	</row2>
					<row3>	0.0880 0.4725 -0.3571 1.0000	</row3>
				</transform>
			</node>
			<node>
				<identifier>	MP_CM011_Fire_Fighting_Gear_INDEX_1	</identifier>
				<transform>
					<row0>	0.0000 -0.0184 -0.9998 0.0000	</row0>
					<row1>	0.0000 0.9998 -0.0184 0.0000	</row1>
					<row2>	1.0000 0.0000 0.0000 0.0000	</row2>
					<row3>	-0.0880 0.4725 -0.3571 1.0000	</row3>
				</transform>
			</node>
			<node>
				<identifier>	MP_CM011_Fire_Fighting_Gear_INDEX_2	</identifier>
				<transform>
					<row0>	0.0000 0.0184 0.9998 0.0000	</row0>
					<row1>	0.0000 0.9998 -0.0184 0.0000	</row1>
					<row2>	-1.0000 0.0000 0.0000 0.0000	</row2>
					<row3>	0.1215 0.4487 -1.8727 1.0000	</row3>
				</transform>
			</node>
			<node>
				<identifier>	MP_CM011_Fire_Fighting_Gear_INDEX_3	</identifier>
				<transform>
					<row0>	0.0000 -0.0184 -0.9998 0.0000	</row0>
					<row1>	0.0000 0.9998 -0.0184 0.0000	</row1>
					<row2>	1.0000 0.0000 0.0000 0.0000	</row2>
					<row3>	-0.1215 0.4487 -1.8727 1.0000	</row3>
				</transform>
			</node>
			<node>
				<identifier>	MP_CM011_Fire_Fighting_Gear_INDEX_4	</identifier>
				<transform>
					<row0>	0.0000 0.0184 0.9998 0.0000	</row0>
					<row1>	0.0000 0.9998 -0.0184 0.0000	</row1>
					<row2>	-1.0000 0.0000 0.0000 0.0000	</row2>
					<row3>	0.2426 0.2966 -1.3026 1.0000	</row3>
				</transform>
			</node>
			<node>
				<identifier>	MP_CM011_Fire_Fighting_Gear_INDEX_5	</identifier>
				<transform>
					<row0>	0.0000 -0.0184 -0.9998 0.0000	</row0>
					<row1>	0.0000 0.9998 -0.0184 0.0000	</row1>
					<row2>	1.0000 0.0000 0.0000 0.0000	</row2>
					<row3>	-0.2426 0.2966 -1.3026 1.0000	</row3>
				</transform>
			</node>
			<node>
				<identifier>	MP_CM011_Fire_Fighting_Gear_INDEX_6	</identifier>
				<transform>
					<row0>	0.6073 0.0184 0.7943 0.0000	</row0>
					<row1>	-0.0111 0.9998 -0.0146 0.0000	</row1>
					<row2>	-0.7944 0.0000 0.6074 0.0000	</row2>
					<row3>	0.1352 0.2997 -2.5386 1.0000	</row3>
				</transform>
			</node>
			<node>
				<identifier>	MP_CM011_Fire_Fighting_Gear_INDEX_7	</identifier>
				<transform>
					<row0>	0.6073 -0.0184 -0.7943 0.0000	</row0>
					<row1>	0.0111 0.9998 -0.0146 0.0000	</row1>
					<row2>	0.7944 0.0000 0.6074 0.0000	</row2>
					<row3>	-0.1352 0.2997 -2.5386 1.0000	</row3>
				</transform>
			</node>
			<node>
				<identifier>	MP_CM013_Fire_Hose_Rack_2	</identifier>
				<transform>
					<row0>	0.9594 0.0052 0.2820 0.0000	</row0>
					<row1>	0.0000 0.9998 -0.0184 0.0000	</row1>
					<row2>	-0.2821 0.0176 0.9592 0.0000	</row2>
					<row3>	-0.0858 0.5347 -0.3301 1.0000	</row3>
				</transform>
			</node>
			<node>
				<identifier>	MP_CM013_Fire_Hose_Rack_2_INDEX_1	</identifier>
				<transform>
					<row0>	-0.9642 0.0049 0.2651 0.0000	</row0>
					<row1>	0.0000 0.9998 -0.0184 0.0000	</row1>
					<row2>	-0.2652 -0.0177 -0.9640 0.0000	</row2>
					<row3>	0.0858 0.5347 -0.3301 1.0000	</row3>
				</transform>
			</node>
			<node>
				<identifier>	MP_CM013_Fire_Hose_Rack_2_INDEX_2	</identifier>
				<transform>
					<row0>	-0.8577 -0.0094 -0.5141 0.0000	</row0>
					<row1>	0.0000 0.9998 -0.0184 0.0000	</row1>
					<row2>	0.5142 -0.0158 -0.8575 0.0000	</row2>
					<row3>	0.1141 0.5271 -1.8809 1.0000	</row3>
				</transform>
			</node>
			<node>
				<identifier>	MP_CM013_Fire_Hose_Rack_2_INDEX_3	</identifier>
				<transform>
					<row0>	0.8545 -0.0095 -0.5194 0.0000	</row0>
					<row1>	0.0000 0.9998 -0.0184 0.0000	</row1>
					<row2>	0.5194 0.0157 0.8544 0.0000	</row2>
					<row3>	-0.1141 0.5271 -1.8809 1.0000	</row3>
				</transform>
			</node>
			<node>
				<identifier>	MP_CM013_Fire_Hose_Rack_2_INDEX_4	</identifier>
				<transform>
					<row0>	-1.0000 0.0000 0.0000 0.0000	</row0>
					<row1>	0.0000 1.0000 0.0000 0.0000	</row1>
					<row2>	0.0000 0.0000 -1.0000 0.0000	</row2>
					<row3>	0.2329 0.3767 -1.3026 1.0000	</row3>
				</transform>
			</node>
			<node>
				<identifier>	MP_CM013_Fire_Hose_Rack_2_INDEX_5	</identifier>
				<transform>
					<row0>	1.0000 0.0000 0.0000 0.0000	</row0>
					<row1>	0.0000 1.0000 0.0000 0.0000	</row1>
					<row2>	0.0000 0.0000 1.0000 0.0000	</row2>
					<row3>	-0.2329 0.3767 -1.3026 1.0000	</row3>
				</transform>
			</node>
			<node>
				<identifier>	MP_CM013_Fire_Hose_Rack_2_INDEX_6	</identifier>
				<transform>
					<row0>	-0.7944 0.0000 0.6074 0.0000	</row0>
					<row1>	0.0000 1.0000 0.0000 0.0000	</row1>
					<row2>	-0.6074 0.0000 -0.7944 0.0000	</row2>
					<row3>	0.1321 0.3767 -2.5206 1.0000	</row3>
				</transform>
			</node>
			<node>
				<identifier>	MP_CM013_Fire_Hose_Rack_2_INDEX_7	</identifier>
				<transform>
					<row0>	0.7971 0.0000 0.6038 0.0000	</row0>
					<row1>	0.0000 1.0000 0.0000 0.0000	</row1>
					<row2>	-0.6038 0.0000 0.7971 0.0000	</row2>
					<row3>	-0.1321 0.3767 -2.5206 1.0000	</row3>
				</transform>
			</node>
			<node>
				<identifier>	MP_CM014_Fuel_Oil_Hose	</identifier>
				<transform>
					<row0>	0.9990 0.0000 0.0439 0.0000	</row0>
					<row1>	0.0000 1.0000 0.0000 0.0000	</row1>
					<row2>	-0.0439 0.0000 0.9990 0.0000	</row2>
					<row3>	-0.2255 0.3322 -1.6905 1.0000	</row3>
				</transform>
			</node>
			<node>
				<identifier>	MP_CM014_Fuel_Oil_Hose_INDEX_1	</identifier>
				<transform>
					<row0>	0.9990 0.0000 0.0440 0.0000	</row0>
					<row1>	0.0000 1.0000 0.0000 0.0000	</row1>
					<row2>	-0.0440 0.0000 0.9990 0.0000	</row2>
					<row3>	-0.2255 0.3626 -1.6905 1.0000	</row3>
				</transform>
			</node>
			<node>
				<identifier>	MP_CM014_Fuel_Oil_Hose_INDEX_2	</identifier>
				<transform>
					<row0>	-0.9993 0.0126 -0.0360 0.0000	</row0>
					<row1>	0.0126 0.9999 0.0000 0.0000	</row1>
					<row2>	0.0360 -0.0005 -0.9994 0.0000	</row2>
					<row3>	0.1590 0.3630 0.0787 1.0000	</row3>
				</transform>
			</node>
			<node>
				<identifier>	MP_CM014_Fuel_Oil_Hose_INDEX_3	</identifier>
				<transform>
					<row0>	-0.9990 0.0000 0.0450 0.0000	</row0>
					<row1>	0.0000 1.0000 0.0000 0.0000	</row1>
					<row2>	-0.0450 0.0000 -0.9990 0.0000	</row2>
					<row3>	0.2255 0.3626 -1.6905 1.0000	</row3>
				</transform>
			</node>
			<node>
				<identifier>	MP_CM014_Fuel_Oil_Hose_INDEX_4	</identifier>
				<transform>
					<row0>	-0.9990 0.0000 0.0448 0.0000	</row0>
					<row1>	0.0000 1.0000 0.0000 0.0000	</row1>
					<row2>	-0.0448 0.0000 -0.9990 0.0000	</row2>
					<row3>	0.2255 0.3322 -1.6905 1.0000	</row3>
				</transform>
			</node>
			<node>
				<identifier>	MP_CM014_Fuel_Oil_Hose_INDEX_5	</identifier>
				<transform>
					<row0>	0.9993 0.0112 -0.0350 0.0000	</row0>
					<row1>	-0.0112 0.9999 0.0000 0.0000	</row1>
					<row2>	0.0349 0.0004 0.9994 0.0000	</row2>
					<row3>	-0.1590 0.3630 0.0787 1.0000	</row3>
				</transform>
			</node>
			<node>
				<identifier>	MP_CM029_Emergency_Box	</identifier>
				<transform>
					<row0>	0.0000 0.0000 -1.0000 0.0000	</row0>
					<row1>	0.0000 1.0000 0.0000 0.0000	</row1>
					<row2>	1.0000 0.0000 0.0000 0.0000	</row2>
					<row3>	-0.1721 0.3693 -0.6330 1.0000	</row3>
				</transform>
			</node>
			<node>
				<identifier>	MP_CM029_Emergency_Box_INDEX_1	</identifier>
				<transform>
					<row0>	-0.9911 0.0000 -0.1331 0.0000	</row0>
					<row1>	0.0000 1.0000 0.0000 0.0000	</row1>
					<row2>	0.1331 0.0000 -0.9911 0.0000	</row2>
					<row3>	-0.0187 0.5264 -1.8098 1.0000	</row3>
				</transform>
			</node>
			<node>
				<identifier>	MP_CM029_Emergency_Box_INDEX_2	</identifier>
				<transform>
					<row0>	0.0000 0.0000 1.0000 0.0000	</row0>
					<row1>	0.0000 1.0000 0.0000 0.0000	</row1>
					<row2>	-1.0000 0.0000 0.0000 0.0000	</row2>
					<row3>	0.1721 0.3693 -0.6330 1.0000	</row3>
				</transform>
			</node>
			<node>
				<identifier>	MP_CM029_Emergency_Box_INDEX_3	</identifier>
				<transform>
					<row0>	0.0000 0.0000 -1.0000 0.0000	</row0>
					<row1>	0.0000 1.0000 0.0000 0.0000	</row1>
					<row2>	1.0000 0.0000 0.0000 0.0000	</row2>
					<row3>	-0.2393 0.3693 -1.0968 1.0000	</row3>
				</transform>
			</node>
			<node>
				<identifier>	MP_CM029_Emergency_Box_INDEX_4	</identifier>
				<transform>
					<row0>	0.0426 0.0000 -0.9991 0.0000	</row0>
					<row1>	0.0000 1.0000 0.0000 0.0000	</row1>
					<row2>	0.9991 0.0000 0.0426 0.0000	</row2>
					<row3>	-0.2241 0.3693 -1.8312 1.0000	</row3>
				</transform>
			</node>
			<node>
				<identifier>	MP_CM029_Emergency_Box_INDEX_5	</identifier>
				<transform>
					<row0>	0.9919 0.0000 -0.1273 0.0000	</row0>
					<row1>	0.0000 1.0000 0.0000 0.0000	</row1>
					<row2>	0.1273 0.0000 0.9919 0.0000	</row2>
					<row3>	-0.0183 0.3693 -2.0872 1.0000	</row3>
				</transform>
			</node>
			<node>
				<identifier>	MP_CM029_Emergency_Box_INDEX_6	</identifier>
				<transform>
					<row0>	0.0426 0.0000 0.9991 0.0000	</row0>
					<row1>	0.0000 1.0000 0.0000 0.0000	</row1>
					<row2>	-0.9991 0.0000 0.0426 0.0000	</row2>
					<row3>	0.2241 0.3693 -1.8312 1.0000	</row3>
				</transform>
			</node>
			<node>
				<identifier>	MP_CM029_Emergency_Box_INDEX_7	</identifier>
				<transform>
					<row0>	0.0000 0.0000 1.0000 0.0000	</row0>
					<row1>	0.0000 1.0000 0.0000 0.0000	</row1>
					<row2>	-1.0000 0.0000 0.0000 0.0000	</row2>
					<row3>	0.2393 0.3693 -1.0968 1.0000	</row3>
				</transform>
			</node>
			<node>
				<identifier>	MP_CM030_Swab_Rack_2	</identifier>
				<transform>
					<row0>	1.0000 0.0000 0.0000 0.0000	</row0>
					<row1>	0.0000 1.0000 0.0000 0.0000	</row1>
					<row2>	0.0000 0.0000 1.0000 0.0000	</row2>
					<row3>	0.1620 0.2960 -0.9147 1.0000	</row3>
				</transform>
			</node>
			<node>
				<identifier>	MP_CM030_Swab_Rack_2_INDEX_1	</identifier>
				<transform>
					<row0>	-1.0000 0.0000 0.0000 0.0000	</row0>
					<row1>	0.0000 1.0000 0.0000 0.0000	</row1>
					<row2>	0.0000 0.0000 -1.0000 0.0000	</row2>
					<row3>	-0.1655 0.2963 -1.9481 1.0000	</row3>
				</transform>
			</node>
			<node>
				<identifier>	MP_CM052_Fender	</identifier>
				<transform>
					<row0>	-0.0024 0.0000 1.0000 0.0000	</row0>
					<row1>	0.0000 1.0000 0.0000 0.0000	</row1>
					<row2>	-1.0000 0.0000 -0.0024 0.0000	</row2>
					<row3>	-0.2627 0.2946 -1.3823 1.0000	</row3>
				</transform>
			</node>
			<node>
				<identifier>	MP_CM052_Fender_INDEX_1	</identifier>
				<transform>
					<row0>	-0.0024 0.0000 -1.0000 0.0000	</row0>
					<row1>	0.0000 1.0000 0.0000 0.0000	</row1>
					<row2>	1.0000 0.0000 -0.0024 0.0000	</row2>
					<row3>	0.2627 0.2946 -1.3823 1.0000	</row3>
				</transform>
			</node>
			<node>
				<identifier>	MP_CM052_Fender_INDEX_2	</identifier>
				<transform>
					<row0>	0.9437 0.0000 -0.1090 0.0000	</row0>
					<row1>	0.0000 0.9500 0.0000 0.0000	</row1>
					<row2>	0.1090 0.0000 0.9437 0.0000	</row2>
					<row3>	0.0337 0.2996 -2.2188 1.0000	</row3>
				</transform>
			</node>
			<node>
				<identifier>	MP_CM052_Fender_INDEX_3	</identifier>
				<transform>
					<row0>	0.9437 0.0000 0.1090 0.0000	</row0>
					<row1>	0.0000 0.9500 0.0000 0.0000	</row1>
					<row2>	-0.1090 0.0000 0.9437 0.0000	</row2>
					<row3>	-0.0337 0.2996 -2.2188 1.0000	</row3>
				</transform>
			</node>
			<node>
				<identifier>	MP_CM056_Ships_bell	</identifier>
				<transform>
					<row0>	-0.0019 0.0000 -0.8000 0.0000	</row0>
					<row1>	0.0000 0.8000 0.0000 0.0000	</row1>
					<row2>	0.8000 0.0000 -0.0019 0.0000	</row2>
					<row3>	0.0000 0.4680 -2.1003 1.0000	</row3>
				</transform>
			</node>
			<node>
				<identifier>	MP_CM059_Ladder_Cruiser	</identifier>
				<transform>
					<row0>	0.0000 1.0000 -0.0013 0.0000	</row0>
					<row1>	-0.9993 0.0000 0.0362 0.0000	</row1>
					<row2>	0.0362 0.0013 0.9993 0.0000	</row2>
					<row3>	0.5252 0.3238 -2.5400 1.0000	</row3>
				</transform>
			</node>
			<node>
				<identifier>	MP_CM059_Ladder_Cruiser_INDEX_1	</identifier>
				<transform>
					<row0>	0.0000 -1.0000 0.0013 0.0000	</row0>
					<row1>	0.9993 0.0000 0.0362 0.0000	</row1>
					<row2>	-0.0362 0.0013 0.9993 0.0000	</row2>
					<row3>	-0.5252 0.3140 -2.5400 1.0000	</row3>
				</transform>
			</node>
			<node>
				<identifier>	MP_CM112_Fire_Extinguisher	</identifier>
				<transform>
					<row0>	-0.3822 0.0000 0.9241 0.0000	</row0>
					<row1>	0.0000 1.0000 0.0000 0.0000	</row1>
					<row2>	-0.9241 0.0000 -0.3822 0.0000	</row2>
					<row3>	0.0627 0.3774 -2.0738 1.0000	</row3>
				</transform>
			</node>
			<node>
				<identifier>	MP_CM112_Fire_Extinguisher_INDEX_1	</identifier>
				<transform>
					<row0>	-1.0000 0.0000 -0.0001 0.0000	</row0>
					<row1>	0.0000 1.0000 0.0000 0.0000	</row1>
					<row2>	0.0001 0.0000 -1.0000 0.0000	</row2>
					<row3>	0.2393 0.3711 -1.0009 1.0000	</row3>
				</transform>
			</node>
			<node>
				<identifier>	MP_CM112_Fire_Extinguisher_INDEX_2	</identifier>
				<transform>
					<row0>	0.3692 0.0000 0.9294 0.0000	</row0>
					<row1>	0.0000 1.0000 0.0000 0.0000	</row1>
					<row2>	-0.9294 0.0000 0.3692 0.0000	</row2>
					<row3>	-0.0626 0.3774 -2.0738 1.0000	</row3>
				</transform>
			</node>
			<node>
				<identifier>	MP_CM112_Fire_Extinguisher_INDEX_3	</identifier>
				<transform>
					<row0>	-1.0000 0.0000 -0.0001 0.0000	</row0>
					<row1>	0.0000 1.0000 0.0000 0.0000	</row1>
					<row2>	0.0001 0.0000 -1.0000 0.0000	</row2>
					<row3>	0.1719 0.3711 -0.4312 1.0000	</row3>
				</transform>
			</node>
			<node>
				<identifier>	MP_CM112_Fire_Extinguisher_INDEX_4	</identifier>
				<transform>
					<row0>	1.0000 0.0000 0.0073 0.0000	</row0>
					<row1>	0.0000 1.0000 0.0000 0.0000	</row1>
					<row2>	-0.0073 0.0000 1.0000 0.0000	</row2>
					<row3>	-0.2395 0.3711 -1.0010 1.0000	</row3>
				</transform>
			</node>
			<node>
				<identifier>	MP_CM112_Fire_Extinguisher_INDEX_5	</identifier>
				<transform>
					<row0>	-0.7438 0.0000 -0.6684 0.0000	</row0>
					<row1>	0.0000 1.0000 0.0000 0.0000	</row1>
					<row2>	0.6684 0.0000 -0.7438 0.0000	</row2>
					<row3>	0.0619 0.5313 -0.1743 1.0000	</row3>
				</transform>
			</node>
			<node>
				<identifier>	MP_CM112_Fire_Extinguisher_INDEX_6	</identifier>
				<transform>
					<row0>	0.7566 0.0000 -0.6539 0.0000	</row0>
					<row1>	0.0000 1.0000 0.0000 0.0000	</row1>
					<row2>	0.6539 0.0000 0.7566 0.0000	</row2>
					<row3>	-0.0619 0.5313 -0.1743 1.0000	</row3>
				</transform>
			</node>
			<node>
				<identifier>	MP_CM112_Fire_Extinguisher_INDEX_7	</identifier>
				<transform>
					<row0>	1.0000 0.0000 0.0000 0.0000	</row0>
					<row1>	0.0000 1.0000 0.0000 0.0000	</row1>
					<row2>	0.0000 0.0000 1.0000 0.0000	</row2>
					<row3>	-0.1719 0.3711 -0.4312 1.0000	</row3>
				</transform>
			</node>
			<node>
				<identifier>	MP_ZM004_Basket_Rope	</identifier>
				<transform>
					<row0>	0.9935 -0.0203 -0.1116 0.0000	</row0>
					<row1>	0.0206 0.9998 0.0021 0.0000	</row1>
					<row2>	0.1116 -0.0044 0.9937 0.0000	</row2>
					<row3>	0.1828 0.2966 -0.8271 1.0000	</row3>
				</transform>
			</node>
			<node>
				<identifier>	MP_ZM004_Basket_Rope_INDEX_1	</identifier>
				<transform>
					<row0>	0.9935 0.0203 0.1116 0.0000	</row0>
					<row1>	-0.0206 0.9998 0.0021 0.0000	</row1>
					<row2>	-0.1116 -0.0044 0.9937 0.0000	</row2>
					<row3>	-0.1828 0.2966 -0.8271 1.0000	</row3>
				</transform>
			</node>
			<node>
				<identifier>	MP_ZM015_Speaker	</identifier>
				<transform>
					<row0>	-0.0188 0.0000 -0.9998 0.0000	</row0>
					<row1>	0.0000 1.0000 0.0000 0.0000	</row1>
					<row2>	0.9998 0.0000 -0.0188 0.0000	</row2>
					<row3>	0.2324 0.4374 -1.1507 1.0000	</row3>
				</transform>
			</node>
			<node>
				<identifier>	MP_ZM015_Speaker_INDEX_1	</identifier>
				<transform>
					<row0>	-0.0188 0.0000 0.9998 0.0000	</row0>
					<row1>	0.0000 1.0000 0.0000 0.0000	</row1>
					<row2>	-0.9998 0.0000 -0.0188 0.0000	</row2>
					<row3>	-0.2324 0.4374 -1.1507 1.0000	</row3>
				</transform>
			</node>
			<node>
				<identifier>	MP_ZM015_Speaker_INDEX_2	</identifier>
				<transform>
					<row0>	0.1991 0.0000 -0.9800 0.0000	</row0>
					<row1>	0.0000 1.0000 0.0000 0.0000	</row1>
					<row2>	0.9800 0.0000 0.1991 0.0000	</row2>
					<row3>	0.1038 0.7035 -1.9279 1.0000	</row3>
				</transform>
			</node>
			<node>
				<identifier>	MP_ZM015_Speaker_INDEX_3	</identifier>
				<transform>
					<row0>	0.1991 0.0000 0.9800 0.0000	</row0>
					<row1>	0.0000 1.0000 0.0000 0.0000	</row1>
					<row2>	-0.9800 0.0000 0.1991 0.0000	</row2>
					<row3>	-0.1038 0.7035 -1.9279 1.0000	</row3>
				</transform>
			</node>
			<node>
				<identifier>	MP_ZM015_Speaker_INDEX_4	</identifier>
				<transform>
					<row0>	-1.0000 0.0000 0.0000 0.0000	</row0>
					<row1>	0.0000 1.0000 0.0000 0.0000	</row1>
					<row2>	0.0000 0.0000 -1.0000 0.0000	</row2>
					<row3>	0.0000 0.7035 -2.0564 1.0000	</row3>
				</transform>
			</node>
			<node>
				<identifier>	MP_ZM015_Speaker_INDEX_5	</identifier>
				<transform>
					<row0>	-0.0126 0.0000 -0.9999 0.0000	</row0>
					<row1>	0.0000 1.0000 0.0000 0.0000	</row1>
					<row2>	0.9999 0.0000 -0.0126 0.0000	</row2>
					<row3>	0.1648 0.4610 -0.5024 1.0000	</row3>
				</transform>
			</node>
			<node>
				<identifier>	MP_ZM015_Speaker_INDEX_6	</identifier>
				<transform>
					<row0>	-0.0126 0.0000 0.9999 0.0000	</row0>
					<row1>	0.0000 1.0000 0.0000 0.0000	</row1>
					<row2>	-0.9999 0.0000 -0.0126 0.0000	</row2>
					<row3>	-0.1648 0.4610 -0.5024 1.0000	</row3>
				</transform>
			</node>
			<node>
				<identifier>	MP_ZM041_Filling_connection	</identifier>
				<transform>
					<row0>	1.0000 0.0000 0.0000 0.0000	</row0>
					<row1>	0.0000 1.0000 0.0000 0.0000	</row1>
					<row2>	0.0000 0.0000 1.0000 0.0000	</row2>
					<row3>	0.5078 0.2857 -1.9649 1.0000	</row3>
				</transform>
			</node>
			<node>
				<identifier>	MP_ZM041_Filling_connection_INDEX_1	</identifier>
				<transform>
					<row0>	-1.0000 0.0000 0.0000 0.0000	</row0>
					<row1>	0.0000 1.0000 0.0000 0.0000	</row1>
					<row2>	0.0000 0.0000 -1.0000 0.0000	</row2>
					<row3>	-0.5078 0.2857 -1.9649 1.0000	</row3>
				</transform>
			</node>
			<node>
				<identifier>	MP_ZM041_Filling_connection_INDEX_2	</identifier>
				<transform>
					<row0>	-1.0000 0.0000 0.0000 0.0000	</row0>
					<row1>	0.0000 1.0000 0.0000 0.0000	</row1>
					<row2>	0.0000 0.0000 -1.0000 0.0000	</row2>
					<row3>	-0.5114 0.2857 0.0688 1.0000	</row3>
				</transform>
			</node>
			<node>
				<identifier>	MP_ZM041_Filling_connection_INDEX_3	</identifier>
				<transform>
					<row0>	1.0000 0.0000 0.0000 0.0000	</row0>
					<row1>	0.0000 1.0000 0.0000 0.0000	</row1>
					<row2>	0.0000 0.0000 1.0000 0.0000	</row2>
					<row3>	0.5114 0.2857 0.0688 1.0000	</row3>
				</transform>
			</node>
			<node>
				<identifier>	MP_ZM102_Life_Buoy	</identifier>
				<transform>
					<row0>	-0.1306 0.0000 0.9914 0.0000	</row0>
					<row1>	0.0000 1.0000 0.0000 0.0000	</row1>
					<row2>	-0.9914 0.0000 -0.1306 0.0000	</row2>
					<row3>	0.1679 0.3904 -2.3919 1.0000	</row3>
				</transform>
			</node>
			<node>
				<identifier>	MP_ZM102_Life_Buoy_INDEX_1	</identifier>
				<transform>
					<row0>	0.6102 0.0000 0.7922 0.0000	</row0>
					<row1>	0.0000 1.0000 0.0000 0.0000	</row1>
					<row2>	-0.7922 0.0000 0.6102 0.0000	</row2>
					<row3>	0.1073 0.3904 -2.0282 1.0000	</row3>
				</transform>
			</node>
			<node>
				<identifier>	MP_ZM102_Life_Buoy_INDEX_2	</identifier>
				<transform>
					<row0>	0.0473 0.0000 0.9989 0.0000	</row0>
					<row1>	0.0000 1.0000 0.0000 0.0000	</row1>
					<row2>	-0.9989 0.0000 0.0473 0.0000	</row2>
					<row3>	0.2295 0.3904 -1.5783 1.0000	</row3>
				</transform>
			</node>
			<node>
				<identifier>	MP_ZM102_Life_Buoy_INDEX_3	</identifier>
				<transform>
					<row0>	1.0000 0.0000 0.0000 0.0000	</row0>
					<row1>	0.0000 1.0000 0.0000 0.0000	</row1>
					<row2>	0.0000 0.0000 1.0000 0.0000	</row2>
					<row3>	0.0953 0.3904 -0.8485 1.0000	</row3>
				</transform>
			</node>
			<node>
				<identifier>	MP_ZM102_Life_Buoy_INDEX_4	</identifier>
				<transform>
					<row0>	1.0000 0.0000 0.0000 0.0000	</row0>
					<row1>	0.0000 1.0000 0.0000 0.0000	</row1>
					<row2>	0.0000 0.0000 1.0000 0.0000	</row2>
					<row3>	0.0248 0.3904 -0.8485 1.0000	</row3>
				</transform>
			</node>
			<node>
				<identifier>	MP_ZM102_Life_Buoy_INDEX_5	</identifier>
				<transform>
					<row0>	0.0473 0.0000 -0.9989 0.0000	</row0>
					<row1>	0.0000 1.0000 0.0000 0.0000	</row1>
					<row2>	0.9989 0.0000 0.0473 0.0000	</row2>
					<row3>	-0.2295 0.3904 -1.5783 1.0000	</row3>
				</transform>
			</node>
			<node>
				<identifier>	MP_ZM102_Life_Buoy_INDEX_6	</identifier>
				<transform>
					<row0>	0.6102 0.0000 -0.7922 0.0000	</row0>
					<row1>	0.0000 1.0000 0.0000 0.0000	</row1>
					<row2>	0.7922 0.0000 0.6102 0.0000	</row2>
					<row3>	-0.1073 0.3904 -2.0282 1.0000	</row3>
				</transform>
			</node>
			<node>
				<identifier>	MP_ZM102_Life_Buoy_INDEX_7	</identifier>
				<transform>
					<row0>	-0.1306 0.0000 -0.9914 0.0000	</row0>
					<row1>	0.0000 1.0000 0.0000 0.0000	</row1>
					<row2>	0.9914 0.0000 -0.1306 0.0000	</row2>
					<row3>	-0.1679 0.3904 -2.3919 1.0000	</row3>
				</transform>
			</node>
			<node>
				<identifier>	MP_ZM102_Life_Buoy_INDEX_8	</identifier>
				<transform>
					<row0>	0.0507 0.0000 0.9987 0.0000	</row0>
					<row1>	0.0000 1.0000 0.0000 0.0000	</row1>
					<row2>	-0.9987 0.0000 0.0507 0.0000	</row2>
					<row3>	0.5203 0.3547 -2.2150 1.0000	</row3>
				</transform>
			</node>
			<node>
				<identifier>	MP_ZM102_Life_Buoy_INDEX_9	</identifier>
				<transform>
					<row0>	0.0507 0.0000 -0.9987 0.0000	</row0>
					<row1>	0.0000 1.0000 0.0000 0.0000	</row1>
					<row2>	0.9987 0.0000 0.0507 0.0000	</row2>
					<row3>	-0.5203 0.3547 -2.2150 1.0000	</row3>
				</transform>
			</node>
			<node>
				<identifier>	MP_ZM104_Winch_for_Paravane_and_TA	</identifier>
				<transform>
					<row0>	-0.3728 0.0000 0.9279 0.0000	</row0>
					<row1>	0.0000 1.0000 0.0000 0.0000	</row1>
					<row2>	-0.9279 0.0000 -0.3728 0.0000	</row2>
					<row3>	0.0976 0.4705 -0.4538 1.0000	</row3>
				</transform>
			</node>
			<node>
				<identifier>	MP_ZM104_Winch_for_Paravane_and_TA_INDEX_1	</identifier>
				<transform>
					<row0>	-0.4172 0.0000 -0.9088 0.0000	</row0>
					<row1>	0.0000 1.0000 0.0000 0.0000	</row1>
					<row2>	0.9088 0.0000 -0.4172 0.0000	</row2>
					<row3>	-0.0883 0.4705 -0.4349 1.0000	</row3>
				</transform>
			</node>
			<node>
				<identifier>	MP_ZM109_Alarm	</identifier>
				<transform>
					<row0>	-1.0000 0.0000 0.0000 0.0000	</row0>
					<row1>	0.0000 1.0000 0.0000 0.0000	</row1>
					<row2>	0.0000 0.0000 -1.0000 0.0000	</row2>
					<row3>	0.0000 0.5547 -2.0828 1.0000	</row3>
				</transform>
			</node>
			<node>
				<identifier>	MP_ZM168_Cooling_tube	</identifier>
				<transform>
					<row0>	-0.1818 -0.9833 0.0000 0.0000	</row0>
					<row1>	0.9833 -0.1818 0.0000 0.0000	</row1>
					<row2>	0.0000 0.0000 1.0000 0.0000	</row2>
					<row3>	-0.4875 0.2888 -0.8474 1.0000	</row3>
				</transform>
			</node>
			<node>
				<identifier>	MP_ZM168_Cooling_tube_INDEX_1	</identifier>
				<transform>
					<row0>	0.0000 -0.0587 -0.9983 0.0000	</row0>
					<row1>	0.0000 0.9983 -0.0587 0.0000	</row1>
					<row2>	1.0000 0.0000 0.0000 0.0000	</row2>
					<row3>	0.5209 0.2888 -1.1025 1.0000	</row3>
				</transform>
			</node>
			<node>
				<identifier>	MP_ZM168_Cooling_tube_INDEX_2	</identifier>
				<transform>
					<row0>	0.0000 -0.0587 -0.9983 0.0000	</row0>
					<row1>	0.0000 0.9983 -0.0587 0.0000	</row1>
					<row2>	1.0000 0.0000 0.0000 0.0000	</row2>
					<row3>	0.5209 0.2888 -1.3059 1.0000	</row3>
				</transform>
			</node>
			<node>
				<identifier>	MP_ZM168_Cooling_tube_INDEX_3	</identifier>
				<transform>
					<row0>	0.0000 -0.9835 -0.1811 0.0000	</row0>
					<row1>	0.0000 -0.1811 0.9835 0.0000	</row1>
					<row2>	-1.0000 0.0000 0.0000 0.0000	</row2>
					<row3>	-0.5209 0.2888 -1.3059 1.0000	</row3>
				</transform>
			</node>
			<node>
				<identifier>	MP_ZM168_Cooling_tube_INDEX_4	</identifier>
				<transform>
					<row0>	0.0000 -0.9835 -0.1808 0.0000	</row0>
					<row1>	0.0000 -0.1808 0.9835 0.0000	</row1>
					<row2>	-1.0000 0.0000 0.0000 0.0000	</row2>
					<row3>	-0.5209 0.2888 -1.1025 1.0000	</row3>
				</transform>
			</node>
			<node>
				<identifier>	MP_ZM168_Cooling_tube_INDEX_5	</identifier>
				<transform>
					<row0>	0.9983 -0.0587 0.0000 0.0000	</row0>
					<row1>	0.0587 0.9983 0.0000 0.0000	</row1>
					<row2>	0.0000 0.0000 1.0000 0.0000	</row2>
					<row3>	0.4875 0.2888 -0.8474 1.0000	</row3>
				</transform>
			</node>
			<node>
				<identifier>	MP_ZM501_Captain_cutter_pr378_7_4m	</identifier>
				<transform>
					<row0>	1.0000 0.0000 0.0000 0.0000	</row0>
					<row1>	0.0000 1.0000 0.0000 0.0000	</row1>
					<row2>	0.0000 0.0000 1.0000 0.0000	</row2>
					<row3>	-0.1456 0.4491 -1.0694 1.0000	</row3>
				</transform>
			</node>
			<node>
				<identifier>	MP_ZM540_Motor_Launch_10m	</identifier>
				<transform>
					<row0>	1.0000 0.0000 0.0000 0.0000	</row0>
					<row1>	0.0000 1.0000 0.0000 0.0000	</row1>
					<row2>	0.0000 0.0000 1.0000 0.0000	</row2>
					<row3>	0.1424 0.4484 -1.1146 1.0000	</row3>
				</transform>
			</node>
			<node>
				<identifier>	MP_ZM541_Lifeboat_SPS18	</identifier>
				<transform>
					<row0>	0.9992 0.0000 0.0398 0.0000	</row0>
					<row1>	0.0000 1.0000 0.0000 0.0000	</row1>
					<row2>	-0.0398 0.0000 0.9992 0.0000	</row2>
					<row3>	-0.1737 0.4802 -1.5339 1.0000	</row3>
				</transform>
			</node>
			<node>
				<identifier>	MP_ZM541_Lifeboat_SPS18_INDEX_1	</identifier>
				<transform>
					<row0>	0.9992 0.0000 0.0398 0.0000	</row0>
					<row1>	0.0000 1.0000 0.0000 0.0000	</row1>
					<row2>	-0.0398 0.0000 0.9992 0.0000	</row2>
					<row3>	-0.1737 0.4469 -1.5339 1.0000	</row3>
				</transform>
			</node>
			<node>
				<identifier>	MP_ZM541_Lifeboat_SPS18_INDEX_2	</identifier>
				<transform>
					<row0>	0.9992 0.0000 -0.0398 0.0000	</row0>
					<row1>	0.0000 1.0000 0.0000 0.0000	</row1>
					<row2>	0.0398 0.0000 0.9992 0.0000	</row2>
					<row3>	0.1729 0.4469 -1.5490 1.0000	</row3>
				</transform>
			</node>
			<node>
				<identifier>	MP_ZM541_Lifeboat_SPS18_INDEX_3	</identifier>
				<transform>
					<row0>	0.9994 0.0000 -0.0347 0.0000	</row0>
					<row1>	0.0000 1.0000 0.0000 0.0000	</row1>
					<row2>	0.0347 0.0000 0.9994 0.0000	</row2>
					<row3>	-0.1030 0.5044 0.0486 1.0000	</row3>
				</transform>
			</node>
			<node>
				<identifier>	MP_ZM541_Lifeboat_SPS18_INDEX_4	</identifier>
				<transform>
					<row0>	0.9994 0.0000 -0.0347 0.0000	</row0>
					<row1>	0.0000 1.0000 0.0000 0.0000	</row1>
					<row2>	0.0347 0.0000 0.9994 0.0000	</row2>
					<row3>	-0.1030 0.4711 0.0486 1.0000	</row3>
				</transform>
			</node>
			<node>
				<identifier>	MP_ZM541_Lifeboat_SPS18_INDEX_5	</identifier>
				<transform>
					<row0>	0.9994 0.0000 0.0347 0.0000	</row0>
					<row1>	0.0000 1.0000 0.0000 0.0000	</row1>
					<row2>	-0.0347 0.0000 0.9994 0.0000	</row2>
					<row3>	0.1030 0.5044 0.0486 1.0000	</row3>
				</transform>
			</node>
			<node>
				<identifier>	MP_ZM541_Lifeboat_SPS18_INDEX_6	</identifier>
				<transform>
					<row0>	0.9994 0.0000 0.0347 0.0000	</row0>
					<row1>	0.0000 1.0000 0.0000 0.0000	</row1>
					<row2>	-0.0347 0.0000 0.9994 0.0000	</row2>
					<row3>	0.1030 0.4711 0.0486 1.0000	</row3>
				</transform>
			</node>
			<node>
				<identifier>	MP_ZM541_Lifeboat_SPS18_INDEX_7	</identifier>
				<transform>
					<row0>	0.9992 0.0000 -0.0398 0.0000	</row0>
					<row1>	0.0000 1.0000 0.0000 0.0000	</row1>
					<row2>	0.0398 0.0000 0.9992 0.0000	</row2>
					<row3>	0.1729 0.4802 -1.5490 1.0000	</row3>
				</transform>
			</node>
			<node>
				<identifier>	MP_ZM601_Turtles_box	</identifier>
				<transform>
					<row0>	-0.0465 0.0000 -0.9989 0.0000	</row0>
					<row1>	0.0000 1.0000 0.0000 0.0000	</row1>
					<row2>	0.9989 0.0000 -0.0465 0.0000	</row2>
					<row3>	0.2195 0.3177 -1.7980 1.0000	</row3>
				</transform>
			</node>
			<node>
				<identifier>	MP_ZM601_Turtles_box_INDEX_1	</identifier>
				<transform>
					<row0>	-0.0030 0.0000 -1.0000 0.0000	</row0>
					<row1>	0.0000 1.0000 0.0000 0.0000	</row1>
					<row2>	1.0000 0.0000 -0.0030 0.0000	</row2>
					<row3>	0.2334 0.3177 -0.9656 1.0000	</row3>
				</transform>
			</node>
			<node>
				<identifier>	MP_ZM601_Turtles_box_INDEX_2	</identifier>
				<transform>
					<row0>	-0.2723 0.0000 -0.9622 0.0000	</row0>
					<row1>	0.0000 1.0000 0.0000 0.0000	</row1>
					<row2>	0.9622 0.0000 -0.2723 0.0000	</row2>
					<row3>	0.1652 0.3302 -0.8241 1.0000	</row3>
				</transform>
			</node>
			<node>
				<identifier>	MP_ZM601_Turtles_box_INDEX_3	</identifier>
				<transform>
					<row0>	-0.0005 0.0000 1.0000 0.0000	</row0>
					<row1>	0.0000 1.0000 0.0000 0.0000	</row1>
					<row2>	-1.0000 0.0000 -0.0005 0.0000	</row2>
					<row3>	-0.2334 0.3177 -0.9656 1.0000	</row3>
				</transform>
			</node>
			<node>
				<identifier>	MP_ZM601_Turtles_box_INDEX_4	</identifier>
				<transform>
					<row0>	-0.0451 0.0000 0.9990 0.0000	</row0>
					<row1>	0.0000 1.0000 0.0000 0.0000	</row1>
					<row2>	-0.9990 0.0000 -0.0451 0.0000	</row2>
					<row3>	-0.2196 0.3177 -1.7980 1.0000	</row3>
				</transform>
			</node>
			<node>
				<identifier>	MP_ZM601_Turtles_box_INDEX_5	</identifier>
				<transform>
					<row0>	-0.2723 0.0000 0.9622 0.0000	</row0>
					<row1>	0.0000 1.0000 0.0000 0.0000	</row1>
					<row2>	-0.9622 0.0000 -0.2723 0.0000	</row2>
					<row3>	-0.1652 0.3302 -0.8241 1.0000	</row3>
				</transform>
			</node>
			<node>
				<identifier>	MP_ZM602_Pelorus	</identifier>
				<transform>
					<row0>	1.0000 0.0000 0.0004 0.0000	</row0>
					<row1>	0.0000 1.0000 0.0000 0.0000	</row1>
					<row2>	-0.0004 0.0000 1.0000 0.0000	</row2>
					<row3>	0.0004 0.4474 -1.6824 1.0000	</row3>
				</transform>
			</node>
			<node>
				<identifier>	MP_ZM604_Voice_Tube	</identifier>
				<transform>
					<row0>	0.7071 0.0000 0.7071 0.0000	</row0>
					<row1>	0.0000 1.0000 0.0000 0.0000	</row1>
					<row2>	-0.7071 0.0000 0.7071 0.0000	</row2>
					<row3>	-0.0570 0.4476 -1.6961 1.0000	</row3>
				</transform>
			</node>
			<node>
				<identifier>	MP_ZM604_Voice_Tube_INDEX_1	</identifier>
				<transform>
					<row0>	0.7071 0.0000 0.7071 0.0000	</row0>
					<row1>	0.0000 1.0000 0.0000 0.0000	</row1>
					<row2>	-0.7071 0.0000 0.7071 0.0000	</row2>
					<row3>	-0.0801 0.4476 -1.7190 1.0000	</row3>
				</transform>
			</node>
			<node>
				<identifier>	MP_ZM604_Voice_Tube_INDEX_2	</identifier>
				<transform>
					<row0>	0.7071 0.0000 -0.7071 0.0000	</row0>
					<row1>	0.0000 1.0000 0.0000 0.0000	</row1>
					<row2>	0.7071 0.0000 0.7071 0.0000	</row2>
					<row3>	0.1011 0.4476 -1.7403 1.0000	</row3>
				</transform>
			</node>
			<node>
				<identifier>	MP_ZM615_Insulator	</identifier>
				<transform>
					<row0>	1.0000 0.0000 0.0000 0.0000	</row0>
					<row1>	0.0000 1.0000 0.0000 0.0000	</row1>
					<row2>	0.0000 0.0000 1.0000 0.0000	</row2>
					<row3>	0.0887 0.9736 -0.1973 1.0000	</row3>
				</transform>
			</node>
			<node>
				<identifier>	MP_ZM615_Insulator_INDEX_1	</identifier>
				<transform>
					<row0>	1.0000 0.0000 0.0000 0.0000	</row0>
					<row1>	0.0000 1.0000 0.0000 0.0000	</row1>
					<row2>	0.0000 0.0000 1.0000 0.0000	</row2>
					<row3>	-0.0887 0.9736 -0.1973 1.0000	</row3>
				</transform>
			</node>
			<node>
				<identifier>	MP_ZM630_Telephone	</identifier>
				<transform>
					<row0>	0.0439 0.0000 0.9990 0.0000	</row0>
					<row1>	0.0000 1.0000 0.0000 0.0000	</row1>
					<row2>	-0.9990 0.0000 0.0439 0.0000	</row2>
					<row3>	0.2191 0.3970 -1.8068 1.0000	</row3>
				</transform>
