<GSC027_Mainz_1945_Stern_ports.visual>
	<node>
		<identifier>	Scene Root	</identifier>
		<transform>
			<row0>	1.0000 0.0000 0.0000 0.0000	</row0>
			<row1>	0.0000 1.0000 0.0000 0.0000	</row1>
			<row2>	0.0000 0.0000 1.0000 0.0000	</row2>
			<row3>	0.0000 0.0000 0.0000 1.0000	</row3>
		</transform>
		<node>
			<identifier>	Stern_ports	</identifier>
			<transform>
				<row0>	1.0000 0.0000 0.0000 0.0000	</row0>
				<row1>	0.0000 1.0000 0.0000 0.0000	</row1>
				<row2>	0.0000 0.0000 1.0000 0.0000	</row2>
				<row3>	0.0000 0.0000 0.0000 1.0000	</row3>
			</transform>
			<node>
				<identifier>	HP_FX_Fire_4	</identifier>
				<transform>
					<row0>	1.0000 0.0000 0.0000 0.0000	</row0>
					<row1>	0.0000 1.0000 0.0000 0.0000	</row1>
					<row2>	0.0000 0.0000 1.0000 0.0000	</row2>
					<row3>	0.0000 0.3667 -5.5582 1.0000	</row3>
				</transform>
			</node>
			<node>
				<identifier>	HP_FX_WakeTraceBack	</identifier>
				<transform>
					<row0>	1.0000 0.0000 0.0000 0.0000	</row0>
					<row1>	0.0000 1.0000 0.0000 0.0000	</row1>
					<row2>	0.0000 0.0000 1.0000 0.0000	</row2>
					<row3>	0.0000 0.0000 -6.8627 1.0000	</row3>
				</transform>
			</node>
			<node>
				<identifier>	HP_FX_WakeTrace_screw_1	</identifier>
				<transform>
					<row0>	1.0000 0.0000 0.0000 0.0000	</row0>
					<row1>	0.0000 1.0000 0.0000 0.0000	</row1>
					<row2>	0.0000 0.0000 1.0000 0.0000	</row2>
					<row3>	-0.3806 -0.3392 -5.4107 1.0000	</row3>
				</transform>
			</node>
			<node>
				<identifier>	HP_FX_WakeTrace_screw_2	</identifier>
				<transform>
					<row0>	1.0000 0.0000 0.0000 0.0000	</row0>
					<row1>	0.0000 1.0000 0.0000 0.0000	</row1>
					<row2>	0.0000 0.0000 1.0000 0.0000	</row2>
					<row3>	0.0000 -0.4054 -5.5976 1.0000	</row3>
				</transform>
			</node>
			<node>
				<identifier>	HP_FX_WakeTrace_screw_3	</identifier>
				<transform>
					<row0>	1.0000 0.0000 0.0000 0.0000	</row0>
					<row1>	0.0000 1.0000 0.0000 0.0000	</row1>
					<row2>	0.0000 0.0000 1.0000 0.0000	</row2>
					<row3>	0.3806 -0.3392 -5.4107 1.0000	</row3>
				</transform>
			</node>
			<node>
				<identifier>	HP_GGA_26	</identifier>
				<transform>
					<row0>	-1.0000 0.0000 0.0000 0.0000	</row0>
					<row1>	0.0000 1.0000 0.0000 0.0000	</row1>
					<row2>	0.0000 0.0000 -1.0000 0.0000	</row2>
					<row3>	-0.3078 0.3801 -5.0647 1.0000	</row3>
				</transform>
			</node>
			<node>
				<identifier>	HP_GGA_27	</identifier>
				<transform>
					<row0>	-1.0000 0.0000 0.0000 0.0000	</row0>
					<row1>	0.0000 1.0000 0.0000 0.0000	</row1>
					<row2>	0.0000 0.0000 -1.0000 0.0000	</row2>
					<row3>	0.3078 0.3801 -5.0647 1.0000	</row3>
				</transform>
			</node>
			<node>
				<identifier>	HP_GGA_28	</identifier>
				<transform>
					<row0>	-1.0000 0.0000 0.0000 0.0000	</row0>
					<row1>	0.0000 1.0000 0.0000 0.0000	</row1>
					<row2>	0.0000 0.0000 -1.0000 0.0000	</row2>
					<row3>	0.0000 0.3804 -6.2401 1.0000	</row3>
				</transform>
			</node>
			<node>
				<identifier>	HP_GGB_1	</identifier>
				<transform>
					<row0>	-0.2419 0.0000 0.9703 0.0000	</row0>
					<row1>	0.0000 1.0000 0.0000 0.0000	</row1>
					<row2>	-0.9703 0.0000 -0.2419 0.0000	</row2>
					<row3>	-0.2779 0.3743 -6.5594 1.0000	</row3>
				</transform>
			</node>
			<node>
				<identifier>	HP_GGB_2	</identifier>
				<transform>
					<row0>	-0.2419 0.0000 -0.9703 0.0000	</row0>
					<row1>	0.0000 1.0000 0.0000 0.0000	</row1>
					<row2>	0.9703 0.0000 -0.2419 0.0000	</row2>
					<row3>	0.2779 0.3743 -6.5594 1.0000	</row3>
				</transform>
			</node>
			<node>
				<identifier>	HP_GGB_3	</identifier>
				<transform>
					<row0>	-0.2924 0.0000 0.9563 0.0000	</row0>
					<row1>	0.0000 1.0000 0.0000 0.0000	</row1>
					<row2>	-0.9563 0.0000 -0.2924 0.0000	</row2>
					<row3>	-0.2594 0.3743 -6.6308 1.0000	</row3>
				</transform>
			</node>
			<node>
				<identifier>	HP_GGB_4	</identifier>
				<transform>
					<row0>	-0.2924 0.0000 -0.9563 0.0000	</row0>
					<row1>	0.0000 1.0000 0.0000 0.0000	</row1>
					<row2>	0.9563 0.0000 -0.2924 0.0000	</row2>
					<row3>	0.2594 0.3743 -6.6308 1.0000	</row3>
				</transform>
			</node>
			<node>
				<identifier>	HP_GGB_5	</identifier>
				<transform>
					<row0>	-0.2924 0.0000 0.9563 0.0000	</row0>
					<row1>	0.0000 1.0000 0.0000 0.0000	</row1>
					<row2>	-0.9563 0.0000 -0.2924 0.0000	</row2>
					<row3>	-0.2417 0.3743 -6.6889 1.0000	</row3>
				</transform>
			</node>
			<node>
				<identifier>	HP_GGB_6	</identifier>
				<transform>
					<row0>	-0.2924 0.0000 -0.9563 0.0000	</row0>
					<row1>	0.0000 1.0000 0.0000 0.0000	</row1>
					<row2>	0.9563 0.0000 -0.2924 0.0000	</row2>
					<row3>	0.2417 0.3743 -6.6889 1.0000	</row3>
				</transform>
			</node>
			<node>
				<identifier>	HP_GGM_4	</identifier>
				<transform>
					<row0>	-1.0000 0.0000 0.0000 0.0000	</row0>
					<row1>	0.0000 1.0000 0.0000 0.0000	</row1>
					<row2>	0.0000 0.0000 -1.0000 0.0000	</row2>
					<row3>	0.0000 0.4185 -4.2804 1.0000	</row3>
				</transform>
			</node>
			<node>
				<identifier>	HP_Ship_death_3	</identifier>
				<transform>
					<row0>	1.0000 0.0000 0.0000 0.0000	</row0>
					<row1>	0.0000 1.0000 0.0000 0.0000	</row1>
					<row2>	0.0000 0.0000 1.0000 0.0000	</row2>
					<row3>	0.0000 0.0000 -4.1489 1.0000	</row3>
				</transform>
			</node>
			<node>
				<identifier>	MP_CM094_Propeller3_L	</identifier>
				<transform>
					<row0>	0.9527 0.0002 -0.0225 0.0000	</row0>
					<row1>	-0.0007 0.9527 -0.0229 0.0000	</row1>
					<row2>	0.0225 0.0229 0.9525 0.0000	</row2>
					<row3>	-0.3806 -0.3392 -5.4107 1.0000	</row3>
				</transform>
			</node>
			<node>
				<identifier>	MP_CM094_Propeller3_L_INDEX_1	</identifier>
				<transform>
					<row0>	0.9532 0.0000 0.0000 0.0000	</row0>
					<row1>	0.0000 0.9515 -0.0569 0.0000	</row1>
					<row2>	0.0000 0.0569 0.9515 0.0000	</row2>
					<row3>	0.0000 -0.4054 -5.5976 1.0000	</row3>
				</transform>
			</node>
			<node>
				<identifier>	MP_CM095_Propeller3_R	</identifier>
				<transform>
					<row0>	0.9527 -0.0002 0.0225 0.0000	</row0>
					<row1>	0.0007 0.9527 -0.0229 0.0000	</row1>
					<row2>	-0.0225 0.0229 0.9525 0.0000	</row2>
					<row3>	0.3806 -0.3392 -5.4107 1.0000	</row3>
				</transform>
			</node>
			<node>
				<identifier>	MP_CM126_Cleat	</identifier>
				<transform>
					<row0>	0.9964 0.0000 0.0845 0.0000	</row0>
					<row1>	0.0000 1.0000 0.0000 0.0000	</row1>
					<row2>	-0.0845 0.0000 0.9964 0.0000	</row2>
					<row3>	-0.4346 0.3731 -5.5310 1.0000	</row3>
				</transform>
			</node>
			<node>
				<identifier>	MP_CM126_Cleat_INDEX_1	</identifier>
				<transform>
					<row0>	0.9964 0.0000 -0.0845 0.0000	</row0>
					<row1>	0.0000 1.0000 0.0000 0.0000	</row1>
					<row2>	0.0845 0.0000 0.9964 0.0000	</row2>
					<row3>	0.4346 0.3731 -5.5310 1.0000	</row3>
				</transform>
			</node>
			<node>
				<identifier>	MP_CM126_Cleat_INDEX_2	</identifier>
				<transform>
					<row0>	0.9978 0.0000 0.0667 0.0000	</row0>
					<row1>	0.0000 1.0000 0.0000 0.0000	</row1>
					<row2>	-0.0667 0.0000 0.9978 0.0000	</row2>
					<row3>	-0.5181 0.3731 -4.7587 1.0000	</row3>
				</transform>
			</node>
			<node>
				<identifier>	MP_CM126_Cleat_INDEX_3	</identifier>
				<transform>
					<row0>	0.9964 0.0000 -0.0845 0.0000	</row0>
					<row1>	0.0000 1.0000 0.0000 0.0000	</row1>
					<row2>	0.0845 0.0000 0.9964 0.0000	</row2>
					<row3>	0.4209 0.3731 -5.6912 1.0000	</row3>
				</transform>
			</node>
			<node>
				<identifier>	MP_CM126_Cleat_INDEX_4	</identifier>
				<transform>
					<row0>	0.9964 0.0000 0.0845 0.0000	</row0>
					<row1>	0.0000 1.0000 0.0000 0.0000	</row1>
					<row2>	-0.0845 0.0000 0.9964 0.0000	</row2>
					<row3>	-0.4209 0.3731 -5.6912 1.0000	</row3>
				</transform>
			</node>
			<node>
				<identifier>	MP_CM126_Cleat_INDEX_5	</identifier>
				<transform>
					<row0>	0.9978 0.0000 -0.0667 0.0000	</row0>
					<row1>	0.0000 1.0000 0.0000 0.0000	</row1>
					<row2>	0.0667 0.0000 0.9978 0.0000	</row2>
					<row3>	0.5181 0.3731 -4.7587 1.0000	</row3>
				</transform>
			</node>
			<node>
				<identifier>	MP_GM034_Turtles_box	</identifier>
				<transform>
					<row0>	1.0000 0.0000 0.0000 0.0000	</row0>
					<row1>	0.0000 1.0000 0.0000 0.0000	</row1>
					<row2>	0.0000 0.0000 1.0000 0.0000	</row2>
					<row3>	-0.3459 0.3981 -4.9045 1.0000	</row3>
				</transform>
			</node>
			<node>
				<identifier>	MP_GM034_Turtles_box_INDEX_1	</identifier>
				<transform>
					<row0>	1.0000 0.0000 0.0000 0.0000	</row0>
					<row1>	0.0000 1.0000 0.0000 0.0000	</row1>
					<row2>	0.0000 0.0000 1.0000 0.0000	</row2>
					<row3>	0.3475 0.3981 -4.9045 1.0000	</row3>
				</transform>
			</node>
			<node>
				<identifier>	MP_GM034_Turtles_box_INDEX_2	</identifier>
				<transform>
					<row0>	1.0000 0.0000 0.0000 0.0000	</row0>
					<row1>	0.0000 1.0000 0.0000 0.0000	</row1>
					<row2>	0.0000 0.0000 1.0000 0.0000	</row2>
					<row3>	0.0275 0.3981 -6.0800 1.0000	</row3>
				</transform>
			</node>
			<node>
				<identifier>	MP_GM035_LifeBuoy_Mount	</identifier>
				<transform>
					<row0>	0.0000 0.0000 1.0000 0.0000	</row0>
					<row1>	0.0000 1.0000 0.0000 0.0000	</row1>
					<row2>	-1.0000 0.0000 0.0000 0.0000	</row2>
					<row3>	0.0253 0.4220 -5.7016 1.0000	</row3>
				</transform>
			</node>
			<node>
				<identifier>	MP_GM856_Mastheadlight	</identifier>
				<transform>
					<row0>	-1.0000 0.0000 0.0000 0.0000	</row0>
					<row1>	0.0000 1.0000 0.0000 0.0000	</row1>
					<row2>	0.0000 0.0000 -1.0000 0.0000	</row2>
					<row3>	0.0000 0.4246 -7.0373 1.0000	</row3>
				</transform>
			</node>
			<node>
				<identifier>	SP_YMS011_YHWL_M_1_INDEX_12	</identifier>
				<transform>
					<row0>	0.9948 0.0418 0.0932 0.0000	</row0>
					<row1>	-0.0418 0.9991 -0.0021 0.0000	</row1>
					<row2>	-0.0932 -0.0018 0.9956 0.0000	</row2>
					<row3>	-0.5043 0.0000 -4.6579 1.0000	</row3>
				</transform>
			</node>
			<node>
				<identifier>	SP_YMS011_YHWL_M_1_INDEX_13	</identifier>
				<transform>
					<row0>	0.9094 0.3933 0.1357 0.0000	</row0>
					<row1>	-0.3891 0.9194 -0.0567 0.0000	</row1>
					<row2>	-0.1471 -0.0013 0.9891 0.0000	</row2>
					<row3>	-0.3873 0.0000 -5.4843 1.0000	</row3>
				</transform>
			</node>
			<node>
				<identifier>	SP_YMS011_YHWL_M_1_INDEX_14	</identifier>
				<transform>
					<row0>	0.8167 0.5258 0.2376 0.0000	</row0>
					<row1>	-0.5088 0.8505 -0.1332 0.0000	</row1>
					<row2>	-0.2721 -0.0121 0.9622 0.0000	</row2>
					<row3>	-0.2086 0.0000 -6.2976 1.0000	</row3>
				</transform>
			</node>
			<node>
				<identifier>	SP_YMS012_YHWR_M_1_INDEX_12	</identifier>
				<transform>
					<row0>	0.9948 -0.0418 -0.0932 0.0000	</row0>
					<row1>	0.0418 0.9991 -0.0021 0.0000	</row1>
					<row2>	0.0932 -0.0018 0.9956 0.0000	</row2>
					<row3>	0.5043 0.0000 -4.6579 1.0000	</row3>
				</transform>
			</node>
			<node>
				<identifier>	SP_YMS012_YHWR_M_1_INDEX_13	</identifier>
				<transform>
					<row0>	0.9094 -0.3933 -0.1357 0.0000	</row0>
					<row1>	0.3891 0.9194 -0.0567 0.0000	</row1>
					<row2>	0.1471 -0.0013 0.9891 0.0000	</row2>
					<row3>	0.3873 0.0000 -5.4843 1.0000	</row3>
				</transform>
			</node>
			<node>
				<identifier>	SP_YMS012_YHWR_M_1_INDEX_14	</identifier>
				<transform>
					<row0>	0.8167 -0.5258 -0.2376 0.0000	</row0>
					<row1>	0.5088 0.8505 -0.1332 0.0000	</row1>
					<row2>	0.2721 -0.0121 0.9622 0.0000	</row2>
					<row3>	0.2086 0.0000 -6.2976 1.0000	</row3>
				</transform>
			</node>
			<node>
				<identifier>	SP_YMS030_YHAM_M_1	</identifier>
				<transform>
					<row0>	0.5840 0.0000 0.0000 0.0000	</row0>
					<row1>	0.0000 0.5840 0.0000 0.0000	</row1>
					<row2>	0.0000 0.0000 0.5840 0.0000	</row2>
					<row3>	0.0000 0.2541 -7.0090 1.0000	</row3>
				</transform>
			</node>
			<node>
				<identifier>	SP_YMS031_YHAL_M_1	</identifier>
				<transform>
					<row0>	0.8906 0.0000 0.1295 0.0000	</row0>
					<row1>	0.0000 0.9000 0.0000 0.0000	</row1>
					<row2>	-0.1295 0.0000 0.8906 0.0000	</row2>
					<row3>	-0.3446 0.2670 -6.4404 1.0000	</row3>
				</transform>
			</node>
			<node>
				<identifier>	SP_YMS032_YHAR_M_1	</identifier>
				<transform>
					<row0>	0.8906 0.0000 -0.1295 0.0000	</row0>
					<row1>	0.0000 0.9000 0.0000 0.0000	</row1>
					<row2>	0.1295 0.0000 0.8906 0.0000	</row2>
					<row3>	0.3446 0.2670 -6.4404 1.0000	</row3>
				</transform>
			</node>
			<node>
				<identifier>	SP_YMS053_YHDC_S_1_INDEX_10	</identifier>
				<transform>
					<row0>	0.9997 -0.0224 -0.0008 0.0000	</row0>
					<row1>	0.0224 0.9997 -0.0026 0.0000	</row1>
					<row2>	0.0008 0.0026 1.0000 0.0000	</row2>
					<row3>	0.2435 0.3944 -5.6831 1.0000	</row3>
				</transform>
			</node>
			<node>
				<identifier>	SP_YMS053_YHDC_S_1_INDEX_11	</identifier>
				<transform>
					<row0>	0.9998 -0.0209 0.0000 0.0000	</row0>
					<row1>	0.0209 0.9998 0.0000 0.0000	</row1>
					<row2>	0.0000 0.0000 1.0000 0.0000	</row2>
					<row3>	0.0974 0.3944 -6.6521 1.0000	</row3>
				</transform>
			</node>
			<node>
				<identifier>	SP_YMS053_YHDC_S_1_INDEX_7	</identifier>
				<transform>
					<row0>	0.9993 0.0376 0.0008 0.0000	</row0>
					<row1>	-0.0376 0.9993 -0.0026 0.0000	</row1>
					<row2>	-0.0009 0.0026 1.0000 0.0000	</row2>
					<row3>	-0.3677 0.3925 -4.6716 1.0000	</row3>
				</transform>
			</node>
			<node>
				<identifier>	SP_YMS053_YHDC_S_1_INDEX_8	</identifier>
				<transform>
					<row0>	0.9993 -0.0376 -0.0008 0.0000	</row0>
					<row1>	0.0376 0.9993 -0.0026 0.0000	</row1>
					<row2>	0.0009 0.0026 1.0000 0.0000	</row2>
					<row3>	0.3677 0.3925 -4.6716 1.0000	</row3>
				</transform>
			</node>
			<node>
				<identifier>	SP_YMS053_YHDC_S_1_INDEX_9	</identifier>
				<transform>
					<row0>	0.9997 0.0224 0.0008 0.0000	</row0>
					<row1>	-0.0224 0.9997 -0.0026 0.0000	</row1>
					<row2>	-0.0008 0.0026 1.0000 0.0000	</row2>
					<row3>	-0.2435 0.3944 -5.6831 1.0000	</row3>
				</transform>
			</node>
			<node>
				<identifier>	SP_YMS083_YHSC_L_1_INDEX_6	</identifier>
				<transform>
					<row0>	0.0649 0.0020 -0.7156 0.0000	</row0>
					<row1>	-0.1740 0.6970 -0.0139 0.0000	</row1>
					<row2>	0.6941 0.1746 0.0634 0.0000	</row2>
					<row3>	-0.5679 0.3591 -4.5922 1.0000	</row3>
				</transform>
			</node>
			<node>
				<identifier>	SP_YMS083_YHSC_L_1_INDEX_7	</identifier>
				<transform>
					<row0>	0.0649 -0.0020 0.7156 0.0000	</row0>
					<row1>	0.1740 0.6970 -0.0139 0.0000	</row1>
					<row2>	-0.6941 0.1746 0.0634 0.0000	</row2>
					<row3>	0.5679 0.3591 -4.5922 1.0000	</row3>
				</transform>
			</node>
			<node>
				<identifier>	SP_YMS083_YHSC_L_1_INDEX_8	</identifier>
				<transform>
					<row0>	0.0768 0.0027 -0.7144 0.0000	</row0>
					<row1>	-0.1794 0.6956 -0.0166 0.0000	</row1>
					<row2>	0.6915 0.1801 0.0751 0.0000	</row2>
					<row3>	-0.5153 0.3591 -5.1376 1.0000	</row3>
				</transform>
			</node>
			<node>
				<identifier>	SP_YMS083_YHSC_L_1_INDEX_9	</identifier>
				<transform>
					<row0>	0.0768 -0.0027 0.7144 0.0000	</row0>
					<row1>	0.1794 0.6956 -0.0166 0.0000	</row1>
					<row2>	-0.6915 0.1801 0.0751 0.0000	</row2>
					<row3>	0.5153 0.3591 -5.1376 1.0000	</row3>
				</transform>
			</node>
			<node>
				<identifier>	SP_YMS096_YHZC_S_1_INDEX_47	</identifier>
				<transform>
					<row0>	0.6167 0.0000 0.0000 0.0000	</row0>
					<row1>	0.0000 0.6167 0.0000 0.0000	</row1>
					<row2>	0.0000 0.0000 0.6167 0.0000	</row2>
					<row3>	-0.3078 0.4500 -5.2238 1.0000	</row3>
				</transform>
			</node>
			<node>
				<identifier>	SP_YMS096_YHZC_S_1_INDEX_48	</identifier>
				<transform>
					<row0>	0.6167 0.0000 0.0000 0.0000	</row0>
					<row1>	0.0000 0.6167 0.0000 0.0000	</row1>
					<row2>	0.0000 0.0000 0.6167 0.0000	</row2>
					<row3>	0.3078 0.4500 -5.2238 1.0000	</row3>
				</transform>
			</node>
			<node>
				<identifier>	SP_YMS096_YHZC_S_1_INDEX_49	</identifier>
				<transform>
					<row0>	0.0000 0.0000 -0.5510 0.0000	</row0>
					<row1>	0.0000 0.5510 0.0000 0.0000	</row1>
					<row2>	0.5510 0.0000 0.0000 0.0000	</row2>
					<row3>	-0.1602 0.4537 -6.2399 1.0000	</row3>
				</transform>
			</node>
			<node>
				<identifier>	SP_YMS096_YHZC_S_1_INDEX_50	</identifier>
				<transform>
					<row0>	0.0000 0.0000 0.5510 0.0000	</row0>
					<row1>	0.0000 0.5510 0.0000 0.0000	</row1>
					<row2>	-0.5510 0.0000 0.0000 0.0000	</row2>
					<row3>	0.1602 0.4537 -6.2399 1.0000	</row3>
				</transform>
			</node>
		</node>
	</node>
	<boundingBox>
		<min>	-0.0667 -0.0667 -0.0667	</min>
		<max>	0.0667 0.0667 0.0667	</max>
	</boundingBox>
</GSC027_Mainz_1945_Stern_ports.visual>
