<ASA009_Roosevelt_1947_MidBack.visual>
	<node>
		<identifier>	Scene Root	</identifier>
		<transform>
			<row0>	1.0000 0.0000 0.0000 0.0000	</row0>
			<row1>	0.0000 1.0000 0.0000 0.0000	</row1>
			<row2>	0.0000 0.0000 1.0000 0.0000	</row2>
			<row3>	0.0000 0.0000 0.0000 1.0000	</row3>
		</transform>
		<node>
			<identifier>	MidBack	</identifier>
			<transform>
				<row0>	1.0000 0.0000 0.0000 0.0000	</row0>
				<row1>	0.0000 1.0000 0.0000 0.0000	</row1>
				<row2>	0.0000 0.0000 1.0000 0.0000	</row2>
				<row3>	0.0000 0.0000 0.0000 1.0000	</row3>
			</transform>
			<node>
				<identifier>	Antenna	</identifier>
				<transform>
					<row0>	1.0000 0.0000 0.0000 0.0000	</row0>
					<row1>	0.0000 1.0000 0.0000 0.0000	</row1>
					<row2>	0.0000 0.0000 1.0000 0.0000	</row2>
					<row3>	0.0000 0.0000 0.0000 1.0000	</row3>
				</transform>
				<node>
					<identifier>	Antenna_wire	</identifier>
					<transform>
						<row0>	1.0000 0.0000 0.0000 0.0000	</row0>
						<row1>	0.0000 1.0000 0.0000 0.0000	</row1>
						<row2>	0.0000 0.0000 1.0000 0.0000	</row2>
						<row3>	0.0000 0.0000 0.0000 1.0000	</row3>
					</transform>
				</node>
			</node>
			<node>
				<identifier>	MidBack_DeckHouse	</identifier>
				<transform>
					<row0>	1.0000 0.0000 0.0000 0.0000	</row0>
					<row1>	0.0000 1.0000 0.0000 0.0000	</row1>
					<row2>	0.0000 0.0000 1.0000 0.0000	</row2>
					<row3>	0.0000 0.0000 0.0000 1.0000	</row3>
				</transform>
			</node>
			<node>
				<identifier>	MidBack_DeckHouse_hide	</identifier>
				<transform>
					<row0>	1.0000 0.0000 0.0000 0.0000	</row0>
					<row1>	0.0000 1.0000 0.0000 0.0000	</row1>
					<row2>	0.0000 0.0000 1.0000 0.0000	</row2>
					<row3>	0.0000 0.0000 0.0000 1.0000	</row3>
				</transform>
			</node>
			<node>
				<identifier>	MidBack_DeckHouse_wire	</identifier>
				<transform>
					<row0>	1.0000 0.0000 0.0000 0.0000	</row0>
					<row1>	0.0000 1.0000 0.0000 0.0000	</row1>
					<row2>	0.0000 0.0000 1.0000 0.0000	</row2>
					<row3>	0.0000 0.0000 0.0000 1.0000	</row3>
				</transform>
			</node>
			<node>
				<identifier>	MidBack_DeckHouse_wire_flagfal	</identifier>
				<transform>
					<row0>	1.0000 0.0000 0.0000 0.0000	</row0>
					<row1>	0.0000 1.0000 0.0000 0.0000	</row1>
					<row2>	0.0000 0.0000 1.0000 0.0000	</row2>
					<row3>	0.0000 0.0000 0.0000 1.0000	</row3>
				</transform>
			</node>
			<node>
				<identifier>	MidBack_Net	</identifier>
				<transform>
					<row0>	1.0000 0.0000 0.0000 0.0000	</row0>
					<row1>	0.0000 1.0000 0.0000 0.0000	</row1>
					<row2>	0.0000 0.0000 1.0000 0.0000	</row2>
					<row3>	0.0000 0.0000 0.0000 1.0000	</row3>
				</transform>
			</node>
			<node>
				<identifier>	MidBack_Underwater	</identifier>
				<transform>
					<row0>	1.0000 0.0000 0.0000 0.0000	</row0>
					<row1>	0.0000 1.0000 0.0000 0.0000	</row1>
					<row2>	0.0000 0.0000 1.0000 0.0000	</row2>
					<row3>	0.0000 0.0000 0.0000 1.0000	</row3>
				</transform>
			</node>
			<node>
				<identifier>	MidBack_crack_MidFront	</identifier>
				<transform>
					<row0>	1.0000 0.0000 0.0000 0.0000	</row0>
					<row1>	0.0000 1.0000 0.0000 0.0000	</row1>
					<row2>	0.0000 0.0000 1.0000 0.0000	</row2>
					<row3>	0.0000 0.0000 0.0000 1.0000	</row3>
				</transform>
				<node>
					<identifier>	MidBack_crack_MidFront_in	</identifier>
					<transform>
						<row0>	1.0000 0.0000 0.0000 0.0000	</row0>
						<row1>	0.0000 1.0000 0.0000 0.0000	</row1>
						<row2>	0.0000 0.0000 1.0000 0.0000	</row2>
						<row3>	0.0000 0.0000 0.0000 1.0000	</row3>
					</transform>
				</node>
			</node>
			<node>
				<identifier>	MidBack_crack_Stern	</identifier>
				<transform>
					<row0>	1.0000 0.0000 0.0000 0.0000	</row0>
					<row1>	0.0000 1.0000 0.0000 0.0000	</row1>
					<row2>	0.0000 0.0000 1.0000 0.0000	</row2>
					<row3>	0.0000 0.0000 0.0000 1.0000	</row3>
				</transform>
				<node>
					<identifier>	MidBack_crack_Stern_in	</identifier>
					<transform>
						<row0>	1.0000 0.0000 0.0000 0.0000	</row0>
						<row1>	0.0000 1.0000 0.0000 0.0000	</row1>
						<row2>	0.0000 0.0000 1.0000 0.0000	</row2>
						<row3>	0.0000 0.0000 0.0000 1.0000	</row3>
					</transform>
				</node>
			</node>
			<node>
				<identifier>	MidBack_glass	</identifier>
				<transform>
					<row0>	1.0000 0.0000 0.0000 0.0000	</row0>
					<row1>	0.0000 1.0000 0.0000 0.0000	</row1>
					<row2>	0.0000 0.0000 1.0000 0.0000	</row2>
					<row3>	0.0000 0.0000 0.0000 1.0000	</row3>
				</transform>
			</node>
			<node>
				<identifier>	MidBack_patch_Stern	</identifier>
				<transform>
					<row0>	1.0000 0.0000 0.0000 0.0000	</row0>
					<row1>	0.0000 1.0000 0.0000 0.0000	</row1>
					<row2>	0.0000 0.0000 1.0000 0.0000	</row2>
					<row3>	0.0000 0.0000 0.0000 1.0000	</row3>
				</transform>
			</node>
		</node>
		<node>
			<identifier>	Root	</identifier>
			<transform>
				<row0>	1.0000 0.0000 0.0000 0.0000	</row0>
				<row1>	0.0000 1.0000 0.0000 0.0000	</row1>
				<row2>	0.0000 0.0000 1.0000 0.0000	</row2>
				<row3>	0.0000 0.0000 0.0000 1.0000	</row3>
			</transform>
			<node>
				<identifier>	MidBack_DeckHouse_Antenna_r_1	</identifier>
				<transform>
					<row0>	1.0000 0.0000 0.0000 0.0000	</row0>
					<row1>	0.0000 1.0000 0.0000 0.0000	</row1>
					<row2>	0.0000 0.0000 1.0000 0.0000	</row2>
					<row3>	1.1698 0.9656 5.7487 1.0000	</row3>
				</transform>
				<node>
					<identifier>	MidBack_DeckHouse_Antenna_r_1_BlendBone	</identifier>
					<transform>
						<row0>	1.0000 0.0000 0.0000 0.0000	</row0>
						<row1>	0.0000 1.0000 0.0000 0.0000	</row1>
						<row2>	0.0000 0.0000 -1.0000 0.0000	</row2>
						<row3>	-1.1698 -0.9656 -5.7487 1.0000	</row3>
					</transform>
				</node>
				<node>
					<identifier>	MidBack_DeckHouse_Antenna_r_1a	</identifier>
					<transform>
						<row0>	1.0000 0.0000 0.0000 0.0000	</row0>
						<row1>	0.0000 1.0000 0.0000 0.0000	</row1>
						<row2>	0.0000 0.0000 1.0000 0.0000	</row2>
						<row3>	-0.0127 0.0215 0.0000 1.0000	</row3>
					</transform>
					<node>
						<identifier>	MidBack_DeckHouse_Antenna_r_1a_BlendBone	</identifier>
						<transform>
							<row0>	1.0000 0.0000 0.0000 0.0000	</row0>
							<row1>	0.0000 1.0000 0.0000 0.0000	</row1>
							<row2>	0.0000 0.0000 -1.0000 0.0000	</row2>
							<row3>	-1.1571 -0.9870 -5.7487 1.0000	</row3>
						</transform>
					</node>
				</node>
				<node>
					<identifier>	MidBack_DeckHouse_Antenna_r_1b	</identifier>
					<transform>
						<row0>	0.0459 -0.9989 -0.0111 0.0000	</row0>
						<row1>	0.9710 0.0473 -0.2344 0.0000	</row1>
						<row2>	0.2347 0.0000 0.9721 0.0000	</row2>
						<row3>	0.0064 0.0554 0.0000 1.0000	</row3>
					</transform>
					<node>
						<identifier>	MidBack_DeckHouse_Antenna_r_1b1	</identifier>
						<transform>
							<row0>	0.9982 -0.0593 -0.0127 0.0000	</row0>
							<row1>	-0.0501 -0.6870 -0.7250 0.0000	</row1>
							<row2>	0.0343 0.7243 -0.6887 0.0000	</row2>
							<row3>	0.0446 0.0000 0.0000 1.0000	</row3>
						</transform>
						<node>
							<identifier>	MidBack_DeckHouse_Antenna_r_1b1_BlendBone	</identifier>
							<transform>
								<row0>	-0.0147 -0.8395 0.5432 0.0000	</row0>
								<row1>	-0.9998 0.0176 0.0000 0.0000	</row1>
								<row2>	0.0095 0.5431 0.8396 0.0000	</row2>
								<row3>	1.0485 4.0940 4.1861 1.0000	</row3>
							</transform>
						</node>
						<node>
							<identifier>	MidBack_DeckHouse_Antenna_r_1b2	</identifier>
							<transform>
								<row0>	0.8731 0.4096 -0.2646 0.0000	</row0>
								<row1>	-0.4875 0.7435 -0.4577 0.0000	</row1>
								<row2>	0.0093 0.5286 0.8488 0.0000	</row2>
								<row3>	0.0225 0.0000 0.0000 1.0000	</row3>
							</transform>
							<node>
								<identifier>	MidBack_DeckHouse_Antenna_r_1b2_BlendBone	</identifier>
								<transform>
									<row0>	-0.5004 -0.8656 0.0172 0.0000	</row0>
									<row1>	-0.8657 0.5005 0.0000 0.0000	</row1>
									<row2>	0.0086 0.0149 0.9999 0.0000	</row2>
									<row3>	1.4650 0.6279 5.7269 1.0000	</row3>
								</transform>
							</node>
							<node>
								<identifier>	MidBack_DeckHouse_Antenna_r_1b3	</identifier>
								<transform>
									<row0>	0.7401 0.6724 -0.0063 0.0000	</row0>
									<row1>	-0.6725 0.7401 -0.0020 0.0000	</row1>
									<row2>	0.0033 0.0057 1.0000 0.0000	</row2>
									<row3>	0.0037 0.0000 0.0000 1.0000	</row3>
								</transform>
								<node>
									<identifier>	MidBack_DeckHouse_Antenna_r_1b3_BlendBone	</identifier>
									<transform>
										<row0>	-0.9526 -0.3042 0.0106 0.0000	</row0>
										<row1>	-0.3042 0.9526 0.0000 0.0000	</row1>
										<row2>	0.0101 0.0032 0.9999 0.0000	</row2>
										<row3>	1.4676 -0.5295 5.7352 1.0000	</row3>
									</transform>
								</node>
								<node>
									<identifier>	MidBack_DeckHouse_Antenna_r_1b4	</identifier>
									<transform>
										<row0>	-0.4000 0.9163 -0.0201 0.0000	</row0>
										<row1>	0.8979 0.3962 0.1921 0.0000	</row1>
										<row2>	0.1840 0.0588 -0.9812 0.0000	</row2>
										<row3>	0.0247 0.0000 0.0000 1.0000	</row3>
									</transform>
									<node>
										<identifier>	MidBack_DeckHouse_Antenna_r_1b4_BlendBone	</identifier>
										<transform>
											<row0>	0.1021 -0.9737 -0.2036 0.0000	</row0>
											<row1>	0.9945 0.1043 0.0000 0.0000	</row1>
											<row2>	-0.0212 0.2024 -0.9791 0.0000	</row2>
											<row3>	-1.1778 2.1875 -5.3928 1.0000	</row3>
										</transform>
									</node>
								</node>
							</node>
						</node>
					</node>
					<node>
						<identifier>	MidBack_DeckHouse_Antenna_r_1b_BlendBone	</identifier>
						<transform>
							<row0>	0.0459 0.9710 0.2347 0.0000	</row0>
							<row1>	-0.9989 0.0473 0.0000 0.0000	</row1>
							<row2>	0.0111 0.2344 -0.9721 0.0000	</row2>
							<row3>	1.0296 0.1572 -5.8642 1.0000	</row3>
						</transform>
					</node>
				</node>
			</node>
			<node>
				<identifier>	MidBack_DeckHouse_Antenna_r_2	</identifier>
				<transform>
					<row0>	1.0000 0.0000 0.0000 0.0000	</row0>
					<row1>	0.0000 1.0000 0.0000 0.0000	</row1>
					<row2>	0.0000 0.0000 1.0000 0.0000	</row2>
					<row3>	1.1739 0.9656 5.4314 1.0000	</row3>
				</transform>
				<node>
					<identifier>	MidBack_DeckHouse_Antenna_r_2_BlendBone	</identifier>
					<transform>
						<row0>	1.0000 0.0000 0.0000 0.0000	</row0>
						<row1>	0.0000 1.0000 0.0000 0.0000	</row1>
						<row2>	0.0000 0.0000 -1.0000 0.0000	</row2>
						<row3>	-1.1739 -0.9656 -5.4314 1.0000	</row3>
					</transform>
				</node>
				<node>
					<identifier>	MidBack_DeckHouse_Antenna_r_2a	</identifier>
					<transform>
						<row0>	1.0000 0.0000 0.0000 0.0000	</row0>
						<row1>	0.0000 1.0000 0.0000 0.0000	</row1>
						<row2>	0.0000 0.0000 1.0000 0.0000	</row2>
						<row3>	-0.0153 0.0214 -0.0001 1.0000	</row3>
					</transform>
					<node>
						<identifier>	MidBack_DeckHouse_Antenna_r_2a_BlendBone	</identifier>
						<transform>
							<row0>	1.0000 0.0000 0.0000 0.0000	</row0>
							<row1>	0.0000 1.0000 0.0000 0.0000	</row1>
							<row2>	0.0000 0.0000 -1.0000 0.0000	</row2>
							<row3>	-1.1587 -0.9871 -5.4313 1.0000	</row3>
						</transform>
					</node>
				</node>
				<node>
					<identifier>	MidBack_DeckHouse_Antenna_r_2b	</identifier>
					<transform>
						<row0>	0.0459 -0.9989 -0.0111 0.0000	</row0>
						<row1>	0.9710 0.0473 -0.2344 0.0000	</row1>
						<row2>	0.2347 0.0000 0.9721 0.0000	</row2>
						<row3>	0.0064 0.0554 0.0000 1.0000	</row3>
					</transform>
					<node>
						<identifier>	MidBack_DeckHouse_Antenna_r_2b1	</identifier>
						<transform>
							<row0>	0.9982 -0.0593 -0.0127 0.0000	</row0>
							<row1>	-0.0501 -0.6870 -0.7250 0.0000	</row1>
							<row2>	0.0343 0.7243 -0.6887 0.0000	</row2>
							<row3>	0.0446 0.0000 0.0000 1.0000	</row3>
						</transform>
						<node>
							<identifier>	MidBack_DeckHouse_Antenna_r_2b1_BlendBone	</identifier>
							<transform>
								<row0>	-0.0147 -0.8395 0.5432 0.0000	</row0>
								<row1>	-0.9998 0.0176 0.0000 0.0000	</row1>
								<row2>	0.0095 0.5431 0.8396 0.0000	</row2>
								<row3>	1.0455 3.9251 3.9175 1.0000	</row3>
							</transform>
						</node>
						<node>
							<identifier>	MidBack_DeckHouse_Antenna_r_2b2	</identifier>
							<transform>
								<row0>	0.8731 0.4096 -0.2646 0.0000	</row0>
								<row1>	-0.4875 0.7435 -0.4577 0.0000	</row1>
								<row2>	0.0093 0.5286 0.8488 0.0000	</row2>
								<row3>	0.0225 0.0000 0.0000 1.0000	</row3>
							</transform>
							<node>
								<identifier>	MidBack_DeckHouse_Antenna_r_2b2_BlendBone	</identifier>
								<transform>
									<row0>	-0.5004 -0.8656 0.0172 0.0000	</row0>
									<row1>	-0.8657 0.5005 0.0000 0.0000	</row1>
									<row2>	0.0086 0.0149 0.9999 0.0000	</row2>
									<row3>	1.4643 0.6268 5.4095 1.0000	</row3>
								</transform>
							</node>
							<node>
								<identifier>	MidBack_DeckHouse_Antenna_r_2b3	</identifier>
								<transform>
									<row0>	0.7401 0.6724 -0.0063 0.0000	</row0>
									<row1>	-0.6725 0.7401 -0.0020 0.0000	</row1>
									<row2>	0.0033 0.0057 1.0000 0.0000	</row2>
									<row3>	0.0037 0.0000 0.0000 1.0000	</row3>
								</transform>
								<node>
									<identifier>	MidBack_DeckHouse_Antenna_r_2b3_BlendBone	</identifier>
									<transform>
										<row0>	-0.9526 -0.3042 0.0106 0.0000	</row0>
										<row1>	-0.3042 0.9526 0.0000 0.0000	</row1>
										<row2>	0.0101 0.0032 0.9999 0.0000	</row2>
										<row3>	1.4683 -0.5292 5.4179 1.0000	</row3>
									</transform>
								</node>
								<node>
									<identifier>	MidBack_DeckHouse_Antenna_r_2b4	</identifier>
									<transform>
										<row0>	-0.3473 0.9376 -0.0182 0.0000	</row0>
										<row1>	0.8686 0.3290 0.3704 0.0000	</row1>
										<row2>	0.3533 0.1128 -0.9287 0.0000	</row2>
										<row3>	0.0247 0.0000 0.0000 1.0000	</row3>
									</transform>
									<node>
										<identifier>	MidBack_DeckHouse_Antenna_r_2b4_BlendBone	</identifier>
										<transform>
											<row0>	0.0455 -0.9236 -0.3807 0.0000	</row0>
											<row1>	0.9988 0.0492 0.0000 0.0000	</row1>
											<row2>	-0.0187 0.3803 -0.9247 0.0000	</row2>
											<row3>	-1.0963 3.0869 -4.5811 1.0000	</row3>
										</transform>
									</node>
								</node>
							</node>
						</node>
					</node>
					<node>
						<identifier>	MidBack_DeckHouse_Antenna_r_2b_BlendBone	</identifier>
						<transform>
							<row0>	0.0459 0.9710 0.2347 0.0000	</row0>
							<row1>	-0.9989 0.0473 0.0000 0.0000	</row1>
							<row2>	0.0111 0.2344 -0.9721 0.0000	</row2>
							<row3>	1.0259 0.0789 -5.5568 1.0000	</row3>
						</transform>
					</node>
				</node>
			</node>
			<node>
				<identifier>	MidBack_DeckHouse_Antenna_r_3	</identifier>
				<transform>
					<row0>	1.0000 0.0000 0.0000 0.0000	</row0>
					<row1>	0.0000 1.0000 0.0000 0.0000	</row1>
					<row2>	0.0000 0.0000 1.0000 0.0000	</row2>
					<row3>	1.2976 0.9656 -4.5989 1.0000	</row3>
				</transform>
				<node>
					<identifier>	MidBack_DeckHouse_Antenna_r_3_BlendBone	</identifier>
					<transform>
						<row0>	1.0000 0.0000 0.0000 0.0000	</row0>
						<row1>	0.0000 1.0000 0.0000 0.0000	</row1>
						<row2>	0.0000 0.0000 -1.0000 0.0000	</row2>
						<row3>	-1.2976 -0.9656 4.5989 1.0000	</row3>
					</transform>
				</node>
				<node>
					<identifier>	MidBack_DeckHouse_Antenna_r_3a	</identifier>
					<transform>
						<row0>	1.0000 0.0000 0.0000 0.0000	</row0>
						<row1>	0.0000 1.0000 0.0000 0.0000	</row1>
						<row2>	0.0000 0.0000 1.0000 0.0000	</row2>
						<row3>	-0.0162 0.0214 -0.0004 1.0000	</row3>
					</transform>
					<node>
						<identifier>	MidBack_DeckHouse_Antenna_r_3a_BlendBone	</identifier>
						<transform>
							<row0>	1.0000 0.0000 0.0000 0.0000	</row0>
							<row1>	0.0000 1.0000 0.0000 0.0000	</row1>
							<row2>	0.0000 0.0000 -1.0000 0.0000	</row2>
							<row3>	-1.2814 -0.9870 4.5992 1.0000	</row3>
						</transform>
					</node>
				</node>
				<node>
					<identifier>	MidBack_DeckHouse_Antenna_r_3b	</identifier>
					<transform>
						<row0>	0.0459 -0.9989 -0.0111 0.0000	</row0>
						<row1>	0.9710 0.0473 -0.2344 0.0000	</row1>
						<row2>	0.2347 0.0000 0.9721 0.0000	</row2>
						<row3>	0.0064 0.0554 -0.0003 1.0000	</row3>
					</transform>
					<node>
						<identifier>	MidBack_DeckHouse_Antenna_r_3b1	</identifier>
						<transform>
							<row0>	0.9982 -0.0593 -0.0127 0.0000	</row0>
							<row1>	-0.0501 -0.6870 -0.7250 0.0000	</row1>
							<row2>	0.0343 0.7243 -0.6887 0.0000	</row2>
							<row3>	0.0446 0.0000 0.0000 1.0000	</row3>
						</transform>
						<node>
							<identifier>	MidBack_DeckHouse_Antenna_r_3b1_BlendBone	</identifier>
							<transform>
								<row0>	-0.0147 -0.8395 0.5432 0.0000	</row0>
								<row1>	-0.9998 0.0176 0.0000 0.0000	</row1>
								<row2>	0.0095 0.5431 0.8396 0.0000	</row2>
								<row3>	0.9517 -1.4190 -4.5713 1.0000	</row3>
							</transform>
						</node>
						<node>
							<identifier>	MidBack_DeckHouse_Antenna_r_3b2	</identifier>
							<transform>
								<row0>	0.8731 0.4096 -0.2646 0.0000	</row0>
								<row1>	-0.4875 0.7435 -0.4577 0.0000	</row1>
								<row2>	0.0093 0.5286 0.8488 0.0000	</row2>
								<row3>	0.0225 0.0000 0.0000 1.0000	</row3>
							</transform>
							<node>
								<identifier>	MidBack_DeckHouse_Antenna_r_3b2_BlendBone	</identifier>
								<transform>
									<row0>	-0.5004 -0.8656 0.0172 0.0000	</row0>
									<row1>	-0.8657 0.5005 0.0000 0.0000	</row1>
									<row2>	0.0086 0.0149 0.9999 0.0000	</row2>
									<row3>	1.4396 0.5841 -4.6217 1.0000	</row3>
								</transform>
							</node>
							<node>
								<identifier>	MidBack_DeckHouse_Antenna_r_3b3	</identifier>
								<transform>
									<row0>	0.7401 0.6724 -0.0063 0.0000	</row0>
									<row1>	-0.6725 0.7401 -0.0020 0.0000	</row1>
									<row2>	0.0033 0.0057 1.0000 0.0000	</row2>
									<row3>	0.0037 0.0000 0.0000 1.0000	</row3>
								</transform>
								<node>
									<identifier>	MidBack_DeckHouse_Antenna_r_3b3_BlendBone	</identifier>
									<transform>
										<row0>	-0.9526 -0.3042 0.0106 0.0000	</row0>
										<row1>	-0.3042 0.9526 0.0000 0.0000	</row1>
										<row2>	0.0101 0.0032 0.9999 0.0000	</row2>
										<row3>	1.4847 -0.5240 -4.6135 1.0000	</row3>
									</transform>
								</node>
								<node>
									<identifier>	MidBack_DeckHouse_Antenna_r_3b4	</identifier>
									<transform>
										<row0>	-0.3276 0.9446 -0.0207 0.0000	</row0>
										<row1>	0.7201 0.2638 0.6418 0.0000	</row1>
										<row2>	0.6117 0.1953 -0.7666 0.0000	</row2>
										<row3>	0.0247 0.0000 0.0000 1.0000	</row3>
									</transform>
									<node>
										<identifier>	MidBack_DeckHouse_Antenna_r_3b4_BlendBone	</identifier>
										<transform>
											<row0>	0.0245 -0.7593 -0.6503 0.0000	</row0>
											<row1>	0.9995 0.0322 0.0000 0.0000	</row1>
											<row2>	-0.0210 0.6499 -0.7597 0.0000	</row2>
											<row3>	-0.8777 -2.0479 4.3274 1.0000	</row3>
										</transform>
									</node>
								</node>
							</node>
						</node>
					</node>
					<node>
						<identifier>	MidBack_DeckHouse_Antenna_r_3b_BlendBone	</identifier>
						<transform>
							<row0>	0.0459 0.9710 0.2347 0.0000	</row0>
							<row1>	-0.9989 0.0473 0.0000 0.0000	</row1>
							<row2>	0.0111 0.2344 -0.9721 0.0000	</row2>
							<row3>	0.9089 -2.3925 4.1647 1.0000	</row3>
						</transform>
					</node>
				</node>
			</node>
			<node>
				<identifier>	MidBack_DeckHouse_Antenna_r_4	</identifier>
				<transform>
					<row0>	1.0000 0.0000 0.0000 0.0000	</row0>
					<row1>	0.0000 1.0000 0.0000 0.0000	</row1>
					<row2>	0.0000 0.0000 1.0000 0.0000	</row2>
					<row3>	1.2974 0.9657 -6.9392 1.0000	</row3>
				</transform>
				<node>
					<identifier>	MidBack_DeckHouse_Antenna_r_4_BlendBone	</identifier>
					<transform>
						<row0>	1.0000 0.0000 0.0000 0.0000	</row0>
						<row1>	0.0000 1.0000 0.0000 0.0000	</row1>
						<row2>	0.0000 0.0000 -1.0000 0.0000	</row2>
						<row3>	-1.2974 -0.9657 6.9392 1.0000	</row3>
					</transform>
				</node>
				<node>
					<identifier>	MidBack_DeckHouse_Antenna_r_4a	</identifier>
					<transform>
						<row0>	1.0000 0.0000 0.0000 0.0000	</row0>
						<row1>	0.0000 1.0000 0.0000 0.0000	</row1>
						<row2>	0.0000 0.0000 1.0000 0.0000	</row2>
						<row3>	-0.0160 0.0213 0.0009 1.0000	</row3>
					</transform>
					<node>
						<identifier>	MidBack_DeckHouse_Antenna_r_4a_BlendBone	</identifier>
						<transform>
							<row0>	1.0000 0.0000 0.0000 0.0000	</row0>
							<row1>	0.0000 1.0000 0.0000 0.0000	</row1>
							<row2>	0.0000 0.0000 -1.0000 0.0000	</row2>
							<row3>	-1.2815 -0.9870 6.9383 1.0000	</row3>
						</transform>
					</node>
				</node>
				<node>
					<identifier>	MidBack_DeckHouse_Antenna_r_4b	</identifier>
					<transform>
						<row0>	0.0459 -0.9989 -0.0111 0.0000	</row0>
						<row1>	0.9710 0.0473 -0.2344 0.0000	</row1>
						<row2>	0.2347 0.0000 0.9721 0.0000	</row2>
						<row3>	0.0064 0.0554 0.0010 1.0000	</row3>
					</transform>
					<node>
						<identifier>	MidBack_DeckHouse_Antenna_r_4b1	</identifier>
						<transform>
							<row0>	0.9982 -0.0593 -0.0127 0.0000	</row0>
							<row1>	-0.0501 -0.6870 -0.7250 0.0000	</row1>
							<row2>	0.0343 0.7243 -0.6887 0.0000	</row2>
							<row3>	0.0446 0.0000 0.0000 1.0000	</row3>
						</transform>
						<node>
							<identifier>	MidBack_DeckHouse_Antenna_r_4b1_BlendBone	</identifier>
							<transform>
								<row0>	-0.0147 -0.8395 0.5432 0.0000	</row0>
								<row1>	-0.9998 0.0176 0.0000 0.0000	</row1>
								<row2>	0.0095 0.5431 0.8396 0.0000	</row2>
								<row3>	0.9293 -2.6896 -6.5351 1.0000	</row3>
							</transform>
						</node>
						<node>
							<identifier>	MidBack_DeckHouse_Antenna_r_4b2	</identifier>
							<transform>
								<row0>	0.8731 0.4096 -0.2646 0.0000	</row0>
								<row1>	-0.4875 0.7435 -0.4577 0.0000	</row1>
								<row2>	0.0093 0.5286 0.8488 0.0000	</row2>
								<row3>	0.0225 0.0000 0.0000 1.0000	</row3>
							</transform>
							<node>
								<identifier>	MidBack_DeckHouse_Antenna_r_4b2_BlendBone	</identifier>
								<transform>
									<row0>	-0.5004 -0.8656 0.0172 0.0000	</row0>
									<row1>	-0.8657 0.5005 0.0000 0.0000	</row1>
									<row2>	0.0086 0.0149 0.9999 0.0000	</row2>
									<row3>	1.4193 0.5490 -6.9604 1.0000	</row3>
								</transform>
							</node>
							<node>
								<identifier>	MidBack_DeckHouse_Antenna_r_4b3	</identifier>
								<transform>
									<row0>	0.7401 0.6724 -0.0063 0.0000	</row0>
									<row1>	-0.6725 0.7401 -0.0020 0.0000	</row1>
									<row2>	0.0033 0.0057 1.0000 0.0000	</row2>
									<row3>	0.0037 0.0000 0.0000 1.0000	</row3>
								</transform>
								<node>
									<identifier>	MidBack_DeckHouse_Antenna_r_4b3_BlendBone	</identifier>
									<transform>
										<row0>	-0.9526 -0.3042 0.0106 0.0000	</row0>
										<row1>	-0.3042 0.9526 0.0000 0.0000	</row1>
										<row2>	0.0101 0.0032 0.9999 0.0000	</row2>
										<row3>	1.4609 -0.5316 -6.9524 1.0000	</row3>
									</transform>
								</node>
								<node>
									<identifier>	MidBack_DeckHouse_Antenna_r_4b4	</identifier>
									<transform>
										<row0>	-0.3333 0.9426 -0.0207 0.0000	</row0>
										<row1>	0.7793 0.2877 0.5567 0.0000	</row1>
										<row2>	0.5307 0.1695 -0.8305 0.0000	</row2>
										<row3>	0.0247 0.0000 0.0000 1.0000	</row3>
									</transform>
									<node>
										<identifier>	MidBack_DeckHouse_Antenna_r_4b4_BlendBone	</identifier>
										<transform>
											<row0>	0.0306 -0.8239 -0.5659 0.0000	</row0>
											<row1>	0.9993 0.0371 0.0000 0.0000	</row1>
											<row2>	-0.0210 0.5655 -0.8245 0.0000	</row2>
											<row3>	-0.8362 -2.9043 6.4457 1.0000	</row3>
										</transform>
									</node>
								</node>
							</node>
						</node>
					</node>
					<node>
						<identifier>	MidBack_DeckHouse_Antenna_r_4b_BlendBone	</identifier>
						<transform>
							<row0>	0.0459 0.9710 0.2347 0.0000	</row0>
							<row1>	-0.9989 0.0473 0.0000 0.0000	</row1>
							<row2>	0.0111 0.2344 -0.9721 0.0000	</row2>
							<row3>	0.8830 -2.9406 6.4385 1.0000	</row3>
						</transform>
					</node>
				</node>
			</node>
			<node>
				<identifier>	MidBack_DeckHouse_Antenna_r_5	</identifier>
				<transform>
					<row0>	1.0000 0.0000 0.0000 0.0000	</row0>
					<row1>	0.0000 1.0000 0.0000 0.0000	</row1>
					<row2>	0.0000 0.0000 1.0000 0.0000	</row2>
					<row3>	1.2971 0.9656 -7.2098 1.0000	</row3>
				</transform>
				<node>
					<identifier>	MidBack_DeckHouse_Antenna_r_5_BlendBone	</identifier>
					<transform>
						<row0>	1.0000 0.0000 0.0000 0.0000	</row0>
						<row1>	0.0000 1.0000 0.0000 0.0000	</row1>
						<row2>	0.0000 0.0000 -1.0000 0.0000	</row2>
						<row3>	-1.2971 -0.9656 7.2098 1.0000	</row3>
					</transform>
				</node>
				<node>
					<identifier>	MidBack_DeckHouse_Antenna_r_5a	</identifier>
					<transform>
						<row0>	1.0000 0.0000 0.0000 0.0000	</row0>
						<row1>	0.0000 1.0000 0.0000 0.0000	</row1>
						<row2>	0.0000 0.0000 1.0000 0.0000	</row2>
						<row3>	-0.0144 0.0215 0.0009 1.0000	</row3>
					</transform>
					<node>
						<identifier>	MidBack_DeckHouse_Antenna_r_5a_BlendBone	</identifier>
						<transform>
							<row0>	1.0000 0.0000 0.0000 0.0000	</row0>
							<row1>	0.0000 1.0000 0.0000 0.0000	</row1>
							<row2>	0.0000 0.0000 -1.0000 0.0000	</row2>
							<row3>	-1.2827 -0.9871 7.2089 1.0000	</row3>
						</transform>
					</node>
				</node>
				<node>
					<identifier>	MidBack_DeckHouse_Antenna_r_5b	</identifier>
					<transform>
						<row0>	0.0459 -0.9989 -0.0111 0.0000	</row0>
						<row1>	0.9710 0.0473 -0.2344 0.0000	</row1>
						<row2>	0.2347 0.0000 0.9721 0.0000	</row2>
						<row3>	0.0064 0.0554 0.0010 1.0000	</row3>
					</transform>
					<node>
						<identifier>	MidBack_DeckHouse_Antenna_r_5b1	</identifier>
						<transform>
							<row0>	0.9982 -0.0593 -0.0127 0.0000	</row0>
							<row1>	-0.0501 -0.6870 -0.7250 0.0000	</row1>
							<row2>	0.0343 0.7243 -0.6887 0.0000	</row2>
							<row3>	0.0446 0.0000 0.0000 1.0000	</row3>
						</transform>
						<node>
							<identifier>	MidBack_DeckHouse_Antenna_r_5b1_BlendBone	</identifier>
							<transform>
								<row0>	-0.0147 -0.8395 0.5432 0.0000	</row0>
								<row1>	-0.9998 0.0176 0.0000 0.0000	</row1>
								<row2>	0.0095 0.5431 0.8396 0.0000	</row2>
								<row3>	0.9268 -2.8368 -6.7621 1.0000	</row3>
							</transform>
						</node>
						<node>
							<identifier>	MidBack_DeckHouse_Antenna_r_5b2	</identifier>
							<transform>
								<row0>	0.8731 0.4096 -0.2646 0.0000	</row0>
								<row1>	-0.4875 0.7435 -0.4577 0.0000	</row1>
								<row2>	0.0093 0.5286 0.8488 0.0000	</row2>
								<row3>	0.0225 0.0000 0.0000 1.0000	</row3>
							</transform>
							<node>
								<identifier>	MidBack_DeckHouse_Antenna_r_5b2_BlendBone	</identifier>
								<transform>
									<row0>	-0.5004 -0.8656 0.0172 0.0000	</row0>
									<row1>	-0.8657 0.5005 0.0000 0.0000	</row1>
									<row2>	0.0086 0.0149 0.9999 0.0000	</row2>
									<row3>	1.4168 0.5447 -7.2309 1.0000	</row3>
								</transform>
							</node>
							<node>
								<identifier>	MidBack_DeckHouse_Antenna_r_5b3	</identifier>
								<transform>
									<row0>	0.7401 0.6724 -0.0063 0.0000	</row0>
									<row1>	-0.6725 0.7401 -0.0020 0.0000	</row1>
									<row2>	0.0033 0.0057 1.0000 0.0000	</row2>
									<row3>	0.0037 0.0000 0.0000 1.0000	</row3>
								</transform>
								<node>
									<identifier>	MidBack_DeckHouse_Antenna_r_5b3_BlendBone	</identifier>
									<transform>
										<row0>	-0.9526 -0.3042 0.0106 0.0000	</row0>
										<row1>	-0.3042 0.9526 0.0000 0.0000	</row1>
										<row2>	0.0101 0.0032 0.9999 0.0000	</row2>
										<row3>	1.4579 -0.5326 -7.2230 1.0000	</row3>
									</transform>
								</node>
								<node>
									<identifier>	MidBack_DeckHouse_Antenna_r_5b4	</identifier>
									<transform>
										<row0>	-0.3657 0.9305 -0.0202 0.0000	</row0>
										<row1>	0.8870 0.3550 0.2951 0.0000	</row1>
										<row2>	0.2818 0.0900 -0.9552 0.0000	</row2>
										<row3>	0.0247 0.0000 0.0000 1.0000	</row3>
									</transform>
									<node>
										<identifier>	MidBack_DeckHouse_Antenna_r_5b4_BlendBone	</identifier>
										<transform>
											<row0>	0.0651 -0.9498 -0.3059 0.0000	</row0>
											<row1>	0.9977 0.0684 0.0000 0.0000	</row1>
											<row2>	-0.0209 0.3052 -0.9521 0.0000	</row2>
											<row3>	-0.8735 -1.0494 7.2557 1.0000	</row3>
										</transform>
									</node>
								</node>
							</node>
						</node>
					</node>
					<node>
						<identifier>	MidBack_DeckHouse_Antenna_r_5b_BlendBone	</identifier>
						<transform>
							<row0>	0.0459 0.9710 0.2347 0.0000	</row0>
							<row1>	-0.9989 0.0473 0.0000 0.0000	</row1>
							<row2>	0.0111 0.2344 -0.9721 0.0000	</row2>
							<row3>	0.8800 -3.0038 6.7016 1.0000	</row3>
						</transform>
					</node>
				</node>
			</node>
			<node>
				<identifier>	Root_BlendBone	</identifier>
				<transform>
					<row0>	1.0000 0.0000 0.0000 0.0000	</row0>
					<row1>	0.0000 1.0000 0.0000 0.0000	</row1>
					<row2>	0.0000 0.0000 -1.0000 0.0000	</row2>
					<row3>	0.0000 0.0000 0.0000 1.0000	</row3>
				</transform>
			</node>
		</node>
	</node>
	<renderSet>
		<treatAsWorldSpaceObject>	true	</treatAsWorldSpaceObject>
		<node>	MidBack_DeckHouse_Antenna_r_1_BlendBone	</node>
		<node>	MidBack_DeckHouse_Antenna_r_2_BlendBone	</node>
		<node>	MidBack_DeckHouse_Antenna_r_3_BlendBone	</node>
		<node>	MidBack_DeckHouse_Antenna_r_4_BlendBone	</node>
		<node>	MidBack_DeckHouse_Antenna_r_5_BlendBone	</node>
		<node>	MidBack_DeckHouse_Antenna_r_5b4_BlendBone	</node>
		<geometry>
			<vertices>	AntennaShape.vertices	</vertices>
			<primitive>	AntennaShape.indices	</primitive>
			<primitiveGroup>	0
				<material>
					<identifier>	SHIPMAT_PBS_DeckHouse_skinned	</identifier>
					<mfm>	PnFMods/ModsSDK.zip/ASA510_Roosevelt/ship/ASA009_Roosevelt_1947_Deckhouse_skinned.mfm	</mfm>
				</material>
			</primitiveGroup>
		</geometry>
	</renderSet>
	<renderSet>
		<treatAsWorldSpaceObject>	true	</treatAsWorldSpaceObject>
		<node>	Root_BlendBone	</node>
		<node>	MidBack_DeckHouse_Antenna_r_1_BlendBone	</node>
		<node>	MidBack_DeckHouse_Antenna_r_1a_BlendBone	</node>
		<node>	MidBack_DeckHouse_Antenna_r_1b_BlendBone	</node>
		<node>	MidBack_DeckHouse_Antenna_r_1b1_BlendBone	</node>
		<node>	MidBack_DeckHouse_Antenna_r_1b2_BlendBone	</node>
		<node>	MidBack_DeckHouse_Antenna_r_1b3_BlendBone	</node>
		<node>	MidBack_DeckHouse_Antenna_r_2_BlendBone	</node>
		<node>	MidBack_DeckHouse_Antenna_r_2a_BlendBone	</node>
		<node>	MidBack_DeckHouse_Antenna_r_2b_BlendBone	</node>
		<node>	MidBack_DeckHouse_Antenna_r_2b1_BlendBone	</node>
		<node>	MidBack_DeckHouse_Antenna_r_2b2_BlendBone	</node>
		<node>	MidBack_DeckHouse_Antenna_r_2b3_BlendBone	</node>
		<node>	MidBack_DeckHouse_Antenna_r_3_BlendBone	</node>
		<node>	MidBack_DeckHouse_Antenna_r_3a_BlendBone	</node>
		<node>	MidBack_DeckHouse_Antenna_r_3b_BlendBone	</node>
		<node>	MidBack_DeckHouse_Antenna_r_3b1_BlendBone	</node>
		<node>	MidBack_DeckHouse_Antenna_r_3b2_BlendBone	</node>
		<node>	MidBack_DeckHouse_Antenna_r_3b3_BlendBone	</node>
		<node>	MidBack_DeckHouse_Antenna_r_4_BlendBone	</node>
		<node>	MidBack_DeckHouse_Antenna_r_4a_BlendBone	</node>
		<node>	MidBack_DeckHouse_Antenna_r_4b_BlendBone	</node>
		<node>	MidBack_DeckHouse_Antenna_r_4b1_BlendBone	</node>
		<node>	MidBack_DeckHouse_Antenna_r_4b2_BlendBone	</node>
		<node>	MidBack_DeckHouse_Antenna_r_4b3_BlendBone	</node>
		<node>	MidBack_DeckHouse_Antenna_r_5_BlendBone	</node>
		<node>	MidBack_DeckHouse_Antenna_r_5a_BlendBone	</node>
		<node>	MidBack_DeckHouse_Antenna_r_5b_BlendBone	</node>
		<node>	MidBack_DeckHouse_Antenna_r_5b1_BlendBone	</node>
		<node>	MidBack_DeckHouse_Antenna_r_5b2_BlendBone	</node>
		<node>	MidBack_DeckHouse_Antenna_r_5b3_BlendBone	</node>
		<node>	MidBack_DeckHouse_Antenna_r_5b4_BlendBone	</node>
		<geometry>
			<vertices>	Antenna_wireShape.vertices	</vertices>
			<primitive>	Antenna_wireShape.indices	</primitive>
			<primitiveGroup>	0
				<material>
					<identifier>	SHIPWIRE_PBS_Hull_skinned	</identifier>
					<mfm>	PnFMods/ModsSDK.zip/ASA510_Roosevelt/ship/ASA009_Roosevelt_1947_Deckhouse_wire_skinned.mfm	</mfm>
				</material>
			</primitiveGroup>
		</geometry>
	</renderSet>
	<renderSet>
		<treatAsWorldSpaceObject>	false	</treatAsWorldSpaceObject>
		<node>	MidBack	</node>
		<geometry>
			<vertices>	MidBackShape.vertices	</vertices>
			<primitive>	MidBackShape.indices	</primitive>
			<primitiveGroup>	0
				<material>
					<identifier>	SHIPMAT_PBS_Hull	</identifier>
					<mfm>	PnFMods/ModsSDK.zip/ASA510_Roosevelt/ship/ASA009_Roosevelt_1947_Hull.mfm	</mfm>
				</material>
			</primitiveGroup>
		</geometry>
	</renderSet>
	<renderSet>
		<treatAsWorldSpaceObject>	false	</treatAsWorldSpaceObject>
		<node>	MidBack_DeckHouse	</node>
		<geometry>
			<vertices>	MidBack_DeckHouseShape.vertices	</vertices>
			<primitive>	MidBack_DeckHouseShape.indices	</primitive>
			<primitiveGroup>	0
				<material>
					<identifier>	SHIPMAT_PBS_DeckHouse	</identifier>
					<mfm>	PnFMods/ModsSDK.zip/ASA510_Roosevelt/ship/ASA009_Roosevelt_1947_Deckhouse.mfm	</mfm>
				</material>
			</primitiveGroup>
		</geometry>
	</renderSet>
	<renderSet>
		<treatAsWorldSpaceObject>	false	</treatAsWorldSpaceObject>
		<node>	MidBack_DeckHouse_hide	</node>
		<geometry>
			<vertices>	MidBack_DeckHouse_hideShape.vertices	</vertices>
			<primitive>	MidBack_DeckHouse_hideShape.indices	</primitive>
			<primitiveGroup>	0
				<material>
					<identifier>	SHIPMAT_PBS_DeckHouse	</identifier>
					<mfm>	PnFMods/ModsSDK.zip/ASA510_Roosevelt/ship/ASA009_Roosevelt_1947_Deckhouse.mfm	</mfm>
				</material>
			</primitiveGroup>
		</geometry>
	</renderSet>
	<renderSet>
		<treatAsWorldSpaceObject>	false	</treatAsWorldSpaceObject>
		<node>	MidBack_DeckHouse_wire	</node>
		<geometry>
			<vertices>	MidBack_DeckHouse_wireShape.vertices	</vertices>
			<primitive>	MidBack_DeckHouse_wireShape.indices	</primitive>
			<primitiveGroup>	0
				<material>
					<identifier>	SHIPWIRE_PBS_Hull	</identifier>
					<mfm>	PnFMods/ModsSDK.zip/ASA510_Roosevelt/ship/ASA009_Roosevelt_1947_Deckhouse_wire.mfm	</mfm>
				</material>
			</primitiveGroup>
		</geometry>
	</renderSet>
	<renderSet>
		<treatAsWorldSpaceObject>	false	</treatAsWorldSpaceObject>
		<node>	MidBack_DeckHouse_wire_flagfal	</node>
		<geometry>
			<vertices>	MidBack_DeckHouse_wire_flagfalShape.vertices	</vertices>
			<primitive>	MidBack_DeckHouse_wire_flagfalShape.indices	</primitive>
			<primitiveGroup>	0
				<material>
					<identifier>	SHIPWIRE_PBS_Hull	</identifier>
					<mfm>	PnFMods/ModsSDK.zip/ASA510_Roosevelt/ship/ASA009_Roosevelt_1947_Deckhouse_wire.mfm	</mfm>
				</material>
			</primitiveGroup>
		</geometry>
	</renderSet>
	<renderSet>
		<treatAsWorldSpaceObject>	false	</treatAsWorldSpaceObject>
		<node>	MidBack_Net	</node>
		<geometry>
			<vertices>	MidBack_NetShape.vertices	</vertices>
			<primitive>	MidBack_NetShape.indices	</primitive>
			<primitiveGroup>	0
				<material>
					<identifier>	GRID_Misc	</identifier>
					<mfm>	PnFMods/ModsSDK.zip/ASA510_Roosevelt/ship/C001_Net_alpha.mfm	</mfm>
				</material>
			</primitiveGroup>
		</geometry>
	</renderSet>
	<renderSet>
		<treatAsWorldSpaceObject>	false	</treatAsWorldSpaceObject>
		<node>	MidBack_Underwater	</node>
		<geometry>
			<vertices>	MidBack_UnderwaterShape.vertices	</vertices>
			<primitive>	MidBack_UnderwaterShape.indices	</primitive>
			<primitiveGroup>	0
				<material>
					<identifier>	SHIPMAT_PBS_Bulge	</identifier>
					<mfm>	PnFMods/ModsSDK.zip/ASA510_Roosevelt/ship/ASA009_Roosevelt_1947_Underwater.mfm	</mfm>
				</material>
			</primitiveGroup>
		</geometry>
	</renderSet>
	<renderSet>
		<treatAsWorldSpaceObject>	false	</treatAsWorldSpaceObject>
		<node>	MidBack_crack_MidFront	</node>
		<geometry>
			<vertices>	MidBack_crack_MidFrontShape.vertices	</vertices>
			<primitive>	MidBack_crack_MidFrontShape.indices	</primitive>
			<primitiveGroup>	0
				<material>
					<identifier>	SHIPMAT_PBS_Hull	</identifier>
					<mfm>	PnFMods/ModsSDK.zip/ASA510_Roosevelt/ship/ASA009_Roosevelt_1947_Hull.mfm	</mfm>
				</material>
			</primitiveGroup>
		</geometry>
	</renderSet>
	<renderSet>
		<treatAsWorldSpaceObject>	false	</treatAsWorldSpaceObject>
		<node>	MidBack_crack_MidFront_in	</node>
		<geometry>
			<vertices>	MidBack_crack_MidFront_inShape.vertices	</vertices>
			<primitive>	MidBack_crack_MidFront_inShape.indices	</primitive>
			<primitiveGroup>	0
				<material>
					<identifier>	SHIPMAT_PBS_Crack	</identifier>
					<mfm>	PnFMods/ModsSDK.zip/ASA510_Roosevelt/ship/C002_Razlom.mfm	</mfm>
				</material>
			</primitiveGroup>
		</geometry>
	</renderSet>
	<renderSet>
		<treatAsWorldSpaceObject>	false	</treatAsWorldSpaceObject>
		<node>	MidBack_crack_Stern	</node>
		<geometry>
			<vertices>	MidBack_crack_SternShape.vertices	</vertices>
			<primitive>	MidBack_crack_SternShape.indices	</primitive>
			<primitiveGroup>	0
				<material>
					<identifier>	SHIPMAT_PBS_Hull	</identifier>
					<mfm>	PnFMods/ModsSDK.zip/ASA510_Roosevelt/ship/ASA009_Roosevelt_1947_Hull.mfm	</mfm>
				</material>
			</primitiveGroup>
		</geometry>
	</renderSet>
	<renderSet>
		<treatAsWorldSpaceObject>	false	</treatAsWorldSpaceObject>
		<node>	MidBack_crack_Stern_in	</node>
		<geometry>
			<vertices>	MidBack_crack_Stern_inShape.vertices	</vertices>
			<primitive>	MidBack_crack_Stern_inShape.indices	</primitive>
			<primitiveGroup>	0
				<material>
					<identifier>	SHIPMAT_PBS_Crack	</identifier>
					<mfm>	PnFMods/ModsSDK.zip/ASA510_Roosevelt/ship/C002_Razlom.mfm	</mfm>
				</material>
			</primitiveGroup>
		</geometry>
	</renderSet>
	<renderSet>
		<treatAsWorldSpaceObject>	false	</treatAsWorldSpaceObject>
		<node>	MidBack_glass	</node>
		<geometry>
			<vertices>	MidBack_glassShape.vertices	</vertices>
			<primitive>	MidBack_glassShape.indices	</primitive>
			<primitiveGroup>	0
				<material>
					<identifier>	SHIPGLASS_PBS_Hull	</identifier>
					<mfm>	PnFMods/ModsSDK.zip/ASA510_Roosevelt/ship/transparent_glass_alpha.mfm	</mfm>
				</material>
			</primitiveGroup>
		</geometry>
	</renderSet>
	<renderSet>
		<treatAsWorldSpaceObject>	false	</treatAsWorldSpaceObject>
		<node>	MidBack_patch_Stern	</node>
		<geometry>
			<vertices>	MidBack_patch_SternShape.vertices	</vertices>
			<primitive>	MidBack_patch_SternShape.indices	</primitive>
			<primitiveGroup>	0
				<material>
					<identifier>	SHIPMAT_PBS_Hull	</identifier>
					<mfm>	PnFMods/ModsSDK.zip/ASA510_Roosevelt/ship/ASA009_Roosevelt_1947_Hull.mfm	</mfm>
				</material>
			</primitiveGroup>
		</geometry>
	</renderSet>
	<boundingBox>
		<min>	-1.9145 -0.6539 -9.9278	</min>
		<max>	1.9250 3.6801 9.7537	</max>
	</boundingBox>
</ASA009_Roosevelt_1947_MidBack.visual>
