<ASA009_Roosevelt_1947_Bow.visual>
	<node>
		<identifier>	Scene Root	</identifier>
		<transform>
			<row0>	1.0000 0.0000 0.0000 0.0000	</row0>
			<row1>	0.0000 1.0000 0.0000 0.0000	</row1>
			<row2>	0.0000 0.0000 1.0000 0.0000	</row2>
			<row3>	0.0000 0.0000 0.0000 1.0000	</row3>
		</transform>
		<node>
			<identifier>	Bow	</identifier>
			<transform>
				<row0>	1.0000 0.0000 0.0000 0.0000	</row0>
				<row1>	0.0000 1.0000 0.0000 0.0000	</row1>
				<row2>	0.0000 0.0000 1.0000 0.0000	</row2>
				<row3>	0.0000 0.0000 0.0000 1.0000	</row3>
			</transform>
			<node>
				<identifier>	Bow_Antenna	</identifier>
				<transform>
					<row0>	1.0000 0.0000 0.0000 0.0000	</row0>
					<row1>	0.0000 1.0000 0.0000 0.0000	</row1>
					<row2>	0.0000 0.0000 1.0000 0.0000	</row2>
					<row3>	0.0000 0.0000 0.0000 1.0000	</row3>
				</transform>
				<node>
					<identifier>	Bow_Antenna_wire	</identifier>
					<transform>
						<row0>	1.0000 0.0000 0.0000 0.0000	</row0>
						<row1>	0.0000 1.0000 0.0000 0.0000	</row1>
						<row2>	0.0000 0.0000 1.0000 0.0000	</row2>
						<row3>	0.0000 0.0000 0.0000 1.0000	</row3>
					</transform>
				</node>
			</node>
			<node>
				<identifier>	Bow_crack_MidFront	</identifier>
				<transform>
					<row0>	1.0000 0.0000 0.0000 0.0000	</row0>
					<row1>	0.0000 1.0000 0.0000 0.0000	</row1>
					<row2>	0.0000 0.0000 1.0000 0.0000	</row2>
					<row3>	0.0000 0.0000 0.0000 1.0000	</row3>
				</transform>
				<node>
					<identifier>	Bow_crack_MidFront_in	</identifier>
					<transform>
						<row0>	1.0000 0.0000 0.0000 0.0000	</row0>
						<row1>	0.0000 1.0000 0.0000 0.0000	</row1>
						<row2>	0.0000 0.0000 1.0000 0.0000	</row2>
						<row3>	0.0000 0.0000 0.0000 1.0000	</row3>
					</transform>
				</node>
			</node>
			<node>
				<identifier>	Bow_patch_MidFront	</identifier>
				<transform>
					<row0>	1.0000 0.0000 0.0000 0.0000	</row0>
					<row1>	0.0000 1.0000 0.0000 0.0000	</row1>
					<row2>	0.0000 0.0000 1.0000 0.0000	</row2>
					<row3>	0.0000 0.0000 0.0000 1.0000	</row3>
				</transform>
			</node>
		</node>
		<node>
			<identifier>	Root	</identifier>
			<transform>
				<row0>	1.0000 0.0000 0.0000 0.0000	</row0>
				<row1>	0.0000 1.0000 0.0000 0.0000	</row1>
				<row2>	0.0000 0.0000 1.0000 0.0000	</row2>
				<row3>	0.0000 0.0000 0.0000 1.0000	</row3>
			</transform>
			<node>
				<identifier>	Bow_DeckHouse_Antenna_l_1	</identifier>
				<transform>
					<row0>	1.0000 0.0000 0.0000 0.0000	</row0>
					<row1>	0.0000 1.0000 0.0000 0.0000	</row1>
					<row2>	0.0000 0.0000 1.0000 0.0000	</row2>
					<row3>	-1.1576 0.9656 6.7496 1.0000	</row3>
				</transform>
				<node>
					<identifier>	Bow_DeckHouse_Antenna_l_1_BlendBone	</identifier>
					<transform>
						<row0>	1.0000 0.0000 0.0000 0.0000	</row0>
						<row1>	0.0000 1.0000 0.0000 0.0000	</row1>
						<row2>	0.0000 0.0000 -1.0000 0.0000	</row2>
						<row3>	1.1576 -0.9656 -6.7496 1.0000	</row3>
					</transform>
				</node>
				<node>
					<identifier>	Bow_DeckHouse_Antenna_l_1a	</identifier>
					<transform>
						<row0>	1.0000 0.0000 0.0000 0.0000	</row0>
						<row1>	0.0000 1.0000 0.0000 0.0000	</row1>
						<row2>	0.0000 0.0000 1.0000 0.0000	</row2>
						<row3>	0.0162 0.0216 0.0004 1.0000	</row3>
					</transform>
					<node>
						<identifier>	Bow_DeckHouse_Antenna_l_1a_BlendBone	</identifier>
						<transform>
							<row0>	1.0000 0.0000 0.0000 0.0000	</row0>
							<row1>	0.0000 1.0000 0.0000 0.0000	</row1>
							<row2>	0.0000 0.0000 -1.0000 0.0000	</row2>
							<row3>	1.1414 -0.9872 -6.7501 1.0000	</row3>
						</transform>
					</node>
				</node>
				<node>
					<identifier>	Bow_DeckHouse_Antenna_l_1b	</identifier>
					<transform>
						<row0>	-0.0459 -0.9989 -0.0111 0.0000	</row0>
						<row1>	-0.9710 0.0472 -0.2344 0.0000	</row1>
						<row2>	0.2347 0.0000 -0.9721 0.0000	</row2>
						<row3>	-0.0064 0.0554 0.0004 1.0000	</row3>
					</transform>
					<node>
						<identifier>	Bow_DeckHouse_Antenna_l_1b1	</identifier>
						<transform>
							<row0>	0.9982 -0.0593 0.0127 0.0000	</row0>
							<row1>	-0.0501 -0.6870 0.7250 0.0000	</row1>
							<row2>	-0.0343 -0.7243 -0.6887 0.0000	</row2>
							<row3>	0.0446 0.0000 0.0000 1.0000	</row3>
						</transform>
						<node>
							<identifier>	Bow_DeckHouse_Antenna_l_1b1_BlendBone	</identifier>
							<transform>
								<row0>	0.0148 0.8395 0.5432 0.0000	</row0>
								<row1>	-0.9998 0.0176 0.0000 0.0000	</row1>
								<row2>	0.0095 0.5431 -0.8396 0.0000	</row2>
								<row3>	1.0580 4.6275 -5.0335 1.0000	</row3>
							</transform>
						</node>
						<node>
							<identifier>	Bow_DeckHouse_Antenna_l_1b2	</identifier>
							<transform>
								<row0>	0.8732 0.4094 0.2645 0.0000	</row0>
								<row1>	-0.4873 0.7437 0.4577 0.0000	</row1>
								<row2>	-0.0093 -0.5286 0.8488 0.0000	</row2>
								<row3>	0.0225 0.0000 0.0000 1.0000	</row3>
							</transform>
							<node>
								<identifier>	Bow_DeckHouse_Antenna_l_1b2_BlendBone	</identifier>
								<transform>
									<row0>	0.5002 0.8657 0.0172 0.0000	</row0>
									<row1>	-0.8658 0.5003 0.0000 0.0000	</row1>
									<row2>	0.0086 0.0149 -0.9999 0.0000	</row2>
									<row3>	1.4674 0.6326 -6.7282 1.0000	</row3>
								</transform>
							</node>
							<node>
								<identifier>	Bow_DeckHouse_Antenna_l_1b3	</identifier>
								<transform>
									<row0>	0.7404 0.6721 0.0063 0.0000	</row0>
									<row1>	-0.6722 0.7404 0.0020 0.0000	</row1>
									<row2>	-0.0033 -0.0057 1.0000 0.0000	</row2>
									<row3>	0.0037 0.0000 0.0000 1.0000	</row3>
								</transform>
								<node>
									<identifier>	Bow_DeckHouse_Antenna_l_1b3_BlendBone	</identifier>
									<transform>
										<row0>	0.9524 0.3048 0.0106 0.0000	</row0>
										<row1>	-0.3048 0.9524 0.0000 0.0000	</row1>
										<row2>	0.0101 0.0032 -0.9999 0.0000	</row2>
										<row3>	1.4664 -0.5291 -6.7366 1.0000	</row3>
									</transform>
								</node>
								<node>
									<identifier>	Bow_DeckHouse_Antenna_l_1b4	</identifier>
									<transform>
										<row0>	-0.3273 0.9447 0.0220 0.0000	</row0>
										<row1>	0.6969 0.2571 -0.6696 0.0000	</row1>
										<row2>	-0.6382 -0.2038 -0.7424 0.0000	</row2>
										<row3>	0.0247 0.0000 0.0000 1.0000	</row3>
									</transform>
									<node>
										<identifier>	Bow_DeckHouse_Antenna_l_1b4_BlendBone	</identifier>
										<transform>
											<row0>	-0.0236 0.7349 -0.6778 0.0000	</row0>
											<row1>	0.9995 0.0324 0.0004 0.0000	</row1>
											<row2>	-0.0223 0.6774 0.7353 0.0000	</row2>
											<row3>	-1.1201 5.3791 4.1893 1.0000	</row3>
										</transform>
									</node>
								</node>
							</node>
						</node>
					</node>
					<node>
						<identifier>	Bow_DeckHouse_Antenna_l_1b_BlendBone	</identifier>
						<transform>
							<row0>	-0.0459 -0.9710 0.2347 0.0000	</row0>
							<row1>	-0.9989 0.0472 0.0000 0.0000	</row1>
							<row2>	0.0111 0.2344 0.9721 0.0000	</row2>
							<row3>	1.0414 0.4040 6.8347 1.0000	</row3>
						</transform>
					</node>
				</node>
			</node>
			<node>
				<identifier>	Bow_DeckHouse_Antenna_l_2	</identifier>
				<transform>
					<row0>	1.0000 0.0000 0.0000 0.0000	</row0>
					<row1>	0.0000 1.0000 0.0000 0.0000	</row1>
					<row2>	0.0000 0.0000 1.0000 0.0000	</row2>
					<row3>	-1.1598 0.9657 6.5284 1.0000	</row3>
				</transform>
				<node>
					<identifier>	Bow_DeckHouse_Antenna_l_2_BlendBone	</identifier>
					<transform>
						<row0>	1.0000 0.0000 0.0000 0.0000	</row0>
						<row1>	0.0000 1.0000 0.0000 0.0000	</row1>
						<row2>	0.0000 0.0000 -1.0000 0.0000	</row2>
						<row3>	1.1598 -0.9657 -6.5284 1.0000	</row3>
					</transform>
				</node>
				<node>
					<identifier>	Bow_DeckHouse_Antenna_l_2a	</identifier>
					<transform>
						<row0>	1.0000 0.0000 0.0000 0.0000	</row0>
						<row1>	0.0000 1.0000 0.0000 0.0000	</row1>
						<row2>	0.0000 0.0000 1.0000 0.0000	</row2>
						<row3>	0.0153 0.0217 0.0009 1.0000	</row3>
					</transform>
					<node>
						<identifier>	Bow_DeckHouse_Antenna_l_2a_BlendBone	</identifier>
						<transform>
							<row0>	1.0000 0.0000 0.0000 0.0000	</row0>
							<row1>	0.0000 1.0000 0.0000 0.0000	</row1>
							<row2>	0.0000 0.0000 -1.0000 0.0000	</row2>
							<row3>	1.1446 -0.9874 -6.5293 1.0000	</row3>
						</transform>
					</node>
				</node>
				<node>
					<identifier>	Bow_DeckHouse_Antenna_l_2b	</identifier>
					<transform>
						<row0>	-0.0460 -0.9989 -0.0111 0.0000	</row0>
						<row1>	-0.9710 0.0473 -0.2344 0.0000	</row1>
						<row2>	0.2347 0.0000 -0.9721 0.0000	</row2>
						<row3>	-0.0064 0.0554 0.0010 1.0000	</row3>
					</transform>
					<node>
						<identifier>	Bow_DeckHouse_Antenna_l_2b1	</identifier>
						<transform>
							<row0>	0.9982 -0.0594 0.0128 0.0000	</row0>
							<row1>	-0.0502 -0.6870 0.7250 0.0000	</row1>
							<row2>	-0.0343 -0.7243 -0.6887 0.0000	</row2>
							<row3>	0.0446 0.0000 0.0000 1.0000	</row3>
						</transform>
						<node>
							<identifier>	Bow_DeckHouse_Antenna_l_2b1_BlendBone	</identifier>
							<transform>
								<row0>	0.0148 0.8395 0.5432 0.0000	</row0>
								<row1>	-0.9998 0.0176 0.0000 0.0000	</row1>
								<row2>	0.0095 0.5431 -0.8396 0.0000	</row2>
								<row3>	1.0558 4.5096 -4.8470 1.0000	</row3>
							</transform>
						</node>
						<node>
							<identifier>	Bow_DeckHouse_Antenna_l_2b2	</identifier>
							<transform>
								<row0>	0.8730 0.4097 0.2647 0.0000	</row0>
								<row1>	-0.4876 0.7435 0.4576 0.0000	</row1>
								<row2>	-0.0093 -0.5286 0.8488 0.0000	</row2>
								<row3>	0.0225 0.0000 0.0000 1.0000	</row3>
							</transform>
							<node>
								<identifier>	Bow_DeckHouse_Antenna_l_2b2_BlendBone	</identifier>
								<transform>
									<row0>	0.5006 0.8655 0.0172 0.0000	</row0>
									<row1>	-0.8657 0.5006 0.0000 0.0000	</row1>
									<row2>	0.0086 0.0149 -0.9999 0.0000	</row2>
									<row3>	1.4668 0.6307 -6.5075 1.0000	</row3>
								</transform>
							</node>
							<node>
								<identifier>	Bow_DeckHouse_Antenna_l_2b3	</identifier>
								<transform>
									<row0>	0.7401 0.6725 0.0063 0.0000	</row0>
									<row1>	-0.6725 0.7401 0.0020 0.0000	</row1>
									<row2>	-0.0033 -0.0057 1.0000 0.0000	</row2>
									<row3>	0.0037 0.0000 0.0000 1.0000	</row3>
								</transform>
								<node>
									<identifier>	Bow_DeckHouse_Antenna_l_2b3_BlendBone	</identifier>
									<transform>
										<row0>	0.9526 0.3039 0.0106 0.0000	</row0>
										<row1>	-0.3040 0.9527 0.0000 0.0000	</row1>
										<row2>	0.0101 0.0032 -0.9999 0.0000	</row2>
										<row3>	1.4658 -0.5303 -6.5159 1.0000	</row3>
									</transform>
								</node>
								<node>
									<identifier>	Bow_DeckHouse_Antenna_l_2b4	</identifier>
									<transform>
										<row0>	-0.3479 0.9373 0.0203 0.0000	</row0>
										<row1>	0.8558 0.3263 -0.4014 0.0000	</row1>
										<row2>	-0.3829 -0.1223 -0.9157 0.0000	</row2>
										<row3>	0.0247 0.0000 0.0000 1.0000	</row3>
									</transform>
									<node>
										<identifier>	Bow_DeckHouse_Antenna_l_2b4_BlendBone	</identifier>
										<transform>
											<row0>	-0.0463 0.9102 -0.4116 0.0000	</row0>
											<row1>	0.9987 0.0508 0.0000 0.0000	</row1>
											<row2>	-0.0208 0.4111 0.9114 0.0000	</row2>
											<row3>	-1.1308 3.6757 5.4795 1.0000	</row3>
										</transform>
									</node>
								</node>
							</node>
						</node>
					</node>
					<node>
						<identifier>	Bow_DeckHouse_Antenna_l_2b_BlendBone	</identifier>
						<transform>
							<row0>	-0.0460 -0.9710 0.2347 0.0000	</row0>
							<row1>	-0.9989 0.0473 0.0000 0.0000	</row1>
							<row2>	0.0111 0.2344 0.9721 0.0000	</row2>
							<row3>	1.0386 0.3499 6.6207 1.0000	</row3>
						</transform>
					</node>
				</node>
			</node>
			<node>
				<identifier>	Bow_DeckHouse_Antenna_l_3	</identifier>
				<transform>
					<row0>	1.0000 0.0000 0.0000 0.0000	</row0>
					<row1>	0.0000 1.0000 0.0000 0.0000	</row1>
					<row2>	0.0000 0.0000 1.0000 0.0000	</row2>
					<row3>	-1.1698 0.9656 6.3062 1.0000	</row3>
				</transform>
				<node>
					<identifier>	Bow_DeckHouse_Antenna_l_3_BlendBone	</identifier>
					<transform>
						<row0>	1.0000 0.0000 0.0000 0.0000	</row0>
						<row1>	0.0000 1.0000 0.0000 0.0000	</row1>
						<row2>	0.0000 0.0000 -1.0000 0.0000	</row2>
						<row3>	1.1698 -0.9656 -6.3062 1.0000	</row3>
					</transform>
				</node>
				<node>
					<identifier>	Bow_DeckHouse_Antenna_l_3a	</identifier>
					<transform>
						<row0>	1.0000 0.0000 0.0000 0.0000	</row0>
						<row1>	0.0000 1.0000 0.0000 0.0000	</row1>
						<row2>	0.0000 0.0000 1.0000 0.0000	</row2>
						<row3>	0.0149 0.0209 0.0000 1.0000	</row3>
					</transform>
					<node>
						<identifier>	Bow_DeckHouse_Antenna_l_3a_BlendBone	</identifier>
						<transform>
							<row0>	1.0000 0.0000 0.0000 0.0000	</row0>
							<row1>	0.0000 1.0000 0.0000 0.0000	</row1>
							<row2>	0.0000 0.0000 -1.0000 0.0000	</row2>
							<row3>	1.1549 -0.9865 -6.3063 1.0000	</row3>
						</transform>
					</node>
				</node>
				<node>
					<identifier>	Bow_DeckHouse_Antenna_l_3b	</identifier>
					<transform>
						<row0>	-0.0459 -0.9989 -0.0111 0.0000	</row0>
						<row1>	-0.9710 0.0473 -0.2344 0.0000	</row1>
						<row2>	0.2347 0.0000 -0.9721 0.0000	</row2>
						<row3>	-0.0064 0.0554 0.0001 1.0000	</row3>
					</transform>
					<node>
						<identifier>	Bow_DeckHouse_Antenna_l_3b1	</identifier>
						<transform>
							<row0>	0.9982 -0.0593 0.0127 0.0000	</row0>
							<row1>	-0.0501 -0.6870 0.7250 0.0000	</row1>
							<row2>	-0.0343 -0.7243 -0.6887 0.0000	</row2>
							<row3>	0.0446 0.0000 0.0000 1.0000	</row3>
						</transform>
						<node>
							<identifier>	Bow_DeckHouse_Antenna_l_3b1_BlendBone	</identifier>
							<transform>
								<row0>	0.0147 0.8395 0.5432 0.0000	</row0>
								<row1>	-0.9998 0.0176 0.0000 0.0000	</row1>
								<row2>	0.0095 0.5431 -0.8396 0.0000	</row2>
								<row3>	1.0538 4.3968 -4.6543 1.0000	</row3>
							</transform>
						</node>
						<node>
							<identifier>	Bow_DeckHouse_Antenna_l_3b2	</identifier>
							<transform>
								<row0>	0.8731 0.4096 0.2646 0.0000	</row0>
								<row1>	-0.4875 0.7435 0.4577 0.0000	</row1>
								<row2>	-0.0093 -0.5286 0.8488 0.0000	</row2>
								<row3>	0.0225 0.0000 0.0000 1.0000	</row3>
							</transform>
							<node>
								<identifier>	Bow_DeckHouse_Antenna_l_3b2_BlendBone	</identifier>
								<transform>
									<row0>	0.5004 0.8656 0.0172 0.0000	</row0>
									<row1>	-0.8657 0.5005 0.0000 0.0000	</row1>
									<row2>	0.0086 0.0149 -0.9999 0.0000	</row2>
									<row3>	1.4698 0.6362 -6.2844 1.0000	</row3>
								</transform>
							</node>
							<node>
								<identifier>	Bow_DeckHouse_Antenna_l_3b3	</identifier>
								<transform>
									<row0>	0.7401 0.6724 0.0063 0.0000	</row0>
									<row1>	-0.6725 0.7401 0.0020 0.0000	</row1>
									<row2>	-0.0033 -0.0057 1.0000 0.0000	</row2>
									<row3>	0.0037 0.0000 0.0000 1.0000	</row3>
								</transform>
								<node>
									<identifier>	Bow_DeckHouse_Antenna_l_3b3_BlendBone	</identifier>
									<transform>
										<row0>	0.9526 0.3042 0.0106 0.0000	</row0>
										<row1>	-0.3042 0.9526 0.0000 0.0000	</row1>
										<row2>	0.0101 0.0032 -0.9999 0.0000	</row2>
										<row3>	1.4732 -0.5277 -6.2928 1.0000	</row3>
									</transform>
								</node>
								<node>
									<identifier>	Bow_DeckHouse_Antenna_l_3b4	</identifier>
									<transform>
										<row0>	-0.3561 0.9342 0.0207 0.0000	</row0>
										<row1>	0.8725 0.3403 -0.3506 0.0000	</row1>
										<row2>	-0.3346 -0.1068 -0.9363 0.0000	</row2>
										<row3>	0.0247 0.0000 0.0000 1.0000	</row3>
									</transform>
									<node>
										<identifier>	Bow_DeckHouse_Antenna_l_3b4_BlendBone	</identifier>
										<transform>
											<row0>	-0.0548 0.9309 -0.3612 0.0000	</row0>
											<row1>	0.9983 0.0588 0.0000 0.0000	</row1>
											<row2>	-0.0212 0.3605 0.9325 0.0000	</row2>
											<row3>	-1.1387 3.2907 5.4635 1.0000	</row3>
										</transform>
									</node>
								</node>
							</node>
						</node>
					</node>
					<node>
						<identifier>	Bow_DeckHouse_Antenna_l_3b_BlendBone	</identifier>
						<transform>
							<row0>	-0.0459 -0.9710 0.2347 0.0000	</row0>
							<row1>	-0.9989 0.0473 0.0000 0.0000	</row1>
							<row2>	0.0111 0.2344 0.9721 0.0000	</row2>
							<row3>	1.0358 0.2880 6.4062 1.0000	</row3>
						</transform>
					</node>
				</node>
			</node>
			<node>
				<identifier>	Bow_DeckHouse_Antenna_l_4	</identifier>
				<transform>
					<row0>	1.0000 0.0000 0.0000 0.0000	</row0>
					<row1>	0.0000 1.0000 0.0000 0.0000	</row1>
					<row2>	0.0000 0.0000 1.0000 0.0000	</row2>
					<row3>	-1.1652 0.9656 6.0880 1.0000	</row3>
				</transform>
				<node>
					<identifier>	Bow_DeckHouse_Antenna_l_4_BlendBone	</identifier>
					<transform>
						<row0>	1.0000 0.0000 0.0000 0.0000	</row0>
						<row1>	0.0000 1.0000 0.0000 0.0000	</row1>
						<row2>	0.0000 0.0000 -1.0000 0.0000	</row2>
						<row3>	1.1652 -0.9656 -6.0880 1.0000	</row3>
					</transform>
				</node>
				<node>
					<identifier>	Bow_DeckHouse_Antenna_l_4a	</identifier>
					<transform>
						<row0>	1.0000 0.0000 0.0000 0.0000	</row0>
						<row1>	0.0000 1.0000 0.0000 0.0000	</row1>
						<row2>	0.0000 0.0000 1.0000 0.0000	</row2>
						<row3>	0.0140 0.0209 0.0000 1.0000	</row3>
					</transform>
					<node>
						<identifier>	Bow_DeckHouse_Antenna_l_4a_BlendBone	</identifier>
						<transform>
							<row0>	1.0000 0.0000 0.0000 0.0000	</row0>
							<row1>	0.0000 1.0000 0.0000 0.0000	</row1>
							<row2>	0.0000 0.0000 -1.0000 0.0000	</row2>
							<row3>	1.1512 -0.9865 -6.0879 1.0000	</row3>
						</transform>
					</node>
				</node>
				<node>
					<identifier>	Bow_DeckHouse_Antenna_l_4b	</identifier>
					<transform>
						<row0>	-0.0459 -0.9989 -0.0111 0.0000	</row0>
						<row1>	-0.9710 0.0473 -0.2344 0.0000	</row1>
						<row2>	0.2347 0.0000 -0.9721 0.0000	</row2>
						<row3>	-0.0064 0.0554 0.0000 1.0000	</row3>
					</transform>
					<node>
						<identifier>	Bow_DeckHouse_Antenna_l_4b1	</identifier>
						<transform>
							<row0>	0.9982 -0.0593 0.0127 0.0000	</row0>
							<row1>	-0.0501 -0.6870 0.7250 0.0000	</row1>
							<row2>	-0.0343 -0.7243 -0.6887 0.0000	</row2>
							<row3>	0.0446 0.0000 0.0000 1.0000	</row3>
						</transform>
						<node>
							<identifier>	Bow_DeckHouse_Antenna_l_4b1_BlendBone	</identifier>
							<transform>
								<row0>	0.0147 0.8395 0.5432 0.0000	</row0>
								<row1>	-0.9998 0.0176 0.0000 0.0000	</row1>
								<row2>	0.0095 0.5431 -0.8396 0.0000	</row2>
								<row3>	1.0517 4.2744 -4.4735 1.0000	</row3>
							</transform>
						</node>
						<node>
							<identifier>	Bow_DeckHouse_Antenna_l_4b2	</identifier>
							<transform>
								<row0>	0.8731 0.4096 0.2646 0.0000	</row0>
								<row1>	-0.4875 0.7435 0.4577 0.0000	</row1>
								<row2>	-0.0093 -0.5286 0.8488 0.0000	</row2>
								<row3>	0.0225 0.0000 0.0000 1.0000	</row3>
							</transform>
							<node>
								<identifier>	Bow_DeckHouse_Antenna_l_4b2_BlendBone	</identifier>
								<transform>
									<row0>	0.5004 0.8656 0.0172 0.0000	</row0>
									<row1>	-0.8657 0.5005 0.0000 0.0000	</row1>
									<row2>	0.0086 0.0149 -0.9999 0.0000	</row2>
									<row3>	1.4656 0.6290 -6.0661 1.0000	</row3>
								</transform>
							</node>
							<node>
								<identifier>	Bow_DeckHouse_Antenna_l_4b3	</identifier>
								<transform>
									<row0>	0.7401 0.6724 0.0063 0.0000	</row0>
									<row1>	-0.6725 0.7401 0.0020 0.0000	</row1>
									<row2>	-0.0033 -0.0057 1.0000 0.0000	</row2>
									<row3>	0.0037 0.0000 0.0000 1.0000	</row3>
								</transform>
								<node>
									<identifier>	Bow_DeckHouse_Antenna_l_4b3_BlendBone	</identifier>
									<transform>
										<row0>	0.9526 0.3042 0.0106 0.0000	</row0>
										<row1>	-0.3042 0.9526 0.0000 0.0000	</row1>
										<row2>	0.0101 0.0032 -0.9999 0.0000	</row2>
										<row3>	1.4666 -0.5298 -6.0745 1.0000	</row3>
									</transform>
								</node>
								<node>
									<identifier>	Bow_DeckHouse_Antenna_l_4b4	</identifier>
									<transform>
										<row0>	-0.3757 0.9265 0.0204 0.0000	</row0>
										<row1>	0.8933 0.3679 -0.2583 0.0000	</row1>
										<row2>	-0.2468 -0.0788 -0.9659 0.0000	</row2>
										<row3>	0.0247 0.0000 0.0000 1.0000	</row3>
									</transform>
									<node>
										<identifier>	Bow_DeckHouse_Antenna_l_4b4_BlendBone	</identifier>
										<transform>
											<row0>	-0.0758 0.9601 -0.2693 0.0000	</row0>
											<row1>	0.9969 0.0787 0.0000 0.0000	</row1>
											<row2>	-0.0212 0.2685 0.9630 0.0000	</row2>
											<row3>	-1.1565 2.6621 5.5529 1.0000	</row3>
										</transform>
									</node>
								</node>
							</node>
						</node>
					</node>
					<node>
						<identifier>	Bow_DeckHouse_Antenna_l_4b_BlendBone	</identifier>
						<transform>
							<row0>	-0.0459 -0.9710 0.2347 0.0000	</row0>
							<row1>	-0.9989 0.0473 0.0000 0.0000	</row1>
							<row2>	0.0111 0.2344 0.9721 0.0000	</row2>
							<row3>	1.0336 0.2412 6.1929 1.0000	</row3>
						</transform>
					</node>
				</node>
			</node>
			<node>
				<identifier>	Bow_DeckHouse_Antenna_l_5	</identifier>
				<transform>
					<row0>	1.0000 0.0000 0.0000 0.0000	</row0>
					<row1>	0.0000 1.0000 0.0000 0.0000	</row1>
					<row2>	0.0000 0.0000 1.0000 0.0000	</row2>
					<row3>	-1.1681 0.9651 5.8672 1.0000	</row3>
				</transform>
				<node>
					<identifier>	Bow_DeckHouse_Antenna_l_5_BlendBone	</identifier>
					<transform>
						<row0>	1.0000 0.0000 0.0000 0.0000	</row0>
						<row1>	0.0000 1.0000 0.0000 0.0000	</row1>
						<row2>	0.0000 0.0000 -1.0000 0.0000	</row2>
						<row3>	1.1681 -0.9651 -5.8672 1.0000	</row3>
					</transform>
				</node>
				<node>
					<identifier>	Bow_DeckHouse_Antenna_l_5a	</identifier>
					<transform>
						<row0>	1.0000 0.0000 0.0000 0.0000	</row0>
						<row1>	0.0000 1.0000 0.0000 0.0000	</row1>
						<row2>	0.0000 0.0000 1.0000 0.0000	</row2>
						<row3>	0.0132 0.0215 0.0010 1.0000	</row3>
					</transform>
					<node>
						<identifier>	Bow_DeckHouse_Antenna_l_5a_BlendBone	</identifier>
						<transform>
							<row0>	1.0000 0.0000 0.0000 0.0000	</row0>
							<row1>	0.0000 1.0000 0.0000 0.0000	</row1>
							<row2>	0.0000 0.0000 -1.0000 0.0000	</row2>
							<row3>	1.1549 -0.9865 -5.8682 1.0000	</row3>
						</transform>
					</node>
				</node>
				<node>
					<identifier>	Bow_DeckHouse_Antenna_l_5b	</identifier>
					<transform>
						<row0>	-0.0459 -0.9989 0.0111 0.0000	</row0>
						<row1>	-0.9709 0.0473 0.2347 0.0000	</row1>
						<row2>	-0.2350 0.0000 -0.9720 0.0000	</row2>
						<row3>	-0.0070 0.0560 0.0000 1.0000	</row3>
					</transform>
					<node>
						<identifier>	Bow_DeckHouse_Antenna_l_5b1	</identifier>
						<transform>
							<row0>	0.9992 -0.0391 0.0110 0.0000	</row0>
							<row1>	0.0146 0.5981 0.8013 0.0000	</row1>
							<row2>	-0.0379 -0.8005 0.5982 0.0000	</row2>
							<row3>	0.0446 0.0000 0.0000 1.0000	</row3>
						</transform>
						<node>
							<identifier>	Bow_DeckHouse_Antenna_l_5b1_BlendBone	</identifier>
							<transform>
								<row0>	-0.0106 -0.7696 0.6384 0.0000	</row0>
								<row1>	-0.9999 0.0137 0.0000 0.0000	</row1>
								<row2>	0.0088 0.6383 0.7697 0.0000	</row2>
								<row3>	1.0153 2.8260 5.2680 1.0000	</row3>
							</transform>
						</node>
						<node>
							<identifier>	Bow_DeckHouse_Antenna_l_5b2	</identifier>
							<transform>
								<row0>	0.7662 -0.5631 0.3096 0.0000	</row0>
								<row1>	-0.6426 -0.6664 0.3782 0.0000	</row1>
								<row2>	-0.0067 -0.4887 -0.8724 0.0000	</row2>
								<row3>	0.0225 -0.0007 0.0000 1.0000	</row3>
							</transform>
							<node>
								<identifier>	Bow_DeckHouse_Antenna_l_5b2_BlendBone	</identifier>
								<transform>
									<row0>	0.6229 0.7611 -0.1807 0.0000	</row0>
									<row1>	-0.7738 0.6334 0.0000 0.0000	</row1>
									<row2>	-0.1145 -0.1399 -0.9835 0.0000	</row2>
									<row3>	0.7997 -0.5292 -5.9840 1.0000	</row3>
								</transform>
							</node>
							<node>
								<identifier>	Bow_DeckHouse_Antenna_l_5b3	</identifier>
								<transform>
									<row0>	0.8299 0.5337 -0.1622 0.0000	</row0>
									<row1>	-0.5473 0.8353 -0.0518 0.0000	</row1>
									<row2>	0.1078 0.1318 0.9854 0.0000	</row2>
									<row3>	0.0036 -0.0006 -0.0003 1.0000	</row3>
								</transform>
								<node>
									<identifier>	Bow_DeckHouse_Antenna_l_5b3_BlendBone	</identifier>
									<transform>
										<row0>	0.9526 0.3042 -0.0106 0.0000	</row0>
										<row1>	-0.3042 0.9526 0.0000 0.0000	</row1>
										<row2>	-0.0101 -0.0032 -0.9999 0.0000	</row2>
										<row3>	1.3491 -0.5673 -5.8801 1.0000	</row3>
									</transform>
								</node>
								<node>
									<identifier>	Bow_DeckHouse_Antenna_l_5b4	</identifier>
									<transform>
										<row0>	-0.3775 0.9260 0.0015 0.0000	</row0>
										<row1>	0.9258 0.3775 -0.0189 0.0000	</row1>
										<row2>	-0.0180 -0.0058 -0.9998 0.0000	</row2>
										<row3>	0.0247 0.0000 0.0000 1.0000	</row3>
									</transform>
									<node>
										<identifier>	Bow_DeckHouse_Antenna_l_5b4_BlendBone	</identifier>
										<transform>
											<row0>	-0.0780 0.9969 -0.0083 0.0000	</row0>
											<row1>	0.9970 0.0780 0.0000 0.0000	</row1>
											<row2>	-0.0006 0.0083 1.0000 0.0000	</row2>
											<row3>	-1.0340 1.1229 5.8584 1.0000	</row3>
										</transform>
									</node>
								</node>
							</node>
						</node>
					</node>
					<node>
						<identifier>	Bow_DeckHouse_Antenna_l_5b_BlendBone	</identifier>
						<transform>
							<row0>	-0.0459 -0.9709 -0.2350 0.0000	</row0>
							<row1>	-0.9989 0.0473 0.0000 0.0000	</row1>
							<row2>	-0.0111 -0.2347 0.9720 0.0000	</row2>
							<row3>	0.9007 -2.5663 5.4268 1.0000	</row3>
						</transform>
					</node>
				</node>
			</node>
			<node>
				<identifier>	Root_BlendBone	</identifier>
				<transform>
					<row0>	1.0000 0.0000 0.0000 0.0000	</row0>
					<row1>	0.0000 1.0000 0.0000 0.0000	</row1>
					<row2>	0.0000 0.0000 -1.0000 0.0000	</row2>
					<row3>	0.0000 0.0000 0.0000 1.0000	</row3>
				</transform>
			</node>
		</node>
	</node>
	<renderSet>
		<treatAsWorldSpaceObject>	false	</treatAsWorldSpaceObject>
		<node>	Bow	</node>
		<geometry>
			<vertices>	BowShape.vertices	</vertices>
			<primitive>	BowShape.indices	</primitive>
			<primitiveGroup>	0
				<material>
					<identifier>	SHIPMAT_PBS_Hull	</identifier>
					<mfm>	PnFMods/ModsSDK.zip/ASA510_Roosevelt/ship/ASA009_Roosevelt_1947_Hull.mfm	</mfm>
				</material>
			</primitiveGroup>
		</geometry>
	</renderSet>
	<renderSet>
		<treatAsWorldSpaceObject>	true	</treatAsWorldSpaceObject>
		<node>	Bow_DeckHouse_Antenna_l_1_BlendBone	</node>
		<node>	Bow_DeckHouse_Antenna_l_2_BlendBone	</node>
		<node>	Bow_DeckHouse_Antenna_l_3_BlendBone	</node>
		<node>	Bow_DeckHouse_Antenna_l_4_BlendBone	</node>
		<node>	Bow_DeckHouse_Antenna_l_5_BlendBone	</node>
		<node>	Bow_DeckHouse_Antenna_l_5b4_BlendBone	</node>
		<geometry>
			<vertices>	Bow_AntennaShape.vertices	</vertices>
			<primitive>	Bow_AntennaShape.indices	</primitive>
			<primitiveGroup>	0
				<material>
					<identifier>	SHIPMAT_PBS_DeckHouse_skinned	</identifier>
					<mfm>	PnFMods/ModsSDK.zip/ASA510_Roosevelt/ship/ASA009_Roosevelt_1947_Deckhouse_skinned.mfm	</mfm>
				</material>
			</primitiveGroup>
		</geometry>
	</renderSet>
	<renderSet>
		<treatAsWorldSpaceObject>	true	</treatAsWorldSpaceObject>
		<node>	Root_BlendBone	</node>
		<node>	Bow_DeckHouse_Antenna_l_1_BlendBone	</node>
		<node>	Bow_DeckHouse_Antenna_l_1b_BlendBone	</node>
		<node>	Bow_DeckHouse_Antenna_l_1b1_BlendBone	</node>
		<node>	Bow_DeckHouse_Antenna_l_1b2_BlendBone	</node>
		<node>	Bow_DeckHouse_Antenna_l_1b3_BlendBone	</node>
		<node>	Bow_DeckHouse_Antenna_l_1b4_BlendBone	</node>
		<node>	Bow_DeckHouse_Antenna_l_1a_BlendBone	</node>
		<node>	Bow_DeckHouse_Antenna_l_2_BlendBone	</node>
		<node>	Bow_DeckHouse_Antenna_l_2a_BlendBone	</node>
		<node>	Bow_DeckHouse_Antenna_l_2b_BlendBone	</node>
		<node>	Bow_DeckHouse_Antenna_l_2b1_BlendBone	</node>
		<node>	Bow_DeckHouse_Antenna_l_2b2_BlendBone	</node>
		<node>	Bow_DeckHouse_Antenna_l_2b3_BlendBone	</node>
		<node>	Bow_DeckHouse_Antenna_l_2b4_BlendBone	</node>
		<node>	Bow_DeckHouse_Antenna_l_3_BlendBone	</node>
		<node>	Bow_DeckHouse_Antenna_l_3a_BlendBone	</node>
		<node>	Bow_DeckHouse_Antenna_l_3b_BlendBone	</node>
		<node>	Bow_DeckHouse_Antenna_l_3b1_BlendBone	</node>
		<node>	Bow_DeckHouse_Antenna_l_3b2_BlendBone	</node>
		<node>	Bow_DeckHouse_Antenna_l_3b3_BlendBone	</node>
		<node>	Bow_DeckHouse_Antenna_l_3b4_BlendBone	</node>
		<node>	Bow_DeckHouse_Antenna_l_4_BlendBone	</node>
		<node>	Bow_DeckHouse_Antenna_l_4a_BlendBone	</node>
		<node>	Bow_DeckHouse_Antenna_l_4b_BlendBone	</node>
		<node>	Bow_DeckHouse_Antenna_l_4b1_BlendBone	</node>
		<node>	Bow_DeckHouse_Antenna_l_4b2_BlendBone	</node>
		<node>	Bow_DeckHouse_Antenna_l_4b3_BlendBone	</node>
		<node>	Bow_DeckHouse_Antenna_l_4b4_BlendBone	</node>
		<node>	Bow_DeckHouse_Antenna_l_5_BlendBone	</node>
		<node>	Bow_DeckHouse_Antenna_l_5a_BlendBone	</node>
		<node>	Bow_DeckHouse_Antenna_l_5b_BlendBone	</node>
		<node>	Bow_DeckHouse_Antenna_l_5b1_BlendBone	</node>
		<node>	Bow_DeckHouse_Antenna_l_5b2_BlendBone	</node>
		<node>	Bow_DeckHouse_Antenna_l_5b3_BlendBone	</node>
		<node>	Bow_DeckHouse_Antenna_l_5b4_BlendBone	</node>
		<geometry>
			<vertices>	Bow_Antenna_wireShape.vertices	</vertices>
			<primitive>	Bow_Antenna_wireShape.indices	</primitive>
			<primitiveGroup>	0
				<material>
					<identifier>	SHIPWIRE_PBS_Hull_skinned	</identifier>
					<mfm>	PnFMods/ModsSDK.zip/ASA510_Roosevelt/ship/ASA009_Roosevelt_1947_Deckhouse_wire_skinned.mfm	</mfm>
				</material>
			</primitiveGroup>
		</geometry>
	</renderSet>
	<renderSet>
		<treatAsWorldSpaceObject>	false	</treatAsWorldSpaceObject>
		<node>	Bow_crack_MidFront	</node>
		<geometry>
			<vertices>	Bow_crack_MidFrontShape.vertices	</vertices>
			<primitive>	Bow_crack_MidFrontShape.indices	</primitive>
			<primitiveGroup>	0
				<material>
					<identifier>	SHIPMAT_PBS_Hull	</identifier>
					<mfm>	PnFMods/ModsSDK.zip/ASA510_Roosevelt/ship/ASA009_Roosevelt_1947_Hull.mfm	</mfm>
				</material>
			</primitiveGroup>
		</geometry>
	</renderSet>
	<renderSet>
		<treatAsWorldSpaceObject>	false	</treatAsWorldSpaceObject>
		<node>	Bow_crack_MidFront_in	</node>
		<geometry>
			<vertices>	Bow_crack_MidFront_inShape.vertices	</vertices>
			<primitive>	Bow_crack_MidFront_inShape.indices	</primitive>
			<primitiveGroup>	0
				<material>
					<identifier>	SHIPMAT_PBS_Crack	</identifier>
					<mfm>	PnFMods/ModsSDK.zip/ASA510_Roosevelt/ship/C002_Razlom.mfm	</mfm>
				</material>
			</primitiveGroup>
		</geometry>
	</renderSet>
	<renderSet>
		<treatAsWorldSpaceObject>	false	</treatAsWorldSpaceObject>
		<node>	Bow_patch_MidFront	</node>
		<geometry>
			<vertices>	Bow_patch_MidFrontShape.vertices	</vertices>
			<primitive>	Bow_patch_MidFrontShape.indices	</primitive>
			<primitiveGroup>	0
				<material>
					<identifier>	SHIPMAT_PBS_Hull	</identifier>
					<mfm>	PnFMods/ModsSDK.zip/ASA510_Roosevelt/ship/ASA009_Roosevelt_1947_Hull.mfm	</mfm>
				</material>
			</primitiveGroup>
		</geometry>
	</renderSet>
	<boundingBox>
		<min>	-1.2281 -0.0033 -0.0033	</min>
		<max>	0.0033 1.6633 6.8076	</max>
	</boundingBox>
</ASA009_Roosevelt_1947_Bow.visual>
