<ISB007_Lepanto_1945_Bow_ports.visual>
	<node>
		<identifier>	Scene Root	</identifier>
		<transform>
			<row0>	1.0000 0.0000 0.0000 0.0000	</row0>
			<row1>	0.0000 1.0000 0.0000 0.0000	</row1>
			<row2>	0.0000 0.0000 1.0000 0.0000	</row2>
			<row3>	0.0000 0.0000 0.0000 1.0000	</row3>
		</transform>
		<node>
			<identifier>	Bow_ports	</identifier>
			<transform>
				<row0>	1.0000 0.0000 0.0000 0.0000	</row0>
				<row1>	0.0000 1.0000 0.0000 0.0000	</row1>
				<row2>	0.0000 0.0000 1.0000 0.0000	</row2>
				<row3>	0.0000 0.0000 0.0000 1.0000	</row3>
			</transform>
			<node>
				<identifier>	HP_FX_Death_1	</identifier>
				<transform>
					<row0>	1.0000 0.0000 0.0000 0.0000	</row0>
					<row1>	0.0000 1.0000 0.0000 0.0000	</row1>
					<row2>	0.0000 0.0000 1.0000 0.0000	</row2>
					<row3>	0.0000 0.0000 4.9675 1.0000	</row3>
				</transform>
			</node>
			<node>
				<identifier>	HP_FX_Fire_1	</identifier>
				<transform>
					<row0>	1.0000 0.0000 0.0000 0.0000	</row0>
					<row1>	0.0000 1.0000 0.0000 0.0000	</row1>
					<row2>	0.0000 0.0000 1.0000 0.0000	</row2>
					<row3>	0.0000 0.4866 6.2751 1.0000	</row3>
				</transform>
			</node>
			<node>
				<identifier>	HP_FX_RepairLight_left_1	</identifier>
				<transform>
					<row0>	0.1085 0.0000 0.9941 0.0000	</row0>
					<row1>	0.0000 1.0000 0.0000 0.0000	</row1>
					<row2>	-0.9941 0.0000 0.1085 0.0000	</row2>
					<row3>	-1.0029 0.4296 4.7061 1.0000	</row3>
				</transform>
			</node>
			<node>
				<identifier>	HP_FX_WakeTrace	</identifier>
				<transform>
					<row0>	1.0000 0.0000 0.0000 0.0000	</row0>
					<row1>	0.0000 1.0000 0.0000 0.0000	</row1>
					<row2>	0.0000 0.0000 1.0000 0.0000	</row2>
					<row3>	0.0000 0.0000 8.4007 1.0000	</row3>
				</transform>
			</node>
			<node>
				<identifier>	HP_IGA_1	</identifier>
				<transform>
					<row0>	1.0000 0.0000 0.0000 0.0000	</row0>
					<row1>	0.0000 1.0000 0.0000 0.0000	</row1>
					<row2>	0.0000 0.0000 1.0000 0.0000	</row2>
					<row3>	-0.5480 0.4600 5.7207 1.0000	</row3>
				</transform>
			</node>
			<node>
				<identifier>	HP_IGA_2	</identifier>
				<transform>
					<row0>	1.0000 0.0000 0.0000 0.0000	</row0>
					<row1>	0.0000 1.0000 0.0000 0.0000	</row1>
					<row2>	0.0000 0.0000 1.0000 0.0000	</row2>
					<row3>	0.5480 0.4600 5.7207 1.0000	</row3>
				</transform>
			</node>
			<node>
				<identifier>	HP_IGM_1	</identifier>
				<transform>
					<row0>	1.0000 0.0000 0.0000 0.0000	</row0>
					<row1>	0.0000 1.0000 0.0000 0.0000	</row1>
					<row2>	0.0000 0.0000 1.0000 0.0000	</row2>
					<row3>	0.0000 0.4789 4.0259 1.0000	</row3>
				</transform>
			</node>
			<node>
				<identifier>	HP_Ship_death_1	</identifier>
				<transform>
					<row0>	1.0000 0.0000 0.0000 0.0000	</row0>
					<row1>	0.0000 1.0000 0.0000 0.0000	</row1>
					<row2>	0.0000 0.0000 1.0000 0.0000	</row2>
					<row3>	0.0000 0.0000 3.7870 1.0000	</row3>
				</transform>
			</node>
			<node>
				<identifier>	MP_CM127_Jacobs_ladder	</identifier>
				<transform>
					<row0>	1.0000 0.0000 0.0000 0.0000	</row0>
					<row1>	0.0000 0.9994 -0.0347 0.0000	</row1>
					<row2>	0.0000 0.0347 0.9994 0.0000	</row2>
					<row3>	0.9921 0.4350 4.5184 1.0000	</row3>
				</transform>
			</node>
			<node>
				<identifier>	MP_CM127_Jacobs_ladder_INDEX_1	</identifier>
				<transform>
					<row0>	1.0000 0.0000 0.0000 0.0000	</row0>
					<row1>	0.0000 0.9994 -0.0347 0.0000	</row1>
					<row2>	0.0000 0.0347 0.9994 0.0000	</row2>
					<row3>	-0.9921 0.4350 4.5184 1.0000	</row3>
				</transform>
			</node>
			<node>
				<identifier>	MP_IM026_Reels	</identifier>
				<transform>
					<row0>	0.8657 0.0000 -0.5005 0.0000	</row0>
					<row1>	0.0000 1.0000 0.0000 0.0000	</row1>
					<row2>	0.5005 0.0000 0.8657 0.0000	</row2>
					<row3>	0.4431 0.4466 5.3143 1.0000	</row3>
				</transform>
			</node>
			<node>
				<identifier>	MP_IM026_Reels_INDEX_1	</identifier>
				<transform>
					<row0>	0.8792 0.0000 0.4764 0.0000	</row0>
					<row1>	0.0000 1.0000 0.0000 0.0000	</row1>
					<row2>	-0.4764 0.0000 0.8792 0.0000	</row2>
					<row3>	-0.7544 0.4407 5.1368 1.0000	</row3>
				</transform>
			</node>
			<node>
				<identifier>	MP_IM026_Reels_INDEX_2	</identifier>
				<transform>
					<row0>	0.8792 0.0000 -0.4764 0.0000	</row0>
					<row1>	0.0000 1.0000 0.0000 0.0000	</row1>
					<row2>	0.4764 0.0000 0.8792 0.0000	</row2>
					<row3>	0.7544 0.4407 5.1368 1.0000	</row3>
				</transform>
			</node>
			<node>
				<identifier>	MP_IM026_Reels_INDEX_3	</identifier>
				<transform>
					<row0>	0.8657 0.0000 0.5005 0.0000	</row0>
					<row1>	0.0000 1.0000 0.0000 0.0000	</row1>
					<row2>	-0.5005 0.0000 0.8657 0.0000	</row2>
					<row3>	-0.4431 0.4466 5.3143 1.0000	</row3>
				</transform>
			</node>
			<node>
				<identifier>	MP_IM031_Fire_Fighting	</identifier>
				<transform>
					<row0>	1.0000 0.0000 0.0009 0.0000	</row0>
					<row1>	0.0000 1.0000 0.0000 0.0000	</row1>
					<row2>	-0.0009 0.0000 1.0000 0.0000	</row2>
					<row3>	-0.1108 0.4762 6.0646 1.0000	</row3>
				</transform>
			</node>
			<node>
				<identifier>	MP_IM031_Fire_Fighting_INDEX_1	</identifier>
				<transform>
					<row0>	1.0000 0.0000 -0.0009 0.0000	</row0>
					<row1>	0.0000 1.0000 0.0000 0.0000	</row1>
					<row2>	0.0009 0.0000 1.0000 0.0000	</row2>
					<row3>	0.0417 0.4459 5.2673 1.0000	</row3>
				</transform>
			</node>
			<node>
				<identifier>	MP_IM031_Fire_Fighting_INDEX_2	</identifier>
				<transform>
					<row0>	1.0000 0.0000 -0.0009 0.0000	</row0>
					<row1>	0.0000 1.0000 0.0000 0.0000	</row1>
					<row2>	0.0009 0.0000 1.0000 0.0000	</row2>
					<row3>	0.1108 0.4762 6.0646 1.0000	</row3>
				</transform>
			</node>
			<node>
				<identifier>	MP_IM031_Fire_Fighting_INDEX_3	</identifier>
				<transform>
					<row0>	1.0000 0.0000 0.0009 0.0000	</row0>
					<row1>	0.0000 1.0000 0.0000 0.0000	</row1>
					<row2>	-0.0009 0.0000 1.0000 0.0000	</row2>
					<row3>	-0.0417 0.4459 5.2673 1.0000	</row3>
				</transform>
			</node>
			<node>
				<identifier>	MP_IM031_Fire_Fighting_INDEX_4	</identifier>
				<transform>
					<row0>	1.0000 0.0000 0.0009 0.0000	</row0>
					<row1>	0.0000 1.0000 0.0000 0.0000	</row1>
					<row2>	-0.0009 0.0000 1.0000 0.0000	</row2>
					<row3>	-0.3166 0.4273 4.7369 1.0000	</row3>
				</transform>
			</node>
			<node>
				<identifier>	MP_IM031_Fire_Fighting_INDEX_5	</identifier>
				<transform>
					<row0>	1.0000 0.0000 -0.0009 0.0000	</row0>
					<row1>	0.0000 1.0000 0.0000 0.0000	</row1>
					<row2>	0.0009 0.0000 1.0000 0.0000	</row2>
					<row3>	0.3166 0.4273 4.7369 1.0000	</row3>
				</transform>
			</node>
			<node>
				<identifier>	MP_IM032_Fire_Hose	</identifier>
				<transform>
					<row0>	-0.2797 -0.0029 -0.9601 0.0000	</row0>
					<row1>	0.0006 1.0000 -0.0032 0.0000	</row1>
					<row2>	0.9601 -0.0014 -0.2797 0.0000	</row2>
					<row3>	0.1878 0.5078 5.4684 1.0000	</row3>
				</transform>
			</node>
			<node>
				<identifier>	MP_IM032_Fire_Hose_INDEX_1	</identifier>
				<transform>
					<row0>	0.1312 -0.0029 0.9914 0.0000	</row0>
					<row1>	-0.0010 1.0000 0.0031 0.0000	</row1>
					<row2>	-0.9914 -0.0014 0.1312 0.0000	</row2>
					<row3>	0.3219 0.5063 5.7626 1.0000	</row3>
				</transform>
			</node>
			<node>
				<identifier>	MP_IM032_Fire_Hose_INDEX_2	</identifier>
				<transform>
					<row0>	0.0029 0.0255 0.9997 0.0000	</row0>
					<row1>	1.0000 0.0014 -0.0029 0.0000	</row1>
					<row2>	-0.0014 0.9997 -0.0255 0.0000	</row2>
					<row3>	-0.3326 0.4304 4.7674 1.0000	</row3>
				</transform>
			</node>
			<node>
				<identifier>	MP_IM032_Fire_Hose_INDEX_3	</identifier>
				<transform>
					<row0>	0.0029 -0.0255 -0.9997 0.0000	</row0>
					<row1>	-1.0000 0.0014 -0.0029 0.0000	</row1>
					<row2>	0.0014 0.9997 -0.0255 0.0000	</row2>
					<row3>	0.3326 0.4304 4.7674 1.0000	</row3>
				</transform>
			</node>
			<node>
				<identifier>	MP_IM032_Fire_Hose_INDEX_4	</identifier>
				<transform>
					<row0>	-0.2797 0.0029 0.9601 0.0000	</row0>
					<row1>	-0.0006 1.0000 -0.0032 0.0000	</row1>
					<row2>	-0.9601 -0.0014 -0.2797 0.0000	</row2>
					<row3>	-0.1878 0.5078 5.4684 1.0000	</row3>
				</transform>
			</node>
			<node>
				<identifier>	MP_IM032_Fire_Hose_INDEX_5	</identifier>
				<transform>
					<row0>	0.1312 0.0029 -0.9914 0.0000	</row0>
					<row1>	0.0010 1.0000 0.0031 0.0000	</row1>
					<row2>	0.9914 -0.0014 0.1312 0.0000	</row2>
					<row3>	-0.3219 0.5063 5.7626 1.0000	</row3>
				</transform>
			</node>
			<node>
				<identifier>	MP_IM033_Life_Buoy	</identifier>
				<transform>
					<row0>	-0.2280 0.0000 0.9737 0.0000	</row0>
					<row1>	0.0000 1.0000 0.0000 0.0000	</row1>
					<row2>	-0.9737 0.0000 -0.2280 0.0000	</row2>
					<row3>	0.6232 0.5902 7.1027 1.0000	</row3>
				</transform>
			</node>
			<node>
				<identifier>	MP_IM033_Life_Buoy_INDEX_1	</identifier>
				<transform>
					<row0>	-0.2280 0.0000 -0.9737 0.0000	</row0>
					<row1>	0.0000 1.0000 0.0000 0.0000	</row1>
					<row2>	0.9737 0.0000 -0.2280 0.0000	</row2>
					<row3>	-0.6232 0.5902 7.1027 1.0000	</row3>
				</transform>
			</node>
			<node>
				<identifier>	MP_IM044_Bow_Star	</identifier>
				<transform>
					<row0>	1.0000 0.0000 0.0000 0.0000	</row0>
					<row1>	0.0000 0.7335 0.6797 0.0000	</row1>
					<row2>	0.0000 -0.6797 0.7335 0.0000	</row2>
					<row3>	0.0000 0.5399 8.6711 1.0000	</row3>
				</transform>
			</node>
			<node>
				<identifier>	MP_IM203_Anchor_Bottom_Clean	</identifier>
				<transform>
					<row0>	0.9626 0.5214 -0.1075 0.0000	</row0>
					<row1>	-0.3297 0.4093 -0.9663 0.0000	</row1>
					<row2>	-0.4180 0.8778 0.5145 0.0000	</row2>
					<row3>	-0.4168 0.4053 8.0196 1.0000	</row3>
				</transform>
			</node>
			<node>
				<identifier>	MP_IM203_Anchor_Bottom_Clean_INDEX_1	</identifier>
				<transform>
					<row0>	0.9688 -0.5179 0.0569 0.0000	</row0>
					<row1>	0.2738 0.4038 -0.9859 0.0000	</row1>
					<row2>	0.4433 0.8825 0.4845 0.0000	</row2>
					<row3>	0.5577 0.3940 7.6086 1.0000	</row3>
				</transform>
			</node>
			<node>
				<identifier>	MP_IM203_Anchor_Bottom_Clean_INDEX_2	</identifier>
				<transform>
					<row0>	0.9604 -0.5211 0.1266 0.0000	</row0>
					<row1>	0.3452 0.4019 -0.9640 0.0000	</row1>
					<row2>	0.4104 0.8814 0.5144 0.0000	</row2>
					<row3>	0.4144 0.4054 8.0226 1.0000	</row3>
				</transform>
			</node>
			<node>
				<identifier>	MP_IM204_Zatterino_3_5m_Clean	</identifier>
				<transform>
					<row0>	-1.0000 0.0000 0.0000 0.0000	</row0>
					<row1>	0.0000 -0.9994 0.0359 0.0000	</row1>
					<row2>	0.0000 0.0359 0.9994 0.0000	</row2>
					<row3>	0.0623 0.4911 5.0368 1.0000	</row3>
				</transform>
			</node>
			<node>
				<identifier>	MP_IM204_Zatterino_3_5m_Clean_INDEX_1	</identifier>
				<transform>
					<row0>	-1.0000 0.0000 0.0000 0.0000	</row0>
					<row1>	0.0000 -0.9994 0.0359 0.0000	</row1>
					<row2>	0.0000 0.0359 0.9994 0.0000	</row2>
					<row3>	-0.0623 0.4911 5.0368 1.0000	</row3>
				</transform>
			</node>
			<node>
				<identifier>	MP_IM237_Anchor_up_Clean	</identifier>
				<transform>
					<row0>	0.9781 -0.2522 -0.4356 0.0000	</row0>
					<row1>	-0.2383 0.6064 -0.8863 0.0000	</row1>
					<row2>	0.4433 0.8825 0.4845 0.0000	</row2>
					<row3>	0.5577 0.3940 7.6086 1.0000	</row3>
				</transform>
			</node>
			<node>
				<identifier>	MP_IM237_Anchor_up_Clean_INDEX_1	</identifier>
				<transform>
					<row0>	1.0071 0.2768 0.3450 0.0000	</row0>
					<row1>	0.1462 0.6014 -0.9094 0.0000	</row1>
					<row2>	-0.4175 0.8785 0.5138 0.0000	</row2>
					<row3>	-0.4161 0.4053 8.0197 1.0000	</row3>
				</transform>
			</node>
			<node>
				<identifier>	MP_IM237_Anchor_up_Clean_INDEX_2	</identifier>
				<transform>
					<row0>	1.0119 -0.2784 -0.3294 0.0000	</row0>
					<row1>	-0.1337 0.5961 -0.9147 0.0000	</row1>
					<row2>	0.4100 0.8815 0.5146 0.0000	</row2>
					<row3>	0.4144 0.4054 8.0226 1.0000	</row3>
				</transform>
			</node>
			<node>
				<identifier>	MP_IM514_Life_Boat_3_5m_monte	</identifier>
				<transform>
					<row0>	0.0000 0.0359 0.9994 0.0000	</row0>
					<row1>	0.0000 0.9994 -0.0359 0.0000	</row1>
					<row2>	-1.0000 0.0000 0.0000 0.0000	</row2>
					<row3>	-0.2575 0.4363 4.9843 1.0000	</row3>
				</transform>
			</node>
			<node>
				<identifier>	MP_IM514_Life_Boat_3_5m_monte_INDEX_1	</identifier>
				<transform>
					<row0>	0.0000 -0.0359 -0.9994 0.0000	</row0>
					<row1>	0.0000 0.9994 -0.0359 0.0000	</row1>
					<row2>	1.0000 0.0000 0.0000 0.0000	</row2>
					<row3>	0.2575 0.4363 4.9843 1.0000	</row3>
				</transform>
			</node>
			<node>
				<identifier>	MP_IM901_Crane_Paravan	</identifier>
				<transform>
					<row0>	0.1147 0.0343 0.9928 0.0000	</row0>
					<row1>	0.0001 0.9994 -0.0345 0.0000	</row1>
					<row2>	-0.9934 0.0041 0.1146 0.0000	</row2>
					<row3>	-0.4253 0.4235 4.6114 1.0000	</row3>
				</transform>
			</node>
			<node>
				<identifier>	MP_IM901_Crane_Paravan_INDEX_1	</identifier>
				<transform>
					<row0>	0.1147 -0.0343 -0.9928 0.0000	</row0>
					<row1>	-0.0001 0.9994 -0.0345 0.0000	</row1>
					<row2>	0.9934 0.0041 0.1146 0.0000	</row2>
					<row3>	0.4253 0.4235 4.6114 1.0000	</row3>
				</transform>
			</node>
			<node>
				<identifier>	SP_YMS001_YHBM_M_1	</identifier>
				<transform>
					<row0>	1.1908 0.0000 0.0000 0.0000	</row0>
					<row1>	0.0000 1.1908 0.0000 0.0000	</row1>
					<row2>	0.0000 0.0000 1.1908 0.0000	</row2>
					<row3>	0.0000 0.5940 8.7109 1.0000	</row3>
				</transform>
			</node>
			<node>
				<identifier>	SP_YMS002_YHBL_M_1	</identifier>
				<transform>
					<row0>	1.1736 -0.0117 -0.2428 0.0000	</row0>
					<row1>	0.0000 1.1972 -0.0576 0.0000	</row1>
					<row2>	0.2431 0.0564 1.1723 0.0000	</row2>
					<row3>	0.0000 0.5959 8.7109 1.0000	</row3>
				</transform>
			</node>
			<node>
				<identifier>	SP_YMS003_YHBR_M_1	</identifier>
				<transform>
					<row0>	1.1736 0.0117 0.2428 0.0000	</row0>
					<row1>	0.0000 1.1972 -0.0576 0.0000	</row1>
					<row2>	-0.2431 0.0564 1.1723 0.0000	</row2>
					<row3>	0.0000 0.5959 8.7109 1.0000	</row3>
				</transform>
			</node>
			<node>
				<identifier>	SP_YMS010_YHWM_L_1	</identifier>
				<transform>
					<row0>	0.9844 0.0000 0.0000 0.0000	</row0>
					<row1>	0.0000 0.9844 0.0000 0.0000	</row1>
					<row2>	0.0000 0.0000 0.9844 0.0000	</row2>
					<row3>	0.0000 0.0000 8.5704 1.0000	</row3>
				</transform>
			</node>
			<node>
				<identifier>	SP_YMS011_YHWL_M_1	</identifier>
				<transform>
					<row0>	1.4734 0.2113 -0.3522 0.0000	</row0>
					<row1>	-0.2075 1.5149 0.0409 0.0000	</row1>
					<row2>	0.3545 0.0083 1.4879 0.0000	</row2>
					<row3>	-0.4334 0.0009 6.6909 1.0000	</row3>
				</transform>
			</node>
			<node>
				<identifier>	SP_YMS011_YHWL_M_1_INDEX_1	</identifier>
				<transform>
					<row0>	1.5195 0.1718 -0.3252 0.0000	</row0>
					<row1>	-0.1664 1.5539 0.0432 0.0000	</row1>
					<row2>	0.3280 -0.0074 1.5286 0.0000	</row2>
					<row3>	-0.7258 0.0000 5.4058 1.0000	</row3>
				</transform>
			</node>
			<node>
				<identifier>	SP_YMS011_YHWL_M_1_INDEX_2	</identifier>
				<transform>
					<row0>	1.5355 0.1768 -0.2464 0.0000	</row0>
					<row1>	-0.1747 1.5552 0.0267 0.0000	</row1>
					<row2>	0.2479 0.0013 1.5454 0.0000	</row2>
					<row3>	-0.9867 0.0000 4.0953 1.0000	</row3>
				</transform>
			</node>
			<node>
				<identifier>	SP_YMS012_YHWR_M_1	</identifier>
				<transform>
					<row0>	1.4734 -0.2113 0.3522 0.0000	</row0>
					<row1>	0.2075 1.5149 0.0409 0.0000	</row1>
					<row2>	-0.3545 0.0083 1.4879 0.0000	</row2>
					<row3>	0.4338 0.0009 6.6909 1.0000	</row3>
				</transform>
			</node>
			<node>
				<identifier>	SP_YMS012_YHWR_M_1_INDEX_1	</identifier>
				<transform>
					<row0>	1.5195 -0.1718 0.3252 0.0000	</row0>
					<row1>	0.1664 1.5539 0.0432 0.0000	</row1>
					<row2>	-0.3280 -0.0074 1.5286 0.0000	</row2>
					<row3>	0.7258 0.0000 5.4058 1.0000	</row3>
				</transform>
			</node>
			<node>
				<identifier>	SP_YMS012_YHWR_M_1_INDEX_2	</identifier>
				<transform>
					<row0>	1.5355 -0.1768 0.2464 0.0000	</row0>
					<row1>	0.1747 1.5552 0.0267 0.0000	</row1>
					<row2>	-0.2479 0.0013 1.5454 0.0000	</row2>
					<row3>	0.9867 0.0000 4.0953 1.0000	</row3>
				</transform>
			</node>
			<node>
				<identifier>	SP_YMS020_YHBU_M_1	</identifier>
				<transform>
					<row0>	1.6551 0.0000 0.0000 0.0000	</row0>
					<row1>	0.0000 1.6551 0.0000 0.0000	</row1>
					<row2>	0.0000 0.0000 1.6551 0.0000	</row2>
					<row3>	0.0000 -0.0523 8.0811 1.0000	</row3>
				</transform>
			</node>
			<node>
				<identifier>	SP_YMS022_YHUS_L_1	</identifier>
				<transform>
					<row0>	-0.2944 -0.0117 -1.4708 0.0000	</row0>
					<row1>	-0.3300 1.4622 0.0544 0.0000	</row1>
					<row2>	1.4333 0.3342 -0.2896 0.0000	</row2>
					<row3>	-0.7334 -0.5519 4.4936 1.0000	</row3>
				</transform>
			</node>
			<node>
				<identifier>	SP_YMS022_YHUS_L_1_INDEX_1	</identifier>
				<transform>
					<row0>	-0.2944 0.0117 1.4708 0.0000	</row0>
					<row1>	0.3300 1.4622 0.0544 0.0000	</row1>
					<row2>	-1.4333 0.3342 -0.2896 0.0000	</row2>
					<row3>	0.7334 -0.5519 4.4936 1.0000	</row3>
				</transform>
			</node>
			<node>
				<identifier>	SP_YMS051_YHDL_L_1	</identifier>
				<transform>
					<row0>	1.2086 0.0000 -0.0842 0.0000	</row0>
					<row1>	0.0000 1.2115 0.0000 0.0000	</row1>
					<row2>	0.0842 0.0000 1.2086 0.0000	</row2>
					<row3>	-1.0574 0.4361 4.2253 1.0000	</row3>
				</transform>
			</node>
			<node>
				<identifier>	SP_YMS052_YHDR_L_1	</identifier>
				<transform>
					<row0>	1.2086 0.0000 0.0842 0.0000	</row0>
					<row1>	0.0000 1.2115 0.0000 0.0000	</row1>
					<row2>	-0.0842 0.0000 1.2086 0.0000	</row2>
					<row3>	1.0574 0.4361 4.2253 1.0000	</row3>
				</transform>
			</node>
			<node>
				<identifier>	SP_YMS053_YHDC_S_1	</identifier>
				<transform>
					<row0>	1.0000 0.0000 0.0000 0.0000	</row0>
					<row1>	0.0000 1.0000 0.0000 0.0000	</row1>
					<row2>	0.0000 0.0000 1.0000 0.0000	</row2>
					<row3>	0.0000 0.5562 7.8165 1.0000	</row3>
				</transform>
			</node>
			<node>
				<identifier>	SP_YMS053_YHDC_S_1_INDEX_1	</identifier>
				<transform>
					<row0>	1.0000 0.0000 0.0000 0.0000	</row0>
					<row1>	0.0000 1.0000 0.0000 0.0000	</row1>
					<row2>	0.0000 0.0000 1.0000 0.0000	</row2>
					<row3>	-0.3712 0.5009 6.3419 1.0000	</row3>
				</transform>
			</node>
			<node>
				<identifier>	SP_YMS053_YHDC_S_1_INDEX_2	</identifier>
				<transform>
					<row0>	0.0000 0.0000 1.0000 0.0000	</row0>
					<row1>	0.0000 1.0000 0.0000 0.0000	</row1>
					<row2>	-1.0000 0.0000 0.0000 0.0000	</row2>
					<row3>	0.3712 0.5009 6.3419 1.0000	</row3>
				</transform>
			</node>
			<node>
				<identifier>	SP_YMS080_YHSL_M_1	</identifier>
				<transform>
					<row0>	0.8922 0.4135 -0.1818 0.0000	</row0>
					<row1>	-0.4071 0.9105 0.0728 0.0000	</row1>
					<row2>	0.1956 0.0091 0.9806 0.0000	</row2>
					<row3>	-0.6489 0.2498 5.9826 1.0000	</row3>
				</transform>
			</node>
			<node>
				<identifier>	SP_YMS080_YHSL_M_1_INDEX_1	</identifier>
				<transform>
					<row0>	0.9201 0.3513 -0.1734 0.0000	</row0>
					<row1>	-0.3459 0.9363 0.0612 0.0000	</row1>
					<row2>	0.1838 0.0036 0.9830 0.0000	</row2>
					<row3>	-0.7700 0.2447 5.3681 1.0000	</row3>
				</transform>
			</node>
			<node>
				<identifier>	SP_YMS081_YHSR_M_1	</identifier>
				<transform>
					<row0>	0.8922 -0.4135 0.1818 0.0000	</row0>
					<row1>	0.4071 0.9105 0.0728 0.0000	</row1>
					<row2>	-0.1956 0.0091 0.9806 0.0000	</row2>
					<row3>	0.6489 0.2498 5.9826 1.0000	</row3>
				</transform>
			</node>
			<node>
				<identifier>	SP_YMS081_YHSR_M_1_INDEX_1	</identifier>
				<transform>
					<row0>	0.9201 -0.3513 0.1734 0.0000	</row0>
					<row1>	0.3459 0.9363 0.0612 0.0000	</row1>
					<row2>	-0.1838 0.0036 0.9830 0.0000	</row2>
					<row3>	0.7700 0.2447 5.3681 1.0000	</row3>
				</transform>
			</node>
		</node>
	</node>
	<boundingBox>
		<min>	-0.0667 -0.0667 -0.0667	</min>
		<max>	0.0667 0.0667 0.0667	</max>
	</boundingBox>
</ISB007_Lepanto_1945_Bow_ports.visual>
