<BSB010_Hood_1941_Stern_ports.visual>
	<node>
		<identifier>	Scene Root	</identifier>
		<transform>
			<row0>	1.0000 0.0000 0.0000 0.0000	</row0>
			<row1>	0.0000 1.0000 0.0000 0.0000	</row1>
			<row2>	0.0000 0.0000 1.0000 0.0000	</row2>
			<row3>	0.0000 0.0000 0.0000 1.0000	</row3>
		</transform>
		<node>
			<identifier>	Stern_ports	</identifier>
			<transform>
				<row0>	1.0000 0.0000 0.0000 0.0000	</row0>
				<row1>	0.0000 1.0000 0.0000 0.0000	</row1>
				<row2>	0.0000 0.0000 1.0000 0.0000	</row2>
				<row3>	0.0000 0.0000 0.0000 1.0000	</row3>
			</transform>
			<node>
				<identifier>	HP_BGM_3	</identifier>
				<transform>
					<row0>	-1.0000 0.0000 0.0000 0.0000	</row0>
					<row1>	0.0000 1.0000 0.0000 0.0000	</row1>
					<row2>	0.0000 0.0000 -1.0000 0.0000	</row2>
					<row3>	0.0000 0.4848 -4.7409 1.0000	</row3>
				</transform>
			</node>
			<node>
				<identifier>	HP_BGM_4	</identifier>
				<transform>
					<row0>	-1.0000 0.0000 0.0000 0.0000	</row0>
					<row1>	0.0000 1.0000 0.0000 0.0000	</row1>
					<row2>	0.0000 0.0000 -1.0000 0.0000	</row2>
					<row3>	0.0000 0.2819 -5.8086 1.0000	</row3>
				</transform>
			</node>
			<node>
				<identifier>	HP_FX_Fire_4	</identifier>
				<transform>
					<row0>	1.0000 0.0000 0.0000 0.0000	</row0>
					<row1>	0.0000 1.0000 0.0000 0.0000	</row1>
					<row2>	0.0000 0.0000 1.0000 0.0000	</row2>
					<row3>	0.0000 0.2393 -6.9905 1.0000	</row3>
				</transform>
			</node>
			<node>
				<identifier>	HP_FX_Flood_steam_right	</identifier>
				<transform>
					<row0>	1.0000 0.0000 0.0000 0.0000	</row0>
					<row1>	0.0000 1.0000 0.0000 0.0000	</row1>
					<row2>	0.0000 0.0000 1.0000 0.0000	</row2>
					<row3>	0.6217 0.1209 -6.2769 1.0000	</row3>
				</transform>
			</node>
			<node>
				<identifier>	HP_FX_Flood_water_left	</identifier>
				<transform>
					<row0>	-0.9955 0.0000 -0.0951 0.0000	</row0>
					<row1>	0.0000 1.0000 0.0000 0.0000	</row1>
					<row2>	0.0951 0.0000 -0.9955 0.0000	</row2>
					<row3>	-0.7479 0.0460 -4.7201 1.0000	</row3>
				</transform>
			</node>
			<node>
				<identifier>	HP_FX_Flood_water_right	</identifier>
				<transform>
					<row0>	0.9971 0.0000 -0.0762 0.0000	</row0>
					<row1>	0.0000 1.0000 0.0000 0.0000	</row1>
					<row2>	0.0762 0.0000 0.9971 0.0000	</row2>
					<row3>	0.7479 0.0460 -4.7189 1.0000	</row3>
				</transform>
			</node>
			<node>
				<identifier>	HP_FX_WakeTraceBack	</identifier>
				<transform>
					<row0>	1.0000 0.0000 0.0000 0.0000	</row0>
					<row1>	0.0000 1.0000 0.0000 0.0000	</row1>
					<row2>	0.0000 0.0000 1.0000 0.0000	</row2>
					<row3>	0.0000 0.0000 -8.4077 1.0000	</row3>
				</transform>
			</node>
			<node>
				<identifier>	HP_FX_WakeTrace_screw_1	</identifier>
				<transform>
					<row0>	1.0000 0.0000 0.0000 0.0000	</row0>
					<row1>	0.0000 1.0000 0.0000 0.0000	</row1>
					<row2>	0.0000 0.0000 1.0000 0.0000	</row2>
					<row3>	-0.2205 -0.5044 -7.4829 1.0000	</row3>
				</transform>
			</node>
			<node>
				<identifier>	HP_FX_WakeTrace_screw_2	</identifier>
				<transform>
					<row0>	1.0000 0.0000 0.0000 0.0000	</row0>
					<row1>	0.0000 1.0000 0.0000 0.0000	</row1>
					<row2>	0.0000 0.0000 1.0000 0.0000	</row2>
					<row3>	-0.4577 -0.4498 -6.6738 1.0000	</row3>
				</transform>
			</node>
			<node>
				<identifier>	HP_FX_WakeTrace_screw_3	</identifier>
				<transform>
					<row0>	1.0000 0.0000 0.0000 0.0000	</row0>
					<row1>	0.0000 1.0000 0.0000 0.0000	</row1>
					<row2>	0.0000 0.0000 1.0000 0.0000	</row2>
					<row3>	0.2205 -0.5044 -7.4829 1.0000	</row3>
				</transform>
			</node>
			<node>
				<identifier>	HP_FX_WakeTrace_screw_4	</identifier>
				<transform>
					<row0>	1.0000 0.0000 0.0000 0.0000	</row0>
					<row1>	0.0000 1.0000 0.0000 0.0000	</row1>
					<row2>	0.0000 0.0000 1.0000 0.0000	</row2>
					<row3>	0.4577 -0.4498 -6.6738 1.0000	</row3>
				</transform>
			</node>
			<node>
				<identifier>	MP_BM021_Crown	</identifier>
				<transform>
					<row0>	1.1068 0.0000 0.0000 0.0000	</row0>
					<row1>	0.0000 1.1068 0.0000 0.0000	</row1>
					<row2>	0.0000 0.0000 1.1068 0.0000	</row2>
					<row3>	0.3060 0.3239 -4.4133 1.0000	</row3>
				</transform>
			</node>
			<node>
				<identifier>	MP_BM021_Crown_INDEX_1	</identifier>
				<transform>
					<row0>	1.0000 0.0000 0.0000 0.0000	</row0>
					<row1>	0.0000 1.0000 0.0000 0.0000	</row1>
					<row2>	0.0000 0.0000 1.0000 0.0000	</row2>
					<row3>	0.0180 0.8499 -8.5867 1.0000	</row3>
				</transform>
			</node>
			<node>
				<identifier>	MP_BM857_Fog_Light	</identifier>
				<transform>
					<row0>	-1.0000 0.0000 0.0000 0.0000	</row0>
					<row1>	0.0000 1.0000 0.0000 0.0000	</row1>
					<row2>	0.0000 0.0000 -1.0000 0.0000	</row2>
					<row3>	0.0000 0.3315 -8.5946 1.0000	</row3>
				</transform>
			</node>
			<node>
				<identifier>	MP_BM872_Running_Lights_B	</identifier>
				<transform>
					<row0>	-1.0000 0.0000 0.0000 0.0000	</row0>
					<row1>	0.0000 1.0000 0.0000 0.0000	</row1>
					<row2>	0.0000 0.0000 -1.0000 0.0000	</row2>
					<row3>	0.0003 0.4779 -8.6051 1.0000	</row3>
				</transform>
			</node>
			<node>
				<identifier>	MP_BM964_3ton_electrik_winch_R	</identifier>
				<transform>
					<row0>	0.4168 0.0000 0.9090 0.0000	</row0>
					<row1>	0.0000 1.0000 0.0000 0.0000	</row1>
					<row2>	-0.9090 0.0000 0.4168 0.0000	</row2>
					<row3>	-0.1615 0.1764 -5.0800 1.0000	</row3>
				</transform>
			</node>
			<node>
				<identifier>	MP_BM964_3ton_electrik_winch_R_INDEX_1	</identifier>
				<transform>
					<row0>	0.0000 0.0000 1.0000 0.0000	</row0>
					<row1>	0.0000 1.0000 0.0000 0.0000	</row1>
					<row2>	-1.0000 0.0000 0.0000 0.0000	</row2>
					<row3>	0.3522 0.1629 -4.2454 1.0000	</row3>
				</transform>
			</node>
			<node>
				<identifier>	MP_BM965_3ton_electrik_winch_L	</identifier>
				<transform>
					<row0>	0.4168 0.0000 -0.9090 0.0000	</row0>
					<row1>	0.0000 1.0000 0.0000 0.0000	</row1>
					<row2>	0.9090 0.0000 0.4168 0.0000	</row2>
					<row3>	0.1615 0.1764 -5.0800 1.0000	</row3>
				</transform>
			</node>
			<node>
				<identifier>	MP_BM965_3ton_electrik_winch_L_INDEX_1	</identifier>
				<transform>
					<row0>	0.0000 0.0000 1.0000 0.0000	</row0>
					<row1>	0.0000 1.0000 0.0000 0.0000	</row1>
					<row2>	-1.0000 0.0000 0.0000 0.0000	</row2>
					<row3>	0.3516 0.1796 -5.2722 1.0000	</row3>
				</transform>
			</node>
			<node>
				<identifier>	MP_CM001_Propeller3_L	</identifier>
				<transform>
					<row0>	-1.2350 0.0000 0.0000 0.0000	</row0>
					<row1>	0.0000 -1.2344 0.0371 0.0000	</row1>
					<row2>	0.0000 0.0371 1.2344 0.0000	</row2>
					<row3>	-0.2205 -0.5044 -7.4829 1.0000	</row3>
				</transform>
			</node>
			<node>
				<identifier>	MP_CM001_Propeller3_L_INDEX_1	</identifier>
				<transform>
					<row0>	-1.2350 0.0000 0.0000 0.0000	</row0>
					<row1>	0.0000 -1.2349 0.0155 0.0000	</row1>
					<row2>	0.0000 0.0155 1.2349 0.0000	</row2>
					<row3>	-0.4577 -0.4498 -6.6738 1.0000	</row3>
				</transform>
			</node>
			<node>
				<identifier>	MP_CM011_Fire_Fighting_Gear	</identifier>
				<transform>
					<row0>	-0.1182 0.0000 -0.9930 0.0000	</row0>
					<row1>	0.0000 1.0000 0.0000 0.0000	</row1>
					<row2>	0.9930 0.0000 -0.1182 0.0000	</row2>
					<row3>	-0.3415 0.1925 -5.8161 1.0000	</row3>
				</transform>
			</node>
			<node>
				<identifier>	MP_CM011_Fire_Fighting_Gear_INDEX_1	</identifier>
				<transform>
					<row0>	-0.1182 0.0000 0.9930 0.0000	</row0>
					<row1>	0.0000 1.0000 0.0000 0.0000	</row1>
					<row2>	-0.9930 0.0000 -0.1182 0.0000	</row2>
					<row3>	0.3415 0.1925 -5.8161 1.0000	</row3>
				</transform>
			</node>
			<node>
				<identifier>	MP_CM011_Fire_Fighting_Gear_INDEX_2	</identifier>
				<transform>
					<row0>	-0.1182 0.0000 0.9930 0.0000	</row0>
					<row1>	0.0000 1.0000 0.0000 0.0000	</row1>
					<row2>	-0.9930 0.0000 -0.1182 0.0000	</row2>
					<row3>	0.3415 0.1729 -4.7487 1.0000	</row3>
				</transform>
			</node>
			<node>
				<identifier>	MP_CM011_Fire_Fighting_Gear_INDEX_3	</identifier>
				<transform>
					<row0>	-0.1182 0.0000 -0.9930 0.0000	</row0>
					<row1>	0.0000 1.0000 0.0000 0.0000	</row1>
					<row2>	0.9930 0.0000 -0.1182 0.0000	</row2>
					<row3>	-0.3415 0.1729 -4.7487 1.0000	</row3>
				</transform>
			</node>
			<node>
				<identifier>	MP_CM012_Fire_Hose_Rack_1	</identifier>
				<transform>
					<row0>	-0.9943 0.0000 0.1062 0.0000	</row0>
					<row1>	0.0000 1.0000 0.0000 0.0000	</row1>
					<row2>	-0.1062 0.0000 -0.9943 0.0000	</row2>
					<row3>	0.3304 0.2548 -4.7717 1.0000	</row3>
				</transform>
			</node>
			<node>
				<identifier>	MP_CM012_Fire_Hose_Rack_1_INDEX_1	</identifier>
				<transform>
					<row0>	0.9943 0.0000 0.1062 0.0000	</row0>
					<row1>	0.0000 1.0000 0.0000 0.0000	</row1>
					<row2>	-0.1062 0.0000 0.9943 0.0000	</row2>
					<row3>	-0.3304 0.2499 -5.8391 1.0000	</row3>
				</transform>
			</node>
			<node>
				<identifier>	MP_CM012_Fire_Hose_Rack_1_INDEX_2	</identifier>
				<transform>
					<row0>	0.9943 0.0000 0.1062 0.0000	</row0>
					<row1>	0.0000 1.0000 0.0000 0.0000	</row1>
					<row2>	-0.1062 0.0000 0.9943 0.0000	</row2>
					<row3>	-0.3304 0.2548 -4.7717 1.0000	</row3>
				</transform>
			</node>
			<node>
				<identifier>	MP_CM012_Fire_Hose_Rack_1_INDEX_3	</identifier>
				<transform>
					<row0>	-0.9943 0.0000 0.1062 0.0000	</row0>
					<row1>	0.0000 1.0000 0.0000 0.0000	</row1>
					<row2>	-0.1062 0.0000 -0.9943 0.0000	</row2>
					<row3>	0.3304 0.2499 -5.8391 1.0000	</row3>
				</transform>
			</node>
			<node>
				<identifier>	MP_CM032_Propeller3_R	</identifier>
				<transform>
					<row0>	-1.2353 0.0000 0.0000 0.0000	</row0>
					<row1>	0.0000 -1.2347 0.0371 0.0000	</row1>
					<row2>	0.0000 0.0371 1.2347 0.0000	</row2>
					<row3>	0.2205 -0.5044 -7.4829 1.0000	</row3>
				</transform>
			</node>
			<node>
				<identifier>	MP_CM032_Propeller3_R_INDEX_1	</identifier>
				<transform>
					<row0>	-1.2353 0.0000 0.0000 0.0000	</row0>
					<row1>	0.0000 -1.2352 0.0155 0.0000	</row1>
					<row2>	0.0000 0.0155 1.2352 0.0000	</row2>
					<row3>	0.4577 -0.4498 -6.6738 1.0000	</row3>
				</transform>
			</node>
			<node>
				<identifier>	MP_CM054_Stairway_Big_L	</identifier>
				<transform>
					<row0>	0.0000 -0.9997 -0.0225 0.0000	</row0>
					<row1>	-0.9943 0.0024 -0.1069 0.0000	</row1>
					<row2>	0.1069 0.0224 -0.9940 0.0000	</row2>
					<row3>	-0.5038 0.1961 -5.9300 1.0000	</row3>
				</transform>
			</node>
			<node>
				<identifier>	MP_CM055_Stairway_Big_R	</identifier>
				<transform>
					<row0>	0.0000 0.9997 0.0225 0.0000	</row0>
					<row1>	0.9943 0.0024 -0.1069 0.0000	</row1>
					<row2>	-0.1069 0.0224 -0.9940 0.0000	</row2>
					<row3>	0.5038 0.1957 -5.9300 1.0000	</row3>
				</transform>
			</node>
		</node>
	</node>
	<boundingBox>
		<min>	-0.0667 -0.0667 -0.0667	</min>
		<max>	0.0667 0.0667 0.0667	</max>
	</boundingBox>
</BSB010_Hood_1941_Stern_ports.visual>
