<VSC004_Almirante_Barroso_1897_MidFront_ports.visual>
	<node>
		<identifier>	Scene Root	</identifier>
		<transform>
			<row0>	1.0000 0.0000 0.0000 0.0000	</row0>
			<row1>	0.0000 1.0000 0.0000 0.0000	</row1>
			<row2>	0.0000 0.0000 1.0000 0.0000	</row2>
			<row3>	0.0000 0.0000 0.0000 1.0000	</row3>
		</transform>
		<node>
			<identifier>	MidFront_ports	</identifier>
			<transform>
				<row0>	1.0000 0.0000 0.0000 0.0000	</row0>
				<row1>	0.0000 1.0000 0.0000 0.0000	</row1>
				<row2>	0.0000 0.0000 1.0000 0.0000	</row2>
				<row3>	0.0000 0.0000 0.0000 1.0000	</row3>
			</transform>
			<node>
				<identifier>	HP_FX_Death_1	</identifier>
				<transform>
					<row0>	1.0000 0.0000 0.0000 0.0000	</row0>
					<row1>	0.0000 1.0000 0.0000 0.0000	</row1>
					<row2>	0.0000 0.0000 1.0000 0.0000	</row2>
					<row3>	0.0000 0.0000 2.1893 1.0000	</row3>
				</transform>
			</node>
			<node>
				<identifier>	HP_FX_Death_2	</identifier>
				<transform>
					<row0>	1.0000 0.0000 0.0000 0.0000	</row0>
					<row1>	0.0000 1.0000 0.0000 0.0000	</row1>
					<row2>	0.0000 0.0000 1.0000 0.0000	</row2>
					<row3>	0.0000 0.0000 0.4690 1.0000	</row3>
				</transform>
			</node>
			<node>
				<identifier>	HP_FX_Fire_2	</identifier>
				<transform>
					<row0>	1.0000 0.0000 0.0000 0.0000	</row0>
					<row1>	0.0000 1.0000 0.0000 0.0000	</row1>
					<row2>	0.0000 0.0000 1.0000 0.0000	</row2>
					<row3>	0.0000 0.2000 1.3894 1.0000	</row3>
				</transform>
			</node>
			<node>
				<identifier>	HP_FX_Fire_2_side_1	</identifier>
				<transform>
					<row0>	1.0000 0.0000 0.0000 0.0000	</row0>
					<row1>	0.0000 1.0000 0.0000 0.0000	</row1>
					<row2>	0.0000 0.0000 1.0000 0.0000	</row2>
					<row3>	-0.2894 0.3950 0.9204 1.0000	</row3>
				</transform>
			</node>
			<node>
				<identifier>	HP_FX_FloodLight_left_1	</identifier>
				<transform>
					<row0>	-1.0000 0.0000 0.0000 0.0000	</row0>
					<row1>	0.0000 1.0000 0.0000 0.0000	</row1>
					<row2>	0.0000 0.0000 -1.0000 0.0000	</row2>
					<row3>	-0.0830 0.5820 0.8460 1.0000	</row3>
				</transform>
			</node>
			<node>
				<identifier>	HP_FX_FloodLight_right_2	</identifier>
				<transform>
					<row0>	1.0000 0.0000 0.0000 0.0000	</row0>
					<row1>	0.0000 1.0000 0.0000 0.0000	</row1>
					<row2>	0.0000 0.0000 1.0000 0.0000	</row2>
					<row3>	0.0830 0.5820 0.8460 1.0000	</row3>
				</transform>
			</node>
			<node>
				<identifier>	HP_FX_Flood_steam_1	</identifier>
				<transform>
					<row0>	1.0000 0.0000 0.0000 0.0000	</row0>
					<row1>	0.0000 1.0000 0.0000 0.0000	</row1>
					<row2>	0.0000 0.0000 1.0000 0.0000	</row2>
					<row3>	-0.0010 1.0357 0.8607 1.0000	</row3>
				</transform>
			</node>
			<node>
				<identifier>	HP_FX_Flood_steam_left	</identifier>
				<transform>
					<row0>	-1.0000 0.0000 0.0000 0.0000	</row0>
					<row1>	0.0000 1.0000 0.0000 0.0000	</row1>
					<row2>	0.0000 0.0000 -1.0000 0.0000	</row2>
					<row3>	-0.2803 0.3150 2.0005 1.0000	</row3>
				</transform>
			</node>
			<node>
				<identifier>	HP_FX_Flood_water_left_2	</identifier>
				<transform>
					<row0>	-0.9941 0.0000 0.1083 0.0000	</row0>
					<row1>	0.0000 1.0000 0.0000 0.0000	</row1>
					<row2>	-0.1083 0.0000 -0.9941 0.0000	</row2>
					<row3>	-0.4008 0.0176 1.5485 1.0000	</row3>
				</transform>
			</node>
			<node>
				<identifier>	HP_FX_Flood_water_left_3	</identifier>
				<transform>
					<row0>	-0.9841 0.0000 0.1778 0.0000	</row0>
					<row1>	0.0000 1.0000 0.0000 0.0000	</row1>
					<row2>	-0.1778 0.0000 -0.9841 0.0000	</row2>
					<row3>	-0.3291 0.0200 2.0436 1.0000	</row3>
				</transform>
			</node>
			<node>
				<identifier>	HP_FX_Flood_water_right_2	</identifier>
				<transform>
					<row0>	0.9915 0.0000 0.1302 0.0000	</row0>
					<row1>	0.0000 1.0000 0.0000 0.0000	</row1>
					<row2>	-0.1302 0.0000 0.9915 0.0000	</row2>
					<row3>	0.4008 0.0182 1.5485 1.0000	</row3>
				</transform>
			</node>
			<node>
				<identifier>	HP_FX_Flood_water_right_3	</identifier>
				<transform>
					<row0>	0.9857 0.0000 0.1686 0.0000	</row0>
					<row1>	0.0000 1.0000 0.0000 0.0000	</row1>
					<row2>	-0.1686 0.0000 0.9857 0.0000	</row2>
					<row3>	0.3290 0.0196 2.0440 1.0000	</row3>
				</transform>
			</node>
			<node>
				<identifier>	HP_FX_RepairLight_right_1	</identifier>
				<transform>
					<row0>	0.0301 0.0000 -0.9995 0.0000	</row0>
					<row1>	-0.0001 1.0000 0.0000 0.0000	</row1>
					<row2>	0.9995 0.0001 0.0301 0.0000	</row2>
					<row3>	0.2758 0.3464 2.1504 1.0000	</row3>
				</transform>
			</node>
			<node>
				<identifier>	HP_FX_Smoke_1	</identifier>
				<transform>
					<row0>	0.9989 0.0466 0.0000 0.0000	</row0>
					<row1>	-0.0466 0.9989 0.0000 0.0000	</row1>
					<row2>	0.0000 0.0000 1.0000 0.0000	</row2>
					<row3>	0.0000 1.0387 0.8482 1.0000	</row3>
				</transform>
			</node>
			<node>
				<identifier>	HP_Ship_death_2	</identifier>
				<transform>
					<row0>	1.0000 0.0000 0.0000 0.0000	</row0>
					<row1>	0.0000 1.0000 0.0000 0.0000	</row1>
					<row2>	0.0000 0.0000 1.0000 0.0000	</row2>
					<row3>	0.0000 0.0000 0.4679 1.0000	</row3>
				</transform>
			</node>
			<node>
				<identifier>	HP_VGM_2	</identifier>
				<transform>
					<row0>	0.7071 0.0000 0.7071 0.0000	</row0>
					<row1>	0.0000 1.0000 0.0000 0.0000	</row1>
					<row2>	-0.7071 0.0000 0.7071 0.0000	</row2>
					<row3>	-0.3263 0.1946 1.3444 1.0000	</row3>
				</transform>
			</node>
			<node>
				<identifier>	HP_VGM_3	</identifier>
				<transform>
					<row0>	0.7071 0.0000 -0.7071 0.0000	</row0>
					<row1>	0.0000 1.0000 0.0000 0.0000	</row1>
					<row2>	0.7071 0.0000 0.7071 0.0000	</row2>
					<row3>	0.3263 0.1946 1.3444 1.0000	</row3>
				</transform>
			</node>
			<node>
				<identifier>	HP_VGS_1	</identifier>
				<transform>
					<row0>	0.0000 0.0000 1.0000 0.0000	</row0>
					<row1>	0.0000 1.0000 0.0000 0.0000	</row1>
					<row2>	-1.0000 0.0000 0.0000 0.0000	</row2>
					<row3>	-0.3360 0.1870 0.4759 1.0000	</row3>
				</transform>
			</node>
			<node>
				<identifier>	HP_VGS_2	</identifier>
				<transform>
					<row0>	0.0000 0.0000 -1.0000 0.0000	</row0>
					<row1>	0.0000 1.0000 0.0000 0.0000	</row1>
					<row2>	1.0000 0.0000 0.0000 0.0000	</row2>
					<row3>	0.3360 0.1870 0.4759 1.0000	</row3>
				</transform>
			</node>
			<node>
				<identifier>	HP_flag_1	</identifier>
				<transform>
					<row0>	0.9962 -0.0869 0.0109 0.0000	</row0>
					<row1>	0.0869 0.9650 -0.2473 0.0000	</row1>
					<row2>	0.0109 0.2473 0.9689 0.0000	</row2>
					<row3>	0.3105 1.0467 1.6992 1.0000	</row3>
				</transform>
			</node>
			<node>
				<identifier>	HP_flag_2	</identifier>
				<transform>
					<row0>	0.9962 0.0869 -0.0109 0.0000	</row0>
					<row1>	-0.0869 0.9650 -0.2473 0.0000	</row1>
					<row2>	-0.0109 0.2473 0.9689 0.0000	</row2>
					<row3>	-0.3105 1.0467 1.6992 1.0000	</row3>
				</transform>
			</node>
			<node>
				<identifier>	HP_flag_3	</identifier>
				<transform>
					<row0>	0.9988 0.0481 -0.0055 0.0000	</row0>
					<row1>	-0.0481 0.9726 -0.2276 0.0000	</row1>
					<row2>	-0.0055 0.2276 0.9737 0.0000	</row2>
					<row3>	0.2144 1.0490 1.7087 1.0000	</row3>
				</transform>
			</node>
			<node>
				<identifier>	HP_flag_4	</identifier>
				<transform>
					<row0>	0.9988 -0.0481 0.0055 0.0000	</row0>
					<row1>	0.0481 0.9726 -0.2276 0.0000	</row1>
					<row2>	0.0055 0.2276 0.9737 0.0000	</row2>
					<row3>	-0.2144 1.0490 1.7087 1.0000	</row3>
				</transform>
			</node>
			<node>
				<identifier>	HP_flag_courtesy	</identifier>
				<transform>
					<row0>	0.9994 0.0333 -0.0038 0.0000	</row0>
					<row1>	-0.0333 0.9731 -0.2278 0.0000	</row1>
					<row2>	-0.0038 0.2278 0.9737 0.0000	</row2>
					<row3>	0.2242 1.4534 1.6139 1.0000	</row3>
				</transform>
			</node>
			<node>
				<identifier>	HP_flag_house	</identifier>
				<transform>
					<row0>	0.9994 -0.0333 0.0038 0.0000	</row0>
					<row1>	0.0333 0.9731 -0.2278 0.0000	</row1>
					<row2>	0.0038 0.2278 0.9737 0.0000	</row2>
					<row3>	-0.2242 1.4534 1.6139 1.0000	</row3>
				</transform>
			</node>
			<node>
				<identifier>	HP_flag_rank	</identifier>
				<transform>
					<row0>	0.9998 0.0196 0.0003 0.0000	</row0>
					<row1>	-0.0196 0.9993 0.0311 0.0000	</row1>
					<row2>	0.0003 -0.0311 0.9995 0.0000	</row2>
					<row3>	0.0098 1.9145 1.5743 1.0000	</row3>
				</transform>
			</node>
			<node>
				<identifier>	MP_AM374_Fender	</identifier>
				<transform>
					<row0>	-0.5000 0.0000 0.0000 0.0000	</row0>
					<row1>	0.0000 0.5000 -0.0020 0.0000	</row1>
					<row2>	0.0000 -0.0020 -0.5000 0.0000	</row2>
					<row3>	-0.0901 0.3528 1.6347 1.0000	</row3>
				</transform>
			</node>
			<node>
				<identifier>	MP_AM374_Fender_INDEX_1	</identifier>
				<transform>
					<row0>	-0.5000 0.0000 0.0000 0.0000	</row0>
					<row1>	0.0000 0.5000 -0.0020 0.0000	</row1>
					<row2>	0.0000 -0.0020 -0.5000 0.0000	</row2>
					<row3>	0.0901 0.3528 1.6347 1.0000	</row3>
				</transform>
			</node>
			<node>
				<identifier>	MP_BM639_Compass_Binnacle	</identifier>
				<transform>
					<row0>	1.0000 0.0000 0.0000 0.0000	</row0>
					<row1>	0.0000 1.0000 -0.0041 0.0000	</row1>
					<row2>	0.0000 0.0041 1.0000 0.0000	</row2>
					<row3>	0.0000 0.6715 1.9349 1.0000	</row3>
				</transform>
			</node>
			<node>
				<identifier>	MP_CM011_Fire_Fighting_Gear	</identifier>
				<transform>
					<row0>	1.0000 0.0000 0.0000 0.0000	</row0>
					<row1>	0.0000 1.0000 -0.0041 0.0000	</row1>
					<row2>	0.0000 0.0041 1.0000 0.0000	</row2>
					<row3>	0.0538 0.3530 1.6377 1.0000	</row3>
				</transform>
			</node>
			<node>
				<identifier>	MP_CM011_Fire_Fighting_Gear_INDEX_1	</identifier>
				<transform>
					<row0>	1.0000 0.0000 0.0000 0.0000	</row0>
					<row1>	0.0000 1.0000 -0.0041 0.0000	</row1>
					<row2>	0.0000 0.0041 1.0000 0.0000	</row2>
					<row3>	0.2314 0.1924 1.5451 1.0000	</row3>
				</transform>
			</node>
			<node>
				<identifier>	MP_CM011_Fire_Fighting_Gear_INDEX_2	</identifier>
				<transform>
					<row0>	1.0000 0.0000 0.0000 0.0000	</row0>
					<row1>	0.0000 1.0000 -0.0041 0.0000	</row1>
					<row2>	0.0000 0.0041 1.0000 0.0000	</row2>
					<row3>	-0.2314 0.1924 1.5451 1.0000	</row3>
				</transform>
			</node>
			<node>
				<identifier>	MP_CM011_Fire_Fighting_Gear_INDEX_3	</identifier>
				<transform>
					<row0>	0.0000 -0.0041 -1.0000 0.0000	</row0>
					<row1>	0.0000 1.0000 -0.0041 0.0000	</row1>
					<row2>	1.0000 0.0000 0.0000 0.0000	</row2>
					<row3>	-0.1656 0.1912 0.5470 1.0000	</row3>
				</transform>
			</node>
			<node>
				<identifier>	MP_CM011_Fire_Fighting_Gear_INDEX_4	</identifier>
				<transform>
					<row0>	0.0000 0.0041 1.0000 0.0000	</row0>
					<row1>	0.0000 1.0000 -0.0041 0.0000	</row1>
					<row2>	-1.0000 0.0000 0.0000 0.0000	</row2>
					<row3>	0.1656 0.1913 0.5694 1.0000	</row3>
				</transform>
			</node>
			<node>
				<identifier>	MP_CM013_Fire_Hose_Rack_2	</identifier>
				<transform>
					<row0>	0.0000 0.0041 1.0000 0.0000	</row0>
					<row1>	0.0000 1.0000 -0.0041 0.0000	</row1>
					<row2>	-1.0000 0.0000 0.0000 0.0000	</row2>
					<row3>	0.0538 0.4424 1.6497 1.0000	</row3>
				</transform>
			</node>
			<node>
				<identifier>	MP_CM013_Fire_Hose_Rack_2_INDEX_1	</identifier>
				<transform>
					<row0>	0.0000 0.0041 1.0000 0.0000	</row0>
					<row1>	0.0000 1.0000 -0.0041 0.0000	</row1>
					<row2>	-1.0000 0.0000 0.0000 0.0000	</row2>
					<row3>	0.2314 0.2825 1.5570 1.0000	</row3>
				</transform>
			</node>
			<node>
				<identifier>	MP_CM013_Fire_Hose_Rack_2_INDEX_2	</identifier>
				<transform>
					<row0>	0.0000 0.0041 1.0000 0.0000	</row0>
					<row1>	0.0000 1.0000 -0.0041 0.0000	</row1>
					<row2>	-1.0000 0.0000 0.0000 0.0000	</row2>
					<row3>	-0.2314 0.2825 1.5570 1.0000	</row3>
				</transform>
			</node>
			<node>
				<identifier>	MP_CM013_Fire_Hose_Rack_2_INDEX_3	</identifier>
				<transform>
					<row0>	1.0000 0.0000 0.0000 0.0000	</row0>
					<row1>	0.0000 1.0000 -0.0041 0.0000	</row1>
					<row2>	0.0000 0.0041 1.0000 0.0000	</row2>
					<row3>	-0.1530 0.2783 0.5461 1.0000	</row3>
				</transform>
			</node>
			<node>
				<identifier>	MP_CM013_Fire_Hose_Rack_2_INDEX_4	</identifier>
				<transform>
					<row0>	-1.0000 0.0000 0.0000 0.0000	</row0>
					<row1>	0.0000 1.0000 -0.0041 0.0000	</row1>
					<row2>	0.0000 -0.0041 -1.0000 0.0000	</row2>
					<row3>	0.1526 0.2784 0.5716 1.0000	</row3>
				</transform>
			</node>
			<node>
				<identifier>	MP_CM030_Swab_Rack_2	</identifier>
				<transform>
					<row0>	1.0000 0.0000 0.0000 0.0000	</row0>
					<row1>	0.0000 1.0000 -0.0041 0.0000	</row1>
					<row2>	0.0000 0.0041 1.0000 0.0000	</row2>
					<row3>	-0.0020 0.1957 1.2175 1.0000	</row3>
				</transform>
			</node>
			<node>
				<identifier>	MP_CM040_Steering_Wheel	</identifier>
				<transform>
					<row0>	1.0000 0.0000 0.0000 0.0000	</row0>
					<row1>	0.0000 1.0000 -0.0041 0.0000	</row1>
					<row2>	0.0000 0.0041 1.0000 0.0000	</row2>
					<row3>	0.0000 0.5320 1.9337 1.0000	</row3>
				</transform>
			</node>
			<node>
				<identifier>	MP_CM053_Telegraph	</identifier>
				<transform>
					<row0>	1.0000 0.0075 0.0000 0.0000	</row0>
					<row1>	-0.0075 0.9999 -0.0069 0.0000	</row1>
					<row2>	0.0000 0.0069 1.0000 0.0000	</row2>
					<row3>	0.0797 0.5312 1.9101 1.0000	</row3>
				</transform>
			</node>
			<node>
				<identifier>	MP_CM053_Telegraph_INDEX_1	</identifier>
				<transform>
					<row0>	1.0000 0.0075 0.0000 0.0000	</row0>
					<row1>	-0.0075 0.9999 -0.0069 0.0000	</row1>
					<row2>	0.0000 0.0069 1.0000 0.0000	</row2>
					<row3>	-0.0797 0.5312 1.9101 1.0000	</row3>
				</transform>
			</node>
			<node>
				<identifier>	MP_CM056_Ships_bell	</identifier>
				<transform>
					<row0>	0.0000 0.0023 0.5600 0.0000	</row0>
					<row1>	0.0000 0.5600 -0.0023 0.0000	</row1>
					<row2>	-0.5600 0.0000 0.0000 0.0000	</row2>
					<row3>	-0.0643 0.4784 1.6377 1.0000	</row3>
				</transform>
			</node>
			<node>
				<identifier>	MP_CM082_Rope	</identifier>
				<transform>
					<row0>	0.0525 0.0026 0.6278 0.0000	</row0>
					<row1>	0.0000 0.6300 -0.0026 0.0000	</row1>
					<row2>	-0.6278 0.0002 0.0525 0.0000	</row2>
					<row3>	0.2191 0.5979 1.8148 1.0000	</row3>
				</transform>
			</node>
			<node>
				<identifier>	MP_CM082_Rope_INDEX_1	</identifier>
				<transform>
					<row0>	0.0525 0.0026 0.6278 0.0000	</row0>
					<row1>	0.0000 0.6300 -0.0026 0.0000	</row1>
					<row2>	-0.6278 0.0002 0.0525 0.0000	</row2>
					<row3>	-0.2197 0.5979 1.8148 1.0000	</row3>
				</transform>
			</node>
			<node>
				<identifier>	MP_CM082_Rope_INDEX_10	</identifier>
				<transform>
					<row0>	0.0572 0.0026 0.6274 0.0000	</row0>
					<row1>	0.0000 0.6300 -0.0026 0.0000	</row1>
					<row2>	-0.6274 0.0002 0.0572 0.0000	</row2>
					<row3>	-0.2371 0.5985 1.8148 1.0000	</row3>
				</transform>
			</node>
			<node>
				<identifier>	MP_CM082_Rope_INDEX_2	</identifier>
				<transform>
					<row0>	-0.0572 -0.0026 -0.6274 0.0000	</row0>
					<row1>	0.0000 0.6300 -0.0026 0.0000	</row1>
					<row2>	0.6274 -0.0002 -0.0572 0.0000	</row2>
					<row3>	0.2371 0.5979 1.8148 1.0000	</row3>
				</transform>
			</node>
			<node>
				<identifier>	MP_CM082_Rope_INDEX_3	</identifier>
				<transform>
					<row0>	0.0184 -0.0029 -0.6998 0.0000	</row0>
					<row1>	0.0000 0.7000 -0.0029 0.0000	</row1>
					<row2>	0.6998 0.0000 0.0184 0.0000	</row2>
					<row3>	-0.2524 0.5983 1.8146 1.0000	</row3>
				</transform>
			</node>
			<node>
				<identifier>	MP_CM082_Rope_INDEX_4	</identifier>
				<transform>
					<row0>	-0.0184 0.0029 0.6998 0.0000	</row0>
					<row1>	0.0000 0.7000 -0.0029 0.0000	</row1>
					<row2>	-0.6998 0.0000 -0.0184 0.0000	</row2>
					<row3>	0.2524 0.5983 1.8146 1.0000	</row3>
				</transform>
			</node>
			<node>
				<identifier>	MP_CM082_Rope_INDEX_5	</identifier>
				<transform>
					<row0>	0.0572 0.0026 0.6274 0.0000	</row0>
					<row1>	0.0000 0.6300 -0.0026 0.0000	</row1>
					<row2>	-0.6274 0.0002 0.0572 0.0000	</row2>
					<row3>	-0.2696 0.5985 1.8148 1.0000	</row3>
				</transform>
			</node>
			<node>
				<identifier>	MP_CM082_Rope_INDEX_6	</identifier>
				<transform>
					<row0>	-0.0572 -0.0026 -0.6274 0.0000	</row0>
					<row1>	0.0000 0.6300 -0.0026 0.0000	</row1>
					<row2>	0.6274 -0.0002 -0.0572 0.0000	</row2>
					<row3>	0.2691 0.5979 1.8148 1.0000	</row3>
				</transform>
			</node>
			<node>
				<identifier>	MP_CM082_Rope_INDEX_7	</identifier>
				<transform>
					<row0>	-0.0759 -0.0025 -0.6113 0.0000	</row0>
					<row1>	0.0000 0.6160 -0.0025 0.0000	</row1>
					<row2>	0.6113 -0.0003 -0.0759 0.0000	</row2>
					<row3>	-0.2858 0.5983 1.8144 1.0000	</row3>
				</transform>
			</node>
			<node>
				<identifier>	MP_CM082_Rope_INDEX_8	</identifier>
				<transform>
					<row0>	0.0759 0.0025 0.6113 0.0000	</row0>
					<row1>	0.0000 0.6160 -0.0025 0.0000	</row1>
					<row2>	-0.6113 0.0003 0.0759 0.0000	</row2>
					<row3>	0.2858 0.5983 1.8148 1.0000	</row3>
				</transform>
			</node>
			<node>
				<identifier>	MP_CM082_Rope_INDEX_9	</identifier>
				<transform>
					<row0>	-0.1404 0.0024 0.5998 0.0000	</row0>
					<row1>	0.0000 0.6160 -0.0025 0.0000	</row1>
					<row2>	-0.5998 -0.0006 -0.1404 0.0000	</row2>
					<row3>	0.0235 1.2508 1.5550 1.0000	</row3>
				</transform>
			</node>
			<node>
				<identifier>	MP_CM089_Anchor	</identifier>
				<transform>
					<row0>	-0.9498 0.0000 0.0208 0.0000	</row0>
					<row1>	0.0208 0.0039 0.9498 0.0000	</row1>
					<row2>	0.0000 0.9500 -0.0039 0.0000	</row2>
					<row3>	-0.4251 0.2255 0.8491 1.0000	</row3>
				</transform>
			</node>
			<node>
				<identifier>	MP_CM089_Anchor_INDEX_1	</identifier>
				<transform>
					<row0>	0.9496 0.0001 0.0292 0.0000	</row0>
					<row1>	-0.0292 0.0138 0.9495 0.0000	</row1>
					<row2>	-0.0003 -0.9499 0.0138 0.0000	</row2>
					<row3>	0.4180 0.2269 1.0833 1.0000	</row3>
				</transform>
			</node>
			<node>
				<identifier>	MP_CM092_Siren	</identifier>
				<transform>
					<row0>	0.8192 0.0023 0.5736 0.0000	</row0>
					<row1>	0.0000 1.0000 -0.0041 0.0000	</row1>
					<row2>	-0.5736 0.0033 0.8191 0.0000	</row2>
					<row3>	-0.0613 0.6480 0.9235 1.0000	</row3>
				</transform>
			</node>
			<node>
				<identifier>	MP_CM118_Siren	</identifier>
				<transform>
					<row0>	0.5979 0.0033 0.8016 0.0000	</row0>
					<row1>	0.0000 1.0000 -0.0041 0.0000	</row1>
					<row2>	-0.8016 0.0024 0.5979 0.0000	</row2>
					<row3>	0.0613 0.6480 0.9235 1.0000	</row3>
				</transform>
			</node>
			<node>
				<identifier>	MP_CM126_Cleat	</identifier>
				<transform>
					<row0>	-0.8998 0.0000 -0.0192 0.0000	</row0>
					<row1>	0.0000 0.9000 -0.0037 0.0000	</row1>
					<row2>	0.0192 -0.0037 -0.8998 0.0000	</row2>
					<row3>	0.1454 0.3429 1.0643 1.0000	</row3>
				</transform>
			</node>
			<node>
				<identifier>	MP_CM126_Cleat_INDEX_1	</identifier>
				<transform>
					<row0>	-0.8998 -0.0192 0.0000 0.0000	</row0>
					<row1>	0.0000 -0.0037 -0.9000 0.0000	</row1>
					<row2>	0.0192 -0.8998 0.0037 0.0000	</row2>
					<row3>	-0.4117 0.3211 1.1186 1.0000	</row3>
				</transform>
			</node>
			<node>
				<identifier>	MP_CM126_Cleat_INDEX_10	</identifier>
				<transform>
					<row0>	-0.8998 0.0000 -0.0192 0.0000	</row0>
					<row1>	0.0000 0.9000 -0.0037 0.0000	</row1>
					<row2>	0.0192 -0.0037 -0.8998 0.0000	</row2>
					<row3>	0.3399 0.2775 0.8801 1.0000	</row3>
				</transform>
			</node>
			<node>
				<identifier>	MP_CM126_Cleat_INDEX_11	</identifier>
				<transform>
					<row0>	-0.8998 0.0000 -0.0192 0.0000	</row0>
					<row1>	0.0000 0.9000 -0.0037 0.0000	</row1>
					<row2>	0.0192 -0.0037 -0.8998 0.0000	</row2>
					<row3>	-0.3413 0.2775 0.8801 1.0000	</row3>
				</transform>
			</node>
			<node>
				<identifier>	MP_CM126_Cleat_INDEX_2	</identifier>
				<transform>
					<row0>	-0.8998 0.0000 -0.0192 0.0000	</row0>
					<row1>	0.0000 0.9000 -0.0037 0.0000	</row1>
					<row2>	0.0192 -0.0037 -0.8998 0.0000	</row2>
					<row3>	0.3897 0.2786 1.1457 1.0000	</row3>
				</transform>
			</node>
			<node>
				<identifier>	MP_CM126_Cleat_INDEX_3	</identifier>
				<transform>
					<row0>	0.9998 0.0000 0.0213 0.0000	</row0>
					<row1>	0.0000 1.0000 -0.0041 0.0000	</row1>
					<row2>	-0.0213 0.0041 0.9998 0.0000	</row2>
					<row3>	0.4076 0.2766 0.6198 1.0000	</row3>
				</transform>
			</node>
			<node>
				<identifier>	MP_CM126_Cleat_INDEX_4	</identifier>
				<transform>
					<row0>	-0.8998 0.0000 -0.0192 0.0000	</row0>
					<row1>	0.0000 0.9000 -0.0037 0.0000	</row1>
					<row2>	0.0192 -0.0037 -0.8998 0.0000	</row2>
					<row3>	-0.1454 0.3429 1.0643 1.0000	</row3>
				</transform>
			</node>
			<node>
				<identifier>	MP_CM126_Cleat_INDEX_5	</identifier>
				<transform>
					<row0>	0.9898 -0.0211 0.0000 0.0000	</row0>
					<row1>	0.0000 0.0040 0.9900 0.0000	</row1>
					<row2>	-0.0211 -0.9898 0.0040 0.0000	</row2>
					<row3>	-0.4227 0.3194 0.7008 1.0000	</row3>
				</transform>
			</node>
			<node>
				<identifier>	MP_CM126_Cleat_INDEX_6	</identifier>
				<transform>
					<row0>	-0.9898 -0.0211 0.0000 0.0000	</row0>
					<row1>	0.0000 -0.0040 -0.9900 0.0000	</row1>
					<row2>	0.0211 -0.9898 0.0040 0.0000	</row2>
					<row3>	0.4117 0.3211 1.1186 1.0000	</row3>
				</transform>
			</node>
			<node>
				<identifier>	MP_CM126_Cleat_INDEX_7	</identifier>
				<transform>
					<row0>	0.9998 0.0000 0.0213 0.0000	</row0>
					<row1>	0.0000 1.0000 -0.0041 0.0000	</row1>
					<row2>	-0.0213 0.0041 0.9998 0.0000	</row2>
					<row3>	-0.4076 0.2766 0.6198 1.0000	</row3>
				</transform>
			</node>
			<node>
				<identifier>	MP_CM126_Cleat_INDEX_8	</identifier>
				<transform>
					<row0>	-0.8998 0.0000 -0.0192 0.0000	</row0>
					<row1>	0.0000 0.9000 -0.0037 0.0000	</row1>
					<row2>	0.0192 -0.0037 -0.8998 0.0000	</row2>
					<row3>	-0.3897 0.2786 1.1457 1.0000	</row3>
				</transform>
			</node>
			<node>
				<identifier>	MP_CM126_Cleat_INDEX_9	</identifier>
				<transform>
					<row0>	0.9898 -0.0211 0.0000 0.0000	</row0>
					<row1>	0.0000 0.0040 0.9900 0.0000	</row1>
					<row2>	-0.0211 -0.9898 0.0040 0.0000	</row2>
					<row3>	0.4227 0.3194 0.7008 1.0000	</row3>
				</transform>
			</node>
			<node>
				<identifier>	MP_VM006_Life_Buoy	</identifier>
				<transform>
					<row0>	0.0000 0.0041 1.0000 0.0000	</row0>
					<row1>	0.0000 1.0000 -0.0041 0.0000	</row1>
					<row2>	-1.0000 0.0000 0.0000 0.0000	</row2>
					<row3>	-0.2433 0.5764 1.9302 1.0000	</row3>
				</transform>
			</node>
			<node>
				<identifier>	MP_VM006_Life_Buoy_INDEX_1	</identifier>
				<transform>
					<row0>	0.9995 0.0001 0.0328 0.0000	</row0>
					<row1>	0.0000 1.0000 -0.0041 0.0000	</row1>
					<row2>	-0.0328 0.0041 0.9995 0.0000	</row2>
					<row3>	0.2820 0.3954 1.8678 1.0000	</row3>
				</transform>
			</node>
			<node>
				<identifier>	MP_VM006_Life_Buoy_INDEX_2	</identifier>
				<transform>
					<row0>	0.0000 0.0041 1.0000 0.0000	</row0>
					<row1>	0.0000 1.0000 -0.0041 0.0000	</row1>
					<row2>	-1.0000 0.0000 0.0000 0.0000	</row2>
					<row3>	0.2430 0.5764 1.9302 1.0000	</row3>
				</transform>
			</node>
			<node>
				<identifier>	MP_VM006_Life_Buoy_INDEX_3	</identifier>
				<transform>
					<row0>	0.9995 0.0001 0.0311 0.0000	</row0>
					<row1>	0.0000 1.0000 -0.0041 0.0000	</row1>
					<row2>	-0.0311 0.0041 0.9995 0.0000	</row2>
					<row3>	0.2735 0.3998 2.1546 1.0000	</row3>
				</transform>
			</node>
			<node>
				<identifier>	MP_VM006_Life_Buoy_INDEX_4	</identifier>
				<transform>
					<row0>	0.0000 0.0041 1.0000 0.0000	</row0>
					<row1>	0.0000 1.0000 -0.0041 0.0000	</row1>
					<row2>	-1.0000 0.0000 0.0000 0.0000	</row2>
					<row3>	0.3175 0.5764 1.9302 1.0000	</row3>
				</transform>
			</node>
			<node>
				<identifier>	MP_VM006_Life_Buoy_INDEX_5	</identifier>
				<transform>
					<row0>	-0.9994 0.0001 0.0338 0.0000	</row0>
					<row1>	0.0000 1.0000 -0.0041 0.0000	</row1>
					<row2>	-0.0338 -0.0041 -0.9994 0.0000	</row2>
					<row3>	-0.2737 0.3998 2.1546 1.0000	</row3>
				</transform>
			</node>
			<node>
				<identifier>	MP_VM006_Life_Buoy_INDEX_6	</identifier>
				<transform>
					<row0>	-0.9994 0.0001 0.0340 0.0000	</row0>
					<row1>	0.0000 1.0000 -0.0041 0.0000	</row1>
					<row2>	-0.0340 -0.0041 -0.9994 0.0000	</row2>
					<row3>	-0.2820 0.3954 1.8678 1.0000	</row3>
				</transform>
			</node>
			<node>
				<identifier>	MP_VM006_Life_Buoy_INDEX_7	</identifier>
				<transform>
					<row0>	1.0000 0.0000 0.0000 0.0000	</row0>
					<row1>	0.0000 1.0000 -0.0041 0.0000	</row1>
					<row2>	0.0000 0.0041 1.0000 0.0000	</row2>
					<row3>	-0.1273 0.5754 1.7175 1.0000	</row3>
				</transform>
			</node>
			<node>
				<identifier>	MP_VM006_Life_Buoy_INDEX_8	</identifier>
				<transform>
					<row0>	0.0000 0.0041 1.0000 0.0000	</row0>
					<row1>	0.0000 1.0000 -0.0041 0.0000	</row1>
					<row2>	-1.0000 0.0000 0.0000 0.0000	</row2>
					<row3>	-0.3175 0.5764 1.9302 1.0000	</row3>
				</transform>
			</node>
			<node>
				<identifier>	MP_VM006_Life_Buoy_INDEX_9	</identifier>
				<transform>
					<row0>	1.0000 0.0000 0.0000 0.0000	</row0>
					<row1>	0.0000 1.0000 -0.0041 0.0000	</row1>
					<row2>	0.0000 0.0041 1.0000 0.0000	</row2>
					<row3>	0.1206 0.5754 1.7175 1.0000	</row3>
				</transform>
			</node>
			<node>
				<identifier>	MP_VM021_6pdr_Mk1	</identifier>
				<transform>
					<row0>	0.0261 0.0000 0.9997 0.0000	</row0>
					<row1>	0.0000 1.0000 0.0000 0.0000	</row1>
					<row2>	-0.9997 0.0000 0.0261 0.0000	</row2>
					<row3>	-0.2681 0.3481 1.6996 1.0000	</row3>
				</transform>
			</node>
			<node>
				<identifier>	MP_VM021_6pdr_Mk1_INDEX_1	</identifier>
				<transform>
					<row0>	0.0281 0.0000 -0.9996 0.0000	</row0>
					<row1>	0.0000 1.0000 0.0000 0.0000	</row1>
					<row2>	0.9996 0.0000 0.0281 0.0000	</row2>
					<row3>	0.2681 0.3481 1.6996 1.0000	</row3>
				</transform>
			</node>
			<node>
				<identifier>	MP_VM023_1pdr_Mk1	</identifier>
				<transform>
					<row0>	0.2588 -0.0033 -0.9659 0.0000	</row0>
					<row1>	0.0079 1.0000 -0.0013 0.0000	</row1>
					<row2>	0.9659 -0.0073 0.2589 0.0000	</row2>
					<row3>	0.0997 0.6732 1.6681 1.0000	</row3>
				</transform>
			</node>
			<node>
				<identifier>	MP_VM023_1pdr_Mk1_INDEX_1	</identifier>
				<transform>
					<row0>	0.2589 0.0075 0.9659 0.0000	</row0>
					<row1>	0.0008 1.0000 -0.0079 0.0000	</row1>
					<row2>	-0.9659 0.0028 0.2588 0.0000	</row2>
					<row3>	-0.0997 0.6732 1.6681 1.0000	</row3>
				</transform>
			</node>
			<node>
				<identifier>	MP_VM507_Whaleboat_26ft	</identifier>
				<transform>
					<row0>	1.0000 0.0000 0.0000 0.0000	</row0>
					<row1>	0.0000 1.0000 -0.0020 0.0000	</row1>
					<row2>	0.0000 0.0020 1.0000 0.0000	</row2>
					<row3>	-0.2933 0.3430 0.9195 1.0000	</row3>
				</transform>
			</node>
			<node>
				<identifier>	MP_VM507_Whaleboat_26ft_INDEX_1	</identifier>
				<transform>
					<row0>	1.0000 0.0000 0.0000 0.0000	</row0>
					<row1>	0.0000 1.0000 -0.0020 0.0000	</row1>
					<row2>	0.0000 0.0020 1.0000 0.0000	</row2>
					<row3>	0.2987 0.3430 0.9195 1.0000	</row3>
				</transform>
			</node>
			<node>
				<identifier>	MP_VM508_Whaleboat_16ft	</identifier>
				<transform>
					<row0>	0.0000 0.0041 1.0000 0.0000	</row0>
					<row1>	0.0000 1.0000 -0.0041 0.0000	</row1>
					<row2>	-1.0000 0.0000 0.0000 0.0000	</row2>
					<row3>	0.0000 0.3799 1.4500 1.0000	</row3>
				</transform>
			</node>
			<node>
				<identifier>	MP_VM508_Whaleboat_16ft_INDEX_1	</identifier>
				<transform>
					<row0>	0.0000 0.0041 1.0000 0.0000	</row0>
					<row1>	0.0000 1.0000 -0.0041 0.0000	</row1>
					<row2>	-1.0000 0.0000 0.0000 0.0000	</row2>
					<row3>	0.0000 0.3793 1.3166 1.0000	</row3>
				</transform>
			</node>
			<node>
				<identifier>	MP_VM619_Compass_Binnacle	</identifier>
				<transform>
					<row0>	0.6160 0.0000 0.0000 0.0000	</row0>
					<row1>	0.0000 0.6160 -0.0025 0.0000	</row1>
					<row2>	0.0000 0.0025 0.6160 0.0000	</row2>
					<row3>	0.0000 0.5313 1.9682 1.0000	</row3>
				</transform>
			</node>
			<node>
				<identifier>	MP_VM705_Ammunition_Box	</identifier>
				<transform>
					<row0>	-0.5183 0.0035 0.8552 0.0000	</row0>
					<row1>	0.0000 1.0000 -0.0041 0.0000	</row1>
					<row2>	-0.8552 -0.0021 -0.5183 0.0000	</row2>
					<row3>	0.0560 0.6735 1.5535 1.0000	</row3>
				</transform>
			</node>
			<node>
				<identifier>	MP_VM705_Ammunition_Box_INDEX_1	</identifier>
				<transform>
					<row0>	0.4814 0.0036 0.8765 0.0000	</row0>
					<row1>	0.0000 1.0000 -0.0041 0.0000	</row1>
					<row2>	-0.8765 0.0020 0.4814 0.0000	</row2>
					<row3>	-0.0560 0.6735 1.5535 1.0000	</row3>
				</transform>
			</node>
			<node>
				<identifier>	MP_VM706_Ammunition_Box	</identifier>
				<transform>
					<row0>	-0.9996 0.0001 0.0291 0.0000	</row0>
					<row1>	0.0000 1.0000 -0.0041 0.0000	</row1>
					<row2>	-0.0291 -0.0041 -0.9996 0.0000	</row2>
					<row3>	-0.2401 0.3476 1.8668 1.0000	</row3>
				</transform>
			</node>
			<node>
				<identifier>	MP_VM706_Ammunition_Box_INDEX_1	</identifier>
				<transform>
					<row0>	0.9998 0.0000 0.0213 0.0000	</row0>
					<row1>	0.0000 1.0000 -0.0041 0.0000	</row1>
					<row2>	-0.0213 0.0041 0.9998 0.0000	</row2>
					<row3>	0.2401 0.3476 1.8668 1.0000	</row3>
				</transform>
			</node>
			<node>
				<identifier>	MP_VM718_Flag_box	</identifier>
				<transform>
					<row0>	0.9000 0.0000 0.0000 0.0000	</row0>
					<row1>	0.0000 0.9000 -0.0037 0.0000	</row1>
					<row2>	0.0000 0.0037 0.9000 0.0000	</row2>
					<row3>	0.0693 0.5306 1.6579 1.0000	</row3>
				</transform>
			</node>
			<node>
				<identifier>	MP_VM718_Flag_box_INDEX_1	</identifier>
				<transform>
					<row0>	0.9000 0.0000 0.0000 0.0000	</row0>
					<row1>	0.0000 0.9000 -0.0037 0.0000	</row1>
					<row2>	0.0000 0.0037 0.9000 0.0000	</row2>
					<row3>	-0.0693 0.5306 1.6579 1.0000	</row3>
				</transform>
			</node>
			<node>
				<identifier>	MP_VM851_Running_Light	</identifier>
				<transform>
					<row0>	1.0000 0.0000 0.0000 0.0000	</row0>
					<row1>	0.0000 1.0000 -0.0041 0.0000	</row1>
					<row2>	0.0000 0.0041 1.0000 0.0000	</row2>
					<row3>	0.0000 0.9300 1.7985 1.0000	</row3>
				</transform>
			</node>
			<node>
				<identifier>	MP_VM863_Searchlight	</identifier>
				<transform>
					<row0>	0.0000 0.0000 1.0000 0.0000	</row0>
					<row1>	0.0041 1.0000 0.0000 0.0000	</row1>
					<row2>	-1.0000 0.0041 0.0000 0.0000	</row2>
					<row3>	-0.2342 0.5315 1.8866 1.0000	</row3>
				</transform>
			</node>
			<node>
				<identifier>	MP_VM863_Searchlight_INDEX_1	</identifier>
				<transform>
					<row0>	1.0000 0.0000 0.0000 0.0000	</row0>
					<row1>	0.0000 1.0000 -0.0041 0.0000	</row1>
					<row2>	0.0000 0.0041 1.0000 0.0000	</row2>
					<row3>	0.0000 1.1847 1.6794 1.0000	</row3>
				</transform>
			</node>
			<node>
				<identifier>	MP_VM863_Searchlight_INDEX_2	</identifier>
				<transform>
					<row0>	0.0000 0.0000 -1.0000 0.0000	</row0>
					<row1>	-0.0041 1.0000 0.0000 0.0000	</row1>
					<row2>	1.0000 0.0041 0.0000 0.0000	</row2>
					<row3>	0.2342 0.5315 1.8866 1.0000	</row3>
				</transform>
			</node>
			<node>
				<identifier>	MP_VM864_Signal_Lamp	</identifier>
				<transform>
					<row0>	1.0000 0.0000 0.0000 0.0000	</row0>
					<row1>	0.0000 1.0000 -0.0041 0.0000	</row1>
					<row2>	0.0000 0.0041 1.0000 0.0000	</row2>
					<row3>	0.0000 2.0005 1.5860 1.0000	</row3>
				</transform>
			</node>
			<node>
				<identifier>	MP_VM867_Running_Lights_R	</identifier>
				<transform>
					<row0>	1.0000 0.0000 0.0000 0.0000	</row0>
					<row1>	0.0000 1.0000 -0.0041 0.0000	</row1>
					<row2>	0.0000 0.0041 1.0000 0.0000	</row2>
					<row3>	0.3358 0.5314 1.8564 1.0000	</row3>
				</transform>
			</node>
			<node>
				<identifier>	MP_VM868_Runnng_Lights_L	</identifier>
				<transform>
					<row0>	1.0000 0.0000 0.0000 0.0000	</row0>
					<row1>	0.0000 1.0000 -0.0041 0.0000	</row1>
					<row2>	0.0000 0.0041 1.0000 0.0000	</row2>
					<row3>	-0.3358 0.5314 1.8564 1.0000	</row3>
				</transform>
			</node>
		</node>
	</node>
	<boundingBox>
		<min>	-0.0667 -0.0667 -0.0667	</min>
		<max>	0.0667 0.0667 0.0667	</max>
	</boundingBox>
</VSC004_Almirante_Barroso_1897_MidFront_ports.visual>
