<BGB115_Depth_Charge_Roller_Track.visual>
	<node>
		<identifier>	Scene Root	</identifier>
		<transform>
			<row0>	1.0000 0.0000 0.0000 0.0000	</row0>
			<row1>	0.0000 1.0000 0.0000 0.0000	</row1>
			<row2>	0.0000 0.0000 1.0000 0.0000	</row2>
			<row3>	0.0000 0.0000 0.0000 1.0000	</row3>
		</transform>
		<node>
			<identifier>	BGB115_Depth_Charge_Roller_Track	</identifier>
			<transform>
				<row0>	1.0000 0.0000 0.0000 0.0000	</row0>
				<row1>	0.0000 1.0000 0.0000 0.0000	</row1>
				<row2>	0.0000 0.0000 1.0000 0.0000	</row2>
				<row3>	0.0000 0.0000 0.0000 1.0000	</row3>
			</transform>
			<node>
				<identifier>	HP_Track_1	</identifier>
				<transform>
					<row0>	1.0000 0.0000 0.0000 0.0000	</row0>
					<row1>	0.0000 1.0000 0.0000 0.0000	</row1>
					<row2>	0.0000 0.0000 1.0000 0.0000	</row2>
					<row3>	0.0000 0.0164 0.0214 1.0000	</row3>
				</transform>
			</node>
			<node>
				<identifier>	HP_Track_2	</identifier>
				<transform>
					<row0>	1.0000 0.0000 0.0000 0.0000	</row0>
					<row1>	0.0000 1.0000 0.0000 0.0000	</row1>
					<row2>	0.0000 0.0000 1.0000 0.0000	</row2>
					<row3>	0.0000 -0.0076 0.0423 1.0000	</row3>
				</transform>
			</node>
			<node>
				<identifier>	HP_gunFire1	</identifier>
				<transform>
					<row0>	1.0000 0.0000 0.0000 0.0000	</row0>
					<row1>	0.0000 0.9971 -0.0765 0.0000	</row1>
					<row2>	0.0000 0.0765 0.9971 0.0000	</row2>
					<row3>	0.0000 0.0315 -0.0391 1.0000	</row3>
				</transform>
			</node>
			<node>
				<identifier>	HP_gunFire2	</identifier>
				<transform>
					<row0>	1.0000 0.0000 0.0000 0.0000	</row0>
					<row1>	0.0000 0.9971 -0.0765 0.0000	</row1>
					<row2>	0.0000 0.0765 0.9971 0.0000	</row2>
					<row3>	0.0000 0.0363 -0.0667 1.0000	</row3>
				</transform>
			</node>
			<node>
				<identifier>	HP_gunFire3	</identifier>
				<transform>
					<row0>	1.0000 0.0000 0.0000 0.0000	</row0>
					<row1>	0.0000 0.9971 -0.0765 0.0000	</row1>
					<row2>	0.0000 0.0765 0.9971 0.0000	</row2>
					<row3>	0.0000 0.0411 -0.0942 1.0000	</row3>
				</transform>
			</node>
			<node>
				<identifier>	HP_gunFire4	</identifier>
				<transform>
					<row0>	1.0000 0.0000 0.0000 0.0000	</row0>
					<row1>	0.0000 0.9971 -0.0765 0.0000	</row1>
					<row2>	0.0000 0.0765 0.9971 0.0000	</row2>
					<row3>	0.0000 0.0437 -0.1222 1.0000	</row3>
				</transform>
			</node>
			<node>
				<identifier>	HP_gunFire5	</identifier>
				<transform>
					<row0>	1.0000 0.0000 0.0000 0.0000	</row0>
					<row1>	0.0000 0.9971 -0.0765 0.0000	</row1>
					<row2>	0.0000 0.0765 0.9971 0.0000	</row2>
					<row3>	0.0000 0.0437 -0.1507 1.0000	</row3>
				</transform>
			</node>
			<node>
				<identifier>	HP_gunFire6	</identifier>
				<transform>
					<row0>	1.0000 0.0000 0.0000 0.0000	</row0>
					<row1>	0.0000 0.9971 -0.0765 0.0000	</row1>
					<row2>	0.0000 0.0765 0.9971 0.0000	</row2>
					<row3>	0.0000 0.0437 -0.1791 1.0000	</row3>
				</transform>
			</node>
		</node>
	</node>
	<renderSet>
		<treatAsWorldSpaceObject>	false	</treatAsWorldSpaceObject>
		<node>	BGB115_Depth_Charge_Roller_Track	</node>
		<geometry>
			<vertices>	BGB115_Depth_Charge_Roller_TrackShape.vertices	</vertices>
			<primitive>	BGB115_Depth_Charge_Roller_TrackShape.indices	</primitive>
			<primitiveGroup>	0
				<material>
					<identifier>	SHIPMAT_PBS_Gun	</identifier>
					<mfm>	PnFMods/ModsSDK.zip/BSD107_Jervis/gun/BGB115_Depth_Charge_Roller_Track.mfm	</mfm>
				</material>
			</primitiveGroup>
		</geometry>
	</renderSet>
	<boundingBox>
		<min>	-0.0667 -0.0743 -0.2507	</min>
		<max>	0.0667 0.1153 0.1090	</max>
	</boundingBox>
</BGB115_Depth_Charge_Roller_Track.visual>
