<VSC009_Coronel_Bolognesi_1960_MidBack_ports.visual>
	<node>
		<identifier>	Scene Root	</identifier>
		<transform>
			<row0>	1.0000 0.0000 0.0000 0.0000	</row0>
			<row1>	0.0000 1.0000 0.0000 0.0000	</row1>
			<row2>	0.0000 0.0000 1.0000 0.0000	</row2>
			<row3>	0.0000 0.0000 0.0000 1.0000	</row3>
		</transform>
		<node>
			<identifier>	MidBack_ports	</identifier>
			<transform>
				<row0>	1.0000 0.0000 0.0000 0.0000	</row0>
				<row1>	0.0000 1.0000 0.0000 0.0000	</row1>
				<row2>	0.0000 0.0000 1.0000 0.0000	</row2>
				<row3>	0.0000 0.0000 0.0000 1.0000	</row3>
			</transform>
			<node>
				<identifier>	HP_FX_Fire_3	</identifier>
				<transform>
					<row0>	1.0000 0.0000 0.0000 0.0000	</row0>
					<row1>	0.0000 1.0000 0.0000 0.0000	</row1>
					<row2>	0.0000 0.0000 1.0000 0.0000	</row2>
					<row3>	0.0000 0.4648 -1.4633 1.0000	</row3>
				</transform>
			</node>
			<node>
				<identifier>	HP_FX_Fire_3_side_1	</identifier>
				<transform>
					<row0>	1.0000 0.0000 0.0000 0.0000	</row0>
					<row1>	0.0000 1.0000 0.0000 0.0000	</row1>
					<row2>	0.0000 0.0000 1.0000 0.0000	</row2>
					<row3>	-0.2846 0.4648 -0.1656 1.0000	</row3>
				</transform>
			</node>
			<node>
				<identifier>	HP_FX_Fire_3_side_2	</identifier>
				<transform>
					<row0>	1.0000 0.0000 0.0000 0.0000	</row0>
					<row1>	0.0000 1.0000 0.0000 0.0000	</row1>
					<row2>	0.0000 0.0000 1.0000 0.0000	</row2>
					<row3>	0.2836 0.4579 -2.8479 1.0000	</row3>
				</transform>
			</node>
			<node>
				<identifier>	HP_FX_FloodLight_left_2	</identifier>
				<transform>
					<row0>	-0.7555 0.0000 -0.6551 0.0000	</row0>
					<row1>	0.0000 1.0000 0.0000 0.0000	</row1>
					<row2>	0.6551 0.0000 -0.7555 0.0000	</row2>
					<row3>	-0.2705 0.4187 -3.2351 1.0000	</row3>
				</transform>
			</node>
			<node>
				<identifier>	HP_FX_FloodLight_right_2	</identifier>
				<transform>
					<row0>	0.7506 0.0000 -0.6607 0.0000	</row0>
					<row1>	0.0000 1.0000 0.0000 0.0000	</row1>
					<row2>	0.6607 0.0000 0.7506 0.0000	</row2>
					<row3>	0.2267 0.4350 -3.2889 1.0000	</row3>
				</transform>
			</node>
			<node>
				<identifier>	HP_FX_Flood_steam_2	</identifier>
				<transform>
					<row0>	1.0000 0.0000 0.0000 0.0000	</row0>
					<row1>	0.0000 0.9431 -0.3324 0.0000	</row1>
					<row2>	0.0000 0.3324 0.9431 0.0000	</row2>
					<row3>	-0.0308 1.3165 -0.5418 1.0000	</row3>
				</transform>
			</node>
			<node>
				<identifier>	HP_FX_Flood_steam_right	</identifier>
				<transform>
					<row0>	0.9967 0.0000 -0.0811 0.0000	</row0>
					<row1>	0.0000 1.0000 0.0000 0.0000	</row1>
					<row2>	0.0811 0.0000 0.9967 0.0000	</row2>
					<row3>	0.4855 0.2323 -3.4171 1.0000	</row3>
				</transform>
			</node>
			<node>
				<identifier>	HP_FX_Flood_water_left_2	</identifier>
				<transform>
					<row0>	-0.8327 -0.5536 0.0000 0.0000	</row0>
					<row1>	-0.5536 0.8327 0.0000 0.0000	</row1>
					<row2>	0.0000 0.0000 -1.0000 0.0000	</row2>
					<row3>	-0.6164 0.1337 0.2570 1.0000	</row3>
				</transform>
			</node>
			<node>
				<identifier>	HP_FX_Flood_water_right_2	</identifier>
				<transform>
					<row0>	0.8458 -0.5334 0.0000 0.0000	</row0>
					<row1>	0.5334 0.8458 0.0000 0.0000	</row1>
					<row2>	0.0000 0.0000 1.0000 0.0000	</row2>
					<row3>	0.6161 0.1353 0.2573 1.0000	</row3>
				</transform>
			</node>
			<node>
				<identifier>	HP_FX_RepairLight_left_2	</identifier>
				<transform>
					<row0>	-0.0876 0.0000 0.9962 0.0000	</row0>
					<row1>	0.0000 1.0000 0.0000 0.0000	</row1>
					<row2>	-0.9962 0.0000 -0.0876 0.0000	</row2>
					<row3>	-0.4910 0.2954 -3.4374 1.0000	</row3>
				</transform>
			</node>
			<node>
				<identifier>	HP_FX_RepairLight_right_1	</identifier>
				<transform>
					<row0>	-0.0456 0.0000 -0.9990 0.0000	</row0>
					<row1>	0.0000 1.0000 0.0000 0.0000	</row1>
					<row2>	0.9990 0.0000 -0.0456 0.0000	</row2>
					<row3>	0.5604 0.2958 -2.3779 1.0000	</row3>
				</transform>
			</node>
			<node>
				<identifier>	HP_FX_Smoke_2	</identifier>
				<transform>
					<row0>	0.9986 -0.0521 0.0000 0.0000	</row0>
					<row1>	0.0521 0.9986 0.0000 0.0000	</row1>
					<row2>	0.0000 0.0000 1.0000 0.0000	</row2>
					<row3>	0.0000 1.2121 -0.5650 1.0000	</row3>
				</transform>
			</node>
			<node>
				<identifier>	HP_VD_6	</identifier>
				<transform>
					<row0>	-1.0000 0.0000 0.0000 0.0000	</row0>
					<row1>	0.0000 1.0000 0.0000 0.0000	</row1>
					<row2>	0.0000 0.0000 -1.0000 0.0000	</row2>
					<row3>	-0.0907 0.8070 -2.4761 1.0000	</row3>
				</transform>
			</node>
			<node>
				<identifier>	HP_VD_7	</identifier>
				<transform>
					<row0>	-1.0000 0.0000 0.0000 0.0000	</row0>
					<row1>	0.0000 1.0000 0.0000 0.0000	</row1>
					<row2>	0.0000 0.0000 -1.0000 0.0000	</row2>
					<row3>	0.0907 0.8070 -2.4761 1.0000	</row3>
				</transform>
			</node>
			<node>
				<identifier>	HP_VD_8	</identifier>
				<transform>
					<row0>	-1.0000 0.0000 0.0000 0.0000	</row0>
					<row1>	0.0000 1.0000 0.0000 0.0000	</row1>
					<row2>	0.0000 0.0000 -1.0000 0.0000	</row2>
					<row3>	-0.0568 0.6299 -2.8257 1.0000	</row3>
				</transform>
			</node>
			<node>
				<identifier>	HP_VD_9	</identifier>
				<transform>
					<row0>	-1.0000 0.0000 0.0000 0.0000	</row0>
					<row1>	0.0000 1.0000 0.0000 0.0000	</row1>
					<row2>	0.0000 0.0000 -1.0000 0.0000	</row2>
					<row3>	0.0568 0.6299 -2.8257 1.0000	</row3>
				</transform>
			</node>
			<node>
				<identifier>	HP_VGA_10	</identifier>
				<transform>
					<row0>	0.0000 0.0000 1.0000 0.0000	</row0>
					<row1>	0.0000 1.0000 0.0000 0.0000	</row1>
					<row2>	-1.0000 0.0000 0.0000 0.0000	</row2>
					<row3>	-0.2307 0.6307 -2.2353 1.0000	</row3>
				</transform>
			</node>
			<node>
				<identifier>	HP_VGA_11	</identifier>
				<transform>
					<row0>	0.0000 0.0000 -1.0000 0.0000	</row0>
					<row1>	0.0000 1.0000 0.0000 0.0000	</row1>
					<row2>	1.0000 0.0000 0.0000 0.0000	</row2>
					<row3>	0.2307 0.6307 -2.2353 1.0000	</row3>
				</transform>
			</node>
			<node>
				<identifier>	HP_VGA_12	</identifier>
				<transform>
					<row0>	0.0000 0.0000 1.0000 0.0000	</row0>
					<row1>	0.0000 1.0000 0.0000 0.0000	</row1>
					<row2>	-1.0000 0.0000 0.0000 0.0000	</row2>
					<row3>	-0.2329 0.6307 -2.6122 1.0000	</row3>
				</transform>
			</node>
			<node>
				<identifier>	HP_VGA_13	</identifier>
				<transform>
					<row0>	0.0000 0.0000 -1.0000 0.0000	</row0>
					<row1>	0.0000 1.0000 0.0000 0.0000	</row1>
					<row2>	1.0000 0.0000 0.0000 0.0000	</row2>
					<row3>	0.2329 0.6307 -2.6122 1.0000	</row3>
				</transform>
			</node>
			<node>
				<identifier>	HP_VGA_14	</identifier>
				<transform>
					<row0>	-0.7071 0.0000 0.7071 0.0000	</row0>
					<row1>	0.0000 1.0000 0.0000 0.0000	</row1>
					<row2>	-0.7071 0.0000 -0.7071 0.0000	</row2>
					<row3>	-0.2354 0.4553 -3.0963 1.0000	</row3>
				</transform>
			</node>
			<node>
				<identifier>	HP_VGA_15	</identifier>
				<transform>
					<row0>	-0.7071 0.0000 -0.7071 0.0000	</row0>
					<row1>	0.0000 1.0000 0.0000 0.0000	</row1>
					<row2>	0.7071 0.0000 -0.7071 0.0000	</row2>
					<row3>	0.2354 0.4553 -3.0963 1.0000	</row3>
				</transform>
			</node>
			<node>
				<identifier>	HP_VGA_16	</identifier>
				<transform>
					<row0>	-1.0000 0.0000 0.0000 0.0000	</row0>
					<row1>	0.0000 1.0000 0.0000 0.0000	</row1>
					<row2>	0.0000 0.0000 -1.0000 0.0000	</row2>
					<row3>	0.0000 0.4620 -3.2706 1.0000	</row3>
				</transform>
			</node>
			<node>
				<identifier>	HP_VGA_7	</identifier>
				<transform>
					<row0>	1.0000 0.0000 0.0000 0.0000	</row0>
					<row1>	0.0000 1.0000 0.0000 0.0000	</row1>
					<row2>	0.0000 0.0000 1.0000 0.0000	</row2>
					<row3>	0.0000 0.6307 -1.5779 1.0000	</row3>
				</transform>
			</node>
			<node>
				<identifier>	HP_VGA_8	</identifier>
				<transform>
					<row0>	0.0000 0.0000 1.0000 0.0000	</row0>
					<row1>	0.0000 1.0000 0.0000 0.0000	</row1>
					<row2>	-1.0000 0.0000 0.0000 0.0000	</row2>
					<row3>	-0.1075 0.6307 -1.5884 1.0000	</row3>
				</transform>
			</node>
			<node>
				<identifier>	HP_VGA_9	</identifier>
				<transform>
					<row0>	0.0000 0.0000 -1.0000 0.0000	</row0>
					<row1>	0.0000 1.0000 0.0000 0.0000	</row1>
					<row2>	1.0000 0.0000 0.0000 0.0000	</row2>
					<row3>	0.1075 0.6307 -1.5884 1.0000	</row3>
				</transform>
			</node>
			<node>
				<identifier>	HP_VGS_1	</identifier>
				<transform>
					<row0>	0.0000 0.0000 1.0000 0.0000	</row0>
					<row1>	0.0000 1.0000 0.0000 0.0000	</row1>
					<row2>	-1.0000 0.0000 0.0000 0.0000	</row2>
					<row3>	-0.4454 0.4606 -0.8702 1.0000	</row3>
				</transform>
			</node>
			<node>
				<identifier>	HP_VGS_2	</identifier>
				<transform>
					<row0>	0.0000 0.0000 -1.0000 0.0000	</row0>
					<row1>	0.0000 1.0000 0.0000 0.0000	</row1>
					<row2>	1.0000 0.0000 0.0000 0.0000	</row2>
					<row3>	0.4454 0.4606 -0.8702 1.0000	</row3>
				</transform>
			</node>
			<node>
				<identifier>	HP_VGS_3	</identifier>
				<transform>
					<row0>	0.0000 0.0000 1.0000 0.0000	</row0>
					<row1>	0.0000 1.0000 0.0000 0.0000	</row1>
					<row2>	-1.0000 0.0000 0.0000 0.0000	</row2>
					<row3>	-0.4185 0.4606 -1.7629 1.0000	</row3>
				</transform>
			</node>
			<node>
				<identifier>	HP_VGS_4	</identifier>
				<transform>
					<row0>	0.0000 0.0000 -1.0000 0.0000	</row0>
					<row1>	0.0000 1.0000 0.0000 0.0000	</row1>
					<row2>	1.0000 0.0000 0.0000 0.0000	</row2>
					<row3>	0.4185 0.4606 -1.7629 1.0000	</row3>
				</transform>
			</node>
			<node>
				<identifier>	HP_VGT_1	</identifier>
				<transform>
					<row0>	-1.0000 0.0000 0.0000 0.0000	</row0>
					<row1>	0.0000 1.0000 0.0000 0.0000	</row1>
					<row2>	0.0000 0.0000 -1.0000 0.0000	</row2>
					<row3>	-0.5082 0.3069 -1.2086 1.0000	</row3>
				</transform>
			</node>
			<node>
				<identifier>	HP_VGT_2	</identifier>
				<transform>
					<row0>	-1.0000 0.0000 0.0000 0.0000	</row0>
					<row1>	0.0000 1.0000 0.0000 0.0000	</row1>
					<row2>	0.0000 0.0000 -1.0000 0.0000	</row2>
					<row3>	0.5082 0.3069 -1.2086 1.0000	</row3>
				</transform>
			</node>
			<node>
				<identifier>	HP_VRS_4	</identifier>
				<transform>
					<row0>	1.0000 0.0000 0.0000 0.0000	</row0>
					<row1>	0.0000 1.0000 0.0000 0.0000	</row1>
					<row2>	0.0000 0.0000 1.0000 0.0000	</row2>
					<row3>	0.0000 1.8521 -2.0922 1.0000	</row3>
				</transform>
			</node>
			<node>
				<identifier>	HP_flag_nation	</identifier>
				<transform>
					<row0>	0.9998 0.0195 -0.0013 0.0000	</row0>
					<row1>	-0.0195 0.9909 -0.1333 0.0000	</row1>
					<row2>	-0.0013 0.1333 0.9911 0.0000	</row2>
					<row3>	0.0000 1.9011 -2.2619 1.0000	</row3>
				</transform>
			</node>
			<node>
				<identifier>	MP_CM011_Fire_Fighting_Gear	</identifier>
				<transform>
					<row0>	-0.1677 0.0000 -0.9858 0.0000	</row0>
					<row1>	0.0000 1.0000 0.0000 0.0000	</row1>
					<row2>	0.9858 0.0000 -0.1677 0.0000	</row2>
					<row3>	-0.1904 0.2990 -1.2124 1.0000	</row3>
				</transform>
			</node>
			<node>
				<identifier>	MP_CM011_Fire_Fighting_Gear_INDEX_1	</identifier>
				<transform>
					<row0>	-1.0000 0.0000 0.0000 0.0000	</row0>
					<row1>	0.0000 1.0000 0.0000 0.0000	</row1>
					<row2>	0.0000 0.0000 -1.0000 0.0000	</row2>
					<row3>	-0.1435 0.4653 -1.4674 1.0000	</row3>
				</transform>
			</node>
			<node>
				<identifier>	MP_CM011_Fire_Fighting_Gear_INDEX_2	</identifier>
				<transform>
					<row0>	-0.1677 0.0000 0.9858 0.0000	</row0>
					<row1>	0.0000 1.0000 0.0000 0.0000	</row1>
					<row2>	-0.9858 0.0000 -0.1677 0.0000	</row2>
					<row3>	0.1838 0.2988 -1.1801 1.0000	</row3>
				</transform>
			</node>
			<node>
				<identifier>	MP_CM011_Fire_Fighting_Gear_INDEX_3	</identifier>
				<transform>
					<row0>	0.6533 0.0000 -0.7571 0.0000	</row0>
					<row1>	0.0000 1.0000 0.0000 0.0000	</row1>
					<row2>	0.7571 0.0000 0.6533 0.0000	</row2>
					<row3>	-0.2997 0.2950 -3.2163 1.0000	</row3>
				</transform>
			</node>
			<node>
				<identifier>	MP_CM011_Fire_Fighting_Gear_INDEX_4	</identifier>
				<transform>
					<row0>	0.6533 0.0000 0.7571 0.0000	</row0>
					<row1>	0.0000 1.0000 0.0000 0.0000	</row1>
					<row2>	-0.7571 0.0000 0.6533 0.0000	</row2>
					<row3>	0.3559 0.2936 -3.1535 1.0000	</row3>
				</transform>
			</node>
			<node>
				<identifier>	MP_CM011_Fire_Fighting_Gear_INDEX_5	</identifier>
				<transform>
					<row0>	0.0000 0.0000 -1.0000 0.0000	</row0>
					<row1>	0.0000 1.0000 0.0000 0.0000	</row1>
					<row2>	1.0000 0.0000 0.0000 0.0000	</row2>
					<row3>	-0.4143 0.2917 -0.2163 1.0000	</row3>
				</transform>
			</node>
			<node>
				<identifier>	MP_CM011_Fire_Fighting_Gear_INDEX_6	</identifier>
				<transform>
					<row0>	0.8518 0.0000 0.5238 0.0000	</row0>
					<row1>	0.0000 1.0000 0.0000 0.0000	</row1>
					<row2>	-0.5238 0.0000 0.8518 0.0000	</row2>
					<row3>	0.1406 0.4651 -2.8238 1.0000	</row3>
				</transform>
			</node>
			<node>
				<identifier>	MP_CM011_Fire_Fighting_Gear_INDEX_7	</identifier>
				<transform>
					<row0>	0.8518 0.0000 -0.5238 0.0000	</row0>
					<row1>	0.0000 1.0000 0.0000 0.0000	</row1>
					<row2>	0.5238 0.0000 0.8518 0.0000	</row2>
					<row3>	-0.1347 0.4647 -2.8273 1.0000	</row3>
				</transform>
			</node>
			<node>
				<identifier>	MP_CM011_Fire_Fighting_Gear_INDEX_8	</identifier>
				<transform>
					<row0>	0.0000 0.0000 1.0000 0.0000	</row0>
					<row1>	0.0000 1.0000 0.0000 0.0000	</row1>
					<row2>	-1.0000 0.0000 0.0000 0.0000	</row2>
					<row3>	0.4143 0.2925 -0.0837 1.0000	</row3>
				</transform>
			</node>
			<node>
				<identifier>	MP_CM012_Fire_Hose_Rack_1	</identifier>
				<transform>
					<row0>	1.0000 0.0000 0.0000 0.0000	</row0>
					<row1>	0.0000 1.0000 0.0000 0.0000	</row1>
					<row2>	0.0000 0.0000 1.0000 0.0000	</row2>
					<row3>	-0.4016 0.3698 -0.2141 1.0000	</row3>
				</transform>
			</node>
			<node>
				<identifier>	MP_CM012_Fire_Hose_Rack_1_INDEX_1	</identifier>
				<transform>
					<row0>	-1.0000 0.0000 0.0000 0.0000	</row0>
					<row1>	0.0000 1.0000 0.0000 0.0000	</row1>
					<row2>	0.0000 0.0000 -1.0000 0.0000	</row2>
					<row3>	0.4016 0.3698 -0.0549 1.0000	</row3>
				</transform>
			</node>
			<node>
				<identifier>	MP_CM012_Fire_Hose_Rack_1_INDEX_2	</identifier>
				<transform>
					<row0>	-0.9858 0.0000 -0.1677 0.0000	</row0>
					<row1>	0.0000 1.0000 0.0000 0.0000	</row1>
					<row2>	0.1677 0.0000 -0.9858 0.0000	</row2>
					<row3>	0.1692 0.3706 -1.1818 1.0000	</row3>
				</transform>
			</node>
			<node>
				<identifier>	MP_CM012_Fire_Hose_Rack_1_INDEX_3	</identifier>
				<transform>
					<row0>	0.0000 0.0000 -1.0000 0.0000	</row0>
					<row1>	0.0000 1.0000 0.0000 0.0000	</row1>
					<row2>	1.0000 0.0000 0.0000 0.0000	</row2>
					<row3>	-0.1435 0.5443 -1.4838 1.0000	</row3>
				</transform>
			</node>
			<node>
				<identifier>	MP_CM012_Fire_Hose_Rack_1_INDEX_4	</identifier>
				<transform>
					<row0>	0.9858 0.0000 -0.1677 0.0000	</row0>
					<row1>	0.0000 1.0000 0.0000 0.0000	</row1>
					<row2>	0.1677 0.0000 0.9858 0.0000	</row2>
					<row3>	-0.1760 0.3698 -1.2215 1.0000	</row3>
				</transform>
			</node>
			<node>
				<identifier>	MP_CM012_Fire_Hose_Rack_1_INDEX_5	</identifier>
				<transform>
					<row0>	-0.7571 0.0000 0.6533 0.0000	</row0>
					<row1>	0.0000 1.0000 0.0000 0.0000	</row1>
					<row2>	-0.6533 0.0000 -0.7571 0.0000	</row2>
					<row3>	0.3400 0.3551 -3.1483 1.0000	</row3>
				</transform>
			</node>
			<node>
				<identifier>	MP_CM012_Fire_Hose_Rack_1_INDEX_6	</identifier>
				<transform>
					<row0>	0.7571 0.0000 0.6533 0.0000	</row0>
					<row1>	0.0000 1.0000 0.0000 0.0000	</row1>
					<row2>	-0.6533 0.0000 0.7571 0.0000	</row2>
					<row3>	-0.2699 0.3683 -3.2323 1.0000	</row3>
				</transform>
			</node>
			<node>
				<identifier>	MP_CM012_Fire_Hose_Rack_1_INDEX_7	</identifier>
				<transform>
					<row0>	0.5430 0.0000 0.8397 0.0000	</row0>
					<row1>	0.0000 1.0000 0.0000 0.0000	</row1>
					<row2>	-0.8397 0.0000 0.5430 0.0000	</row2>
					<row3>	-0.1404 0.5326 -2.8157 1.0000	</row3>
				</transform>
			</node>
			<node>
				<identifier>	MP_CM012_Fire_Hose_Rack_1_INDEX_8	</identifier>
				<transform>
					<row0>	-0.5430 0.0000 0.8397 0.0000	</row0>
					<row1>	0.0000 1.0000 0.0000 0.0000	</row1>
					<row2>	-0.8397 0.0000 -0.5430 0.0000	</row2>
					<row3>	0.1645 0.5110 -2.8004 1.0000	</row3>
				</transform>
			</node>
			<node>
				<identifier>	MP_CM014_Fuel_Oil_Hose	</identifier>
				<transform>
					<row0>	1.0000 0.0000 0.0000 0.0000	</row0>
					<row1>	0.0000 1.0000 0.0000 0.0000	</row1>
					<row2>	0.0000 0.0000 1.0000 0.0000	</row2>
					<row3>	-0.3043 0.3501 -1.6386 1.0000	</row3>
				</transform>
			</node>
			<node>
				<identifier>	MP_CM014_Fuel_Oil_Hose_INDEX_1	</identifier>
				<transform>
					<row0>	-1.0000 0.0000 0.0000 0.0000	</row0>
					<row1>	0.0000 1.0000 0.0000 0.0000	</row1>
					<row2>	0.0000 0.0000 -1.0000 0.0000	</row2>
					<row3>	0.3043 0.3706 -1.6594 1.0000	</row3>
				</transform>
			</node>
			<node>
				<identifier>	MP_CM015_Bundle_1	</identifier>
				<transform>
					<row0>	0.7882 0.0000 0.6154 0.0000	</row0>
					<row1>	0.0000 1.0000 0.0000 0.0000	</row1>
					<row2>	-0.6154 0.0000 0.7882 0.0000	</row2>
					<row3>	0.3815 0.6218 -1.1545 1.0000	</row3>
				</transform>
			</node>
			<node>
				<identifier>	MP_CM015_Bundle_1_INDEX_1	</identifier>
				<transform>
					<row0>	1.0000 0.0000 0.0000 0.0000	</row0>
					<row1>	0.0000 1.0000 0.0000 0.0000	</row1>
					<row2>	0.0000 0.0000 1.0000 0.0000	</row2>
					<row3>	-0.4470 0.6214 -1.5413 1.0000	</row3>
				</transform>
			</node>
			<node>
				<identifier>	MP_CM015_Bundle_1_INDEX_2	</identifier>
				<transform>
					<row0>	-0.2732 0.0000 -0.9620 0.0000	</row0>
					<row1>	0.0000 1.0000 0.0000 0.0000	</row1>
					<row2>	0.9620 0.0000 -0.2732 0.0000	</row2>
					<row3>	-0.4002 0.6214 -1.5042 1.0000	</row3>
				</transform>
			</node>
			<node>
				<identifier>	MP_CM029_Emergency_Box	</identifier>
				<transform>
					<row0>	0.0616 0.0000 -0.9981 0.0000	</row0>
					<row1>	0.0000 1.0000 0.0000 0.0000	</row1>
					<row2>	0.9981 0.0000 0.0616 0.0000	</row2>
					<row3>	-0.4038 0.3717 -2.8079 1.0000	</row3>
				</transform>
			</node>
			<node>
				<identifier>	MP_CM029_Emergency_Box_INDEX_1	</identifier>
				<transform>
					<row0>	0.0616 0.0000 0.9981 0.0000	</row0>
					<row1>	0.0000 1.0000 0.0000 0.0000	</row1>
					<row2>	-0.9981 0.0000 0.0616 0.0000	</row2>
					<row3>	0.4107 0.3717 -2.6996 1.0000	</row3>
				</transform>
			</node>
			<node>
				<identifier>	MP_CM029_Emergency_Box_INDEX_2	</identifier>
				<transform>
					<row0>	0.3004 -0.0016 0.9538 0.0000	</row0>
					<row1>	-0.0016 1.0000 0.0021 0.0000	</row1>
					<row2>	-0.9538 -0.0021 0.3004 0.0000	</row2>
					<row3>	0.4130 0.3701 -0.6082 1.0000	</row3>
				</transform>
			</node>
			<node>
				<identifier>	MP_CM029_Emergency_Box_INDEX_3	</identifier>
				<transform>
					<row0>	0.3004 0.0016 -0.9538 0.0000	</row0>
					<row1>	0.0016 1.0000 0.0021 0.0000	</row1>
					<row2>	0.9538 -0.0021 0.3004 0.0000	</row2>
					<row3>	-0.4146 0.3701 -0.6063 1.0000	</row3>
				</transform>
			</node>
			<node>
				<identifier>	MP_CM029_Emergency_Box_INDEX_4	</identifier>
				<transform>
					<row0>	1.0000 0.0000 0.0000 0.0000	</row0>
					<row1>	0.0000 1.0000 0.0000 0.0000	</row1>
					<row2>	0.0000 0.0000 1.0000 0.0000	</row2>
					<row3>	-0.0963 0.5556 -2.8335 1.0000	</row3>
				</transform>
			</node>
			<node>
				<identifier>	MP_CM029_Emergency_Box_INDEX_5	</identifier>
				<transform>
					<row0>	-1.0000 0.0000 0.0000 0.0000	</row0>
					<row1>	0.0000 1.0000 0.0000 0.0000	</row1>
					<row2>	0.0000 0.0000 -1.0000 0.0000	</row2>
					<row3>	0.1096 0.5556 -1.4770 1.0000	</row3>
				</transform>
			</node>
			<node>
				<identifier>	MP_CM029_Emergency_Box_INDEX_6	</identifier>
				<transform>
					<row0>	-1.0000 0.0000 0.0000 0.0000	</row0>
					<row1>	0.0000 1.0000 0.0000 0.0000	</row1>
					<row2>	0.0000 0.0000 -1.0000 0.0000	</row2>
					<row3>	0.0938 0.5556 -0.9917 1.0000	</row3>
				</transform>
			</node>
			<node>
				<identifier>	MP_CM052_Fender	</identifier>
				<transform>
					<row0>	-0.0340 0.0000 -0.6873 0.0000	</row0>
					<row1>	0.0000 0.6882 0.0000 0.0000	</row1>
					<row2>	0.6873 0.0000 -0.0340 0.0000	</row2>
					<row3>	0.4695 0.2917 -2.0508 1.0000	</row3>
				</transform>
			</node>
			<node>
				<identifier>	MP_CM052_Fender_INDEX_1	</identifier>
				<transform>
					<row0>	-0.3861 0.0000 -0.5697 0.0000	</row0>
					<row1>	0.0000 0.6882 0.0000 0.0000	</row1>
					<row2>	0.5697 0.0000 -0.3861 0.0000	</row2>
					<row3>	0.3891 0.2922 -3.1197 1.0000	</row3>
				</transform>
			</node>
			<node>
				<identifier>	MP_CM052_Fender_INDEX_2	</identifier>
				<transform>
					<row0>	-0.0340 0.0000 0.6873 0.0000	</row0>
					<row1>	0.0000 0.6882 0.0000 0.0000	</row1>
					<row2>	-0.6873 0.0000 -0.0340 0.0000	</row2>
					<row3>	-0.4695 0.2917 -2.0493 1.0000	</row3>
				</transform>
			</node>
			<node>
				<identifier>	MP_CM052_Fender_INDEX_3	</identifier>
				<transform>
					<row0>	-0.5754 0.0000 0.3775 0.0000	</row0>
					<row1>	0.0000 0.6882 0.0000 0.0000	</row1>
					<row2>	-0.3775 0.0000 -0.5754 0.0000	</row2>
					<row3>	-0.1741 0.2955 -3.3712 1.0000	</row3>
				</transform>
			</node>
			<node>
				<identifier>	MP_CM052_Fender_INDEX_4	</identifier>
				<transform>
					<row0>	-0.0340 0.0000 -0.6873 0.0000	</row0>
					<row1>	0.0000 0.6882 0.0000 0.0000	</row1>
					<row2>	0.6873 0.0000 -0.0340 0.0000	</row2>
					<row3>	0.4249 0.2923 -0.3131 1.0000	</row3>
				</transform>
			</node>
			<node>
				<identifier>	MP_CM052_Fender_INDEX_5	</identifier>
				<transform>
					<row0>	-0.0340 0.0000 0.6873 0.0000	</row0>
					<row1>	0.0000 0.6882 0.0000 0.0000	</row1>
					<row2>	-0.6873 0.0000 -0.0340 0.0000	</row2>
					<row3>	-0.4249 0.2916 -0.3115 1.0000	</row3>
				</transform>
			</node>
			<node>
				<identifier>	MP_CM056_Ships_bell	</identifier>
				<transform>
					<row0>	0.8671 0.0000 0.4982 0.0000	</row0>
					<row1>	0.0000 1.0000 0.0000 0.0000	</row1>
					<row2>	-0.4982 0.0000 0.8671 0.0000	</row2>
					<row3>	0.1737 0.4285 -3.3797 1.0000	</row3>
				</transform>
			</node>
			<node>
				<identifier>	MP_CM082_Rope	</identifier>
				<transform>
					<row0>	0.0000 0.0000 0.5201 0.0000	</row0>
					<row1>	0.0000 0.5201 0.0000 0.0000	</row1>
					<row2>	-0.5201 0.0000 0.0000 0.0000	</row2>
					<row3>	0.0052 0.8143 -2.1142 1.0000	</row3>
				</transform>
			</node>
			<node>
				<identifier>	MP_CM082_Rope_INDEX_1	</identifier>
				<transform>
					<row0>	0.0000 0.0000 0.5201 0.0000	</row0>
					<row1>	0.0000 0.5201 0.0000 0.0000	</row1>
					<row2>	-0.5201 0.0000 0.0000 0.0000	</row2>
					<row3>	0.0207 0.8143 -2.1142 1.0000	</row3>
				</transform>
			</node>
			<node>
				<identifier>	MP_CM082_Rope_INDEX_2	</identifier>
				<transform>
					<row0>	0.0000 0.0000 0.5201 0.0000	</row0>
					<row1>	0.0000 0.5201 0.0000 0.0000	</row1>
					<row2>	-0.5201 0.0000 0.0000 0.0000	</row2>
					<row3>	0.0346 0.8143 -2.1142 1.0000	</row3>
				</transform>
			</node>
			<node>
				<identifier>	MP_CM088_Swab_Rack	</identifier>
				<transform>
					<row0>	0.0000 0.0000 -1.0000 0.0000	</row0>
					<row1>	0.0000 1.0000 0.0000 0.0000	</row1>
					<row2>	1.0000 0.0000 0.0000 0.0000	</row2>
					<row3>	0.2687 0.4584 -2.5367 1.0000	</row3>
				</transform>
			</node>
			<node>
				<identifier>	MP_CM088_Swab_Rack_INDEX_1	</identifier>
				<transform>
					<row0>	0.0000 0.0000 -1.0000 0.0000	</row0>
					<row1>	0.0000 1.0000 0.0000 0.0000	</row1>
					<row2>	1.0000 0.0000 0.0000 0.0000	</row2>
					<row3>	0.2018 0.2969 -1.4080 1.0000	</row3>
				</transform>
			</node>
			<node>
				<identifier>	MP_CM088_Swab_Rack_INDEX_2	</identifier>
				<transform>
					<row0>	0.0000 0.0000 1.0000 0.0000	</row0>
					<row1>	0.0000 1.0000 0.0000 0.0000	</row1>
					<row2>	-1.0000 0.0000 0.0000 0.0000	</row2>
					<row3>	-0.2683 0.4584 -2.4989 1.0000	</row3>
				</transform>
			</node>
			<node>
				<identifier>	MP_CM088_Swab_Rack_INDEX_3	</identifier>
				<transform>
					<row0>	0.0000 0.0000 1.0000 0.0000	</row0>
					<row1>	0.0000 1.0000 0.0000 0.0000	</row1>
					<row2>	-1.0000 0.0000 0.0000 0.0000	</row2>
					<row3>	-0.2563 0.2961 -1.5213 1.0000	</row3>
				</transform>
			</node>
			<node>
				<identifier>	MP_CM088_Swab_Rack_INDEX_4	</identifier>
				<transform>
					<row0>	1.0000 0.0000 0.0000 0.0000	</row0>
					<row1>	0.0000 1.0000 0.0000 0.0000	</row1>
					<row2>	0.0000 0.0000 1.0000 0.0000	</row2>
					<row3>	0.0000 0.4602 -0.3951 1.0000	</row3>
				</transform>
			</node>
			<node>
				<identifier>	MP_CM104_Life_Buoy	</identifier>
				<transform>
					<row0>	0.0608 0.0000 -0.9982 0.0000	</row0>
					<row1>	0.0000 1.0000 0.0000 0.0000	</row1>
					<row2>	0.9982 0.0000 0.0608 0.0000	</row2>
					<row3>	-0.3942 0.5207 -2.8193 1.0000	</row3>
				</transform>
			</node>
			<node>
				<identifier>	MP_CM104_Life_Buoy_INDEX_1	</identifier>
				<transform>
					<row0>	0.0608 0.0000 0.9982 0.0000	</row0>
					<row1>	0.0000 1.0000 0.0000 0.0000	</row1>
					<row2>	-0.9982 0.0000 0.0608 0.0000	</row2>
					<row3>	0.3942 0.5207 -2.8193 1.0000	</row3>
				</transform>
			</node>
			<node>
				<identifier>	MP_CM104_Life_Buoy_INDEX_2	</identifier>
				<transform>
					<row0>	0.0000 0.0000 -1.0000 0.0000	</row0>
					<row1>	0.0000 1.0000 0.0000 0.0000	</row1>
					<row2>	1.0000 0.0000 0.0000 0.0000	</row2>
					<row3>	-0.4517 0.5201 -0.2316 1.0000	</row3>
				</transform>
			</node>
			<node>
				<identifier>	MP_CM104_Life_Buoy_INDEX_3	</identifier>
				<transform>
					<row0>	0.0000 0.0000 1.0000 0.0000	</row0>
					<row1>	0.0000 1.0000 0.0000 0.0000	</row1>
					<row2>	-1.0000 0.0000 0.0000 0.0000	</row2>
					<row3>	0.4517 0.5201 -0.2316 1.0000	</row3>
				</transform>
			</node>
			<node>
				<identifier>	MP_CM112_Fire_Extinguisher	</identifier>
				<transform>
					<row0>	1.0000 0.0000 0.0000 0.0000	</row0>
					<row1>	0.0000 1.0000 0.0000 0.0000	</row1>
					<row2>	0.0000 0.0000 1.0000 0.0000	</row2>
					<row3>	-0.0673 0.4770 -0.8630 1.0000	</row3>
				</transform>
			</node>
			<node>
				<identifier>	MP_CM117_Ladder_Cruiser_L	</identifier>
				<transform>
					<row0>	0.0000 -1.0000 0.0000 0.0000	</row0>
					<row1>	0.9980 0.0000 0.0640 0.0000	</row1>
					<row2>	-0.0640 0.0000 0.9980 0.0000	</row2>
					<row3>	-0.4462 0.3261 -2.2485 1.0000	</row3>
				</transform>
			</node>
			<node>
				<identifier>	MP_CM117_Ladder_Cruiser_L_INDEX_1	</identifier>
				<transform>
					<row0>	0.0000 -1.0000 0.0000 0.0000	</row0>
					<row1>	0.9981 0.0000 -0.0624 0.0000	</row1>
					<row2>	0.0624 0.0000 0.9981 0.0000	</row2>
					<row3>	0.4200 0.3264 -2.4603 1.0000	</row3>
				</transform>
			</node>
			<node>
				<identifier>	MP_VM014_Filling_Connection	</identifier>
				<transform>
					<row0>	-0.9984 0.0000 -0.0572 0.0000	</row0>
					<row1>	0.0000 1.0000 0.0000 0.0000	</row1>
					<row2>	0.0572 0.0000 -0.9984 0.0000	</row2>
					<row3>	-0.4268 0.2932 -0.5445 1.0000	</row3>
				</transform>
			</node>
			<node>
				<identifier>	MP_VM014_Filling_Connection_INDEX_1	</identifier>
				<transform>
					<row0>	0.9984 0.0000 -0.0572 0.0000	</row0>
					<row1>	0.0000 1.0000 0.0000 0.0000	</row1>
					<row2>	0.0572 0.0000 0.9984 0.0000	</row2>
					<row3>	0.4268 0.2932 -0.5445 1.0000	</row3>
				</transform>
			</node>
			<node>
				<identifier>	MP_VM014_Filling_Connection_INDEX_2	</identifier>
				<transform>
					<row0>	-0.9984 0.0000 -0.0572 0.0000	</row0>
					<row1>	0.0000 1.0000 0.0000 0.0000	</row1>
					<row2>	0.0572 0.0000 -0.9984 0.0000	</row2>
					<row3>	-0.4133 0.2927 -2.7349 1.0000	</row3>
				</transform>
			</node>
			<node>
				<identifier>	MP_VM014_Filling_Connection_INDEX_3	</identifier>
				<transform>
					<row0>	0.9984 0.0000 -0.0572 0.0000	</row0>
					<row1>	0.0000 1.0000 0.0000 0.0000	</row1>
					<row2>	0.0572 0.0000 0.9984 0.0000	</row2>
					<row3>	0.4387 0.2927 -2.3444 1.0000	</row3>
				</transform>
			</node>
			<node>
				<identifier>	MP_VM016_Reels	</identifier>
				<transform>
					<row0>	0.6521 0.0000 -0.7581 0.0000	</row0>
					<row1>	0.0000 1.0000 0.0000 0.0000	</row1>
					<row2>	0.7581 0.0000 0.6521 0.0000	</row2>
					<row3>	-0.2362 0.2929 -3.3258 1.0000	</row3>
				</transform>
			</node>
			<node>
				<identifier>	MP_VM016_Reels_INDEX_1	</identifier>
				<transform>
					<row0>	0.6521 0.0000 0.7581 0.0000	</row0>
					<row1>	0.0000 1.0000 0.0000 0.0000	</row1>
					<row2>	-0.7581 0.0000 0.6521 0.0000	</row2>
					<row3>	0.3313 0.2911 -3.2100 1.0000	</row3>
				</transform>
			</node>
			<node>
				<identifier>	MP_VM016_Reels_INDEX_2	</identifier>
				<transform>
					<row0>	0.0000 0.0000 1.0000 0.0000	</row0>
					<row1>	0.0000 1.0000 0.0000 0.0000	</row1>
					<row2>	-1.0000 0.0000 0.0000 0.0000	</row2>
					<row3>	0.2995 0.4553 -2.6080 1.0000	</row3>
				</transform>
			</node>
			<node>
				<identifier>	MP_VM016_Reels_INDEX_3	</identifier>
				<transform>
					<row0>	0.0000 0.0000 -1.0000 0.0000	</row0>
					<row1>	0.0000 1.0000 0.0000 0.0000	</row1>
					<row2>	1.0000 0.0000 0.0000 0.0000	</row2>
					<row3>	0.4038 0.4517 -0.3357 1.0000	</row3>
				</transform>
			</node>
			<node>
				<identifier>	MP_VM016_Reels_INDEX_4	</identifier>
				<transform>
					<row0>	0.0000 0.0000 -1.0000 0.0000	</row0>
					<row1>	0.0000 1.0000 0.0000 0.0000	</row1>
					<row2>	1.0000 0.0000 0.0000 0.0000	</row2>
					<row3>	0.4038 0.4517 -0.1603 1.0000	</row3>
				</transform>
			</node>
			<node>
				<identifier>	MP_VM016_Reels_INDEX_5	</identifier>
				<transform>
					<row0>	-1.0000 0.0000 0.0000 0.0000	</row0>
					<row1>	0.0000 1.0000 0.0000 0.0000	</row1>
					<row2>	0.0000 0.0000 -1.0000 0.0000	</row2>
					<row3>	0.1000 0.5817 -0.7483 1.0000	</row3>
				</transform>
			</node>
			<node>
				<identifier>	MP_VM016_Reels_INDEX_6	</identifier>
				<transform>
					<row0>	0.0000 0.0000 -1.0000 0.0000	</row0>
					<row1>	0.0000 1.0000 0.0000 0.0000	</row1>
					<row2>	1.0000 0.0000 0.0000 0.0000	</row2>
					<row3>	-0.2995 0.4553 -2.6080 1.0000	</row3>
				</transform>
			</node>
			<node>
				<identifier>	MP_VM026_Reels	</identifier>
				<transform>
					<row0>	0.6051 0.0224 0.0000 0.0000	</row0>
					<row1>	-0.0224 0.6051 0.0000 0.0000	</row1>
					<row2>	0.0000 0.0000 0.6055 0.0000	</row2>
					<row3>	-0.4145 0.4524 -0.2519 1.0000	</row3>
				</transform>
			</node>
			<node>
				<identifier>	MP_VM057_Helmets_Rack	</identifier>
				<transform>
					<row0>	-1.0000 0.0000 0.0000 0.0000	</row0>
					<row1>	0.0000 1.0000 0.0000 0.0000	</row1>
					<row2>	0.0000 0.0000 -1.0000 0.0000	</row2>
					<row3>	0.0729 0.3364 -3.3668 1.0000	</row3>
				</transform>
			</node>
			<node>
				<identifier>	MP_VM057_Helmets_Rack_INDEX_1	</identifier>
				<transform>
					<row0>	1.0000 0.0000 0.0000 0.0000	</row0>
					<row1>	0.0000 1.0000 0.0000 0.0000	</row1>
					<row2>	0.0000 0.0000 1.0000 0.0000	</row2>
					<row3>	0.1492 0.5125 -1.4832 1.0000	</row3>
				</transform>
			</node>
			<node>
				<identifier>	MP_VM057_Helmets_Rack_INDEX_2	</identifier>
				<transform>
					<row0>	-1.0000 0.0000 0.0000 0.0000	</row0>
					<row1>	0.0000 1.0000 0.0000 0.0000	</row1>
					<row2>	0.0000 0.0000 -1.0000 0.0000	</row2>
					<row3>	-0.0539 0.5125 -1.1207 1.0000	</row3>
				</transform>
			</node>
			<node>
				<identifier>	MP_VM057_Helmets_Rack_INDEX_3	</identifier>
				<transform>
					<row0>	-1.0000 0.0000 0.0000 0.0000	</row0>
					<row1>	0.0000 1.0000 0.0000 0.0000	</row1>
					<row2>	0.0000 0.0000 -1.0000 0.0000	</row2>
					<row3>	0.0000 0.5125 -2.8277 1.0000	</row3>
				</transform>
			</node>
			<node>
				<identifier>	MP_VM057_Helmets_Rack_INDEX_4	</identifier>
				<transform>
					<row0>	-0.3004 0.0016 -0.9538 0.0000	</row0>
					<row1>	-0.0016 1.0000 0.0021 0.0000	</row1>
					<row2>	0.9538 0.0021 -0.3004 0.0000	</row2>
					<row3>	0.3000 0.3486 -0.9505 1.0000	</row3>
				</transform>
			</node>
			<node>
				<identifier>	MP_VM057_Helmets_Rack_INDEX_5	</identifier>
				<transform>
					<row0>	-0.6619 0.0000 0.7496 0.0000	</row0>
					<row1>	0.0000 1.0000 0.0000 0.0000	</row1>
					<row2>	-0.7496 0.0000 -0.6619 0.0000	</row2>
					<row3>	-0.3311 0.3356 -3.1605 1.0000	</row3>
				</transform>
			</node>
			<node>
				<identifier>	MP_VM057_Helmets_Rack_INDEX_6	</identifier>
				<transform>
					<row0>	-0.3004 -0.0016 0.9538 0.0000	</row0>
					<row1>	0.0016 1.0000 0.0021 0.0000	</row1>
					<row2>	-0.9538 0.0021 -0.3004 0.0000	</row2>
					<row3>	-0.3005 0.3486 -0.9501 1.0000	</row3>
				</transform>
			</node>
			<node>
				<identifier>	MP_VM503_Cutter_32ft	</identifier>
				<transform>
					<row0>	1.0000 0.0000 0.0000 0.0000	</row0>
					<row1>	0.0000 1.0000 0.0000 0.0000	</row1>
					<row2>	0.0000 0.0000 1.0000 0.0000	</row2>
					<row3>	-0.1071 0.4598 -0.0168 1.0000	</row3>
				</transform>
			</node>
			<node>
				<identifier>	MP_VM511_Motor_Boat_25ft	</identifier>
				<transform>
					<row0>	0.9929 0.0000 -0.1191 0.0000	</row0>
					<row1>	0.0000 1.0000 0.0000 0.0000	</row1>
					<row2>	0.1191 0.0000 0.9929 0.0000	</row2>
					<row3>	-0.2609 0.5079 0.2082 1.0000	</row3>
				</transform>
			</node>
			<node>
				<identifier>	MP_VM512_Motor_Whaler_27ft	</identifier>
				<transform>
					<row0>	1.0000 0.0000 0.0000 0.0000	</row0>
					<row1>	0.0000 1.0000 0.0000 0.0000	</row1>
					<row2>	0.0000 0.0000 1.0000 0.0000	</row2>
					<row3>	-0.5263 0.4114 -0.2414 1.0000	</row3>
				</transform>
			</node>
			<node>
				<identifier>	MP_VM512_Motor_Whaler_27ft_INDEX_1	</identifier>
				<transform>
					<row0>	1.0000 0.0000 0.0000 0.0000	</row0>
					<row1>	0.0000 1.0000 0.0000 0.0000	</row1>
					<row2>	0.0000 0.0000 1.0000 0.0000	</row2>
					<row3>	0.5263 0.4114 -0.2414 1.0000	</row3>
				</transform>
			</node>
			<node>
				<identifier>	MP_VM514_Liferaft_type_20_8ft	</identifier>
				<transform>
					<row0>	0.0000 0.0000 -1.0000 0.0000	</row0>
					<row1>	0.0000 1.0000 0.0000 0.0000	</row1>
					<row2>	1.0000 0.0000 0.0000 0.0000	</row2>
					<row3>	-0.4671 0.6245 -1.2099 1.0000	</row3>
				</transform>
			</node>
			<node>
				<identifier>	MP_VM514_Liferaft_type_20_8ft_INDEX_1	</identifier>
				<transform>
					<row0>	0.0000 0.0000 -1.0000 0.0000	</row0>
					<row1>	0.0000 1.0000 0.0000 0.0000	</row1>
					<row2>	1.0000 0.0000 0.0000 0.0000	</row2>
					<row3>	-0.4671 0.6492 -1.2099 1.0000	</row3>
				</transform>
			</node>
			<node>
				<identifier>	MP_VM514_Liferaft_type_20_8ft_INDEX_10	</identifier>
				<transform>
					<row0>	0.0000 0.0000 1.0000 0.0000	</row0>
					<row1>	0.0000 1.0000 0.0000 0.0000	</row1>
					<row2>	-1.0000 0.0000 0.0000 0.0000	</row2>
					<row3>	0.4671 0.6245 -1.3152 1.0000	</row3>
				</transform>
			</node>
			<node>
				<identifier>	MP_VM514_Liferaft_type_20_8ft_INDEX_11	</identifier>
				<transform>
					<row0>	0.0000 0.0000 1.0000 0.0000	</row0>
					<row1>	0.0000 1.0000 0.0000 0.0000	</row1>
					<row2>	-1.0000 0.0000 0.0000 0.0000	</row2>
					<row3>	0.4671 0.6492 -1.2099 1.0000	</row3>
				</transform>
			</node>
			<node>
				<identifier>	MP_VM514_Liferaft_type_20_8ft_INDEX_2	</identifier>
				<transform>
					<row0>	0.0000 0.0000 -1.0000 0.0000	</row0>
					<row1>	0.0000 1.0000 0.0000 0.0000	</row1>
					<row2>	1.0000 0.0000 0.0000 0.0000	</row2>
					<row3>	-0.4671 0.6492 -1.4209 1.0000	</row3>
				</transform>
			</node>
			<node>
				<identifier>	MP_VM514_Liferaft_type_20_8ft_INDEX_3	</identifier>
				<transform>
					<row0>	0.0000 0.0000 -1.0000 0.0000	</row0>
					<row1>	0.0000 1.0000 0.0000 0.0000	</row1>
					<row2>	1.0000 0.0000 0.0000 0.0000	</row2>
					<row3>	-0.4671 0.6245 -1.3152 1.0000	</row3>
				</transform>
			</node>
			<node>
				<identifier>	MP_VM514_Liferaft_type_20_8ft_INDEX_4	</identifier>
				<transform>
					<row0>	0.0000 0.0000 1.0000 0.0000	</row0>
					<row1>	0.0000 1.0000 0.0000 0.0000	</row1>
					<row2>	-1.0000 0.0000 0.0000 0.0000	</row2>
					<row3>	0.4671 0.6492 -1.3152 1.0000	</row3>
				</transform>
			</node>
			<node>
				<identifier>	MP_VM514_Liferaft_type_20_8ft_INDEX_5	</identifier>
				<transform>
					<row0>	0.0000 0.0000 1.0000 0.0000	</row0>
					<row1>	0.0000 1.0000 0.0000 0.0000	</row1>
					<row2>	-1.0000 0.0000 0.0000 0.0000	</row2>
					<row3>	0.4671 0.6245 -1.2099 1.0000	</row3>
				</transform>
			</node>
			<node>
				<identifier>	MP_VM514_Liferaft_type_20_8ft_INDEX_6	</identifier>
				<transform>
					<row0>	0.0000 0.0000 -1.0000 0.0000	</row0>
					<row1>	0.0000 1.0000 0.0000 0.0000	</row1>
					<row2>	1.0000 0.0000 0.0000 0.0000	</row2>
					<row3>	-0.4671 0.6245 -1.4209 1.0000	</row3>
				</transform>
			</node>
			<node>
				<identifier>	MP_VM514_Liferaft_type_20_8ft_INDEX_7	</identifier>
				<transform>
					<row0>	0.0000 0.0000 1.0000 0.0000	</row0>
					<row1>	0.0000 1.0000 0.0000 0.0000	</row1>
					<row2>	-1.0000 0.0000 0.0000 0.0000	</row2>
					<row3>	0.4671 0.6492 -1.4209 1.0000	</row3>
				</transform>
			</node>
			<node>
				<identifier>	MP_VM514_Liferaft_type_20_8ft_INDEX_8	</identifier>
				<transform>
					<row0>	0.0000 0.0000 1.0000 0.0000	</row0>
					<row1>	0.0000 1.0000 0.0000 0.0000	</row1>
					<row2>	-1.0000 0.0000 0.0000 0.0000	</row2>
					<row3>	0.4671 0.6245 -1.4209 1.0000	</row3>
				</transform>
			</node>
			<node>
				<identifier>	MP_VM514_Liferaft_type_20_8ft_INDEX_9	</identifier>
				<transform>
					<row0>	0.0000 0.0000 -1.0000 0.0000	</row0>
					<row1>	0.0000 1.0000 0.0000 0.0000	</row1>
					<row2>	1.0000 0.0000 0.0000 0.0000	</row2>
					<row3>	-0.4671 0.6492 -1.3152 1.0000	</row3>
				</transform>
			</node>
			<node>
				<identifier>	MP_VM526_Motor_Pinnace_35ft	</identifier>
				<transform>
					<row0>	1.0000 0.0000 0.0000 0.0000	</row0>
					<row1>	0.0000 1.0000 0.0000 0.0000	</row1>
					<row2>	0.0000 0.0000 1.0000 0.0000	</row2>
					<row3>	0.1039 0.4615 -0.0168 1.0000	</row3>
				</transform>
			</node>
			<node>
				<identifier>	MP_VM527_Motor_Boat_16ft	</identifier>
				<transform>
					<row0>	0.9896 0.0000 0.1436 0.0000	</row0>
					<row1>	0.0000 1.0000 0.0000 0.0000	</row1>
					<row2>	-0.1436 0.0000 0.9896 0.0000	</row2>
					<row3>	0.2615 0.4871 0.0578 1.0000	</row3>
				</transform>
			</node>
			<node>
				<identifier>	MP_VM604_Telephone	</identifier>
				<transform>
					<row0>	-1.0000 0.0000 0.0000 0.0000	</row0>
					<row1>	0.0000 1.0000 0.0000 0.0000	</row1>
					<row2>	0.0000 0.0000 -1.0000 0.0000	</row2>
					<row3>	-0.0772 0.5443 -1.4836 1.0000	</row3>
				</transform>
			</node>
			<node>
				<identifier>	MP_VM604_Telephone_INDEX_1	</identifier>
				<transform>
					<row0>	1.0000 0.0000 0.0000 0.0000	</row0>
					<row1>	0.0000 1.0000 0.0000 0.0000	</row1>
					<row2>	0.0000 0.0000 1.0000 0.0000	</row2>
					<row3>	0.0846 0.5564 -2.8270 1.0000	</row3>
				</transform>
			</node>
			<node>
				<identifier>	MP_VM604_Telephone_INDEX_2	</identifier>
				<transform>
					<row0>	1.0000 0.0000 0.0000 0.0000	</row0>
					<row1>	0.0000 1.0000 0.0000 0.0000	</row1>
					<row2>	0.0000 0.0000 1.0000 0.0000	</row2>
					<row3>	0.0301 0.3918 -3.3664 1.0000	</row3>
				</transform>
			</node>
			<node>
				<identifier>	MP_VM604_Telephone_INDEX_3	</identifier>
				<transform>
					<row0>	0.3011 0.0000 0.9536 0.0000	</row0>
					<row1>	0.0000 1.0000 0.0000 0.0000	</row1>
					<row2>	-0.9536 0.0000 0.3011 0.0000	</row2>
					<row3>	0.2872 0.3847 -0.9863 1.0000	</row3>
				</transform>
			</node>
			<node>
				<identifier>	MP_VM604_Telephone_INDEX_4	</identifier>
				<transform>
					<row0>	-1.0000 0.0000 0.0000 0.0000	</row0>
					<row1>	0.0000 1.0000 0.0000 0.0000	</row1>
					<row2>	0.0000 0.0000 -1.0000 0.0000	</row2>
					<row3>	-0.0625 0.6942 -2.2600 1.0000	</row3>
				</transform>
			</node>
			<node>
				<identifier>	MP_VM604_Telephone_INDEX_5	</identifier>
				<transform>
					<row0>	0.3011 0.0000 -0.9536 0.0000	</row0>
					<row1>	0.0000 1.0000 0.0000 0.0000	</row1>
					<row2>	0.9536 0.0000 0.3011 0.0000	</row2>
					<row3>	-0.2872 0.3827 -0.9872 1.0000	</row3>
				</transform>
			</node>
			<node>
				<identifier>	MP_VM605_Elec_Panel	</identifier>
				<transform>
