<RSS009_S189_1954_MidBack_ports.visual>
	<node>
		<identifier>	Scene Root	</identifier>
		<transform>
			<row0>	1.0000 0.0000 0.0000 0.0000	</row0>
			<row1>	0.0000 1.0000 0.0000 0.0000	</row1>
			<row2>	0.0000 0.0000 1.0000 0.0000	</row2>
			<row3>	0.0000 0.0000 0.0000 1.0000	</row3>
		</transform>
		<node>
			<identifier>	MidBack_ports	</identifier>
			<transform>
				<row0>	1.0000 0.0000 0.0000 0.0000	</row0>
				<row1>	0.0000 1.0000 0.0000 0.0000	</row1>
				<row2>	0.0000 0.0000 1.0000 0.0000	</row2>
				<row3>	0.0000 0.0000 0.0000 1.0000	</row3>
			</transform>
			<node>
				<identifier>	HP_FX_Death_2	</identifier>
				<transform>
					<row0>	1.0000 0.0000 0.0000 0.0000	</row0>
					<row1>	0.0000 1.0000 0.0000 0.0000	</row1>
					<row2>	0.0000 0.0000 1.0000 0.0000	</row2>
					<row3>	0.0000 0.0000 -0.0317 1.0000	</row3>
				</transform>
			</node>
			<node>
				<identifier>	HP_FX_Descent_2	</identifier>
				<transform>
					<row0>	-0.2771 -0.9608 0.0000 0.0000	</row0>
					<row1>	0.9608 -0.2771 0.0000 0.0000	</row1>
					<row2>	0.0000 0.0000 1.0000 0.0000	</row2>
					<row3>	0.1702 -0.1903 -0.6900 1.0000	</row3>
				</transform>
			</node>
			<node>
				<identifier>	HP_FX_Descent_4	</identifier>
				<transform>
					<row0>	0.4341 -0.9009 0.0000 0.0000	</row0>
					<row1>	-0.9009 -0.4341 0.0000 0.0000	</row1>
					<row2>	0.0000 0.0000 -1.0000 0.0000	</row2>
					<row3>	-0.1536 -0.1915 -0.7770 1.0000	</row3>
				</transform>
			</node>
			<node>
				<identifier>	HP_FX_Runoff_deluge_left_7	</identifier>
				<transform>
					<row0>	-0.9961 -0.0882 -0.0065 0.0000	</row0>
					<row1>	-0.0884 0.9958 0.0225 0.0000	</row1>
					<row2>	0.0045 0.0230 -0.9997 0.0000	</row2>
					<row3>	-0.1124 0.0726 -0.3468 1.0000	</row3>
				</transform>
			</node>
			<node>
				<identifier>	HP_FX_Runoff_deluge_left_8	</identifier>
				<transform>
					<row0>	-0.9960 -0.0882 -0.0178 0.0000	</row0>
					<row1>	-0.0886 0.9958 0.0215 0.0000	</row1>
					<row2>	0.0158 0.0230 -0.9996 0.0000	</row2>
					<row3>	-0.1124 0.0688 -0.6996 1.0000	</row3>
				</transform>
			</node>
			<node>
				<identifier>	HP_FX_Runoff_deluge_right_7	</identifier>
				<transform>
					<row0>	0.9961 -0.0882 -0.0064 0.0000	</row0>
					<row1>	0.0884 0.9958 0.0225 0.0000	</row1>
					<row2>	0.0044 -0.0230 0.9997 0.0000	</row2>
					<row3>	0.1119 0.0730 -0.3468 1.0000	</row3>
				</transform>
			</node>
			<node>
				<identifier>	HP_FX_Runoff_deluge_right_8	</identifier>
				<transform>
					<row0>	0.9959 -0.0882 -0.0177 0.0000	</row0>
					<row1>	0.0886 0.9958 0.0215 0.0000	</row1>
					<row2>	0.0157 -0.0230 0.9996 0.0000	</row2>
					<row3>	0.1129 0.0690 -0.6997 1.0000	</row3>
				</transform>
			</node>
			<node>
				<identifier>	HP_FX_Runoff_left_2	</identifier>
				<transform>
					<row0>	-0.6797 0.7333 -0.0182 0.0000	</row0>
					<row1>	0.7330 0.6800 0.0192 0.0000	</row1>
					<row2>	0.0265 -0.0003 -0.9997 0.0000	</row2>
					<row3>	-0.0847 0.1028 -0.8696 1.0000	</row3>
				</transform>
			</node>
			<node>
				<identifier>	HP_FX_Runoff_right_2	</identifier>
				<transform>
					<row0>	0.6797 0.7333 -0.0180 0.0000	</row0>
					<row1>	-0.7331 0.6799 0.0190 0.0000	</row1>
					<row2>	0.0262 0.0003 0.9997 0.0000	</row2>
					<row3>	0.0850 0.1029 -0.8696 1.0000	</row3>
				</transform>
			</node>
			<node>
				<identifier>	HP_FX_Runoff_tower_left_1	</identifier>
				<transform>
					<row0>	-0.9627 0.0000 -0.2705 0.0000	</row0>
					<row1>	0.0000 1.0000 0.0000 0.0000	</row1>
					<row2>	0.2705 0.0000 -0.9627 0.0000	</row2>
					<row3>	-0.0218 0.2154 -0.0325 1.0000	</row3>
				</transform>
			</node>
			<node>
				<identifier>	HP_FX_Runoff_tower_right_1	</identifier>
				<transform>
					<row0>	-0.9627 0.0000 0.2705 0.0000	</row0>
					<row1>	0.0000 1.0000 0.0000 0.0000	</row1>
					<row2>	-0.2705 0.0000 -0.9627 0.0000	</row2>
					<row3>	0.0220 0.2149 -0.0330 1.0000	</row3>
				</transform>
			</node>
			<node>
				<identifier>	HP_FX_Runoff_up_left_2	</identifier>
				<transform>
					<row0>	-0.9999 0.0000 -0.0117 0.0000	</row0>
					<row1>	0.0000 1.0000 -0.0061 0.0000	</row1>
					<row2>	0.0117 -0.0061 -0.9999 0.0000	</row2>
					<row3>	-0.0510 0.1159 -0.0830 1.0000	</row3>
				</transform>
			</node>
			<node>
				<identifier>	HP_FX_Runoff_up_right_2	</identifier>
				<transform>
					<row0>	0.9999 0.0000 -0.0117 0.0000	</row0>
					<row1>	0.0000 1.0000 -0.0061 0.0000	</row1>
					<row2>	0.0117 0.0061 0.9999 0.0000	</row2>
					<row3>	0.0510 0.1159 -0.0830 1.0000	</row3>
				</transform>
			</node>
			<node>
				<identifier>	HP_FX_WakeTraceBack_tower	</identifier>
				<transform>
					<row0>	1.0000 0.0000 0.0000 0.0000	</row0>
					<row1>	0.0000 1.0000 0.0000 0.0000	</row1>
					<row2>	0.0000 0.0000 1.0000 0.0000	</row2>
					<row3>	0.0012 0.1119 -0.1042 1.0000	</row3>
				</transform>
			</node>
			<node>
				<identifier>	MP_RM028_Signal_Lamp	</identifier>
				<transform>
					<row0>	0.6735 0.0000 0.0000 0.0000	</row0>
					<row1>	0.0000 0.4789 0.0000 0.0000	</row1>
					<row2>	0.0000 0.0000 0.6735 0.0000	</row2>
					<row3>	0.0000 0.2809 0.0555 1.0000	</row3>
				</transform>
			</node>
		</node>
	</node>
	<boundingBox>
		<min>	-0.0667 -0.0667 -0.0667	</min>
		<max>	0.0667 0.0667 0.0667	</max>
	</boundingBox>
</RSS009_S189_1954_MidBack_ports.visual>
