<JSA002_Hosho_1939_Stern_ports.visual>
	<node>
		<identifier>	Scene Root	</identifier>
		<transform>
			<row0>	1.0000 0.0000 0.0000 0.0000	</row0>
			<row1>	0.0000 1.0000 0.0000 0.0000	</row1>
			<row2>	0.0000 0.0000 1.0000 0.0000	</row2>
			<row3>	0.0000 0.0000 0.0000 1.0000	</row3>
		</transform>
		<node>
			<identifier>	Stern_ports	</identifier>
			<transform>
				<row0>	1.0000 0.0000 0.0000 0.0000	</row0>
				<row1>	0.0000 1.0000 0.0000 0.0000	</row1>
				<row2>	0.0000 0.0000 1.0000 0.0000	</row2>
				<row3>	0.0000 0.0000 0.0000 1.0000	</row3>
			</transform>
			<node>
				<identifier>	HP_DeckLand	</identifier>
				<transform>
					<row0>	1.0000 0.0000 0.0000 0.0000	</row0>
					<row1>	0.0000 1.0000 0.0000 0.0000	</row1>
					<row2>	0.0000 0.0000 1.0000 0.0000	</row2>
					<row3>	0.0041 0.8852 -6.3984 1.0000	</row3>
				</transform>
			</node>
			<node>
				<identifier>	HP_Deck_00	</identifier>
				<transform>
					<row0>	0.9996 0.0000 0.0267 0.0000	</row0>
					<row1>	0.0014 0.9987 -0.0509 0.0000	</row1>
					<row2>	-0.0267 0.0509 0.9983 0.0000	</row2>
					<row3>	-0.2838 0.7524 -4.7618 1.0000	</row3>
				</transform>
			</node>
			<node>
				<identifier>	HP_Deck_01	</identifier>
				<transform>
					<row0>	1.0000 0.0000 0.0039 0.0000	</row0>
					<row1>	0.0000 1.0000 0.0000 0.0000	</row1>
					<row2>	-0.0039 0.0000 1.0000 0.0000	</row2>
					<row3>	0.3504 0.7524 -4.0217 1.0000	</row3>
				</transform>
			</node>
			<node>
				<identifier>	HP_Deck_02	</identifier>
				<transform>
					<row0>	1.0000 0.0000 0.0099 0.0000	</row0>
					<row1>	0.0000 1.0000 0.0000 0.0000	</row1>
					<row2>	-0.0099 0.0000 1.0000 0.0000	</row2>
					<row3>	-0.3454 0.7523 -3.3362 1.0000	</row3>
				</transform>
			</node>
			<node>
				<identifier>	HP_Deck_03	</identifier>
				<transform>
					<row0>	0.9996 0.0000 0.0275 0.0000	</row0>
					<row1>	0.0000 1.0000 0.0000 0.0000	</row1>
					<row2>	-0.0275 0.0000 0.9996 0.0000	</row2>
					<row3>	0.3402 0.7524 -2.5396 1.0000	</row3>
				</transform>
			</node>
			<node>
				<identifier>	HP_Deck_04	</identifier>
				<transform>
					<row0>	0.9998 0.0000 -0.0180 0.0000	</row0>
					<row1>	0.0000 1.0000 0.0000 0.0000	</row1>
					<row2>	0.0180 0.0000 0.9998 0.0000	</row2>
					<row3>	-0.3715 0.7524 -1.7098 1.0000	</row3>
				</transform>
			</node>
			<node>
				<identifier>	HP_Deck_05	</identifier>
				<transform>
					<row0>	0.9981 0.0000 0.0623 0.0000	</row0>
					<row1>	0.0000 1.0000 0.0000 0.0000	</row1>
					<row2>	-0.0623 0.0000 0.9981 0.0000	</row2>
					<row3>	0.3420 0.7524 -0.8680 1.0000	</row3>
				</transform>
			</node>
			<node>
				<identifier>	HP_Deck_06	</identifier>
				<transform>
					<row0>	0.9999 0.0000 0.0124 0.0000	</row0>
					<row1>	0.0000 1.0000 0.0000 0.0000	</row1>
					<row2>	-0.0124 0.0000 0.9999 0.0000	</row2>
					<row3>	-0.3541 0.7524 -0.0648 1.0000	</row3>
				</transform>
			</node>
			<node>
				<identifier>	HP_DisappearPoint	</identifier>
				<transform>
					<row0>	1.0000 0.0000 0.0000 0.0000	</row0>
					<row1>	0.0000 1.0000 0.0000 0.0000	</row1>
					<row2>	0.0000 0.0000 1.0000 0.0000	</row2>
					<row3>	0.0041 0.8011 -5.5713 1.0000	</row3>
				</transform>
			</node>
			<node>
				<identifier>	HP_FX_Death_3	</identifier>
				<transform>
					<row0>	1.0000 0.0000 0.0000 0.0000	</row0>
					<row1>	0.0000 1.0000 0.0000 0.0000	</row1>
					<row2>	0.0000 0.0000 1.0000 0.0000	</row2>
					<row3>	0.0000 0.0000 -3.0148 1.0000	</row3>
				</transform>
			</node>
			<node>
				<identifier>	HP_FX_Fire_4	</identifier>
				<transform>
					<row0>	0.8748 0.0884 0.4764 0.0000	</row0>
					<row1>	0.0000 0.9832 -0.1825 0.0000	</row1>
					<row2>	-0.4846 0.1596 0.8601 0.0000	</row2>
					<row3>	0.1315 0.7525 -4.3759 1.0000	</row3>
				</transform>
			</node>
			<node>
				<identifier>	HP_FX_Fire_4_side_1	</identifier>
				<transform>
					<row0>	1.0000 0.0000 0.0000 0.0000	</row0>
					<row1>	0.0000 1.0000 0.0000 0.0000	</row1>
					<row2>	0.0000 0.0000 1.0000 0.0000	</row2>
					<row3>	0.2128 0.9297 -2.8812 1.0000	</row3>
				</transform>
			</node>
			<node>
				<identifier>	HP_FX_Fire_4_side_2	</identifier>
				<transform>
					<row0>	1.0000 0.0000 0.0000 0.0000	</row0>
					<row1>	0.0000 1.0000 0.0000 0.0000	</row1>
					<row2>	0.0000 0.0000 1.0000 0.0000	</row2>
					<row3>	-0.6438 0.6716 -4.6355 1.0000	</row3>
				</transform>
			</node>
			<node>
				<identifier>	HP_FX_FloodLight_left_2	</identifier>
				<transform>
					<row0>	-1.0000 0.0000 0.0000 0.0000	</row0>
					<row1>	0.0000 1.0000 0.0000 0.0000	</row1>
					<row2>	0.0000 0.0000 -1.0000 0.0000	</row2>
					<row3>	-0.4408 0.5117 -4.4108 1.0000	</row3>
				</transform>
			</node>
			<node>
				<identifier>	HP_FX_FloodLight_right_2	</identifier>
				<transform>
					<row0>	1.0000 0.0000 0.0000 0.0000	</row0>
					<row1>	0.0000 1.0000 0.0000 0.0000	</row1>
					<row2>	0.0000 0.0000 1.0000 0.0000	</row2>
					<row3>	0.4648 0.4688 -4.2539 1.0000	</row3>
				</transform>
			</node>
			<node>
				<identifier>	HP_FX_Flood_water_left	</identifier>
				<transform>
					<row0>	-1.0000 0.0000 0.0000 0.0000	</row0>
					<row1>	0.0000 1.0000 0.0000 0.0000	</row1>
					<row2>	0.0000 0.0000 -1.0000 0.0000	</row2>
					<row3>	-0.3881 0.0387 -4.3505 1.0000	</row3>
				</transform>
			</node>
			<node>
				<identifier>	HP_FX_Flood_water_right	</identifier>
				<transform>
					<row0>	1.0000 0.0000 0.0000 0.0000	</row0>
					<row1>	0.0000 1.0000 0.0000 0.0000	</row1>
					<row2>	0.0000 0.0000 1.0000 0.0000	</row2>
					<row3>	0.3862 0.0362 -4.3476 1.0000	</row3>
				</transform>
			</node>
			<node>
				<identifier>	HP_FX_WakeTraceBack	</identifier>
				<transform>
					<row0>	1.0000 0.0000 0.0000 0.0000	</row0>
					<row1>	0.0000 1.0000 0.0000 0.0000	</row1>
					<row2>	0.0000 0.0000 1.0000 0.0000	</row2>
					<row3>	0.0000 0.0000 -5.3838 1.0000	</row3>
				</transform>
			</node>
			<node>
				<identifier>	HP_FX_WakeTrace_screw_1	</identifier>
				<transform>
					<row0>	1.0000 0.0000 0.0000 0.0000	</row0>
					<row1>	0.0000 1.0000 0.0000 0.0000	</row1>
					<row2>	0.0000 0.0000 1.0000 0.0000	</row2>
					<row3>	-0.2281 -0.2305 -4.8167 1.0000	</row3>
				</transform>
			</node>
			<node>
				<identifier>	HP_FX_WakeTrace_screw_2	</identifier>
				<transform>
					<row0>	1.0000 0.0000 0.0000 0.0000	</row0>
					<row1>	0.0000 1.0000 0.0000 0.0000	</row1>
					<row2>	0.0000 0.0000 1.0000 0.0000	</row2>
					<row3>	0.2281 -0.2305 -4.8167 1.0000	</row3>
				</transform>
			</node>
			<node>
				<identifier>	HP_JGA_3	</identifier>
				<transform>
					<row0>	0.0000 0.0000 -1.0000 0.0000	</row0>
					<row1>	0.0000 1.0000 0.0000 0.0000	</row1>
					<row2>	1.0000 0.0000 0.0000 0.0000	</row2>
					<row3>	0.7743 0.6133 -3.6271 1.0000	</row3>
				</transform>
			</node>
			<node>
				<identifier>	HP_JGA_4	</identifier>
				<transform>
					<row0>	0.0000 0.0000 1.0000 0.0000	</row0>
					<row1>	0.0000 1.0000 0.0000 0.0000	</row1>
					<row2>	-1.0000 0.0000 0.0000 0.0000	</row2>
					<row3>	-0.7744 0.6132 -3.6272 1.0000	</row3>
				</transform>
			</node>
			<node>
				<identifier>	HP_JGA_5	</identifier>
				<transform>
					<row0>	0.0000 0.0000 -1.0000 0.0000	</row0>
					<row1>	0.0000 1.0000 0.0000 0.0000	</row1>
					<row2>	1.0000 0.0000 0.0000 0.0000	</row2>
					<row3>	0.6405 0.6136 -4.6448 1.0000	</row3>
				</transform>
			</node>
			<node>
				<identifier>	HP_JGA_6	</identifier>
				<transform>
					<row0>	0.0000 0.0000 1.0000 0.0000	</row0>
					<row1>	0.0000 1.0000 0.0000 0.0000	</row1>
					<row2>	-1.0000 0.0000 0.0000 0.0000	</row2>
					<row3>	-0.6405 0.6136 -4.6449 1.0000	</row3>
				</transform>
			</node>
			<node>
				<identifier>	HP_Ship_death_3	</identifier>
				<transform>
					<row0>	1.0000 0.0000 0.0000 0.0000	</row0>
					<row1>	0.0000 1.0000 0.0000 0.0000	</row1>
					<row2>	0.0000 0.0000 1.0000 0.0000	</row2>
					<row3>	0.0000 0.0000 -2.5590 1.0000	</row3>
				</transform>
			</node>
			<node>
				<identifier>	MP_CM001_Propeller3_L	</identifier>
				<transform>
					<row0>	0.8500 0.0000 0.0000 0.0000	</row0>
					<row1>	0.0000 0.8500 0.0000 0.0000	</row1>
					<row2>	0.0000 0.0000 0.8500 0.0000	</row2>
					<row3>	-0.2280 -0.2305 -4.8167 1.0000	</row3>
				</transform>
			</node>
			<node>
				<identifier>	MP_CM005_Anchor_1	</identifier>
				<transform>
					<row0>	0.5444 0.0116 -1.3977 0.0000	</row0>
					<row1>	-0.2881 1.4687 -0.1000 0.0000	</row1>
					<row2>	1.3677 0.3048 0.5353 0.0000	</row2>
					<row3>	-0.2742 0.2806 -5.1647 1.0000	</row3>
				</transform>
			</node>
			<node>
				<identifier>	MP_CM005_Anchor_1_INDEX_1	</identifier>
				<transform>
					<row0>	0.5814 -0.0405 1.3822 0.0000	</row0>
					<row1>	0.2925 1.4690 -0.0800 0.0000	</row1>
					<row2>	-1.3515 0.3005 0.5773 0.0000	</row2>
					<row3>	0.2772 0.2804 -5.1645 1.0000	</row3>
				</transform>
			</node>
			<node>
				<identifier>	MP_CM008_Life_Buoy_1	</identifier>
				<transform>
					<row0>	0.7692 -0.0001 -0.6390 0.0000	</row0>
					<row1>	0.0085 0.9999 0.0100 0.0000	</row1>
					<row2>	0.6390 -0.0131 0.7691 0.0000	</row2>
					<row3>	-0.3750 0.3448 -4.9870 1.0000	</row3>
				</transform>
			</node>
			<node>
				<identifier>	MP_CM008_Life_Buoy_1_INDEX_1	</identifier>
				<transform>
					<row0>	0.7508 -0.0002 0.6605 0.0000	</row0>
					<row1>	-0.0085 0.9999 0.0100 0.0000	</row1>
					<row2>	-0.6605 -0.0131 0.7507 0.0000	</row2>
					<row3>	0.3720 0.3448 -4.9902 1.0000	</row3>
				</transform>
			</node>
			<node>
				<identifier>	MP_CM010_Fire_Hose_Reel	</identifier>
				<transform>
					<row0>	0.0000 0.0000 1.0000 0.0000	</row0>
					<row1>	0.0000 1.0000 0.0000 0.0000	</row1>
					<row2>	-1.0000 0.0000 0.0000 0.0000	</row2>
					<row3>	0.2211 0.5183 -4.8156 1.0000	</row3>
				</transform>
			</node>
			<node>
				<identifier>	MP_CM010_Fire_Hose_Reel_INDEX_1	</identifier>
				<transform>
					<row0>	0.0000 0.0000 1.0000 0.0000	</row0>
					<row1>	0.0000 1.0000 0.0000 0.0000	</row1>
					<row2>	-1.0000 0.0000 0.0000 0.0000	</row2>
					<row3>	-0.2211 0.5183 -4.8156 1.0000	</row3>
				</transform>
			</node>
			<node>
				<identifier>	MP_CM011_Fire_Fighting_Gear	</identifier>
				<transform>
					<row0>	1.0000 0.0000 0.0000 0.0000	</row0>
					<row1>	0.0000 1.0000 0.0000 0.0000	</row1>
					<row2>	0.0000 0.0000 1.0000 0.0000	</row2>
					<row3>	-0.2828 0.2975 -4.8432 1.0000	</row3>
				</transform>
			</node>
			<node>
				<identifier>	MP_CM012_Fire_Hose_Rack_1	</identifier>
				<transform>
					<row0>	0.0000 0.0000 1.0000 0.0000	</row0>
					<row1>	0.0000 1.0000 0.0000 0.0000	</row1>
					<row2>	-1.0000 0.0000 0.0000 0.0000	</row2>
					<row3>	-0.2968 0.3991 -4.8160 1.0000	</row3>
				</transform>
			</node>
			<node>
				<identifier>	MP_CM015_Bundle_1	</identifier>
				<transform>
					<row0>	1.5000 0.0000 0.0000 0.0000	</row0>
					<row1>	0.0000 1.5000 0.0000 0.0000	</row1>
					<row2>	0.0000 0.0000 1.5000 0.0000	</row2>
					<row3>	0.1465 0.2975 -4.9688 1.0000	</row3>
				</transform>
			</node>
			<node>
				<identifier>	MP_CM029_Emergency_Box	</identifier>
				<transform>
					<row0>	1.0000 0.0000 0.0000 0.0000	</row0>
					<row1>	0.0000 1.0000 0.0000 0.0000	</row1>
					<row2>	0.0000 0.0000 1.0000 0.0000	</row2>
					<row3>	0.2958 0.3961 -4.8222 1.0000	</row3>
				</transform>
			</node>
			<node>
				<identifier>	MP_CM030_Swab_Rack_2	</identifier>
				<transform>
					<row0>	-1.0000 0.0000 0.0000 0.0000	</row0>
					<row1>	0.0000 1.0000 0.0000 0.0000	</row1>
					<row2>	0.0000 0.0000 -1.0000 0.0000	</row2>
					<row3>	0.2855 0.2976 -4.8164 1.0000	</row3>
				</transform>
			</node>
			<node>
				<identifier>	MP_CM032_Propeller3_R	</identifier>
				<transform>
					<row0>	0.8500 0.0000 0.0000 0.0000	</row0>
					<row1>	0.0000 0.8500 0.0000 0.0000	</row1>
					<row2>	0.0000 0.0000 0.8500 0.0000	</row2>
					<row3>	0.2281 -0.2305 -4.8167 1.0000	</row3>
				</transform>
			</node>
			<node>
				<identifier>	MP_JM013_Reels_1	</identifier>
				<transform>
					<row0>	0.0000 0.0000 -1.0000 0.0000	</row0>
					<row1>	0.0000 1.0000 0.0000 0.0000	</row1>
					<row2>	1.0000 0.0000 0.0000 0.0000	</row2>
					<row3>	-0.1810 0.2964 -4.8676 1.0000	</row3>
				</transform>
			</node>
			<node>
				<identifier>	MP_JM013_Reels_1_INDEX_1	</identifier>
				<transform>
					<row0>	0.0000 0.0000 -1.0000 0.0000	</row0>
					<row1>	0.0000 1.0000 0.0000 0.0000	</row1>
					<row2>	1.0000 0.0000 0.0000 0.0000	</row2>
					<row3>	0.1809 0.2964 -4.8676 1.0000	</row3>
				</transform>
			</node>
			<node>
				<identifier>	MP_JM014_Reels_2	</identifier>
				<transform>
					<row0>	1.0000 0.0000 0.0000 0.0000	</row0>
					<row1>	0.0000 0.0000 -1.0000 0.0000	</row1>
					<row2>	0.0000 1.0000 0.0000 0.0000	</row2>
					<row3>	0.2274 0.4608 -4.8154 1.0000	</row3>
				</transform>
			</node>
			<node>
				<identifier>	MP_JM014_Reels_2_INDEX_1	</identifier>
				<transform>
					<row0>	1.0000 0.0000 0.0000 0.0000	</row0>
					<row1>	0.0000 0.0000 -1.0000 0.0000	</row1>
					<row2>	0.0000 1.0000 0.0000 0.0000	</row2>
					<row3>	-0.2274 0.4608 -4.8154 1.0000	</row3>
				</transform>
			</node>
			<node>
				<identifier>	MP_JM025_Fairled	</identifier>
				<transform>
					<row0>	0.4085 0.0000 -0.6290 0.0000	</row0>
					<row1>	0.0000 0.7500 0.0000 0.0000	</row1>
					<row2>	0.6290 0.0000 0.4085 0.0000	</row2>
					<row3>	-0.1877 0.2961 -5.2301 1.0000	</row3>
				</transform>
			</node>
			<node>
				<identifier>	MP_JM025_Fairled_INDEX_1	</identifier>
				<transform>
					<row0>	0.4631 0.0000 0.5900 0.0000	</row0>
					<row1>	0.0000 0.7500 0.0000 0.0000	</row1>
					<row2>	-0.5900 0.0000 0.4631 0.0000	</row2>
					<row3>	0.1877 0.2961 -5.2302 1.0000	</row3>
				</transform>
			</node>
			<node>
				<identifier>	MP_JM026_Bollards	</identifier>
				<transform>
					<row0>	-0.2651 0.0000 -0.7016 0.0000	</row0>
					<row1>	0.0000 0.7500 0.0000 0.0000	</row1>
					<row2>	0.7016 0.0000 -0.2651 0.0000	</row2>
					<row3>	0.2705 0.2910 -5.0662 1.0000	</row3>
				</transform>
			</node>
			<node>
				<identifier>	MP_JM026_Bollards_INDEX_1	</identifier>
				<transform>
					<row0>	-0.2651 0.0000 0.7016 0.0000	</row0>
					<row1>	0.0000 0.7500 0.0000 0.0000	</row1>
					<row2>	-0.7016 0.0000 -0.2651 0.0000	</row2>
					<row3>	-0.2704 0.2910 -5.0662 1.0000	</row3>
				</transform>
			</node>
			<node>
				<identifier>	MP_JM034_Davit_4	</identifier>
				<transform>
					<row0>	0.9606 0.0000 0.2780 0.0000	</row0>
					<row1>	0.0000 1.0000 0.0000 0.0000	</row1>
					<row2>	-0.2780 0.0000 0.9606 0.0000	</row2>
					<row3>	-0.2310 0.2937 -5.1461 1.0000	</row3>
				</transform>
			</node>
			<node>
				<identifier>	MP_JM034_Davit_4_INDEX_1	</identifier>
				<transform>
					<row0>	-0.9586 0.0000 0.2847 0.0000	</row0>
					<row1>	0.0000 1.0000 0.0000 0.0000	</row1>
					<row2>	-0.2847 0.0000 -0.9586 0.0000	</row2>
					<row3>	0.2310 0.2937 -5.1461 1.0000	</row3>
				</transform>
			</node>
			<node>
				<identifier>	MP_JM037_Cutter_9m	</identifier>
				<transform>
					<row0>	0.9972 0.0000 -0.0750 0.0000	</row0>
					<row1>	0.0000 1.0000 0.0000 0.0000	</row1>
					<row2>	0.0750 0.0000 0.9972 0.0000	</row2>
					<row3>	0.5729 0.5435 -4.1416 1.0000	</row3>
				</transform>
			</node>
			<node>
				<identifier>	MP_JM037_Cutter_9m_INDEX_1	</identifier>
				<transform>
					<row0>	0.9972 0.0000 0.0750 0.0000	</row0>
					<row1>	0.0000 1.0000 0.0000 0.0000	</row1>
					<row2>	-0.0750 0.0000 0.9972 0.0000	</row2>
					<row3>	-0.5729 0.5435 -4.1416 1.0000	</row3>
				</transform>
			</node>
			<node>
				<identifier>	MP_JM044_After_Capstan	</identifier>
				<transform>
					<row0>	1.0000 0.0000 0.0000 0.0000	</row0>
					<row1>	0.0000 1.0000 0.0000 0.0000	</row1>
					<row2>	0.0000 0.0000 1.0000 0.0000	</row2>
					<row3>	0.0000 0.2947 -5.0876 1.0000	</row3>
				</transform>
			</node>
			<node>
				<identifier>	MP_JM059_Deck_Hatch_8	</identifier>
				<transform>
					<row0>	0.0000 0.0000 -1.0000 0.0000	</row0>
					<row1>	0.0000 1.0000 0.0000 0.0000	</row1>
					<row2>	1.0000 0.0000 0.0000 0.0000	</row2>
					<row3>	0.6664 0.6105 -3.5000 1.0000	</row3>
				</transform>
			</node>
			<node>
				<identifier>	MP_JM059_Deck_Hatch_8_INDEX_1	</identifier>
				<transform>
					<row0>	0.0000 0.0000 -1.0000 0.0000	</row0>
					<row1>	0.0000 1.0000 0.0000 0.0000	</row1>
					<row2>	1.0000 0.0000 0.0000 0.0000	</row2>
					<row3>	-0.5669 0.6105 -4.5152 1.0000	</row3>
				</transform>
			</node>
			<node>
				<identifier>	MP_JM059_Deck_Hatch_8_INDEX_2	</identifier>
				<transform>
					<row0>	0.0000 0.0000 -1.0000 0.0000	</row0>
					<row1>	0.0000 1.0000 0.0000 0.0000	</row1>
					<row2>	1.0000 0.0000 0.0000 0.0000	</row2>
					<row3>	-0.6663 0.6105 -3.5134 1.0000	</row3>
				</transform>
			</node>
			<node>
				<identifier>	MP_JM059_Deck_Hatch_8_INDEX_3	</identifier>
				<transform>
					<row0>	0.0000 0.0000 -1.0000 0.0000	</row0>
					<row1>	0.0000 1.0000 0.0000 0.0000	</row1>
					<row2>	1.0000 0.0000 0.0000 0.0000	</row2>
					<row3>	0.5669 0.6105 -4.5152 1.0000	</row3>
				</transform>
			</node>
			<node>
				<identifier>	MP_JM099_Signal_Lamp_1	</identifier>
				<transform>
					<row0>	-0.1194 -0.0516 -0.9915 0.0000	</row0>
					<row1>	-0.0062 0.9987 -0.0512 0.0000	</row1>
					<row2>	0.9928 0.0000 -0.1195 0.0000	</row2>
					<row3>	0.5640 0.7218 -5.3188 1.0000	</row3>
				</transform>
			</node>
			<node>
				<identifier>	MP_JM099_Signal_Lamp_1_INDEX_1	</identifier>
				<transform>
					<row0>	-1.0000 0.0000 0.0000 0.0000	</row0>
					<row1>	0.0000 1.0000 0.0000 0.0000	</row1>
					<row2>	0.0000 0.0000 -1.0000 0.0000	</row2>
					<row3>	0.0000 0.2952 -5.4851 1.0000	</row3>
				</transform>
			</node>
			<node>
				<identifier>	MP_JM099_Signal_Lamp_1_INDEX_10	</identifier>
				<transform>
					<row0>	-0.1181 0.1563 0.9806 0.0000	</row0>
					<row1>	0.0187 0.9877 -0.1552 0.0000	</row1>
					<row2>	-0.9928 0.0000 -0.1195 0.0000	</row2>
					<row3>	-0.4822 0.6187 -5.9987 1.0000	</row3>
				</transform>
			</node>
			<node>
				<identifier>	MP_JM099_Signal_Lamp_1_INDEX_11	</identifier>
				<transform>
					<row0>	-0.1194 -0.0516 -0.9915 0.0000	</row0>
					<row1>	-0.0062 0.9987 -0.0512 0.0000	</row1>
					<row2>	0.9928 0.0000 -0.1195 0.0000	</row2>
					<row3>	0.5850 0.7316 -5.1442 1.0000	</row3>
				</transform>
			</node>
			<node>
				<identifier>	MP_JM099_Signal_Lamp_1_INDEX_12	</identifier>
				<transform>
					<row0>	-0.1194 -0.0516 -0.9915 0.0000	</row0>
					<row1>	-0.0062 0.9987 -0.0512 0.0000	</row1>
					<row2>	0.9928 0.0000 -0.1195 0.0000	</row2>
					<row3>	0.6072 0.7415 -4.9603 1.0000	</row3>
				</transform>
			</node>
			<node>
				<identifier>	MP_JM099_Signal_Lamp_1_INDEX_2	</identifier>
				<transform>
					<row0>	-0.1181 0.1563 0.9806 0.0000	</row0>
					<row1>	0.0187 0.9877 -0.1552 0.0000	</row1>
					<row2>	-0.9928 0.0000 -0.1195 0.0000	</row2>
					<row3>	-0.5094 0.6548 -5.7723 1.0000	</row3>
				</transform>
			</node>
			<node>
				<identifier>	MP_JM099_Signal_Lamp_1_INDEX_3	</identifier>
				<transform>
					<row0>	-0.1181 0.1563 0.9806 0.0000	</row0>
					<row1>	0.0187 0.9877 -0.1552 0.0000	</row1>
					<row2>	-0.9928 0.0000 -0.1195 0.0000	</row2>
					<row3>	-0.5366 0.6908 -5.5462 1.0000	</row3>
				</transform>
			</node>
			<node>
				<identifier>	MP_JM099_Signal_Lamp_1_INDEX_4	</identifier>
				<transform>
					<row0>	-0.1181 -0.1563 -0.9806 0.0000	</row0>
					<row1>	-0.0187 0.9877 -0.1552 0.0000	</row1>
					<row2>	0.9928 0.0000 -0.1195 0.0000	</row2>
					<row3>	0.5366 0.6908 -5.5462 1.0000	</row3>
				</transform>
			</node>
			<node>
				<identifier>	MP_JM099_Signal_Lamp_1_INDEX_5	</identifier>
				<transform>
					<row0>	-0.1181 -0.1563 -0.9806 0.0000	</row0>
					<row1>	-0.0187 0.9877 -0.1552 0.0000	</row1>
					<row2>	0.9928 0.0000 -0.1195 0.0000	</row2>
					<row3>	0.5094 0.6548 -5.7723 1.0000	</row3>
				</transform>
			</node>
			<node>
				<identifier>	MP_JM099_Signal_Lamp_1_INDEX_6	</identifier>
				<transform>
					<row0>	-0.1194 0.0516 0.9915 0.0000	</row0>
					<row1>	0.0062 0.9987 -0.0512 0.0000	</row1>
					<row2>	-0.9928 0.0000 -0.1195 0.0000	</row2>
					<row3>	-0.5640 0.7218 -5.3188 1.0000	</row3>
				</transform>
			</node>
			<node>
				<identifier>	MP_JM099_Signal_Lamp_1_INDEX_7	</identifier>
				<transform>
					<row0>	-0.1194 0.0516 0.9915 0.0000	</row0>
					<row1>	0.0062 0.9987 -0.0512 0.0000	</row1>
					<row2>	-0.9928 0.0000 -0.1195 0.0000	</row2>
					<row3>	-0.6072 0.7415 -4.9603 1.0000	</row3>
				</transform>
			</node>
			<node>
				<identifier>	MP_JM099_Signal_Lamp_1_INDEX_8	</identifier>
				<transform>
					<row0>	-0.1181 -0.1563 -0.9806 0.0000	</row0>
					<row1>	-0.0187 0.9877 -0.1552 0.0000	</row1>
					<row2>	0.9928 0.0000 -0.1195 0.0000	</row2>
					<row3>	0.4822 0.6187 -5.9987 1.0000	</row3>
				</transform>
			</node>
			<node>
				<identifier>	MP_JM099_Signal_Lamp_1_INDEX_9	</identifier>
				<transform>
					<row0>	-0.1194 0.0516 0.9915 0.0000	</row0>
					<row1>	0.0062 0.9987 -0.0512 0.0000	</row1>
					<row2>	-0.9928 0.0000 -0.1195 0.0000	</row2>
					<row3>	-0.5850 0.7316 -5.1442 1.0000	</row3>
				</transform>
			</node>
			<node>
				<identifier>	MP_JM100_Bench	</identifier>
				<transform>
					<row0>	-0.8100 0.0000 0.0000 0.0000	</row0>
					<row1>	0.0000 0.8100 0.0000 0.0000	</row1>
					<row2>	0.0000 0.0000 -0.8100 0.0000	</row2>
					<row3>	-0.7929 0.6681 -2.8750 1.0000	</row3>
				</transform>
			</node>
			<node>
				<identifier>	MP_JM100_Bench_INDEX_1	</identifier>
				<transform>
					<row0>	-0.8100 0.0000 0.0000 0.0000	</row0>
					<row1>	0.0000 0.8100 0.0000 0.0000	</row1>
					<row2>	0.0000 0.0000 -0.8100 0.0000	</row2>
					<row3>	0.7929 0.6681 -2.8750 1.0000	</row3>
				</transform>
			</node>
			<node>
				<identifier>	MP_JM132_Runway_Light_R	</identifier>
				<transform>
					<row0>	1.0000 0.0000 0.0000 0.0000	</row0>
					<row1>	0.0000 1.0000 0.0000 0.0000	</row1>
					<row2>	0.0000 0.0000 1.0000 0.0000	</row2>
					<row3>	1.3867 0.7041 -5.3538 1.0000	</row3>
				</transform>
			</node>
			<node>
				<identifier>	MP_JM132_Runway_Light_R_INDEX_1	</identifier>
				<transform>
					<row0>	1.0000 0.0000 0.0000 0.0000	</row0>
					<row1>	0.0000 1.0000 0.0000 0.0000	</row1>
					<row2>	0.0000 0.0000 1.0000 0.0000	</row2>
					<row3>	-1.0931 0.7037 -5.3538 1.0000	</row3>
				</transform>
			</node>
			<node>
				<identifier>	MP_JM132_Runway_Light_R_INDEX_2	</identifier>
				<transform>
					<row0>	1.0000 0.0000 0.0000 0.0000	</row0>
					<row1>	0.0000 1.0000 0.0000 0.0000	</row1>
					<row2>	0.0000 0.0000 1.0000 0.0000	</row2>
					<row3>	-1.2487 0.7037 -5.3538 1.0000	</row3>
				</transform>
			</node>
			<node>
				<identifier>	MP_JM132_Runway_Light_R_INDEX_3	</identifier>
				<transform>
					<row0>	1.0000 0.0000 0.0000 0.0000	</row0>
					<row1>	0.0000 1.0000 0.0000 0.0000	</row1>
					<row2>	0.0000 0.0000 1.0000 0.0000	</row2>
					<row3>	1.0835 0.7041 -5.3538 1.0000	</row3>
				</transform>
			</node>
			<node>
				<identifier>	MP_JM132_Runway_Light_R_INDEX_4	</identifier>
				<transform>
					<row0>	1.0000 0.0000 0.0000 0.0000	</row0>
					<row1>	0.0000 1.0000 0.0000 0.0000	</row1>
					<row2>	0.0000 0.0000 1.0000 0.0000	</row2>
					<row3>	-1.3980 0.7037 -5.3538 1.0000	</row3>
				</transform>
			</node>
			<node>
				<identifier>	MP_JM132_Runway_Light_R_INDEX_5	</identifier>
				<transform>
					<row0>	1.0000 0.0000 0.0000 0.0000	</row0>
					<row1>	0.0000 1.0000 0.0000 0.0000	</row1>
					<row2>	0.0000 0.0000 1.0000 0.0000	</row2>
					<row3>	1.2341 0.7041 -5.3538 1.0000	</row3>
				</transform>
			</node>
			<node>
				<identifier>	MP_JM135_Runway_Lights_Back	</identifier>
				<transform>
					<row0>	1.0000 0.0000 0.0000 0.0000	</row0>
					<row1>	0.0000 1.0000 0.0000 0.0000	</row1>
					<row2>	0.0000 0.0000 1.0000 0.0000	</row2>
					<row3>	0.0000 0.5903 -6.1238 1.0000	</row3>
				</transform>
			</node>
			<node>
				<identifier>	MP_JM136_Deck_Light	</identifier>
				<transform>
					<row0>	0.9906 0.0000 -0.1367 0.0000	</row0>
					<row1>	0.0000 1.0000 0.0000 0.0000	</row1>
					<row2>	0.1367 0.0000 0.9906 0.0000	</row2>
					<row3>	0.6203 0.7059 -4.8679 1.0000	</row3>
				</transform>
			</node>
			<node>
				<identifier>	MP_JM136_Deck_Light_INDEX_1	</identifier>
				<transform>
					<row0>	0.9976 0.0000 -0.0694 0.0000	</row0>
					<row1>	0.0000 1.0000 0.0000 0.0000	</row1>
					<row2>	0.0694 0.0000 0.9976 0.0000	</row2>
					<row3>	0.6730 0.7108 -4.1478 1.0000	</row3>
				</transform>
			</node>
			<node>
				<identifier>	MP_JM136_Deck_Light_INDEX_2	</identifier>
				<transform>
					<row0>	-1.0000 0.0000 -0.0053 0.0000	</row0>
					<row1>	0.0000 1.0000 0.0000 0.0000	</row1>
					<row2>	0.0053 0.0000 -1.0000 0.0000	</row2>
					<row3>	-0.7355 0.7102 -3.2395 1.0000	</row3>
				</transform>
			</node>
			<node>
				<identifier>	MP_JM136_Deck_Light_INDEX_3	</identifier>
				<transform>
					<row0>	1.0000 0.0000 0.0030 0.0000	</row0>
					<row1>	0.0000 1.0000 0.0000 0.0000	</row1>
					<row2>	-0.0030 0.0000 1.0000 0.0000	</row2>
					<row3>	0.7339 0.7112 -3.2401 1.0000	</row3>
				</transform>
			</node>
			<node>
				<identifier>	MP_JM136_Deck_Light_INDEX_4	</identifier>
				<transform>
					<row0>	-1.0000 0.0000 -0.0016 0.0000	</row0>
					<row1>	0.0000 1.0000 0.0000 0.0000	</row1>
					<row2>	0.0016 0.0000 -1.0000 0.0000	</row2>
					<row3>	-0.7360 0.7103 -2.6626 1.0000	</row3>
				</transform>
			</node>
			<node>
				<identifier>	MP_JM136_Deck_Light_INDEX_5	</identifier>
				<transform>
					<row0>	-0.9979 0.0000 -0.0645 0.0000	</row0>
					<row1>	0.0000 1.0000 0.0000 0.0000	</row1>
					<row2>	0.0645 0.0000 -0.9979 0.0000	</row2>
					<row3>	-0.6775 0.7108 -4.1450 1.0000	</row3>
				</transform>
			</node>
			<node>
				<identifier>	MP_JM136_Deck_Light_INDEX_6	</identifier>
				<transform>
					<row0>	-0.9943 0.0000 -0.1068 0.0000	</row0>
					<row1>	0.0000 1.0000 0.0000 0.0000	</row1>
					<row2>	0.1068 0.0000 -0.9943 0.0000	</row2>
					<row3>	-0.6206 0.7034 -4.8950 1.0000	</row3>
				</transform>
			</node>
		</node>
	</node>
	<boundingBox>
		<min>	-0.0667 -0.0667 -0.0667	</min>
		<max>	0.0667 0.0667 0.0667	</max>
	</boundingBox>
</JSA002_Hosho_1939_Stern_ports.visual>
