<VSC013_Almirante_Grau_1973_Bow_ports.visual>
	<node>
		<identifier>	Scene Root	</identifier>
		<transform>
			<row0>	1.0000 0.0000 0.0000 0.0000	</row0>
			<row1>	0.0000 1.0000 0.0000 0.0000	</row1>
			<row2>	0.0000 0.0000 1.0000 0.0000	</row2>
			<row3>	0.0000 0.0000 0.0000 1.0000	</row3>
		</transform>
		<node>
			<identifier>	Bow_ports	</identifier>
			<transform>
				<row0>	1.0000 0.0000 0.0000 0.0000	</row0>
				<row1>	0.0000 1.0000 0.0000 0.0000	</row1>
				<row2>	0.0000 0.0000 1.0000 0.0000	</row2>
				<row3>	0.0000 0.0000 0.0000 1.0000	</row3>
			</transform>
			<node>
				<identifier>	HP_FX_Fire_1	</identifier>
				<transform>
					<row0>	1.0000 0.0000 0.0000 0.0000	</row0>
					<row1>	0.0000 1.0000 0.0000 0.0000	</row1>
					<row2>	0.0000 0.0000 1.0000 0.0000	</row2>
					<row3>	0.0000 0.3997 5.4526 1.0000	</row3>
				</transform>
			</node>
			<node>
				<identifier>	HP_FX_RepairLight_right_1	</identifier>
				<transform>
					<row0>	0.1376 0.0000 -0.9905 0.0000	</row0>
					<row1>	0.0000 1.0000 0.0000 0.0000	</row1>
					<row2>	0.9905 0.0000 0.1376 0.0000	</row2>
					<row3>	0.3684 0.3809 4.9397 1.0000	</row3>
				</transform>
			</node>
			<node>
				<identifier>	HP_FX_WakeTrace	</identifier>
				<transform>
					<row0>	1.0000 0.0000 0.0000 0.0000	</row0>
					<row1>	0.0000 1.0000 0.0000 0.0000	</row1>
					<row2>	0.0000 0.0000 1.0000 0.0000	</row2>
					<row3>	0.0000 0.0000 6.1077 1.0000	</row3>
				</transform>
			</node>
			<node>
				<identifier>	HP_Ship_death_1	</identifier>
				<transform>
					<row0>	1.0000 0.0000 0.0000 0.0000	</row0>
					<row1>	0.0000 1.0000 0.0000 0.0000	</row1>
					<row2>	0.0000 0.0000 1.0000 0.0000	</row2>
					<row3>	0.0000 0.0000 4.5756 1.0000	</row3>
				</transform>
			</node>
			<node>
				<identifier>	MP_BM862_Signal_Lamp	</identifier>
				<transform>
					<row0>	0.6500 0.0000 0.0000 0.0000	</row0>
					<row1>	0.0000 0.6500 0.0000 0.0000	</row1>
					<row2>	0.0000 0.0000 0.6500 0.0000	</row2>
					<row3>	0.0000 0.8669 6.3385 1.0000	</row3>
				</transform>
			</node>
			<node>
				<identifier>	MP_CM056_Ships_bell	</identifier>
				<transform>
					<row0>	1.0000 0.0000 0.0000 0.0000	</row0>
					<row1>	0.0000 1.0000 0.0000 0.0000	</row1>
					<row2>	0.0000 0.0000 1.0000 0.0000	</row2>
					<row3>	0.0000 0.4881 5.4048 1.0000	</row3>
				</transform>
			</node>
			<node>
				<identifier>	MP_VM768_Hatch	</identifier>
				<transform>
					<row0>	1.0000 0.0000 0.0000 0.0000	</row0>
					<row1>	0.0000 1.0000 0.0000 0.0000	</row1>
					<row2>	0.0000 0.0000 1.0000 0.0000	</row2>
					<row3>	0.0000 0.3767 5.1177 1.0000	</row3>
				</transform>
			</node>
			<node>
				<identifier>	MP_VM768_Hatch_INDEX_1	</identifier>
				<transform>
					<row0>	1.0000 0.0000 0.0000 0.0000	</row0>
					<row1>	0.0000 1.0000 0.0000 0.0000	</row1>
					<row2>	0.0000 0.0000 1.0000 0.0000	</row2>
					<row3>	0.0000 0.3862 5.5132 1.0000	</row3>
				</transform>
			</node>
			<node>
				<identifier>	MP_VM984_Anchor_down	</identifier>
				<transform>
					<row0>	-1.4734 0.4807 0.0218 0.0000	</row0>
					<row1>	0.1889 0.6422 -1.3980 0.0000	</row1>
					<row2>	-0.4426 -1.3263 -0.6690 0.0000	</row2>
					<row3>	0.1549 0.2709 5.8161 1.0000	</row3>
				</transform>
			</node>
			<node>
				<identifier>	MP_VM984_Anchor_down_INDEX_1	</identifier>
				<transform>
					<row0>	-1.4734 -0.4807 -0.0218 0.0000	</row0>
					<row1>	-0.1889 0.6422 -1.3980 0.0000	</row1>
					<row2>	0.4426 -1.3263 -0.6690 0.0000	</row2>
					<row3>	-0.1549 0.2709 5.8161 1.0000	</row3>
				</transform>
			</node>
			<node>
				<identifier>	MP_VM985_Anchor_up	</identifier>
				<transform>
					<row0>	-1.4252 -0.1823 -0.5814 0.0000	</row0>
					<row1>	0.4188 0.7812 -1.2715 0.0000	</row1>
					<row2>	0.4426 -1.3263 -0.6690 0.0000	</row2>
					<row3>	-0.1549 0.2709 5.8161 1.0000	</row3>
				</transform>
			</node>
			<node>
				<identifier>	MP_VM985_Anchor_up_INDEX_1	</identifier>
				<transform>
					<row0>	-1.4252 0.1823 0.5814 0.0000	</row0>
					<row1>	-0.4188 0.7812 -1.2715 0.0000	</row1>
					<row2>	-0.4426 -1.3263 -0.6690 0.0000	</row2>
					<row3>	0.1549 0.2709 5.8161 1.0000	</row3>
				</transform>
			</node>
			<node>
				<identifier>	MP_VM986_Capstan_Gray	</identifier>
				<transform>
					<row0>	1.0000 0.0000 0.0000 0.0000	</row0>
					<row1>	0.0000 0.9993 -0.0372 0.0000	</row1>
					<row2>	0.0000 0.0372 0.9993 0.0000	</row2>
					<row3>	-0.0834 0.3808 4.9019 1.0000	</row3>
				</transform>
			</node>
			<node>
				<identifier>	MP_VM986_Capstan_Gray_INDEX_1	</identifier>
				<transform>
					<row0>	1.0000 0.0000 0.0000 0.0000	</row0>
					<row1>	0.0000 0.9993 -0.0372 0.0000	</row1>
					<row2>	0.0000 0.0372 0.9993 0.0000	</row2>
					<row3>	0.0834 0.3808 4.9019 1.0000	</row3>
				</transform>
			</node>
			<node>
				<identifier>	SP_YMS001_YHBM_M_1	</identifier>
				<transform>
					<row0>	0.9500 0.0000 0.0000 0.0000	</row0>
					<row1>	0.0000 0.9500 0.0000 0.0000	</row1>
					<row2>	0.0000 0.0000 0.9500 0.0000	</row2>
					<row3>	0.0000 0.4197 6.3505 1.0000	</row3>
				</transform>
			</node>
			<node>
				<identifier>	SP_YMS002_YHBL_M_1	</identifier>
				<transform>
					<row0>	0.9968 -0.0034 -0.0800 0.0000	</row0>
					<row1>	-0.0041 0.9957 -0.0931 0.0000	</row1>
					<row2>	0.0799 0.0931 0.9924 0.0000	</row2>
					<row3>	0.0000 0.4701 6.2626 1.0000	</row3>
				</transform>
			</node>
			<node>
				<identifier>	SP_YMS003_YHBR_M_1	</identifier>
				<transform>
					<row0>	0.9968 0.0034 0.0800 0.0000	</row0>
					<row1>	0.0041 0.9957 -0.0931 0.0000	</row1>
					<row2>	-0.0799 0.0931 0.9924 0.0000	</row2>
					<row3>	0.0000 0.4701 6.2626 1.0000	</row3>
				</transform>
			</node>
			<node>
				<identifier>	SP_YMS004_YHXL_L_1	</identifier>
				<transform>
					<row0>	0.5522 0.3557 -0.1404 0.0000	</row0>
					<row1>	-0.3432 0.5698 0.0936 0.0000	</row1>
					<row2>	0.1687 -0.0052 0.6505 0.0000	</row2>
					<row3>	-0.1444 0.2972 5.8315 1.0000	</row3>
				</transform>
			</node>
			<node>
				<identifier>	SP_YMS005_YHXR_L_1	</identifier>
				<transform>
					<row0>	0.5522 -0.3557 0.1404 0.0000	</row0>
					<row1>	0.3432 0.5698 0.0936 0.0000	</row1>
					<row2>	-0.1687 -0.0052 0.6502 0.0000	</row2>
					<row3>	0.1444 0.2972 5.8315 1.0000	</row3>
				</transform>
			</node>
			<node>
				<identifier>	SP_YMS010_YHWM_L_1	</identifier>
				<transform>
					<row0>	0.5150 0.0000 0.0000 0.0000	</row0>
					<row1>	0.0000 0.5150 0.0000 0.0000	</row1>
					<row2>	0.0000 0.0000 0.5150 0.0000	</row2>
					<row3>	0.0000 0.0000 6.1072 1.0000	</row3>
				</transform>
			</node>
			<node>
				<identifier>	SP_YMS011_YHWL_M_1_INDEX_10	</identifier>
				<transform>
					<row0>	0.9599 0.2451 -0.1363 0.0000	</row0>
					<row1>	-0.2424 0.9695 0.0362 0.0000	</row1>
					<row2>	0.1410 -0.0017 0.9900 0.0000	</row2>
					<row3>	-0.2072 0.0000 4.8884 1.0000	</row3>
				</transform>
			</node>
			<node>
				<identifier>	SP_YMS012_YHWR_M_1_INDEX_6	</identifier>
				<transform>
					<row0>	0.9599 -0.2451 0.1363 0.0000	</row0>
					<row1>	0.2424 0.9695 0.0362 0.0000	</row1>
					<row2>	-0.1410 -0.0017 0.9900 0.0000	</row2>
					<row3>	0.2072 0.0000 4.8884 1.0000	</row3>
				</transform>
			</node>
			<node>
				<identifier>	SP_YMS020_YHBU_M_1	</identifier>
				<transform>
					<row0>	1.1501 0.0000 0.0000 0.0000	</row0>
					<row1>	0.0000 1.1501 0.0000 0.0000	</row1>
					<row2>	0.0000 0.0000 1.1501 0.0000	</row2>
					<row3>	0.0000 0.0000 5.9978 1.0000	</row3>
				</transform>
			</node>
			<node>
				<identifier>	SP_YMS071_YHHC_S_1_INDEX_11	</identifier>
				<transform>
					<row0>	0.9689 0.0000 0.0000 0.0000	</row0>
					<row1>	0.0000 0.9689 0.0000 0.0000	</row1>
					<row2>	0.0000 0.0000 0.9689 0.0000	</row2>
					<row3>	0.2045 0.3886 4.8910 1.0000	</row3>
				</transform>
			</node>
			<node>
				<identifier>	SP_YMS071_YHHC_S_1_INDEX_4	</identifier>
				<transform>
					<row0>	0.9689 0.0000 0.0000 0.0000	</row0>
					<row1>	0.0000 0.9689 0.0000 0.0000	</row1>
					<row2>	0.0000 0.0000 0.9689 0.0000	</row2>
					<row3>	-0.2045 0.3886 4.8910 1.0000	</row3>
				</transform>
			</node>
			<node>
				<identifier>	SP_YMS082_YHSC_M_1_INDEX_5	</identifier>
				<transform>
					<row0>	-0.1575 0.0027 -0.9875 0.0000	</row0>
					<row1>	-0.3764 0.9243 0.0626 0.0000	</row1>
					<row2>	0.9130 0.3815 -0.1446 0.0000	</row2>
					<row3>	-0.2284 0.1697 5.0701 1.0000	</row3>
				</transform>
			</node>
			<node>
				<identifier>	SP_YMS082_YHSC_M_1_INDEX_9	</identifier>
				<transform>
					<row0>	-0.1575 -0.0027 0.9875 0.0000	</row0>
					<row1>	0.3764 0.9243 0.0626 0.0000	</row1>
					<row2>	-0.9130 0.3815 -0.1446 0.0000	</row2>
					<row3>	0.2284 0.1697 5.0701 1.0000	</row3>
				</transform>
			</node>
		</node>
	</node>
	<boundingBox>
		<min>	-0.0667 -0.0667 -0.0667	</min>
		<max>	0.0667 0.0667 0.0667	</max>
	</boundingBox>
</VSC013_Almirante_Grau_1973_Bow_ports.visual>
