<ASC016_Worcester_1948_MidBack_ports.visual>
	<node>
		<identifier>	Scene Root	</identifier>
		<transform>
			<row0>	1.0000 0.0000 0.0000 0.0000	</row0>
			<row1>	0.0000 1.0000 0.0000 0.0000	</row1>
			<row2>	0.0000 0.0000 1.0000 0.0000	</row2>
			<row3>	0.0000 0.0000 0.0000 1.0000	</row3>
		</transform>
		<node>
			<identifier>	MidBack_ports	</identifier>
			<transform>
				<row0>	1.0000 0.0000 0.0000 0.0000	</row0>
				<row1>	0.0000 1.0000 0.0000 0.0000	</row1>
				<row2>	0.0000 0.0000 1.0000 0.0000	</row2>
				<row3>	0.0000 0.0000 0.0000 1.0000	</row3>
			</transform>
			<node>
				<identifier>	HP_AD_11	</identifier>
				<transform>
					<row0>	0.0000 0.0000 -1.0000 0.0000	</row0>
					<row1>	0.0000 1.0000 0.0000 0.0000	</row1>
					<row2>	1.0000 0.0000 0.0000 0.0000	</row2>
					<row3>	0.3564 0.6807 -1.0928 1.0000	</row3>
				</transform>
			</node>
			<node>
				<identifier>	HP_AD_12	</identifier>
				<transform>
					<row0>	0.0000 0.0000 1.0000 0.0000	</row0>
					<row1>	0.0000 1.0000 0.0000 0.0000	</row1>
					<row2>	-1.0000 0.0000 0.0000 0.0000	</row2>
					<row3>	-0.3564 0.6808 -1.0945 1.0000	</row3>
				</transform>
			</node>
			<node>
				<identifier>	HP_AD_13	</identifier>
				<transform>
					<row0>	-1.0000 0.0000 0.0000 0.0000	</row0>
					<row1>	0.0000 1.0000 0.0000 0.0000	</row1>
					<row2>	0.0000 0.0000 -1.0000 0.0000	</row2>
					<row3>	0.0000 0.9666 -1.5516 1.0000	</row3>
				</transform>
			</node>
			<node>
				<identifier>	HP_AD_14	</identifier>
				<transform>
					<row0>	-0.2588 0.0000 -0.9659 0.0000	</row0>
					<row1>	0.0000 1.0000 0.0000 0.0000	</row1>
					<row2>	0.9659 0.0000 -0.2588 0.0000	</row2>
					<row3>	0.2981 0.5808 -1.5912 1.0000	</row3>
				</transform>
			</node>
			<node>
				<identifier>	HP_AD_15	</identifier>
				<transform>
					<row0>	0.2588 0.0000 0.9659 0.0000	</row0>
					<row1>	0.0000 1.0000 0.0000 0.0000	</row1>
					<row2>	-0.9659 0.0000 0.2588 0.0000	</row2>
					<row3>	-0.3074 0.5802 -1.5970 1.0000	</row3>
				</transform>
			</node>
			<node>
				<identifier>	HP_AGA_14	</identifier>
				<transform>
					<row0>	0.0000 0.0000 1.0000 0.0000	</row0>
					<row1>	0.0000 1.0000 0.0000 0.0000	</row1>
					<row2>	-1.0000 0.0000 0.0000 0.0000	</row2>
					<row3>	-0.6010 0.3915 -0.5124 1.0000	</row3>
				</transform>
			</node>
			<node>
				<identifier>	HP_AGA_15	</identifier>
				<transform>
					<row0>	0.0000 0.0000 -1.0000 0.0000	</row0>
					<row1>	0.0000 1.0000 0.0000 0.0000	</row1>
					<row2>	1.0000 0.0000 0.0000 0.0000	</row2>
					<row3>	0.6010 0.3915 -0.5124 1.0000	</row3>
				</transform>
			</node>
			<node>
				<identifier>	HP_AGA_16	</identifier>
				<transform>
					<row0>	0.0000 0.0000 1.0000 0.0000	</row0>
					<row1>	0.0000 1.0000 0.0000 0.0000	</row1>
					<row2>	-1.0000 0.0000 0.0000 0.0000	</row2>
					<row3>	-0.5400 0.5581 -0.8331 1.0000	</row3>
				</transform>
			</node>
			<node>
				<identifier>	HP_AGA_17	</identifier>
				<transform>
					<row0>	0.0000 0.0000 -1.0000 0.0000	</row0>
					<row1>	0.0000 1.0000 0.0000 0.0000	</row1>
					<row2>	1.0000 0.0000 0.0000 0.0000	</row2>
					<row3>	0.5400 0.5581 -0.8331 1.0000	</row3>
				</transform>
			</node>
			<node>
				<identifier>	HP_AGA_18	</identifier>
				<transform>
					<row0>	-0.7071 0.0000 0.7071 0.0000	</row0>
					<row1>	0.0000 1.0000 0.0000 0.0000	</row1>
					<row2>	-0.7071 0.0000 -0.7071 0.0000	</row2>
					<row3>	-0.4976 0.3901 -1.3646 1.0000	</row3>
				</transform>
			</node>
			<node>
				<identifier>	HP_AGA_19	</identifier>
				<transform>
					<row0>	-0.7071 0.0000 -0.7071 0.0000	</row0>
					<row1>	0.0000 1.0000 0.0000 0.0000	</row1>
					<row2>	0.7071 0.0000 -0.7071 0.0000	</row2>
					<row3>	0.4976 0.3901 -1.3646 1.0000	</row3>
				</transform>
			</node>
			<node>
				<identifier>	HP_AGA_20	</identifier>
				<transform>
					<row0>	-0.5000 0.0000 0.8660 0.0000	</row0>
					<row1>	0.0000 1.0000 0.0000 0.0000	</row1>
					<row2>	-0.8660 0.0000 -0.5000 0.0000	</row2>
					<row3>	-0.5318 0.3915 -1.9155 1.0000	</row3>
				</transform>
			</node>
			<node>
				<identifier>	HP_AGA_21	</identifier>
				<transform>
					<row0>	-0.5000 0.0000 -0.8660 0.0000	</row0>
					<row1>	0.0000 1.0000 0.0000 0.0000	</row1>
					<row2>	0.8660 0.0000 -0.5000 0.0000	</row2>
					<row3>	0.5318 0.3915 -1.9155 1.0000	</row3>
				</transform>
			</node>
			<node>
				<identifier>	HP_AGA_22	</identifier>
				<transform>
					<row0>	-0.5000 0.0000 0.8660 0.0000	</row0>
					<row1>	0.0000 1.0000 0.0000 0.0000	</row1>
					<row2>	-0.8660 0.0000 -0.5000 0.0000	</row2>
					<row3>	-0.4263 0.3915 -2.1013 1.0000	</row3>
				</transform>
			</node>
			<node>
				<identifier>	HP_AGA_23	</identifier>
				<transform>
					<row0>	-0.5000 0.0000 -0.8660 0.0000	</row0>
					<row1>	0.0000 1.0000 0.0000 0.0000	</row1>
					<row2>	0.8660 0.0000 -0.5000 0.0000	</row2>
					<row3>	0.4263 0.3915 -2.1013 1.0000	</row3>
				</transform>
			</node>
			<node>
				<identifier>	HP_AGM_4	</identifier>
				<transform>
					<row0>	-1.0000 0.0000 0.0000 0.0000	</row0>
					<row1>	0.0000 1.0000 0.0000 0.0000	</row1>
					<row2>	0.0000 0.0000 -1.0000 0.0000	</row2>
					<row3>	0.0000 0.5794 -2.5161 1.0000	</row3>
				</transform>
			</node>
			<node>
				<identifier>	HP_ARS_4	</identifier>
				<transform>
					<row0>	1.0000 0.0000 0.0000 0.0000	</row0>
					<row1>	0.0000 1.0000 0.0000 0.0000	</row1>
					<row2>	0.0000 0.0000 1.0000 0.0000	</row2>
					<row3>	0.0000 1.5633 -0.2945 1.0000	</row3>
				</transform>
			</node>
			<node>
				<identifier>	HP_ARS_5	</identifier>
				<transform>
					<row0>	-1.0000 0.0000 0.0000 0.0000	</row0>
					<row1>	0.0000 1.0000 0.0000 0.0000	</row1>
					<row2>	0.0000 0.0000 -1.0000 0.0000	</row2>
					<row3>	-0.0847 2.2895 -0.6813 1.0000	</row3>
				</transform>
			</node>
			<node>
				<identifier>	HP_ARS_6	</identifier>
				<transform>
					<row0>	1.0000 0.0000 0.0000 0.0000	</row0>
					<row1>	0.0000 1.0000 0.0000 0.0000	</row1>
					<row2>	0.0000 0.0000 1.0000 0.0000	</row2>
					<row3>	0.0870 2.2497 -0.6815 1.0000	</row3>
				</transform>
			</node>
			<node>
				<identifier>	HP_ARS_7	</identifier>
				<transform>
					<row0>	-1.0000 0.0000 0.0000 0.0000	</row0>
					<row1>	0.0000 1.0000 0.0000 0.0000	</row1>
					<row2>	0.0000 0.0000 -1.0000 0.0000	</row2>
					<row3>	0.0000 1.9454 -0.8563 1.0000	</row3>
				</transform>
			</node>
			<node>
				<identifier>	HP_ARS_8	</identifier>
				<transform>
					<row0>	-1.0000 0.0000 0.0000 0.0000	</row0>
					<row1>	0.0000 1.0000 0.0000 0.0000	</row1>
					<row2>	0.0000 0.0000 -1.0000 0.0000	</row2>
					<row3>	0.0000 1.3163 -1.1618 1.0000	</row3>
				</transform>
			</node>
			<node>
				<identifier>	HP_FX_Fire_3	</identifier>
				<transform>
					<row0>	1.0000 0.0000 0.0000 0.0000	</row0>
					<row1>	0.0000 1.0000 0.0000 0.0000	</row1>
					<row2>	0.0000 0.0000 1.0000 0.0000	</row2>
					<row3>	0.0000 0.8396 -1.5624 1.0000	</row3>
				</transform>
			</node>
			<node>
				<identifier>	HP_FX_Fire_3_side_1	</identifier>
				<transform>
					<row0>	1.0000 0.0000 0.0000 0.0000	</row0>
					<row1>	0.0000 1.0000 0.0000 0.0000	</row1>
					<row2>	0.0000 0.0000 1.0000 0.0000	</row2>
					<row3>	-0.3739 0.7193 -1.0926 1.0000	</row3>
				</transform>
			</node>
			<node>
				<identifier>	HP_FX_Fire_3_side_2	</identifier>
				<transform>
					<row0>	1.0000 0.0000 0.0000 0.0000	</row0>
					<row1>	0.0000 1.0000 0.0000 0.0000	</row1>
					<row2>	0.0000 0.0000 1.0000 0.0000	</row2>
					<row3>	0.4414 0.4212 -2.0919 1.0000	</row3>
				</transform>
			</node>
			<node>
				<identifier>	HP_FX_FloodLight_left_2	</identifier>
				<transform>
					<row0>	-1.0000 0.0000 0.0000 0.0000	</row0>
					<row1>	0.0000 1.0000 0.0000 0.0000	</row1>
					<row2>	0.0000 0.0000 -1.0000 0.0000	</row2>
					<row3>	-0.1519 0.5497 -1.9410 1.0000	</row3>
				</transform>
			</node>
			<node>
				<identifier>	HP_FX_FloodLight_right_1	</identifier>
				<transform>
					<row0>	1.0000 0.0000 0.0000 0.0000	</row0>
					<row1>	0.0000 1.0000 0.0000 0.0000	</row1>
					<row2>	0.0000 0.0000 1.0000 0.0000	</row2>
					<row3>	0.0970 0.6667 -1.9750 1.0000	</row3>
				</transform>
			</node>
			<node>
				<identifier>	HP_FX_Flood_steam_2	</identifier>
				<transform>
					<row0>	1.0000 0.0000 0.0000 0.0000	</row0>
					<row1>	0.0000 0.9684 -0.2492 0.0000	</row1>
					<row2>	0.0000 0.2492 0.9684 0.0000	</row2>
					<row3>	0.1089 1.3265 -0.7276 1.0000	</row3>
				</transform>
			</node>
			<node>
				<identifier>	HP_FX_Flood_steam_right	</identifier>
				<transform>
					<row0>	1.0000 0.0000 0.0000 0.0000	</row0>
					<row1>	0.0000 1.0000 0.0000 0.0000	</row1>
					<row2>	0.0000 0.0000 1.0000 0.0000	</row2>
					<row3>	0.1109 0.6457 -2.0460 1.0000	</row3>
				</transform>
			</node>
			<node>
				<identifier>	HP_FX_Flood_water_left_2	</identifier>
				<transform>
					<row0>	-1.0000 0.0000 0.0000 0.0000	</row0>
					<row1>	0.0000 1.0000 0.0000 0.0000	</row1>
					<row2>	0.0000 0.0000 -1.0000 0.0000	</row2>
					<row3>	-0.7099 0.1541 -1.5311 1.0000	</row3>
				</transform>
			</node>
			<node>
				<identifier>	HP_FX_Flood_water_right_2	</identifier>
				<transform>
					<row0>	1.0000 0.0000 0.0000 0.0000	</row0>
					<row1>	0.0000 1.0000 0.0000 0.0000	</row1>
					<row2>	0.0000 0.0000 1.0000 0.0000	</row2>
					<row3>	0.7098 0.1434 -1.4491 1.0000	</row3>
				</transform>
			</node>
			<node>
				<identifier>	HP_FX_Smoke_2	</identifier>
				<transform>
					<row0>	1.0000 0.0000 0.0000 0.0000	</row0>
					<row1>	0.0000 0.9966 -0.0825 0.0000	</row1>
					<row2>	0.0000 0.0825 0.9966 0.0000	</row2>
					<row3>	0.0000 1.4392 -0.5333 1.0000	</row3>
				</transform>
			</node>
			<node>
				<identifier>	HP_Flagpole	</identifier>
				<transform>
					<row0>	0.9287 0.0000 0.3709 0.0000	</row0>
					<row1>	0.0000 1.0000 0.0000 0.0000	</row1>
					<row2>	-0.3709 0.0000 0.9287 0.0000	</row2>
					<row3>	0.0073 2.1503 -0.7004 1.0000	</row3>
				</transform>
			</node>
			<node>
				<identifier>	HP_Ship_death_2	</identifier>
				<transform>
					<row0>	1.0000 0.0000 0.0000 0.0000	</row0>
					<row1>	0.0000 1.0000 0.0000 0.0000	</row1>
					<row2>	0.0000 0.0000 1.0000 0.0000	</row2>
					<row3>	0.0000 0.0000 -0.3503 1.0000	</row3>
				</transform>
			</node>
			<node>
				<identifier>	HP_flag_courtesy	</identifier>
				<transform>
					<row0>	0.9888 -0.1493 -0.0034 0.0000	</row0>
					<row1>	0.1493 0.9878 0.0447 0.0000	</row1>
					<row2>	-0.0034 -0.0447 0.9990 0.0000	</row2>
					<row3>	0.2875 1.9344 -0.8979 1.0000	</row3>
				</transform>
			</node>
			<node>
				<identifier>	HP_flag_house	</identifier>
				<transform>
					<row0>	0.9888 0.1493 0.0034 0.0000	</row0>
					<row1>	-0.1493 0.9878 0.0447 0.0000	</row1>
					<row2>	0.0034 -0.0447 0.9990 0.0000	</row2>
					<row3>	-0.2876 1.9345 -0.8979 1.0000	</row3>
				</transform>
			</node>
			<node>
				<identifier>	HP_flag_nation	</identifier>
				<transform>
					<row0>	0.9901 0.1406 -0.0049 0.0000	</row0>
					<row1>	-0.1406 0.9876 -0.0700 0.0000	</row1>
					<row2>	-0.0049 0.0700 0.9975 0.0000	</row2>
					<row3>	0.0039 1.9401 -1.0182 1.0000	</row3>
				</transform>
			</node>
			<node>
				<identifier>	MP_AM005_Bollard_1	</identifier>
				<transform>
					<row0>	1.4509 0.0000 0.0056 0.0000	</row0>
					<row1>	0.0000 1.4509 0.0000 0.0000	</row1>
					<row2>	-0.0056 0.0000 1.4509 0.0000	</row2>
					<row3>	-0.6161 0.3903 -2.6179 1.0000	</row3>
				</transform>
			</node>
			<node>
				<identifier>	MP_AM005_Bollard_1_INDEX_1	</identifier>
				<transform>
					<row0>	1.4503 0.0000 -0.0416 0.0000	</row0>
					<row1>	0.0000 1.4509 0.0000 0.0000	</row1>
					<row2>	0.0416 0.0000 1.4503 0.0000	</row2>
					<row3>	0.6163 0.3903 -2.6114 1.0000	</row3>
				</transform>
			</node>
			<node>
				<identifier>	MP_AM006_Reels_1	</identifier>
				<transform>
					<row0>	0.0000 1.2000 0.0000 0.0000	</row0>
					<row1>	-1.2000 0.0000 0.0000 0.0000	</row1>
					<row2>	0.0000 0.0000 1.2000 0.0000	</row2>
					<row3>	-0.1294 0.4609 -1.7682 1.0000	</row3>
				</transform>
			</node>
			<node>
				<identifier>	MP_AM010_Speaker_1	</identifier>
				<transform>
					<row0>	-0.6756 0.0000 -0.1831 0.0000	</row0>
					<row1>	0.0000 0.7000 0.0000 0.0000	</row1>
					<row2>	0.1308 0.0000 -0.4826 0.0000	</row2>
					<row3>	-0.4053 0.4236 -2.1819 1.0000	</row3>
				</transform>
			</node>
			<node>
				<identifier>	MP_AM010_Speaker_1_INDEX_1	</identifier>
				<transform>
					<row0>	0.6334 0.0000 0.2979 0.0000	</row0>
					<row1>	0.0000 0.7000 0.0000 0.0000	</row1>
					<row2>	-0.2128 0.0000 0.4524 0.0000	</row2>
					<row3>	-0.5677 0.4290 -1.8389 1.0000	</row3>
				</transform>
			</node>
			<node>
				<identifier>	MP_AM010_Speaker_1_INDEX_2	</identifier>
				<transform>
					<row0>	0.6334 0.0000 -0.2979 0.0000	</row0>
					<row1>	0.0000 0.7000 0.0000 0.0000	</row1>
					<row2>	0.2128 0.0000 0.4524 0.0000	</row2>
					<row3>	0.5677 0.4290 -1.8389 1.0000	</row3>
				</transform>
			</node>
			<node>
				<identifier>	MP_AM010_Speaker_1_INDEX_3	</identifier>
				<transform>
					<row0>	1.0000 0.0000 0.0000 0.0000	</row0>
					<row1>	0.0000 1.0000 0.0000 0.0000	</row1>
					<row2>	0.0000 0.0000 1.0000 0.0000	</row2>
					<row3>	0.2480 0.8322 -1.6418 1.0000	</row3>
				</transform>
			</node>
			<node>
				<identifier>	MP_AM010_Speaker_1_INDEX_4	</identifier>
				<transform>
					<row0>	1.0000 0.0000 0.0000 0.0000	</row0>
					<row1>	0.0000 1.0000 0.0000 0.0000	</row1>
					<row2>	0.0000 0.0000 1.0000 0.0000	</row2>
					<row3>	-0.2475 0.8322 -1.6418 1.0000	</row3>
				</transform>
			</node>
			<node>
				<identifier>	MP_AM010_Speaker_1_INDEX_5	</identifier>
				<transform>
					<row0>	-0.6756 0.0000 0.1831 0.0000	</row0>
					<row1>	0.0000 0.7000 0.0000 0.0000	</row1>
					<row2>	-0.1308 0.0000 -0.4826 0.0000	</row2>
					<row3>	0.4053 0.4236 -2.1819 1.0000	</row3>
				</transform>
			</node>
			<node>
				<identifier>	MP_AM023_Hatch_1	</identifier>
				<transform>
					<row0>	1.0000 0.0000 0.0000 0.0000	</row0>
					<row1>	0.0000 1.0000 0.0000 0.0000	</row1>
					<row2>	0.0000 0.0000 1.0000 0.0000	</row2>
					<row3>	-0.1840 0.3861 -2.3305 1.0000	</row3>
				</transform>
			</node>
			<node>
				<identifier>	MP_AM024_Hatch_2	</identifier>
				<transform>
					<row0>	1.0000 0.0000 0.0000 0.0000	</row0>
					<row1>	0.0000 1.0000 0.0000 0.0000	</row1>
					<row2>	0.0000 0.0000 1.0000 0.0000	</row2>
					<row3>	0.3458 0.3904 -2.2960 1.0000	</row3>
				</transform>
			</node>
			<node>
				<identifier>	MP_AM024_Hatch_2_INDEX_1	</identifier>
				<transform>
					<row0>	1.0000 0.0000 0.0000 0.0000	</row0>
					<row1>	0.0000 1.0000 0.0000 0.0000	</row1>
					<row2>	0.0000 0.0000 1.0000 0.0000	</row2>
					<row3>	-0.1748 0.3894 -0.6592 1.0000	</row3>
				</transform>
			</node>
			<node>
				<identifier>	MP_AM024_Hatch_2_INDEX_2	</identifier>
				<transform>
					<row0>	1.0000 0.0000 0.0000 0.0000	</row0>
					<row1>	0.0000 1.0000 0.0000 0.0000	</row1>
					<row2>	0.0000 0.0000 1.0000 0.0000	</row2>
					<row3>	0.1849 0.3911 -0.4477 1.0000	</row3>
				</transform>
			</node>
			<node>
				<identifier>	MP_AM025_Pelorus_Mk7	</identifier>
				<transform>
					<row0>	-1.0000 0.0000 0.0000 0.0000	</row0>
					<row1>	0.0000 1.0000 0.0000 0.0000	</row1>
					<row2>	0.0000 0.0000 -1.0000 0.0000	</row2>
					<row3>	-0.2016 0.8154 -1.3181 1.0000	</row3>
				</transform>
			</node>
			<node>
				<identifier>	MP_AM025_Pelorus_Mk7_INDEX_1	</identifier>
				<transform>
					<row0>	-1.0000 0.0000 0.0000 0.0000	</row0>
					<row1>	0.0000 1.0000 0.0000 0.0000	</row1>
					<row2>	0.0000 0.0000 -1.0000 0.0000	</row2>
					<row3>	0.2016 0.8154 -1.3181 1.0000	</row3>
				</transform>
			</node>
			<node>
				<identifier>	MP_AM030_Ammunition_Box4	</identifier>
				<transform>
					<row0>	0.0000 0.0000 -1.0000 0.0000	</row0>
					<row1>	0.0000 1.0000 0.0000 0.0000	</row1>
					<row2>	1.0000 0.0000 0.0000 0.0000	</row2>
					<row3>	0.4813 0.3910 -0.5623 1.0000	</row3>
				</transform>
			</node>
			<node>
				<identifier>	MP_AM030_Ammunition_Box4_INDEX_1	</identifier>
				<transform>
					<row0>	0.7071 0.0000 0.7071 0.0000	</row0>
					<row1>	0.0000 1.0000 0.0000 0.0000	</row1>
					<row2>	-0.7071 0.0000 0.7071 0.0000	</row2>
					<row3>	-0.3582 0.3899 -2.1964 1.0000	</row3>
				</transform>
			</node>
			<node>
				<identifier>	MP_AM030_Ammunition_Box4_INDEX_2	</identifier>
				<transform>
					<row0>	1.0000 0.0000 0.0000 0.0000	</row0>
					<row1>	0.0000 1.0000 0.0000 0.0000	</row1>
					<row2>	0.0000 0.0000 1.0000 0.0000	</row2>
					<row3>	0.3329 0.3899 -1.7691 1.0000	</row3>
				</transform>
			</node>
			<node>
				<identifier>	MP_AM030_Ammunition_Box4_INDEX_3	</identifier>
				<transform>
					<row0>	0.9659 0.0000 0.2588 0.0000	</row0>
					<row1>	0.0000 1.0000 0.0000 0.0000	</row1>
					<row2>	-0.2588 0.0000 0.9659 0.0000	</row2>
					<row3>	-0.5781 0.3899 -1.8085 1.0000	</row3>
				</transform>
			</node>
			<node>
				<identifier>	MP_AM030_Ammunition_Box4_INDEX_4	</identifier>
				<transform>
					<row0>	0.0000 0.0000 -1.0000 0.0000	</row0>
					<row1>	0.0000 1.0000 0.0000 0.0000	</row1>
					<row2>	1.0000 0.0000 0.0000 0.0000	</row2>
					<row3>	0.3102 0.3899 -2.1604 1.0000	</row3>
				</transform>
			</node>
			<node>
				<identifier>	MP_AM030_Ammunition_Box4_INDEX_5	</identifier>
				<transform>
					<row0>	0.0000 0.0000 -1.0000 0.0000	</row0>
					<row1>	0.0000 1.0000 0.0000 0.0000	</row1>
					<row2>	1.0000 0.0000 0.0000 0.0000	</row2>
					<row3>	-0.4806 0.3910 -0.5488 1.0000	</row3>
				</transform>
			</node>
			<node>
				<identifier>	MP_AM037_Searchlight_900mm	</identifier>
				<transform>
					<row0>	0.0000 0.0000 -1.0000 0.0000	</row0>
					<row1>	0.0000 1.0000 0.0000 0.0000	</row1>
					<row2>	1.0000 0.0000 0.0000 0.0000	</row2>
					<row3>	0.0000 1.0989 -0.9643 1.0000	</row3>
				</transform>
			</node>
			<node>
				<identifier>	MP_AM049_Signal_Lamp_1	</identifier>
				<transform>
					<row0>	0.6580 0.0000 0.0000 0.0000	</row0>
					<row1>	0.0000 0.6580 0.0000 0.0000	</row1>
					<row2>	0.0000 0.0000 0.6580 0.0000	</row2>
					<row3>	-0.1218 1.9821 -0.8605 1.0000	</row3>
				</transform>
			</node>
			<node>
				<identifier>	MP_AM049_Signal_Lamp_1_INDEX_1	</identifier>
				<transform>
					<row0>	-0.6580 0.0000 0.0000 0.0000	</row0>
					<row1>	0.0000 0.6580 0.0000 0.0000	</row1>
					<row2>	0.0000 0.0000 -0.6580 0.0000	</row2>
					<row3>	0.1218 1.9821 -0.8605 1.0000	</row3>
				</transform>
			</node>
			<node>
				<identifier>	MP_AM058_Boat_4	</identifier>
				<transform>
					<row0>	0.0000 0.9000 0.0000 0.0000	</row0>
					<row1>	0.9000 0.0000 0.0000 0.0000	</row1>
					<row2>	0.0000 0.0000 -0.9000 0.0000	</row2>
					<row3>	0.0940 0.7773 -1.9609 1.0000	</row3>
				</transform>
			</node>
			<node>
				<identifier>	MP_AM058_Boat_4_INDEX_1	</identifier>
				<transform>
					<row0>	0.0000 0.8000 0.0000 0.0000	</row0>
					<row1>	-0.1526 0.0000 0.7853 0.0000	</row1>
					<row2>	0.7853 0.0000 0.1526 0.0000	</row2>
					<row3>	0.4320 0.5744 -0.6103 1.0000	</row3>
				</transform>
			</node>
			<node>
				<identifier>	MP_AM058_Boat_4_INDEX_2	</identifier>
				<transform>
					<row0>	-1.0000 0.0000 0.0000 0.0000	</row0>
					<row1>	0.0000 1.0000 0.0000 0.0000	</row1>
					<row2>	0.0000 0.0000 -1.0000 0.0000	</row2>
					<row3>	-0.0091 0.8713 -1.8934 1.0000	</row3>
				</transform>
			</node>
			<node>
				<identifier>	MP_AM058_Boat_4_INDEX_3	</identifier>
				<transform>
					<row0>	0.0000 1.0000 0.0000 0.0000	</row0>
					<row1>	-1.0000 0.0000 0.0000 0.0000	</row1>
					<row2>	0.0000 0.0000 1.0000 0.0000	</row2>
					<row3>	0.3342 0.4486 -0.7864 1.0000	</row3>
				</transform>
			</node>
			<node>
				<identifier>	MP_AM058_Boat_4_INDEX_4	</identifier>
				<transform>
					<row0>	0.0000 -0.8000 0.0000 0.0000	</row0>
					<row1>	0.1526 0.0000 0.7853 0.0000	</row1>
					<row2>	-0.7853 0.0000 0.1526 0.0000	</row2>
					<row3>	-0.4320 0.5744 -0.6105 1.0000	</row3>
				</transform>
			</node>
			<node>
				<identifier>	MP_AM058_Boat_4_INDEX_5	</identifier>
				<transform>
					<row0>	0.0000 -1.0000 0.0000 0.0000	</row0>
					<row1>	1.0000 0.0000 0.0000 0.0000	</row1>
					<row2>	0.0000 0.0000 1.0000 0.0000	</row2>
					<row3>	-0.3126 0.4486 -0.7824 1.0000	</row3>
				</transform>
			</node>
			<node>
				<identifier>	MP_AM061_Sky_Lookout_1	</identifier>
				<transform>
					<row0>	0.0000 0.0000 -1.0000 0.0000	</row0>
					<row1>	0.0000 1.0000 0.0000 0.0000	</row1>
					<row2>	1.0000 0.0000 0.0000 0.0000	</row2>
					<row3>	0.1983 0.8039 -1.4750 1.0000	</row3>
				</transform>
			</node>
			<node>
				<identifier>	MP_AM061_Sky_Lookout_1_INDEX_1	</identifier>
				<transform>
					<row0>	0.0000 0.0000 1.0000 0.0000	</row0>
					<row1>	0.0000 1.0000 0.0000 0.0000	</row1>
					<row2>	-1.0000 0.0000 0.0000 0.0000	</row2>
					<row3>	-0.1983 0.8039 -1.6397 1.0000	</row3>
				</transform>
			</node>
			<node>
				<identifier>	MP_AM061_Sky_Lookout_1_INDEX_2	</identifier>
				<transform>
					<row0>	0.0000 0.0000 -1.0000 0.0000	</row0>
					<row1>	0.0000 1.0000 0.0000 0.0000	</row1>
					<row2>	1.0000 0.0000 0.0000 0.0000	</row2>
					<row3>	0.1983 0.8039 -1.6397 1.0000	</row3>
				</transform>
			</node>
			<node>
				<identifier>	MP_AM061_Sky_Lookout_1_INDEX_3	</identifier>
				<transform>
					<row0>	0.0000 0.0000 1.0000 0.0000	</row0>
					<row1>	0.0000 1.0000 0.0000 0.0000	</row1>
					<row2>	-1.0000 0.0000 0.0000 0.0000	</row2>
					<row3>	-0.1983 0.8039 -1.4750 1.0000	</row3>
				</transform>
			</node>
			<node>
				<identifier>	MP_AM062_IFF_Antenna	</identifier>
				<transform>
					<row0>	1.0000 0.0000 0.0000 0.0000	</row0>
					<row1>	0.0000 1.0000 0.0000 0.0000	</row1>
					<row2>	0.0000 0.0000 1.0000 0.0000	</row2>
					<row3>	0.2223 1.9457 -0.8977 1.0000	</row3>
				</transform>
			</node>
			<node>
				<identifier>	MP_AM062_IFF_Antenna_INDEX_1	</identifier>
				<transform>
					<row0>	-1.0000 0.0000 0.0000 0.0000	</row0>
					<row1>	0.0000 1.0000 0.0000 0.0000	</row1>
					<row2>	0.0000 0.0000 -1.0000 0.0000	</row2>
					<row3>	-0.2223 1.9457 -0.8971 1.0000	</row3>
				</transform>
			</node>
			<node>
				<identifier>	MP_AM066_Ammunition_Box_7	</identifier>
				<transform>
					<row0>	-0.3536 0.0000 -0.3536 0.0000	</row0>
					<row1>	0.0000 0.5000 0.0000 0.0000	</row1>
					<row2>	0.3536 0.0000 -0.3536 0.0000	</row2>
					<row3>	-0.0717 1.1065 -0.8937 1.0000	</row3>
				</transform>
			</node>
			<node>
				<identifier>	MP_AM066_Ammunition_Box_7_INDEX_1	</identifier>
				<transform>
					<row0>	-0.3536 0.0000 0.3536 0.0000	</row0>
					<row1>	0.0000 0.5000 0.0000 0.0000	</row1>
					<row2>	-0.3536 0.0000 -0.3536 0.0000	</row2>
					<row3>	0.0717 1.1065 -0.8936 1.0000	</row3>
				</transform>
			</node>
			<node>
				<identifier>	MP_AM080_Whips_Antenna	</identifier>
				<transform>
					<row0>	0.9659 0.0000 -0.2588 0.0000	</row0>
					<row1>	0.0000 1.0000 0.0000 0.0000	</row1>
					<row2>	0.2588 0.0000 0.9659 0.0000	</row2>
					<row3>	0.2525 0.7864 -1.2390 1.0000	</row3>
				</transform>
			</node>
			<node>
				<identifier>	MP_AM080_Whips_Antenna_INDEX_1	</identifier>
				<transform>
					<row0>	-0.9659 0.0000 -0.2588 0.0000	</row0>
					<row1>	0.0000 1.0000 0.0000 0.0000	</row1>
					<row2>	0.2588 0.0000 -0.9659 0.0000	</row2>
					<row3>	-0.2533 0.7825 -1.2383 1.0000	</row3>
				</transform>
			</node>
			<node>
				<identifier>	MP_AM085_TBS_Antenna	</identifier>
				<transform>
					<row0>	0.6083 0.0000 -0.6083 0.0000	</row0>
					<row1>	0.0000 0.8603 0.0000 0.0000	</row1>
					<row2>	0.6083 0.0000 0.6083 0.0000	</row2>
					<row3>	0.1640 1.9442 -0.8968 1.0000	</row3>
				</transform>
			</node>
			<node>
				<identifier>	MP_AM086_TBS_Antenna_2	</identifier>
				<transform>
					<row0>	-1.0000 0.0000 0.0000 0.0000	</row0>
					<row1>	0.0000 1.0000 0.0000 0.0000	</row1>
					<row2>	0.0000 0.0000 -1.0000 0.0000	</row2>
					<row3>	0.0000 2.2235 -0.7456 1.0000	</row3>
				</transform>
			</node>
			<node>
				<identifier>	MP_AM086_TBS_Antenna_2_INDEX_1	</identifier>
				<transform>
					<row0>	1.0000 0.0000 0.0000 0.0000	</row0>
					<row1>	0.0000 1.0000 0.0000 0.0000	</row1>
					<row2>	0.0000 0.0000 1.0000 0.0000	</row2>
					<row3>	0.0749 2.1794 -0.6282 1.0000	</row3>
				</transform>
			</node>
			<node>
				<identifier>	MP_AM086_TBS_Antenna_2_INDEX_2	</identifier>
				<transform>
					<row0>	1.0000 0.0000 0.0000 0.0000	</row0>
					<row1>	0.0000 1.0000 0.0000 0.0000	</row1>
					<row2>	0.0000 0.0000 1.0000 0.0000	</row2>
					<row3>	-0.0721 2.2172 -0.6282 1.0000	</row3>
				</transform>
			</node>
			<node>
				<identifier>	MP_AM086_TBS_Antenna_2_INDEX_3	</identifier>
				<transform>
					<row0>	-0.8660 0.0000 -0.5000 0.0000	</row0>
					<row1>	0.0000 1.0000 0.0000 0.0000	</row1>
					<row2>	0.5000 0.0000 -0.8660 0.0000	</row2>
					<row3>	0.1045 2.1794 -0.7397 1.0000	</row3>
				</transform>
			</node>
			<node>
				<identifier>	MP_AM086_TBS_Antenna_2_INDEX_4	</identifier>
				<transform>
					<row0>	-0.8660 0.0000 0.5000 0.0000	</row0>
					<row1>	0.0000 1.0000 0.0000 0.0000	</row1>
					<row2>	-0.5000 0.0000 -0.8660 0.0000	</row2>
					<row3>	-0.1025 2.2176 -0.7397 1.0000	</row3>
				</transform>
			</node>
			<node>
				<identifier>	MP_AM100_Spare_barrel_tube	</identifier>
				<transform>
					<row0>	0.4346 0.4539 0.7779 0.0000	</row0>
					<row1>	-0.2120 0.8910 -0.4014 0.0000	</row1>
					<row2>	-0.8753 0.0095 0.4835 0.0000	</row2>
					<row3>	0.5674 0.4015 -2.0541 1.0000	</row3>
				</transform>
			</node>
			<node>
				<identifier>	MP_AM100_Spare_barrel_tube_INDEX_1	</identifier>
				<transform>
					<row0>	-0.6157 -0.7880 0.0000 0.0000	</row0>
					<row1>	-0.7880 0.6157 0.0000 0.0000	</row1>
					<row2>	0.0000 0.0000 -1.0000 0.0000	</row2>
					<row3>	0.5576 0.3983 -0.6726 1.0000	</row3>
				</transform>
			</node>
			<node>
				<identifier>	MP_AM100_Spare_barrel_tube_INDEX_2	</identifier>
				<transform>
					<row0>	-0.6157 -0.7880 0.0000 0.0000	</row0>
					<row1>	-0.7880 0.6157 0.0000 0.0000	</row1>
					<row2>	0.0000 0.0000 -1.0000 0.0000	</row2>
					<row3>	-0.5608 0.3983 -0.6726 1.0000	</row3>
				</transform>
			</node>
			<node>
				<identifier>	MP_AM100_Spare_barrel_tube_INDEX_3	</identifier>
				<transform>
					<row0>	0.4461 0.4537 -0.7714 0.0000	</row0>
					<row1>	-0.2244 0.8911 0.3944 0.0000	</row1>
					<row2>	0.8664 -0.0029 0.4993 0.0000	</row2>
					<row3>	-0.5166 0.4005 -2.1437 1.0000	</row3>
				</transform>
			</node>
			<node>
				<identifier>	MP_AM101_Cooling_tube	</identifier>
				<transform>
					<row0>	-0.3957 0.6164 0.6808 0.0000	</row0>
					<row1>	-0.3170 -0.7874 0.5287 0.0000	</row1>
					<row2>	0.8619 -0.0066 0.5070 0.0000	</row2>
					<row3>	-0.5850 0.4046 -2.0238 1.0000	</row3>
				</transform>
			</node>
			<node>
				<identifier>	MP_AM101_Cooling_tube_INDEX_1	</identifier>
				<transform>
					<row0>	-0.4226 0.9063 0.0000 0.0000	</row0>
					<row1>	0.9063 0.4226 0.0000 0.0000	</row1>
					<row2>	0.0000 0.0000 -1.0000 0.0000	</row2>
					<row3>	-0.5365 0.3983 -0.6726 1.0000	</row3>
				</transform>
			</node>
			<node>
				<identifier>	MP_AM101_Cooling_tube_INDEX_2	</identifier>
				<transform>
					<row0>	-0.4226 0.9063 0.0000 0.0000	</row0>
					<row1>	0.9063 0.4226 0.0000 0.0000	</row1>
					<row2>	0.0000 0.0000 -1.0000 0.0000	</row2>
					<row3>	0.5303 0.3983 -0.6726 1.0000	</row3>
				</transform>
			</node>
			<node>
				<identifier>	MP_AM101_Cooling_tube_INDEX_3	</identifier>
				<transform>
					<row0>	-0.3723 0.6386 -0.6734 0.0000	</row0>
					<row1>	-0.3154 -0.7695 -0.5554 0.0000	</row1>
					<row2>	-0.8729 0.0056 0.4879 0.0000	</row2>
					<row3>	0.6107 0.4022 -1.9782 1.0000	</row3>
				</transform>
			</node>
			<node>
				<identifier>	MP_AM108_Reels_4	</identifier>
				<transform>
					<row0>	1.1787 0.0000 0.3158 0.0000	</row0>
					<row1>	0.0000 0.9264 0.0000 0.0000	</row1>
					<row2>	-0.2398 0.0000 0.8948 0.0000	</row2>
					<row3>	-0.3477 0.3915 -1.8018 1.0000	</row3>
				</transform>
			</node>
			<node>
				<identifier>	MP_AM114_Freon_Cylinder_acetylene	</identifier>
				<transform>
					<row0>	0.0000 0.0000 1.0000 0.0000	</row0>
					<row1>	0.0000 1.0000 0.0000 0.0000	</row1>
					<row2>	-1.0000 0.0000 0.0000 0.0000	</row2>
					<row3>	-0.2433 0.3903 -0.4929 1.0000	</row3>
				</transform>
			</node>
			<node>
				<identifier>	MP_AM114_Freon_Cylinder_acetylene_INDEX_1	</identifier>
				<transform>
					<row0>	0.0000 0.0000 1.0000 0.0000	</row0>
					<row1>	0.0000 1.0000 0.0000 0.0000	</row1>
					<row2>	-1.0000 0.0000 0.0000 0.0000	</row2>
					<row3>	-0.2433 0.3903 -0.4454 1.0000	</row3>
				</transform>
			</node>
			<node>
				<identifier>	MP_AM114_Freon_Cylinder_acetylene_INDEX_2	</identifier>
				<transform>
					<row0>	0.0000 0.0000 1.0000 0.0000	</row0>
					<row1>	0.0000 1.0000 0.0000 0.0000	</row1>
					<row2>	-1.0000 0.0000 0.0000 0.0000	</row2>
					<row3>	0.1516 0.3925 -1.1579 1.0000	</row3>
				</transform>
			</node>
			<node>
				<identifier>	MP_AM114_Freon_Cylinder_acetylene_INDEX_3	</identifier>
				<transform>
					<row0>	0.0000 0.0000 1.0000 0.0000	</row0>
					<row1>	0.0000 1.0000 0.0000 0.0000	</row1>
					<row2>	-1.0000 0.0000 0.0000 0.0000	</row2>
					<row3>	0.1516 0.3925 -1.2051 1.0000	</row3>
				</transform>
			</node>
			<node>
				<identifier>	MP_AM129_Turtles_box	</identifier>
				<transform>
					<row0>	0.0000 0.0000 1.0000 0.0000	</row0>
					<row1>	0.0000 1.0000 0.0000 0.0000	</row1>
					<row2>	-1.0000 0.0000 0.0000 0.0000	</row2>
					<row3>	0.6927 0.4010 -0.4154 1.0000	</row3>
				</transform>
			</node>
			<node>
				<identifier>	MP_AM129_Turtles_box_INDEX_1	</identifier>
				<transform>
					<row0>	-0.7071 0.0000 -0.7071 0.0000	</row0>
					<row1>	0.0000 1.0000 0.0000 0.0000	</row1>
					<row2>	0.7071 0.0000 -0.7071 0.0000	</row2>
					<row3>	0.5723 0.4260 -1.1572 1.0000	</row3>
				</transform>
			</node>
			<node>
				<identifier>	MP_AM129_Turtles_box_INDEX_10	</identifier>
				<transform>
					<row0>	-0.9797 0.0000 0.2004 0.0000	</row0>
					<row1>	0.0000 1.0000 0.0000 0.0000	</row1>
					<row2>	-0.2004 0.0000 -0.9797 0.0000	</row2>
					<row3>	-0.4871 0.5855 -0.6020 1.0000	</row3>
				</transform>
			</node>
			<node>
				<identifier>	MP_AM129_Turtles_box_INDEX_11	</identifier>
				<transform>
					<row0>	-0.9797 0.0000 -0.2004 0.0000	</row0>
					<row1>	0.0000 1.0000 0.0000 0.0000	</row1>
					<row2>	0.2004 0.0000 -0.9797 0.0000	</row2>
					<row3>	0.4855 0.5855 -0.6023 1.0000	</row3>
				</transform>
			</node>
			<node>
				<identifier>	MP_AM129_Turtles_box_INDEX_12	</identifier>
				<transform>
					<row0>	0.9962 0.0000 -0.0872 0.0000	</row0>
					<row1>	0.0000 1.0000 0.0000 0.0000	</row1>
					<row2>	0.0872 0.0000 0.9962 0.0000	</row2>
					<row3>	0.5359 0.4002 -1.8207 1.0000	</row3>
				</transform>
			</node>
			<node>
				<identifier>	MP_AM129_Turtles_box_INDEX_13	</identifier>
				<transform>
					<row0>	0.0000 0.0000 -1.0000 0.0000	</row0>
					<row1>	0.0000 1.0000 0.0000 0.0000	</row1>
					<row2>	1.0000 0.0000 0.0000 0.0000	</row2>
					<row3>	0.0571 0.8298 -1.2934 1.0000	</row3>
				</transform>
			</node>
			<node>
				<identifier>	MP_AM129_Turtles_box_INDEX_14	</identifier>
				<transform>
					<row0>	0.5736 0.0000 0.8192 0.0000	</row0>
					<row1>	0.0000 1.0000 0.0000 0.0000	</row1>
					<row2>	-0.8192 0.0000 0.5736 0.0000	</row2>
					<row3>	-0.0889 0.8540 -1.4772 1.0000	</row3>
				</transform>
			</node>
			<node>
				<identifier>	MP_AM129_Turtles_box_INDEX_15	</identifier>
				<transform>
					<row0>	-0.7071 0.0000 0.7071 0.0000	</row0>
					<row1>	0.0000 1.0000 0.0000 0.0000	</row1>
					<row2>	-0.7071 0.0000 -0.7071 0.0000	</row2>
					<row3>	-0.5723 0.4260 -1.1572 1.0000	</row3>
				</transform>
			</node>
			<node>
				<identifier>	MP_AM129_Turtles_box_INDEX_2	</identifier>
				<transform>
					<row0>	0.0000 0.0000 -1.0000 0.0000	</row0>
					<row1>	0.0000 1.0000 0.0000 0.0000	</row1>
					<row2>	1.0000 0.0000 0.0000 0.0000	</row2>
					<row3>	-0.6927 0.4010 -0.4154 1.0000	</row3>
				</transform>
			</node>
			<node>
				<identifier>	MP_AM129_Turtles_box_INDEX_3	</identifier>
				<transform>
					<row0>	1.0000 0.0000 0.0000 0.0000	</row0>
					<row1>	0.0000 0.9848 -0.1736 0.0000	</row1>
					<row2>	0.0000 0.1736 0.9848 0.0000	</row2>
					<row3>	-0.0167 0.9193 -1.0280 1.0000	</row3>
				</transform>
			</node>
			<node>
				<identifier>	MP_AM129_Turtles_box_INDEX_4	</identifier>
				<transform>
					<row0>	0.5736 0.0000 -0.8192 0.0000	</row0>
					<row1>	0.0000 1.0000 0.0000 0.0000	</row1>
					<row2>	0.8192 0.0000 0.5736 0.0000	</row2>
					<row3>	0.1033 0.8540 -1.4979 1.0000	</row3>
				</transform>
			</node>
			<node>
				<identifier>	MP_AM129_Turtles_box_INDEX_5	</identifier>
				<transform>
					<row0>	1.0000 0.0000 0.0000 0.0000	</row0>
					<row1>	0.0000 0.9848 -0.1736 0.0000	</row1>
					<row2>	0.0000 0.1736 0.9848 0.0000	</row2>
					<row3>	0.0167 0.9193 -1.0280 1.0000	</row3>
				</transform>
			</node>
			<node>
				<identifier>	MP_AM129_Turtles_box_INDEX_6	</identifier>
				<transform>
					<row0>	0.8192 0.0000 -0.5736 0.0000	</row0>
					<row1>	0.0000 1.0000 0.0000 0.0000	</row1>
					<row2>	0.5736 0.0000 0.8192 0.0000	</row2>
					<row3>	-0.4785 0.4002 -1.8368 1.0000	</row3>
				</transform>
			</node>
			<node>
				<identifier>	MP_AM129_Turtles_box_INDEX_7	</identifier>
				<transform>
					<row0>	0.5736 0.0000 0.8192 0.0000	</row0>
					<row1>	0.0000 1.0000 0.0000 0.0000	</row1>
					<row2>	-0.8192 0.0000 0.5736 0.0000	</row2>
					<row3>	-0.1024 0.8540 -1.4967 1.0000	</row3>
				</transform>
			</node>
			<node>
				<identifier>	MP_AM129_Turtles_box_INDEX_8	</identifier>
				<transform>
					<row0>	0.5736 0.0000 -0.8192 0.0000	</row0>
					<row1>	0.0000 1.0000 0.0000 0.0000	</row1>
					<row2>	0.8192 0.0000 0.5736 0.0000	</row2>
					<row3>	0.0892 0.8540 -1.4776 1.0000	</row3>
				</transform>
			</node>
			<node>
				<identifier>	MP_AM129_Turtles_box_INDEX_9	</identifier>
				<transform>
					<row0>	-0.8192 0.0000 0.5736 0.0000	</row0>
					<row1>	0.0000 1.0000 0.0000 0.0000	</row1>
					<row2>	-0.5736 0.0000 -0.8192 0.0000	</row2>
					<row3>	0.3716 0.3930 -2.1769 1.0000	</row3>
				</transform>
			</node>
			<node>
				<identifier>	MP_AM132_Flag_Box	</identifier>
				<transform>
					<row0>	-1.0000 0.0000 0.0000 0.0000	</row0>
					<row1>	0.0000 1.0000 0.0000 0.0000	</row1>
					<row2>	0.0000 0.0000 -1.0000 0.0000	</row2>
					<row3>	0.0000 0.9492 -0.8570 1.0000	</row3>
				</transform>
			</node>
			<node>
				<identifier>	MP_AM148_Hatch_8	</identifier>
				<transform>
					<row0>	1.0000 0.0000 0.0000 0.0000	</row0>
					<row1>	0.0000 1.0000 0.0000 0.0000	</row1>
					<row2>	0.0000 0.0000 1.0000 0.0000	</row2>
					<row3>	0.3704 0.3958 -2.6276 1.0000	</row3>
				</transform>
			</node>
			<node>
				<identifier>	MP_AM157_Telephone	</identifier>
				<transform>
					<row0>	0.0000 0.0000 1.0000 0.0000	</row0>
					<row1>	0.0000 1.0000 0.0000 0.0000	</row1>
					<row2>	-1.0000 0.0000 0.0000 0.0000	</row2>
					<row3>	-0.2303 0.8712 -1.5489 1.0000	</row3>
				</transform>
			</node>
			<node>
				<identifier>	MP_AM157_Telephone_INDEX_1	</identifier>
				<transform>
					<row0>	0.0000 0.0000 1.0000 0.0000	</row0>
					<row1>	0.0000 1.0000 0.0000 0.0000	</row1>
					<row2>	-1.0000 0.0000 0.0000 0.0000	</row2>
					<row3>	-0.2302 0.8712 -1.3860 1.0000	</row3>
				</transform>
			</node>
			<node>
				<identifier>	MP_AM157_Telephone_INDEX_2	</identifier>
				<transform>
					<row0>	0.0000 0.0000 -1.0000 0.0000	</row0>
					<row1>	0.0000 1.0000 0.0000 0.0000	</row1>
					<row2>	1.0000 0.0000 0.0000 0.0000	</row2>
					<row3>	0.2301 0.8712 -1.5489 1.0000	</row3>
				</transform>
			</node>
			<node>
				<identifier>	MP_AM157_Telephone_INDEX_3	</identifier>
				<transform>
					<row0>	0.0000 0.0000 -1.0000 0.0000	</row0>
					<row1>	0.0000 1.0000 0.0000 0.0000	</row1>
					<row2>	1.0000 0.0000 0.0000 0.0000	</row2>
					<row3>	0.2301 0.8712 -1.3860 1.0000	</row3>
				</transform>
			</node>
			<node>
				<identifier>	MP_AM164_Signal_Lamp_4	</identifier>
				<transform>
					<row0>	0.0000 0.0000 -1.0000 0.0000	</row0>
					<row1>	0.0000 1.0000 0.0000 0.0000	</row1>
					<row2>	1.0000 0.0000 0.0000 0.0000	</row2>
					<row3>	0.2284 0.8882 -1.4243 1.0000	</row3>
				</transform>
			</node>
			<node>
				<identifier>	MP_AM164_Signal_Lamp_4_INDEX_1	</identifier>
				<transform>
					<row0>	0.0000 0.0000 1.0000 0.0000	</row0>
					<row1>	0.0000 1.0000 0.0000 0.0000	</row1>
					<row2>	-1.0000 0.0000 0.0000 0.0000	</row2>
					<row3>	-0.2284 0.8882 -1.4243 1.0000	</row3>
				</transform>
			</node>
			<node>
				<identifier>	MP_AM173_Insulator_1	</identifier>
				<transform>
					<row0>	0.0000 0.0000 -0.7255 0.0000	</row0>
					<row1>	0.7255 0.0000 0.0000 0.0000	</row1>
					<row2>	0.0000 -0.7255 0.0000 0.0000	</row2>
					<row3>	0.1895 0.7653 -0.9662 1.0000	</row3>
				</transform>
			</node>
			<node>
				<identifier>	MP_AM173_Insulator_1_INDEX_1	</identifier>
				<transform>
					<row0>	0.0000 0.0000 0.7255 0.0000	</row0>
					<row1>	-0.7255 0.0000 0.0000 0.0000	</row1>
					<row2>	0.0000 -0.7250 0.0000 0.0000	</row2>
					<row3>	-0.1990 0.7241 -0.8713 1.0000	</row3>
				</transform>
			</node>
			<node>
				<identifier>	MP_AM173_Insulator_1_INDEX_2	</identifier>
				<transform>
					<row0>	0.0000 0.0000 0.7255 0.0000	</row0>
					<row1>	-0.7255 0.0000 0.0000 0.0000	</row1>
					<row2>	0.0000 -0.7250 0.0000 0.0000	</row2>
					<row3>	-0.1894 0.7653 -0.9662 1.0000	</row3>
				</transform>
			</node>
			<node>
				<identifier>	MP_AM173_Insulator_1_INDEX_3	</identifier>
				<transform>
					<row0>	0.4694 0.0040 0.5532 0.0000	</row0>
					<row1>	-0.5532 0.0000 0.4694 0.0000	</row1>
					<row2>	0.0026 -0.7250 0.0031 0.0000	</row2>
					<row3>	-0.2327 0.7403 -0.6446 1.0000	</row3>
				</transform>
			</node>
			<node>
				<identifier>	MP_AM173_Insulator_1_INDEX_4	</identifier>
				<transform>
					<row0>	0.0000 0.0000 -0.7255 0.0000	</row0>
					<row1>	0.7255 0.0000 0.0000 0.0000	</row1>
					<row2>	0.0000 -0.7255 0.0000 0.0000	</row2>
					<row3>	0.1988 0.7242 -0.8713 1.0000	</row3>
				</transform>
			</node>
			<node>
				<identifier>	MP_AM173_Insulator_1_INDEX_5	</identifier>
				<transform>
					<row0>	0.4694 0.0000 -0.5532 0.0000	</row0>
					<row1>	0.5532 0.0000 0.4694 0.0000	</row1>
					<row2>	0.0000 -0.7255 0.0000 0.0000	</row2>
					<row3>	0.2327 0.7403 -0.6446 1.0000	</row3>
				</transform>
			</node>
			<node>
				<identifier>	MP_AM176_Target_Desingnator	</identifier>
				<transform>
					<row0>	-1.0000 0.0000 0.0000 0.0000	</row0>
					<row1>	0.0000 1.0000 0.0000 0.0000	</row1>
					<row2>	0.0000 0.0000 -1.0000 0.0000	</row2>
					<row3>	-0.1368 0.8039 -1.7377 1.0000	</row3>
				</transform>
			</node>
			<node>
				<identifier>	MP_AM176_Target_Desingnator_INDEX_1	</identifier>
				<transform>
					<row0>	-1.0000 0.0000 0.0000 0.0000	</row0>
					<row1>	0.0000 1.0000 0.0000 0.0000	</row1>
					<row2>	0.0000 0.0000 -1.0000 0.0000	</row2>
					<row3>	0.1368 0.8039 -1.7377 1.0000	</row3>
				</transform>
			</node>
			<node>
				<identifier>	MP_AM177_Ammunition_Box_8	</identifier>
				<transform>
					<row0>	0.0000 0.0000 1.0000 0.0000	</row0>
					<row1>	0.0000 1.0000 0.0000 0.0000	</row1>
					<row2>	-1.0000 0.0000 0.0000 0.0000	</row2>
					<row3>	0.1564 0.5625 -0.8167 1.0000	</row3>
				</transform>
			</node>
			<node>
				<identifier>	MP_AM177_Ammunition_Box_8_INDEX_1	</identifier>
				<transform>
					<row0>	0.0000 0.0000 -1.0000 0.0000	</row0>
					<row1>	0.0000 1.0000 0.0000 0.0000	</row1>
					<row2>	1.0000 0.0000 0.0000 0.0000	</row2>
					<row3>	-0.1578 0.3918 -1.5862 1.0000	</row3>
				</transform>
			</node>
			<node>
				<identifier>	MP_AM177_Ammunition_Box_8_INDEX_2	</identifier>
				<transform>
					<row0>	0.0000 0.0000 -1.0000 0.0000	</row0>
					<row1>	0.0000 1.0000 0.0000 0.0000	</row1>
					<row2>	1.0000 0.0000 0.0000 0.0000	</row2>
