<JSB037_Ashitaka_1926_Bow_ports.visual>
	<node>
		<identifier>	Scene Root	</identifier>
		<transform>
			<row0>	1.0000 0.0000 0.0000 0.0000	</row0>
			<row1>	0.0000 1.0000 0.0000 0.0000	</row1>
			<row2>	0.0000 0.0000 1.0000 0.0000	</row2>
			<row3>	0.0000 0.0000 0.0000 1.0000	</row3>
		</transform>
		<node>
			<identifier>	Bow_ports	</identifier>
			<transform>
				<row0>	1.0000 0.0000 0.0000 0.0000	</row0>
				<row1>	0.0000 1.0000 0.0000 0.0000	</row1>
				<row2>	0.0000 0.0000 1.0000 0.0000	</row2>
				<row3>	0.0000 0.0000 0.0000 1.0000	</row3>
			</transform>
			<node>
				<identifier>	HP_FX_Death_1	</identifier>
				<transform>
					<row0>	1.0000 0.0000 0.0000 0.0000	</row0>
					<row1>	0.0000 1.0000 0.0000 0.0000	</row1>
					<row2>	0.0000 0.0000 1.0000 0.0000	</row2>
					<row3>	0.0000 0.0000 6.2619 1.0000	</row3>
				</transform>
			</node>
			<node>
				<identifier>	HP_FX_Fire_1	</identifier>
				<transform>
					<row0>	1.0000 0.0000 0.0000 0.0000	</row0>
					<row1>	0.0000 1.0000 0.0000 0.0000	</row1>
					<row2>	0.0000 0.0000 1.0000 0.0000	</row2>
					<row3>	0.0000 0.5149 7.0982 1.0000	</row3>
				</transform>
			</node>
			<node>
				<identifier>	HP_FX_WakeTrace	</identifier>
				<transform>
					<row0>	1.0000 0.0000 0.0000 0.0000	</row0>
					<row1>	0.0000 1.0000 0.0000 0.0000	</row1>
					<row2>	0.0000 0.0000 1.0000 0.0000	</row2>
					<row3>	0.0000 0.0000 8.2270 1.0000	</row3>
				</transform>
			</node>
			<node>
				<identifier>	HP_Ship_death_1	</identifier>
				<transform>
					<row0>	1.0000 0.0000 0.0000 0.0000	</row0>
					<row1>	0.0000 1.0000 0.0000 0.0000	</row1>
					<row2>	0.0000 0.0000 1.0000 0.0000	</row2>
					<row3>	0.0000 0.0000 6.2619 1.0000	</row3>
				</transform>
			</node>
			<node>
				<identifier>	MP_CM086_Anchor_top	</identifier>
				<transform>
					<row0>	-1.7846 0.7653 -0.1691 0.0000	</row0>
					<row1>	-0.2271 -0.1025 1.9331 0.0000	</row1>
					<row2>	0.7501 1.7896 0.1830 0.0000	</row2>
					<row3>	0.2980 0.4931 7.0493 1.0000	</row3>
				</transform>
			</node>
			<node>
				<identifier>	MP_CM086_Anchor_top_INDEX_1	</identifier>
				<transform>
					<row0>	-1.2036 1.5128 0.2487 0.0000	</row0>
					<row1>	0.5734 0.7375 -1.7106 0.0000	</row1>
					<row2>	-1.4218 -0.9832 -0.9004 0.0000	</row2>
					<row3>	-0.2003 0.4420 7.9983 1.0000	</row3>
				</transform>
			</node>
			<node>
				<identifier>	MP_CM086_Anchor_top_INDEX_2	</identifier>
				<transform>
					<row0>	-1.2036 -1.5128 -0.2487 0.0000	</row0>
					<row1>	-0.5734 0.7375 -1.7106 0.0000	</row1>
					<row2>	1.4218 -0.9832 -0.9004 0.0000	</row2>
					<row3>	0.2003 0.4420 7.9983 1.0000	</row3>
				</transform>
			</node>
			<node>
				<identifier>	MP_CM087_Anchor_down	</identifier>
				<transform>
					<row0>	-1.1814 1.5314 0.2410 0.0000	</row0>
					<row1>	0.0378 0.3313 -1.9204 0.0000	</row1>
					<row2>	-1.5498 -1.1593 -0.2305 0.0000	</row2>
					<row3>	-0.2028 0.4386 8.0053 1.0000	</row3>
				</transform>
			</node>
			<node>
				<identifier>	MP_CM087_Anchor_down_INDEX_1	</identifier>
				<transform>
					<row0>	-1.1814 -1.5314 -0.2410 0.0000	</row0>
					<row1>	-0.0378 0.3313 -1.9204 0.0000	</row1>
					<row2>	1.5498 -1.1593 -0.2305 0.0000	</row2>
					<row3>	0.2028 0.4386 8.0053 1.0000	</row3>
				</transform>
			</node>
			<node>
				<identifier>	MP_CM087_Anchor_down_INDEX_2	</identifier>
				<transform>
					<row0>	-1.7846 0.7653 -0.1691 0.0000	</row0>
					<row1>	-0.2234 -0.0935 1.9340 0.0000	</row1>
					<row2>	0.7513 1.7901 0.1733 0.0000	</row2>
					<row3>	0.2980 0.4931 7.0493 1.0000	</row3>
				</transform>
			</node>
			<node>
				<identifier>	MP_JM018_Ventilators_2	</identifier>
				<transform>
					<row0>	0.9990 0.0000 0.0443 0.0000	</row0>
					<row1>	0.0000 1.0000 0.0000 0.0000	</row1>
					<row2>	-0.0443 0.0000 0.9990 0.0000	</row2>
					<row3>	-0.2981 0.4960 7.0637 1.0000	</row3>
				</transform>
			</node>
			<node>
				<identifier>	MP_JM022_Ventilators_6	</identifier>
				<transform>
					<row0>	0.6560 0.0000 0.0000 0.0000	</row0>
					<row1>	0.0000 0.6560 0.0000 0.0000	</row1>
					<row2>	0.0000 0.0000 0.6560 0.0000	</row2>
					<row3>	0.0172 0.4900 6.8243 1.0000	</row3>
				</transform>
			</node>
			<node>
				<identifier>	MP_JM023_Ventilators_7	</identifier>
				<transform>
					<row0>	1.0000 0.0000 0.0000 0.0000	</row0>
					<row1>	0.0000 1.0000 0.0000 0.0000	</row1>
					<row2>	0.0000 0.0000 1.0000 0.0000	</row2>
					<row3>	0.0447 0.5081 7.4399 1.0000	</row3>
				</transform>
			</node>
			<node>
				<identifier>	MP_JM023_Ventilators_7_INDEX_1	</identifier>
				<transform>
					<row0>	1.0000 0.0000 0.0000 0.0000	</row0>
					<row1>	0.0000 1.0000 0.0000 0.0000	</row1>
					<row2>	0.0000 0.0000 1.0000 0.0000	</row2>
					<row3>	-0.3051 0.4759 6.3929 1.0000	</row3>
				</transform>
			</node>
			<node>
				<identifier>	MP_JM023_Ventilators_7_INDEX_2	</identifier>
				<transform>
					<row0>	1.0000 0.0000 0.0000 0.0000	</row0>
					<row1>	0.0000 1.0000 0.0000 0.0000	</row1>
					<row2>	0.0000 0.0000 1.0000 0.0000	</row2>
					<row3>	-0.0447 0.5081 7.4399 1.0000	</row3>
				</transform>
			</node>
			<node>
				<identifier>	MP_JM026_Bollards	</identifier>
				<transform>
					<row0>	0.1573 -0.0277 -0.9872 0.0000	</row0>
					<row1>	0.0000 0.9996 -0.0280 0.0000	</row1>
					<row2>	0.9876 0.0044 0.1572 0.0000	</row2>
					<row3>	0.3931 0.4916 6.7720 1.0000	</row3>
				</transform>
			</node>
			<node>
				<identifier>	MP_JM026_Bollards_INDEX_1	</identifier>
				<transform>
					<row0>	0.1573 0.0277 0.9872 0.0000	</row0>
					<row1>	0.0000 0.9996 -0.0280 0.0000	</row1>
					<row2>	-0.9876 0.0044 0.1572 0.0000	</row2>
					<row3>	-0.3931 0.4916 6.7720 1.0000	</row3>
				</transform>
			</node>
			<node>
				<identifier>	MP_JM026_Bollards_INDEX_2	</identifier>
				<transform>
					<row0>	0.0000 0.0383 0.9993 0.0000	</row0>
					<row1>	0.0000 0.9993 -0.0383 0.0000	</row1>
					<row2>	-1.0000 0.0000 0.0000 0.0000	</row2>
					<row3>	0.0000 0.5188 7.6265 1.0000	</row3>
				</transform>
			</node>
			<node>
				<identifier>	MP_JM027_Fairlead_2	</identifier>
				<transform>
					<row0>	0.9912 0.0000 0.1323 0.0000	</row0>
					<row1>	0.0000 1.0000 0.0000 0.0000	</row1>
					<row2>	-0.1323 0.0000 0.9912 0.0000	</row2>
					<row3>	0.5264 0.4857 6.1537 1.0000	</row3>
				</transform>
			</node>
			<node>
				<identifier>	MP_JM027_Fairlead_2_INDEX_1	</identifier>
				<transform>
					<row0>	0.9912 0.0000 -0.1323 0.0000	</row0>
					<row1>	0.0000 1.0000 0.0000 0.0000	</row1>
					<row2>	0.1323 0.0000 0.9912 0.0000	</row2>
					<row3>	-0.5264 0.4857 6.1537 1.0000	</row3>
				</transform>
			</node>
			<node>
				<identifier>	MP_JM029_Leadsman_Platform	</identifier>
				<transform>
					<row0>	0.9826 0.0662 0.1737 0.0000	</row0>
					<row1>	-0.0586 0.9971 -0.0483 0.0000	</row1>
					<row2>	-0.1764 0.0373 0.9836 0.0000	</row2>
					<row3>	0.3110 0.5203 7.6161 1.0000	</row3>
				</transform>
			</node>
			<node>
				<identifier>	MP_JM029_Leadsman_Platform_INDEX_1	</identifier>
				<transform>
					<row0>	0.9699 0.0717 0.2327 0.0000	</row0>
					<row1>	-0.0607 0.9967 -0.0543 0.0000	</row1>
					<row2>	-0.2358 0.0385 0.9710 0.0000	</row2>
					<row3>	0.1918 0.5405 8.1416 1.0000	</row3>
				</transform>
			</node>
			<node>
				<identifier>	MP_JM029_Leadsman_Platform_INDEX_2	</identifier>
				<transform>
					<row0>	-0.9699 0.0717 0.2327 0.0000	</row0>
					<row1>	0.0607 0.9967 -0.0543 0.0000	</row1>
					<row2>	-0.2358 -0.0385 -0.9710 0.0000	</row2>
					<row3>	-0.1918 0.5405 8.1416 1.0000	</row3>
				</transform>
			</node>
			<node>
				<identifier>	MP_JM029_Leadsman_Platform_INDEX_3	</identifier>
				<transform>
					<row0>	-0.9826 0.0662 0.1737 0.0000	</row0>
					<row1>	0.0586 0.9971 -0.0483 0.0000	</row1>
					<row2>	-0.1764 -0.0373 -0.9836 0.0000	</row2>
					<row3>	-0.3110 0.5202 7.6161 1.0000	</row3>
				</transform>
			</node>
			<node>
				<identifier>	MP_JM061_Deck_Hatch_10	</identifier>
				<transform>
					<row0>	0.0000 0.0000 1.0000 0.0000	</row0>
					<row1>	0.0000 1.0000 0.0000 0.0000	</row1>
					<row2>	-1.0000 0.0000 0.0000 0.0000	</row2>
					<row3>	0.0000 0.4953 7.0186 1.0000	</row3>
				</transform>
			</node>
			<node>
				<identifier>	MP_JM088_Crane_Small_2	</identifier>
				<transform>
					<row0>	0.1168 0.0000 -0.9932 0.0000	</row0>
					<row1>	0.0000 1.0000 0.0000 0.0000	</row1>
					<row2>	0.9932 0.0000 0.1168 0.0000	</row2>
					<row3>	0.3243 0.5100 7.3600 1.0000	</row3>
				</transform>
			</node>
			<node>
				<identifier>	MP_JM141_Break_Handwheel_1	</identifier>
				<transform>
					<row0>	1.0000 0.0000 0.0000 0.0000	</row0>
					<row1>	0.0000 1.0000 0.0000 0.0000	</row1>
					<row2>	0.0000 0.0000 1.0000 0.0000	</row2>
					<row3>	0.1813 0.4884 6.0612 1.0000	</row3>
				</transform>
			</node>
			<node>
				<identifier>	MP_JM141_Break_Handwheel_1_INDEX_1	</identifier>
				<transform>
					<row0>	1.0000 0.0000 0.0000 0.0000	</row0>
					<row1>	0.0000 1.0000 0.0000 0.0000	</row1>
					<row2>	0.0000 0.0000 1.0000 0.0000	</row2>
					<row3>	-0.1813 0.4884 6.0612 1.0000	</row3>
				</transform>
			</node>
			<node>
				<identifier>	MP_JM284_Anchor_Capstan	</identifier>
				<transform>
					<row0>	1.0000 0.0000 0.0000 0.0000	</row0>
					<row1>	0.0000 1.0000 0.0000 0.0000	</row1>
					<row2>	0.0000 0.0000 1.0000 0.0000	</row2>
					<row3>	0.1715 0.5018 6.1859 1.0000	</row3>
				</transform>
			</node>
			<node>
				<identifier>	MP_JM284_Anchor_Capstan_INDEX_1	</identifier>
				<transform>
					<row0>	1.0000 0.0000 0.0000 0.0000	</row0>
					<row1>	0.0000 1.0000 0.0000 0.0000	</row1>
					<row2>	0.0000 0.0000 1.0000 0.0000	</row2>
					<row3>	-0.1715 0.5018 6.1859 1.0000	</row3>
				</transform>
			</node>
			<node>
				<identifier>	MP_JM286_Anchor_Capstan_big	</identifier>
				<transform>
					<row0>	1.0000 0.0000 0.0000 0.0000	</row0>
					<row1>	0.0000 1.0000 0.0000 0.0000	</row1>
					<row2>	0.0000 0.0000 1.0000 0.0000	</row2>
					<row3>	0.0000 0.4838 6.6324 1.0000	</row3>
				</transform>
			</node>
			<node>
				<identifier>	MP_JM295_Fairled	</identifier>
				<transform>
					<row0>	1.0580 0.0000 0.2765 0.0000	</row0>
					<row1>	0.0000 1.0935 0.0000 0.0000	</row1>
					<row2>	-0.2765 0.0000 1.0580 0.0000	</row2>
					<row3>	0.1119 0.4768 6.3100 1.0000	</row3>
				</transform>
			</node>
			<node>
				<identifier>	MP_JM295_Fairled_INDEX_1	</identifier>
				<transform>
					<row0>	1.0580 0.0000 -0.2765 0.0000	</row0>
					<row1>	0.0000 1.0935 0.0000 0.0000	</row1>
					<row2>	0.2765 0.0000 1.0580 0.0000	</row2>
					<row3>	-0.1119 0.4768 6.3100 1.0000	</row3>
				</transform>
			</node>
			<node>
				<identifier>	MP_JM306_Chrysanthemum_mid	</identifier>
				<transform>
					<row0>	1.0000 0.0000 0.0000 0.0000	</row0>
					<row1>	0.0000 1.0000 0.0000 0.0000	</row1>
					<row2>	0.0000 0.0000 1.0000 0.0000	</row2>
					<row3>	0.0000 0.5482 8.4200 1.0000	</row3>
				</transform>
			</node>
			<node>
				<identifier>	MP_JM307_Chrysanthemum_petal_1	</identifier>
				<transform>
					<row0>	0.6970 0.7076 0.1159 0.0000	</row0>
					<row1>	-0.7065 0.7053 -0.0572 0.0000	</row1>
					<row2>	-0.1222 -0.0420 0.9916 0.0000	</row2>
					<row3>	0.0000 0.5482 8.4179 1.0000	</row3>
				</transform>
			</node>
			<node>
				<identifier>	MP_JM307_Chrysanthemum_petal_1_INDEX_1	</identifier>
				<transform>
					<row0>	1.0000 0.0000 0.0000 0.0000	</row0>
					<row1>	0.0000 1.0000 0.0000 0.0000	</row1>
					<row2>	0.0000 0.0000 1.0000 0.0000	</row2>
					<row3>	0.0000 0.5482 8.4179 1.0000	</row3>
				</transform>
			</node>
			<node>
				<identifier>	MP_JM307_Chrysanthemum_petal_1_INDEX_10	</identifier>
				<transform>
					<row0>	0.3768 0.9240 0.0651 0.0000	</row0>
					<row1>	-0.9194 0.3816 -0.0957 0.0000	</row1>
					<row2>	-0.1133 -0.0238 0.9933 0.0000	</row2>
					<row3>	0.0000 0.5482 8.4179 1.0000	</row3>
				</transform>
			</node>
			<node>
				<identifier>	MP_JM307_Chrysanthemum_petal_1_INDEX_11	</identifier>
				<transform>
					<row0>	-0.3812 -0.9240 0.0300 0.0000	</row0>
					<row1>	0.9183 -0.3822 -0.1026 0.0000	</row1>
					<row2>	0.1063 -0.0116 0.9943 0.0000	</row2>
					<row3>	0.0000 0.5482 8.4179 1.0000	</row3>
				</transform>
			</node>
			<node>
				<identifier>	MP_JM307_Chrysanthemum_petal_1_INDEX_12	</identifier>
				<transform>
					<row0>	0.9199 0.3843 0.0778 0.0000	</row0>
					<row1>	-0.3842 0.9231 -0.0160 0.0000	</row1>
					<row2>	-0.0779 -0.0152 0.9968 0.0000	</row2>
					<row3>	0.0000 0.5482 8.4179 1.0000	</row3>
				</transform>
			</node>
			<node>
				<identifier>	MP_JM307_Chrysanthemum_petal_1_INDEX_13	</identifier>
				<transform>
					<row0>	0.9199 -0.3843 -0.0778 0.0000	</row0>
					<row1>	0.3842 0.9231 -0.0160 0.0000	</row1>
					<row2>	0.0779 -0.0152 0.9968 0.0000	</row2>
					<row3>	0.0000 0.5482 8.4179 1.0000	</row3>
				</transform>
			</node>
			<node>
				<identifier>	MP_JM307_Chrysanthemum_petal_1_INDEX_14	</identifier>
				<transform>
					<row0>	-0.3812 0.9240 -0.0300 0.0000	</row0>
					<row1>	-0.9183 -0.3822 -0.1026 0.0000	</row1>
					<row2>	-0.1063 -0.0116 0.9943 0.0000	</row2>
					<row3>	0.0000 0.5482 8.4179 1.0000	</row3>
				</transform>
			</node>
			<node>
				<identifier>	MP_JM307_Chrysanthemum_petal_1_INDEX_15	</identifier>
				<transform>
					<row0>	-0.9156 -0.3840 0.1194 0.0000	</row0>
					<row1>	0.3821 -0.9233 -0.0388 0.0000	</row1>
					<row2>	0.1251 0.0101 0.9921 0.0000	</row2>
					<row3>	0.0000 0.5482 8.4179 1.0000	</row3>
				</transform>
			</node>
			<node>
				<identifier>	MP_JM307_Chrysanthemum_petal_1_INDEX_2	</identifier>
				<transform>
					<row0>	-0.9156 0.3840 -0.1194 0.0000	</row0>
					<row1>	-0.3821 -0.9233 -0.0388 0.0000	</row1>
					<row2>	-0.1251 0.0101 0.9921 0.0000	</row2>
					<row3>	0.0000 0.5482 8.4179 1.0000	</row3>
				</transform>
			</node>
			<node>
				<identifier>	MP_JM307_Chrysanthemum_petal_1_INDEX_3	</identifier>
				<transform>
					<row0>	-0.7028 0.7061 -0.0871 0.0000	</row0>
					<row1>	-0.7016 -0.7081 -0.0797 0.0000	</row1>
					<row2>	-0.1179 0.0051 0.9930 0.0000	</row2>
					<row3>	0.0000 0.5482 8.4179 1.0000	</row3>
				</transform>
			</node>
			<node>
				<identifier>	MP_JM307_Chrysanthemum_petal_1_INDEX_4	</identifier>
				<transform>
					<row0>	-0.7028 -0.7061 0.0871 0.0000	</row0>
					<row1>	0.7016 -0.7081 -0.0797 0.0000	</row1>
					<row2>	0.1179 0.0051 0.9930 0.0000	</row2>
					<row3>	0.0000 0.5482 8.4179 1.0000	</row3>
				</transform>
			</node>
			<node>
				<identifier>	MP_JM307_Chrysanthemum_petal_1_INDEX_5	</identifier>
				<transform>
					<row0>	0.3768 -0.9240 -0.0651 0.0000	</row0>
					<row1>	0.9194 0.3816 -0.0957 0.0000	</row1>
					<row2>	0.1133 -0.0238 0.9933 0.0000	</row2>
					<row3>	0.0000 0.5482 8.4179 1.0000	</row3>
				</transform>
			</node>
			<node>
				<identifier>	MP_JM307_Chrysanthemum_petal_1_INDEX_6	</identifier>
				<transform>
					<row0>	0.0000 1.0000 0.0000 0.0000	</row0>
					<row1>	-0.9940 0.0000 -0.1091 0.0000	</row1>
					<row2>	-0.1091 0.0000 0.9940 0.0000	</row2>
					<row3>	0.0000 0.5482 8.4179 1.0000	</row3>
				</transform>
			</node>
			<node>
				<identifier>	MP_JM307_Chrysanthemum_petal_1_INDEX_7	</identifier>
				<transform>
					<row0>	0.0000 -1.0000 0.0000 0.0000	</row0>
					<row1>	0.9940 0.0000 -0.1091 0.0000	</row1>
					<row2>	0.1091 0.0000 0.9940 0.0000	</row2>
					<row3>	0.0000 0.5482 8.4179 1.0000	</row3>
				</transform>
			</node>
			<node>
				<identifier>	MP_JM307_Chrysanthemum_petal_1_INDEX_8	</identifier>
				<transform>
					<row0>	-1.0000 0.0000 0.0000 0.0000	</row0>
					<row1>	0.0000 -1.0000 0.0000 0.0000	</row1>
					<row2>	0.0000 0.0000 1.0000 0.0000	</row2>
					<row3>	0.0000 0.5482 8.4179 1.0000	</row3>
				</transform>
			</node>
			<node>
				<identifier>	MP_JM307_Chrysanthemum_petal_1_INDEX_9	</identifier>
				<transform>
					<row0>	0.6970 -0.7076 -0.1159 0.0000	</row0>
					<row1>	0.7065 0.7053 -0.0572 0.0000	</row1>
					<row2>	0.1222 -0.0420 0.9916 0.0000	</row2>
					<row3>	0.0000 0.5482 8.4179 1.0000	</row3>
				</transform>
			</node>
		</node>
	</node>
	<boundingBox>
		<min>	-0.0667 -0.0667 -0.0667	</min>
		<max>	0.0667 0.0667 0.0667	</max>
	</boundingBox>
</JSB037_Ashitaka_1926_Bow_ports.visual>
