<ASB074_Delaware_1949_MidFront_ports.visual>
	<node>
		<identifier>	Scene Root	</identifier>
		<transform>
			<row0>	1.0000 0.0000 0.0000 0.0000	</row0>
			<row1>	0.0000 1.0000 0.0000 0.0000	</row1>
			<row2>	0.0000 0.0000 1.0000 0.0000	</row2>
			<row3>	0.0000 0.0000 0.0000 1.0000	</row3>
		</transform>
		<node>
			<identifier>	MidFront_ports	</identifier>
			<transform>
				<row0>	1.0000 0.0000 0.0000 0.0000	</row0>
				<row1>	0.0000 1.0000 0.0000 0.0000	</row1>
				<row2>	0.0000 0.0000 1.0000 0.0000	</row2>
				<row3>	0.0000 0.0000 0.0000 1.0000	</row3>
			</transform>
			<node>
				<identifier>	HP_AGA_10	</identifier>
				<transform>
					<row0>	0.7071 0.0000 -0.7071 0.0000	</row0>
					<row1>	0.0000 1.0000 0.0000 0.0000	</row1>
					<row2>	0.7071 0.0000 0.7071 0.0000	</row2>
					<row3>	0.7584 0.3289 2.7853 1.0000	</row3>
				</transform>
			</node>
			<node>
				<identifier>	HP_AGA_11	</identifier>
				<transform>
					<row0>	0.7071 0.0000 0.7071 0.0000	</row0>
					<row1>	0.0000 1.0000 0.0000 0.0000	</row1>
					<row2>	-0.7071 0.0000 0.7071 0.0000	</row2>
					<row3>	-0.8948 0.3279 2.5418 1.0000	</row3>
				</transform>
			</node>
			<node>
				<identifier>	HP_AGA_12	</identifier>
				<transform>
					<row0>	0.7071 0.0000 -0.7071 0.0000	</row0>
					<row1>	0.0000 1.0000 0.0000 0.0000	</row1>
					<row2>	0.7071 0.0000 0.7071 0.0000	</row2>
					<row3>	0.8948 0.3279 2.5418 1.0000	</row3>
				</transform>
			</node>
			<node>
				<identifier>	HP_AGA_7	</identifier>
				<transform>
					<row0>	0.7071 0.0000 0.7071 0.0000	</row0>
					<row1>	0.0000 1.0000 0.0000 0.0000	</row1>
					<row2>	-0.7071 0.0000 0.7071 0.0000	</row2>
					<row3>	-0.6214 0.3307 3.0285 1.0000	</row3>
				</transform>
			</node>
			<node>
				<identifier>	HP_AGA_8	</identifier>
				<transform>
					<row0>	0.7071 0.0000 -0.7071 0.0000	</row0>
					<row1>	0.0000 1.0000 0.0000 0.0000	</row1>
					<row2>	0.7071 0.0000 0.7071 0.0000	</row2>
					<row3>	0.6214 0.3307 3.0285 1.0000	</row3>
				</transform>
			</node>
			<node>
				<identifier>	HP_AGA_9	</identifier>
				<transform>
					<row0>	0.7071 0.0000 0.7071 0.0000	</row0>
					<row1>	0.0000 1.0000 0.0000 0.0000	</row1>
					<row2>	-0.7071 0.0000 0.7071 0.0000	</row2>
					<row3>	-0.7584 0.3289 2.7853 1.0000	</row3>
				</transform>
			</node>
			<node>
				<identifier>	HP_AGM_1	</identifier>
				<transform>
					<row0>	1.0000 0.0000 0.0000 0.0000	</row0>
					<row1>	0.0000 1.0000 0.0000 0.0000	</row1>
					<row2>	0.0000 0.0000 1.0000 0.0000	</row2>
					<row3>	0.0000 0.3858 4.2078 1.0000	</row3>
				</transform>
			</node>
			<node>
				<identifier>	HP_AGM_2	</identifier>
				<transform>
					<row0>	1.0000 0.0000 0.0000 0.0000	</row0>
					<row1>	0.0000 1.0000 0.0000 0.0000	</row1>
					<row2>	0.0000 0.0000 1.0000 0.0000	</row2>
					<row3>	0.0000 0.5644 2.7436 1.0000	</row3>
				</transform>
			</node>
			<node>
				<identifier>	HP_FX_Death_1	</identifier>
				<transform>
					<row0>	1.0000 0.0000 0.0000 0.0000	</row0>
					<row1>	0.0000 1.0000 0.0000 0.0000	</row1>
					<row2>	0.0000 0.0000 1.0000 0.0000	</row2>
					<row3>	0.0000 0.0000 5.1734 1.0000	</row3>
				</transform>
			</node>
			<node>
				<identifier>	HP_FX_Fire_2_side_1	</identifier>
				<transform>
					<row0>	1.0000 0.0000 0.0000 0.0000	</row0>
					<row1>	0.0000 1.0000 0.0000 0.0000	</row1>
					<row2>	0.0000 0.0000 1.0000 0.0000	</row2>
					<row3>	-0.7145 0.3558 3.5893 1.0000	</row3>
				</transform>
			</node>
			<node>
				<identifier>	HP_FX_RepairLight_right_2	</identifier>
				<transform>
					<row0>	0.1915 0.0000 -0.9815 0.0000	</row0>
					<row1>	0.1783 0.9834 0.0348 0.0000	</row1>
					<row2>	0.9652 -0.1817 0.1883 0.0000	</row2>
					<row3>	0.6993 0.3663 4.6419 1.0000	</row3>
				</transform>
			</node>
			<node>
				<identifier>	HP_Ship_death_2	</identifier>
				<transform>
					<row0>	1.0000 0.0000 0.0000 0.0000	</row0>
					<row1>	0.0000 1.0000 0.0000 0.0000	</row1>
					<row2>	0.0000 0.0000 1.0000 0.0000	</row2>
					<row3>	0.0000 0.0000 2.2380 1.0000	</row3>
				</transform>
			</node>
			<node>
				<identifier>	MP_AM019_Ventilators_1	</identifier>
				<transform>
					<row0>	0.9134 0.0000 0.0000 0.0000	</row0>
					<row1>	0.0000 0.9134 0.0000 0.0000	</row1>
					<row2>	0.0000 0.0000 0.9134 0.0000	</row2>
					<row3>	-0.2589 0.3674 5.0399 1.0000	</row3>
				</transform>
			</node>
			<node>
				<identifier>	MP_AM019_Ventilators_1_INDEX_1	</identifier>
				<transform>
					<row0>	1.0000 0.0000 0.0000 0.0000	</row0>
					<row1>	0.0000 1.0000 0.0000 0.0000	</row1>
					<row2>	0.0000 0.0000 1.0000 0.0000	</row2>
					<row3>	0.3360 0.3674 5.0372 1.0000	</row3>
				</transform>
			</node>
			<node>
				<identifier>	MP_AM021_Ventilators_3	</identifier>
				<transform>
					<row0>	1.1585 0.0000 0.0000 0.0000	</row0>
					<row1>	0.0000 1.1585 0.0000 0.0000	</row1>
					<row2>	0.0000 0.0000 1.1585 0.0000	</row2>
					<row3>	0.5015 0.3297 3.2085 1.0000	</row3>
				</transform>
			</node>
			<node>
				<identifier>	MP_AM101_Cooling_tube	</identifier>
				<transform>
					<row0>	-0.4831 0.2089 -0.8503 0.0000	</row0>
					<row1>	0.1032 0.9779 0.1816 0.0000	</row1>
					<row2>	0.8695 0.0000 -0.4940 0.0000	</row2>
					<row3>	-0.7617 0.3377 2.9506 1.0000	</row3>
				</transform>
			</node>
			<node>
				<identifier>	MP_AM101_Cooling_tube_INDEX_1	</identifier>
				<transform>
					<row0>	0.2521 0.8600 -0.4438 0.0000	</row0>
					<row1>	0.4248 -0.5104 -0.7477 0.0000	</row1>
					<row2>	-0.8695 0.0000 -0.4940 0.0000	</row2>
					<row3>	0.8989 0.3377 2.7090 1.0000	</row3>
				</transform>
			</node>
			<node>
				<identifier>	MP_AM101_Cooling_tube_INDEX_2	</identifier>
				<transform>
					<row0>	0.2542 0.8574 -0.4475 0.0000	</row0>
					<row1>	0.4235 -0.5146 -0.7455 0.0000	</row1>
					<row2>	-0.8695 0.0000 -0.4940 0.0000	</row2>
					<row3>	0.7617 0.3377 2.9506 1.0000	</row3>
				</transform>
			</node>
			<node>
				<identifier>	MP_AM101_Cooling_tube_INDEX_3	</identifier>
				<transform>
					<row0>	-0.4825 0.2146 -0.8492 0.0000	</row0>
					<row1>	0.1060 0.9767 0.1866 0.0000	</row1>
					<row2>	0.8695 0.0000 -0.4940 0.0000	</row2>
					<row3>	-0.8989 0.3377 2.7090 1.0000	</row3>
				</transform>
			</node>
			<node>
				<identifier>	MP_AM108_Reels_4	</identifier>
				<transform>
					<row0>	0.7000 0.0028 -0.0003 0.0000	</row0>
					<row1>	-0.0028 0.6997 -0.0196 0.0000	</row1>
					<row2>	0.0002 0.0196 0.6997 0.0000	</row2>
					<row3>	0.2439 0.3684 5.0438 1.0000	</row3>
				</transform>
			</node>
			<node>
				<identifier>	MP_AM108_Reels_4_INDEX_1	</identifier>
				<transform>
					<row0>	0.7000 0.0028 -0.0003 0.0000	</row0>
					<row1>	-0.0028 0.6997 -0.0196 0.0000	</row1>
					<row2>	0.0002 0.0196 0.6997 0.0000	</row2>
					<row3>	0.1708 0.3697 5.0827 1.0000	</row3>
				</transform>
			</node>
			<node>
				<identifier>	MP_AM108_Reels_4_INDEX_2	</identifier>
				<transform>
					<row0>	0.7000 -0.0012 0.0003 0.0000	</row0>
					<row1>	0.0012 0.6997 -0.0196 0.0000	</row1>
					<row2>	-0.0002 0.0196 0.6997 0.0000	</row2>
					<row3>	-0.1475 0.3694 5.0728 1.0000	</row3>
				</transform>
			</node>
			<node>
				<identifier>	MP_AM108_Reels_4_INDEX_3	</identifier>
				<transform>
					<row0>	0.7000 0.0028 -0.0003 0.0000	</row0>
					<row1>	-0.0028 0.6997 -0.0196 0.0000	</row1>
					<row2>	0.0002 0.0196 0.6997 0.0000	</row2>
					<row3>	-0.3500 0.3669 5.0041 1.0000	</row3>
				</transform>
			</node>
			<node>
				<identifier>	MP_AM219_Bollard	</identifier>
				<transform>
					<row0>	-1.1542 0.0035 0.2026 0.0000	</row0>
					<row1>	-0.0038 1.1711 -0.0422 0.0000	</row1>
					<row2>	-0.2026 -0.0422 -1.1534 0.0000	</row2>
					<row3>	-0.6312 0.3545 4.6861 1.0000	</row3>
				</transform>
			</node>
			<node>
				<identifier>	MP_AM219_Bollard_INDEX_1	</identifier>
				<transform>
					<row0>	-1.1542 -0.0035 -0.2026 0.0000	</row0>
					<row1>	0.0038 1.1711 -0.0422 0.0000	</row1>
					<row2>	0.2026 -0.0422 -1.1534 0.0000	</row2>
					<row3>	0.6312 0.3545 4.6861 1.0000	</row3>
				</transform>
			</node>
			<node>
				<identifier>	MP_AM626_Boat	</identifier>
				<transform>
					<row0>	-1.0000 0.0000 0.0000 0.0000	</row0>
					<row1>	0.0000 1.0000 0.0000 0.0000	</row1>
					<row2>	0.0000 0.0000 -1.0000 0.0000	</row2>
					<row3>	-0.0355 0.4823 3.2769 1.0000	</row3>
				</transform>
			</node>
			<node>
				<identifier>	MP_AM720_Helmets_Rack	</identifier>
				<transform>
					<row0>	1.0000 0.0000 0.0000 0.0000	</row0>
					<row1>	0.0000 1.0000 0.0000 0.0000	</row1>
					<row2>	0.0000 0.0000 1.0000 0.0000	</row2>
					<row3>	-0.5189 0.3642 2.7436 1.0000	</row3>
				</transform>
			</node>
			<node>
				<identifier>	MP_AM720_Helmets_Rack_INDEX_1	</identifier>
				<transform>
					<row0>	0.4877 0.0000 -0.8730 0.0000	</row0>
					<row1>	0.0000 1.0000 0.0000 0.0000	</row1>
					<row2>	0.8730 0.0000 0.4877 0.0000	</row2>
					<row3>	0.5159 0.3643 2.7761 1.0000	</row3>
				</transform>
			</node>
			<node>
				<identifier>	MP_AM723_Ammobox	</identifier>
				<transform>
					<row0>	0.4977 0.0000 -0.8674 0.0000	</row0>
					<row1>	0.0000 1.0000 0.0000 0.0000	</row1>
					<row2>	0.8674 0.0000 0.4977 0.0000	</row2>
					<row3>	0.7496 0.3287 2.6256 1.0000	</row3>
				</transform>
			</node>
			<node>
				<identifier>	MP_AM723_Ammobox_INDEX_1	</identifier>
				<transform>
					<row0>	0.4977 0.0000 -0.8674 0.0000	</row0>
					<row1>	0.0000 1.0000 0.0000 0.0000	</row1>
					<row2>	0.8674 0.0000 0.4977 0.0000	</row2>
					<row3>	0.8714 0.3287 2.6952 1.0000	</row3>
				</transform>
			</node>
			<node>
				<identifier>	MP_AM723_Ammobox_INDEX_2	</identifier>
				<transform>
					<row0>	0.4977 0.0000 0.8674 0.0000	</row0>
					<row1>	0.0000 1.0000 0.0000 0.0000	</row1>
					<row2>	-0.8674 0.0000 0.4977 0.0000	</row2>
					<row3>	-0.7496 0.3287 2.6256 1.0000	</row3>
				</transform>
			</node>
			<node>
				<identifier>	MP_AM723_Ammobox_INDEX_3	</identifier>
				<transform>
					<row0>	0.4977 0.0000 0.8674 0.0000	</row0>
					<row1>	0.0000 1.0000 0.0000 0.0000	</row1>
					<row2>	-0.8674 0.0000 0.4977 0.0000	</row2>
					<row3>	-0.8714 0.3287 2.6952 1.0000	</row3>
				</transform>
			</node>
			<node>
				<identifier>	MP_AM723_Ammobox_INDEX_4	</identifier>
				<transform>
					<row0>	0.4977 0.0000 -0.8674 0.0000	</row0>
					<row1>	0.0000 1.0000 0.0000 0.0000	</row1>
					<row2>	0.8674 0.0000 0.4977 0.0000	</row2>
					<row3>	0.6149 0.3301 2.8673 1.0000	</row3>
				</transform>
			</node>
			<node>
				<identifier>	MP_AM723_Ammobox_INDEX_5	</identifier>
				<transform>
					<row0>	0.4977 0.0000 0.8674 0.0000	</row0>
					<row1>	0.0000 1.0000 0.0000 0.0000	</row1>
					<row2>	-0.8674 0.0000 0.4977 0.0000	</row2>
					<row3>	-0.7351 0.3308 2.9364 1.0000	</row3>
				</transform>
			</node>
			<node>
				<identifier>	MP_AM723_Ammobox_INDEX_6	</identifier>
				<transform>
					<row0>	0.4977 0.0000 -0.8674 0.0000	</row0>
					<row1>	0.0000 1.0000 0.0000 0.0000	</row1>
					<row2>	0.8674 0.0000 0.4977 0.0000	</row2>
					<row3>	0.7351 0.3308 2.9364 1.0000	</row3>
				</transform>
			</node>
			<node>
				<identifier>	MP_AM723_Ammobox_INDEX_7	</identifier>
				<transform>
					<row0>	0.4977 0.0000 0.8674 0.0000	</row0>
					<row1>	0.0000 1.0000 0.0000 0.0000	</row1>
					<row2>	-0.8674 0.0000 0.4977 0.0000	</row2>
					<row3>	-0.6149 0.3301 2.8673 1.0000	</row3>
				</transform>
			</node>
			<node>
				<identifier>	MP_CM011_Fire_Fighting_Gear	</identifier>
				<transform>
					<row0>	0.0000 0.0000 1.0000 0.0000	</row0>
					<row1>	0.0000 1.0000 0.0000 0.0000	</row1>
					<row2>	-1.0000 0.0000 0.0000 0.0000	</row2>
					<row3>	0.5550 0.3322 2.6497 1.0000	</row3>
				</transform>
			</node>
			<node>
				<identifier>	MP_CM011_Fire_Fighting_Gear_INDEX_1	</identifier>
				<transform>
					<row0>	0.0000 0.0000 -1.0000 0.0000	</row0>
					<row1>	0.0000 1.0000 0.0000 0.0000	</row1>
					<row2>	1.0000 0.0000 0.0000 0.0000	</row2>
					<row3>	-0.1503 0.3357 3.3983 1.0000	</row3>
				</transform>
			</node>
			<node>
				<identifier>	MP_CM011_Fire_Fighting_Gear_INDEX_2	</identifier>
				<transform>
					<row0>	0.0000 0.0000 -1.0000 0.0000	</row0>
					<row1>	0.0000 1.0000 0.0000 0.0000	</row1>
					<row2>	1.0000 0.0000 0.0000 0.0000	</row2>
					<row3>	-0.5550 0.3322 2.6497 1.0000	</row3>
				</transform>
			</node>
			<node>
				<identifier>	MP_CM013_Fire_Hose_Rack_2	</identifier>
				<transform>
					<row0>	-0.1050 -0.8471 0.5209 0.0000	</row0>
					<row1>	-0.1734 0.5314 0.8292 0.0000	</row1>
					<row2>	-0.9792 -0.0032 -0.2026 0.0000	</row2>
					<row3>	-0.1361 0.4104 5.1712 1.0000	</row3>
				</transform>
			</node>
			<node>
				<identifier>	MP_CM013_Fire_Hose_Rack_2_INDEX_1	</identifier>
				<transform>
					<row0>	0.1050 -0.8471 0.5209 0.0000	</row0>
					<row1>	0.1734 0.5314 0.8292 0.0000	</row1>
					<row2>	-0.9792 0.0032 0.2026 0.0000	</row2>
					<row3>	0.1369 0.4104 5.1711 1.0000	</row3>
				</transform>
			</node>
			<node>
				<identifier>	MP_CM013_Fire_Hose_Rack_2_INDEX_2	</identifier>
				<transform>
					<row0>	0.0039 -0.8456 0.5339 0.0000	</row0>
					<row1>	-0.0029 0.5339 0.8456 0.0000	</row1>
					<row2>	-1.0000 -0.0049 -0.0004 0.0000	</row2>
					<row3>	0.0000 0.4106 5.1832 1.0000	</row3>
				</transform>
			</node>
			<node>
				<identifier>	MP_CM013_Fire_Hose_Rack_2_INDEX_3	</identifier>
				<transform>
					<row0>	1.0000 0.0000 0.0000 0.0000	</row0>
					<row1>	0.0000 1.0000 0.0000 0.0000	</row1>
					<row2>	0.0000 0.0000 1.0000 0.0000	</row2>
					<row3>	-0.1416 0.4047 3.4042 1.0000	</row3>
				</transform>
			</node>
			<node>
				<identifier>	MP_CM013_Fire_Hose_Rack_2_INDEX_4	</identifier>
				<transform>
					<row0>	-1.0000 0.0000 0.0000 0.0000	</row0>
					<row1>	0.0000 1.0000 0.0000 0.0000	</row1>
					<row2>	0.0000 0.0000 -1.0000 0.0000	</row2>
					<row3>	0.5431 0.4104 2.6223 1.0000	</row3>
				</transform>
			</node>
			<node>
				<identifier>	MP_CM013_Fire_Hose_Rack_2_INDEX_5	</identifier>
				<transform>
					<row0>	1.0000 0.0000 0.0000 0.0000	</row0>
					<row1>	0.0000 1.0000 0.0000 0.0000	</row1>
					<row2>	0.0000 0.0000 1.0000 0.0000	</row2>
					<row3>	-0.5431 0.4104 2.6223 1.0000	</row3>
				</transform>
			</node>
			<node>
				<identifier>	MP_CM013_Fire_Hose_Rack_2_INDEX_6	</identifier>
				<transform>
					<row0>	0.0000 0.0000 -1.0000 0.0000	</row0>
					<row1>	0.0000 1.0000 0.0000 0.0000	</row1>
					<row2>	1.0000 0.0000 0.0000 0.0000	</row2>
					<row3>	-0.0124 0.4048 3.4352 1.0000	</row3>
				</transform>
			</node>
			<node>
				<identifier>	MP_CM029_Emergency_Box	</identifier>
				<transform>
					<row0>	-1.0000 0.0000 0.0000 0.0000	</row0>
					<row1>	0.0000 1.0000 0.0000 0.0000	</row1>
					<row2>	0.0000 0.0000 -1.0000 0.0000	</row2>
					<row3>	0.0763 0.4014 3.4417 1.0000	</row3>
				</transform>
			</node>
			<node>
				<identifier>	MP_CM029_Emergency_Box_INDEX_1	</identifier>
				<transform>
					<row0>	0.0000 0.0000 1.0000 0.0000	</row0>
					<row1>	0.0000 1.0000 0.0000 0.0000	</row1>
					<row2>	-1.0000 0.0000 0.0000 0.0000	</row2>
					<row3>	0.5495 0.4014 2.6981 1.0000	</row3>
				</transform>
			</node>
			<node>
				<identifier>	MP_CM029_Emergency_Box_INDEX_2	</identifier>
				<transform>
					<row0>	0.0000 0.0000 -1.0000 0.0000	</row0>
					<row1>	0.0000 1.0000 0.0000 0.0000	</row1>
					<row2>	1.0000 0.0000 0.0000 0.0000	</row2>
					<row3>	-0.5495 0.4014 2.6863 1.0000	</row3>
				</transform>
			</node>
			<node>
				<identifier>	MP_CM052_Fender	</identifier>
				<transform>
					<row0>	0.4440 0.0000 0.5411 0.0000	</row0>
					<row1>	0.0000 0.7000 0.0000 0.0000	</row1>
					<row2>	-0.5411 0.0000 0.4440 0.0000	</row2>
					<row3>	-0.3263 0.3331 3.0432 1.0000	</row3>
				</transform>
			</node>
			<node>
				<identifier>	MP_CM052_Fender_INDEX_1	</identifier>
				<transform>
					<row0>	0.4440 0.0000 0.5411 0.0000	</row0>
					<row1>	0.0000 0.7000 0.0000 0.0000	</row1>
					<row2>	-0.5411 0.0000 0.4440 0.0000	</row2>
					<row3>	-0.3561 0.3330 3.0069 1.0000	</row3>
				</transform>
			</node>
			<node>
				<identifier>	MP_CM052_Fender_INDEX_2	</identifier>
				<transform>
					<row0>	0.4440 0.0000 -0.5411 0.0000	</row0>
					<row1>	0.0000 0.7000 0.0000 0.0000	</row1>
					<row2>	0.5411 0.0000 0.4440 0.0000	</row2>
					<row3>	0.3263 0.3331 3.0432 1.0000	</row3>
				</transform>
			</node>
			<node>
				<identifier>	MP_CM052_Fender_INDEX_3	</identifier>
				<transform>
					<row0>	0.4440 0.0000 -0.5411 0.0000	</row0>
					<row1>	0.0000 0.7000 0.0000 0.0000	</row1>
					<row2>	0.5411 0.0000 0.4440 0.0000	</row2>
					<row3>	0.3561 0.3330 3.0069 1.0000	</row3>
				</transform>
			</node>
			<node>
				<identifier>	SP_YMS011_YHWL_M_1_INDEX_2	</identifier>
				<transform>
					<row0>	1.4575 0.2448 -0.2815 0.0000	</row0>
					<row1>	-0.2410 1.4845 0.0433 0.0000	</row1>
					<row2>	0.2848 0.0031 1.4773 0.0000	</row2>
					<row3>	-0.6592 -0.0011 4.5290 1.0000	</row3>
				</transform>
			</node>
			<node>
				<identifier>	SP_YMS011_YHWL_M_1_INDEX_3	</identifier>
				<transform>
					<row0>	1.4771 0.2138 -0.1894 0.0000	</row0>
					<row1>	-0.2124 1.4892 0.0247 0.0000	</row1>
					<row2>	0.1910 0.0025 1.4923 0.0000	</row2>
					<row3>	-0.8577 -0.0023 3.2820 1.0000	</row3>
				</transform>
			</node>
			<node>
				<identifier>	SP_YMS012_YHWR_M_1_INDEX_2	</identifier>
				<transform>
					<row0>	1.4587 -0.2448 0.2755 0.0000	</row0>
					<row1>	0.2410 1.4845 0.0433 0.0000	</row1>
					<row2>	-0.2788 0.0021 1.4784 0.0000	</row2>
					<row3>	0.6602 -0.0018 4.5290 1.0000	</row3>
				</transform>
			</node>
			<node>
				<identifier>	SP_YMS012_YHWR_M_1_INDEX_3	</identifier>
				<transform>
					<row0>	1.4780 -0.2131 0.1837 0.0000	</row0>
					<row1>	0.2124 1.4893 0.0194 0.0000	</row1>
					<row2>	-0.1846 0.0069 1.4931 0.0000	</row2>
					<row3>	0.8504 -0.0006 3.2835 1.0000	</row3>
				</transform>
			</node>
			<node>
				<identifier>	SP_YMS022_YHUS_L_1	</identifier>
				<transform>
					<row0>	-0.2691 -0.0049 -1.8842 0.0000	</row0>
					<row1>	-0.4025 1.8595 0.0526 0.0000	</row1>
					<row2>	1.8407 0.4059 -0.2639 0.0000	</row2>
					<row3>	-0.5140 -0.6770 4.3516 1.0000	</row3>
				</transform>
			</node>
			<node>
				<identifier>	SP_YMS022_YHUS_L_1_INDEX_1	</identifier>
				<transform>
					<row0>	-0.2691 0.0049 1.8842 0.0000	</row0>
					<row1>	0.4025 1.8595 0.0526 0.0000	</row1>
					<row2>	-1.8407 0.4059 -0.2639 0.0000	</row2>
					<row3>	0.5140 -0.6770 4.3516 1.0000	</row3>
				</transform>
			</node>
			<node>
				<identifier>	SP_YMS022_YHUS_L_1_INDEX_2	</identifier>
				<transform>
					<row0>	-0.2004 0.0037 -1.8921 0.0000	</row0>
					<row1>	-0.3728 1.8653 0.0431 0.0000	</row1>
					<row2>	1.8550 0.3752 -0.1958 0.0000	</row2>
					<row3>	-0.7739 -0.6768 2.5990 1.0000	</row3>
				</transform>
			</node>
			<node>
				<identifier>	SP_YMS022_YHUS_L_1_INDEX_3	</identifier>
				<transform>
					<row0>	-0.2004 -0.0037 1.8921 0.0000	</row0>
					<row1>	0.3728 1.8653 0.0431 0.0000	</row1>
					<row2>	-1.8550 0.3752 -0.1958 0.0000	</row2>
					<row3>	0.7739 -0.6768 2.5990 1.0000	</row3>
				</transform>
			</node>
			<node>
				<identifier>	SP_YMS053_YHDC_S_1	</identifier>
				<transform>
					<row0>	1.0000 0.0000 0.0000 0.0000	</row0>
					<row1>	0.0000 1.0000 0.0000 0.0000	</row1>
					<row2>	0.0000 0.0000 1.0000 0.0000	</row2>
					<row3>	-0.6463 0.3369 3.7763 1.0000	</row3>
				</transform>
			</node>
			<node>
				<identifier>	SP_YMS053_YHDC_S_1_INDEX_1	</identifier>
				<transform>
					<row0>	1.0000 0.0000 0.0000 0.0000	</row0>
					<row1>	0.0000 1.0000 0.0000 0.0000	</row1>
					<row2>	0.0000 0.0000 1.0000 0.0000	</row2>
					<row3>	0.6463 0.3369 3.7763 1.0000	</row3>
				</transform>
			</node>
			<node>
				<identifier>	SP_YMS083_YHSC_L_1_INDEX_1	</identifier>
				<transform>
					<row0>	-0.1342 0.0140 0.7895 0.0000	</row0>
					<row1>	0.1596 0.7848 0.0132 0.0000	</row1>
					<row2>	-0.7733 0.1596 -0.1343 0.0000	</row2>
					<row3>	0.7666 0.3416 4.2428 1.0000	</row3>
				</transform>
			</node>
			<node>
				<identifier>	SP_YMS083_YHSC_L_1_INDEX_10	</identifier>
				<transform>
					<row0>	-0.1354 -0.0284 -0.7640 0.0000	</row0>
					<row1>	-0.1670 0.7582 0.0014 0.0000	</row1>
					<row2>	0.7461 0.1646 -0.1383 0.0000	</row2>
					<row3>	-0.7350 0.3460 4.4415 1.0000	</row3>
				</transform>
			</node>
			<node>
				<identifier>	SP_YMS083_YHSC_L_1_INDEX_12	</identifier>
				<transform>
					<row0>	-0.0928 0.0155 -0.7869 0.0000	</row0>
					<row1>	-0.1162 0.7834 0.0291 0.0000	</row1>
					<row2>	0.7784 0.1188 -0.0895 0.0000	</row2>
					<row3>	-0.9067 0.3285 3.2296 1.0000	</row3>
				</transform>
			</node>
			<node>
				<identifier>	SP_YMS083_YHSC_L_1_INDEX_5	</identifier>
				<transform>
					<row0>	-0.0880 0.0055 0.7876 0.0000	</row0>
					<row1>	0.1227 0.7829 0.0082 0.0000	</row1>
					<row2>	-0.7780 0.1228 -0.0878 0.0000	</row2>
					<row3>	0.9077 0.3308 3.2242 1.0000	</row3>
				</transform>
			</node>
			<node>
				<identifier>	SP_YMS096_YHZC_S_1	</identifier>
				<transform>
					<row0>	0.0000 0.0000 -1.0845 0.0000	</row0>
					<row1>	0.0000 1.0845 0.0000 0.0000	</row1>
					<row2>	1.0845 0.0000 0.0000 0.0000	</row2>
					<row3>	-0.1407 0.4805 3.2820 1.0000	</row3>
				</transform>
			</node>
			<node>
				<identifier>	SP_YMS096_YHZC_S_1_INDEX_1	</identifier>
				<transform>
					<row0>	0.0000 0.0000 1.0845 0.0000	</row0>
					<row1>	0.0000 1.0845 0.0000 0.0000	</row1>
					<row2>	-1.0845 0.0000 0.0000 0.0000	</row2>
					<row3>	0.1400 0.4805 3.2860 1.0000	</row3>
				</transform>
			</node>
		</node>
	</node>
	<boundingBox>
		<min>	-0.0667 -0.0667 -0.0667	</min>
		<max>	0.0667 0.0667 0.0667	</max>
	</boundingBox>
</ASB074_Delaware_1949_MidFront_ports.visual>
