<ZSD007_Gadjah_Mada_1951_Stern_ports.visual>
	<node>
		<identifier>	Scene Root	</identifier>
		<transform>
			<row0>	1.0000 0.0000 0.0000 0.0000	</row0>
			<row1>	0.0000 1.0000 0.0000 0.0000	</row1>
			<row2>	0.0000 0.0000 1.0000 0.0000	</row2>
			<row3>	0.0000 0.0000 0.0000 1.0000	</row3>
		</transform>
		<node>
			<identifier>	Stern_ports	</identifier>
			<transform>
				<row0>	1.0000 0.0000 0.0000 0.0000	</row0>
				<row1>	0.0000 1.0000 0.0000 0.0000	</row1>
				<row2>	0.0000 0.0000 1.0000 0.0000	</row2>
				<row3>	0.0000 0.0000 0.0000 1.0000	</row3>
			</transform>
			<node>
				<identifier>	HP_FX_Death_3	</identifier>
				<transform>
					<row0>	1.0000 0.0000 0.0000 0.0000	</row0>
					<row1>	0.0000 1.0000 0.0000 0.0000	</row1>
					<row2>	0.0000 0.0000 1.0000 0.0000	</row2>
					<row3>	0.0000 0.0000 -1.7944 1.0000	</row3>
				</transform>
			</node>
			<node>
				<identifier>	HP_FX_Fire_4	</identifier>
				<transform>
					<row0>	1.0000 0.0000 0.0000 0.0000	</row0>
					<row1>	0.0000 1.0000 0.0000 0.0000	</row1>
					<row2>	0.0000 0.0000 1.0000 0.0000	</row2>
					<row3>	0.0000 0.1585 -2.7478 1.0000	</row3>
				</transform>
			</node>
			<node>
				<identifier>	HP_FX_FloodLight_left_1	</identifier>
				<transform>
					<row0>	-1.0000 0.0000 0.0000 0.0000	</row0>
					<row1>	0.0000 1.0000 0.0000 0.0000	</row1>
					<row2>	0.0000 0.0000 -1.0000 0.0000	</row2>
					<row3>	-0.1840 0.2290 -2.3040 1.0000	</row3>
				</transform>
			</node>
			<node>
				<identifier>	HP_FX_FloodLight_right_1	</identifier>
				<transform>
					<row0>	1.0000 0.0000 0.0000 0.0000	</row0>
					<row1>	0.0000 1.0000 0.0000 0.0000	</row1>
					<row2>	0.0000 0.0000 1.0000 0.0000	</row2>
					<row3>	0.1820 0.2220 -2.3010 1.0000	</row3>
				</transform>
			</node>
			<node>
				<identifier>	HP_FX_Flood_steam_right	</identifier>
				<transform>
					<row0>	1.0000 0.0000 0.0000 0.0000	</row0>
					<row1>	0.0000 1.0000 0.0000 0.0000	</row1>
					<row2>	0.0000 0.0000 1.0000 0.0000	</row2>
					<row3>	0.3690 0.1250 -1.5800 1.0000	</row3>
				</transform>
			</node>
			<node>
				<identifier>	HP_FX_WakeTraceBack	</identifier>
				<transform>
					<row0>	1.0000 0.0000 0.0000 0.0000	</row0>
					<row1>	0.0000 1.0000 0.0000 0.0000	</row1>
					<row2>	0.0000 0.0000 1.0000 0.0000	</row2>
					<row3>	0.0000 0.0000 -3.3923 1.0000	</row3>
				</transform>
			</node>
			<node>
				<identifier>	HP_FX_WakeTrace_screw_1	</identifier>
				<transform>
					<row0>	1.0000 0.0000 0.0000 0.0000	</row0>
					<row1>	0.0000 1.0000 0.0000 0.0000	</row1>
					<row2>	0.0000 0.0000 1.0000 0.0000	</row2>
					<row3>	-0.1339 -0.2150 -3.0321 1.0000	</row3>
				</transform>
			</node>
			<node>
				<identifier>	HP_FX_WakeTrace_screw_2	</identifier>
				<transform>
					<row0>	1.0000 0.0000 0.0000 0.0000	</row0>
					<row1>	0.0000 1.0000 0.0000 0.0000	</row1>
					<row2>	0.0000 0.0000 1.0000 0.0000	</row2>
					<row3>	0.1339 -0.2150 -3.0321 1.0000	</row3>
				</transform>
			</node>
			<node>
				<identifier>	HP_Ship_death_3	</identifier>
				<transform>
					<row0>	1.0000 0.0000 0.0000 0.0000	</row0>
					<row1>	0.0000 1.0000 0.0000 0.0000	</row1>
					<row2>	0.0000 0.0000 1.0000 0.0000	</row2>
					<row3>	0.0000 0.0000 -1.5335 1.0000	</row3>
				</transform>
			</node>
			<node>
				<identifier>	HP_ZGB_3	</identifier>
				<transform>
					<row0>	-1.0000 0.0000 0.0000 0.0000	</row0>
					<row1>	0.0000 1.0000 0.0000 0.0000	</row1>
					<row2>	0.0000 0.0000 -1.0000 0.0000	</row2>
					<row3>	-0.0002 0.1743 -3.4054 1.0000	</row3>
				</transform>
			</node>
			<node>
				<identifier>	HP_ZGM_3	</identifier>
				<transform>
					<row0>	-1.0000 0.0000 0.0000 0.0000	</row0>
					<row1>	0.0000 1.0000 0.0000 0.0000	</row1>
					<row2>	0.0000 0.0000 -1.0000 0.0000	</row2>
					<row3>	0.0000 0.3276 -2.3329 1.0000	</row3>
				</transform>
			</node>
			<node>
				<identifier>	MP_BM045_Smoke_Apparatus	</identifier>
				<transform>
					<row0>	1.0000 0.0000 0.0000 0.0000	</row0>
					<row1>	0.0000 1.0000 0.0000 0.0000	</row1>
					<row2>	0.0000 0.0000 1.0000 0.0000	</row2>
					<row3>	0.0000 0.1736 -2.8820 1.0000	</row3>
				</transform>
			</node>
			<node>
				<identifier>	MP_CM001_Propeller3_L	</identifier>
				<transform>
					<row0>	0.6032 0.0005 0.0158 0.0000	</row0>
					<row1>	0.0005 0.6021 -0.0399 0.0000	</row1>
					<row2>	-0.0158 0.0399 0.6018 0.0000	</row2>
					<row3>	-0.1339 -0.2150 -3.0321 1.0000	</row3>
				</transform>
			</node>
			<node>
				<identifier>	MP_CM011_Fire_Fighting_Gear	</identifier>
				<transform>
					<row0>	0.8838 0.0000 0.4680 0.0000	</row0>
					<row1>	0.0000 1.0000 0.0000 0.0000	</row1>
					<row2>	-0.4680 0.0000 0.8838 0.0000	</row2>
					<row3>	0.0831 0.1717 -2.6652 1.0000	</row3>
				</transform>
			</node>
			<node>
				<identifier>	MP_CM011_Fire_Fighting_Gear_INDEX_1	</identifier>
				<transform>
					<row0>	0.0000 0.0000 1.0000 0.0000	</row0>
					<row1>	0.0000 1.0000 0.0000 0.0000	</row1>
					<row2>	-1.0000 0.0000 0.0000 0.0000	</row2>
					<row3>	0.1860 0.1688 -2.1577 1.0000	</row3>
				</transform>
			</node>
			<node>
				<identifier>	MP_CM011_Fire_Fighting_Gear_INDEX_2	</identifier>
				<transform>
					<row0>	0.0000 0.0000 -1.0000 0.0000	</row0>
					<row1>	0.0000 1.0000 0.0000 0.0000	</row1>
					<row2>	1.0000 0.0000 0.0000 0.0000	</row2>
					<row3>	-0.1860 0.1688 -2.1577 1.0000	</row3>
				</transform>
			</node>
			<node>
				<identifier>	MP_CM012_Fire_Hose_Rack_1	</identifier>
				<transform>
					<row0>	-1.0000 0.0000 0.0000 0.0000	</row0>
					<row1>	0.0000 1.0000 0.0000 0.0000	</row1>
					<row2>	0.0000 0.0000 -1.0000 0.0000	</row2>
					<row3>	0.1789 0.2178 -2.2015 1.0000	</row3>
				</transform>
			</node>
			<node>
				<identifier>	MP_CM012_Fire_Hose_Rack_1_INDEX_1	</identifier>
				<transform>
					<row0>	0.9966 0.0000 -0.0827 0.0000	</row0>
					<row1>	0.0000 1.0000 0.0000 0.0000	</row1>
					<row2>	0.0827 0.0000 0.9966 0.0000	</row2>
					<row3>	-0.1767 0.2111 -2.0326 1.0000	</row3>
				</transform>
			</node>
			<node>
				<identifier>	MP_CM012_Fire_Hose_Rack_1_INDEX_2	</identifier>
				<transform>
					<row0>	-0.4791 0.0000 0.8778 0.0000	</row0>
					<row1>	0.0000 1.0000 0.0000 0.0000	</row1>
					<row2>	-0.8778 0.0000 -0.4791 0.0000	</row2>
					<row3>	0.0731 0.2533 -2.6629 1.0000	</row3>
				</transform>
			</node>
			<node>
				<identifier>	MP_CM029_Emergency_Box	</identifier>
				<transform>
					<row0>	0.0000 0.0000 -1.0000 0.0000	</row0>
					<row1>	0.0000 1.0000 0.0000 0.0000	</row1>
					<row2>	1.0000 0.0000 0.0000 0.0000	</row2>
					<row3>	-0.1835 0.2661 -2.1872 1.0000	</row3>
				</transform>
			</node>
			<node>
				<identifier>	MP_CM029_Emergency_Box_INDEX_1	</identifier>
				<transform>
					<row0>	0.0000 0.0000 1.0000 0.0000	</row0>
					<row1>	0.0000 1.0000 0.0000 0.0000	</row1>
					<row2>	-1.0000 0.0000 0.0000 0.0000	</row2>
					<row3>	0.1835 0.2661 -2.1872 1.0000	</row3>
				</transform>
			</node>
			<node>
				<identifier>	MP_CM032_Propeller3_R	</identifier>
				<transform>
					<row0>	0.6032 -0.0005 -0.0158 0.0000	</row0>
					<row1>	-0.0005 0.6021 -0.0399 0.0000	</row1>
					<row2>	0.0158 0.0399 0.6018 0.0000	</row2>
					<row3>	0.1339 -0.2150 -3.0321 1.0000	</row3>
				</transform>
			</node>
			<node>
				<identifier>	MP_CM052_Fender	</identifier>
				<transform>
					<row0>	0.0436 0.0000 -0.4981 0.0000	</row0>
					<row1>	0.0000 0.5000 0.0000 0.0000	</row1>
					<row2>	0.4981 0.0000 0.0436 0.0000	</row2>
					<row3>	0.1840 0.1707 -1.9162 1.0000	</row3>
				</transform>
			</node>
			<node>
				<identifier>	MP_CM052_Fender_INDEX_1	</identifier>
				<transform>
					<row0>	0.0436 0.0000 0.4981 0.0000	</row0>
					<row1>	0.0000 0.5000 0.0000 0.0000	</row1>
					<row2>	-0.4981 0.0000 0.0436 0.0000	</row2>
					<row3>	-0.1840 0.1707 -1.9162 1.0000	</row3>
				</transform>
			</node>
			<node>
				<identifier>	MP_CM104_Life_Buoy	</identifier>
				<transform>
					<row0>	0.4626 0.0000 -0.8866 0.0000	</row0>
					<row1>	0.0000 1.0000 0.0000 0.0000	</row1>
					<row2>	0.8866 0.0000 0.4626 0.0000	</row2>
					<row3>	-0.1969 0.3609 -2.5743 1.0000	</row3>
				</transform>
			</node>
			<node>
				<identifier>	MP_CM104_Life_Buoy_INDEX_1	</identifier>
				<transform>
					<row0>	0.4626 0.0000 0.8866 0.0000	</row0>
					<row1>	0.0000 1.0000 0.0000 0.0000	</row1>
					<row2>	-0.8866 0.0000 0.4626 0.0000	</row2>
					<row3>	0.1969 0.3609 -2.5743 1.0000	</row3>
				</transform>
			</node>
			<node>
				<identifier>	MP_ZM001_Paravane	</identifier>
				<transform>
					<row0>	0.8660 0.0000 -0.5000 0.0000	</row0>
					<row1>	-0.0868 -0.9848 -0.1504 0.0000	</row1>
					<row2>	-0.4924 0.1736 -0.8529 0.0000	</row2>
					<row3>	0.1668 0.2450 -3.1680 1.0000	</row3>
				</transform>
			</node>
			<node>
				<identifier>	MP_ZM001_Paravane_INDEX_1	</identifier>
				<transform>
					<row0>	0.8660 0.0000 0.5000 0.0000	</row0>
					<row1>	0.0868 -0.9848 -0.1504 0.0000	</row1>
					<row2>	0.4924 0.1736 -0.8529 0.0000	</row2>
					<row3>	-0.1668 0.2450 -3.1680 1.0000	</row3>
				</transform>
			</node>
			<node>
				<identifier>	MP_ZM012_Depth_Charge_BB	</identifier>
				<transform>
					<row0>	1.0000 0.0000 0.0000 0.0000	</row0>
					<row1>	0.0000 0.0000 -1.0000 0.0000	</row1>
					<row2>	0.0000 1.0000 0.0000 0.0000	</row2>
					<row3>	-0.2011 0.1709 -2.2720 1.0000	</row3>
				</transform>
			</node>
			<node>
				<identifier>	MP_ZM012_Depth_Charge_BB_INDEX_1	</identifier>
				<transform>
					<row0>	1.0000 0.0000 0.0000 0.0000	</row0>
					<row1>	0.0000 0.0000 -1.0000 0.0000	</row1>
					<row2>	0.0000 1.0000 0.0000 0.0000	</row2>
					<row3>	0.2011 0.1709 -2.4696 1.0000	</row3>
				</transform>
			</node>
			<node>
				<identifier>	MP_ZM012_Depth_Charge_BB_INDEX_10	</identifier>
				<transform>
					<row0>	1.0000 0.0000 0.0000 0.0000	</row0>
					<row1>	0.0000 0.0000 -1.0000 0.0000	</row1>
					<row2>	0.0000 1.0000 0.0000 0.0000	</row2>
					<row3>	-0.1135 0.2332 -1.7917 1.0000	</row3>
				</transform>
			</node>
			<node>
				<identifier>	MP_ZM012_Depth_Charge_BB_INDEX_11	</identifier>
				<transform>
					<row0>	1.0000 0.0000 0.0000 0.0000	</row0>
					<row1>	0.0000 0.0000 -1.0000 0.0000	</row1>
					<row2>	0.0000 1.0000 0.0000 0.0000	</row2>
					<row3>	-0.2011 0.1709 -2.3891 1.0000	</row3>
				</transform>
			</node>
			<node>
				<identifier>	MP_ZM012_Depth_Charge_BB_INDEX_12	</identifier>
				<transform>
					<row0>	1.0000 0.0000 0.0000 0.0000	</row0>
					<row1>	0.0000 0.0000 -1.0000 0.0000	</row1>
					<row2>	0.0000 1.0000 0.0000 0.0000	</row2>
					<row3>	0.2011 0.1709 -2.2921 1.0000	</row3>
				</transform>
			</node>
			<node>
				<identifier>	MP_ZM012_Depth_Charge_BB_INDEX_13	</identifier>
				<transform>
					<row0>	1.0000 0.0000 0.0000 0.0000	</row0>
					<row1>	0.0000 0.0000 -1.0000 0.0000	</row1>
					<row2>	0.0000 1.0000 0.0000 0.0000	</row2>
					<row3>	-0.1859 0.2332 -1.7917 1.0000	</row3>
				</transform>
			</node>
			<node>
				<identifier>	MP_ZM012_Depth_Charge_BB_INDEX_14	</identifier>
				<transform>
					<row0>	1.0000 0.0000 0.0000 0.0000	</row0>
					<row1>	0.0000 0.0000 -1.0000 0.0000	</row1>
					<row2>	0.0000 1.0000 0.0000 0.0000	</row2>
					<row3>	0.1859 0.2332 -1.7917 1.0000	</row3>
				</transform>
			</node>
			<node>
				<identifier>	MP_ZM012_Depth_Charge_BB_INDEX_15	</identifier>
				<transform>
					<row0>	1.0000 0.0000 0.0000 0.0000	</row0>
					<row1>	0.0000 0.0000 -1.0000 0.0000	</row1>
					<row2>	0.0000 1.0000 0.0000 0.0000	</row2>
					<row3>	0.2011 0.1709 -2.4077 1.0000	</row3>
				</transform>
			</node>
			<node>
				<identifier>	MP_ZM012_Depth_Charge_BB_INDEX_2	</identifier>
				<transform>
					<row0>	1.0000 0.0000 0.0000 0.0000	</row0>
					<row1>	0.0000 0.0000 -1.0000 0.0000	</row1>
					<row2>	0.0000 1.0000 0.0000 0.0000	</row2>
					<row3>	-0.2011 0.1709 -2.4537 1.0000	</row3>
				</transform>
			</node>
			<node>
				<identifier>	MP_ZM012_Depth_Charge_BB_INDEX_3	</identifier>
				<transform>
					<row0>	1.0000 0.0000 0.0000 0.0000	</row0>
					<row1>	0.0000 0.0000 -1.0000 0.0000	</row1>
					<row2>	0.0000 1.0000 0.0000 0.0000	</row2>
					<row3>	-0.1488 0.2332 -1.8061 1.0000	</row3>
				</transform>
			</node>
			<node>
				<identifier>	MP_ZM012_Depth_Charge_BB_INDEX_4	</identifier>
				<transform>
					<row0>	1.0000 0.0000 0.0000 0.0000	</row0>
					<row1>	0.0000 0.0000 -1.0000 0.0000	</row1>
					<row2>	0.0000 1.0000 0.0000 0.0000	</row2>
					<row3>	0.1135 0.2332 -1.7917 1.0000	</row3>
				</transform>
			</node>
			<node>
				<identifier>	MP_ZM012_Depth_Charge_BB_INDEX_5	</identifier>
				<transform>
					<row0>	1.0000 0.0000 0.0000 0.0000	</row0>
					<row1>	0.0000 0.0000 -1.0000 0.0000	</row1>
					<row2>	0.0000 1.0000 0.0000 0.0000	</row2>
					<row3>	0.1488 0.2332 -1.8061 1.0000	</row3>
				</transform>
			</node>
			<node>
				<identifier>	MP_ZM012_Depth_Charge_BB_INDEX_6	</identifier>
				<transform>
					<row0>	1.0000 0.0000 0.0000 0.0000	</row0>
					<row1>	0.0000 0.0000 -1.0000 0.0000	</row1>
					<row2>	0.0000 1.0000 0.0000 0.0000	</row2>
					<row3>	-0.2011 0.1709 -2.5072 1.0000	</row3>
				</transform>
			</node>
			<node>
				<identifier>	MP_ZM012_Depth_Charge_BB_INDEX_7	</identifier>
				<transform>
					<row0>	1.0000 0.0000 0.0000 0.0000	</row0>
					<row1>	0.0000 0.0000 -1.0000 0.0000	</row1>
					<row2>	0.0000 1.0000 0.0000 0.0000	</row2>
					<row3>	0.2011 0.1709 -2.3557 1.0000	</row3>
				</transform>
			</node>
			<node>
				<identifier>	MP_ZM012_Depth_Charge_BB_INDEX_8	</identifier>
				<transform>
					<row0>	1.0000 0.0000 0.0000 0.0000	</row0>
					<row1>	0.0000 0.0000 -1.0000 0.0000	</row1>
					<row2>	0.0000 1.0000 0.0000 0.0000	</row2>
					<row3>	0.2011 0.1709 -2.2283 1.0000	</row3>
				</transform>
			</node>
			<node>
				<identifier>	MP_ZM012_Depth_Charge_BB_INDEX_9	</identifier>
				<transform>
					<row0>	1.0000 0.0000 0.0000 0.0000	</row0>
					<row1>	0.0000 0.0000 -1.0000 0.0000	</row1>
					<row2>	0.0000 1.0000 0.0000 0.0000	</row2>
					<row3>	-0.2011 0.1709 -2.3354 1.0000	</row3>
				</transform>
			</node>
			<node>
				<identifier>	MP_ZM056_Artillery_shell	</identifier>
				<transform>
					<row0>	0.8506 0.0000 -0.5258 0.0000	</row0>
					<row1>	0.0000 1.0000 0.0000 0.0000	</row1>
					<row2>	0.5258 0.0000 0.8506 0.0000	</row2>
					<row3>	0.1644 0.3226 -2.5900 1.0000	</row3>
				</transform>
			</node>
			<node>
				<identifier>	MP_ZM056_Artillery_shell_INDEX_1	</identifier>
				<transform>
					<row0>	-0.8962 0.0000 -0.4437 0.0000	</row0>
					<row1>	0.0000 1.0000 0.0000 0.0000	</row1>
					<row2>	0.4437 0.0000 -0.8962 0.0000	</row2>
					<row3>	-0.1963 0.3207 -2.5342 1.0000	</row3>
				</transform>
			</node>
			<node>
				<identifier>	MP_ZM056_Artillery_shell_INDEX_10	</identifier>
				<transform>
					<row0>	-0.9248 0.0000 0.3805 0.0000	</row0>
					<row1>	0.0000 1.0000 0.0000 0.0000	</row1>
					<row2>	-0.3805 0.0000 -0.9248 0.0000	</row2>
					<row3>	-0.2421 0.3180 -2.2284 1.0000	</row3>
				</transform>
			</node>
			<node>
				<identifier>	MP_ZM056_Artillery_shell_INDEX_11	</identifier>
				<transform>
					<row0>	-0.9220 0.0000 -0.3872 0.0000	</row0>
					<row1>	0.0000 1.0000 0.0000 0.0000	</row1>
					<row2>	0.3872 0.0000 -0.9220 0.0000	</row2>
					<row3>	-0.2289 0.3190 -2.4671 1.0000	</row3>
				</transform>
			</node>
			<node>
				<identifier>	MP_ZM056_Artillery_shell_INDEX_12	</identifier>
				<transform>
					<row0>	-0.9912 0.0000 -0.1327 0.0000	</row0>
					<row1>	0.0000 1.0000 0.0000 0.0000	</row1>
					<row2>	0.1327 0.0000 -0.9912 0.0000	</row2>
					<row3>	-0.2600 0.3173 -2.3698 1.0000	</row3>
				</transform>
			</node>
			<node>
				<identifier>	MP_ZM056_Artillery_shell_INDEX_13	</identifier>
				<transform>
					<row0>	-0.9566 0.0000 -0.2915 0.0000	</row0>
					<row1>	0.0000 1.0000 0.0000 0.0000	</row1>
					<row2>	0.2915 0.0000 -0.9566 0.0000	</row2>
					<row3>	-0.2538 0.3177 -2.4025 1.0000	</row3>
				</transform>
			</node>
			<node>
				<identifier>	MP_ZM056_Artillery_shell_INDEX_14	</identifier>
				<transform>
					<row0>	0.8001 0.0000 0.5999 0.0000	</row0>
					<row1>	0.0000 1.0000 0.0000 0.0000	</row1>
					<row2>	-0.5999 0.0000 0.8001 0.0000	</row2>
					<row3>	0.2032 0.3208 -2.1628 1.0000	</row3>
				</transform>
			</node>
			<node>
				<identifier>	MP_ZM056_Artillery_shell_INDEX_15	</identifier>
				<transform>
					<row0>	-1.0000 0.0000 0.0000 0.0000	</row0>
					<row1>	0.0000 1.0000 0.0000 0.0000	</row1>
					<row2>	0.0000 0.0000 -1.0000 0.0000	</row2>
					<row3>	-0.1629 0.3244 -2.1042 1.0000	</row3>
				</transform>
			</node>
			<node>
				<identifier>	MP_ZM056_Artillery_shell_INDEX_16	</identifier>
				<transform>
					<row0>	0.9214 0.0000 -0.3886 0.0000	</row0>
					<row1>	0.0000 1.0000 0.0000 0.0000	</row1>
					<row2>	0.3886 0.0000 0.9214 0.0000	</row2>
					<row3>	0.2446 0.3183 -2.4343 1.0000	</row3>
				</transform>
			</node>
			<node>
				<identifier>	MP_ZM056_Artillery_shell_INDEX_17	</identifier>
				<transform>
					<row0>	-0.8980 0.0000 -0.4399 0.0000	</row0>
					<row1>	0.0000 1.0000 0.0000 0.0000	</row1>
					<row2>	0.4399 0.0000 -0.8980 0.0000	</row2>
					<row3>	-0.2138 0.3198 -2.4994 1.0000	</row3>
				</transform>
			</node>
			<node>
				<identifier>	MP_ZM056_Artillery_shell_INDEX_18	</identifier>
				<transform>
					<row0>	-0.8937 0.0000 -0.4486 0.0000	</row0>
					<row1>	0.0000 1.0000 0.0000 0.0000	</row1>
					<row2>	0.4486 0.0000 -0.8937 0.0000	</row2>
					<row3>	-0.1654 0.3226 -2.5906 1.0000	</row3>
				</transform>
			</node>
			<node>
				<identifier>	MP_ZM056_Artillery_shell_INDEX_19	</identifier>
				<transform>
					<row0>	0.9958 0.0000 0.0911 0.0000	</row0>
					<row1>	0.0000 1.0000 0.0000 0.0000	</row1>
					<row2>	-0.0911 0.0000 0.9958 0.0000	</row2>
					<row3>	0.1588 0.3244 -1.9915 1.0000	</row3>
				</transform>
			</node>
			<node>
				<identifier>	MP_ZM056_Artillery_shell_INDEX_2	</identifier>
				<transform>
					<row0>	0.9910 0.0000 0.1340 0.0000	</row0>
					<row1>	0.0000 1.0000 0.0000 0.0000	</row1>
					<row2>	-0.1340 0.0000 0.9910 0.0000	</row2>
					<row3>	0.2634 0.3172 -2.3026 1.0000	</row3>
				</transform>
			</node>
			<node>
				<identifier>	MP_ZM056_Artillery_shell_INDEX_20	</identifier>
				<transform>
					<row0>	1.0000 0.0000 0.0000 0.0000	</row0>
					<row1>	0.0000 1.0000 0.0000 0.0000	</row1>
					<row2>	0.0000 0.0000 1.0000 0.0000	</row2>
					<row3>	0.1623 0.3244 -2.0621 1.0000	</row3>
				</transform>
			</node>
			<node>
				<identifier>	MP_ZM056_Artillery_shell_INDEX_21	</identifier>
				<transform>
					<row0>	-0.9992 0.0000 0.0411 0.0000	</row0>
					<row1>	0.0000 1.0000 0.0000 0.0000	</row1>
					<row2>	-0.0411 0.0000 -0.9992 0.0000	</row2>
					<row3>	-0.1620 0.3244 -2.0482 1.0000	</row3>
				</transform>
			</node>
			<node>
				<identifier>	MP_ZM056_Artillery_shell_INDEX_22	</identifier>
				<transform>
					<row0>	0.9953 0.0000 0.0965 0.0000	</row0>
					<row1>	0.0000 1.0000 0.0000 0.0000	</row1>
					<row2>	-0.0965 0.0000 0.9953 0.0000	</row2>
					<row3>	0.1553 0.3244 -1.9547 1.0000	</row3>
				</transform>
			</node>
			<node>
				<identifier>	MP_ZM056_Artillery_shell_INDEX_23	</identifier>
				<transform>
					<row0>	0.7071 0.0000 0.7071 0.0000	</row0>
					<row1>	0.0000 1.0000 0.0000 0.0000	</row1>
					<row2>	-0.7071 0.0000 0.7071 0.0000	</row2>
					<row3>	0.1768 0.3223 -2.1335 1.0000	</row3>
				</transform>
			</node>
			<node>
				<identifier>	MP_ZM056_Artillery_shell_INDEX_24	</identifier>
				<transform>
					<row0>	-0.8928 0.0000 -0.4505 0.0000	</row0>
					<row1>	0.0000 1.0000 0.0000 0.0000	</row1>
					<row2>	0.4505 0.0000 -0.8928 0.0000	</row2>
					<row3>	-0.1802 0.3218 -2.5625 1.0000	</row3>
				</transform>
			</node>
			<node>
				<identifier>	MP_ZM056_Artillery_shell_INDEX_25	</identifier>
				<transform>
					<row0>	0.9128 0.0000 -0.4085 0.0000	</row0>
					<row1>	0.0000 1.0000 0.0000 0.0000	</row1>
					<row2>	0.4085 0.0000 0.9128 0.0000	</row2>
					<row3>	0.2303 0.3190 -2.4662 1.0000	</row3>
				</transform>
			</node>
			<node>
				<identifier>	MP_ZM056_Artillery_shell_INDEX_26	</identifier>
				<transform>
					<row0>	-1.0000 0.0000 0.0000 0.0000	</row0>
					<row1>	0.0000 1.0000 0.0000 0.0000	</row1>
					<row2>	0.0000 0.0000 -1.0000 0.0000	</row2>
					<row3>	-0.1623 0.3244 -2.0749 1.0000	</row3>
				</transform>
			</node>
			<node>
				<identifier>	MP_ZM056_Artillery_shell_INDEX_27	</identifier>
				<transform>
					<row0>	0.8660 0.0000 -0.5000 0.0000	</row0>
					<row1>	0.0000 1.0000 0.0000 0.0000	</row1>
					<row2>	0.5000 0.0000 0.8660 0.0000	</row2>
					<row3>	0.1816 0.3218 -2.5625 1.0000	</row3>
				</transform>
			</node>
			<node>
				<identifier>	MP_ZM056_Artillery_shell_INDEX_28	</identifier>
				<transform>
					<row0>	-0.7092 0.0000 0.7050 0.0000	</row0>
					<row1>	0.0000 1.0000 0.0000 0.0000	</row1>
					<row2>	-0.7050 0.0000 -0.7092 0.0000	</row2>
					<row3>	-0.1758 0.3223 -2.1333 1.0000	</row3>
				</transform>
			</node>
			<node>
				<identifier>	MP_ZM056_Artillery_shell_INDEX_29	</identifier>
				<transform>
					<row0>	-0.7999 0.0000 0.6002 0.0000	</row0>
					<row1>	0.0000 1.0000 0.0000 0.0000	</row1>
					<row2>	-0.6002 0.0000 -0.7999 0.0000	</row2>
					<row3>	-0.2249 0.3192 -2.1944 1.0000	</row3>
				</transform>
			</node>
			<node>
				<identifier>	MP_ZM056_Artillery_shell_INDEX_3	</identifier>
				<transform>
					<row0>	0.8804 0.0000 0.4743 0.0000	</row0>
					<row1>	0.0000 1.0000 0.0000 0.0000	</row1>
					<row2>	-0.4743 0.0000 0.8804 0.0000	</row2>
					<row3>	0.2416 0.3180 -2.2273 1.0000	</row3>
				</transform>
			</node>
			<node>
				<identifier>	MP_ZM056_Artillery_shell_INDEX_30	</identifier>
				<transform>
					<row0>	0.8836 0.0000 -0.4683 0.0000	</row0>
					<row1>	0.0000 1.0000 0.0000 0.0000	</row1>
					<row2>	0.4683 0.0000 0.8836 0.0000	</row2>
					<row3>	0.1968 0.3207 -2.5344 1.0000	</row3>
				</transform>
			</node>
			<node>
				<identifier>	MP_ZM056_Artillery_shell_INDEX_31	</identifier>
				<transform>
					<row0>	-0.7759 0.0000 0.6308 0.0000	</row0>
					<row1>	0.0000 1.0000 0.0000 0.0000	</row1>
					<row2>	-0.6308 0.0000 -0.7759 0.0000	</row2>
					<row3>	-0.2025 0.3208 -2.1627 1.0000	</row3>
				</transform>
			</node>
			<node>
				<identifier>	MP_ZM056_Artillery_shell_INDEX_32	</identifier>
				<transform>
					<row0>	-0.9701 0.0000 0.2427 0.0000	</row0>
					<row1>	0.0000 1.0000 0.0000 0.0000	</row1>
					<row2>	-0.2427 0.0000 -0.9701 0.0000	</row2>
					<row3>	-0.2550 0.3173 -2.2643 1.0000	</row3>
				</transform>
			</node>
			<node>
				<identifier>	MP_ZM056_Artillery_shell_INDEX_33	</identifier>
				<transform>
					<row0>	-0.9826 0.0000 0.1859 0.0000	</row0>
					<row1>	0.0000 1.0000 0.0000 0.0000	</row1>
					<row2>	-0.1859 0.0000 -0.9826 0.0000	</row2>
					<row3>	-0.2632 0.3172 -2.3047 1.0000	</row3>
				</transform>
			</node>
			<node>
				<identifier>	MP_ZM056_Artillery_shell_INDEX_34	</identifier>
				<transform>
					<row0>	0.9774 0.0000 0.2113 0.0000	</row0>
					<row1>	0.0000 1.0000 0.0000 0.0000	</row1>
					<row2>	-0.2113 0.0000 0.9774 0.0000	</row2>
					<row3>	0.2557 0.3173 -2.2646 1.0000	</row3>
				</transform>
			</node>
			<node>
				<identifier>	MP_ZM056_Artillery_shell_INDEX_35	</identifier>
				<transform>
					<row0>	0.9980 0.0000 0.0634 0.0000	</row0>
					<row1>	0.0000 1.0000 0.0000 0.0000	</row1>
					<row2>	-0.0634 0.0000 0.9980 0.0000	</row2>
					<row3>	0.1616 0.3244 -2.0273 1.0000	</row3>
				</transform>
			</node>
			<node>
				<identifier>	MP_ZM056_Artillery_shell_INDEX_36	</identifier>
				<transform>
					<row0>	-0.9281 0.0000 -0.3724 0.0000	</row0>
					<row1>	0.0000 1.0000 0.0000 0.0000	</row1>
					<row2>	0.3724 0.0000 -0.9281 0.0000	</row2>
					<row3>	-0.2438 0.3183 -2.4340 1.0000	</row3>
				</transform>
			</node>
			<node>
				<identifier>	MP_ZM056_Artillery_shell_INDEX_37	</identifier>
				<transform>
					<row0>	0.9858 0.0000 -0.1680 0.0000	</row0>
					<row1>	0.0000 1.0000 0.0000 0.0000	</row1>
					<row2>	0.1680 0.0000 0.9858 0.0000	</row2>
					<row3>	0.2620 0.3173 -2.3701 1.0000	</row3>
				</transform>
			</node>
			<node>
				<identifier>	MP_ZM056_Artillery_shell_INDEX_4	</identifier>
				<transform>
					<row0>	0.8979 0.0000 -0.4402 0.0000	</row0>
					<row1>	0.0000 1.0000 0.0000 0.0000	</row1>
					<row2>	0.4402 0.0000 0.8979 0.0000	</row2>
					<row3>	0.2156 0.3198 -2.4988 1.0000	</row3>
				</transform>
			</node>
			<node>
				<identifier>	MP_ZM056_Artillery_shell_INDEX_5	</identifier>
				<transform>
					<row0>	1.0000 0.0000 0.0000 0.0000	</row0>
					<row1>	0.0000 1.0000 0.0000 0.0000	</row1>
					<row2>	0.0000 0.0000 1.0000 0.0000	</row2>
					<row3>	0.1622 0.3244 -2.0972 1.0000	</row3>
				</transform>
			</node>
			<node>
				<identifier>	MP_ZM056_Artillery_shell_INDEX_6	</identifier>
				<transform>
					<row0>	1.0000 0.0000 0.0000 0.0000	</row0>
					<row1>	0.0000 1.0000 0.0000 0.0000	</row1>
					<row2>	0.0000 0.0000 1.0000 0.0000	</row2>
					<row3>	0.2524 0.3174 -2.3350 1.0000	</row3>
				</transform>
			</node>
			<node>
				<identifier>	MP_ZM056_Artillery_shell_INDEX_7	</identifier>
				<transform>
					<row0>	0.8442 0.0000 0.5360 0.0000	</row0>
					<row1>	0.0000 1.0000 0.0000 0.0000	</row1>
					<row2>	-0.5360 0.0000 0.8442 0.0000	</row2>
					<row3>	0.2250 0.3192 -2.1946 1.0000	</row3>
				</transform>
			</node>
			<node>
				<identifier>	MP_ZM056_Artillery_shell_INDEX_8	</identifier>
				<transform>
					<row0>	0.9619 0.0000 -0.2735 0.0000	</row0>
					<row1>	0.0000 1.0000 0.0000 0.0000	</row1>
					<row2>	0.2735 0.0000 0.9619 0.0000	</row2>
					<row3>	0.2546 0.3177 -2.4022 1.0000	</row3>
				</transform>
			</node>
			<node>
				<identifier>	MP_ZM056_Artillery_shell_INDEX_9	</identifier>
				<transform>
					<row0>	-1.0000 0.0000 -0.0064 0.0000	</row0>
					<row1>	0.0000 1.0000 0.0000 0.0000	</row1>
					<row2>	0.0064 0.0000 -1.0000 0.0000	</row2>
					<row3>	-0.2523 0.3174 -2.3371 1.0000	</row3>
				</transform>
			</node>
			<node>
				<identifier>	MP_ZM057_Smoke_floats	</identifier>
				<transform>
					<row0>	1.0000 0.0000 0.0000 0.0000	</row0>
					<row1>	0.0000 1.0000 0.0000 0.0000	</row1>
					<row2>	0.0000 0.0000 1.0000 0.0000	</row2>
					<row3>	0.1160 0.3277 -1.9466 1.0000	</row3>
				</transform>
			</node>
			<node>
				<identifier>	MP_ZM057_Smoke_floats_INDEX_1	</identifier>
				<transform>
					<row0>	1.0000 0.0000 0.0000 0.0000	</row0>
					<row1>	0.0000 1.0000 0.0000 0.0000	</row1>
					<row2>	0.0000 0.0000 1.0000 0.0000	</row2>
					<row3>	0.1160 0.3277 -2.0342 1.0000	</row3>
				</transform>
			</node>
			<node>
				<identifier>	MP_ZM057_Smoke_floats_INDEX_2	</identifier>
				<transform>
					<row0>	1.0000 0.0000 0.0000 0.0000	</row0>
					<row1>	0.0000 1.0000 0.0000 0.0000	</row1>
					<row2>	0.0000 0.0000 1.0000 0.0000	</row2>
					<row3>	0.1160 0.3277 -1.9903 1.0000	</row3>
				</transform>
			</node>
			<node>
				<identifier>	MP_ZM057_Smoke_floats_INDEX_3	</identifier>
				<transform>
					<row0>	1.0000 0.0000 0.0000 0.0000	</row0>
					<row1>	0.0000 1.0000 0.0000 0.0000	</row1>
					<row2>	0.0000 0.0000 1.0000 0.0000	</row2>
					<row3>	-0.0428 0.3277 -1.9693 1.0000	</row3>
				</transform>
			</node>
			<node>
				<identifier>	MP_ZM057_Smoke_floats_INDEX_4	</identifier>
				<transform>
					<row0>	1.0000 0.0000 0.0000 0.0000	</row0>
					<row1>	0.0000 1.0000 0.0000 0.0000	</row1>
					<row2>	0.0000 0.0000 1.0000 0.0000	</row2>
					<row3>	-0.0428 0.3277 -1.9241 1.0000	</row3>
				</transform>
			</node>
			<node>
				<identifier>	MP_ZM057_Smoke_floats_INDEX_5	</identifier>
				<transform>
					<row0>	1.0000 0.0000 0.0000 0.0000	</row0>
					<row1>	0.0000 1.0000 0.0000 0.0000	</row1>
					<row2>	0.0000 0.0000 1.0000 0.0000	</row2>
					<row3>	0.1160 0.3277 -1.9029 1.0000	</row3>
				</transform>
			</node>
			<node>
				<identifier>	MP_ZM513_Liferaft_type_20_10ft	</identifier>
				<transform>
					<row0>	0.9855 0.1697 0.0000 0.0000	</row0>
					<row1>	-0.1697 0.9855 0.0000 0.0000	</row1>
					<row2>	0.0000 0.0000 1.0000 0.0000	</row2>
					<row3>	-0.2601 0.3056 -2.0581 1.0000	</row3>
				</transform>
			</node>
			<node>
				<identifier>	MP_ZM513_Liferaft_type_20_10ft_INDEX_1	</identifier>
				<transform>
					<row0>	0.9855 -0.1697 0.0000 0.0000	</row0>
					<row1>	0.1697 0.9855 0.0000 0.0000	</row1>
					<row2>	0.0000 0.0000 1.0000 0.0000	</row2>
					<row3>	0.2601 0.3056 -2.0581 1.0000	</row3>
				</transform>
			</node>
			<node>
				<identifier>	MP_ZM601_Turtles_box	</identifier>
				<transform>
					<row0>	1.0000 0.0000 0.0000 0.0000	</row0>
					<row1>	0.0000 1.0000 0.0000 0.0000	</row1>
					<row2>	0.0000 0.0000 1.0000 0.0000	</row2>
					<row3>	-0.0722 0.2062 -1.8744 1.0000	</row3>
				</transform>
			</node>
			<node>
				<identifier>	MP_ZM852_Running_Lights_B	</identifier>
				<transform>
					<row0>	-1.0000 0.0000 0.0000 0.0000	</row0>
					<row1>	0.0000 1.0000 0.0000 0.0000	</row1>
					<row2>	0.0000 0.0000 -1.0000 0.0000	</row2>
					<row3>	0.0000 0.3241 -2.6848 1.0000	</row3>
				</transform>
			</node>
			<node>
				<identifier>	MP_ZM884_Fog_Light	</identifier>
				<transform>
					<row0>	-1.0000 0.0000 0.0000 0.0000	</row0>
					<row1>	0.0000 1.0000 0.0000 0.0000	</row1>
					<row2>	0.0000 0.0000 -1.0000 0.0000	</row2>
					<row3>	0.0000 0.3619 -2.6761 1.0000	</row3>
				</transform>
			</node>
		</node>
	</node>
	<boundingBox>
		<min>	-0.0667 -0.0667 -0.0667	</min>
		<max>	0.0667 0.0667 0.0667	</max>
	</boundingBox>
</ZSD007_Gadjah_Mada_1951_Stern_ports.visual>
