<FSB007_Lyon_1944_MidFront_ports.visual>
	<node>
		<identifier>	Scene Root	</identifier>
		<transform>
			<row0>	1.0000 0.0000 0.0000 0.0000	</row0>
			<row1>	0.0000 1.0000 0.0000 0.0000	</row1>
			<row2>	0.0000 0.0000 1.0000 0.0000	</row2>
			<row3>	0.0000 0.0000 0.0000 1.0000	</row3>
		</transform>
		<node>
			<identifier>	MidFront_ports	</identifier>
			<transform>
				<row0>	1.0000 0.0000 0.0000 0.0000	</row0>
				<row1>	0.0000 1.0000 0.0000 0.0000	</row1>
				<row2>	0.0000 0.0000 1.0000 0.0000	</row2>
				<row3>	0.0000 0.0000 0.0000 1.0000	</row3>
			</transform>
			<node>
				<identifier>	HP_FD_1	</identifier>
				<transform>
					<row0>	1.0000 0.0000 0.0000 0.0000	</row0>
					<row1>	0.0000 1.0000 0.0000 0.0000	</row1>
					<row2>	0.0000 0.0000 1.0000 0.0000	</row2>
					<row3>	-0.1159 0.5234 4.3213 1.0000	</row3>
				</transform>
			</node>
			<node>
				<identifier>	HP_FD_2	</identifier>
				<transform>
					<row0>	1.0000 0.0000 0.0000 0.0000	</row0>
					<row1>	0.0000 1.0000 0.0000 0.0000	</row1>
					<row2>	0.0000 0.0000 1.0000 0.0000	</row2>
					<row3>	0.1159 0.5234 4.3213 1.0000	</row3>
				</transform>
			</node>
			<node>
				<identifier>	HP_FD_3	</identifier>
				<transform>
					<row0>	1.0000 0.0000 0.0000 0.0000	</row0>
					<row1>	0.0000 1.0000 0.0000 0.0000	</row1>
					<row2>	0.0000 0.0000 1.0000 0.0000	</row2>
					<row3>	0.0000 2.0745 2.5307 1.0000	</row3>
				</transform>
			</node>
			<node>
				<identifier>	HP_FD_4	</identifier>
				<transform>
					<row0>	1.0000 0.0000 0.0000 0.0000	</row0>
					<row1>	0.0000 1.0000 0.0000 0.0000	</row1>
					<row2>	0.0000 0.0000 1.0000 0.0000	</row2>
					<row3>	0.0000 2.2651 2.5307 1.0000	</row3>
				</transform>
			</node>
			<node>
				<identifier>	HP_FD_5	</identifier>
				<transform>
					<row0>	0.0000 0.0000 1.0000 0.0000	</row0>
					<row1>	0.0000 1.0000 0.0000 0.0000	</row1>
					<row2>	-1.0000 0.0000 0.0000 0.0000	</row2>
					<row3>	-0.4982 1.0137 2.4451 1.0000	</row3>
				</transform>
			</node>
			<node>
				<identifier>	HP_FD_6	</identifier>
				<transform>
					<row0>	0.0000 0.0000 -1.0000 0.0000	</row0>
					<row1>	0.0000 1.0000 0.0000 0.0000	</row1>
					<row2>	1.0000 0.0000 0.0000 0.0000	</row2>
					<row3>	0.4982 1.0137 2.4451 1.0000	</row3>
				</transform>
			</node>
			<node>
				<identifier>	HP_FD_7	</identifier>
				<transform>
					<row0>	1.0000 0.0000 0.0000 0.0000	</row0>
					<row1>	0.0000 1.0000 0.0000 0.0000	</row1>
					<row2>	0.0000 0.0000 1.0000 0.0000	</row2>
					<row3>	-0.3815 1.8429 2.3398 1.0000	</row3>
				</transform>
			</node>
			<node>
				<identifier>	HP_FD_8	</identifier>
				<transform>
					<row0>	1.0000 0.0000 0.0000 0.0000	</row0>
					<row1>	0.0000 1.0000 0.0000 0.0000	</row1>
					<row2>	0.0000 0.0000 1.0000 0.0000	</row2>
					<row3>	0.3815 1.8429 2.3398 1.0000	</row3>
				</transform>
			</node>
			<node>
				<identifier>	HP_FGA_1	</identifier>
				<transform>
					<row0>	1.0000 0.0000 0.0000 0.0000	</row0>
					<row1>	0.0000 1.0000 0.0000 0.0000	</row1>
					<row2>	0.0000 0.0000 1.0000 0.0000	</row2>
					<row3>	-0.1329 0.4307 4.7784 1.0000	</row3>
				</transform>
			</node>
			<node>
				<identifier>	HP_FGA_10	</identifier>
				<transform>
					<row0>	0.5000 0.0000 0.8660 0.0000	</row0>
					<row1>	0.0000 1.0000 0.0000 0.0000	</row1>
					<row2>	-0.8660 0.0000 0.5000 0.0000	</row2>
					<row3>	-0.3771 0.8432 2.8716 1.0000	</row3>
				</transform>
			</node>
			<node>
				<identifier>	HP_FGA_11	</identifier>
				<transform>
					<row0>	0.5000 0.0000 -0.8660 0.0000	</row0>
					<row1>	0.0000 1.0000 0.0000 0.0000	</row1>
					<row2>	0.8660 0.0000 0.5000 0.0000	</row2>
					<row3>	0.3771 0.8432 2.8716 1.0000	</row3>
				</transform>
			</node>
			<node>
				<identifier>	HP_FGA_12	</identifier>
				<transform>
					<row0>	0.2588 0.0000 0.9659 0.0000	</row0>
					<row1>	0.0000 1.0000 0.0000 0.0000	</row1>
					<row2>	-0.9659 0.0000 0.2588 0.0000	</row2>
					<row3>	-0.2085 1.1823 2.8643 1.0000	</row3>
				</transform>
			</node>
			<node>
				<identifier>	HP_FGA_13	</identifier>
				<transform>
					<row0>	0.2588 0.0000 -0.9659 0.0000	</row0>
					<row1>	0.0000 1.0000 0.0000 0.0000	</row1>
					<row2>	0.9659 0.0000 0.2588 0.0000	</row2>
					<row3>	0.2085 1.1823 2.8643 1.0000	</row3>
				</transform>
			</node>
			<node>
				<identifier>	HP_FGA_14	</identifier>
				<transform>
					<row0>	0.2588 0.0000 0.9659 0.0000	</row0>
					<row1>	0.0000 1.0000 0.0000 0.0000	</row1>
					<row2>	-0.9659 0.0000 0.2588 0.0000	</row2>
					<row3>	-0.3056 1.0137 2.8272 1.0000	</row3>
				</transform>
			</node>
			<node>
				<identifier>	HP_FGA_15	</identifier>
				<transform>
					<row0>	0.2588 0.0000 -0.9659 0.0000	</row0>
					<row1>	0.0000 1.0000 0.0000 0.0000	</row1>
					<row2>	0.9659 0.0000 0.2588 0.0000	</row2>
					<row3>	0.3056 1.0137 2.8272 1.0000	</row3>
				</transform>
			</node>
			<node>
				<identifier>	HP_FGA_16	</identifier>
				<transform>
					<row0>	0.7071 0.0000 0.7071 0.0000	</row0>
					<row1>	0.0000 1.0000 0.0000 0.0000	</row1>
					<row2>	-0.7071 0.0000 0.7071 0.0000	</row2>
					<row3>	-0.2074 1.8426 2.8196 1.0000	</row3>
				</transform>
			</node>
			<node>
				<identifier>	HP_FGA_17	</identifier>
				<transform>
					<row0>	0.7071 0.0000 -0.7071 0.0000	</row0>
					<row1>	0.0000 1.0000 0.0000 0.0000	</row1>
					<row2>	0.7071 0.0000 0.7071 0.0000	</row2>
					<row3>	0.2074 1.8426 2.8196 1.0000	</row3>
				</transform>
			</node>
			<node>
				<identifier>	HP_FGA_18	</identifier>
				<transform>
					<row0>	0.2588 0.0000 0.9659 0.0000	</row0>
					<row1>	0.0000 1.0000 0.0000 0.0000	</row1>
					<row2>	-0.9659 0.0000 0.2588 0.0000	</row2>
					<row3>	-0.2934 1.1823 2.7164 1.0000	</row3>
				</transform>
			</node>
			<node>
				<identifier>	HP_FGA_19	</identifier>
				<transform>
					<row0>	0.2588 0.0000 -0.9659 0.0000	</row0>
					<row1>	0.0000 1.0000 0.0000 0.0000	</row1>
					<row2>	0.9659 0.0000 0.2588 0.0000	</row2>
					<row3>	0.2934 1.1823 2.7164 1.0000	</row3>
				</transform>
			</node>
			<node>
				<identifier>	HP_FGA_2	</identifier>
				<transform>
					<row0>	1.0000 0.0000 0.0000 0.0000	</row0>
					<row1>	0.0000 1.0000 0.0000 0.0000	</row1>
					<row2>	0.0000 0.0000 1.0000 0.0000	</row2>
					<row3>	0.1329 0.4307 4.7784 1.0000	</row3>
				</transform>
			</node>
			<node>
				<identifier>	HP_FGA_20	</identifier>
				<transform>
					<row0>	0.0000 0.0000 1.0000 0.0000	</row0>
					<row1>	0.0000 1.0000 0.0000 0.0000	</row1>
					<row2>	-1.0000 0.0000 0.0000 0.0000	</row2>
					<row3>	-0.3390 1.3408 2.4452 1.0000	</row3>
				</transform>
			</node>
			<node>
				<identifier>	HP_FGA_21	</identifier>
				<transform>
					<row0>	0.0000 0.0000 -1.0000 0.0000	</row0>
					<row1>	0.0000 1.0000 0.0000 0.0000	</row1>
					<row2>	1.0000 0.0000 0.0000 0.0000	</row2>
					<row3>	0.3390 1.3408 2.4452 1.0000	</row3>
				</transform>
			</node>
			<node>
				<identifier>	HP_FGA_22	</identifier>
				<transform>
					<row0>	-0.7071 0.0000 0.7071 0.0000	</row0>
					<row1>	0.0000 1.0000 0.0000 0.0000	</row1>
					<row2>	-0.7071 0.0000 -0.7071 0.0000	</row2>
					<row3>	-0.3692 0.8415 2.1685 1.0000	</row3>
				</transform>
			</node>
			<node>
				<identifier>	HP_FGA_23	</identifier>
				<transform>
					<row0>	-0.7071 0.0000 -0.7071 0.0000	</row0>
					<row1>	0.0000 1.0000 0.0000 0.0000	</row1>
					<row2>	0.7071 0.0000 -0.7071 0.0000	</row2>
					<row3>	0.3692 0.8415 2.1685 1.0000	</row3>
				</transform>
			</node>
			<node>
				<identifier>	HP_FGA_24	</identifier>
				<transform>
					<row0>	-0.5000 0.0000 0.8660 0.0000	</row0>
					<row1>	0.0000 1.0000 0.0000 0.0000	</row1>
					<row2>	-0.8660 0.0000 -0.5000 0.0000	</row2>
					<row3>	-0.2172 1.5132 2.1386 1.0000	</row3>
				</transform>
			</node>
			<node>
				<identifier>	HP_FGA_25	</identifier>
				<transform>
					<row0>	-0.5000 0.0000 -0.8660 0.0000	</row0>
					<row1>	0.0000 1.0000 0.0000 0.0000	</row1>
					<row2>	0.8660 0.0000 -0.5000 0.0000	</row2>
					<row3>	0.2172 1.5132 2.1386 1.0000	</row3>
				</transform>
			</node>
			<node>
				<identifier>	HP_FGA_3	</identifier>
				<transform>
					<row0>	1.0000 0.0000 0.0000 0.0000	</row0>
					<row1>	0.0000 1.0000 0.0000 0.0000	</row1>
					<row2>	0.0000 0.0000 1.0000 0.0000	</row2>
					<row3>	-0.3095 0.4303 4.5102 1.0000	</row3>
				</transform>
			</node>
			<node>
				<identifier>	HP_FGA_4	</identifier>
				<transform>
					<row0>	1.0000 0.0000 0.0000 0.0000	</row0>
					<row1>	0.0000 1.0000 0.0000 0.0000	</row1>
					<row2>	0.0000 0.0000 1.0000 0.0000	</row2>
					<row3>	0.3095 0.4303 4.5102 1.0000	</row3>
				</transform>
			</node>
			<node>
				<identifier>	HP_FGA_5	</identifier>
				<transform>
					<row0>	1.0000 0.0000 0.0000 0.0000	</row0>
					<row1>	0.0000 1.0000 0.0000 0.0000	</row1>
					<row2>	0.0000 0.0000 1.0000 0.0000	</row2>
					<row3>	-0.5438 0.4307 4.2878 1.0000	</row3>
				</transform>
			</node>
			<node>
				<identifier>	HP_FGA_6	</identifier>
				<transform>
					<row0>	1.0000 0.0000 0.0000 0.0000	</row0>
					<row1>	0.0000 1.0000 0.0000 0.0000	</row1>
					<row2>	0.0000 0.0000 1.0000 0.0000	</row2>
					<row3>	0.5438 0.4307 4.2878 1.0000	</row3>
				</transform>
			</node>
			<node>
				<identifier>	HP_FGA_7	</identifier>
				<transform>
					<row0>	1.0000 0.0000 0.0000 0.0000	</row0>
					<row1>	0.0000 1.0000 0.0000 0.0000	</row1>
					<row2>	0.0000 0.0000 1.0000 0.0000	</row2>
					<row3>	0.0000 1.3408 3.2877 1.0000	</row3>
				</transform>
			</node>
			<node>
				<identifier>	HP_FGA_8	</identifier>
				<transform>
					<row0>	0.7071 0.0000 0.7071 0.0000	</row0>
					<row1>	0.0000 1.0000 0.0000 0.0000	</row1>
					<row2>	-0.7071 0.0000 0.7071 0.0000	</row2>
					<row3>	-0.0924 1.3408 3.0097 1.0000	</row3>
				</transform>
			</node>
			<node>
				<identifier>	HP_FGA_9	</identifier>
				<transform>
					<row0>	0.7071 0.0000 -0.7071 0.0000	</row0>
					<row1>	0.0000 1.0000 0.0000 0.0000	</row1>
					<row2>	0.7071 0.0000 0.7071 0.0000	</row2>
					<row3>	0.0924 1.3408 3.0097 1.0000	</row3>
				</transform>
			</node>
			<node>
				<identifier>	HP_FGM_1	</identifier>
				<transform>
					<row0>	1.0000 0.0000 0.0000 0.0000	</row0>
					<row1>	0.0000 1.0000 0.0000 0.0000	</row1>
					<row2>	0.0000 0.0000 1.0000 0.0000	</row2>
					<row3>	0.0000 0.6473 3.7804 1.0000	</row3>
				</transform>
			</node>
			<node>
				<identifier>	HP_FGS_1	</identifier>
				<transform>
					<row0>	1.0000 0.0000 0.0000 0.0000	</row0>
					<row1>	0.0000 1.0000 0.0000 0.0000	</row1>
					<row2>	0.0000 0.0000 1.0000 0.0000	</row2>
					<row3>	-0.6055 0.4548 3.2328 1.0000	</row3>
				</transform>
			</node>
			<node>
				<identifier>	HP_FGS_2	</identifier>
				<transform>
					<row0>	1.0000 0.0000 0.0000 0.0000	</row0>
					<row1>	0.0000 1.0000 0.0000 0.0000	</row1>
					<row2>	0.0000 0.0000 1.0000 0.0000	</row2>
					<row3>	0.6055 0.4548 3.2328 1.0000	</row3>
				</transform>
			</node>
			<node>
				<identifier>	HP_FRS_1	</identifier>
				<transform>
					<row0>	0.5804 0.0000 0.8143 0.0000	</row0>
					<row1>	0.0000 1.0000 0.0000 0.0000	</row1>
					<row2>	-0.8143 0.0000 0.5804 0.0000	</row2>
					<row3>	-0.6701 1.8772 2.9588 1.0000	</row3>
				</transform>
			</node>
			<node>
				<identifier>	HP_FRS_2	</identifier>
				<transform>
					<row0>	0.5804 0.0000 -0.8143 0.0000	</row0>
					<row1>	0.0000 1.0000 0.0000 0.0000	</row1>
					<row2>	0.8143 0.0000 0.5804 0.0000	</row2>
					<row3>	0.6701 1.8772 2.9588 1.0000	</row3>
				</transform>
			</node>
			<node>
				<identifier>	HP_FRS_3	</identifier>
				<transform>
					<row0>	0.5874 0.0000 -0.8093 0.0000	</row0>
					<row1>	0.0000 1.0000 0.0000 0.0000	</row1>
					<row2>	0.8093 0.0000 0.5874 0.0000	</row2>
					<row3>	-0.8945 1.8772 1.8315 1.0000	</row3>
				</transform>
			</node>
			<node>
				<identifier>	HP_FRS_4	</identifier>
				<transform>
					<row0>	0.5874 0.0000 0.8093 0.0000	</row0>
					<row1>	0.0000 1.0000 0.0000 0.0000	</row1>
					<row2>	-0.8093 0.0000 0.5874 0.0000	</row2>
					<row3>	0.8945 1.8772 1.8315 1.0000	</row3>
				</transform>
			</node>
			<node>
				<identifier>	HP_FX_Death_2	</identifier>
				<transform>
					<row0>	1.0000 0.0000 0.0000 0.0000	</row0>
					<row1>	0.0000 1.0000 0.0000 0.0000	</row1>
					<row2>	0.0000 0.0000 1.0000 0.0000	</row2>
					<row3>	0.0000 0.0000 1.3425 1.0000	</row3>
				</transform>
			</node>
			<node>
				<identifier>	HP_FX_Fire_2	</identifier>
				<transform>
					<row0>	1.0000 0.0000 0.0000 0.0000	</row0>
					<row1>	0.0000 1.0000 0.0000 0.0000	</row1>
					<row2>	0.0000 0.0000 1.0000 0.0000	</row2>
					<row3>	0.0000 1.2157 3.0061 1.0000	</row3>
				</transform>
			</node>
			<node>
				<identifier>	HP_FX_Fire_2_side_1	</identifier>
				<transform>
					<row0>	0.9986 0.0000 -0.0531 0.0000	</row0>
					<row1>	0.0000 1.0000 0.0000 0.0000	</row1>
					<row2>	0.0531 0.0000 0.9986 0.0000	</row2>
					<row3>	-0.5240 0.4500 4.6219 1.0000	</row3>
				</transform>
			</node>
			<node>
				<identifier>	HP_FX_Fire_2_side_2	</identifier>
				<transform>
					<row0>	0.9971 0.0000 0.0763 0.0000	</row0>
					<row1>	0.0000 1.0000 0.0000 0.0000	</row1>
					<row2>	-0.0763 0.0000 0.9971 0.0000	</row2>
					<row3>	0.5161 1.1150 2.4398 1.0000	</row3>
				</transform>
			</node>
			<node>
				<identifier>	HP_FX_Fire_2_side_3	</identifier>
				<transform>
					<row0>	1.0000 0.0000 0.0000 0.0000	</row0>
					<row1>	0.0000 1.0000 0.0000 0.0000	</row1>
					<row2>	0.0000 0.0000 1.0000 0.0000	</row2>
					<row3>	-0.6537 0.6294 2.2512 1.0000	</row3>
				</transform>
			</node>
			<node>
				<identifier>	HP_FX_FloodLight_left_2	</identifier>
				<transform>
					<row0>	-1.0000 0.0000 0.0000 0.0000	</row0>
					<row1>	0.0000 1.0000 0.0000 0.0000	</row1>
					<row2>	0.0000 0.0000 -1.0000 0.0000	</row2>
					<row3>	-0.2080 0.8680 1.9530 1.0000	</row3>
				</transform>
			</node>
			<node>
				<identifier>	HP_FX_FloodLight_right_1	</identifier>
				<transform>
					<row0>	1.0000 0.0000 0.0000 0.0000	</row0>
					<row1>	0.0000 1.0000 0.0000 0.0000	</row1>
					<row2>	0.0000 0.0000 1.0000 0.0000	</row2>
					<row3>	0.2070 0.8490 1.9330 1.0000	</row3>
				</transform>
			</node>
			<node>
				<identifier>	HP_FX_Flood_steam_1	</identifier>
				<transform>
					<row0>	1.0000 0.0000 0.0000 0.0000	</row0>
					<row1>	0.0000 1.0000 0.0000 0.0000	</row1>
					<row2>	0.0000 0.0000 1.0000 0.0000	</row2>
					<row3>	0.1850 1.6120 1.5740 1.0000	</row3>
				</transform>
			</node>
			<node>
				<identifier>	HP_FX_Flood_steam_2	</identifier>
				<transform>
					<row0>	1.0000 0.0000 0.0000 0.0000	</row0>
					<row1>	0.0000 1.0000 0.0000 0.0000	</row1>
					<row2>	0.0000 0.0000 1.0000 0.0000	</row2>
					<row3>	-0.2080 1.6010 1.5700 1.0000	</row3>
				</transform>
			</node>
			<node>
				<identifier>	HP_FX_Flood_steam_exhaust_1	</identifier>
				<transform>
					<row0>	1.0000 0.0000 0.0000 0.0000	</row0>
					<row1>	0.0000 1.0000 0.0000 0.0000	</row1>
					<row2>	0.0000 0.0000 1.0000 0.0000	</row2>
					<row3>	0.0540 1.6910 1.7210 1.0000	</row3>
				</transform>
			</node>
			<node>
				<identifier>	HP_FX_Flood_steam_exhaust_2	</identifier>
				<transform>
					<row0>	1.0000 0.0000 0.0000 0.0000	</row0>
					<row1>	0.0000 1.0000 0.0000 0.0000	</row1>
					<row2>	0.0000 0.0000 1.0000 0.0000	</row2>
					<row3>	-0.0650 1.6980 1.7230 1.0000	</row3>
				</transform>
			</node>
			<node>
				<identifier>	HP_FX_Flood_steam_left	</identifier>
				<transform>
					<row0>	-1.0000 0.0000 0.0000 0.0000	</row0>
					<row1>	0.0000 1.0000 0.0000 0.0000	</row1>
					<row2>	0.0000 0.0000 -1.0000 0.0000	</row2>
					<row3>	-0.8430 0.3960 3.0713 1.0000	</row3>
				</transform>
			</node>
			<node>
				<identifier>	HP_FX_Flood_water_left_4	</identifier>
				<transform>
					<row0>	-1.0000 0.0000 0.0000 0.0000	</row0>
					<row1>	0.0000 1.0000 0.0000 0.0000	</row1>
					<row2>	0.0000 0.0000 -1.0000 0.0000	</row2>
					<row3>	-0.6375 0.1329 4.0793 1.0000	</row3>
				</transform>
			</node>
			<node>
				<identifier>	HP_FX_Flood_water_right_4	</identifier>
				<transform>
					<row0>	1.0000 0.0000 0.0000 0.0000	</row0>
					<row1>	0.0000 1.0000 0.0000 0.0000	</row1>
					<row2>	0.0000 0.0000 1.0000 0.0000	</row2>
					<row3>	0.6375 0.1331 4.0797 1.0000	</row3>
				</transform>
			</node>
			<node>
				<identifier>	HP_FX_RepairLight_left_1	</identifier>
				<transform>
					<row0>	0.1235 0.0000 0.9923 0.0000	</row0>
					<row1>	-0.3271 0.9441 0.0407 0.0000	</row1>
					<row2>	-0.9369 -0.3296 0.1166 0.0000	</row2>
					<row3>	-0.7433 0.4274 3.9140 1.0000	</row3>
				</transform>
			</node>
			<node>
				<identifier>	HP_FX_RepairLight_right_1	</identifier>
				<transform>
					<row0>	0.1407 0.0000 -0.9901 0.0000	</row0>
					<row1>	0.3973 0.9160 0.0564 0.0000	</row1>
					<row2>	0.9069 -0.4013 0.1288 0.0000	</row2>
					<row3>	0.6567 0.4289 4.5491 1.0000	</row3>
				</transform>
			</node>
			<node>
				<identifier>	HP_FX_Smoke_1	</identifier>
				<transform>
					<row0>	1.0000 0.0000 0.0000 0.0000	</row0>
					<row1>	0.0000 0.9475 -0.3198 0.0000	</row1>
					<row2>	0.0000 0.3198 0.9475 0.0000	</row2>
					<row3>	0.0000 1.5281 1.5696 1.0000	</row3>
				</transform>
			</node>
			<node>
				<identifier>	HP_Flagpole	</identifier>
				<transform>
					<row0>	0.8000 0.0000 0.0000 0.0000	</row0>
					<row1>	0.0000 0.8000 0.0000 0.0000	</row1>
					<row2>	0.0000 0.0000 0.8000 0.0000	</row2>
					<row3>	0.0000 3.0195 2.5147 1.0000	</row3>
				</transform>
			</node>
			<node>
				<identifier>	HP_flag_1	</identifier>
				<transform>
					<row0>	0.9191 -0.3862 0.0783 0.0000	</row0>
					<row1>	0.3862 0.8434 -0.3735 0.0000	</row1>
					<row2>	0.0783 0.3735 0.9243 0.0000	</row2>
					<row3>	0.7359 1.8052 1.9460 1.0000	</row3>
				</transform>
			</node>
			<node>
				<identifier>	HP_flag_2	</identifier>
				<transform>
					<row0>	0.9191 0.3862 -0.0783 0.0000	</row0>
					<row1>	-0.3862 0.8434 -0.3735 0.0000	</row1>
					<row2>	-0.0783 0.3735 0.9243 0.0000	</row2>
					<row3>	-0.7359 1.8052 1.9460 1.0000	</row3>
				</transform>
			</node>
			<node>
				<identifier>	HP_flag_3	</identifier>
				<transform>
					<row0>	0.9427 -0.3301 0.0487 0.0000	</row0>
					<row1>	0.3301 0.9013 -0.2804 0.0000	</row1>
					<row2>	0.0487 0.2804 0.9587 0.0000	</row2>
					<row3>	0.6265 1.8042 2.0248 1.0000	</row3>
				</transform>
			</node>
			<node>
				<identifier>	HP_flag_4	</identifier>
				<transform>
					<row0>	0.9427 0.3301 -0.0487 0.0000	</row0>
					<row1>	-0.3301 0.9013 -0.2804 0.0000	</row1>
					<row2>	-0.0487 0.2804 0.9587 0.0000	</row2>
					<row3>	-0.6265 1.8042 2.0248 1.0000	</row3>
				</transform>
			</node>
			<node>
				<identifier>	HP_flag_courtesy	</identifier>
				<transform>
					<row0>	0.8958 -0.4307 0.1096 0.0000	</row0>
					<row1>	0.4307 0.7805 -0.4531 0.0000	</row1>
					<row2>	0.1096 0.4531 0.8847 0.0000	</row2>
					<row3>	0.8787 1.8086 1.8467 1.0000	</row3>
				</transform>
			</node>
			<node>
				<identifier>	HP_flag_house	</identifier>
				<transform>
					<row0>	0.8958 0.4307 -0.1096 0.0000	</row0>
					<row1>	-0.4307 0.7805 -0.4531 0.0000	</row1>
					<row2>	-0.1096 0.4531 0.8847 0.0000	</row2>
					<row3>	-0.8787 1.8086 1.8467 1.0000	</row3>
				</transform>
			</node>
			<node>
				<identifier>	MP_CM011_Fire_Fighting_Gear	</identifier>
				<transform>
					<row0>	0.0000 0.0000 -1.0000 0.0000	</row0>
					<row1>	0.0000 1.0000 0.0000 0.0000	</row1>
					<row2>	1.0000 0.0000 0.0000 0.0000	</row2>
					<row3>	-0.2062 0.5784 3.0124 1.0000	</row3>
				</transform>
			</node>
			<node>
				<identifier>	MP_CM011_Fire_Fighting_Gear_INDEX_1	</identifier>
				<transform>
					<row0>	0.0000 0.0000 -1.0000 0.0000	</row0>
					<row1>	0.0000 1.0000 0.0000 0.0000	</row1>
					<row2>	1.0000 0.0000 0.0000 0.0000	</row2>
					<row3>	-0.5451 0.4319 3.6099 1.0000	</row3>
				</transform>
			</node>
			<node>
				<identifier>	MP_CM011_Fire_Fighting_Gear_INDEX_2	</identifier>
				<transform>
					<row0>	0.7940 0.0000 0.6079 0.0000	</row0>
					<row1>	0.0000 1.0000 0.0000 0.0000	</row1>
					<row2>	-0.6079 0.0000 0.7940 0.0000	</row2>
					<row3>	0.2714 0.4319 1.7803 1.0000	</row3>
				</transform>
			</node>
			<node>
				<identifier>	MP_CM011_Fire_Fighting_Gear_INDEX_3	</identifier>
				<transform>
					<row0>	0.0000 0.0000 1.0000 0.0000	</row0>
					<row1>	0.0000 1.0000 0.0000 0.0000	</row1>
					<row2>	-1.0000 0.0000 0.0000 0.0000	</row2>
					<row3>	0.2062 0.5784 3.0124 1.0000	</row3>
				</transform>
			</node>
			<node>
				<identifier>	MP_CM011_Fire_Fighting_Gear_INDEX_4	</identifier>
				<transform>
					<row0>	0.7940 0.0000 -0.6079 0.0000	</row0>
					<row1>	0.0000 1.0000 0.0000 0.0000	</row1>
					<row2>	0.6079 0.0000 0.7940 0.0000	</row2>
					<row3>	-0.2714 0.4319 1.7803 1.0000	</row3>
				</transform>
			</node>
			<node>
				<identifier>	MP_CM011_Fire_Fighting_Gear_INDEX_5	</identifier>
				<transform>
					<row0>	-1.0000 0.0000 0.0000 0.0000	</row0>
					<row1>	0.0000 1.0000 0.0000 0.0000	</row1>
					<row2>	0.0000 0.0000 -1.0000 0.0000	</row2>
					<row3>	-0.0306 0.4319 4.1866 1.0000	</row3>
				</transform>
			</node>
			<node>
				<identifier>	MP_CM011_Fire_Fighting_Gear_INDEX_6	</identifier>
				<transform>
					<row0>	0.0000 0.0000 1.0000 0.0000	</row0>
					<row1>	0.0000 1.0000 0.0000 0.0000	</row1>
					<row2>	-1.0000 0.0000 0.0000 0.0000	</row2>
					<row3>	0.5451 0.4319 3.6099 1.0000	</row3>
				</transform>
			</node>
			<node>
				<identifier>	MP_CM012_Fire_Hose_Rack_1	</identifier>
				<transform>
					<row0>	0.9008 0.0000 -0.4343 0.0000	</row0>
					<row1>	0.0000 1.0000 0.0000 0.0000	</row1>
					<row2>	0.4343 0.0000 0.9008 0.0000	</row2>
					<row3>	-0.2224 1.4071 2.6022 1.0000	</row3>
				</transform>
			</node>
			<node>
				<identifier>	MP_CM012_Fire_Hose_Rack_1_INDEX_1	</identifier>
				<transform>
					<row0>	-1.0000 0.0000 0.0000 0.0000	</row0>
					<row1>	0.0000 1.0000 0.0000 0.0000	</row1>
					<row2>	0.0000 0.0000 -1.0000 0.0000	</row2>
					<row3>	0.5326 0.5029 3.6344 1.0000	</row3>
				</transform>
			</node>
			<node>
				<identifier>	MP_CM012_Fire_Hose_Rack_1_INDEX_10	</identifier>
				<transform>
					<row0>	0.6092 0.0000 0.7930 0.0000	</row0>
					<row1>	0.0000 1.0000 0.0000 0.0000	</row1>
					<row2>	-0.7930 0.0000 0.6092 0.0000	</row2>
					<row3>	-0.2941 0.5029 1.8092 1.0000	</row3>
				</transform>
			</node>
			<node>
				<identifier>	MP_CM012_Fire_Hose_Rack_1_INDEX_11	</identifier>
				<transform>
					<row0>	-0.9030 0.0000 -0.4296 0.0000	</row0>
					<row1>	0.0000 1.0000 0.0000 0.0000	</row1>
					<row2>	0.4296 0.0000 -0.9030 0.0000	</row2>
					<row3>	0.2224 1.4071 2.6022 1.0000	</row3>
				</transform>
			</node>
			<node>
				<identifier>	MP_CM012_Fire_Hose_Rack_1_INDEX_12	</identifier>
				<transform>
					<row0>	1.0000 0.0000 0.0000 0.0000	</row0>
					<row1>	0.0000 1.0000 0.0000 0.0000	</row1>
					<row2>	0.0000 0.0000 1.0000 0.0000	</row2>
					<row3>	-0.5326 0.5029 3.6344 1.0000	</row3>
				</transform>
			</node>
			<node>
				<identifier>	MP_CM012_Fire_Hose_Rack_1_INDEX_13	</identifier>
				<transform>
					<row0>	1.0000 0.0000 0.0000 0.0000	</row0>
					<row1>	0.0000 1.0000 0.0000 0.0000	</row1>
					<row2>	0.0000 0.0000 1.0000 0.0000	</row2>
					<row3>	-0.1978 0.9068 3.0342 1.0000	</row3>
				</transform>
			</node>
			<node>
				<identifier>	MP_CM012_Fire_Hose_Rack_1_INDEX_14	</identifier>
				<transform>
					<row0>	0.9008 0.0000 -0.4343 0.0000	</row0>
					<row1>	0.0000 1.0000 0.0000 0.0000	</row1>
					<row2>	0.4343 0.0000 0.9008 0.0000	</row2>
					<row3>	-0.2167 1.2485 2.6151 1.0000	</row3>
				</transform>
			</node>
			<node>
				<identifier>	MP_CM012_Fire_Hose_Rack_1_INDEX_15	</identifier>
				<transform>
					<row0>	0.0000 0.0000 -1.0000 0.0000	</row0>
					<row1>	0.0000 1.0000 0.0000 0.0000	</row1>
					<row2>	1.0000 0.0000 0.0000 0.0000	</row2>
					<row3>	0.0000 0.5029 4.1684 1.0000	</row3>
				</transform>
			</node>
			<node>
				<identifier>	MP_CM012_Fire_Hose_Rack_1_INDEX_16	</identifier>
				<transform>
					<row0>	-0.9004 0.0000 -0.4350 0.0000	</row0>
					<row1>	0.0000 1.0000 0.0000 0.0000	</row1>
					<row2>	0.4350 0.0000 -0.9004 0.0000	</row2>
					<row3>	0.2166 1.2485 2.6154 1.0000	</row3>
				</transform>
			</node>
			<node>
				<identifier>	MP_CM012_Fire_Hose_Rack_1_INDEX_2	</identifier>
				<transform>
					<row0>	-1.0000 0.0000 0.0000 0.0000	</row0>
					<row1>	0.0000 1.0000 0.0000 0.0000	</row1>
					<row2>	0.0000 0.0000 -1.0000 0.0000	</row2>
					<row3>	0.1979 0.9068 3.0342 1.0000	</row3>
				</transform>
			</node>
			<node>
				<identifier>	MP_CM012_Fire_Hose_Rack_1_INDEX_3	</identifier>
				<transform>
					<row0>	-1.0000 0.0000 0.0000 0.0000	</row0>
					<row1>	0.0000 1.0000 0.0000 0.0000	</row1>
					<row2>	0.0000 0.0000 -1.0000 0.0000	</row2>
					<row3>	0.1978 0.6601 3.0342 1.0000	</row3>
				</transform>
			</node>
			<node>
				<identifier>	MP_CM012_Fire_Hose_Rack_1_INDEX_4	</identifier>
				<transform>
					<row0>	-0.9004 0.0000 -0.4350 0.0000	</row0>
					<row1>	0.0000 1.0000 0.0000 0.0000	</row1>
					<row2>	0.4350 0.0000 -0.9004 0.0000	</row2>
					<row3>	0.2004 1.0930 2.6490 1.0000	</row3>
				</transform>
			</node>
			<node>
				<identifier>	MP_CM012_Fire_Hose_Rack_1_INDEX_5	</identifier>
				<transform>
					<row0>	0.9997 0.0000 -0.0228 0.0000	</row0>
					<row1>	0.0000 1.0000 0.0000 0.0000	</row1>
					<row2>	0.0228 0.0000 0.9997 0.0000	</row2>
					<row3>	-0.1979 0.6601 3.0342 1.0000	</row3>
				</transform>
			</node>
			<node>
				<identifier>	MP_CM012_Fire_Hose_Rack_1_INDEX_6	</identifier>
				<transform>
					<row0>	0.9008 0.0000 -0.4343 0.0000	</row0>
					<row1>	0.0000 1.0000 0.0000 0.0000	</row1>
					<row2>	0.4343 0.0000 0.9008 0.0000	</row2>
					<row3>	-0.2224 1.5970 2.6022 1.0000	</row3>
				</transform>
			</node>
			<node>
				<identifier>	MP_CM012_Fire_Hose_Rack_1_INDEX_7	</identifier>
				<transform>
					<row0>	-0.8891 0.0000 -0.4577 0.0000	</row0>
					<row1>	0.0000 1.0000 0.0000 0.0000	</row1>
					<row2>	0.4577 0.0000 -0.8891 0.0000	</row2>
					<row3>	0.2224 1.5970 2.6022 1.0000	</row3>
				</transform>
			</node>
			<node>
				<identifier>	MP_CM012_Fire_Hose_Rack_1_INDEX_8	</identifier>
				<transform>
					<row0>	0.9012 0.0000 -0.4334 0.0000	</row0>
					<row1>	0.0000 1.0000 0.0000 0.0000	</row1>
					<row2>	0.4334 0.0000 0.9012 0.0000	</row2>
					<row3>	-0.2004 1.0930 2.6490 1.0000	</row3>
				</transform>
			</node>
			<node>
				<identifier>	MP_CM012_Fire_Hose_Rack_1_INDEX_9	</identifier>
				<transform>
					<row0>	-0.6083 0.0000 0.7937 0.0000	</row0>
					<row1>	0.0000 1.0000 0.0000 0.0000	</row1>
					<row2>	-0.7937 0.0000 -0.6083 0.0000	</row2>
					<row3>	0.2941 0.5029 1.8092 1.0000	</row3>
				</transform>
			</node>
			<node>
				<identifier>	MP_CM014_Fuel_Oil_Hose	</identifier>
				<transform>
					<row0>	1.0000 0.0000 0.0000 0.0000	</row0>
					<row1>	0.0000 -1.0000 0.0000 0.0000	</row1>
					<row2>	0.0000 0.0000 -1.0000 0.0000	</row2>
					<row3>	-0.5337 0.4862 2.1741 1.0000	</row3>
				</transform>
			</node>
			<node>
				<identifier>	MP_CM014_Fuel_Oil_Hose_INDEX_1	</identifier>
				<transform>
					<row0>	1.0000 0.0000 0.0000 0.0000	</row0>
					<row1>	0.0000 -1.0000 0.0000 0.0000	</row1>
					<row2>	0.0000 0.0000 -1.0000 0.0000	</row2>
					<row3>	-0.5337 0.4575 2.1741 1.0000	</row3>
				</transform>
			</node>
			<node>
				<identifier>	MP_CM014_Fuel_Oil_Hose_INDEX_2	</identifier>
				<transform>
					<row0>	-1.0000 0.0000 0.0000 0.0000	</row0>
					<row1>	0.0000 1.0000 0.0000 0.0000	</row1>
					<row2>	0.0000 0.0000 -1.0000 0.0000	</row2>
					<row3>	0.5337 0.4575 2.1741 1.0000	</row3>
				</transform>
			</node>
			<node>
				<identifier>	MP_CM014_Fuel_Oil_Hose_INDEX_3	</identifier>
				<transform>
					<row0>	-1.0000 0.0000 0.0000 0.0000	</row0>
					<row1>	0.0000 1.0000 0.0000 0.0000	</row1>
					<row2>	0.0000 0.0000 -1.0000 0.0000	</row2>
					<row3>	0.5337 0.4862 2.1741 1.0000	</row3>
				</transform>
			</node>
			<node>
				<identifier>	MP_CM029_Emergency_Box	</identifier>
				<transform>
					<row0>	-0.9743 0.0000 0.2251 0.0000	</row0>
					<row1>	0.0000 1.0000 0.0000 0.0000	</row1>
					<row2>	-0.2251 0.0000 -0.9743 0.0000	</row2>
					<row3>	0.1241 0.5029 4.1619 1.0000	</row3>
				</transform>
			</node>
			<node>
				<identifier>	MP_CM029_Emergency_Box_INDEX_1	</identifier>
				<transform>
					<row0>	0.0000 0.0000 1.0000 0.0000	</row0>
					<row1>	0.0000 1.0000 0.0000 0.0000	</row1>
					<row2>	-1.0000 0.0000 0.0000 0.0000	</row2>
					<row3>	0.2494 1.4124 2.3913 1.0000	</row3>
				</transform>
			</node>
			<node>
				<identifier>	MP_CM029_Emergency_Box_INDEX_10	</identifier>
				<transform>
					<row0>	-0.4334 0.0000 0.9012 0.0000	</row0>
					<row1>	0.0000 1.0000 0.0000 0.0000	</row1>
					<row2>	-0.9012 0.0000 -0.4334 0.0000	</row2>
					<row3>	0.1736 1.0823 2.7196 1.0000	</row3>
				</transform>
			</node>
			<node>
				<identifier>	MP_CM029_Emergency_Box_INDEX_11	</identifier>
				<transform>
					<row0>	-0.1610 0.0000 -0.9870 0.0000	</row0>
					<row1>	0.0000 1.0000 0.0000 0.0000	</row1>
					<row2>	0.9870 0.0000 -0.1610 0.0000	</row2>
					<row3>	0.2726 1.8762 2.7647 1.0000	</row3>
				</transform>
			</node>
			<node>
				<identifier>	MP_CM029_Emergency_Box_INDEX_12	</identifier>
				<transform>
					<row0>	0.0000 0.0000 -1.0000 0.0000	</row0>
					<row1>	0.0000 1.0000 0.0000 0.0000	</row1>
					<row2>	1.0000 0.0000 0.0000 0.0000	</row2>
					<row3>	-0.2495 1.2467 2.4452 1.0000	</row3>
				</transform>
			</node>
			<node>
				<identifier>	MP_CM029_Emergency_Box_INDEX_13	</identifier>
				<transform>
					<row0>	0.0000 0.0000 -1.0000 0.0000	</row0>
					<row1>	0.0000 1.0000 0.0000 0.0000	</row1>
					<row2>	1.0000 0.0000 0.0000 0.0000	</row2>
					<row3>	-0.2494 1.4124 2.3913 1.0000	</row3>
				</transform>
			</node>
			<node>
				<identifier>	MP_CM029_Emergency_Box_INDEX_14	</identifier>
				<transform>
					<row0>	0.0000 0.0000 -1.0000 0.0000	</row0>
					<row1>	0.0000 1.0000 0.0000 0.0000	</row1>
					<row2>	1.0000 0.0000 0.0000 0.0000	</row2>
					<row3>	-0.2038 1.0847 3.0343 1.0000	</row3>
				</transform>
			</node>
			<node>
				<identifier>	MP_CM029_Emergency_Box_INDEX_2	</identifier>
				<transform>
					<row0>	0.0000 0.0000 1.0000 0.0000	</row0>
					<row1>	0.0000 1.0000 0.0000 0.0000	</row1>
					<row2>	-1.0000 0.0000 0.0000 0.0000	</row2>
					<row3>	0.2495 1.2467 2.4452 1.0000	</row3>
				</transform>
			</node>
			<node>
				<identifier>	MP_CM029_Emergency_Box_INDEX_3	</identifier>
				<transform>
					<row0>	0.0000 0.0000 1.0000 0.0000	</row0>
					<row1>	0.0000 1.0000 0.0000 0.0000	</row1>
					<row2>	-1.0000 0.0000 0.0000 0.0000	</row2>
					<row3>	0.2043 0.9078 2.7861 1.0000	</row3>
				</transform>
			</node>
			<node>
				<identifier>	MP_CM029_Emergency_Box_INDEX_4	</identifier>
				<transform>
					<row0>	-0.4334 0.0000 -0.9012 0.0000	</row0>
					<row1>	0.0000 1.0000 0.0000 0.0000	</row1>
					<row2>	0.9012 0.0000 -0.4334 0.0000	</row2>
					<row3>	-0.1736 1.0823 2.7196 1.0000	</row3>
				</transform>
			</node>
			<node>
				<identifier>	MP_CM029_Emergency_Box_INDEX_5	</identifier>
				<transform>
					<row0>	0.0000 0.0000 1.0000 0.0000	</row0>
					<row1>	-0.0702 0.9975 0.0000 0.0000	</row1>
					<row2>	-0.9975 -0.0702 0.0000 0.0000	</row2>
					<row3>	0.2185 0.6411 2.2003 1.0000	</row3>
				</transform>
			</node>
			<node>
				<identifier>	MP_CM029_Emergency_Box_INDEX_6	</identifier>
				<transform>
					<row0>	0.0000 0.0000 -1.0000 0.0000	</row0>
					<row1>	0.0702 0.9975 0.0000 0.0000	</row1>
					<row2>	0.9975 -0.0702 0.0000 0.0000	</row2>
					<row3>	-0.2185 0.6411 2.2003 1.0000	</row3>
				</transform>
			</node>
			<node>
				<identifier>	MP_CM029_Emergency_Box_INDEX_7	</identifier>
				<transform>
					<row0>	-0.1610 0.0000 0.9870 0.0000	</row0>
					<row1>	0.0000 1.0000 0.0000 0.0000	</row1>
					<row2>	-0.9870 0.0000 -0.1610 0.0000	</row2>
					<row3>	-0.2726 1.8762 2.7647 1.0000	</row3>
				</transform>
			</node>
			<node>
				<identifier>	MP_CM029_Emergency_Box_INDEX_8	</identifier>
				<transform>
					<row0>	0.0000 0.0000 1.0000 0.0000	</row0>
					<row1>	0.0000 1.0000 0.0000 0.0000	</row1>
					<row2>	-1.0000 0.0000 0.0000 0.0000	</row2>
					<row3>	0.2038 1.0847 3.0343 1.0000	</row3>
				</transform>
			</node>
			<node>
				<identifier>	MP_CM029_Emergency_Box_INDEX_9	</identifier>
				<transform>
					<row0>	0.0000 0.0000 -1.0000 0.0000	</row0>
					<row1>	0.0000 1.0000 0.0000 0.0000	</row1>
					<row2>	1.0000 0.0000 0.0000 0.0000	</row2>
					<row3>	-0.2043 0.9078 2.7861 1.0000	</row3>
				</transform>
			</node>
			<node>
				<identifier>	MP_CM030_Swab_Rack_2	</identifier>
				<transform>
					<row0>	0.0000 0.0000 1.0000 0.0000	</row0>
					<row1>	0.0000 1.0000 0.0000 0.0000	</row1>
					<row2>	-1.0000 0.0000 0.0000 0.0000	</row2>
					<row3>	-0.2431 0.5760 2.3339 1.0000	</row3>
				</transform>
			</node>
			<node>
				<identifier>	MP_CM030_Swab_Rack_2_INDEX_1	</identifier>
				<transform>
					<row0>	0.0000 0.0000 -1.0000 0.0000	</row0>
					<row1>	0.0000 1.0000 0.0000 0.0000	</row1>
					<row2>	1.0000 0.0000 0.0000 0.0000	</row2>
					<row3>	0.2431 0.5760 2.3339 1.0000	</row3>
				</transform>
			</node>
			<node>
				<identifier>	MP_CM040_Steering_Wheel	</identifier>
				<transform>
					<row0>	1.0000 0.0000 0.0000 0.0000	</row0>
					<row1>	0.0000 1.0000 0.0000 0.0000	</row1>
					<row2>	0.0000 0.0000 1.0000 0.0000	</row2>
					<row3>	0.0000 1.0189 3.3553 1.0000	</row3>
				</transform>
			</node>
			<node>
				<identifier>	MP_CM051_Fire_Fighting_Gear	</identifier>
				<transform>
					<row0>	-1.0000 0.0000 0.0000 0.0000	</row0>
					<row1>	0.0000 -1.0000 0.0000 0.0000	</row1>
					<row2>	0.0000 0.0000 1.0000 0.0000	</row2>
					<row3>	-0.1978 0.8704 2.9525 1.0000	</row3>
				</transform>
			</node>
			<node>
				<identifier>	MP_CM051_Fire_Fighting_Gear_INDEX_1	</identifier>
				<transform>
					<row0>	-0.9007 -0.0050 0.4345 0.0000	</row0>
					<row1>	-0.0044 1.0000 0.0024 0.0000	</row1>
					<row2>	-0.4345 0.0002 -0.9007 0.0000	</row2>
					<row3>	-0.2178 1.5495 2.6127 1.0000	</row3>
				</transform>
			</node>
			<node>
				<identifier>	MP_CM051_Fire_Fighting_Gear_INDEX_2	</identifier>
				<transform>
					<row0>	0.9063 0.0090 0.4226 0.0000	</row0>
					<row1>	0.0081 -1.0000 0.0038 0.0000	</row1>
					<row2>	0.4226 0.0000 -0.9063 0.0000	</row2>
					<row3>	0.2077 1.0505 2.6333 1.0000	</row3>
				</transform>
			</node>
			<node>
				<identifier>	MP_CM051_Fire_Fighting_Gear_INDEX_3	</identifier>
				<transform>
					<row0>	0.9007 -0.0033 0.4345 0.0000	</row0>
					<row1>	-0.0028 -1.0000 -0.0016 0.0000	</row1>
					<row2>	0.4345 0.0002 -0.9007 0.0000	</row2>
					<row3>	0.2176 1.5495 2.6133 1.0000	</row3>
				</transform>
			</node>
			<node>
				<identifier>	MP_CM051_Fire_Fighting_Gear_INDEX_4	</identifier>
				<transform>
					<row0>	0.9063 0.0090 0.4226 0.0000	</row0>
					<row1>	0.0081 -1.0000 0.0038 0.0000	</row1>
					<row2>	0.4226 0.0000 -0.9063 0.0000	</row2>
					<row3>	0.2253 1.2137 2.5953 1.0000	</row3>
				</transform>
			</node>
			<node>
				<identifier>	MP_CM051_Fire_Fighting_Gear_INDEX_5	</identifier>
				<transform>
					<row0>	-0.9005 0.0189 0.4344 0.0000	</row0>
					<row1>	0.0171 0.9998 -0.0080 0.0000	</row1>
					<row2>	-0.4345 0.0002 -0.9007 0.0000	</row2>
					<row3>	-0.2179 1.3693 2.6127 1.0000	</row3>
				</transform>
			</node>
			<node>
				<identifier>	MP_CM051_Fire_Fighting_Gear_INDEX_6	</identifier>
				<transform>
					<row0>	-0.9063 0.0000 0.4226 0.0000	</row0>
					<row1>	0.0000 1.0000 0.0000 0.0000	</row1>
					<row2>	-0.4226 0.0000 -0.9063 0.0000	</row2>
					<row3>	-0.2077 1.0505 2.6333 1.0000	</row3>
				</transform>
			</node>
			<node>
				<identifier>	MP_CM051_Fire_Fighting_Gear_INDEX_7	</identifier>
				<transform>
					<row0>	0.9007 -0.0033 0.4345 0.0000	</row0>
					<row1>	-0.0028 -1.0000 -0.0016 0.0000	</row1>
					<row2>	0.4345 0.0002 -0.9007 0.0000	</row2>
					<row3>	0.2177 1.3693 2.6131 1.0000	</row3>
				</transform>
			</node>
			<node>
				<identifier>	MP_CM051_Fire_Fighting_Gear_INDEX_8	</identifier>
				<transform>
					<row0>	-0.9061 0.0189 0.4225 0.0000	</row0>
					<row1>	0.0171 0.9998 -0.0080 0.0000	</row1>
					<row2>	-0.4226 0.0000 -0.9063 0.0000	</row2>
					<row3>	-0.2251 1.2136 2.5956 1.0000	</row3>
				</transform>
			</node>
			<node>
				<identifier>	MP_CM051_Fire_Fighting_Gear_INDEX_9	</identifier>
				<transform>
					<row0>	1.0000 0.0000 0.0000 0.0000	</row0>
					<row1>	0.0000 1.0000 0.0000 0.0000	</row1>
					<row2>	0.0000 0.0000 1.0000 0.0000	</row2>
					<row3>	0.1978 0.8704 2.9525 1.0000	</row3>
				</transform>
			</node>
			<node>
				<identifier>	MP_CM053_Telegraph	</identifier>
				<transform>
					<row0>	0.8660 0.0000 -0.5000 0.0000	</row0>
					<row1>	0.0000 1.0000 0.0000 0.0000	</row1>
					<row2>	0.5000 0.0000 0.8660 0.0000	</row2>
					<row3>	0.1234 1.0189 3.3485 1.0000	</row3>
				</transform>
			</node>
			<node>
				<identifier>	MP_CM053_Telegraph_INDEX_1	</identifier>
				<transform>
					<row0>	0.8660 0.0000 0.5000 0.0000	</row0>
					<row1>	0.0000 1.0000 0.0000 0.0000	</row1>
					<row2>	-0.5000 0.0000 0.8660 0.0000	</row2>
					<row3>	-0.0970 1.0189 3.3629 1.0000	</row3>
				</transform>
			</node>
			<node>
				<identifier>	MP_CM053_Telegraph_INDEX_2	</identifier>
				<transform>
					<row0>	0.8660 0.0000 -0.5000 0.0000	</row0>
					<row1>	0.0000 1.0000 0.0000 0.0000	</row1>
					<row2>	0.5000 0.0000 0.8660 0.0000	</row2>
					<row3>	0.0970 1.0189 3.3629 1.0000	</row3>
				</transform>
			</node>
			<node>
				<identifier>	MP_CM053_Telegraph_INDEX_3	</identifier>
				<transform>
					<row0>	0.8660 0.0000 0.5000 0.0000	</row0>
					<row1>	0.0000 1.0000 0.0000 0.0000	</row1>
					<row2>	-0.5000 0.0000 0.8660 0.0000	</row2>
					<row3>	-0.1234 1.0189 3.3485 1.0000	</row3>
				</transform>
			</node>
			<node>
				<identifier>	MP_CM079_Fender	</identifier>
				<transform>
					<row0>	0.0579 0.0000 -0.9983 0.0000	</row0>
					<row1>	-0.9983 0.0000 -0.0579 0.0000	</row1>
					<row2>	0.0000 1.0000 0.0000 0.0000	</row2>
					<row3>	0.8699 0.4307 1.7258 1.0000	</row3>
				</transform>
			</node>
			<node>
				<identifier>	MP_CM079_Fender_INDEX_1	</identifier>
				<transform>
					<row0>	0.0579 0.0000 0.9983 0.0000	</row0>
					<row1>	0.9983 0.0000 -0.0579 0.0000	</row1>
					<row2>	0.0000 1.0000 0.0000 0.0000	</row2>
					<row3>	-0.8699 0.4307 1.7258 1.0000	</row3>
				</transform>
			</node>
			<node>
				<identifier>	MP_FM001_Pelorus	</identifier>
				<transform>
					<row0>	1.0000 0.0000 0.0000 0.0000	</row0>
					<row1>	0.0000 1.0000 0.0000 0.0000	</row1>
					<row2>	0.0000 0.0000 1.0000 0.0000	</row2>
					<row3>	0.3399 1.0137 3.0256 1.0000	</row3>
				</transform>
			</node>
			<node>
				<identifier>	MP_FM001_Pelorus_INDEX_1	</identifier>
				<transform>
					<row0>	1.0000 0.0000 0.0000 0.0000	</row0>
					<row1>	0.0000 1.0000 0.0000 0.0000	</row1>
					<row2>	0.0000 0.0000 1.0000 0.0000	</row2>
					<row3>	0.0872 1.1823 3.3738 1.0000	</row3>
				</transform>
			</node>
			<node>
				<identifier>	MP_FM001_Pelorus_INDEX_2	</identifier>
				<transform>
					<row0>	1.0000 0.0000 0.0000 0.0000	</row0>
					<row1>	0.0000 1.0000 0.0000 0.0000	</row1>
					<row2>	0.0000 0.0000 1.0000 0.0000	</row2>
					<row3>	-0.3399 1.0137 3.0256 1.0000	</row3>
				</transform>
			</node>
			<node>
				<identifier>	MP_FM002_Binoculars	</identifier>
				<transform>
					<row0>	0.0000 0.0000 1.0000 0.0000	</row0>
					<row1>	0.0000 1.0000 0.0000 0.0000	</row1>
					<row2>	-1.0000 0.0000 0.0000 0.0000	</row2>
					<row3>	-0.3690 1.0137 2.6800 1.0000	</row3>
				</transform>
			</node>
			<node>
				<identifier>	MP_FM002_Binoculars_INDEX_1	</identifier>
				<transform>
					<row0>	-0.9555 0.0000 0.2949 0.0000	</row0>
					<row1>	0.0000 1.0000 0.0000 0.0000	</row1>
					<row2>	-0.2949 0.0000 -0.9555 0.0000	</row2>
					<row3>	-0.1385 1.8440 2.0870 1.0000	</row3>
				</transform>
