<ASD067_Halford_1943_MidFront_ports.visual>
	<node>
		<identifier>	Scene Root	</identifier>
		<transform>
			<row0>	1.0000 0.0000 0.0000 0.0000	</row0>
			<row1>	0.0000 1.0000 0.0000 0.0000	</row1>
			<row2>	0.0000 0.0000 1.0000 0.0000	</row2>
			<row3>	0.0000 0.0000 0.0000 1.0000	</row3>
		</transform>
		<node>
			<identifier>	MidFront_ports	</identifier>
			<transform>
				<row0>	1.0000 0.0000 0.0000 0.0000	</row0>
				<row1>	0.0000 1.0000 0.0000 0.0000	</row1>
				<row2>	0.0000 0.0000 1.0000 0.0000	</row2>
				<row3>	0.0000 0.0000 0.0000 1.0000	</row3>
			</transform>
			<node>
				<identifier>	HP_AD_1	</identifier>
				<transform>
					<row0>	1.0000 0.0000 0.0000 0.0000	</row0>
					<row1>	0.0000 1.0000 0.0000 0.0000	</row1>
					<row2>	0.0000 0.0000 1.0000 0.0000	</row2>
					<row3>	0.0000 0.8946 1.3583 1.0000	</row3>
				</transform>
			</node>
			<node>
				<identifier>	HP_AD_2	</identifier>
				<transform>
					<row0>	0.0000 0.0000 1.0000 0.0000	</row0>
					<row1>	0.0000 1.0000 0.0000 0.0000	</row1>
					<row2>	-1.0000 0.0000 0.0000 0.0000	</row2>
					<row3>	-0.2798 0.6236 1.1706 1.0000	</row3>
				</transform>
			</node>
			<node>
				<identifier>	HP_AD_3	</identifier>
				<transform>
					<row0>	0.0000 0.0000 -1.0000 0.0000	</row0>
					<row1>	0.0000 1.0000 0.0000 0.0000	</row1>
					<row2>	1.0000 0.0000 0.0000 0.0000	</row2>
					<row3>	0.2798 0.6236 1.1706 1.0000	</row3>
				</transform>
			</node>
			<node>
				<identifier>	HP_AGA_1	</identifier>
				<transform>
					<row0>	1.0000 0.0000 0.0000 0.0000	</row0>
					<row1>	0.0000 1.0000 0.0000 0.0000	</row1>
					<row2>	0.0000 0.0000 1.0000 0.0000	</row2>
					<row3>	0.0000 0.6225 1.7983 1.0000	</row3>
				</transform>
			</node>
			<node>
				<identifier>	HP_AGA_2	</identifier>
				<transform>
					<row0>	0.7071 0.0000 0.7071 0.0000	</row0>
					<row1>	0.0000 1.0000 0.0000 0.0000	</row1>
					<row2>	-0.7071 0.0000 0.7071 0.0000	</row2>
					<row3>	-0.2263 0.4442 1.7328 1.0000	</row3>
				</transform>
			</node>
			<node>
				<identifier>	HP_AGA_3	</identifier>
				<transform>
					<row0>	0.7071 0.0000 -0.7071 0.0000	</row0>
					<row1>	0.0000 1.0000 0.0000 0.0000	</row1>
					<row2>	0.7071 0.0000 0.7071 0.0000	</row2>
					<row3>	0.2263 0.4442 1.7328 1.0000	</row3>
				</transform>
			</node>
			<node>
				<identifier>	HP_AGA_4	</identifier>
				<transform>
					<row0>	1.0000 0.0000 0.0000 0.0000	</row0>
					<row1>	0.0000 1.0000 0.0000 0.0000	</row1>
					<row2>	0.0000 0.0000 1.0000 0.0000	</row2>
					<row3>	0.0000 0.7670 1.5792 1.0000	</row3>
				</transform>
			</node>
			<node>
				<identifier>	HP_AGM_2	</identifier>
				<transform>
					<row0>	1.0000 0.0000 0.0000 0.0000	</row0>
					<row1>	0.0000 1.0000 0.0000 0.0000	</row1>
					<row2>	0.0000 0.0000 1.0000 0.0000	</row2>
					<row3>	0.0000 0.4858 2.1196 1.0000	</row3>
				</transform>
			</node>
			<node>
				<identifier>	HP_AGT_1	</identifier>
				<transform>
					<row0>	1.0000 0.0000 0.0000 0.0000	</row0>
					<row1>	0.0000 1.0000 0.0000 0.0000	</row1>
					<row2>	0.0000 0.0000 1.0000 0.0000	</row2>
					<row3>	0.0000 0.3874 0.1654 1.0000	</row3>
				</transform>
			</node>
			<node>
				<identifier>	HP_ARS_1	</identifier>
				<transform>
					<row0>	-1.0000 0.0000 0.0000 0.0000	</row0>
					<row1>	0.0000 1.0000 0.0000 0.0000	</row1>
					<row2>	0.0000 0.0000 -1.0000 0.0000	</row2>
					<row3>	0.0000 1.5222 1.0494 1.0000	</row3>
				</transform>
			</node>
			<node>
				<identifier>	HP_ARS_2	</identifier>
				<transform>
					<row0>	1.0000 0.0000 0.0000 0.0000	</row0>
					<row1>	0.0000 1.0000 0.0000 0.0000	</row1>
					<row2>	0.0000 0.0000 1.0000 0.0000	</row2>
					<row3>	0.0000 1.6214 0.9703 1.0000	</row3>
				</transform>
			</node>
			<node>
				<identifier>	HP_FX_Death_1	</identifier>
				<transform>
					<row0>	1.0000 0.0000 0.0000 0.0000	</row0>
					<row1>	0.0000 1.0000 0.0000 0.0000	</row1>
					<row2>	0.0000 0.0000 1.0000 0.0000	</row2>
					<row3>	0.0000 0.0000 2.4250 1.0000	</row3>
				</transform>
			</node>
			<node>
				<identifier>	HP_FX_Death_2	</identifier>
				<transform>
					<row0>	1.0000 0.0000 0.0000 0.0000	</row0>
					<row1>	0.0000 1.0000 0.0000 0.0000	</row1>
					<row2>	0.0000 0.0000 1.0000 0.0000	</row2>
					<row3>	0.0000 0.0000 -0.3536 1.0000	</row3>
				</transform>
			</node>
			<node>
				<identifier>	HP_FX_Fire_2	</identifier>
				<transform>
					<row0>	1.0000 0.0000 0.0000 0.0000	</row0>
					<row1>	0.0000 1.0000 0.0000 0.0000	</row1>
					<row2>	0.0000 0.0000 1.0000 0.0000	</row2>
					<row3>	0.0000 0.3884 0.9855 1.0000	</row3>
				</transform>
			</node>
			<node>
				<identifier>	HP_FX_Fire_2_side_1	</identifier>
				<transform>
					<row0>	1.0000 0.0000 0.0000 0.0000	</row0>
					<row1>	0.0000 1.0000 0.0000 0.0000	</row1>
					<row2>	0.0000 0.0000 1.0000 0.0000	</row2>
					<row3>	-0.2406 0.4770 1.7338 1.0000	</row3>
				</transform>
			</node>
			<node>
				<identifier>	HP_FX_Fire_2_side_2	</identifier>
				<transform>
					<row0>	1.0000 0.0000 0.0000 0.0000	</row0>
					<row1>	0.0000 1.0000 0.0000 0.0000	</row1>
					<row2>	0.0000 0.0000 1.0000 0.0000	</row2>
					<row3>	0.2821 0.2211 0.3253 1.0000	</row3>
				</transform>
			</node>
			<node>
				<identifier>	HP_FX_Fire_2_side_3	</identifier>
				<transform>
					<row0>	1.0000 0.0000 0.0000 0.0000	</row0>
					<row1>	0.0000 1.0000 0.0000 0.0000	</row1>
					<row2>	0.0000 0.0000 1.0000 0.0000	</row2>
					<row3>	-0.3044 0.3067 -0.4067 1.0000	</row3>
				</transform>
			</node>
			<node>
				<identifier>	HP_FX_FloodLight_left_1	</identifier>
				<transform>
					<row0>	-1.0000 0.0000 0.0000 0.0000	</row0>
					<row1>	0.0000 1.0000 0.0000 0.0000	</row1>
					<row2>	0.0000 0.0000 -1.0000 0.0000	</row2>
					<row3>	-0.2311 0.4190 1.9184 1.0000	</row3>
				</transform>
			</node>
			<node>
				<identifier>	HP_FX_FloodLight_right_1	</identifier>
				<transform>
					<row0>	1.0000 0.0000 0.0000 0.0000	</row0>
					<row1>	0.0000 1.0000 0.0000 0.0000	</row1>
					<row2>	0.0000 0.0000 1.0000 0.0000	</row2>
					<row3>	0.2306 0.4192 1.9237 1.0000	</row3>
				</transform>
			</node>
			<node>
				<identifier>	HP_FX_Flood_steam_1	</identifier>
				<transform>
					<row0>	1.0000 0.0000 0.0000 0.0000	</row0>
					<row1>	0.0000 0.9403 -0.3402 0.0000	</row1>
					<row2>	0.0000 0.3402 0.9403 0.0000	</row2>
					<row3>	0.0000 0.8066 0.4818 1.0000	</row3>
				</transform>
			</node>
			<node>
				<identifier>	HP_FX_Flood_steam_2	</identifier>
				<transform>
					<row0>	1.0000 0.0000 0.0000 0.0000	</row0>
					<row1>	0.0000 0.9403 -0.3402 0.0000	</row1>
					<row2>	0.0000 0.3402 0.9403 0.0000	</row2>
					<row3>	0.0000 0.7310 -0.4479 1.0000	</row3>
				</transform>
			</node>
			<node>
				<identifier>	HP_FX_Flood_steam_left	</identifier>
				<transform>
					<row0>	-1.0000 0.0000 0.0000 0.0000	</row0>
					<row1>	0.0000 1.0000 0.0000 0.0000	</row1>
					<row2>	0.0000 0.0000 -1.0000 0.0000	</row2>
					<row3>	-0.2130 0.3688 2.0023 1.0000	</row3>
				</transform>
			</node>
			<node>
				<identifier>	HP_FX_Flood_steam_right	</identifier>
				<transform>
					<row0>	1.0000 0.0000 0.0000 0.0000	</row0>
					<row1>	0.0000 1.0000 0.0000 0.0000	</row1>
					<row2>	0.0000 0.0000 1.0000 0.0000	</row2>
					<row3>	0.1986 0.2716 0.1617 1.0000	</row3>
				</transform>
			</node>
			<node>
				<identifier>	HP_FX_Smoke_1	</identifier>
				<transform>
					<row0>	1.0000 0.0000 0.0000 0.0000	</row0>
					<row1>	0.0000 0.9622 -0.2725 0.0000	</row1>
					<row2>	0.0000 0.2725 0.9622 0.0000	</row2>
					<row3>	0.0000 0.8656 0.6044 1.0000	</row3>
				</transform>
			</node>
			<node>
				<identifier>	HP_FX_Smoke_2	</identifier>
				<transform>
					<row0>	1.0000 0.0000 0.0000 0.0000	</row0>
					<row1>	0.0000 0.9622 -0.2725 0.0000	</row1>
					<row2>	0.0000 0.2725 0.9622 0.0000	</row2>
					<row3>	0.0000 0.8007 -0.3250 1.0000	</row3>
				</transform>
			</node>
			<node>
				<identifier>	HP_Flagpole	</identifier>
				<transform>
					<row0>	0.3297 0.0000 0.0000 0.0000	</row0>
					<row1>	0.0000 0.3297 0.0000 0.0000	</row1>
					<row2>	0.0000 0.0000 0.3297 0.0000	</row2>
					<row3>	0.1891 1.4419 0.9702 1.0000	</row3>
				</transform>
			</node>
			<node>
				<identifier>	HP_flag_1	</identifier>
				<transform>
					<row0>	0.9997 -0.0232 0.0020 0.0000	</row0>
					<row1>	0.0232 0.9844 -0.1742 0.0000	</row1>
					<row2>	0.0020 0.1742 0.9847 0.0000	</row2>
					<row3>	0.1546 1.4159 0.9742 1.0000	</row3>
				</transform>
			</node>
			<node>
				<identifier>	HP_flag_2	</identifier>
				<transform>
					<row0>	0.9997 0.0232 -0.0020 0.0000	</row0>
					<row1>	-0.0232 0.9844 -0.1742 0.0000	</row1>
					<row2>	-0.0020 0.1742 0.9847 0.0000	</row2>
					<row3>	-0.1546 1.4159 0.9742 1.0000	</row3>
				</transform>
			</node>
			<node>
				<identifier>	HP_flag_3	</identifier>
				<transform>
					<row0>	0.9999 0.0140 -0.0006 0.0000	</row0>
					<row1>	-0.0140 0.9966 -0.0817 0.0000	</row1>
					<row2>	-0.0006 0.0817 0.9967 0.0000	</row2>
					<row3>	0.0773 1.4158 0.9736 1.0000	</row3>
				</transform>
			</node>
			<node>
				<identifier>	HP_flag_4	</identifier>
				<transform>
					<row0>	1.0000 -0.0005 0.0000 0.0000	</row0>
					<row1>	0.0005 0.9969 -0.0782 0.0000	</row1>
					<row2>	0.0000 0.0782 0.9969 0.0000	</row2>
					<row3>	-0.0761 1.4158 0.9736 1.0000	</row3>
				</transform>
			</node>
			<node>
				<identifier>	HP_flag_courtesy	</identifier>
				<transform>
					<row0>	0.9999 -0.0157 0.0014 0.0000	</row0>
					<row1>	0.0157 0.9846 -0.1742 0.0000	</row1>
					<row2>	0.0014 0.1742 0.9847 0.0000	</row2>
					<row3>	0.2146 1.4159 0.9742 1.0000	</row3>
				</transform>
			</node>
			<node>
				<identifier>	HP_flag_house	</identifier>
				<transform>
					<row0>	0.9999 0.0157 -0.0014 0.0000	</row0>
					<row1>	-0.0157 0.9846 -0.1742 0.0000	</row1>
					<row2>	-0.0014 0.1742 0.9847 0.0000	</row2>
					<row3>	-0.2158 1.4159 0.9742 1.0000	</row3>
				</transform>
			</node>
			<node>
				<identifier>	HP_flag_nation	</identifier>
				<transform>
					<row0>	0.9995 0.0309 -0.0079 0.0000	</row0>
					<row1>	-0.0309 0.8782 -0.4774 0.0000	</row1>
					<row2>	-0.0079 0.4774 0.8787 0.0000	</row2>
					<row3>	-0.0004 0.7344 0.4148 1.0000	</row3>
				</transform>
			</node>
			<node>
				<identifier>	HP_flag_rank	</identifier>
				<transform>
					<row0>	0.9998 -0.0187 0.0011 0.0000	</row0>
					<row1>	0.0187 0.9933 -0.1141 0.0000	</row1>
					<row2>	0.0011 0.1141 0.9935 0.0000	</row2>
					<row3>	-0.0025 1.5215 0.9297 1.0000	</row3>
				</transform>
			</node>
			<node>
				<identifier>	MP_AM004_Fairlead_2	</identifier>
				<transform>
					<row0>	-0.1134 -0.0558 -0.9920 0.0000	</row0>
					<row1>	-0.0026 0.9984 -0.0558 0.0000	</row1>
					<row2>	0.9935 -0.0037 -0.1133 0.0000	</row2>
					<row3>	-0.2258 0.3508 2.9740 1.0000	</row3>
				</transform>
			</node>
			<node>
				<identifier>	MP_AM004_Fairlead_2_INDEX_1	</identifier>
				<transform>
					<row0>	-0.3707 -0.0558 -0.9271 0.0000	</row0>
					<row1>	-0.0173 0.9984 -0.0532 0.0000	</row1>
					<row2>	0.9286 -0.0037 -0.3711 0.0000	</row2>
					<row3>	-0.0599 0.3938 3.7423 1.0000	</row3>
				</transform>
			</node>
			<node>
				<identifier>	MP_AM004_Fairlead_2_INDEX_10	</identifier>
				<transform>
					<row0>	-0.3707 0.0558 0.9271 0.0000	</row0>
					<row1>	0.0173 0.9984 -0.0532 0.0000	</row1>
					<row2>	-0.9286 -0.0037 -0.3711 0.0000	</row2>
					<row3>	0.0599 0.3938 3.7423 1.0000	</row3>
				</transform>
			</node>
			<node>
				<identifier>	MP_AM004_Fairlead_2_INDEX_11	</identifier>
				<transform>
					<row0>	0.0000 -0.0180 -0.9998 0.0000	</row0>
					<row1>	0.0000 0.9998 -0.0180 0.0000	</row1>
					<row2>	1.0000 0.0000 0.0000 0.0000	</row2>
					<row3>	-0.3923 0.1943 -0.3760 1.0000	</row3>
				</transform>
			</node>
			<node>
				<identifier>	MP_AM004_Fairlead_2_INDEX_12	</identifier>
				<transform>
					<row0>	-0.1751 0.0558 0.9830 0.0000	</row0>
					<row1>	0.0061 0.9984 -0.0556 0.0000	</row1>
					<row2>	-0.9845 -0.0037 -0.1751 0.0000	</row2>
					<row3>	0.1679 0.3720 3.3264 1.0000	</row3>
				</transform>
			</node>
			<node>
				<identifier>	MP_AM004_Fairlead_2_INDEX_13	</identifier>
				<transform>
					<row0>	-0.0966 -0.0556 -0.9938 0.0000	</row0>
					<row1>	0.0000 0.9984 -0.0559 0.0000	</row1>
					<row2>	0.9953 -0.0054 -0.0964 0.0000	</row2>
					<row3>	-0.2887 0.3174 2.3943 1.0000	</row3>
				</transform>
			</node>
			<node>
				<identifier>	MP_AM004_Fairlead_2_INDEX_14	</identifier>
				<transform>
					<row0>	-0.0664 0.0558 0.9962 0.0000	</row0>
					<row1>	0.0000 0.9984 -0.0559 0.0000	</row1>
					<row2>	-0.9978 -0.0037 -0.0663 0.0000	</row2>
					<row3>	0.3159 0.2977 2.0463 1.0000	</row3>
				</transform>
			</node>
			<node>
				<identifier>	MP_AM004_Fairlead_2_INDEX_15	</identifier>
				<transform>
					<row0>	-0.0664 -0.0558 -0.9962 0.0000	</row0>
					<row1>	0.0000 0.9984 -0.0559 0.0000	</row1>
					<row2>	0.9978 -0.0037 -0.0663 0.0000	</row2>
					<row3>	-0.3159 0.2977 2.0463 1.0000	</row3>
				</transform>
			</node>
			<node>
				<identifier>	MP_AM004_Fairlead_2_INDEX_2	</identifier>
				<transform>
					<row0>	0.0115 0.0192 0.9998 0.0000	</row0>
					<row1>	-0.0002 0.9998 -0.0192 0.0000	</row1>
					<row2>	-0.9999 0.0000 0.0115 0.0000	</row2>
					<row3>	0.3904 0.1867 -0.7456 1.0000	</row3>
				</transform>
			</node>
			<node>
				<identifier>	MP_AM004_Fairlead_2_INDEX_3	</identifier>
				<transform>
					<row0>	-0.1134 0.0558 0.9920 0.0000	</row0>
					<row1>	0.0026 0.9984 -0.0558 0.0000	</row1>
					<row2>	-0.9935 -0.0037 -0.1133 0.0000	</row2>
					<row3>	0.2258 0.3508 2.9740 1.0000	</row3>
				</transform>
			</node>
			<node>
				<identifier>	MP_AM004_Fairlead_2_INDEX_4	</identifier>
				<transform>
					<row0>	-0.0966 0.0556 0.9938 0.0000	</row0>
					<row1>	0.0000 0.9984 -0.0559 0.0000	</row1>
					<row2>	-0.9953 -0.0054 -0.0964 0.0000	</row2>
					<row3>	0.2887 0.3174 2.3943 1.0000	</row3>
				</transform>
			</node>
			<node>
				<identifier>	MP_AM004_Fairlead_2_INDEX_5	</identifier>
				<transform>
					<row0>	-0.0195 0.0000 -0.9998 0.0000	</row0>
					<row1>	0.0000 1.0000 0.0000 0.0000	</row1>
					<row2>	0.9998 0.0000 -0.0195 0.0000	</row2>
					<row3>	-0.3898 0.2052 0.0299 1.0000	</row3>
				</transform>
			</node>
			<node>
				<identifier>	MP_AM004_Fairlead_2_INDEX_6	</identifier>
				<transform>
					<row0>	-0.0195 0.0000 0.9998 0.0000	</row0>
					<row1>	0.0000 1.0000 0.0000 0.0000	</row1>
					<row2>	-0.9998 0.0000 -0.0195 0.0000	</row2>
					<row3>	0.3898 0.2052 0.0299 1.0000	</row3>
				</transform>
			</node>
			<node>
				<identifier>	MP_AM004_Fairlead_2_INDEX_7	</identifier>
				<transform>
					<row0>	-0.1751 -0.0558 -0.9830 0.0000	</row0>
					<row1>	-0.0061 0.9984 -0.0556 0.0000	</row1>
					<row2>	0.9845 -0.0037 -0.1751 0.0000	</row2>
					<row3>	-0.1679 0.3720 3.3264 1.0000	</row3>
				</transform>
			</node>
			<node>
				<identifier>	MP_AM004_Fairlead_2_INDEX_8	</identifier>
				<transform>
					<row0>	0.0000 0.0180 0.9998 0.0000	</row0>
					<row1>	0.0000 0.9998 -0.0180 0.0000	</row1>
					<row2>	-1.0000 0.0000 0.0000 0.0000	</row2>
					<row3>	0.3923 0.1943 -0.3760 1.0000	</row3>
				</transform>
			</node>
			<node>
				<identifier>	MP_AM004_Fairlead_2_INDEX_9	</identifier>
				<transform>
					<row0>	0.0115 -0.0192 -0.9998 0.0000	</row0>
					<row1>	0.0002 0.9998 -0.0192 0.0000	</row1>
					<row2>	0.9999 0.0000 0.0115 0.0000	</row2>
					<row3>	-0.3904 0.1867 -0.7456 1.0000	</row3>
				</transform>
			</node>
			<node>
				<identifier>	MP_AM005_Bollard_1	</identifier>
				<transform>
					<row0>	0.7445 0.0262 -0.0005 0.0000	</row0>
					<row1>	-0.0262 0.7444 -0.0132 0.0000	</row1>
					<row2>	0.0000 0.0132 0.7449 0.0000	</row2>
					<row3>	-0.3617 0.1918 -0.5376 1.0000	</row3>
				</transform>
			</node>
			<node>
				<identifier>	MP_AM005_Bollard_1_INDEX_1	</identifier>
				<transform>
					<row0>	0.7447 -0.0227 0.0004 0.0000	</row0>
					<row1>	0.0227 0.7444 -0.0183 0.0000	</row1>
					<row2>	0.0001 0.0183 0.7448 0.0000	</row2>
					<row3>	0.3596 0.2042 -0.0121 1.0000	</row3>
				</transform>
			</node>
			<node>
				<identifier>	MP_AM005_Bollard_1_INDEX_2	</identifier>
				<transform>
					<row0>	0.7447 0.0227 -0.0004 0.0000	</row0>
					<row1>	-0.0227 0.7444 -0.0183 0.0000	</row1>
					<row2>	-0.0001 0.0183 0.7448 0.0000	</row2>
					<row3>	-0.3596 0.2042 -0.0121 1.0000	</row3>
				</transform>
			</node>
			<node>
				<identifier>	MP_AM005_Bollard_1_INDEX_3	</identifier>
				<transform>
					<row0>	0.7445 -0.0262 0.0005 0.0000	</row0>
					<row1>	0.0262 0.7444 -0.0132 0.0000	</row1>
					<row2>	0.0000 0.0132 0.7449 0.0000	</row2>
					<row3>	0.3617 0.1918 -0.5376 1.0000	</row3>
				</transform>
			</node>
			<node>
				<identifier>	MP_AM006_Reels_1	</identifier>
				<transform>
					<row0>	0.7000 0.0000 0.0000 0.0000	</row0>
					<row1>	0.0000 0.0000 0.7000 0.0000	</row1>
					<row2>	0.0000 -0.7000 0.0000 0.0000	</row2>
					<row3>	-0.0941 0.3891 2.2535 1.0000	</row3>
				</transform>
			</node>
			<node>
				<identifier>	MP_AM006_Reels_1_INDEX_1	</identifier>
				<transform>
					<row0>	0.7000 0.0000 0.0000 0.0000	</row0>
					<row1>	0.0000 0.0000 0.7000 0.0000	</row1>
					<row2>	0.0000 -0.7000 0.0000 0.0000	</row2>
					<row3>	0.0941 0.3891 2.2535 1.0000	</row3>
				</transform>
			</node>
			<node>
				<identifier>	MP_AM010_Speaker_1	</identifier>
				<transform>
					<row0>	1.0000 0.0000 0.0000 0.0000	</row0>
					<row1>	0.0000 0.9659 -0.2588 0.0000	</row1>
					<row2>	0.0000 0.2588 0.9659 0.0000	</row2>
					<row3>	0.1733 0.5746 -0.2215 1.0000	</row3>
				</transform>
			</node>
			<node>
				<identifier>	MP_AM010_Speaker_1_INDEX_1	</identifier>
				<transform>
					<row0>	0.8801 0.0000 0.0000 0.0000	</row0>
					<row1>	0.0000 -0.8545 -0.2107 0.0000	</row1>
					<row2>	0.0000 0.2107 -0.8545 0.0000	</row2>
					<row3>	0.0000 0.7776 1.6720 1.0000	</row3>
				</transform>
			</node>
			<node>
				<identifier>	MP_AM018_Compass_Binnacle	</identifier>
				<transform>
					<row0>	1.0000 0.0000 0.0000 0.0000	</row0>
					<row1>	0.0000 1.0000 0.0000 0.0000	</row1>
					<row2>	0.0000 0.0000 1.0000 0.0000	</row2>
					<row3>	0.0000 0.6124 1.5840 1.0000	</row3>
				</transform>
			</node>
			<node>
				<identifier>	MP_AM018_Compass_Binnacle_INDEX_1	</identifier>
				<transform>
					<row0>	1.0000 0.0000 0.0000 0.0000	</row0>
					<row1>	0.0000 1.0000 0.0000 0.0000	</row1>
					<row2>	0.0000 0.0000 1.0000 0.0000	</row2>
					<row3>	0.0000 0.6074 -0.0881 1.0000	</row3>
				</transform>
			</node>
			<node>
				<identifier>	MP_AM019_Ventilators_1	</identifier>
				<transform>
					<row0>	0.4000 0.0000 0.0000 0.0000	</row0>
					<row1>	0.0000 0.3050 0.0000 0.0000	</row1>
					<row2>	0.0000 0.0000 0.4000 0.0000	</row2>
					<row3>	0.0308 0.3694 -0.1093 1.0000	</row3>
				</transform>
			</node>
			<node>
				<identifier>	MP_AM019_Ventilators_1_INDEX_1	</identifier>
				<transform>
					<row0>	0.4000 0.0000 0.0000 0.0000	</row0>
					<row1>	0.0000 0.3050 0.0000 0.0000	</row1>
					<row2>	0.0000 0.0000 0.4000 0.0000	</row2>
					<row3>	-0.1167 0.3879 0.4920 1.0000	</row3>
				</transform>
			</node>
			<node>
				<identifier>	MP_AM019_Ventilators_1_INDEX_2	</identifier>
				<transform>
					<row0>	0.4000 0.0000 0.0000 0.0000	</row0>
					<row1>	0.0000 0.3049 0.0000 0.0000	</row1>
					<row2>	0.0000 0.0000 0.4000 0.0000	</row2>
					<row3>	0.1133 0.3879 0.4599 1.0000	</row3>
				</transform>
			</node>
			<node>
				<identifier>	MP_AM019_Ventilators_1_INDEX_3	</identifier>
				<transform>
					<row0>	0.4000 0.0000 0.0000 0.0000	</row0>
					<row1>	0.0000 0.3050 0.0000 0.0000	</row1>
					<row2>	0.0000 0.0000 0.4000 0.0000	</row2>
					<row3>	0.0000 0.3879 0.4599 1.0000	</row3>
				</transform>
			</node>
			<node>
				<identifier>	MP_AM019_Ventilators_1_INDEX_4	</identifier>
				<transform>
					<row0>	0.4000 0.0000 0.0000 0.0000	</row0>
					<row1>	0.0000 0.3050 0.0000 0.0000	</row1>
					<row2>	0.0000 0.0000 0.4000 0.0000	</row2>
					<row3>	-0.1456 0.3830 0.3540 1.0000	</row3>
				</transform>
			</node>
			<node>
				<identifier>	MP_AM025_Pelorus_Mk7	</identifier>
				<transform>
					<row0>	1.1000 0.0000 0.0000 0.0000	</row0>
					<row1>	0.0000 1.1000 0.0000 0.0000	</row1>
					<row2>	0.0000 0.0000 1.1000 0.0000	</row2>
					<row3>	0.2754 0.6358 1.4440 1.0000	</row3>
				</transform>
			</node>
			<node>
				<identifier>	MP_AM025_Pelorus_Mk7_INDEX_1	</identifier>
				<transform>
					<row0>	1.1000 0.0000 0.0000 0.0000	</row0>
					<row1>	0.0000 1.1000 0.0000 0.0000	</row1>
					<row2>	0.0000 0.0000 1.1000 0.0000	</row2>
					<row3>	-0.2754 0.6358 1.4440 1.0000	</row3>
				</transform>
			</node>
			<node>
				<identifier>	MP_AM028_Ammunition_Box2	</identifier>
				<transform>
					<row0>	1.0000 0.0000 0.0000 0.0000	</row0>
					<row1>	0.0000 1.0000 0.0000 0.0000	</row1>
					<row2>	0.0000 0.0000 1.0000 0.0000	</row2>
					<row3>	0.0627 0.6223 1.6717 1.0000	</row3>
				</transform>
			</node>
			<node>
				<identifier>	MP_AM028_Ammunition_Box2_INDEX_1	</identifier>
				<transform>
					<row0>	1.0000 0.0000 0.0000 0.0000	</row0>
					<row1>	0.0000 1.0000 0.0000 0.0000	</row1>
					<row2>	0.0000 0.0000 1.0000 0.0000	</row2>
					<row3>	-0.0627 0.6223 1.6717 1.0000	</row3>
				</transform>
			</node>
			<node>
				<identifier>	MP_AM029_Ammunition_Box3	</identifier>
				<transform>
					<row0>	0.0000 0.0000 -0.4100 0.0000	</row0>
					<row1>	0.0000 0.4100 0.0000 0.0000	</row1>
					<row2>	0.4100 0.0000 0.0000 0.0000	</row2>
					<row3>	-0.1742 0.6084 1.3041 1.0000	</row3>
				</transform>
			</node>
			<node>
				<identifier>	MP_AM030_Ammunition_Box4	</identifier>
				<transform>
					<row0>	0.2075 0.0000 -0.2881 0.0000	</row0>
					<row1>	0.0000 0.3550 0.0000 0.0000	</row1>
					<row2>	0.2881 0.0000 0.2075 0.0000	</row2>
					<row3>	-0.0904 0.7921 1.3000 1.0000	</row3>
				</transform>
			</node>
			<node>
				<identifier>	MP_AM030_Ammunition_Box4_INDEX_1	</identifier>
				<transform>
					<row0>	0.2704 0.0000 -0.2300 0.0000	</row0>
					<row1>	0.0000 0.3550 0.0000 0.0000	</row1>
					<row2>	0.2300 0.0000 0.2704 0.0000	</row2>
					<row3>	-0.0676 0.7921 1.2740 1.0000	</row3>
				</transform>
			</node>
			<node>
				<identifier>	MP_AM049_Signal_Lamp_1	</identifier>
				<transform>
					<row0>	1.0000 0.0000 0.0000 0.0000	</row0>
					<row1>	0.0000 1.0000 0.0000 0.0000	</row1>
					<row2>	0.0000 0.0000 1.0000 0.0000	</row2>
					<row3>	0.2116 1.4260 0.9732 1.0000	</row3>
				</transform>
			</node>
			<node>
				<identifier>	MP_AM049_Signal_Lamp_1_INDEX_1	</identifier>
				<transform>
					<row0>	0.6170 0.0000 0.0000 0.0000	</row0>
					<row1>	0.0000 0.6170 0.0000 0.0000	</row1>
					<row2>	0.0000 0.0000 0.6170 0.0000	</row2>
					<row3>	-0.0253 1.6214 0.9660 1.0000	</row3>
				</transform>
			</node>
			<node>
				<identifier>	MP_AM049_Signal_Lamp_1_INDEX_2	</identifier>
				<transform>
					<row0>	1.0000 0.0000 0.0000 0.0000	</row0>
					<row1>	0.0000 1.0000 0.0000 0.0000	</row1>
					<row2>	0.0000 0.0000 1.0000 0.0000	</row2>
					<row3>	-0.2116 1.4260 0.9732 1.0000	</row3>
				</transform>
			</node>
			<node>
				<identifier>	MP_AM049_Signal_Lamp_1_INDEX_3	</identifier>
				<transform>
					<row0>	0.7276 0.0000 0.0799 0.0000	</row0>
					<row1>	0.0000 0.7320 0.0000 0.0000	</row1>
					<row2>	-0.0799 0.0000 0.7276 0.0000	</row2>
					<row3>	-0.0208 1.2626 0.9768 1.0000	</row3>
				</transform>
			</node>
			<node>
				<identifier>	MP_AM049_Signal_Lamp_1_INDEX_4	</identifier>
				<transform>
					<row0>	0.7276 0.0000 0.0799 0.0000	</row0>
					<row1>	0.0000 0.7320 0.0000 0.0000	</row1>
					<row2>	-0.0799 0.0000 0.7276 0.0000	</row2>
					<row3>	-0.0188 1.4013 0.9620 1.0000	</row3>
				</transform>
			</node>
			<node>
				<identifier>	MP_AM049_Signal_Lamp_1_INDEX_5	</identifier>
				<transform>
					<row0>	0.6170 0.0000 0.0000 0.0000	</row0>
					<row1>	0.0000 0.6170 0.0000 0.0000	</row1>
					<row2>	0.0000 0.0000 0.6170 0.0000	</row2>
					<row3>	0.0253 1.6214 0.9660 1.0000	</row3>
				</transform>
			</node>
			<node>
				<identifier>	MP_AM050_Fightin_Light	</identifier>
				<transform>
					<row0>	0.8150 0.0000 0.0000 0.0000	</row0>
					<row1>	0.0000 0.8150 0.0000 0.0000	</row1>
					<row2>	0.0000 0.0000 0.8150 0.0000	</row2>
					<row3>	-0.0236 1.3819 0.9732 1.0000	</row3>
				</transform>
			</node>
			<node>
				<identifier>	MP_AM050_Fightin_Light_INDEX_1	</identifier>
				<transform>
					<row0>	0.7000 0.0000 0.0000 0.0000	</row0>
					<row1>	0.0000 0.7000 0.0000 0.0000	</row1>
					<row2>	0.0000 0.0000 0.7000 0.0000	</row2>
					<row3>	-0.3350 0.6419 1.1845 1.0000	</row3>
				</transform>
			</node>
			<node>
				<identifier>	MP_AM050_Fightin_Light_INDEX_2	</identifier>
				<transform>
					<row0>	-0.7000 0.0000 0.0000 0.0000	</row0>
					<row1>	0.0000 0.7000 0.0000 0.0000	</row1>
					<row2>	0.0000 0.0000 -0.7000 0.0000	</row2>
					<row3>	0.3350 0.6419 1.1845 1.0000	</row3>
				</transform>
			</node>
			<node>
				<identifier>	MP_AM050_Fightin_Light_INDEX_3	</identifier>
				<transform>
					<row0>	-0.8150 0.0000 0.0000 0.0000	</row0>
					<row1>	0.0000 0.8150 0.0000 0.0000	</row1>
					<row2>	0.0000 0.0000 -0.8150 0.0000	</row2>
					<row3>	0.0237 1.3819 0.9732 1.0000	</row3>
				</transform>
			</node>
			<node>
				<identifier>	MP_AM051_Fightin_Light_R	</identifier>
				<transform>
					<row0>	-0.8166 0.0000 0.0000 0.0000	</row0>
					<row1>	0.0000 0.8166 0.0000 0.0000	</row1>
					<row2>	0.0000 0.0000 -0.8166 0.0000	</row2>
					<row3>	-0.0049 1.0831 1.0345 1.0000	</row3>
				</transform>
			</node>
			<node>
				<identifier>	MP_AM052_Fightin_Light_L	</identifier>
				<transform>
					<row0>	-0.8166 0.0000 0.0000 0.0000	</row0>
					<row1>	0.0000 0.8166 0.0000 0.0000	</row1>
					<row2>	0.0000 0.0000 -0.8166 0.0000	</row2>
					<row3>	0.0049 1.0831 1.0345 1.0000	</row3>
				</transform>
			</node>
			<node>
				<identifier>	MP_AM054_Boat_6	</identifier>
				<transform>
					<row0>	0.1173 -0.9931 -0.0031 0.0000	</row0>
					<row1>	0.9926 0.1173 -0.0305 0.0000	</row1>
					<row2>	0.0306 0.0005 0.9995 0.0000	</row2>
					<row3>	-0.3460 0.3055 0.8998 1.0000	</row3>
				</transform>
			</node>
			<node>
				<identifier>	MP_AM054_Boat_6_INDEX_1	</identifier>
				<transform>
					<row0>	0.1173 0.9931 0.0031 0.0000	</row0>
					<row1>	-0.9926 0.1173 -0.0305 0.0000	</row1>
					<row2>	-0.0306 0.0005 0.9995 0.0000	</row2>
					<row3>	0.3460 0.3055 0.8998 1.0000	</row3>
				</transform>
			</node>
			<node>
				<identifier>	MP_AM063_Wind_Direction	</identifier>
				<transform>
					<row0>	0.0000 0.0000 -0.6438 0.0000	</row0>
					<row1>	0.0000 0.6438 0.0000 0.0000	</row1>
					<row2>	0.6438 0.0000 0.0000 0.0000	</row2>
					<row3>	0.1312 1.4258 0.9732 1.0000	</row3>
				</transform>
			</node>
			<node>
				<identifier>	MP_AM064_Wind_Intensity	</identifier>
				<transform>
					<row0>	0.6438 0.0000 0.0000 0.0000	</row0>
					<row1>	0.0000 0.6438 0.0000 0.0000	</row1>
					<row2>	0.0000 0.0000 0.6438 0.0000	</row2>
					<row3>	-0.1312 1.4258 0.9732 1.0000	</row3>
				</transform>
			</node>
			<node>
				<identifier>	MP_AM072_Ships_bell	</identifier>
				<transform>
					<row0>	0.7500 0.0000 0.0000 0.0000	</row0>
					<row1>	0.0000 0.7500 0.0000 0.0000	</row1>
					<row2>	0.0000 0.0000 0.7500 0.0000	</row2>
					<row3>	0.0321 0.7504 1.0560 1.0000	</row3>
				</transform>
			</node>
			<node>
				<identifier>	MP_AM073_Floater_Net_Basket_1	</identifier>
				<transform>
					<row0>	1.0000 0.0000 0.0000 0.0000	</row0>
					<row1>	0.0000 1.0000 0.0000 0.0000	</row1>
					<row2>	0.0000 0.0000 1.0000 0.0000	</row2>
					<row3>	0.0000 0.4366 2.2590 1.0000	</row3>
				</transform>
			</node>
			<node>
				<identifier>	MP_AM079_24in_SearchLight	</identifier>
				<transform>
					<row0>	0.0000 0.0000 -1.0000 0.0000	</row0>
					<row1>	0.0000 1.0000 0.0000 0.0000	</row1>
					<row2>	1.0000 0.0000 0.0000 0.0000	</row2>
					<row3>	0.1591 0.7507 1.2434 1.0000	</row3>
				</transform>
			</node>
			<node>
				<identifier>	MP_AM079_24in_SearchLight_INDEX_1	</identifier>
				<transform>
					<row0>	0.0000 0.0000 1.0000 0.0000	</row0>
					<row1>	0.0000 1.0000 0.0000 0.0000	</row1>
					<row2>	-1.0000 0.0000 0.0000 0.0000	</row2>
					<row3>	-0.1591 0.7507 1.2434 1.0000	</row3>
				</transform>
			</node>
			<node>
				<identifier>	MP_AM080_Whips_Antenna	</identifier>
				<transform>
					<row0>	1.0000 0.0000 0.0000 0.0000	</row0>
					<row1>	0.0000 1.0000 0.0000 0.0000	</row1>
					<row2>	0.0000 0.0000 1.0000 0.0000	</row2>
					<row3>	0.0000 0.5816 -0.0478 1.0000	</row3>
				</transform>
			</node>
			<node>
				<identifier>	MP_AM085_TBS_Antenna	</identifier>
				<transform>
					<row0>	1.0000 0.0000 0.0000 0.0000	</row0>
					<row1>	0.0000 1.0000 0.0000 0.0000	</row1>
					<row2>	0.0000 0.0000 1.0000 0.0000	</row2>
					<row3>	-0.1987 1.4279 0.9732 1.0000	</row3>
				</transform>
			</node>
			<node>
				<identifier>	MP_AM103_Hatch_4	</identifier>
				<transform>
					<row0>	1.0000 0.0000 0.0000 0.0000	</row0>
					<row1>	0.0000 1.0000 0.0000 0.0000	</row1>
					<row2>	0.0000 0.0000 1.0000 0.0000	</row2>
					<row3>	0.0754 0.2984 2.3621 1.0000	</row3>
				</transform>
			</node>
			<node>
				<identifier>	MP_AM148_Hatch_8	</identifier>
				<transform>
					<row0>	0.0000 0.0000 1.0000 0.0000	</row0>
					<row1>	0.0243 0.9997 0.0000 0.0000	</row1>
					<row2>	-0.9997 0.0243 0.0000 0.0000	</row2>
					<row3>	0.1293 0.3950 0.6798 1.0000	</row3>
				</transform>
			</node>
			<node>
				<identifier>	MP_AM150_Telegraph_Engine	</identifier>
				<transform>
					<row0>	1.0000 0.0000 0.0000 0.0000	</row0>
					<row1>	0.0000 1.0000 0.0000 0.0000	</row1>
					<row2>	0.0000 0.0000 1.0000 0.0000	</row2>
					<row3>	-0.0618 0.6124 1.5840 1.0000	</row3>
				</transform>
			</node>
			<node>
				<identifier>	MP_AM152_Log_Desk	</identifier>
				<transform>
					<row0>	0.4091 0.0000 -0.7141 0.0000	</row0>
					<row1>	0.0000 0.8230 0.0000 0.0000	</row1>
					<row2>	0.7139 0.0000 0.4090 0.0000	</row2>
					<row3>	0.1349 0.6757 1.5678 1.0000	</row3>
				</transform>
			</node>
			<node>
				<identifier>	MP_AM153_Steering_Column	</identifier>
				<transform>
					<row0>	1.0000 0.0000 0.0000 0.0000	</row0>
					<row1>	0.0000 1.0000 0.0000 0.0000	</row1>
					<row2>	0.0000 0.0000 1.0000 0.0000	</row2>
					<row3>	-0.0173 0.6130 1.5470 1.0000	</row3>
				</transform>
			</node>
			<node>
				<identifier>	MP_AM159_Voice_Tube	</identifier>
				<transform>
					<row0>	0.7071 0.0000 -0.7071 0.0000	</row0>
					<row1>	0.0000 1.0000 0.0000 0.0000	</row1>
					<row2>	0.7071 0.0000 0.7071 0.0000	</row2>
					<row3>	0.0433 0.6124 1.5711 1.0000	</row3>
				</transform>
			</node>
			<node>
				<identifier>	MP_AM159_Voice_Tube_INDEX_1	</identifier>
				<transform>
					<row0>	0.7071 0.0000 -0.7071 0.0000	</row0>
					<row1>	0.0000 1.0000 0.0000 0.0000	</row1>
					<row2>	0.7071 0.0000 0.7071 0.0000	</row2>
					<row3>	0.0561 0.6124 1.5583 1.0000	</row3>
				</transform>
			</node>
			<node>
				<identifier>	MP_AM161_Anchor_top	</identifier>
				<transform>
					<row0>	0.4664 -0.0460 0.2183 0.0000	</row0>
					<row1>	0.2165 0.2162 -0.4168 0.0000	</row1>
					<row2>	-0.0542 0.4674 0.2143 0.0000	</row2>
					<row3>	-0.1058 0.3386 3.6512 1.0000	</row3>
				</transform>
			</node>
			<node>
				<identifier>	MP_AM161_Anchor_top_INDEX_1	</identifier>
				<transform>
					<row0>	0.4664 0.0460 -0.2183 0.0000	</row0>
					<row1>	-0.2165 0.2162 -0.4168 0.0000	</row1>
					<row2>	0.0542 0.4674 0.2143 0.0000	</row2>
					<row3>	0.1058 0.3386 3.6512 1.0000	</row3>
				</transform>
			</node>
			<node>
				<identifier>	MP_AM162_Anchor_down	</identifier>
				<transform>
					<row0>	0.6010 -0.1588 -0.0215 0.0000	</row0>
					<row1>	0.0377 0.2212 -0.5801 0.0000	</row1>
					<row2>	0.1557 0.5592 0.2233 0.0000	</row2>
					<row3>	0.1051 0.3421 3.6433 1.0000	</row3>
				</transform>
			</node>
			<node>
				<identifier>	MP_AM162_Anchor_down_INDEX_1	</identifier>
				<transform>
					<row0>	0.6010 0.1588 0.0215 0.0000	</row0>
					<row1>	-0.0377 0.2212 -0.5801 0.0000	</row1>
					<row2>	-0.1557 0.5592 0.2233 0.0000	</row2>
					<row3>	-0.1051 0.3421 3.6433 1.0000	</row3>
				</transform>
			</node>
			<node>
				<identifier>	MP_AM173_Insulator_1	</identifier>
				<transform>
					<row0>	1.0000 0.0000 0.0000 0.0000	</row0>
					<row1>	0.0000 0.5000 0.8660 0.0000	</row1>
					<row2>	0.0000 -0.8660 0.5000 0.0000	</row2>
					<row3>	-0.1282 0.6158 -0.0214 1.0000	</row3>
				</transform>
			</node>
			<node>
				<identifier>	MP_AM173_Insulator_1_INDEX_1	</identifier>
				<transform>
					<row0>	-0.0041 0.0042 0.5000 0.0000	</row0>
					<row1>	-0.5000 -0.0030 -0.0041 0.0000	</row1>
					<row2>	0.0030 -0.5000 0.0042 0.0000	</row2>
					<row3>	-0.1629 0.7396 1.3457 1.0000	</row3>
				</transform>
			</node>
			<node>
				<identifier>	MP_AM173_Insulator_1_INDEX_2	</identifier>
				<transform>
					<row0>	0.0000 0.0000 -0.5000 0.0000	</row0>
					<row1>	0.5000 0.0000 0.0000 0.0000	</row1>
					<row2>	0.0000 -0.5000 0.0000 0.0000	</row2>
					<row3>	0.1629 0.7396 1.3603 1.0000	</row3>
				</transform>
			</node>
			<node>
				<identifier>	MP_AM173_Insulator_1_INDEX_3	</identifier>
				<transform>
					<row0>	0.0000 0.0000 0.5000 0.0000	</row0>
					<row1>	-0.5000 0.0000 0.0000 0.0000	</row1>
					<row2>	0.0000 -0.5000 0.0000 0.0000	</row2>
					<row3>	-0.1629 0.7396 1.3603 1.0000	</row3>
				</transform>
			</node>
			<node>
				<identifier>	MP_AM173_Insulator_1_INDEX_4	</identifier>
				<transform>
					<row0>	-0.0041 -0.0042 -0.5000 0.0000	</row0>
					<row1>	0.5000 -0.0030 -0.0041 0.0000	</row1>
					<row2>	-0.0030 -0.5000 0.0042 0.0000	</row2>
					<row3>	0.1629 0.7396 1.3457 1.0000	</row3>
				</transform>
			</node>
			<node>
				<identifier>	MP_AM173_Insulator_1_INDEX_5	</identifier>
				<transform>
					<row0>	-0.7251 0.0000 0.0000 0.0000	</row0>
					<row1>	0.0000 0.5109 -0.5145 0.0000	</row1>
					<row2>	0.0000 -0.5145 -0.5109 0.0000	</row2>
					<row3>	-0.0308 0.5999 1.0725 1.0000	</row3>
				</transform>
			</node>
			<node>
				<identifier>	MP_AM173_Insulator_1_INDEX_6	</identifier>
				<transform>
					<row0>	-0.7251 0.0000 0.0000 0.0000	</row0>
					<row1>	0.0000 0.5109 -0.5145 0.0000	</row1>
					<row2>	0.0000 -0.5145 -0.5109 0.0000	</row2>
					<row3>	-0.0545 0.5999 1.0725 1.0000	</row3>
				</transform>
			</node>
			<node>
				<identifier>	MP_AM177_Ammunition_Box_8	</identifier>
				<transform>
					<row0>	0.0000 0.0000 1.0000 0.0000	</row0>
					<row1>	0.0000 1.0000 0.0000 0.0000	</row1>
					<row2>	-1.0000 0.0000 0.0000 0.0000	</row2>
					<row3>	0.1047 0.1964 -0.5801 1.0000	</row3>
				</transform>
			</node>
			<node>
				<identifier>	MP_AM200_Screened_speed_light	</identifier>
				<transform>
					<row0>	1.0000 0.0000 0.0000 0.0000	</row0>
					<row1>	0.0000 1.0000 0.0000 0.0000	</row1>
					<row2>	0.0000 0.0000 1.0000 0.0000	</row2>
					<row3>	0.0000 0.7726 -0.4535 1.0000	</row3>
				</transform>
			</node>
			<node>
				<identifier>	MP_AM2054_Aircraft_Crane_Base	</identifier>
				<transform>
					<row0>	1.0000 0.0000 0.0000 0.0000	</row0>
					<row1>	0.0000 1.0000 0.0000 0.0000	</row1>
					<row2>	0.0000 0.0000 1.0000 0.0000	</row2>
					<row3>	-0.2938 0.1932 -0.3632 1.0000	</row3>
				</transform>
			</node>
			<node>
				<identifier>	MP_AM209_Boat_Winch	</identifier>
				<transform>
					<row0>	0.0000 0.0000 1.0000 0.0000	</row0>
					<row1>	0.0000 1.0000 0.0000 0.0000	</row1>
					<row2>	-1.0000 0.0000 0.0000 0.0000	</row2>
					<row3>	0.0306 0.1902 -0.9821 1.0000	</row3>
				</transform>
			</node>
			<node>
				<identifier>	MP_AM316_Bollard	</identifier>
				<transform>
					<row0>	0.9964 0.0371 -0.0762 0.0000	</row0>
					<row1>	-0.0410 0.9979 -0.0502 0.0000	</row1>
					<row2>	0.0742 0.0532 0.9958 0.0000	</row2>
					<row3>	-0.2765 0.3087 2.2263 1.0000	</row3>
				</transform>
			</node>
			<node>
				<identifier>	MP_AM316_Bollard_INDEX_1	</identifier>
				<transform>
					<row0>	0.9862 -0.0483 0.1583 0.0000	</row0>
					<row1>	0.0563 0.9973 -0.0463 0.0000	</row1>
					<row2>	-0.1557 0.0546 0.9863 0.0000	</row2>
					<row3>	0.1673 0.3609 3.1343 1.0000	</row3>
				</transform>
			</node>
			<node>
				<identifier>	MP_AM316_Bollard_INDEX_2	</identifier>
				<transform>
					<row0>	0.9862 0.0483 -0.1583 0.0000	</row0>
					<row1>	-0.0563 0.9973 -0.0463 0.0000	</row1>
					<row2>	0.1557 0.0546 0.9863 0.0000	</row2>
					<row3>	-0.1673 0.3609 3.1343 1.0000	</row3>
				</transform>
			</node>
			<node>
				<identifier>	MP_AM316_Bollard_INDEX_3	</identifier>
				<transform>
					<row0>	0.9964 -0.0371 0.0762 0.0000	</row0>
					<row1>	0.0410 0.9979 -0.0502 0.0000	</row1>
					<row2>	-0.0742 0.0532 0.9958 0.0000	</row2>
					<row3>	0.2734 0.3088 2.2261 1.0000	</row3>
				</transform>
			</node>
			<node>
				<identifier>	MP_AM374_Fender	</identifier>
				<transform>
					<row0>	0.0000 0.0000 0.5000 0.0000	</row0>
					<row1>	0.0000 0.5000 0.0000 0.0000	</row1>
					<row2>	-0.5000 0.0000 0.0000 0.0000	</row2>
					<row3>	-0.2487 0.2858 1.7071 1.0000	</row3>
				</transform>
			</node>
			<node>
				<identifier>	MP_AM374_Fender_INDEX_1	</identifier>
				<transform>
					<row0>	0.0000 0.0000 -0.5000 0.0000	</row0>
					<row1>	0.0000 0.5000 0.0000 0.0000	</row1>
					<row2>	0.5000 0.0000 0.0000 0.0000	</row2>
					<row3>	0.2487 0.2858 1.7405 1.0000	</row3>
				</transform>
			</node>
			<node>
				<identifier>	MP_AM374_Fender_INDEX_2	</identifier>
				<transform>
					<row0>	0.0000 0.0000 0.5000 0.0000	</row0>
					<row1>	0.0000 0.5000 0.0000 0.0000	</row1>
					<row2>	-0.5000 0.0000 0.0000 0.0000	</row2>
					<row3>	-0.2487 0.2858 1.7405 1.0000	</row3>
				</transform>
			</node>
			<node>
				<identifier>	MP_AM374_Fender_INDEX_3	</identifier>
				<transform>
					<row0>	0.0000 0.0000 0.5000 0.0000	</row0>
					<row1>	0.0000 0.5000 0.0000 0.0000	</row1>
					<row2>	-0.5000 0.0000 0.0000 0.0000	</row2>
					<row3>	-0.2210 0.2127 0.0426 1.0000	</row3>
				</transform>
			</node>
			<node>
				<identifier>	MP_AM374_Fender_INDEX_4	</identifier>
				<transform>
					<row0>	0.0000 0.0000 -0.5000 0.0000	</row0>
					<row1>	0.0000 0.5000 0.0000 0.0000	</row1>
					<row2>	0.5000 0.0000 0.0000 0.0000	</row2>
					<row3>	0.2210 0.2127 0.0092 1.0000	</row3>
				</transform>
			</node>
			<node>
				<identifier>	MP_AM374_Fender_INDEX_5	</identifier>
				<transform>
					<row0>	0.0000 0.0000 -0.5000 0.0000	</row0>
					<row1>	0.0000 0.5000 0.0000 0.0000	</row1>
					<row2>	0.5000 0.0000 0.0000 0.0000	</row2>
					<row3>	0.2210 0.2127 0.0426 1.0000	</row3>
				</transform>
			</node>
			<node>
				<identifier>	MP_AM374_Fender_INDEX_6	</identifier>
				<transform>
					<row0>	0.0000 0.0000 0.5000 0.0000	</row0>
					<row1>	0.0000 0.5000 0.0000 0.0000	</row1>
					<row2>	-0.5000 0.0000 0.0000 0.0000	</row2>
					<row3>	-0.2210 0.2127 0.0092 1.0000	</row3>
				</transform>
			</node>
			<node>
				<identifier>	MP_AM374_Fender_INDEX_7	</identifier>
				<transform>
					<row0>	0.0000 0.0000 -0.5000 0.0000	</row0>
					<row1>	0.0000 0.5000 0.0000 0.0000	</row1>
					<row2>	0.5000 0.0000 0.0000 0.0000	</row2>
					<row3>	0.2487 0.2858 1.7071 1.0000	</row3>
				</transform>
			</node>
			<node>
				<identifier>	MP_AM433_MC_Box	</identifier>
				<transform>
					<row0>	-0.0472 0.0000 0.9989 0.0000	</row0>
					<row1>	0.0000 1.0000 0.0000 0.0000	</row1>
					<row2>	-0.9989 0.0000 -0.0472 0.0000	</row2>
					<row3>	0.3176 0.6586 1.2763 1.0000	</row3>
				</transform>
			</node>
			<node>
				<identifier>	MP_AM433_MC_Box_INDEX_1	</identifier>
				<transform>
					<row0>	-0.0472 0.0000 -0.9989 0.0000	</row0>
					<row1>	0.0000 1.0000 0.0000 0.0000	</row1>
					<row2>	0.9989 0.0000 -0.0472 0.0000	</row2>
					<row3>	-0.3176 0.6586 1.2763 1.0000	</row3>
				</transform>
			</node>
			<node>
				<identifier>	MP_AM438_Speakerphone	</identifier>
				<transform>
					<row0>	0.0438 0.0000 0.9990 0.0000	</row0>
