<ISC007_Eritrea_1939_Stern_ports.visual>
	<node>
		<identifier>	Scene Root	</identifier>
		<transform>
			<row0>	1.0000 0.0000 0.0000 0.0000	</row0>
			<row1>	0.0000 1.0000 0.0000 0.0000	</row1>
			<row2>	0.0000 0.0000 1.0000 0.0000	</row2>
			<row3>	0.0000 0.0000 0.0000 1.0000	</row3>
		</transform>
		<node>
			<identifier>	Stern_ports	</identifier>
			<transform>
				<row0>	1.0000 0.0000 0.0000 0.0000	</row0>
				<row1>	0.0000 1.0000 0.0000 0.0000	</row1>
				<row2>	0.0000 0.0000 1.0000 0.0000	</row2>
				<row3>	0.0000 0.0000 0.0000 1.0000	</row3>
			</transform>
			<node>
				<identifier>	HP_FX_Fire_4	</identifier>
				<transform>
					<row0>	1.0000 0.0000 0.0000 0.0000	</row0>
					<row1>	0.0000 1.0000 0.0000 0.0000	</row1>
					<row2>	0.0000 0.0000 1.0000 0.0000	</row2>
					<row3>	0.0000 0.1995 -2.6683 1.0000	</row3>
				</transform>
			</node>
			<node>
				<identifier>	HP_FX_FloodLight_left_1	</identifier>
				<transform>
					<row0>	-1.0000 0.0000 0.0000 0.0000	</row0>
					<row1>	0.0000 1.0000 0.0000 0.0000	</row1>
					<row2>	0.0000 0.0000 -1.0000 0.0000	</row2>
					<row3>	-0.2137 0.3238 -2.1836 1.0000	</row3>
				</transform>
			</node>
			<node>
				<identifier>	HP_FX_FloodLight_right_1	</identifier>
				<transform>
					<row0>	1.0000 0.0000 0.0000 0.0000	</row0>
					<row1>	0.0000 1.0000 0.0000 0.0000	</row1>
					<row2>	0.0000 0.0000 1.0000 0.0000	</row2>
					<row3>	0.2043 0.2944 -2.2121 1.0000	</row3>
				</transform>
			</node>
			<node>
				<identifier>	HP_FX_WakeTraceBack	</identifier>
				<transform>
					<row0>	1.0000 0.0000 0.0000 0.0000	</row0>
					<row1>	0.0000 1.0000 0.0000 0.0000	</row1>
					<row2>	0.0000 0.0000 1.0000 0.0000	</row2>
					<row3>	0.0000 0.0000 -3.0814 1.0000	</row3>
				</transform>
			</node>
			<node>
				<identifier>	HP_FX_WakeTrace_screw_1	</identifier>
				<transform>
					<row0>	1.0000 0.0000 0.0000 0.0000	</row0>
					<row1>	0.0000 1.0000 0.0000 0.0000	</row1>
					<row2>	0.0000 0.0000 1.0000 0.0000	</row2>
					<row3>	-0.1520 -0.2274 -2.4685 1.0000	</row3>
				</transform>
			</node>
			<node>
				<identifier>	HP_FX_WakeTrace_screw_2	</identifier>
				<transform>
					<row0>	1.0000 0.0000 0.0000 0.0000	</row0>
					<row1>	0.0000 1.0000 0.0000 0.0000	</row1>
					<row2>	0.0000 0.0000 1.0000 0.0000	</row2>
					<row3>	0.1520 -0.2274 -2.4682 1.0000	</row3>
				</transform>
			</node>
			<node>
				<identifier>	HP_IGM_2	</identifier>
				<transform>
					<row0>	-1.0000 0.0000 0.0000 0.0000	</row0>
					<row1>	0.0000 1.0000 0.0000 0.0000	</row1>
					<row2>	0.0000 0.0000 -1.0000 0.0000	</row2>
					<row3>	0.0000 0.3605 -1.9174 1.0000	</row3>
				</transform>
			</node>
			<node>
				<identifier>	HP_Ship_death_3	</identifier>
				<transform>
					<row0>	1.0000 0.0000 0.0000 0.0000	</row0>
					<row1>	0.0000 1.0000 0.0000 0.0000	</row1>
					<row2>	0.0000 0.0000 1.0000 0.0000	</row2>
					<row3>	0.0000 0.0000 -1.8516 1.0000	</row3>
				</transform>
			</node>
			<node>
				<identifier>	MP_CM001_Propeller3_L	</identifier>
				<transform>
					<row0>	0.6010 -0.0001 -0.0072 0.0000	</row0>
					<row1>	-0.0001 0.6008 -0.0175 0.0000	</row1>
					<row2>	0.0072 0.0175 0.6007 0.0000	</row2>
					<row3>	-0.1520 -0.2274 -2.4685 1.0000	</row3>
				</transform>
			</node>
			<node>
				<identifier>	MP_CM011_Fire_Fighting_Gear	</identifier>
				<transform>
					<row0>	0.0000 0.0000 -1.0000 0.0000	</row0>
					<row1>	0.0000 1.0000 0.0000 0.0000	</row1>
					<row2>	1.0000 0.0000 0.0000 0.0000	</row2>
					<row3>	-0.2031 0.1880 -2.2380 1.0000	</row3>
				</transform>
			</node>
			<node>
				<identifier>	MP_CM011_Fire_Fighting_Gear_INDEX_1	</identifier>
				<transform>
					<row0>	0.0000 0.0000 1.0000 0.0000	</row0>
					<row1>	0.0000 1.0000 0.0000 0.0000	</row1>
					<row2>	-1.0000 0.0000 0.0000 0.0000	</row2>
					<row3>	0.2031 0.1880 -2.2380 1.0000	</row3>
				</transform>
			</node>
			<node>
				<identifier>	MP_CM013_Fire_Hose_Rack_2	</identifier>
				<transform>
					<row0>	-0.9989 0.0000 0.0477 0.0000	</row0>
					<row1>	0.0000 1.0000 0.0000 0.0000	</row1>
					<row2>	-0.0477 0.0000 -0.9989 0.0000	</row2>
					<row3>	0.1959 0.2661 -2.2436 1.0000	</row3>
				</transform>
			</node>
			<node>
				<identifier>	MP_CM013_Fire_Hose_Rack_2_INDEX_1	</identifier>
				<transform>
					<row0>	0.9989 0.0000 0.0477 0.0000	</row0>
					<row1>	0.0000 1.0000 0.0000 0.0000	</row1>
					<row2>	-0.0477 0.0000 0.9989 0.0000	</row2>
					<row3>	-0.1977 0.2661 -2.2093 1.0000	</row3>
				</transform>
			</node>
			<node>
				<identifier>	MP_CM029_Emergency_Box	</identifier>
				<transform>
					<row0>	0.0723 0.0000 -0.9974 0.0000	</row0>
					<row1>	0.0000 1.0000 0.0000 0.0000	</row1>
					<row2>	0.9974 0.0000 0.0723 0.0000	</row2>
					<row3>	-0.2043 0.2691 -2.1559 1.0000	</row3>
				</transform>
			</node>
			<node>
				<identifier>	MP_CM029_Emergency_Box_INDEX_1	</identifier>
				<transform>
					<row0>	0.0723 0.0000 0.9974 0.0000	</row0>
					<row1>	0.0000 1.0000 0.0000 0.0000	</row1>
					<row2>	-0.9974 0.0000 0.0723 0.0000	</row2>
					<row3>	0.2043 0.2691 -2.1559 1.0000	</row3>
				</transform>
			</node>
			<node>
				<identifier>	MP_CM032_Propeller3_R	</identifier>
				<transform>
					<row0>	0.6010 0.0001 0.0072 0.0000	</row0>
					<row1>	0.0001 0.6008 -0.0175 0.0000	</row1>
					<row2>	-0.0072 0.0175 0.6007 0.0000	</row2>
					<row3>	0.1520 -0.2274 -2.4682 1.0000	</row3>
				</transform>
			</node>
			<node>
				<identifier>	MP_CM056_Ships_bell	</identifier>
				<transform>
					<row0>	0.8660 0.0000 0.5000 0.0000	</row0>
					<row1>	0.0000 1.0000 0.0000 0.0000	</row1>
					<row2>	-0.5000 0.0000 0.8660 0.0000	</row2>
					<row3>	-0.0760 0.3431 -2.3784 1.0000	</row3>
				</transform>
			</node>
			<node>
				<identifier>	MP_IM003_Crown	</identifier>
				<transform>
					<row0>	0.9830 0.0000 0.0000 0.0000	</row0>
					<row1>	0.0000 0.9830 0.0000 0.0000	</row1>
					<row2>	0.0000 0.0000 0.9830 0.0000	</row2>
					<row3>	0.0001 0.1782 -3.1182 1.0000	</row3>
				</transform>
			</node>
			<node>
				<identifier>	MP_IM005_Life_Buoy	</identifier>
				<transform>
					<row0>	-0.1297 -0.0030 0.9916 0.0000	</row0>
					<row1>	-0.0738 0.9972 -0.0066 0.0000	</row1>
					<row2>	-0.9888 -0.0741 -0.1295 0.0000	</row2>
					<row3>	-0.3281 0.0987 -2.4122 1.0000	</row3>
				</transform>
			</node>
			<node>
				<identifier>	MP_IM005_Life_Buoy_INDEX_1	</identifier>
				<transform>
					<row0>	-0.1297 0.0030 -0.9916 0.0000	</row0>
					<row1>	0.0738 0.9972 -0.0066 0.0000	</row1>
					<row2>	0.9888 -0.0741 -0.1295 0.0000	</row2>
					<row3>	0.3282 0.0987 -2.4113 1.0000	</row3>
				</transform>
			</node>
			<node>
				<identifier>	MP_IM030_Depth_Charge_Double	</identifier>
				<transform>
					<row0>	0.0277 0.0271 0.9992 0.0000	</row0>
					<row1>	0.0007 0.9996 -0.0271 0.0000	</row1>
					<row2>	-0.9996 0.0014 0.0277 0.0000	</row2>
					<row3>	-0.0758 0.1893 -2.3753 1.0000	</row3>
				</transform>
			</node>
			<node>
				<identifier>	MP_IM030_Depth_Charge_Double_INDEX_1	</identifier>
				<transform>
					<row0>	0.9992 0.0000 0.0400 0.0000	</row0>
					<row1>	0.0000 1.0000 0.0000 0.0000	</row1>
					<row2>	-0.0400 0.0000 0.9992 0.0000	</row2>
					<row3>	-0.2193 0.1849 -2.1940 1.0000	</row3>
				</transform>
			</node>
			<node>
				<identifier>	MP_IM030_Depth_Charge_Double_INDEX_2	</identifier>
				<transform>
					<row0>	0.7073 -0.0276 -0.7064 0.0000	</row0>
					<row1>	0.0329 0.9994 -0.0061 0.0000	</row1>
					<row2>	0.7061 -0.0189 0.7078 0.0000	</row2>
					<row3>	0.1855 0.1871 -2.3653 1.0000	</row3>
				</transform>
			</node>
			<node>
				<identifier>	MP_IM030_Depth_Charge_Double_INDEX_3	</identifier>
				<transform>
					<row0>	0.9992 0.0000 -0.0400 0.0000	</row0>
					<row1>	0.0000 1.0000 0.0000 0.0000	</row1>
					<row2>	0.0400 0.0000 0.9992 0.0000	</row2>
					<row3>	0.2193 0.1849 -2.1940 1.0000	</row3>
				</transform>
			</node>
			<node>
				<identifier>	MP_IM030_Depth_Charge_Double_INDEX_4	</identifier>
				<transform>
					<row0>	0.0277 -0.0271 -0.9992 0.0000	</row0>
					<row1>	-0.0007 0.9996 -0.0271 0.0000	</row1>
					<row2>	0.9996 0.0014 0.0277 0.0000	</row2>
					<row3>	0.0758 0.1893 -2.3753 1.0000	</row3>
				</transform>
			</node>
			<node>
				<identifier>	MP_IM030_Depth_Charge_Double_INDEX_5	</identifier>
				<transform>
					<row0>	0.7073 0.0276 0.7064 0.0000	</row0>
					<row1>	-0.0329 0.9994 -0.0061 0.0000	</row1>
					<row2>	-0.7061 -0.0189 0.7078 0.0000	</row2>
					<row3>	-0.1853 0.1864 -2.3659 1.0000	</row3>
				</transform>
			</node>
			<node>
				<identifier>	MP_IM049_Crown_stern_light	</identifier>
				<transform>
					<row0>	1.0000 0.0000 0.0000 0.0000	</row0>
					<row1>	0.0000 1.0000 0.0000 0.0000	</row1>
					<row2>	0.0000 0.0000 1.0000 0.0000	</row2>
					<row3>	0.0000 0.6903 -3.1099 1.0000	</row3>
				</transform>
			</node>
			<node>
				<identifier>	MP_IM951_Anchor_up	</identifier>
				<transform>
					<row0>	0.0000 0.2864 -0.2766 0.0000	</row0>
					<row1>	0.0000 0.2766 0.2864 0.0000	</row1>
					<row2>	0.3982 0.0000 0.0000 0.0000	</row2>
					<row3>	0.0000 0.1136 -3.1271 1.0000	</row3>
				</transform>
			</node>
			<node>
				<identifier>	MP_IM952_Anchor_Bottom	</identifier>
				<transform>
					<row0>	0.0000 0.0918 -0.3875 0.0000	</row0>
					<row1>	-0.0002 0.3875 0.0918 0.0000	</row1>
					<row2>	0.3982 0.0002 0.0000 0.0000	</row2>
					<row3>	0.0000 0.1135 -3.1268 1.0000	</row3>
				</transform>
			</node>
		</node>
	</node>
	<boundingBox>
		<min>	-0.0667 -0.0667 -0.0667	</min>
		<max>	0.0667 0.0667 0.0667	</max>
	</boundingBox>
</ISC007_Eritrea_1939_Stern_ports.visual>
