<ASB010_Arkansas_1919_MidFront_ports.visual>
	<node>
		<identifier>	Scene Root	</identifier>
		<transform>
			<row0>	1.0000 0.0000 0.0000 0.0000	</row0>
			<row1>	0.0000 1.0000 0.0000 0.0000	</row1>
			<row2>	0.0000 0.0000 1.0000 0.0000	</row2>
			<row3>	0.0000 0.0000 0.0000 1.0000	</row3>
		</transform>
		<node>
			<identifier>	MidFront_ports	</identifier>
			<transform>
				<row0>	1.0000 0.0000 0.0000 0.0000	</row0>
				<row1>	0.0000 1.0000 0.0000 0.0000	</row1>
				<row2>	0.0000 0.0000 1.0000 0.0000	</row2>
				<row3>	0.0000 0.0000 0.0000 1.0000	</row3>
			</transform>
			<node>
				<identifier>	HP_AD_1	</identifier>
				<transform>
					<row0>	1.0000 0.0000 0.0000 0.0000	</row0>
					<row1>	0.0000 1.0000 0.0000 0.0000	</row1>
					<row2>	0.0000 0.0000 1.0000 0.0000	</row2>
					<row3>	-0.0005 2.3094 1.7522 1.0000	</row3>
				</transform>
			</node>
			<node>
				<identifier>	HP_AD_2	</identifier>
				<transform>
					<row0>	0.0000 0.0000 1.0000 0.0000	</row0>
					<row1>	0.0000 1.0000 0.0000 0.0000	</row1>
					<row2>	-1.0000 0.0000 0.0000 0.0000	</row2>
					<row3>	-0.6026 0.7486 1.5309 1.0000	</row3>
				</transform>
			</node>
			<node>
				<identifier>	HP_AD_3	</identifier>
				<transform>
					<row0>	0.0000 0.0000 -1.0000 0.0000	</row0>
					<row1>	0.0000 1.0000 0.0000 0.0000	</row1>
					<row2>	1.0000 0.0000 0.0000 0.0000	</row2>
					<row3>	0.6026 0.7486 1.5309 1.0000	</row3>
				</transform>
			</node>
			<node>
				<identifier>	HP_AD_4	</identifier>
				<transform>
					<row0>	1.0000 0.0000 0.0000 0.0000	</row0>
					<row1>	0.0000 1.0000 0.0000 0.0000	</row1>
					<row2>	0.0000 0.0000 1.0000 0.0000	</row2>
					<row3>	-0.0005 2.3101 -0.0165 1.0000	</row3>
				</transform>
			</node>
			<node>
				<identifier>	HP_AD_5	</identifier>
				<transform>
					<row0>	0.0000 0.0000 1.0000 0.0000	</row0>
					<row1>	0.0000 1.0000 0.0000 0.0000	</row1>
					<row2>	-1.0000 0.0000 0.0000 0.0000	</row2>
					<row3>	-0.4641 0.4895 -0.2060 1.0000	</row3>
				</transform>
			</node>
			<node>
				<identifier>	HP_AD_6	</identifier>
				<transform>
					<row0>	0.0000 0.0000 -1.0000 0.0000	</row0>
					<row1>	0.0000 1.0000 0.0000 0.0000	</row1>
					<row2>	1.0000 0.0000 0.0000 0.0000	</row2>
					<row3>	0.4641 0.4895 -0.2060 1.0000	</row3>
				</transform>
			</node>
			<node>
				<identifier>	HP_AF_1	</identifier>
				<transform>
					<row0>	1.0000 0.0000 0.0000 0.0000	</row0>
					<row1>	0.0000 1.0000 0.0000 0.0000	</row1>
					<row2>	0.0000 0.0000 1.0000 0.0000	</row2>
					<row3>	0.0000 0.9723 2.1277 1.0000	</row3>
				</transform>
			</node>
			<node>
				<identifier>	HP_AGA_1	</identifier>
				<transform>
					<row0>	0.7399 0.0000 0.6727 0.0000	</row0>
					<row1>	0.0000 1.0000 0.0000 0.0000	</row1>
					<row2>	-0.6727 0.0000 0.7399 0.0000	</row2>
					<row3>	-0.5484 0.4538 2.5265 1.0000	</row3>
				</transform>
			</node>
			<node>
				<identifier>	HP_AGA_2	</identifier>
				<transform>
					<row0>	0.7399 0.0000 -0.6727 0.0000	</row0>
					<row1>	0.0000 1.0000 0.0000 0.0000	</row1>
					<row2>	0.6727 0.0000 0.7399 0.0000	</row2>
					<row3>	0.5484 0.4538 2.5266 1.0000	</row3>
				</transform>
			</node>
			<node>
				<identifier>	HP_AGA_3	</identifier>
				<transform>
					<row0>	0.6765 0.0000 0.7365 0.0000	</row0>
					<row1>	0.0000 1.0000 0.0000 0.0000	</row1>
					<row2>	-0.7365 0.0000 0.6765 0.0000	</row2>
					<row3>	-0.5171 0.6015 2.2586 1.0000	</row3>
				</transform>
			</node>
			<node>
				<identifier>	HP_AGA_4	</identifier>
				<transform>
					<row0>	0.6765 0.0000 -0.7365 0.0000	</row0>
					<row1>	0.0000 1.0000 0.0000 0.0000	</row1>
					<row2>	0.7365 0.0000 0.6765 0.0000	</row2>
					<row3>	0.5171 0.6015 2.2586 1.0000	</row3>
				</transform>
			</node>
			<node>
				<identifier>	HP_AGA_5	</identifier>
				<transform>
					<row0>	0.0000 0.0000 1.0000 0.0000	</row0>
					<row1>	0.0000 1.0000 0.0000 0.0000	</row1>
					<row2>	-1.0000 0.0000 0.0000 0.0000	</row2>
					<row3>	-0.6188 1.1824 0.6628 1.0000	</row3>
				</transform>
			</node>
			<node>
				<identifier>	HP_AGA_6	</identifier>
				<transform>
					<row0>	0.0000 0.0000 -1.0000 0.0000	</row0>
					<row1>	0.0000 1.0000 0.0000 0.0000	</row1>
					<row2>	1.0000 0.0000 0.0000 0.0000	</row2>
					<row3>	0.6188 1.1824 0.6628 1.0000	</row3>
				</transform>
			</node>
			<node>
				<identifier>	HP_AGM_2	</identifier>
				<transform>
					<row0>	1.0000 0.0000 0.0000 0.0000	</row0>
					<row1>	0.0000 1.0000 0.0000 0.0000	</row1>
					<row2>	0.0000 0.0000 1.0000 0.0000	</row2>
					<row3>	0.0000 0.7161 2.6350 1.0000	</row3>
				</transform>
			</node>
			<node>
				<identifier>	HP_AGM_3	</identifier>
				<transform>
					<row0>	-1.0000 0.0000 0.0000 0.0000	</row0>
					<row1>	0.0000 1.0000 0.0000 0.0000	</row1>
					<row2>	0.0000 0.0000 -1.0000 0.0000	</row2>
					<row3>	0.0000 0.6521 -0.6847 1.0000	</row3>
				</transform>
			</node>
			<node>
				<identifier>	HP_AGS_1	</identifier>
				<transform>
					<row0>	0.9962 0.0000 0.0872 0.0000	</row0>
					<row1>	0.0000 1.0000 0.0000 0.0000	</row1>
					<row2>	-0.0872 0.0000 0.9962 0.0000	</row2>
					<row3>	-0.7638 0.3503 2.0190 1.0000	</row3>
				</transform>
			</node>
			<node>
				<identifier>	HP_AGS_10	</identifier>
				<transform>
					<row0>	-0.9501 0.0000 -0.3118 0.0000	</row0>
					<row1>	0.0000 1.0000 0.0000 0.0000	</row1>
					<row2>	0.3118 0.0000 -0.9501 0.0000	</row2>
					<row3>	0.8103 0.3252 0.3244 1.0000	</row3>
				</transform>
			</node>
			<node>
				<identifier>	HP_AGS_11	</identifier>
				<transform>
					<row0>	-0.9848 0.0000 0.1734 0.0000	</row0>
					<row1>	0.0000 1.0000 0.0000 0.0000	</row1>
					<row2>	-0.1734 0.0000 -0.9848 0.0000	</row2>
					<row3>	-0.8117 0.3164 -0.2487 1.0000	</row3>
				</transform>
			</node>
			<node>
				<identifier>	HP_AGS_12	</identifier>
				<transform>
					<row0>	-0.9845 0.0000 -0.1751 0.0000	</row0>
					<row1>	0.0000 1.0000 0.0000 0.0000	</row1>
					<row2>	0.1751 0.0000 -0.9845 0.0000	</row2>
					<row3>	0.8117 0.3164 -0.2487 1.0000	</row3>
				</transform>
			</node>
			<node>
				<identifier>	HP_AGS_2	</identifier>
				<transform>
					<row0>	0.9962 0.0000 -0.0872 0.0000	</row0>
					<row1>	0.0000 1.0000 0.0000 0.0000	</row1>
					<row2>	0.0872 0.0000 0.9962 0.0000	</row2>
					<row3>	0.7638 0.3503 2.0190 1.0000	</row3>
				</transform>
			</node>
			<node>
				<identifier>	HP_AGS_3	</identifier>
				<transform>
					<row0>	1.0000 0.0000 0.0000 0.0000	</row0>
					<row1>	0.0000 1.0000 0.0000 0.0000	</row1>
					<row2>	0.0000 0.0000 1.0000 0.0000	</row2>
					<row3>	-0.5095 0.7454 1.8067 1.0000	</row3>
				</transform>
			</node>
			<node>
				<identifier>	HP_AGS_4	</identifier>
				<transform>
					<row0>	1.0000 0.0000 0.0000 0.0000	</row0>
					<row1>	0.0000 1.0000 0.0000 0.0000	</row1>
					<row2>	0.0000 0.0000 1.0000 0.0000	</row2>
					<row3>	0.5095 0.7454 1.8067 1.0000	</row3>
				</transform>
			</node>
			<node>
				<identifier>	HP_AGS_5	</identifier>
				<transform>
					<row0>	0.9758 0.0000 0.2189 0.0000	</row0>
					<row1>	0.0000 1.0000 0.0000 0.0000	</row1>
					<row2>	-0.2189 0.0000 0.9758 0.0000	</row2>
					<row3>	-0.7891 0.3422 1.4464 1.0000	</row3>
				</transform>
			</node>
			<node>
				<identifier>	HP_AGS_6	</identifier>
				<transform>
					<row0>	0.9758 0.0000 -0.2188 0.0000	</row0>
					<row1>	0.0000 1.0000 0.0000 0.0000	</row1>
					<row2>	0.2188 0.0000 0.9758 0.0000	</row2>
					<row3>	0.7891 0.3422 1.4464 1.0000	</row3>
				</transform>
			</node>
			<node>
				<identifier>	HP_AGS_7	</identifier>
				<transform>
					<row0>	0.9550 0.0000 0.2967 0.0000	</row0>
					<row1>	0.0000 1.0000 0.0000 0.0000	</row1>
					<row2>	-0.2967 0.0000 0.9550 0.0000	</row2>
					<row3>	-0.8045 0.3339 0.8872 1.0000	</row3>
				</transform>
			</node>
			<node>
				<identifier>	HP_AGS_8	</identifier>
				<transform>
					<row0>	0.9546 0.0000 -0.2978 0.0000	</row0>
					<row1>	0.0000 1.0000 0.0000 0.0000	</row1>
					<row2>	0.2978 0.0000 0.9546 0.0000	</row2>
					<row3>	0.8045 0.3339 0.8872 1.0000	</row3>
				</transform>
			</node>
			<node>
				<identifier>	HP_AGS_9	</identifier>
				<transform>
					<row0>	-0.9493 0.0000 0.3144 0.0000	</row0>
					<row1>	0.0000 1.0000 0.0000 0.0000	</row1>
					<row2>	-0.3144 0.0000 -0.9493 0.0000	</row2>
					<row3>	-0.8103 0.3252 0.3244 1.0000	</row3>
				</transform>
			</node>
			<node>
				<identifier>	HP_FX_Death_2	</identifier>
				<transform>
					<row0>	1.0000 0.0000 0.0000 0.0000	</row0>
					<row1>	0.0000 1.0000 0.0000 0.0000	</row1>
					<row2>	0.0000 0.0000 1.0000 0.0000	</row2>
					<row3>	0.0000 0.0000 -0.8749 1.0000	</row3>
				</transform>
			</node>
			<node>
				<identifier>	HP_FX_Fire_2	</identifier>
				<transform>
					<row0>	1.0000 0.0000 0.0000 0.0000	</row0>
					<row1>	0.0000 1.0000 0.0000 0.0000	</row1>
					<row2>	0.0000 0.0000 1.0000 0.0000	</row2>
					<row3>	0.0000 0.4806 0.9057 1.0000	</row3>
				</transform>
			</node>
			<node>
				<identifier>	HP_FX_Fire_2_side_1	</identifier>
				<transform>
					<row0>	0.9986 0.0000 -0.0531 0.0000	</row0>
					<row1>	0.0000 1.0000 0.0000 0.0000	</row1>
					<row2>	0.0531 0.0000 0.9986 0.0000	</row2>
					<row3>	-0.7158 0.4700 2.1048 1.0000	</row3>
				</transform>
			</node>
			<node>
				<identifier>	HP_FX_Fire_2_side_2	</identifier>
				<transform>
					<row0>	1.0000 0.0000 0.0000 0.0000	</row0>
					<row1>	0.0000 1.0000 0.0000 0.0000	</row1>
					<row2>	0.0000 0.0000 1.0000 0.0000	</row2>
					<row3>	0.7493 0.5406 0.0881 1.0000	</row3>
				</transform>
			</node>
			<node>
				<identifier>	HP_FX_Fire_2_side_3	</identifier>
				<transform>
					<row0>	1.0000 0.0000 0.0000 0.0000	</row0>
					<row1>	0.0000 1.0000 0.0000 0.0000	</row1>
					<row2>	0.0000 0.0000 1.0000 0.0000	</row2>
					<row3>	-0.3504 0.9505 1.5797 1.0000	</row3>
				</transform>
			</node>
			<node>
				<identifier>	HP_FX_Fire_5	</identifier>
				<transform>
					<row0>	1.0000 0.0000 0.0000 0.0000	</row0>
					<row1>	0.0000 1.0000 0.0000 0.0000	</row1>
					<row2>	0.0000 0.0000 1.0000 0.0000	</row2>
					<row3>	-0.1367 0.5978 0.7614 1.0000	</row3>
				</transform>
			</node>
			<node>
				<identifier>	HP_FX_Fire_5_2	</identifier>
				<transform>
					<row0>	1.0000 0.0000 0.0000 0.0000	</row0>
					<row1>	0.0000 1.0000 0.0000 0.0000	</row1>
					<row2>	0.0000 0.0000 1.0000 0.0000	</row2>
					<row3>	-0.1367 0.5384 0.0232 1.0000	</row3>
				</transform>
			</node>
			<node>
				<identifier>	HP_FX_FloodLight_left_1	</identifier>
				<transform>
					<row0>	-1.0000 0.0000 0.0000 0.0000	</row0>
					<row1>	0.0000 1.0000 0.0000 0.0000	</row1>
					<row2>	0.0000 0.0000 -1.0000 0.0000	</row2>
					<row3>	-0.3958 0.5217 0.1339 1.0000	</row3>
				</transform>
			</node>
			<node>
				<identifier>	HP_FX_FloodLight_left_2	</identifier>
				<transform>
					<row0>	-1.0000 0.0000 0.0000 0.0000	</row0>
					<row1>	0.0000 1.0000 0.0000 0.0000	</row1>
					<row2>	0.0000 0.0000 -1.0000 0.0000	</row2>
					<row3>	-0.5877 0.5297 2.0600 1.0000	</row3>
				</transform>
			</node>
			<node>
				<identifier>	HP_FX_FloodLight_right_1	</identifier>
				<transform>
					<row0>	1.0000 0.0000 0.0000 0.0000	</row0>
					<row1>	0.0000 1.0000 0.0000 0.0000	</row1>
					<row2>	0.0000 0.0000 1.0000 0.0000	</row2>
					<row3>	0.3958 0.5417 0.1269 1.0000	</row3>
				</transform>
			</node>
			<node>
				<identifier>	HP_FX_FloodLight_right_2	</identifier>
				<transform>
					<row0>	1.0000 0.0000 0.0000 0.0000	</row0>
					<row1>	0.0000 1.0000 0.0000 0.0000	</row1>
					<row2>	0.0000 0.0000 1.0000 0.0000	</row2>
					<row3>	0.5907 0.5297 2.1329 1.0000	</row3>
				</transform>
			</node>
			<node>
				<identifier>	HP_FX_Flood_steam_1	</identifier>
				<transform>
					<row0>	1.0000 0.0000 0.0000 0.0000	</row0>
					<row1>	0.0000 0.9880 -0.1545 0.0000	</row1>
					<row2>	0.0000 0.1545 0.9880 0.0000	</row2>
					<row3>	0.0000 1.3493 1.0652 1.0000	</row3>
				</transform>
			</node>
			<node>
				<identifier>	HP_FX_Flood_steam_2	</identifier>
				<transform>
					<row0>	1.0000 0.0000 0.0000 0.0000	</row0>
					<row1>	0.0000 0.9653 -0.2613 0.0000	</row1>
					<row2>	0.0000 0.2613 0.9653 0.0000	</row2>
					<row3>	0.0000 1.3603 0.2436 1.0000	</row3>
				</transform>
			</node>
			<node>
				<identifier>	HP_FX_Flood_water_left_2	</identifier>
				<transform>
					<row0>	-1.0000 0.0000 0.0000 0.0000	</row0>
					<row1>	0.0000 1.0000 0.0000 0.0000	</row1>
					<row2>	0.0000 0.0000 -1.0000 0.0000	</row2>
					<row3>	-0.9305 0.1389 -0.4438 1.0000	</row3>
				</transform>
			</node>
			<node>
				<identifier>	HP_FX_Flood_water_left_3	</identifier>
				<transform>
					<row0>	-1.0000 0.0000 0.0000 0.0000	</row0>
					<row1>	0.0000 1.0000 0.0000 0.0000	</row1>
					<row2>	0.0000 0.0000 -1.0000 0.0000	</row2>
					<row3>	-0.7088 0.2359 2.9655 1.0000	</row3>
				</transform>
			</node>
			<node>
				<identifier>	HP_FX_Flood_water_right_2	</identifier>
				<transform>
					<row0>	1.0000 0.0000 0.0000 0.0000	</row0>
					<row1>	0.0000 1.0000 0.0000 0.0000	</row1>
					<row2>	0.0000 0.0000 1.0000 0.0000	</row2>
					<row3>	0.9245 0.1389 -0.4438 1.0000	</row3>
				</transform>
			</node>
			<node>
				<identifier>	HP_FX_Flood_water_right_3	</identifier>
				<transform>
					<row0>	1.0000 0.0000 0.0000 0.0000	</row0>
					<row1>	0.0000 1.0000 0.0000 0.0000	</row1>
					<row2>	0.0000 0.0000 1.0000 0.0000	</row2>
					<row3>	0.7097 0.2363 2.9655 1.0000	</row3>
				</transform>
			</node>
			<node>
				<identifier>	HP_FX_Smoke_1	</identifier>
				<transform>
					<row0>	1.0000 0.0000 0.0000 0.0000	</row0>
					<row1>	0.0000 1.0000 0.0000 0.0000	</row1>
					<row2>	0.0000 0.0000 1.0000 0.0000	</row2>
					<row3>	0.0000 1.4335 1.2342 1.0000	</row3>
				</transform>
			</node>
			<node>
				<identifier>	HP_FX_Smoke_2	</identifier>
				<transform>
					<row0>	1.0000 0.0000 0.0000 0.0000	</row0>
					<row1>	0.0000 1.0000 0.0000 0.0000	</row1>
					<row2>	0.0000 0.0000 1.0000 0.0000	</row2>
					<row3>	0.0000 1.4371 0.4139 1.0000	</row3>
				</transform>
			</node>
			<node>
				<identifier>	HP_Flagpole	</identifier>
				<transform>
					<row0>	1.1252 0.0000 0.0000 0.0000	</row0>
					<row1>	0.0000 1.0000 0.0000 0.0000	</row1>
					<row2>	0.0000 0.0000 1.1252 0.0000	</row2>
					<row3>	0.0000 2.9363 0.1064 1.0000	</row3>
				</transform>
			</node>
			<node>
				<identifier>	HP_flag_1	</identifier>
				<transform>
					<row0>	0.9972 -0.0745 -0.0053 0.0000	</row0>
					<row1>	0.0745 0.9873 0.1406 0.0000	</row1>
					<row2>	-0.0053 -0.1406 0.9901 0.0000	</row2>
					<row3>	0.6522 2.0753 1.7450 1.0000	</row3>
				</transform>
			</node>
			<node>
				<identifier>	HP_flag_2	</identifier>
				<transform>
					<row0>	0.9972 0.0746 0.0053 0.0000	</row0>
					<row1>	-0.0746 0.9873 0.1405 0.0000	</row1>
					<row2>	0.0053 -0.1405 0.9901 0.0000	</row2>
					<row3>	-0.6522 2.0753 1.7449 1.0000	</row3>
				</transform>
			</node>
			<node>
				<identifier>	HP_flag_3	</identifier>
				<transform>
					<row0>	0.9997 0.0242 0.0017 0.0000	</row0>
					<row1>	-0.0242 0.9898 0.1407 0.0000	</row1>
					<row2>	0.0017 -0.1407 0.9901 0.0000	</row2>
					<row3>	0.5118 2.0753 1.7448 1.0000	</row3>
				</transform>
			</node>
			<node>
				<identifier>	HP_flag_4	</identifier>
				<transform>
					<row0>	0.9997 -0.0242 -0.0017 0.0000	</row0>
					<row1>	0.0242 0.9898 0.1406 0.0000	</row1>
					<row2>	-0.0017 -0.1406 0.9901 0.0000	</row2>
					<row3>	-0.5118 2.0753 1.7447 1.0000	</row3>
				</transform>
			</node>
			<node>
				<identifier>	HP_flag_courtesy	</identifier>
				<transform>
					<row0>	0.9925 -0.1218 0.0047 0.0000	</row0>
					<row1>	0.1218 0.9896 -0.0761 0.0000	</row1>
					<row2>	0.0047 0.0761 0.9971 0.0000	</row2>
					<row3>	0.4586 2.0753 -0.0040 1.0000	</row3>
				</transform>
			</node>
			<node>
				<identifier>	HP_flag_house	</identifier>
				<transform>
					<row0>	0.9928 0.1197 -0.0046 0.0000	</row0>
					<row1>	-0.1197 0.9899 -0.0758 0.0000	</row1>
					<row2>	-0.0046 0.0758 0.9971 0.0000	</row2>
					<row3>	-0.4568 2.0753 -0.0036 1.0000	</row3>
				</transform>
			</node>
			<node>
				<identifier>	HP_flag_nation	</identifier>
				<transform>
					<row0>	0.9923 0.1235 -0.0055 0.0000	</row0>
					<row1>	-0.1235 0.9884 -0.0887 0.0000	</row1>
					<row2>	-0.0055 0.0887 0.9960 0.0000	</row2>
					<row3>	0.0014 2.1739 -0.3400 1.0000	</row3>
				</transform>
			</node>
			<node>
				<identifier>	HP_flag_rank	</identifier>
				<transform>
					<row0>	1.0000 0.0000 0.0000 0.0000	</row0>
					<row1>	0.0000 1.0000 0.0000 0.0000	</row1>
					<row2>	0.0000 0.0000 1.0000 0.0000	</row2>
					<row3>	0.0000 3.3451 1.6322 1.0000	</row3>
				</transform>
			</node>
			<node>
				<identifier>	MP_AM001_Bollard_2	</identifier>
				<transform>
					<row0>	1.3492 -0.0007 -0.0470 0.0000	</row0>
					<row1>	0.0000 1.3499 -0.0193 0.0000	</row1>
					<row2>	0.0470 0.0193 1.3490 0.0000	</row2>
					<row3>	-0.7772 0.4406 1.7225 1.0000	</row3>
				</transform>
			</node>
			<node>
				<identifier>	MP_AM001_Bollard_2_INDEX_1	</identifier>
				<transform>
					<row0>	1.3500 0.0000 -0.0010 0.0000	</row0>
					<row1>	0.0000 1.3499 -0.0151 0.0000	</row1>
					<row2>	0.0010 0.0151 1.3499 0.0000	</row2>
					<row3>	0.8134 0.4065 -0.5763 1.0000	</row3>
				</transform>
			</node>
			<node>
				<identifier>	MP_AM001_Bollard_2_INDEX_2	</identifier>
				<transform>
					<row0>	1.3492 0.0007 0.0470 0.0000	</row0>
					<row1>	0.0000 1.3499 -0.0193 0.0000	</row1>
					<row2>	-0.0470 0.0193 1.3490 0.0000	</row2>
					<row3>	0.7793 0.4406 1.7225 1.0000	</row3>
				</transform>
			</node>
			<node>
				<identifier>	MP_AM001_Bollard_2_INDEX_3	</identifier>
				<transform>
					<row0>	1.3500 0.0000 0.0010 0.0000	</row0>
					<row1>	0.0000 1.3499 -0.0151 0.0000	</row1>
					<row2>	-0.0010 0.0151 1.3499 0.0000	</row2>
					<row3>	-0.8134 0.4065 -0.5763 1.0000	</row3>
				</transform>
			</node>
			<node>
				<identifier>	MP_AM001_Bollard_2_INDEX_4	</identifier>
				<transform>
					<row0>	1.3500 0.0000 0.0010 0.0000	</row0>
					<row1>	0.0000 1.3499 -0.0193 0.0000	</row1>
					<row2>	-0.0010 0.0193 1.3499 0.0000	</row2>
					<row3>	-0.8094 0.4253 0.6622 1.0000	</row3>
				</transform>
			</node>
			<node>
				<identifier>	MP_AM001_Bollard_2_INDEX_5	</identifier>
				<transform>
					<row0>	1.3500 0.0000 -0.0010 0.0000	</row0>
					<row1>	0.0000 1.3499 -0.0193 0.0000	</row1>
					<row2>	0.0010 0.0193 1.3499 0.0000	</row2>
					<row3>	0.8094 0.4253 0.6622 1.0000	</row3>
				</transform>
			</node>
			<node>
				<identifier>	MP_AM018_Compass_Binnacle	</identifier>
				<transform>
					<row0>	1.0000 0.0000 0.0000 0.0000	</row0>
					<row1>	0.0000 1.0000 0.0000 0.0000	</row1>
					<row2>	0.0000 0.0000 1.0000 0.0000	</row2>
					<row3>	0.0000 1.1300 1.7581 1.0000	</row3>
				</transform>
			</node>
			<node>
				<identifier>	MP_AM018_Compass_Binnacle_INDEX_1	</identifier>
				<transform>
					<row0>	1.0000 0.0000 0.0000 0.0000	</row0>
					<row1>	0.0000 1.0000 0.0000 0.0000	</row1>
					<row2>	0.0000 0.0000 1.0000 0.0000	</row2>
					<row3>	0.0000 0.9306 1.7581 1.0000	</row3>
				</transform>
			</node>
			<node>
				<identifier>	MP_AM047_Running_Lights_R	</identifier>
				<transform>
					<row0>	1.0000 0.0000 0.0000 0.0000	</row0>
					<row1>	0.0000 1.0000 0.0000 0.0000	</row1>
					<row2>	0.0000 0.0000 1.0000 0.0000	</row2>
					<row3>	0.5858 0.8728 1.5903 1.0000	</row3>
				</transform>
			</node>
			<node>
				<identifier>	MP_AM048_Running_Lights_L	</identifier>
				<transform>
					<row0>	1.0000 0.0000 0.0000 0.0000	</row0>
					<row1>	0.0000 1.0000 0.0000 0.0000	</row1>
					<row2>	0.0000 0.0000 1.0000 0.0000	</row2>
					<row3>	-0.5859 0.8728 1.5903 1.0000	</row3>
				</transform>
			</node>
			<node>
				<identifier>	MP_AM049_Signal_Lamp_1	</identifier>
				<transform>
					<row0>	0.5096 0.0000 0.0000 0.0000	</row0>
					<row1>	0.0000 0.5096 0.0000 0.0000	</row1>
					<row2>	0.0000 0.0000 0.5096 0.0000	</row2>
					<row3>	0.4399 2.1752 1.7486 1.0000	</row3>
				</transform>
			</node>
			<node>
				<identifier>	MP_AM049_Signal_Lamp_1_INDEX_1	</identifier>
				<transform>
					<row0>	0.5096 0.0000 0.0000 0.0000	</row0>
					<row1>	0.0000 0.5096 0.0000 0.0000	</row1>
					<row2>	0.0000 0.0000 0.5096 0.0000	</row2>
					<row3>	0.4399 2.1752 -0.0063 1.0000	</row3>
				</transform>
			</node>
			<node>
				<identifier>	MP_AM049_Signal_Lamp_1_INDEX_2	</identifier>
				<transform>
					<row0>	0.5096 0.0000 0.0000 0.0000	</row0>
					<row1>	0.0000 0.5096 0.0000 0.0000	</row1>
					<row2>	0.0000 0.0000 0.5096 0.0000	</row2>
					<row3>	-0.4399 2.1752 1.7486 1.0000	</row3>
				</transform>
			</node>
			<node>
				<identifier>	MP_AM049_Signal_Lamp_1_INDEX_3	</identifier>
				<transform>
					<row0>	0.5096 0.0000 0.0000 0.0000	</row0>
					<row1>	0.0000 0.5096 0.0000 0.0000	</row1>
					<row2>	0.0000 0.0000 0.5096 0.0000	</row2>
					<row3>	-0.4399 2.1752 -0.0063 1.0000	</row3>
				</transform>
			</node>
			<node>
				<identifier>	MP_AM077_Paravane	</identifier>
				<transform>
					<row0>	0.8810 0.0000 0.7392 0.0000	</row0>
					<row1>	0.0000 1.1500 0.0000 0.0000	</row1>
					<row2>	-0.7392 0.0000 0.8810 0.0000	</row2>
					<row3>	0.2911 0.6319 2.2182 1.0000	</row3>
				</transform>
			</node>
			<node>
				<identifier>	MP_AM077_Paravane_INDEX_1	</identifier>
				<transform>
					<row0>	0.8810 0.0000 -0.7392 0.0000	</row0>
					<row1>	0.0000 1.1500 0.0000 0.0000	</row1>
					<row2>	0.7392 0.0000 0.8810 0.0000	</row2>
					<row3>	-0.2911 0.6319 2.2182 1.0000	</row3>
				</transform>
			</node>
			<node>
				<identifier>	MP_AM094_Motor_launch_36ft	</identifier>
				<transform>
					<row0>	-1.0000 0.0000 0.0000 0.0000	</row0>
					<row1>	0.0000 1.0000 0.0000 0.0000	</row1>
					<row2>	0.0000 0.0000 -1.0000 0.0000	</row2>
					<row3>	-0.3987 0.6779 1.1417 1.0000	</row3>
				</transform>
			</node>
			<node>
				<identifier>	MP_AM094_Motor_launch_36ft_INDEX_1	</identifier>
				<transform>
					<row0>	-1.0000 0.0000 0.0000 0.0000	</row0>
					<row1>	0.0000 1.0000 0.0000 0.0000	</row1>
					<row2>	0.0000 0.0000 -1.0000 0.0000	</row2>
					<row3>	0.3987 0.6779 1.1417 1.0000	</row3>
				</transform>
			</node>
			<node>
				<identifier>	MP_AM097_Motor_launch_50ft	</identifier>
				<transform>
					<row0>	-1.0000 0.0000 0.0000 0.0000	</row0>
					<row1>	0.0000 1.0000 0.0000 0.0000	</row1>
					<row2>	0.0000 0.0000 -1.0000 0.0000	</row2>
					<row3>	-0.7336 0.5084 0.1430 1.0000	</row3>
				</transform>
			</node>
			<node>
				<identifier>	MP_AM097_Motor_launch_50ft_INDEX_1	</identifier>
				<transform>
					<row0>	-1.0000 0.0000 0.0000 0.0000	</row0>
					<row1>	0.0000 1.0000 0.0000 0.0000	</row1>
					<row2>	0.0000 0.0000 -1.0000 0.0000	</row2>
					<row3>	0.7336 0.5084 0.1430 1.0000	</row3>
				</transform>
			</node>
			<node>
				<identifier>	MP_AM108_Reels_4	</identifier>
				<transform>
					<row0>	0.0000 0.0000 1.0000 0.0000	</row0>
					<row1>	0.0000 1.0000 0.0000 0.0000	</row1>
					<row2>	-1.0000 0.0000 0.0000 0.0000	</row2>
					<row3>	-0.3496 0.4517 2.7655 1.0000	</row3>
				</transform>
			</node>
			<node>
				<identifier>	MP_AM164_Signal_Lamp_4	</identifier>
				<transform>
					<row0>	0.0622 0.0000 0.9981 0.0000	</row0>
					<row1>	0.0000 1.0000 0.0000 0.0000	</row1>
					<row2>	-0.9981 0.0000 0.0622 0.0000	</row2>
					<row3>	-0.5747 0.9745 1.6405 1.0000	</row3>
				</transform>
			</node>
			<node>
				<identifier>	MP_AM164_Signal_Lamp_4_INDEX_1	</identifier>
				<transform>
					<row0>	0.7292 0.0000 0.6843 0.0000	</row0>
					<row1>	0.0000 1.0000 0.0000 0.0000	</row1>
					<row2>	-0.6843 0.0000 0.7292 0.0000	</row2>
					<row3>	-0.4559 0.9787 1.8097 1.0000	</row3>
				</transform>
			</node>
			<node>
				<identifier>	MP_AM164_Signal_Lamp_4_INDEX_2	</identifier>
				<transform>
					<row0>	0.0622 0.0000 -0.9981 0.0000	</row0>
					<row1>	0.0000 1.0000 0.0000 0.0000	</row1>
					<row2>	0.9981 0.0000 0.0622 0.0000	</row2>
					<row3>	0.5747 0.9745 1.6405 1.0000	</row3>
				</transform>
			</node>
			<node>
				<identifier>	MP_AM164_Signal_Lamp_4_INDEX_3	</identifier>
				<transform>
					<row0>	0.7292 0.0000 -0.6843 0.0000	</row0>
					<row1>	0.0000 1.0000 0.0000 0.0000	</row1>
					<row2>	0.6843 0.0000 0.7292 0.0000	</row2>
					<row3>	0.4566 0.9787 1.8089 1.0000	</row3>
				</transform>
			</node>
			<node>
				<identifier>	MP_AM170_Flag_Box_2	</identifier>
				<transform>
					<row0>	-0.9996 -0.0292 0.0000 0.0000	</row0>
					<row1>	-0.0292 0.9996 0.0000 0.0000	</row1>
					<row2>	0.0000 0.0000 -1.0000 0.0000	</row2>
					<row3>	-0.2902 0.8971 1.5470 1.0000	</row3>
				</transform>
			</node>
			<node>
				<identifier>	MP_AM170_Flag_Box_2_INDEX_1	</identifier>
				<transform>
					<row0>	-0.9996 0.0292 0.0000 0.0000	</row0>
					<row1>	0.0292 0.9996 0.0000 0.0000	</row1>
					<row2>	0.0000 0.0000 -1.0000 0.0000	</row2>
					<row3>	0.2902 0.8971 1.5470 1.0000	</row3>
				</transform>
			</node>
			<node>
				<identifier>	MP_AM173_Insulator_1	</identifier>
				<transform>
					<row0>	0.5000 0.0000 0.0000 0.0000	</row0>
					<row1>	0.0000 0.0000 0.5000 0.0000	</row1>
					<row2>	0.0000 -0.5000 0.0000 0.0000	</row2>
					<row3>	-0.0680 0.8069 2.1874 1.0000	</row3>
				</transform>
			</node>
			<node>
				<identifier>	MP_AM217_Hatch	</identifier>
				<transform>
					<row0>	0.0000 0.0000 -1.0000 0.0000	</row0>
					<row1>	0.0000 1.0000 0.0000 0.0000	</row1>
					<row2>	1.0000 0.0000 0.0000 0.0000	</row2>
					<row3>	-0.0989 0.4630 3.0356 1.0000	</row3>
				</transform>
			</node>
			<node>
				<identifier>	MP_AM218_Hatch	</identifier>
				<transform>
					<row0>	1.0000 0.0000 0.0000 0.0000	</row0>
					<row1>	0.0000 1.0000 0.0000 0.0000	</row1>
					<row2>	0.0000 0.0000 1.0000 0.0000	</row2>
					<row3>	0.4283 0.4106 -0.3651 1.0000	</row3>
				</transform>
			</node>
			<node>
				<identifier>	MP_AM218_Hatch_INDEX_1	</identifier>
				<transform>
					<row0>	1.0000 0.0000 0.0000 0.0000	</row0>
					<row1>	0.0000 1.0000 0.0000 0.0000	</row1>
					<row2>	0.0000 0.0000 1.0000 0.0000	</row2>
					<row3>	0.4269 0.4357 1.3578 1.0000	</row3>
				</transform>
			</node>
			<node>
				<identifier>	MP_AM218_Hatch_INDEX_2	</identifier>
				<transform>
					<row0>	1.0000 0.0000 0.0000 0.0000	</row0>
					<row1>	0.0000 1.0000 0.0000 0.0000	</row1>
					<row2>	0.0000 0.0000 1.0000 0.0000	</row2>
					<row3>	-0.4283 0.4106 -0.3651 1.0000	</row3>
				</transform>
			</node>
			<node>
				<identifier>	MP_AM218_Hatch_INDEX_3	</identifier>
				<transform>
					<row0>	0.0000 0.0000 1.0000 0.0000	</row0>
					<row1>	0.0000 1.0000 0.0000 0.0000	</row1>
					<row2>	-1.0000 0.0000 0.0000 0.0000	</row2>
					<row3>	0.0000 0.7465 1.8723 1.0000	</row3>
				</transform>
			</node>
			<node>
				<identifier>	MP_AM218_Hatch_INDEX_4	</identifier>
				<transform>
					<row0>	1.0000 0.0000 0.0000 0.0000	</row0>
					<row1>	0.0000 1.0000 0.0000 0.0000	</row1>
					<row2>	0.0000 0.0000 1.0000 0.0000	</row2>
					<row3>	-0.4269 0.4357 1.3578 1.0000	</row3>
				</transform>
			</node>
			<node>
				<identifier>	MP_AM218_Hatch_INDEX_5	</identifier>
				<transform>
					<row0>	1.0000 0.0000 0.0000 0.0000	</row0>
					<row1>	0.0000 1.0000 0.0000 0.0000	</row1>
					<row2>	0.0000 0.0000 1.0000 0.0000	</row2>
					<row3>	-0.2511 0.4632 3.0372 1.0000	</row3>
				</transform>
			</node>
			<node>
				<identifier>	MP_AM225_Searchlight_900mm	</identifier>
				<transform>
					<row0>	-0.7071 0.0000 -0.7071 0.0000	</row0>
					<row1>	0.0000 1.0000 0.0000 0.0000	</row1>
					<row2>	0.7071 0.0000 -0.7071 0.0000	</row2>
					<row3>	0.1195 1.5980 1.6271 1.0000	</row3>
				</transform>
			</node>
			<node>
				<identifier>	MP_AM225_Searchlight_900mm_INDEX_1	</identifier>
				<transform>
					<row0>	-0.7071 0.0000 -0.7071 0.0000	</row0>
					<row1>	0.0000 1.0000 0.0000 0.0000	</row1>
					<row2>	0.7071 0.0000 -0.7071 0.0000	</row2>
					<row3>	0.1497 1.0503 -0.1548 1.0000	</row3>
				</transform>
			</node>
			<node>
				<identifier>	MP_AM225_Searchlight_900mm_INDEX_2	</identifier>
				<transform>
					<row0>	0.7071 0.0000 0.7071 0.0000	</row0>
					<row1>	0.0000 1.0000 0.0000 0.0000	</row1>
					<row2>	-0.7071 0.0000 0.7071 0.0000	</row2>
					<row3>	-0.1519 1.0503 0.1475 1.0000	</row3>
				</transform>
			</node>
			<node>
				<identifier>	MP_AM225_Searchlight_900mm_INDEX_3	</identifier>
				<transform>
					<row0>	0.7071 0.0000 0.7071 0.0000	</row0>
					<row1>	0.0000 1.0000 0.0000 0.0000	</row1>
					<row2>	-0.7071 0.0000 0.7071 0.0000	</row2>
					<row3>	-0.1153 1.5980 1.8614 1.0000	</row3>
				</transform>
			</node>
			<node>
				<identifier>	MP_AM225_Searchlight_900mm_INDEX_4	</identifier>
				<transform>
					<row0>	0.7071 0.0000 -0.7071 0.0000	</row0>
					<row1>	0.0000 1.0000 0.0000 0.0000	</row1>
					<row2>	0.7071 0.0000 0.7071 0.0000	</row2>
					<row3>	0.1518 1.0503 0.1475 1.0000	</row3>
				</transform>
			</node>
			<node>
				<identifier>	MP_AM225_Searchlight_900mm_INDEX_5	</identifier>
				<transform>
					<row0>	0.7071 0.0000 -0.7071 0.0000	</row0>
					<row1>	0.0000 1.0000 0.0000 0.0000	</row1>
					<row2>	0.7071 0.0000 0.7071 0.0000	</row2>
					<row3>	0.1145 1.5980 1.8609 1.0000	</row3>
				</transform>
			</node>
			<node>
				<identifier>	MP_AM225_Searchlight_900mm_INDEX_6	</identifier>
				<transform>
					<row0>	-0.7071 0.0000 0.7071 0.0000	</row0>
					<row1>	0.0000 1.0000 0.0000 0.0000	</row1>
					<row2>	-0.7071 0.0000 -0.7071 0.0000	</row2>
					<row3>	-0.1194 1.5979 1.6271 1.0000	</row3>
				</transform>
			</node>
			<node>
				<identifier>	MP_AM225_Searchlight_900mm_INDEX_7	</identifier>
				<transform>
					<row0>	-0.7071 0.0000 0.7071 0.0000	</row0>
					<row1>	0.0000 1.0000 0.0000 0.0000	</row1>
					<row2>	-0.7071 0.0000 -0.7071 0.0000	</row2>
					<row3>	-0.1478 1.0503 -0.1543 1.0000	</row3>
				</transform>
			</node>
			<node>
				<identifier>	MP_AM230_Launch_40ft	</identifier>
				<transform>
					<row0>	1.0000 0.0000 0.0000 0.0000	</row0>
					<row1>	0.0000 1.0000 0.0000 0.0000	</row1>
					<row2>	0.0000 0.0000 1.0000 0.0000	</row2>
					<row3>	-0.7203 0.5078 1.1762 1.0000	</row3>
				</transform>
			</node>
			<node>
				<identifier>	MP_AM230_Launch_40ft_INDEX_1	</identifier>
				<transform>
					<row0>	1.0000 0.0000 0.0000 0.0000	</row0>
					<row1>	0.0000 1.0000 0.0000 0.0000	</row1>
					<row2>	0.0000 0.0000 1.0000 0.0000	</row2>
					<row3>	0.7203 0.5078 1.1762 1.0000	</row3>
				</transform>
			</node>
			<node>
				<identifier>	MP_AM247_Ammunition_Box	</identifier>
				<transform>
					<row0>	0.9793 0.0000 0.2025 0.0000	</row0>
					<row1>	0.0000 1.0000 0.0000 0.0000	</row1>
					<row2>	-0.2025 0.0000 0.9793 0.0000	</row2>
					<row3>	-0.3258 0.4029 -0.7618 1.0000	</row3>
				</transform>
			</node>
			<node>
				<identifier>	MP_AM247_Ammunition_Box_INDEX_1	</identifier>
				<transform>
					<row0>	0.9793 0.0000 -0.2025 0.0000	</row0>
					<row1>	0.0000 1.0000 0.0000 0.0000	</row1>
					<row2>	0.2025 0.0000 0.9793 0.0000	</row2>
					<row3>	0.3271 0.4029 -0.7620 1.0000	</row3>
				</transform>
			</node>
			<node>
				<identifier>	MP_AM247_Ammunition_Box_INDEX_2	</identifier>
				<transform>
					<row0>	1.0000 0.0000 0.0000 0.0000	</row0>
					<row1>	0.0000 1.0000 0.0000 0.0000	</row1>
					<row2>	0.0000 0.0000 1.0000 0.0000	</row2>
					<row3>	-0.3249 0.4553 2.6331 1.0000	</row3>
				</transform>
			</node>
			<node>
				<identifier>	MP_AM247_Ammunition_Box_INDEX_3	</identifier>
				<transform>
					<row0>	1.0000 0.0000 0.0000 0.0000	</row0>
					<row1>	0.0000 1.0000 0.0000 0.0000	</row1>
					<row2>	0.0000 0.0000 1.0000 0.0000	</row2>
					<row3>	0.3248 0.4553 2.6331 1.0000	</row3>
				</transform>
			</node>
			<node>
				<identifier>	MP_AM247_Ammunition_Box_INDEX_4	</identifier>
				<transform>
					<row0>	1.0000 0.0000 0.0000 0.0000	</row0>
					<row1>	0.0000 1.0000 0.0000 0.0000	</row1>
					<row2>	0.0000 0.0000 1.0000 0.0000	</row2>
					<row3>	0.5562 0.7448 1.6275 1.0000	</row3>
				</transform>
			</node>
			<node>
				<identifier>	MP_AM247_Ammunition_Box_INDEX_5	</identifier>
				<transform>
					<row0>	1.0000 0.0000 0.0000 0.0000	</row0>
					<row1>	0.0000 1.0000 0.0000 0.0000	</row1>
					<row2>	0.0000 0.0000 1.0000 0.0000	</row2>
					<row3>	-0.5565 0.7448 1.6275 1.0000	</row3>
				</transform>
			</node>
			<node>
				<identifier>	MP_AM261_Steam_Launch	</identifier>
				<transform>
					<row0>	1.0000 0.0000 0.0000 0.0000	</row0>
					<row1>	0.0000 1.0000 0.0000 0.0000	</row1>
					<row2>	0.0000 0.0000 1.0000 0.0000	</row2>
					<row3>	0.3973 0.6782 0.1719 1.0000	</row3>
				</transform>
			</node>
			<node>
				<identifier>	MP_AM261_Steam_Launch_INDEX_1	</identifier>
				<transform>
					<row0>	1.0000 0.0000 0.0000 0.0000	</row0>
					<row1>	0.0000 1.0000 0.0000 0.0000	</row1>
					<row2>	0.0000 0.0000 1.0000 0.0000	</row2>
					<row3>	-0.3973 0.6782 0.1719 1.0000	</row3>
				</transform>
			</node>
			<node>
				<identifier>	MP_AM288_Franklin_Life_Buoy	</identifier>
				<transform>
					<row0>	-0.9990 0.0000 0.0436 0.0000	</row0>
					<row1>	0.0000 1.0000 0.0000 0.0000	</row1>
					<row2>	-0.0436 0.0000 -0.9990 0.0000	</row2>
					<row3>	-0.8342 0.4646 1.8388 1.0000	</row3>
				</transform>
			</node>
			<node>
				<identifier>	MP_AM288_Franklin_Life_Buoy_INDEX_1	</identifier>
				<transform>
					<row0>	0.9990 0.0000 0.0436 0.0000	</row0>
					<row1>	0.0000 1.0000 0.0000 0.0000	</row1>
					<row2>	-0.0436 0.0000 0.9990 0.0000	</row2>
					<row3>	0.8342 0.4646 1.8388 1.0000	</row3>
				</transform>
			</node>
			<node>
				<identifier>	MP_AM347_Fairlead	</identifier>
				<transform>
					<row0>	1.1986 -0.0015 0.0570 0.0000	</row0>
					<row1>	0.0016 0.7999 -0.0124 0.0000	</row1>
					<row2>	-0.0475 0.0155 0.9988 0.0000	</row2>
					<row3>	0.8164 0.4573 1.9198 1.0000	</row3>
				</transform>
			</node>
			<node>
				<identifier>	MP_AM347_Fairlead_INDEX_1	</identifier>
				<transform>
					<row0>	1.2000 0.0000 0.0077 0.0000	</row0>
					<row1>	0.0000 0.7999 -0.0107 0.0000	</row1>
					<row2>	-0.0064 0.0134 0.9999 0.0000	</row2>
					<row3>	-0.8560 0.4139 -0.8717 1.0000	</row3>
				</transform>
			</node>
			<node>
				<identifier>	MP_AM347_Fairlead_INDEX_10	</identifier>
				<transform>
					<row0>	1.1999 0.0022 -0.0128 0.0000	</row0>
					<row1>	-0.0016 0.7999 -0.0124 0.0000	</row1>
					<row2>	0.0106 0.0155 0.9998 0.0000	</row2>
					<row3>	-0.8581 0.4235 -0.3552 1.0000	</row3>
				</transform>
			</node>
			<node>
				<identifier>	MP_AM347_Fairlead_INDEX_11	</identifier>
				<transform>
					<row0>	1.1901 0.0000 0.1541 0.0000	</row0>
					<row1>	0.0016 0.7999 -0.0124 0.0000	</row1>
					<row2>	-0.1284 0.0156 0.9916 0.0000	</row2>
					<row3>	0.7198 0.4764 3.0561 1.0000	</row3>
				</transform>
			</node>
			<node>
				<identifier>	MP_AM347_Fairlead_INDEX_12	</identifier>
				<transform>
					<row0>	1.1999 0.0022 -0.0128 0.0000	</row0>
					<row1>	-0.0016 0.7999 -0.0124 0.0000	</row1>
					<row2>	0.0106 0.0155 0.9998 0.0000	</row2>
					<row3>	-0.8546 0.4354 0.4571 1.0000	</row3>
				</transform>
			</node>
			<node>
				<identifier>	MP_AM347_Fairlead_INDEX_2	</identifier>
				<transform>
					<row0>	1.1999 -0.0022 0.0128 0.0000	</row0>
					<row1>	0.0016 0.7999 -0.0124 0.0000	</row1>
					<row2>	-0.0106 0.0155 0.9998 0.0000	</row2>
					<row3>	0.8496 0.4411 0.9271 1.0000	</row3>
				</transform>
			</node>
			<node>
				<identifier>	MP_AM347_Fairlead_INDEX_3	</identifier>
				<transform>
					<row0>	1.1986 -0.0015 0.0570 0.0000	</row0>
					<row1>	0.0016 0.7999 -0.0124 0.0000	</row1>
					<row2>	-0.0475 0.0155 0.9988 0.0000	</row2>
					<row3>	0.8376 0.4483 1.3843 1.0000	</row3>
				</transform>
			</node>
			<node>
				<identifier>	MP_AM347_Fairlead_INDEX_4	</identifier>
				<transform>
					<row0>	1.1999 -0.0022 0.0128 0.0000	</row0>
					<row1>	0.0016 0.7999 -0.0124 0.0000	</row1>
					<row2>	-0.0106 0.0155 0.9998 0.0000	</row2>
					<row3>	0.8581 0.4235 -0.3552 1.0000	</row3>
				</transform>
			</node>
			<node>
				<identifier>	MP_AM347_Fairlead_INDEX_5	</identifier>
				<transform>
					<row0>	1.1901 0.0000 -0.1541 0.0000	</row0>
					<row1>	-0.0016 0.7999 -0.0124 0.0000	</row1>
					<row2>	0.1284 0.0156 0.9916 0.0000	</row2>
					<row3>	-0.7198 0.4764 3.0561 1.0000	</row3>
				</transform>
			</node>
			<node>
				<identifier>	MP_AM347_Fairlead_INDEX_6	</identifier>
				<transform>
					<row0>	1.1999 -0.0022 0.0128 0.0000	</row0>
					<row1>	0.0016 0.7999 -0.0124 0.0000	</row1>
					<row2>	-0.0106 0.0155 0.9998 0.0000	</row2>
					<row3>	0.8546 0.4354 0.4571 1.0000	</row3>
				</transform>
			</node>
			<node>
				<identifier>	MP_AM347_Fairlead_INDEX_7	</identifier>
				<transform>
					<row0>	1.1986 0.0015 -0.0570 0.0000	</row0>
					<row1>	-0.0016 0.7999 -0.0124 0.0000	</row1>
					<row2>	0.0475 0.0155 0.9988 0.0000	</row2>
					<row3>	-0.8376 0.4483 1.3843 1.0000	</row3>
				</transform>
			</node>
			<node>
				<identifier>	MP_AM347_Fairlead_INDEX_8	</identifier>
				<transform>
					<row0>	1.1986 0.0015 -0.0570 0.0000	</row0>
					<row1>	-0.0016 0.7999 -0.0124 0.0000	</row1>
					<row2>	0.0475 0.0155 0.9988 0.0000	</row2>
					<row3>	-0.8164 0.4573 1.9198 1.0000	</row3>
				</transform>
			</node>
			<node>
				<identifier>	MP_AM347_Fairlead_INDEX_9	</identifier>
				<transform>
					<row0>	1.1999 0.0022 -0.0128 0.0000	</row0>
					<row1>	-0.0016 0.7999 -0.0124 0.0000	</row1>
					<row2>	0.0106 0.0155 0.9998 0.0000	</row2>
					<row3>	-0.8496 0.4411 0.9271 1.0000	</row3>
				</transform>
			</node>
			<node>
				<identifier>	MP_AM358_Signal_Lamp	</identifier>
				<transform>
					<row0>	1.0000 0.0000 0.0000 0.0000	</row0>
					<row1>	0.0000 1.0000 0.0000 0.0000	</row1>
					<row2>	0.0000 0.0000 1.0000 0.0000	</row2>
					<row3>	0.0000 3.0000 1.6207 1.0000	</row3>
				</transform>
			</node>
			<node>
				<identifier>	MP_AM358_Signal_Lamp_INDEX_1	</identifier>
				<transform>
					<row0>	1.0000 0.0000 0.0000 0.0000	</row0>
					<row1>	0.0000 1.0000 0.0000 0.0000	</row1>
					<row2>	0.0000 0.0000 1.0000 0.0000	</row2>
					<row3>	0.0000 3.0000 0.1208 1.0000	</row3>
				</transform>
			</node>
			<node>
				<identifier>	MP_AM378_Ammunition_box	</identifier>
				<transform>
					<row0>	1.0000 0.0000 0.0000 0.0000	</row0>
					<row1>	0.0000 1.0000 0.0000 0.0000	</row1>
					<row2>	0.0000 0.0000 1.0000 0.0000	</row2>
					<row3>	-0.1004 0.6164 2.2299 1.0000	</row3>
				</transform>
			</node>
			<node>
				<identifier>	MP_AM378_Ammunition_box_INDEX_1	</identifier>
				<transform>
					<row0>	-1.0000 0.0000 0.0000 0.0000	</row0>
					<row1>	0.0000 1.0000 0.0000 0.0000	</row1>
					<row2>	0.0000 0.0000 -1.0000 0.0000	</row2>
					<row3>	0.1004 0.6164 2.2299 1.0000	</row3>
				</transform>
			</node>
			<node>
				<identifier>	MP_AM399_Hatch	</identifier>
				<transform>
					<row0>	0.0000 0.0000 1.0000 0.0000	</row0>
					<row1>	0.0000 1.0000 0.0000 0.0000	</row1>
					<row2>	-1.0000 0.0000 0.0000 0.0000	</row2>
					<row3>	0.0000 0.4092 -0.3075 1.0000	</row3>
				</transform>
			</node>
			<node>
				<identifier>	MP_AM399_Hatch_INDEX_1	</identifier>
				<transform>
					<row0>	0.0000 0.0000 1.0000 0.0000	</row0>
					<row1>	0.0000 1.0000 0.0000 0.0000	</row1>
					<row2>	-1.0000 0.0000 0.0000 0.0000	</row2>
					<row3>	-0.1747 0.4093 -0.3075 1.0000	</row3>
				</transform>
			</node>
			<node>
				<identifier>	MP_AM399_Hatch_INDEX_2	</identifier>
				<transform>
					<row0>	0.0000 0.0000 1.0000 0.0000	</row0>
					<row1>	0.0000 1.0000 0.0000 0.0000	</row1>
					<row2>	-1.0000 0.0000 0.0000 0.0000	</row2>
					<row3>	0.1746 0.4093 -0.3075 1.0000	</row3>
				</transform>
			</node>
			<node>
				<identifier>	MP_AM428_Ammunition_box	</identifier>
				<transform>
					<row0>	0.0000 0.0000 -1.0000 0.0000	</row0>
					<row1>	0.0000 1.0000 0.0000 0.0000	</row1>
					<row2>	1.0000 0.0000 0.0000 0.0000	</row2>
					<row3>	0.2321 0.4274 0.7451 1.0000	</row3>
				</transform>
			</node>
			<node>
				<identifier>	MP_AM428_Ammunition_box_INDEX_1	</identifier>
				<transform>
