<ASD045_Wickes_1925_Bow_ports.visual>
	<node>
		<identifier>	Scene Root	</identifier>
		<transform>
			<row0>	1.0000 0.0000 0.0000 0.0000	</row0>
			<row1>	0.0000 1.0000 0.0000 0.0000	</row1>
			<row2>	0.0000 0.0000 1.0000 0.0000	</row2>
			<row3>	0.0000 0.0000 0.0000 1.0000	</row3>
		</transform>
		<node>
			<identifier>	Bow_ports	</identifier>
			<transform>
				<row0>	1.0000 0.0000 0.0000 0.0000	</row0>
				<row1>	0.0000 1.0000 0.0000 0.0000	</row1>
				<row2>	0.0000 0.0000 1.0000 0.0000	</row2>
				<row3>	0.0000 0.0000 0.0000 1.0000	</row3>
			</transform>
			<node>
				<identifier>	HP_AGA_1	</identifier>
				<transform>
					<row0>	1.0000 0.0000 0.0000 0.0000	</row0>
					<row1>	0.0000 1.0000 0.0000 0.0000	</row1>
					<row2>	0.0000 0.0000 1.0000 0.0000	</row2>
					<row3>	0.0000 0.2883 1.8830 1.0000	</row3>
				</transform>
			</node>
			<node>
				<identifier>	HP_AGM_1	</identifier>
				<transform>
					<row0>	1.0000 0.0000 0.0000 0.0000	</row0>
					<row1>	0.0000 1.0000 0.0000 0.0000	</row1>
					<row2>	0.0000 0.0000 1.0000 0.0000	</row2>
					<row3>	0.0000 0.2976 2.1689 1.0000	</row3>
				</transform>
			</node>
			<node>
				<identifier>	HP_FX_Fire_1	</identifier>
				<transform>
					<row0>	1.0000 0.0000 0.0000 0.0000	</row0>
					<row1>	0.0000 1.0000 0.0000 0.0000	</row1>
					<row2>	0.0000 0.0000 1.0000 0.0000	</row2>
					<row3>	0.0000 0.3038 2.5714 1.0000	</row3>
				</transform>
			</node>
			<node>
				<identifier>	HP_FX_Flood_water_left	</identifier>
				<transform>
					<row0>	-0.9875 0.0000 0.1575 0.0000	</row0>
					<row1>	0.0000 1.0000 0.0000 0.0000	</row1>
					<row2>	-0.1575 0.0000 -0.9875 0.0000	</row2>
					<row3>	-0.0789 0.0419 2.6771 1.0000	</row3>
				</transform>
			</node>
			<node>
				<identifier>	HP_FX_Flood_water_right	</identifier>
				<transform>
					<row0>	0.9919 0.0000 0.1273 0.0000	</row0>
					<row1>	0.0000 1.0000 0.0000 0.0000	</row1>
					<row2>	-0.1273 0.0000 0.9919 0.0000	</row2>
					<row3>	0.0789 0.0419 2.6773 1.0000	</row3>
				</transform>
			</node>
			<node>
				<identifier>	HP_FX_WakeTrace	</identifier>
				<transform>
					<row0>	1.0000 0.0000 0.0000 0.0000	</row0>
					<row1>	0.0000 1.0000 0.0000 0.0000	</row1>
					<row2>	0.0000 0.0000 1.0000 0.0000	</row2>
					<row3>	0.0000 0.0000 3.1497 1.0000	</row3>
				</transform>
			</node>
			<node>
				<identifier>	HP_Ship_death_1	</identifier>
				<transform>
					<row0>	1.0000 0.0000 0.0000 0.0000	</row0>
					<row1>	0.0000 1.0000 0.0000 0.0000	</row1>
					<row2>	0.0000 0.0000 1.0000 0.0000	</row2>
					<row3>	0.0000 0.0000 2.0880 1.0000	</row3>
				</transform>
			</node>
			<node>
				<identifier>	MP_AM049_Signal_Lamp_1	</identifier>
				<transform>
					<row0>	0.9425 0.0000 0.0000 0.0000	</row0>
					<row1>	0.0000 0.9425 0.0000 0.0000	</row1>
					<row2>	0.0000 0.0000 0.9425 0.0000	</row2>
					<row3>	0.0000 0.4886 3.2017 1.0000	</row3>
				</transform>
			</node>
			<node>
				<identifier>	MP_AM207_Crane	</identifier>
				<transform>
					<row0>	-1.0000 0.0000 0.0000 0.0000	</row0>
					<row1>	0.0000 1.0000 0.0000 0.0000	</row1>
					<row2>	0.0000 0.0000 -1.0000 0.0000	</row2>
					<row3>	0.0000 0.3158 2.9600 1.0000	</row3>
				</transform>
			</node>
			<node>
				<identifier>	MP_AM219_Bollard	</identifier>
				<transform>
					<row0>	0.3699 -0.0288 0.0008 0.0000	</row0>
					<row1>	0.0288 0.3697 -0.0115 0.0000	</row1>
					<row2>	0.0001 0.0115 0.3708 0.0000	</row2>
					<row3>	0.2125 0.2748 1.7725 1.0000	</row3>
				</transform>
			</node>
			<node>
				<identifier>	MP_AM219_Bollard_INDEX_1	</identifier>
				<transform>
					<row0>	0.3671 -0.0144 0.0484 0.0000	</row0>
					<row1>	0.0154 0.3706 -0.0064 0.0000	</row1>
					<row2>	-0.0481 0.0083 0.3673 0.0000	</row2>
					<row3>	0.1439 0.3025 2.5503 1.0000	</row3>
				</transform>
			</node>
			<node>
				<identifier>	MP_AM219_Bollard_INDEX_2	</identifier>
				<transform>
					<row0>	0.3675 0.0144 -0.0484 0.0000	</row0>
					<row1>	-0.0154 0.3706 -0.0064 0.0000	</row1>
					<row2>	0.0481 0.0083 0.3678 0.0000	</row2>
					<row3>	-0.1439 0.3025 2.5503 1.0000	</row3>
				</transform>
			</node>
			<node>
				<identifier>	MP_AM219_Bollard_INDEX_3	</identifier>
				<transform>
					<row0>	0.3699 0.0288 -0.0008 0.0000	</row0>
					<row1>	-0.0288 0.3697 -0.0115 0.0000	</row1>
					<row2>	-0.0001 0.0115 0.3708 0.0000	</row2>
					<row3>	-0.2125 0.2748 1.7725 1.0000	</row3>
				</transform>
			</node>
			<node>
				<identifier>	MP_AM242_fairlead	</identifier>
				<transform>
					<row0>	0.4899 0.0208 -0.0508 0.0000	</row0>
					<row1>	-0.0228 0.4921 -0.0184 0.0000	</row1>
					<row2>	0.0500 0.0206 0.4900 0.0000	</row2>
					<row3>	-0.1814 0.3024 2.4332 1.0000	</row3>
				</transform>
			</node>
			<node>
				<identifier>	MP_AM242_fairlead_INDEX_1	</identifier>
				<transform>
					<row0>	0.4899 -0.0208 0.0508 0.0000	</row0>
					<row1>	0.0228 0.4921 -0.0184 0.0000	</row1>
					<row2>	-0.0500 0.0206 0.4900 0.0000	</row2>
					<row3>	0.1813 0.3024 2.4332 1.0000	</row3>
				</transform>
			</node>
			<node>
				<identifier>	MP_AM243_Service_rack_Mk12	</identifier>
				<transform>
					<row0>	-0.6674 0.0000 -0.7447 0.0000	</row0>
					<row1>	0.0000 1.0000 0.0000 0.0000	</row1>
					<row2>	0.7447 0.0000 -0.6674 0.0000	</row2>
					<row3>	-0.0976 0.2828 1.7063 1.0000	</row3>
				</transform>
			</node>
			<node>
				<identifier>	MP_AM243_Service_rack_Mk12_INDEX_1	</identifier>
				<transform>
					<row0>	0.6677 0.0000 -0.7444 0.0000	</row0>
					<row1>	0.0000 1.0000 0.0000 0.0000	</row1>
					<row2>	0.7444 0.0000 0.6677 0.0000	</row2>
					<row3>	0.0976 0.2828 1.7063 1.0000	</row3>
				</transform>
			</node>
			<node>
				<identifier>	MP_AM347_Fairlead	</identifier>
				<transform>
					<row0>	0.4830 0.0186 -0.0865 0.0000	</row0>
					<row1>	-0.0217 0.4903 -0.0152 0.0000	</row1>
					<row2>	0.0858 0.0188 0.4831 0.0000	</row2>
					<row3>	-0.1504 0.3046 2.6785 1.0000	</row3>
				</transform>
			</node>
			<node>
				<identifier>	MP_AM347_Fairlead_INDEX_1	</identifier>
				<transform>
					<row0>	0.4876 0.0522 -0.0249 0.0000	</row0>
					<row1>	-0.0531 0.4878 -0.0167 0.0000	</row1>
					<row2>	0.0229 0.0192 0.4901 0.0000	</row2>
					<row3>	-0.2411 0.2691 1.6489 1.0000	</row3>
				</transform>
			</node>
			<node>
				<identifier>	MP_AM347_Fairlead_INDEX_2	</identifier>
				<transform>
					<row0>	0.4830 -0.0186 0.0865 0.0000	</row0>
					<row1>	0.0217 0.4903 -0.0152 0.0000	</row1>
					<row2>	-0.0858 0.0188 0.4831 0.0000	</row2>
					<row3>	0.1504 0.3046 2.6785 1.0000	</row3>
				</transform>
			</node>
			<node>
				<identifier>	MP_AM347_Fairlead_INDEX_3	</identifier>
				<transform>
					<row0>	0.4876 -0.0522 0.0249 0.0000	</row0>
					<row1>	0.0531 0.4878 -0.0167 0.0000	</row1>
					<row2>	-0.0229 0.0192 0.4901 0.0000	</row2>
					<row3>	0.2410 0.2691 1.6489 1.0000	</row3>
				</transform>
			</node>
			<node>
				<identifier>	MP_AM416_Hatch	</identifier>
				<transform>
					<row0>	-1.0000 0.0000 0.0000 0.0000	</row0>
					<row1>	0.0000 1.0000 0.0000 0.0000	</row1>
					<row2>	0.0000 0.0000 -1.0000 0.0000	</row2>
					<row3>	-0.0649 0.2954 2.7200 1.0000	</row3>
				</transform>
			</node>
			<node>
				<identifier>	MP_AM416_Hatch_INDEX_1	</identifier>
				<transform>
					<row0>	-1.0000 0.0000 0.0000 0.0000	</row0>
					<row1>	0.0000 1.0000 0.0000 0.0000	</row1>
					<row2>	0.0000 0.0000 -1.0000 0.0000	</row2>
					<row3>	0.0000 0.3039 3.0060 1.0000	</row3>
				</transform>
			</node>
			<node>
				<identifier>	MP_AM725_Ammobox	</identifier>
				<transform>
					<row0>	-1.0000 0.0000 0.0000 0.0000	</row0>
					<row1>	0.0000 0.9993 -0.0361 0.0000	</row1>
					<row2>	0.0000 -0.0361 -0.9993 0.0000	</row2>
					<row3>	0.0000 0.2788 1.7628 1.0000	</row3>
				</transform>
			</node>
			<node>
				<identifier>	MP_AM728_Hatch	</identifier>
				<transform>
					<row0>	1.0975 0.0000 0.0000 0.0000	</row0>
					<row1>	0.0000 1.0975 0.0000 0.0000	</row1>
					<row2>	0.0000 0.0000 1.0975 0.0000	</row2>
					<row3>	-0.0606 0.2907 2.6061 1.0000	</row3>
				</transform>
			</node>
			<node>
				<identifier>	MP_CM011_Fire_Fighting_Gear	</identifier>
				<transform>
					<row0>	0.0000 0.0000 1.0000 0.0000	</row0>
					<row1>	0.0000 1.0000 0.0000 0.0000	</row1>
					<row2>	-1.0000 0.0000 0.0000 0.0000	</row2>
					<row3>	-0.0444 0.3111 2.6672 1.0000	</row3>
				</transform>
			</node>
			<node>
				<identifier>	MP_CM011_Fire_Fighting_Gear_INDEX_1	</identifier>
				<transform>
					<row0>	-0.8051 0.0000 -0.5931 0.0000	</row0>
					<row1>	0.0000 1.0000 0.0000 0.0000	</row1>
					<row2>	0.5931 0.0000 -0.8051 0.0000	</row2>
					<row3>	-0.0447 0.2843 1.7477 1.0000	</row3>
				</transform>
			</node>
			<node>
				<identifier>	MP_CM011_Fire_Fighting_Gear_INDEX_2	</identifier>
				<transform>
					<row0>	-0.8051 0.0000 0.5931 0.0000	</row0>
					<row1>	0.0000 1.0000 0.0000 0.0000	</row1>
					<row2>	-0.5931 0.0000 -0.8051 0.0000	</row2>
					<row3>	0.0447 0.2843 1.7477 1.0000	</row3>
				</transform>
			</node>
			<node>
				<identifier>	MP_CM013_Fire_Hose_Rack_2	</identifier>
				<transform>
					<row0>	-0.7387 0.0000 -0.6740 0.0000	</row0>
					<row1>	0.0000 1.0000 0.0000 0.0000	</row1>
					<row2>	0.6740 0.0000 -0.7387 0.0000	</row2>
					<row3>	0.1302 0.3435 1.6336 1.0000	</row3>
				</transform>
			</node>
			<node>
				<identifier>	MP_CM013_Fire_Hose_Rack_2_INDEX_1	</identifier>
				<transform>
					<row0>	0.7470 0.0000 -0.6648 0.0000	</row0>
					<row1>	0.0000 1.0000 0.0000 0.0000	</row1>
					<row2>	0.6648 0.0000 0.7470 0.0000	</row2>
					<row3>	-0.1303 0.3435 1.6336 1.0000	</row3>
				</transform>
			</node>
			<node>
				<identifier>	MP_CM126_Cleat	</identifier>
				<transform>
					<row0>	0.9955 -0.0799 0.0502 0.0000	</row0>
					<row1>	0.0815 0.9962 -0.0309 0.0000	</row1>
					<row2>	-0.0475 0.0348 0.9983 0.0000	</row2>
					<row3>	0.2393 0.2675 1.5985 1.0000	</row3>
				</transform>
			</node>
			<node>
				<identifier>	MP_CM126_Cleat_INDEX_1	</identifier>
				<transform>
					<row0>	0.9955 0.0799 -0.0502 0.0000	</row0>
					<row1>	-0.0815 0.9962 -0.0309 0.0000	</row1>
					<row2>	0.0475 0.0348 0.9983 0.0000	</row2>
					<row3>	-0.2393 0.2675 1.5985 1.0000	</row3>
				</transform>
			</node>
		</node>
	</node>
	<boundingBox>
		<min>	-0.0667 -0.0667 -0.0667	</min>
		<max>	0.0667 0.0667 0.0667	</max>
	</boundingBox>
</ASD045_Wickes_1925_Bow_ports.visual>
