<ASD063_Joshua_Humphreys_1950_MidFront_ports.visual>
	<node>
		<identifier>	Scene Root	</identifier>
		<transform>
			<row0>	1.0000 0.0000 0.0000 0.0000	</row0>
			<row1>	0.0000 1.0000 0.0000 0.0000	</row1>
			<row2>	0.0000 0.0000 1.0000 0.0000	</row2>
			<row3>	0.0000 0.0000 0.0000 1.0000	</row3>
		</transform>
		<node>
			<identifier>	MidFront_ports	</identifier>
			<transform>
				<row0>	1.0000 0.0000 0.0000 0.0000	</row0>
				<row1>	0.0000 1.0000 0.0000 0.0000	</row1>
				<row2>	0.0000 0.0000 1.0000 0.0000	</row2>
				<row3>	0.0000 0.0000 0.0000 1.0000	</row3>
			</transform>
			<node>
				<identifier>	HP_AD_1	</identifier>
				<transform>
					<row0>	1.0000 0.0000 0.0000 0.0000	</row0>
					<row1>	0.0000 1.0000 0.0000 0.0000	</row1>
					<row2>	0.0000 0.0000 1.0000 0.0000	</row2>
					<row3>	0.0000 0.7959 1.6254 1.0000	</row3>
				</transform>
			</node>
			<node>
				<identifier>	HP_AD_2	</identifier>
				<transform>
					<row0>	0.0000 0.0000 1.0000 0.0000	</row0>
					<row1>	0.0000 1.0000 0.0000 0.0000	</row1>
					<row2>	-1.0000 0.0000 0.0000 0.0000	</row2>
					<row3>	-0.2079 0.6244 1.5200 1.0000	</row3>
				</transform>
			</node>
			<node>
				<identifier>	HP_AD_3	</identifier>
				<transform>
					<row0>	0.0000 0.0000 -1.0000 0.0000	</row0>
					<row1>	0.0000 1.0000 0.0000 0.0000	</row1>
					<row2>	1.0000 0.0000 0.0000 0.0000	</row2>
					<row3>	0.2079 0.6244 1.5200 1.0000	</row3>
				</transform>
			</node>
			<node>
				<identifier>	HP_AD_4	</identifier>
				<transform>
					<row0>	0.0000 0.0000 1.0000 0.0000	</row0>
					<row1>	0.0000 1.0000 0.0000 0.0000	</row1>
					<row2>	-1.0000 0.0000 0.0000 0.0000	</row2>
					<row3>	-0.3044 0.6619 1.0161 1.0000	</row3>
				</transform>
			</node>
			<node>
				<identifier>	HP_AD_5	</identifier>
				<transform>
					<row0>	0.0000 0.0000 -1.0000 0.0000	</row0>
					<row1>	0.0000 1.0000 0.0000 0.0000	</row1>
					<row2>	1.0000 0.0000 0.0000 0.0000	</row2>
					<row3>	0.3044 0.6619 1.0161 1.0000	</row3>
				</transform>
			</node>
			<node>
				<identifier>	HP_AGA_1	</identifier>
				<transform>
					<row0>	0.7071 0.0000 0.7071 0.0000	</row0>
					<row1>	0.0000 1.0000 0.0000 0.0000	</row1>
					<row2>	-0.7071 0.0000 0.7071 0.0000	</row2>
					<row3>	-0.3357 0.4246 1.9239 1.0000	</row3>
				</transform>
			</node>
			<node>
				<identifier>	HP_AGA_2	</identifier>
				<transform>
					<row0>	0.7071 0.0000 -0.7071 0.0000	</row0>
					<row1>	0.0000 1.0000 0.0000 0.0000	</row1>
					<row2>	0.7071 0.0000 0.7071 0.0000	</row2>
					<row3>	0.3357 0.4246 1.9239 1.0000	</row3>
				</transform>
			</node>
			<node>
				<identifier>	HP_AGA_3	</identifier>
				<transform>
					<row0>	0.0000 0.0000 1.0000 0.0000	</row0>
					<row1>	0.0000 1.0000 0.0000 0.0000	</row1>
					<row2>	-1.0000 0.0000 0.0000 0.0000	</row2>
					<row3>	-0.3041 0.5383 1.2521 1.0000	</row3>
				</transform>
			</node>
			<node>
				<identifier>	HP_AGA_4	</identifier>
				<transform>
					<row0>	0.0000 0.0000 -1.0000 0.0000	</row0>
					<row1>	0.0000 1.0000 0.0000 0.0000	</row1>
					<row2>	1.0000 0.0000 0.0000 0.0000	</row2>
					<row3>	0.3041 0.5383 1.2521 1.0000	</row3>
				</transform>
			</node>
			<node>
				<identifier>	HP_AGM_1	</identifier>
				<transform>
					<row0>	1.0000 0.0000 0.0000 0.0000	</row0>
					<row1>	0.0000 1.0000 0.0000 0.0000	</row1>
					<row2>	0.0000 0.0000 1.0000 0.0000	</row2>
					<row3>	0.0000 0.3688 3.3948 1.0000	</row3>
				</transform>
			</node>
			<node>
				<identifier>	HP_AGM_2	</identifier>
				<transform>
					<row0>	1.0000 0.0000 0.0000 0.0000	</row0>
					<row1>	0.0000 1.0000 0.0000 0.0000	</row1>
					<row2>	0.0000 0.0000 1.0000 0.0000	</row2>
					<row3>	0.0000 0.4721 2.6584 1.0000	</row3>
				</transform>
			</node>
			<node>
				<identifier>	HP_AGT_1	</identifier>
				<transform>
					<row0>	1.0000 0.0000 0.0000 0.0000	</row0>
					<row1>	0.0000 1.0000 0.0000 0.0000	</row1>
					<row2>	0.0000 0.0000 1.0000 0.0000	</row2>
					<row3>	0.0000 0.3866 0.4727 1.0000	</row3>
				</transform>
			</node>
			<node>
				<identifier>	HP_ARS_1	</identifier>
				<transform>
					<row0>	1.0000 0.0000 0.0000 0.0000	</row0>
					<row1>	0.0000 1.0000 0.0000 0.0000	</row1>
					<row2>	0.0000 0.0000 1.0000 0.0000	</row2>
					<row3>	0.0000 1.5553 1.3606 1.0000	</row3>
				</transform>
			</node>
			<node>
				<identifier>	HP_ARS_2	</identifier>
				<transform>
					<row0>	1.0000 0.0000 0.0000 0.0000	</row0>
					<row1>	0.0000 1.0000 0.0000 0.0000	</row1>
					<row2>	0.0000 0.0000 1.0000 0.0000	</row2>
					<row3>	0.0000 1.7437 1.2607 1.0000	</row3>
				</transform>
			</node>
			<node>
				<identifier>	HP_FX_Fire_2	</identifier>
				<transform>
					<row0>	1.0000 0.0000 0.0000 0.0000	</row0>
					<row1>	0.0000 1.0000 0.0000 0.0000	</row1>
					<row2>	0.0000 0.0000 1.0000 0.0000	</row2>
					<row3>	0.0000 0.3603 0.9217 1.0000	</row3>
				</transform>
			</node>
			<node>
				<identifier>	HP_FX_Fire_2_side_1	</identifier>
				<transform>
					<row0>	1.0000 0.0000 0.0000 0.0000	</row0>
					<row1>	0.0000 1.0000 0.0000 0.0000	</row1>
					<row2>	0.0000 0.0000 1.0000 0.0000	</row2>
					<row3>	-0.0897 0.7790 1.8284 1.0000	</row3>
				</transform>
			</node>
			<node>
				<identifier>	HP_FX_FloodLight_left_1	</identifier>
				<transform>
					<row0>	-0.8862 0.0000 0.4634 0.0000	</row0>
					<row1>	0.0000 1.0000 0.0000 0.0000	</row1>
					<row2>	-0.4634 0.0000 -0.8862 0.0000	</row2>
					<row3>	-0.2061 0.5777 1.9131 1.0000	</row3>
				</transform>
			</node>
			<node>
				<identifier>	HP_FX_FloodLight_right_1	</identifier>
				<transform>
					<row0>	0.8598 0.0000 0.5106 0.0000	</row0>
					<row1>	0.0000 1.0000 0.0000 0.0000	</row1>
					<row2>	-0.5106 0.0000 0.8598 0.0000	</row2>
					<row3>	0.2100 0.5772 1.9122 1.0000	</row3>
				</transform>
			</node>
			<node>
				<identifier>	HP_FX_Flood_steam_2	</identifier>
				<transform>
					<row0>	1.0000 0.0000 0.0000 0.0000	</row0>
					<row1>	0.0000 0.7574 -0.6530 0.0000	</row1>
					<row2>	0.0000 0.6530 0.7574 0.0000	</row2>
					<row3>	0.0000 0.7960 0.9450 1.0000	</row3>
				</transform>
			</node>
			<node>
				<identifier>	HP_FX_Flood_water_left_1	</identifier>
				<transform>
					<row0>	-1.0000 0.0000 0.0000 0.0000	</row0>
					<row1>	0.0000 1.0000 0.0000 0.0000	</row1>
					<row2>	0.0000 0.0000 -1.0000 0.0000	</row2>
					<row3>	-0.3978 0.0444 1.5305 1.0000	</row3>
				</transform>
			</node>
			<node>
				<identifier>	HP_FX_Flood_water_right_1	</identifier>
				<transform>
					<row0>	1.0000 0.0000 0.0000 0.0000	</row0>
					<row1>	0.0000 1.0000 0.0000 0.0000	</row1>
					<row2>	0.0000 0.0000 1.0000 0.0000	</row2>
					<row3>	0.3982 0.0465 1.5307 1.0000	</row3>
				</transform>
			</node>
			<node>
				<identifier>	HP_FX_Smoke_2	</identifier>
				<transform>
					<row0>	1.0000 0.0000 0.0000 0.0000	</row0>
					<row1>	0.0000 0.9763 -0.2165 0.0000	</row1>
					<row2>	0.0000 0.2165 0.9763 0.0000	</row2>
					<row3>	0.0000 0.8750 1.0772 1.0000	</row3>
				</transform>
			</node>
			<node>
				<identifier>	HP_Flagpole	</identifier>
				<transform>
					<row0>	0.0100 0.0000 0.0000 0.0000	</row0>
					<row1>	0.0000 0.0098 -0.0021 0.0000	</row1>
					<row2>	0.0000 0.0021 0.0098 0.0000	</row2>
					<row3>	0.0000 1.6204 1.1462 1.0000	</row3>
				</transform>
			</node>
			<node>
				<identifier>	HP_Ship_death_2	</identifier>
				<transform>
					<row0>	1.0000 0.0000 0.0000 0.0000	</row0>
					<row1>	0.0000 1.0000 0.0000 0.0000	</row1>
					<row2>	0.0000 0.0000 1.0000 0.0000	</row2>
					<row3>	0.0000 0.0000 0.2331 1.0000	</row3>
				</transform>
			</node>
			<node>
				<identifier>	HP_flag_1	</identifier>
				<transform>
					<row0>	0.9931 -0.1167 0.0136 0.0000	</row0>
					<row1>	0.1167 0.9662 -0.2296 0.0000	</row1>
					<row2>	0.0136 0.2296 0.9732 0.0000	</row2>
					<row3>	0.2986 1.4809 1.2658 1.0000	</row3>
				</transform>
			</node>
			<node>
				<identifier>	HP_flag_2	</identifier>
				<transform>
					<row0>	0.9931 0.1167 -0.0136 0.0000	</row0>
					<row1>	-0.1167 0.9662 -0.2296 0.0000	</row1>
					<row2>	-0.0136 0.2296 0.9732 0.0000	</row2>
					<row3>	-0.2986 1.4809 1.2658 1.0000	</row3>
				</transform>
			</node>
			<node>
				<identifier>	HP_flag_3	</identifier>
				<transform>
					<row0>	0.9961 -0.0871 0.0099 0.0000	</row0>
					<row1>	0.0871 0.9706 -0.2242 0.0000	</row1>
					<row2>	0.0099 0.2242 0.9745 0.0000	</row2>
					<row3>	0.2628 1.4809 1.2658 1.0000	</row3>
				</transform>
			</node>
			<node>
				<identifier>	HP_flag_4	</identifier>
				<transform>
					<row0>	0.9961 0.0871 -0.0099 0.0000	</row0>
					<row1>	-0.0871 0.9706 -0.2242 0.0000	</row1>
					<row2>	-0.0099 0.2242 0.9745 0.0000	</row2>
					<row3>	-0.2628 1.4809 1.2658 1.0000	</row3>
				</transform>
			</node>
			<node>
				<identifier>	HP_flag_courtesy	</identifier>
				<transform>
					<row0>	0.9897 -0.1421 0.0170 0.0000	</row0>
					<row1>	0.1421 0.9618 -0.2341 0.0000	</row1>
					<row2>	0.0170 0.2341 0.9721 0.0000	</row2>
					<row3>	0.3295 1.4809 1.2658 1.0000	</row3>
				</transform>
			</node>
			<node>
				<identifier>	HP_flag_house	</identifier>
				<transform>
					<row0>	0.9897 0.1421 -0.0170 0.0000	</row0>
					<row1>	-0.1421 0.9618 -0.2341 0.0000	</row1>
					<row2>	-0.0170 0.2341 0.9721 0.0000	</row2>
					<row3>	-0.3295 1.4809 1.2658 1.0000	</row3>
				</transform>
			</node>
			<node>
				<identifier>	HP_flag_nation	</identifier>
				<transform>
					<row0>	1.0000 0.0020 -0.0002 0.0000	</row0>
					<row1>	-0.0020 0.9783 -0.2073 0.0000	</row1>
					<row2>	-0.0002 0.2073 0.9783 0.0000	</row2>
					<row3>	0.0003 1.4593 1.1804 1.0000	</row3>
				</transform>
			</node>
			<node>
				<identifier>	HP_flag_rank	</identifier>
				<transform>
					<row0>	1.0000 0.0020 -0.0002 0.0000	</row0>
					<row1>	-0.0020 0.9783 -0.2073 0.0000	</row1>
					<row2>	-0.0002 0.2073 0.9783 0.0000	</row2>
					<row3>	0.0000 1.3029 1.2131 1.0000	</row3>
				</transform>
			</node>
			<node>
				<identifier>	MP_AM004_Fairlead_2	</identifier>
				<transform>
					<row0>	-0.0684 -0.0528 -0.9963 0.0000	</row0>
					<row1>	0.0047 0.9986 -0.0532 0.0000	</row1>
					<row2>	0.9976 -0.0083 -0.0680 0.0000	</row2>
					<row3>	-0.3696 0.3126 2.5728 1.0000	</row3>
				</transform>
			</node>
			<node>
				<identifier>	MP_AM004_Fairlead_2_INDEX_1	</identifier>
				<transform>
					<row0>	-0.1549 0.0528 0.9865 0.0000	</row0>
					<row1>	0.0000 0.9986 -0.0534 0.0000	</row1>
					<row2>	-0.9879 -0.0083 -0.1547 0.0000	</row2>
					<row3>	0.2560 0.3727 3.6909 1.0000	</row3>
				</transform>
			</node>
			<node>
				<identifier>	MP_AM004_Fairlead_2_INDEX_2	</identifier>
				<transform>
					<row0>	-0.0506 0.0528 0.9973 0.0000	</row0>
					<row1>	-0.0056 0.9986 -0.0531 0.0000	</row1>
					<row2>	-0.9987 -0.0083 -0.0503 0.0000	</row2>
					<row3>	0.3966 0.2915 2.1332 1.0000	</row3>
				</transform>
			</node>
			<node>
				<identifier>	MP_AM004_Fairlead_2_INDEX_3	</identifier>
				<transform>
					<row0>	-0.1549 -0.0528 -0.9865 0.0000	</row0>
					<row1>	0.0000 0.9986 -0.0534 0.0000	</row1>
					<row2>	0.9879 -0.0083 -0.1547 0.0000	</row2>
					<row3>	-0.2560 0.3727 3.6909 1.0000	</row3>
				</transform>
			</node>
			<node>
				<identifier>	MP_AM004_Fairlead_2_INDEX_4	</identifier>
				<transform>
					<row0>	-0.4354 0.0596 0.8982 0.0000	</row0>
					<row1>	0.0220 0.9982 -0.0556 0.0000	</row1>
					<row2>	-0.8999 -0.0045 -0.4360 0.0000	</row2>
					<row3>	0.0620 0.4264 4.5729 1.0000	</row3>
				</transform>
			</node>
			<node>
				<identifier>	MP_AM004_Fairlead_2_INDEX_5	</identifier>
				<transform>
					<row0>	-0.1777 -0.0580 -0.9824 0.0000	</row0>
					<row1>	0.0000 0.9983 -0.0589 0.0000	</row1>
					<row2>	0.9841 -0.0105 -0.1774 0.0000	</row2>
					<row3>	-0.1863 0.3981 4.1319 1.0000	</row3>
				</transform>
			</node>
			<node>
				<identifier>	MP_AM004_Fairlead_2_INDEX_6	</identifier>
				<transform>
					<row0>	-0.0506 -0.0528 -0.9973 0.0000	</row0>
					<row1>	0.0056 0.9986 -0.0531 0.0000	</row1>
					<row2>	0.9987 -0.0083 -0.0503 0.0000	</row2>
					<row3>	-0.3966 0.2915 2.1332 1.0000	</row3>
				</transform>
			</node>
			<node>
				<identifier>	MP_AM004_Fairlead_2_INDEX_7	</identifier>
				<transform>
					<row0>	-0.0684 0.0528 0.9963 0.0000	</row0>
					<row1>	-0.0047 0.9986 -0.0532 0.0000	</row1>
					<row2>	-0.9976 -0.0083 -0.0680 0.0000	</row2>
					<row3>	0.3696 0.3126 2.5728 1.0000	</row3>
				</transform>
			</node>
			<node>
				<identifier>	MP_AM004_Fairlead_2_INDEX_8	</identifier>
				<transform>
					<row0>	-0.1777 0.0580 0.9824 0.0000	</row0>
					<row1>	0.0000 0.9983 -0.0589 0.0000	</row1>
					<row2>	-0.9841 -0.0105 -0.1774 0.0000	</row2>
					<row3>	0.1863 0.3981 4.1319 1.0000	</row3>
				</transform>
			</node>
			<node>
				<identifier>	MP_AM004_Fairlead_2_INDEX_9	</identifier>
				<transform>
					<row0>	-0.4354 -0.0596 -0.8982 0.0000	</row0>
					<row1>	-0.0220 0.9982 -0.0556 0.0000	</row1>
					<row2>	0.8999 -0.0045 -0.4360 0.0000	</row2>
					<row3>	-0.0620 0.4262 4.5729 1.0000	</row3>
				</transform>
			</node>
			<node>
				<identifier>	MP_AM005_Bollard_1	</identifier>
				<transform>
					<row0>	0.9848 0.0104 0.1733 0.0000	</row0>
					<row1>	0.0000 0.9982 -0.0600 0.0000	</row1>
					<row2>	-0.1736 0.0591 0.9830 0.0000	</row2>
					<row3>	0.1959 0.3845 3.8947 1.0000	</row3>
				</transform>
			</node>
			<node>
				<identifier>	MP_AM005_Bollard_1_INDEX_1	</identifier>
				<transform>
					<row0>	0.9989 0.0084 0.0470 0.0000	</row0>
					<row1>	-0.0067 0.9993 -0.0365 0.0000	</row1>
					<row2>	-0.0473 0.0362 0.9982 0.0000	</row2>
					<row3>	0.3544 0.2971 2.3375 1.0000	</row3>
				</transform>
			</node>
			<node>
				<identifier>	MP_AM005_Bollard_1_INDEX_2	</identifier>
				<transform>
					<row0>	0.9989 -0.0084 -0.0470 0.0000	</row0>
					<row1>	0.0067 0.9993 -0.0365 0.0000	</row1>
					<row2>	0.0473 0.0362 0.9982 0.0000	</row2>
					<row3>	-0.3544 0.2971 2.3375 1.0000	</row3>
				</transform>
			</node>
			<node>
				<identifier>	MP_AM005_Bollard_1_INDEX_3	</identifier>
				<transform>
					<row0>	0.9848 -0.0104 -0.1733 0.0000	</row0>
					<row1>	0.0000 0.9982 -0.0600 0.0000	</row1>
					<row2>	0.1736 0.0591 0.9830 0.0000	</row2>
					<row3>	-0.1959 0.3845 3.8947 1.0000	</row3>
				</transform>
			</node>
			<node>
				<identifier>	MP_AM006_Reels_1	</identifier>
				<transform>
					<row0>	0.4530 0.0000 -0.8915 0.0000	</row0>
					<row1>	0.8915 0.0000 0.4530 0.0000	</row1>
					<row2>	0.0000 -1.0000 0.0000 0.0000	</row2>
					<row3>	0.1704 0.3685 2.8476 1.0000	</row3>
				</transform>
			</node>
			<node>
				<identifier>	MP_AM006_Reels_1_INDEX_1	</identifier>
				<transform>
					<row0>	1.0000 0.0000 0.0000 0.0000	</row0>
					<row1>	0.0000 1.0000 0.0000 0.0000	</row1>
					<row2>	0.0000 0.0000 1.0000 0.0000	</row2>
					<row3>	-0.2883 0.2564 1.3129 1.0000	</row3>
				</transform>
			</node>
			<node>
				<identifier>	MP_AM008_Reels_3	</identifier>
				<transform>
					<row0>	-0.4326 0.0000 -0.8483 0.0000	</row0>
					<row1>	-0.8483 0.0000 0.4326 0.0000	</row1>
					<row2>	0.0000 0.9523 0.0000 0.0000	</row2>
					<row3>	-0.1614 0.3953 2.8466 1.0000	</row3>
				</transform>
			</node>
			<node>
				<identifier>	MP_AM010_Speaker_1	</identifier>
				<transform>
					<row0>	-1.0000 0.0000 0.0000 0.0000	</row0>
					<row1>	0.0000 0.9397 0.3420 0.0000	</row1>
					<row2>	0.0000 0.3420 -0.9397 0.0000	</row2>
					<row3>	0.0000 0.6860 2.0882 1.0000	</row3>
				</transform>
			</node>
			<node>
				<identifier>	MP_AM018_Compass_Binnacle	</identifier>
				<transform>
					<row0>	1.0000 0.0000 0.0000 0.0000	</row0>
					<row1>	0.0000 1.0000 0.0000 0.0000	</row1>
					<row2>	0.0000 0.0000 1.0000 0.0000	</row2>
					<row3>	0.0423 0.6097 2.0349 1.0000	</row3>
				</transform>
			</node>
			<node>
				<identifier>	MP_AM018_Compass_Binnacle_INDEX_1	</identifier>
				<transform>
					<row0>	1.0000 0.0000 0.0000 0.0000	</row0>
					<row1>	0.0000 1.0000 0.0000 0.0000	</row1>
					<row2>	0.0000 0.0000 1.0000 0.0000	</row2>
					<row3>	0.0000 0.3820 0.9478 1.0000	</row3>
				</transform>
			</node>
			<node>
				<identifier>	MP_AM022_Ventilators_4	</identifier>
				<transform>
					<row0>	1.0000 0.0000 0.0000 0.0000	</row0>
					<row1>	0.0000 1.0000 0.0000 0.0000	</row1>
					<row2>	0.0000 0.0000 1.0000 0.0000	</row2>
					<row3>	0.0823 0.3887 4.0128 1.0000	</row3>
				</transform>
			</node>
			<node>
				<identifier>	MP_AM024_Hatch_2	</identifier>
				<transform>
					<row0>	1.0000 0.0000 0.0000 0.0000	</row0>
					<row1>	0.0000 0.9981 -0.0620 0.0000	</row1>
					<row2>	0.0000 0.0620 0.9981 0.0000	</row2>
					<row3>	0.0895 0.3783 3.8270 1.0000	</row3>
				</transform>
			</node>
			<node>
				<identifier>	MP_AM029_Ammunition_Box3	</identifier>
				<transform>
					<row0>	-0.3765 -0.0015 -0.7248 0.0000	</row0>
					<row1>	-0.0003 0.8167 -0.0015 0.0000	</row1>
					<row2>	0.7248 -0.0004 -0.3765 0.0000	</row2>
					<row3>	-0.1760 0.4257 2.0139 1.0000	</row3>
				</transform>
			</node>
			<node>
				<identifier>	MP_AM029_Ammunition_Box3_INDEX_1	</identifier>
				<transform>
					<row0>	0.0356 0.0395 0.8150 0.0000	</row0>
					<row1>	-0.0034 0.8158 -0.0394 0.0000	</row1>
					<row2>	-0.8160 -0.0017 0.0357 0.0000	</row2>
					<row3>	-0.3922 0.4162 1.7623 1.0000	</row3>
				</transform>
			</node>
			<node>
				<identifier>	MP_AM029_Ammunition_Box3_INDEX_2	</identifier>
				<transform>
					<row0>	0.0356 -0.0395 -0.8150 0.0000	</row0>
					<row1>	0.0034 0.8158 -0.0394 0.0000	</row1>
					<row2>	0.8160 -0.0017 0.0357 0.0000	</row2>
					<row3>	0.3923 0.4154 1.7623 1.0000	</row3>
				</transform>
			</node>
			<node>
				<identifier>	MP_AM029_Ammunition_Box3_INDEX_3	</identifier>
				<transform>
					<row0>	-0.3765 0.0015 0.7248 0.0000	</row0>
					<row1>	0.0003 0.8167 -0.0015 0.0000	</row1>
					<row2>	-0.7248 -0.0004 -0.3765 0.0000	</row2>
					<row3>	0.1760 0.4257 2.0139 1.0000	</row3>
				</transform>
			</node>
			<node>
				<identifier>	MP_AM033_MK10_Hedgehog_Projector	</identifier>
				<transform>
					<row0>	0.8136 -0.0253 -0.5809 0.0000	</row0>
					<row1>	0.0007 0.9991 -0.0426 0.0000	</row1>
					<row2>	0.5814 0.0343 0.8129 0.0000	</row2>
					<row3>	0.2566 0.4336 2.1512 1.0000	</row3>
				</transform>
			</node>
			<node>
				<identifier>	MP_AM033_MK10_Hedgehog_Projector_INDEX_1	</identifier>
				<transform>
					<row0>	0.8136 0.0253 0.5809 0.0000	</row0>
					<row1>	-0.0007 0.9991 -0.0426 0.0000	</row1>
					<row2>	-0.5814 0.0343 0.8129 0.0000	</row2>
					<row3>	-0.2566 0.4337 2.1512 1.0000	</row3>
				</transform>
			</node>
			<node>
				<identifier>	MP_AM047_Running_Lights_R	</identifier>
				<transform>
					<row0>	1.0000 0.0000 0.0000 0.0000	</row0>
					<row1>	0.0000 1.0000 0.0000 0.0000	</row1>
					<row2>	0.0000 0.0000 1.0000 0.0000	</row2>
					<row3>	0.2439 0.6589 1.7266 1.0000	</row3>
				</transform>
			</node>
			<node>
				<identifier>	MP_AM048_Running_Lights_L	</identifier>
				<transform>
					<row0>	1.0000 0.0000 0.0000 0.0000	</row0>
					<row1>	0.0000 1.0000 0.0000 0.0000	</row1>
					<row2>	0.0000 0.0000 1.0000 0.0000	</row2>
					<row3>	-0.2439 0.6589 1.7266 1.0000	</row3>
				</transform>
			</node>
			<node>
				<identifier>	MP_AM049_Signal_Lamp_1	</identifier>
				<transform>
					<row0>	1.5000 0.0000 0.0000 0.0000	</row0>
					<row1>	0.0000 1.5000 0.0000 0.0000	</row1>
					<row2>	0.0000 0.0000 1.5000 0.0000	</row2>
					<row3>	0.0000 0.8239 4.6634 1.0000	</row3>
				</transform>
			</node>
			<node>
				<identifier>	MP_AM050_Fightin_Light	</identifier>
				<transform>
					<row0>	-1.0000 0.0000 0.0000 0.0000	</row0>
					<row1>	0.0000 1.0000 0.0000 0.0000	</row1>
					<row2>	0.0000 0.0000 -1.0000 0.0000	</row2>
					<row3>	0.1486 0.8255 1.3764 1.0000	</row3>
				</transform>
			</node>
			<node>
				<identifier>	MP_AM050_Fightin_Light_INDEX_1	</identifier>
				<transform>
					<row0>	1.0000 0.0000 0.0000 0.0000	</row0>
					<row1>	0.0000 1.0000 0.0000 0.0000	</row1>
					<row2>	0.0000 0.0000 1.0000 0.0000	</row2>
					<row3>	-0.0525 1.6010 1.2710 1.0000	</row3>
				</transform>
			</node>
			<node>
				<identifier>	MP_AM050_Fightin_Light_INDEX_2	</identifier>
				<transform>
					<row0>	-1.0000 0.0000 0.0000 0.0000	</row0>
					<row1>	0.0000 1.0000 0.0000 0.0000	</row1>
					<row2>	0.0000 0.0000 -1.0000 0.0000	</row2>
					<row3>	0.0525 1.6010 1.2710 1.0000	</row3>
				</transform>
			</node>
			<node>
				<identifier>	MP_AM050_Fightin_Light_INDEX_3	</identifier>
				<transform>
					<row0>	1.0000 0.0000 0.0000 0.0000	</row0>
					<row1>	0.0000 1.0000 0.0000 0.0000	</row1>
					<row2>	0.0000 0.0000 1.0000 0.0000	</row2>
					<row3>	-0.0916 1.2240 1.3269 1.0000	</row3>
				</transform>
			</node>
			<node>
				<identifier>	MP_AM050_Fightin_Light_INDEX_4	</identifier>
				<transform>
					<row0>	-1.0000 0.0000 0.0000 0.0000	</row0>
					<row1>	0.0000 1.0000 0.0000 0.0000	</row1>
					<row2>	0.0000 0.0000 -1.0000 0.0000	</row2>
					<row3>	0.0916 1.2240 1.3269 1.0000	</row3>
				</transform>
			</node>
			<node>
				<identifier>	MP_AM050_Fightin_Light_INDEX_5	</identifier>
				<transform>
					<row0>	1.0000 0.0000 0.0000 0.0000	</row0>
					<row1>	0.0000 1.0000 0.0000 0.0000	</row1>
					<row2>	0.0000 0.0000 1.0000 0.0000	</row2>
					<row3>	-0.1486 0.8255 1.3764 1.0000	</row3>
				</transform>
			</node>
			<node>
				<identifier>	MP_AM054_Boat_6	</identifier>
				<transform>
					<row0>	0.0000 -1.0000 0.0000 0.0000	</row0>
					<row1>	0.9991 0.0000 0.0419 0.0000	</row1>
					<row2>	-0.0419 0.0000 0.9991 0.0000	</row2>
					<row3>	0.4101 0.3498 1.8936 1.0000	</row3>
				</transform>
			</node>
			<node>
				<identifier>	MP_AM054_Boat_6_INDEX_1	</identifier>
				<transform>
					<row0>	0.0000 1.0000 0.0000 0.0000	</row0>
					<row1>	-0.9991 0.0000 0.0419 0.0000	</row1>
					<row2>	0.0419 0.0000 0.9991 0.0000	</row2>
					<row3>	-0.4101 0.3498 1.8936 1.0000	</row3>
				</transform>
			</node>
			<node>
				<identifier>	MP_AM054_Boat_6_INDEX_2	</identifier>
				<transform>
					<row0>	0.0003 -1.0000 0.0000 0.0000	</row0>
					<row1>	0.9990 0.0003 0.0438 0.0000	</row1>
					<row2>	-0.0438 0.0000 0.9990 0.0000	</row2>
					<row3>	0.4399 0.4705 1.2790 1.0000	</row3>
				</transform>
			</node>
			<node>
				<identifier>	MP_AM054_Boat_6_INDEX_3	</identifier>
				<transform>
					<row0>	0.0003 1.0000 0.0000 0.0000	</row0>
					<row1>	-0.9990 0.0003 0.0438 0.0000	</row1>
					<row2>	0.0438 0.0000 0.9990 0.0000	</row2>
					<row3>	-0.4399 0.4705 1.2790 1.0000	</row3>
				</transform>
			</node>
			<node>
				<identifier>	MP_AM061_Sky_Lookout_1	</identifier>
				<transform>
					<row0>	0.0000 0.0000 -1.0000 0.0000	</row0>
					<row1>	0.0000 1.0000 0.0000 0.0000	</row1>
					<row2>	1.0000 0.0000 0.0000 0.0000	</row2>
					<row3>	0.2175 0.6243 1.6606 1.0000	</row3>
				</transform>
			</node>
			<node>
				<identifier>	MP_AM061_Sky_Lookout_1_INDEX_1	</identifier>
				<transform>
					<row0>	0.0000 0.0000 1.0000 0.0000	</row0>
					<row1>	0.0000 1.0000 0.0000 0.0000	</row1>
					<row2>	-1.0000 0.0000 0.0000 0.0000	</row2>
					<row3>	-0.2175 0.6243 1.6606 1.0000	</row3>
				</transform>
			</node>
			<node>
				<identifier>	MP_AM062_IFF_Antenna	</identifier>
				<transform>
					<row0>	1.0000 0.0000 0.0000 0.0000	</row0>
					<row1>	0.0000 1.0000 0.0000 0.0000	</row1>
					<row2>	0.0000 0.0000 1.0000 0.0000	</row2>
					<row3>	-0.3253 1.5007 1.2410 1.0000	</row3>
				</transform>
			</node>
			<node>
				<identifier>	MP_AM062_IFF_Antenna_INDEX_1	</identifier>
				<transform>
					<row0>	1.0000 0.0000 0.0000 0.0000	</row0>
					<row1>	0.0000 1.0000 0.0000 0.0000	</row1>
					<row2>	0.0000 0.0000 1.0000 0.0000	</row2>
					<row3>	0.3253 1.5007 1.2410 1.0000	</row3>
				</transform>
			</node>
			<node>
				<identifier>	MP_AM064_Wind_Intensity	</identifier>
				<transform>
					<row0>	1.0000 0.0000 0.0000 0.0000	</row0>
					<row1>	0.0000 1.0000 0.0000 0.0000	</row1>
					<row2>	0.0000 0.0000 1.0000 0.0000	</row2>
					<row3>	-0.2621 1.4913 1.2811 1.0000	</row3>
				</transform>
			</node>
			<node>
				<identifier>	MP_AM067_Speaker_2	</identifier>
				<transform>
					<row0>	-1.0000 0.0000 0.0000 0.0000	</row0>
					<row1>	0.0000 1.0000 0.0000 0.0000	</row1>
					<row2>	0.0000 0.0000 -1.0000 0.0000	</row2>
					<row3>	0.0000 1.0087 1.4191 1.0000	</row3>
				</transform>
			</node>
			<node>
				<identifier>	MP_AM074_Floater_Net_Basket_2	</identifier>
				<transform>
					<row0>	0.4613 0.0341 0.8866 0.0000	</row0>
					<row1>	0.0180 0.9987 -0.0477 0.0000	</row1>
					<row2>	-0.8871 0.0380 0.4601 0.0000	</row2>
					<row3>	-0.1840 0.4619 2.8243 1.0000	</row3>
				</transform>
			</node>
			<node>
				<identifier>	MP_AM074_Floater_Net_Basket_2_INDEX_1	</identifier>
				<transform>
					<row0>	0.4613 -0.0341 -0.8866 0.0000	</row0>
					<row1>	-0.0180 0.9987 -0.0477 0.0000	</row1>
					<row2>	0.8871 0.0380 0.4601 0.0000	</row2>
					<row3>	0.1840 0.4619 2.8243 1.0000	</row3>
				</transform>
			</node>
			<node>
				<identifier>	MP_AM074_Floater_Net_Basket_2_INDEX_2	</identifier>
				<transform>
					<row0>	-0.0436 -0.0433 -0.9981 0.0000	</row0>
					<row1>	0.0004 0.9991 -0.0434 0.0000	</row1>
					<row2>	0.9991 -0.0023 -0.0435 0.0000	</row2>
					<row3>	-0.4191 0.4343 1.6426 1.0000	</row3>
				</transform>
			</node>
			<node>
				<identifier>	MP_AM074_Floater_Net_Basket_2_INDEX_3	</identifier>
				<transform>
					<row0>	-0.0440 -0.0433 -0.9981 0.0000	</row0>
					<row1>	0.0004 0.9991 -0.0434 0.0000	</row1>
					<row2>	0.9990 -0.0023 -0.0439 0.0000	</row2>
					<row3>	-0.4254 0.4280 1.4976 1.0000	</row3>
				</transform>
			</node>
			<node>
				<identifier>	MP_AM074_Floater_Net_Basket_2_INDEX_4	</identifier>
				<transform>
					<row0>	-0.0440 0.0433 0.9981 0.0000	</row0>
					<row1>	-0.0004 0.9991 -0.0434 0.0000	</row1>
					<row2>	-0.9990 -0.0023 -0.0439 0.0000	</row2>
					<row3>	0.4254 0.4280 1.4976 1.0000	</row3>
				</transform>
			</node>
			<node>
				<identifier>	MP_AM074_Floater_Net_Basket_2_INDEX_5	</identifier>
				<transform>
					<row0>	-0.0436 0.0433 0.9981 0.0000	</row0>
					<row1>	-0.0004 0.9991 -0.0434 0.0000	</row1>
					<row2>	-0.9991 -0.0023 -0.0435 0.0000	</row2>
					<row3>	0.4191 0.4343 1.6426 1.0000	</row3>
				</transform>
			</node>
			<node>
				<identifier>	MP_AM085_TBS_Antenna	</identifier>
				<transform>
					<row0>	1.0000 0.0000 0.0000 0.0000	</row0>
					<row1>	0.0000 1.0000 0.0000 0.0000	</row1>
					<row2>	0.0000 0.0000 1.0000 0.0000	</row2>
					<row3>	0.0000 1.2243 1.4348 1.0000	</row3>
				</transform>
			</node>
			<node>
				<identifier>	MP_AM086_TBS_Antenna_2	</identifier>
				<transform>
					<row0>	-1.0000 0.0000 0.0000 0.0000	</row0>
					<row1>	0.0000 1.0000 0.0000 0.0000	</row1>
					<row2>	0.0000 0.0000 -1.0000 0.0000	</row2>
					<row3>	0.0000 1.4264 1.2368 1.0000	</row3>
				</transform>
			</node>
			<node>
				<identifier>	MP_AM105_Signal_Lamp_3	</identifier>
				<transform>
					<row0>	0.0000 0.0000 1.0000 0.0000	</row0>
					<row1>	0.0000 1.0000 0.0000 0.0000	</row1>
					<row2>	-1.0000 0.0000 0.0000 0.0000	</row2>
					<row3>	-0.2623 0.7111 1.5851 1.0000	</row3>
				</transform>
			</node>
			<node>
				<identifier>	MP_AM105_Signal_Lamp_3_INDEX_1	</identifier>
				<transform>
					<row0>	0.0000 0.0000 1.0000 0.0000	</row0>
					<row1>	0.0000 1.0000 0.0000 0.0000	</row1>
					<row2>	-1.0000 0.0000 0.0000 0.0000	</row2>
					<row3>	0.2626 0.7111 1.5851 1.0000	</row3>
				</transform>
			</node>
			<node>
				<identifier>	MP_AM141_Hatch_6	</identifier>
				<transform>
					<row0>	1.0000 0.0000 0.0000 0.0000	</row0>
					<row1>	0.0000 1.0000 0.0000 0.0000	</row1>
					<row2>	0.0000 0.0000 1.0000 0.0000	</row2>
					<row3>	0.2629 0.2362 0.8124 1.0000	</row3>
				</transform>
			</node>
			<node>
				<identifier>	MP_AM141_Hatch_6_INDEX_1	</identifier>
				<transform>
					<row0>	1.0000 0.0000 0.0000 0.0000	</row0>
					<row1>	0.0000 1.0000 0.0000 0.0000	</row1>
					<row2>	0.0000 0.0000 1.0000 0.0000	</row2>
					<row3>	-0.2636 0.2218 0.3712 1.0000	</row3>
				</transform>
			</node>
			<node>
				<identifier>	MP_AM142_Running_Lights_FW	</identifier>
				<transform>
					<row0>	1.0000 0.0000 0.0000 0.0000	</row0>
					<row1>	0.0000 1.0000 0.0000 0.0000	</row1>
					<row2>	0.0000 0.0000 1.0000 0.0000	</row2>
					<row3>	-0.0005 0.7749 1.9471 1.0000	</row3>
				</transform>
			</node>
			<node>
				<identifier>	MP_AM142_Running_Lights_FW_INDEX_1	</identifier>
				<transform>
					<row0>	1.0000 0.0000 0.0000 0.0000	</row0>
					<row1>	0.0000 1.0000 0.0000 0.0000	</row1>
					<row2>	0.0000 0.0000 1.0000 0.0000	</row2>
					<row3>	0.0000 1.1482 1.3875 1.0000	</row3>
				</transform>
			</node>
			<node>
				<identifier>	MP_AM148_Hatch_8	</identifier>
				<transform>
					<row0>	1.0000 0.0000 0.0000 0.0000	</row0>
					<row1>	0.0000 1.0000 0.0000 0.0000	</row1>
					<row2>	0.0000 0.0000 1.0000 0.0000	</row2>
					<row3>	-0.0911 0.4463 2.3037 1.0000	</row3>
				</transform>
			</node>
			<node>
				<identifier>	MP_AM148_Hatch_8_INDEX_1	</identifier>
				<transform>
					<row0>	1.0000 0.0000 0.0000 0.0000	</row0>
					<row1>	0.0000 1.0000 0.0000 0.0000	</row1>
					<row2>	0.0000 0.0000 1.0000 0.0000	</row2>
					<row3>	0.1528 0.3493 3.1506 1.0000	</row3>
				</transform>
			</node>
			<node>
				<identifier>	MP_AM157_Telephone	</identifier>
				<transform>
					<row0>	0.0000 0.0000 1.0000 0.0000	</row0>
					<row1>	0.0000 1.0000 0.0000 0.0000	</row1>
					<row2>	-1.0000 0.0000 0.0000 0.0000	</row2>
					<row3>	0.1216 0.6945 1.6787 1.0000	</row3>
				</transform>
			</node>
			<node>
				<identifier>	MP_AM157_Telephone_INDEX_1	</identifier>
				<transform>
					<row0>	1.0000 0.0000 0.0000 0.0000	</row0>
					<row1>	0.0000 1.0000 0.0000 0.0000	</row1>
					<row2>	0.0000 0.0000 1.0000 0.0000	</row2>
					<row3>	-0.0269 0.6920 2.0624 1.0000	</row3>
				</transform>
			</node>
			<node>
				<identifier>	MP_AM157_Telephone_INDEX_2	</identifier>
				<transform>
					<row0>	0.5000 0.0000 -0.8660 0.0000	</row0>
					<row1>	0.0000 1.0000 0.0000 0.0000	</row1>
					<row2>	0.8660 0.0000 0.5000 0.0000	</row2>
					<row3>	0.1434 0.6952 2.0166 1.0000	</row3>
				</transform>
			</node>
			<node>
				<identifier>	MP_AM157_Telephone_INDEX_3	</identifier>
				<transform>
					<row0>	0.5000 0.0000 0.8660 0.0000	</row0>
					<row1>	0.0000 1.0000 0.0000 0.0000	</row1>
					<row2>	-0.8660 0.0000 0.5000 0.0000	</row2>
					<row3>	-0.1434 0.6952 2.0166 1.0000	</row3>
				</transform>
			</node>
			<node>
				<identifier>	MP_AM159_Voice_Tube	</identifier>
				<transform>
					<row0>	-0.7071 0.0000 0.7071 0.0000	</row0>
					<row1>	0.0000 1.0000 0.0000 0.0000	</row1>
					<row2>	-0.7071 0.0000 -0.7071 0.0000	</row2>
					<row3>	-0.0358 0.3818 0.9106 1.0000	</row3>
				</transform>
			</node>
			<node>
				<identifier>	MP_AM159_Voice_Tube_INDEX_1	</identifier>
				<transform>
					<row0>	-0.7660 0.0000 0.6428 0.0000	</row0>
					<row1>	0.0000 1.0000 0.0000 0.0000	</row1>
					<row2>	-0.6428 0.0000 -0.7660 0.0000	</row2>
					<row3>	-0.0426 0.3824 0.9205 1.0000	</row3>
				</transform>
			</node>
			<node>
				<identifier>	MP_AM161_Anchor_top	</identifier>
				<transform>
					<row0>	0.5800 0.0324 0.2761 0.0000	</row0>
					<row1>	0.2495 0.2207 -0.5502 0.0000	</row1>
					<row2>	-0.1224 0.6033 0.1864 0.0000	</row2>
					<row3>	-0.1085 0.3693 4.5100 1.0000	</row3>
				</transform>
			</node>
			<node>
				<identifier>	MP_AM161_Anchor_top_INDEX_1	</identifier>
				<transform>
					<row0>	0.5800 -0.0324 -0.2761 0.0000	</row0>
					<row1>	-0.2495 0.2207 -0.5502 0.0000	</row1>
					<row2>	0.1224 0.6033 0.1864 0.0000	</row2>
					<row3>	0.1085 0.3693 4.5100 1.0000	</row3>
				</transform>
			</node>
			<node>
				<identifier>	MP_AM162_Anchor_down	</identifier>
				<transform>
					<row0>	0.6284 -0.1320 0.0369 0.0000	</row0>
					<row1>	0.0737 0.1797 -0.6132 0.0000	</row1>
					<row2>	0.1155 0.6033 0.1907 0.0000	</row2>
					<row3>	0.1071 0.3709 4.5057 1.0000	</row3>
				</transform>
			</node>
			<node>
				<identifier>	MP_AM162_Anchor_down_INDEX_1	</identifier>
				<transform>
					<row0>	0.6284 0.1320 -0.0369 0.0000	</row0>
					<row1>	-0.0737 0.1797 -0.6132 0.0000	</row1>
					<row2>	-0.1155 0.6033 0.1907 0.0000	</row2>
					<row3>	-0.1071 0.3709 4.5057 1.0000	</row3>
				</transform>
			</node>
			<node>
				<identifier>	MP_AM173_Insulator_1	</identifier>
				<transform>
					<row0>	1.0000 0.0000 0.0000 0.0000	</row0>
					<row1>	0.0000 1.0000 0.0000 0.0000	</row1>
					<row2>	0.0000 0.0000 1.0000 0.0000	</row2>
					<row3>	-0.1014 0.7637 1.2041 1.0000	</row3>
				</transform>
			</node>
			<node>
				<identifier>	MP_AM176_Target_Desingnator	</identifier>
				<transform>
					<row0>	0.0000 0.0000 -1.0000 0.0000	</row0>
					<row1>	0.0000 1.0000 0.0000 0.0000	</row1>
					<row2>	1.0000 0.0000 0.0000 0.0000	</row2>
					<row3>	0.2183 0.6243 1.7928 1.0000	</row3>
				</transform>
			</node>
			<node>
				<identifier>	MP_AM176_Target_Desingnator_INDEX_1	</identifier>
				<transform>
					<row0>	0.0000 0.0000 1.0000 0.0000	</row0>
					<row1>	0.0000 1.0000 0.0000 0.0000	</row1>
					<row2>	-1.0000 0.0000 0.0000 0.0000	</row2>
					<row3>	-0.2165 0.6244 1.7952 1.0000	</row3>
				</transform>
			</node>
			<node>
				<identifier>	MP_AM181_Siren_3	</identifier>
				<transform>
					<row0>	0.3470 0.0000 0.0000 0.0000	</row0>
					<row1>	0.0000 0.3470 0.0000 0.0000	</row1>
					<row2>	0.0000 0.0000 0.3470 0.0000	</row2>
					<row3>	-0.0158 0.9543 1.1917 1.0000	</row3>
				</transform>
			</node>
			<node>
				<identifier>	MP_AM2026_Ammunition_Box	</identifier>
				<transform>
					<row0>	-0.7927 0.0000 -0.6096 0.0000	</row0>
					<row1>	0.0000 1.0000 0.0000 0.0000	</row1>
					<row2>	0.6096 0.0000 -0.7927 0.0000	</row2>
					<row3>	-0.3689 0.5402 1.0909 1.0000	</row3>
				</transform>
			</node>
			<node>
				<identifier>	MP_AM2026_Ammunition_Box_INDEX_1	</identifier>
				<transform>
					<row0>	-0.7927 0.0000 0.6096 0.0000	</row0>
					<row1>	0.0000 1.0000 0.0000 0.0000	</row1>
					<row2>	-0.6096 0.0000 -0.7927 0.0000	</row2>
					<row3>	0.3689 0.5402 1.0909 1.0000	</row3>
				</transform>
			</node>
			<node>
				<identifier>	MP_AM2026_Ammunition_Box_INDEX_2	</identifier>
				<transform>
					<row0>	-0.4439 0.0000 -0.8961 0.0000	</row0>
					<row1>	0.0000 1.0000 0.0000 0.0000	</row1>
					<row2>	0.8961 0.0000 -0.4439 0.0000	</row2>
					<row3>	-0.2242 0.5388 1.3807 1.0000	</row3>
				</transform>
			</node>
			<node>
				<identifier>	MP_AM2026_Ammunition_Box_INDEX_3	</identifier>
				<transform>
					<row0>	-0.4439 0.0000 0.8961 0.0000	</row0>
					<row1>	0.0000 1.0000 0.0000 0.0000	</row1>
					<row2>	-0.8961 0.0000 -0.4439 0.0000	</row2>
					<row3>	0.2242 0.5388 1.3807 1.0000	</row3>
				</transform>
			</node>
			<node>
				<identifier>	MP_AM280_Signal_Lamp	</identifier>
				<transform>
					<row0>	1.0000 0.0000 0.0000 0.0000	</row0>
					<row1>	0.0000 1.0000 0.0000 0.0000	</row1>
					<row2>	0.0000 0.0000 1.0000 0.0000	</row2>
					<row3>	-0.3491 1.4984 1.2645 1.0000	</row3>
				</transform>
			</node>
			<node>
				<identifier>	MP_AM280_Signal_Lamp_INDEX_1	</identifier>
				<transform>
					<row0>	1.0000 0.0000 0.0000 0.0000	</row0>
					<row1>	0.0000 1.0000 0.0000 0.0000	</row1>
					<row2>	0.0000 0.0000 1.0000 0.0000	</row2>
					<row3>	0.3491 1.4984 1.2645 1.0000	</row3>
				</transform>
			</node>
			<node>
				<identifier>	MP_AM374_Fender	</identifier>
				<transform>
					<row0>	0.2738 0.0000 0.5339 0.0000	</row0>
					<row1>	0.0000 0.6000 0.0000 0.0000	</row1>
					<row2>	-0.5339 0.0000 0.2738 0.0000	</row2>
					<row3>	-0.1547 0.3345 2.9220 1.0000	</row3>
				</transform>
			</node>
			<node>
				<identifier>	MP_AM374_Fender_INDEX_1	</identifier>
				<transform>
					<row0>	0.2739 0.0000 -0.5338 0.0000	</row0>
					<row1>	0.0000 0.6000 0.0000 0.0000	</row1>
					<row2>	0.5338 0.0000 0.2739 0.0000	</row2>
					<row3>	0.2240 0.3328 2.7869 1.0000	</row3>
				</transform>
			</node>
			<node>
				<identifier>	MP_AM374_Fender_INDEX_2	</identifier>
				<transform>
					<row0>	0.2739 0.0000 -0.5338 0.0000	</row0>
					<row1>	0.0000 0.6000 0.0000 0.0000	</row1>
					<row2>	0.5338 0.0000 0.2739 0.0000	</row2>
					<row3>	0.2483 0.3328 2.7397 1.0000	</row3>
				</transform>
			</node>
			<node>
				<identifier>	MP_AM433_MC_Box	</identifier>
				<transform>
					<row0>	-1.0000 0.0000 0.0000 0.0000	</row0>
					<row1>	0.0000 1.0000 0.0000 0.0000	</row1>
					<row2>	0.0000 0.0000 -1.0000 0.0000	</row2>
					<row3>	-0.0978 0.6934 2.0628 1.0000	</row3>
				</transform>
			</node>
			<node>
				<identifier>	MP_AM433_MC_Box_INDEX_1	</identifier>
				<transform>
					<row0>	-1.0000 0.0000 0.0000 0.0000	</row0>
					<row1>	0.0000 1.0000 0.0000 0.0000	</row1>
					<row2>	0.0000 0.0000 -1.0000 0.0000	</row2>
					<row3>	0.0892 0.6935 2.0646 1.0000	</row3>
				</transform>
			</node>
			<node>
				<identifier>	MP_AM434_Eng_Order_Tele_Ind	</identifier>
				<transform>
					<row0>	-1.0000 0.0000 0.0000 0.0000	</row0>
					<row1>	0.0000 1.0000 0.0000 0.0000	</row1>
					<row2>	0.0000 0.0000 -1.0000 0.0000	</row2>
					<row3>	-0.0554 0.6103 2.0504 1.0000	</row3>
				</transform>
			</node>
			<node>
				<identifier>	MP_AM442_Multipole_Switch	</identifier>
				<transform>
					<row0>	0.0000 0.0000 -1.0000 0.0000	</row0>
					<row1>	0.0000 1.0000 0.0000 0.0000	</row1>
					<row2>	1.0000 0.0000 0.0000 0.0000	</row2>
					<row3>	-0.2427 0.6653 1.7183 1.0000	</row3>
				</transform>
			</node>
			<node>
				<identifier>	MP_AM442_Multipole_Switch_INDEX_1	</identifier>
				<transform>
					<row0>	0.0000 0.0000 1.0000 0.0000	</row0>
					<row1>	0.0000 1.0000 0.0000 0.0000	</row1>
					<row2>	-1.0000 0.0000 0.0000 0.0000	</row2>
					<row3>	-0.2466 0.7110 1.0161 1.0000	</row3>
				</transform>
			</node>
			<node>
				<identifier>	MP_AM442_Multipole_Switch_INDEX_2	</identifier>
				<transform>
					<row0>	0.8660 0.0000 -0.5000 0.0000	</row0>
					<row1>	0.0000 1.0000 0.0000 0.0000	</row1>
					<row2>	0.5000 0.0000 0.8660 0.0000	</row2>
					<row3>	0.2270 0.6057 1.0265 1.0000	</row3>
				</transform>
			</node>
			<node>
				<identifier>	MP_AM442_Multipole_Switch_INDEX_3	</identifier>
				<transform>
					<row0>	0.8660 0.0000 0.5000 0.0000	</row0>
					<row1>	0.0000 1.0000 0.0000 0.0000	</row1>
					<row2>	-0.5000 0.0000 0.8660 0.0000	</row2>
					<row3>	-0.2270 0.6057 1.0265 1.0000	</row3>
				</transform>
			</node>
			<node>
				<identifier>	MP_AM442_Multipole_Switch_INDEX_4	</identifier>
				<transform>
					<row0>	0.0000 0.0000 -1.0000 0.0000	</row0>
					<row1>	0.0000 1.0000 0.0000 0.0000	</row1>
					<row2>	1.0000 0.0000 0.0000 0.0000	</row2>
					<row3>	0.2466 0.7110 1.0161 1.0000	</row3>
				</transform>
			</node>
			<node>
				<identifier>	MP_AM442_Multipole_Switch_INDEX_5	</identifier>
				<transform>
					<row0>	0.0000 0.0000 1.0000 0.0000	</row0>
					<row1>	0.0000 1.0000 0.0000 0.0000	</row1>
					<row2>	-1.0000 0.0000 0.0000 0.0000	</row2>
					<row3>	0.2427 0.6653 1.7183 1.0000	</row3>
				</transform>
			</node>
			<node>
				<identifier>	MP_AM444_Director_Train_Indicator	</identifier>
				<transform>
					<row0>	0.0000 0.0000 1.0000 0.0000	</row0>
					<row1>	0.0000 1.0000 0.0000 0.0000	</row1>
					<row2>	-1.0000 0.0000 0.0000 0.0000	</row2>
					<row3>	0.1341 0.7183 1.5857 1.0000	</row3>
				</transform>
			</node>
			<node>
				<identifier>	MP_AM447_Seat	</identifier>
				<transform>
					<row0>	1.0000 0.0000 0.0000 0.0000	</row0>
					<row1>	0.0000 1.0000 0.0000 0.0000	</row1>
					<row2>	0.0000 0.0000 1.0000 0.0000	</row2>
					<row3>	-0.0941 0.6679 1.9969 1.0000	</row3>
				</transform>
			</node>
			<node>
				<identifier>	MP_AM479_6_Fuel_at_sea_hose	</identifier>
				<transform>
					<row0>	0.0000 -0.6390 0.0000 0.0000	</row0>
					<row1>	0.6390 0.0000 0.0000 0.0000	</row1>
					<row2>	0.0000 0.0000 0.6390 0.0000	</row2>
					<row3>	0.2431 0.3193 0.4513 1.0000	</row3>
				</transform>
			</node>
			<node>
