<BSB009_Conqueror_1949_Bow_ports.visual>
	<node>
		<identifier>	Scene Root	</identifier>
		<transform>
			<row0>	1.0000 0.0000 0.0000 0.0000	</row0>
			<row1>	0.0000 1.0000 0.0000 0.0000	</row1>
			<row2>	0.0000 0.0000 1.0000 0.0000	</row2>
			<row3>	0.0000 0.0000 0.0000 1.0000	</row3>
		</transform>
		<node>
			<identifier>	Bow_ports	</identifier>
			<transform>
				<row0>	1.0000 0.0000 0.0000 0.0000	</row0>
				<row1>	0.0000 1.0000 0.0000 0.0000	</row1>
				<row2>	0.0000 0.0000 1.0000 0.0000	</row2>
				<row3>	0.0000 0.0000 0.0000 1.0000	</row3>
			</transform>
			<node>
				<identifier>	HP_BGA_1	</identifier>
				<transform>
					<row0>	0.9397 0.0000 0.3420 0.0000	</row0>
					<row1>	0.0000 1.0000 0.0000 0.0000	</row1>
					<row2>	-0.3420 0.0000 0.9397 0.0000	</row2>
					<row3>	-0.2059 0.5228 6.2716 1.0000	</row3>
				</transform>
			</node>
			<node>
				<identifier>	HP_BGA_2	</identifier>
				<transform>
					<row0>	0.9397 0.0000 -0.3420 0.0000	</row0>
					<row1>	0.0000 1.0000 0.0000 0.0000	</row1>
					<row2>	0.3420 0.0000 0.9397 0.0000	</row2>
					<row3>	0.2059 0.5228 6.2716 1.0000	</row3>
				</transform>
			</node>
			<node>
				<identifier>	HP_BGA_3	</identifier>
				<transform>
					<row0>	0.1736 0.0000 0.9848 0.0000	</row0>
					<row1>	0.0000 1.0000 0.0000 0.0000	</row1>
					<row2>	-0.9848 0.0000 0.1736 0.0000	</row2>
					<row3>	-0.5351 0.5038 5.9477 1.0000	</row3>
				</transform>
			</node>
			<node>
				<identifier>	HP_BGA_4	</identifier>
				<transform>
					<row0>	0.1736 0.0000 -0.9848 0.0000	</row0>
					<row1>	0.0000 1.0000 0.0000 0.0000	</row1>
					<row2>	0.9848 0.0000 0.1736 0.0000	</row2>
					<row3>	0.5351 0.5038 5.9477 1.0000	</row3>
				</transform>
			</node>
			<node>
				<identifier>	HP_BGM_1	</identifier>
				<transform>
					<row0>	1.0000 0.0000 0.0000 0.0000	</row0>
					<row1>	0.0000 1.0000 0.0000 0.0000	</row1>
					<row2>	0.0000 0.0000 1.0000 0.0000	</row2>
					<row3>	0.0000 0.4938 4.4722 1.0000	</row3>
				</transform>
			</node>
			<node>
				<identifier>	HP_FX_Death_1	</identifier>
				<transform>
					<row0>	1.0000 0.0000 0.0000 0.0000	</row0>
					<row1>	0.0000 1.0000 0.0000 0.0000	</row1>
					<row2>	0.0000 0.0000 1.0000 0.0000	</row2>
					<row3>	0.0000 -0.0035 5.1936 1.0000	</row3>
				</transform>
			</node>
			<node>
				<identifier>	HP_FX_Fire_1	</identifier>
				<transform>
					<row0>	1.0000 0.0000 0.0000 0.0000	</row0>
					<row1>	0.0000 1.0000 0.0000 0.0000	</row1>
					<row2>	0.0000 0.0000 1.0000 0.0000	</row2>
					<row3>	0.0000 0.5212 6.6138 1.0000	</row3>
				</transform>
			</node>
			<node>
				<identifier>	HP_FX_RepairLight_left_1	</identifier>
				<transform>
					<row0>	0.1193 0.0000 0.9929 0.0000	</row0>
					<row1>	-0.4282 0.9022 0.0515 0.0000	</row1>
					<row2>	-0.8958 -0.4313 0.1076 0.0000	</row2>
					<row3>	-0.9141 0.4282 4.5345 1.0000	</row3>
				</transform>
			</node>
			<node>
				<identifier>	HP_FX_WakeTrace	</identifier>
				<transform>
					<row0>	1.0000 0.0000 0.0000 0.0000	</row0>
					<row1>	0.0000 1.0000 0.0000 0.0000	</row1>
					<row2>	0.0000 0.0000 1.0000 0.0000	</row2>
					<row3>	0.0000 0.0000 8.9323 1.0000	</row3>
				</transform>
			</node>
			<node>
				<identifier>	HP_Ship_death_1	</identifier>
				<transform>
					<row0>	1.0000 0.0000 0.0000 0.0000	</row0>
					<row1>	0.0000 1.0000 0.0000 0.0000	</row1>
					<row2>	0.0000 0.0000 1.0000 0.0000	</row2>
					<row3>	0.0000 0.0000 4.2544 1.0000	</row3>
				</transform>
			</node>
			<node>
				<identifier>	MP_BM001_Paravane	</identifier>
				<transform>
					<row0>	0.5000 0.0000 -0.8660 0.0000	</row0>
					<row1>	0.0000 1.0000 0.0000 0.0000	</row1>
					<row2>	0.8660 0.0000 0.5000 0.0000	</row2>
					<row3>	-0.4778 0.4728 5.2556 1.0000	</row3>
				</transform>
			</node>
			<node>
				<identifier>	MP_BM001_Paravane_INDEX_1	</identifier>
				<transform>
					<row0>	0.5000 0.0000 0.8660 0.0000	</row0>
					<row1>	0.0000 1.0000 0.0000 0.0000	</row1>
					<row2>	-0.8660 0.0000 0.5000 0.0000	</row2>
					<row3>	0.4778 0.4728 5.2556 1.0000	</row3>
				</transform>
			</node>
			<node>
				<identifier>	MP_BM019_Reels_1	</identifier>
				<transform>
					<row0>	0.7576 -0.0127 -0.2567 0.0000	</row0>
					<row1>	-0.0015 0.7988 -0.0438 0.0000	</row1>
					<row2>	0.2570 0.0420 0.7564 0.0000	</row2>
					<row3>	0.2163 0.4554 5.1934 1.0000	</row3>
				</transform>
			</node>
			<node>
				<identifier>	MP_BM019_Reels_1_INDEX_1	</identifier>
				<transform>
					<row0>	0.7576 0.0127 0.2567 0.0000	</row0>
					<row1>	0.0015 0.7988 -0.0438 0.0000	</row1>
					<row2>	-0.2570 0.0420 0.7564 0.0000	</row2>
					<row3>	-0.2163 0.4554 5.1934 1.0000	</row3>
				</transform>
			</node>
			<node>
				<identifier>	MP_BM019_Reels_1_INDEX_2	</identifier>
				<transform>
					<row0>	0.6555 0.0265 0.4579 0.0000	</row0>
					<row1>	-0.0064 0.7991 -0.0370 0.0000	</row1>
					<row2>	-0.4586 0.0266 0.6550 0.0000	</row2>
					<row3>	-0.4250 0.4501 5.1096 1.0000	</row3>
				</transform>
			</node>
			<node>
				<identifier>	MP_BM019_Reels_1_INDEX_3	</identifier>
				<transform>
					<row0>	0.6555 -0.0265 -0.4579 0.0000	</row0>
					<row1>	0.0064 0.7991 -0.0370 0.0000	</row1>
					<row2>	0.4586 0.0266 0.6550 0.0000	</row2>
					<row3>	0.4250 0.4501 5.1096 1.0000	</row3>
				</transform>
			</node>
			<node>
				<identifier>	MP_BM625_Telephone	</identifier>
				<transform>
					<row0>	-0.6088 0.0000 0.7934 0.0000	</row0>
					<row1>	0.0000 1.0000 0.0000 0.0000	</row1>
					<row2>	-0.7934 0.0000 -0.6088 0.0000	</row2>
					<row3>	0.0868 0.5704 6.1799 1.0000	</row3>
				</transform>
			</node>
			<node>
				<identifier>	MP_BM625_Telephone_INDEX_1	</identifier>
				<transform>
					<row0>	-0.6088 0.0000 -0.7934 0.0000	</row0>
					<row1>	0.0000 1.0000 0.0000 0.0000	</row1>
					<row2>	0.7934 0.0000 -0.6088 0.0000	</row2>
					<row3>	-0.0868 0.5704 6.1799 1.0000	</row3>
				</transform>
			</node>
			<node>
				<identifier>	MP_BM625_Telephone_INDEX_2	</identifier>
				<transform>
					<row0>	0.1305 0.0000 0.9914 0.0000	</row0>
					<row1>	0.0000 1.0000 0.0000 0.0000	</row1>
					<row2>	-0.9914 0.0000 0.1305 0.0000	</row2>
					<row3>	0.3861 0.5536 5.9664 1.0000	</row3>
				</transform>
			</node>
			<node>
				<identifier>	MP_BM625_Telephone_INDEX_3	</identifier>
				<transform>
					<row0>	0.1305 0.0000 -0.9914 0.0000	</row0>
					<row1>	0.0000 1.0000 0.0000 0.0000	</row1>
					<row2>	0.9914 0.0000 0.1305 0.0000	</row2>
					<row3>	-0.3861 0.5536 5.9664 1.0000	</row3>
				</transform>
			</node>
			<node>
				<identifier>	MP_BM706_Ammunition_Box	</identifier>
				<transform>
					<row0>	-0.6035 -0.0302 -0.5242 0.0000	</row0>
					<row1>	0.0016 0.7986 -0.0479 0.0000	</row1>
					<row2>	0.5251 -0.0372 -0.6024 0.0000	</row2>
					<row3>	-0.1205 0.4919 5.8095 1.0000	</row3>
				</transform>
			</node>
			<node>
				<identifier>	MP_BM706_Ammunition_Box_INDEX_1	</identifier>
				<transform>
					<row0>	-0.6035 0.0302 0.5242 0.0000	</row0>
					<row1>	-0.0016 0.7986 -0.0479 0.0000	</row1>
					<row2>	-0.5251 -0.0372 -0.6024 0.0000	</row2>
					<row3>	0.1205 0.4919 5.8095 1.0000	</row3>
				</transform>
			</node>
			<node>
				<identifier>	MP_BM751_Deck_Hatch	</identifier>
				<transform>
					<row0>	0.0000 0.0000 -1.0000 0.0000	</row0>
					<row1>	0.0000 1.0000 0.0000 0.0000	</row1>
					<row2>	1.0000 0.0000 0.0000 0.0000	</row2>
					<row3>	0.4524 0.4416 4.1448 1.0000	</row3>
				</transform>
			</node>
			<node>
				<identifier>	MP_BM751_Deck_Hatch_INDEX_1	</identifier>
				<transform>
					<row0>	0.0000 0.0000 1.0000 0.0000	</row0>
					<row1>	0.0000 1.0000 0.0000 0.0000	</row1>
					<row2>	-1.0000 0.0000 0.0000 0.0000	</row2>
					<row3>	-0.4595 0.4416 4.9397 1.0000	</row3>
				</transform>
			</node>
			<node>
				<identifier>	MP_BM751_Deck_Hatch_INDEX_2	</identifier>
				<transform>
					<row0>	0.0000 0.0000 -1.0000 0.0000	</row0>
					<row1>	0.0000 1.0000 0.0000 0.0000	</row1>
					<row2>	1.0000 0.0000 0.0000 0.0000	</row2>
					<row3>	0.4558 0.4416 4.8676 1.0000	</row3>
				</transform>
			</node>
			<node>
				<identifier>	MP_BM754_Deck_Hatch	</identifier>
				<transform>
					<row0>	0.0000 0.0000 -1.0000 0.0000	</row0>
					<row1>	0.0000 1.0000 0.0000 0.0000	</row1>
					<row2>	1.0000 0.0000 0.0000 0.0000	</row2>
					<row3>	0.0421 0.5380 6.5576 1.0000	</row3>
				</transform>
			</node>
			<node>
				<identifier>	MP_BM755_Hatch	</identifier>
				<transform>
					<row0>	1.0000 0.0000 0.0000 0.0000	</row0>
					<row1>	0.0000 1.0000 0.0000 0.0000	</row1>
					<row2>	0.0000 0.0000 1.0000 0.0000	</row2>
					<row3>	0.0572 0.4432 5.0101 1.0000	</row3>
				</transform>
			</node>
			<node>
				<identifier>	MP_BM755_Hatch_INDEX_1	</identifier>
				<transform>
					<row0>	1.0000 0.0000 0.0000 0.0000	</row0>
					<row1>	0.0000 1.0000 0.0000 0.0000	</row1>
					<row2>	0.0000 0.0000 1.0000 0.0000	</row2>
					<row3>	-0.3007 0.4432 5.0101 1.0000	</row3>
				</transform>
			</node>
			<node>
				<identifier>	MP_BM755_Hatch_INDEX_2	</identifier>
				<transform>
					<row0>	1.0000 0.0000 0.0000 0.0000	</row0>
					<row1>	0.0000 1.0000 0.0000 0.0000	</row1>
					<row2>	0.0000 0.0000 1.0000 0.0000	</row2>
					<row3>	-0.2958 0.4708 5.4991 1.0000	</row3>
				</transform>
			</node>
			<node>
				<identifier>	MP_BM755_Hatch_INDEX_3	</identifier>
				<transform>
					<row0>	1.0000 0.0000 0.0000 0.0000	</row0>
					<row1>	0.0000 1.0000 0.0000 0.0000	</row1>
					<row2>	0.0000 0.0000 1.0000 0.0000	</row2>
					<row3>	0.0000 0.5958 7.7648 1.0000	</row3>
				</transform>
			</node>
			<node>
				<identifier>	MP_BM800_Ventilators_mushroom	</identifier>
				<transform>
					<row0>	-1.0000 0.0000 0.0000 0.0000	</row0>
					<row1>	0.0000 1.0000 0.0000 0.0000	</row1>
					<row2>	0.0000 0.0000 -1.0000 0.0000	</row2>
					<row3>	0.3725 0.4510 5.1652 1.0000	</row3>
				</transform>
			</node>
			<node>
				<identifier>	MP_BM800_Ventilators_mushroom_INDEX_1	</identifier>
				<transform>
					<row0>	-1.0000 0.0000 0.0000 0.0000	</row0>
					<row1>	0.0000 1.0000 0.0000 0.0000	</row1>
					<row2>	0.0000 0.0000 -1.0000 0.0000	</row2>
					<row3>	0.4333 0.4333 4.5798 1.0000	</row3>
				</transform>
			</node>
			<node>
				<identifier>	MP_BM800_Ventilators_mushroom_INDEX_10	</identifier>
				<transform>
					<row0>	-1.0000 0.0000 0.0000 0.0000	</row0>
					<row1>	0.0000 1.0000 0.0000 0.0000	</row1>
					<row2>	0.0000 0.0000 -1.0000 0.0000	</row2>
					<row3>	-0.2969 0.4510 5.1888 1.0000	</row3>
				</transform>
			</node>
			<node>
				<identifier>	MP_BM800_Ventilators_mushroom_INDEX_11	</identifier>
				<transform>
					<row0>	-1.0000 0.0000 0.0000 0.0000	</row0>
					<row1>	0.0000 1.0000 0.0000 0.0000	</row1>
					<row2>	0.0000 0.0000 -1.0000 0.0000	</row2>
					<row3>	-0.4461 0.4333 4.5188 1.0000	</row3>
				</transform>
			</node>
			<node>
				<identifier>	MP_BM800_Ventilators_mushroom_INDEX_12	</identifier>
				<transform>
					<row0>	-1.0000 0.0000 0.0000 0.0000	</row0>
					<row1>	0.0000 1.0000 0.0000 0.0000	</row1>
					<row2>	0.0000 0.0000 -1.0000 0.0000	</row2>
					<row3>	0.2341 0.4712 5.4987 1.0000	</row3>
				</transform>
			</node>
			<node>
				<identifier>	MP_BM800_Ventilators_mushroom_INDEX_13	</identifier>
				<transform>
					<row0>	-1.0000 0.0000 0.0000 0.0000	</row0>
					<row1>	0.0000 1.0000 0.0000 0.0000	</row1>
					<row2>	0.0000 0.0000 -1.0000 0.0000	</row2>
					<row3>	-0.3725 0.4510 5.1665 1.0000	</row3>
				</transform>
			</node>
			<node>
				<identifier>	MP_BM800_Ventilators_mushroom_INDEX_14	</identifier>
				<transform>
					<row0>	-1.0000 0.0000 0.0000 0.0000	</row0>
					<row1>	0.0000 1.0000 0.0000 0.0000	</row1>
					<row2>	0.0000 0.0000 -1.0000 0.0000	</row2>
					<row3>	0.3967 0.4333 4.2907 1.0000	</row3>
				</transform>
			</node>
			<node>
				<identifier>	MP_BM800_Ventilators_mushroom_INDEX_15	</identifier>
				<transform>
					<row0>	-1.0000 0.0000 0.0000 0.0000	</row0>
					<row1>	0.0000 1.0000 0.0000 0.0000	</row1>
					<row2>	0.0000 0.0000 -1.0000 0.0000	</row2>
					<row3>	0.0518 0.5224 6.3796 1.0000	</row3>
				</transform>
			</node>
			<node>
				<identifier>	MP_BM800_Ventilators_mushroom_INDEX_16	</identifier>
				<transform>
					<row0>	-1.0000 0.0000 0.0000 0.0000	</row0>
					<row1>	0.0000 1.0000 0.0000 0.0000	</row1>
					<row2>	0.0000 0.0000 -1.0000 0.0000	</row2>
					<row3>	-0.2156 0.4802 5.6595 1.0000	</row3>
				</transform>
			</node>
			<node>
				<identifier>	MP_BM800_Ventilators_mushroom_INDEX_2	</identifier>
				<transform>
					<row0>	-1.0000 0.0000 0.0000 0.0000	</row0>
					<row1>	0.0000 1.0000 0.0000 0.0000	</row1>
					<row2>	0.0000 0.0000 -1.0000 0.0000	</row2>
					<row3>	-0.4010 0.4333 4.2972 1.0000	</row3>
				</transform>
			</node>
			<node>
				<identifier>	MP_BM800_Ventilators_mushroom_INDEX_3	</identifier>
				<transform>
					<row0>	-1.0000 0.0000 0.0000 0.0000	</row0>
					<row1>	0.0000 1.0000 0.0000 0.0000	</row1>
					<row2>	0.0000 0.0000 -1.0000 0.0000	</row2>
					<row3>	-0.0401 0.5386 6.6403 1.0000	</row3>
				</transform>
			</node>
			<node>
				<identifier>	MP_BM800_Ventilators_mushroom_INDEX_4	</identifier>
				<transform>
					<row0>	-1.0000 0.0000 0.0000 0.0000	</row0>
					<row1>	0.0000 1.0000 0.0000 0.0000	</row1>
					<row2>	0.0000 0.0000 -1.0000 0.0000	</row2>
					<row3>	-0.3904 0.5204 6.3384 1.0000	</row3>
				</transform>
			</node>
			<node>
				<identifier>	MP_BM800_Ventilators_mushroom_INDEX_5	</identifier>
				<transform>
					<row0>	-1.0000 0.0000 0.0000 0.0000	</row0>
					<row1>	0.0000 1.0000 0.0000 0.0000	</row1>
					<row2>	0.0000 0.0000 -1.0000 0.0000	</row2>
					<row3>	0.3536 0.5237 6.3979 1.0000	</row3>
				</transform>
			</node>
			<node>
				<identifier>	MP_BM800_Ventilators_mushroom_INDEX_6	</identifier>
				<transform>
					<row0>	-1.0000 0.0000 0.0000 0.0000	</row0>
					<row1>	0.0000 1.0000 0.0000 0.0000	</row1>
					<row2>	0.0000 0.0000 -1.0000 0.0000	</row2>
					<row3>	-0.2179 0.4333 4.8708 1.0000	</row3>
				</transform>
			</node>
			<node>
				<identifier>	MP_BM800_Ventilators_mushroom_INDEX_7	</identifier>
				<transform>
					<row0>	-1.0000 0.0000 0.0000 0.0000	</row0>
					<row1>	0.0000 1.0000 0.0000 0.0000	</row1>
					<row2>	0.0000 0.0000 -1.0000 0.0000	</row2>
					<row3>	0.2060 0.4333 4.8680 1.0000	</row3>
				</transform>
			</node>
			<node>
				<identifier>	MP_BM800_Ventilators_mushroom_INDEX_8	</identifier>
				<transform>
					<row0>	-1.0000 0.0000 0.0000 0.0000	</row0>
					<row1>	0.0000 1.0000 0.0000 0.0000	</row1>
					<row2>	0.0000 0.0000 -1.0000 0.0000	</row2>
					<row3>	0.2961 0.4510 5.1903 1.0000	</row3>
				</transform>
			</node>
			<node>
				<identifier>	MP_BM800_Ventilators_mushroom_INDEX_9	</identifier>
				<transform>
					<row0>	-1.0000 0.0000 0.0000 0.0000	</row0>
					<row1>	0.0000 1.0000 0.0000 0.0000	</row1>
					<row2>	0.0000 0.0000 -1.0000 0.0000	</row2>
					<row3>	0.0541 0.4802 5.6595 1.0000	</row3>
				</transform>
			</node>
			<node>
				<identifier>	MP_BM858_Signal_Lamp	</identifier>
				<transform>
					<row0>	1.0000 0.0000 0.0000 0.0000	</row0>
					<row1>	0.0000 1.0000 0.0000 0.0000	</row1>
					<row2>	0.0000 0.0000 1.0000 0.0000	</row2>
					<row3>	0.0150 1.1634 9.1818 1.0000	</row3>
				</transform>
			</node>
			<node>
				<identifier>	MP_BM862_Signal_Lamp	</identifier>
				<transform>
					<row0>	1.0000 0.0000 0.0000 0.0000	</row0>
					<row1>	0.0000 1.0000 0.0000 0.0000	</row1>
					<row2>	0.0000 0.0000 1.0000 0.0000	</row2>
					<row3>	0.0152 1.0609 9.1718 1.0000	</row3>
				</transform>
			</node>
			<node>
				<identifier>	MP_BM950_Anchor_top	</identifier>
				<transform>
					<row0>	0.4618 1.5502 0.9968 0.0000	</row0>
					<row1>	-0.4372 1.0904 -1.4933 0.0000	</row1>
					<row2>	-1.7904 0.1335 0.6217 0.0000	</row2>
					<row3>	0.2881 0.4876 8.2203 1.0000	</row3>
				</transform>
			</node>
			<node>
				<identifier>	MP_BM950_Anchor_top_INDEX_1	</identifier>
				<transform>
					<row0>	0.3060 1.5913 0.9921 0.0000	</row0>
					<row1>	-0.5901 1.0358 -1.4795 0.0000	</row1>
					<row2>	-1.7799 -0.0698 0.6610 0.0000	</row2>
					<row3>	0.2257 0.5057 8.4935 1.0000	</row3>
				</transform>
			</node>
			<node>
				<identifier>	MP_BM950_Anchor_top_INDEX_2	</identifier>
				<transform>
					<row0>	0.3060 -1.5913 -0.9921 0.0000	</row0>
					<row1>	0.5901 1.0358 -1.4795 0.0000	</row1>
					<row2>	1.7799 -0.0698 0.6610 0.0000	</row2>
					<row3>	-0.2257 0.5057 8.4935 1.0000	</row3>
				</transform>
			</node>
			<node>
				<identifier>	MP_BM951_Anchor_down	</identifier>
				<transform>
					<row0>	0.4576 1.5515 0.9968 0.0000	</row0>
					<row1>	0.1779 0.9851 -1.6149 0.0000	</row1>
					<row2>	-1.8355 0.4822 0.0920 0.0000	</row2>
					<row3>	0.2881 0.4876 8.2203 1.0000	</row3>
				</transform>
			</node>
			<node>
				<identifier>	MP_BM951_Anchor_down_INDEX_1	</identifier>
				<transform>
					<row0>	0.3018 1.5921 0.9920 0.0000	</row0>
					<row1>	0.1117 0.9877 -1.6192 0.0000	</row1>
					<row2>	-1.8726 0.3155 0.0633 0.0000	</row2>
					<row3>	0.2257 0.5057 8.4935 1.0000	</row3>
				</transform>
			</node>
			<node>
				<identifier>	MP_BM951_Anchor_down_INDEX_2	</identifier>
				<transform>
					<row0>	0.3018 -1.5921 -0.9920 0.0000	</row0>
					<row1>	-0.1117 0.9877 -1.6192 0.0000	</row1>
					<row2>	1.8726 0.3155 0.0633 0.0000	</row2>
					<row3>	-0.2257 0.5057 8.4935 1.0000	</row3>
				</transform>
			</node>
			<node>
				<identifier>	MP_BM964_3ton_electrik_winch_R	</identifier>
				<transform>
					<row0>	-0.6561 0.0000 -0.7547 0.0000	</row0>
					<row1>	0.0000 1.0000 0.0000 0.0000	</row1>
					<row2>	0.7547 0.0000 -0.6561 0.0000	</row2>
					<row3>	0.1693 0.4905 5.8664 1.0000	</row3>
				</transform>
			</node>
			<node>
				<identifier>	MP_BM965_3ton_electrik_winch_L	</identifier>
				<transform>
					<row0>	-0.6561 0.0000 0.7547 0.0000	</row0>
					<row1>	0.0000 1.0000 0.0000 0.0000	</row1>
					<row2>	-0.7547 0.0000 -0.6561 0.0000	</row2>
					<row3>	-0.1693 0.4905 5.8664 1.0000	</row3>
				</transform>
			</node>
			<node>
				<identifier>	MP_CM011_Fire_Fighting_Gear	</identifier>
				<transform>
					<row0>	1.0000 0.0000 0.0000 0.0000	</row0>
					<row1>	0.0000 1.0000 0.0000 0.0000	</row1>
					<row2>	0.0000 0.0000 1.0000 0.0000	</row2>
					<row3>	0.1234 0.5407 6.6403 1.0000	</row3>
				</transform>
			</node>
			<node>
				<identifier>	MP_CM011_Fire_Fighting_Gear_INDEX_1	</identifier>
				<transform>
					<row0>	1.0000 0.0000 0.0000 0.0000	</row0>
					<row1>	0.0000 1.0000 0.0000 0.0000	</row1>
					<row2>	0.0000 0.0000 1.0000 0.0000	</row2>
					<row3>	-0.1234 0.5407 6.6403 1.0000	</row3>
				</transform>
			</node>
			<node>
				<identifier>	MP_CM011_Fire_Fighting_Gear_INDEX_2	</identifier>
				<transform>
					<row0>	1.0000 0.0000 0.0000 0.0000	</row0>
					<row1>	0.0000 1.0000 0.0000 0.0000	</row1>
					<row2>	0.0000 0.0000 1.0000 0.0000	</row2>
					<row3>	0.0963 0.4597 5.2497 1.0000	</row3>
				</transform>
			</node>
			<node>
				<identifier>	MP_CM011_Fire_Fighting_Gear_INDEX_3	</identifier>
				<transform>
					<row0>	1.0000 0.0000 0.0000 0.0000	</row0>
					<row1>	0.0000 1.0000 0.0000 0.0000	</row1>
					<row2>	0.0000 0.0000 1.0000 0.0000	</row2>
					<row3>	-0.0963 0.4597 5.2497 1.0000	</row3>
				</transform>
			</node>
			<node>
				<identifier>	MP_CM012_Fire_Hose_Rack_1	</identifier>
				<transform>
					<row0>	0.1181 -0.4808 0.8688 0.0000	</row0>
					<row1>	0.0723 0.8768 0.4754 0.0000	</row1>
					<row2>	-0.9904 0.0066 0.1383 0.0000	</row2>
					<row3>	0.0966 0.4941 5.3007 1.0000	</row3>
				</transform>
			</node>
			<node>
				<identifier>	MP_CM012_Fire_Hose_Rack_1_INDEX_1	</identifier>
				<transform>
					<row0>	0.0000 -0.4081 0.9129 0.0000	</row0>
					<row1>	0.0000 0.9129 0.4081 0.0000	</row1>
					<row2>	-1.0000 0.0000 0.0000 0.0000	</row2>
					<row3>	0.1238 0.5917 6.7017 1.0000	</row3>
				</transform>
			</node>
			<node>
				<identifier>	MP_CM012_Fire_Hose_Rack_1_INDEX_2	</identifier>
				<transform>
					<row0>	0.0000 -0.4081 0.9129 0.0000	</row0>
					<row1>	0.0000 0.9129 0.4081 0.0000	</row1>
					<row2>	-1.0000 0.0000 0.0000 0.0000	</row2>
					<row3>	-0.1238 0.5917 6.7017 1.0000	</row3>
				</transform>
			</node>
			<node>
				<identifier>	MP_CM012_Fire_Hose_Rack_1_INDEX_3	</identifier>
				<transform>
					<row0>	-0.1181 -0.4808 0.8688 0.0000	</row0>
					<row1>	-0.0723 0.8768 0.4754 0.0000	</row1>
					<row2>	-0.9904 -0.0066 -0.1383 0.0000	</row2>
					<row3>	-0.0966 0.4941 5.3007 1.0000	</row3>
				</transform>
			</node>
			<node>
				<identifier>	MP_CM109_Leadsman_Platform	</identifier>
				<transform>
					<row0>	-0.9523 0.1708 0.2527 0.0000	</row0>
					<row1>	0.1509 0.9838 -0.0963 0.0000	</row1>
					<row2>	-0.2651 -0.0536 -0.9627 0.0000	</row2>
					<row3>	-0.2415 0.6451 8.4274 1.0000	</row3>
				</transform>
			</node>
			<node>
				<identifier>	MP_CM109_Leadsman_Platform_INDEX_1	</identifier>
				<transform>
					<row0>	0.9523 0.1708 0.2527 0.0000	</row0>
					<row1>	-0.1509 0.9838 -0.0963 0.0000	</row1>
					<row2>	-0.2651 0.0536 0.9627 0.0000	</row2>
					<row3>	0.2415 0.6451 8.4274 1.0000	</row3>
				</transform>
			</node>
			<node>
				<identifier>	MP_FM005_Bench	</identifier>
				<transform>
					<row0>	-0.6937 0.0327 0.5724 0.0000	</row0>
					<row1>	-0.0001 0.8985 -0.0515 0.0000	</row1>
					<row2>	-0.5734 -0.0398 -0.6926 0.0000	</row2>
					<row3>	0.2428 0.5004 5.9567 1.0000	</row3>
				</transform>
			</node>
			<node>
				<identifier>	MP_FM005_Bench_INDEX_1	</identifier>
				<transform>
					<row0>	-0.6937 -0.0327 -0.5724 0.0000	</row0>
					<row1>	0.0001 0.8985 -0.0515 0.0000	</row1>
					<row2>	0.5734 -0.0398 -0.6926 0.0000	</row2>
					<row3>	-0.2428 0.5004 5.9567 1.0000	</row3>
				</transform>
			</node>
			<node>
				<identifier>	SP_YMS001_YHBM_M_1	</identifier>
				<transform>
					<row0>	1.3070 0.0000 0.0000 0.0000	</row0>
					<row1>	0.0000 1.3070 0.0000 0.0000	</row1>
					<row2>	0.0000 0.0000 1.3070 0.0000	</row2>
					<row3>	0.0000 0.6746 9.1710 1.0000	</row3>
				</transform>
			</node>
			<node>
				<identifier>	SP_YMS002_YHBL_M_1	</identifier>
				<transform>
					<row0>	1.4259 0.0000 -0.1248 0.0000	</row0>
					<row1>	-0.0067 1.4293 -0.0760 0.0000	</row1>
					<row2>	0.1246 0.0763 1.4239 0.0000	</row2>
					<row3>	0.0000 0.6746 9.1710 1.0000	</row3>
				</transform>
			</node>
			<node>
				<identifier>	SP_YMS003_YHBR_M_1	</identifier>
				<transform>
					<row0>	1.4259 0.0000 0.1248 0.0000	</row0>
					<row1>	0.0067 1.4293 -0.0760 0.0000	</row1>
					<row2>	-0.1246 0.0763 1.4239 0.0000	</row2>
					<row3>	0.0000 0.6746 9.1710 1.0000	</row3>
				</transform>
			</node>
			<node>
				<identifier>	SP_YMS004_YHXL_L_1	</identifier>
				<transform>
					<row0>	1.0447 0.4536 -0.2887 0.0000	</row0>
					<row1>	-0.4114 1.0806 0.2091 0.0000	</row1>
					<row2>	0.3462 -0.0849 1.1196 0.0000	</row2>
					<row3>	-0.1974 0.4889 8.4392 1.0000	</row3>
				</transform>
			</node>
			<node>
				<identifier>	SP_YMS005_YHXR_L_1	</identifier>
				<transform>
					<row0>	1.0447 -0.4536 0.2887 0.0000	</row0>
					<row1>	0.4114 1.0806 0.2091 0.0000	</row1>
					<row2>	-0.3462 -0.0849 1.1196 0.0000	</row2>
					<row3>	0.1974 0.4889 8.4392 1.0000	</row3>
				</transform>
			</node>
			<node>
				<identifier>	SP_YMS010_YHWM_L_1	</identifier>
				<transform>
					<row0>	0.8810 0.0000 0.0000 0.0000	</row0>
					<row1>	0.0000 0.8810 0.0000 0.0000	</row1>
					<row2>	0.0000 0.0000 0.8810 0.0000	</row2>
					<row3>	0.0000 0.0000 9.0042 1.0000	</row3>
				</transform>
			</node>
			<node>
				<identifier>	SP_YMS011_YHWL_M_1	</identifier>
				<transform>
					<row0>	0.9811 0.0000 -0.1934 0.0000	</row0>
					<row1>	0.0000 1.0000 0.0000 0.0000	</row1>
					<row2>	0.1934 0.0000 0.9811 0.0000	</row2>
					<row3>	-0.2481 0.0000 7.4920 1.0000	</row3>
				</transform>
			</node>
			<node>
				<identifier>	SP_YMS011_YHWL_M_1_INDEX_1	</identifier>
				<transform>
					<row0>	0.9773 0.0000 -0.2117 0.0000	</row0>
					<row1>	0.0000 1.0000 0.0000 0.0000	</row1>
					<row2>	0.2117 0.0000 0.9773 0.0000	</row2>
					<row3>	-0.4016 0.0000 6.6675 1.0000	</row3>
				</transform>
			</node>
			<node>
				<identifier>	SP_YMS011_YHWL_M_1_INDEX_2	</identifier>
				<transform>
					<row0>	0.9753 0.0000 -0.2209 0.0000	</row0>
					<row1>	0.0000 1.0000 0.0000 0.0000	</row1>
					<row2>	0.2209 0.0000 0.9753 0.0000	</row2>
					<row3>	-0.5604 0.0000 5.8464 1.0000	</row3>
				</transform>
			</node>
			<node>
				<identifier>	SP_YMS011_YHWL_M_1_INDEX_3	</identifier>
				<transform>
					<row0>	0.9791 0.0000 -0.2036 0.0000	</row0>
					<row1>	0.0000 1.0000 0.0000 0.0000	</row1>
					<row2>	0.2036 0.0000 0.9791 0.0000	</row2>
					<row3>	-0.7222 0.0000 5.0264 1.0000	</row3>
				</transform>
			</node>
			<node>
				<identifier>	SP_YMS012_YHWR_M_1	</identifier>
				<transform>
					<row0>	0.9811 0.0000 0.1934 0.0000	</row0>
					<row1>	0.0000 1.0000 0.0000 0.0000	</row1>
					<row2>	-0.1934 0.0000 0.9811 0.0000	</row2>
					<row3>	0.2481 0.0000 7.4920 1.0000	</row3>
				</transform>
			</node>
			<node>
				<identifier>	SP_YMS012_YHWR_M_1_INDEX_1	</identifier>
				<transform>
					<row0>	0.9773 0.0000 0.2117 0.0000	</row0>
					<row1>	0.0000 1.0000 0.0000 0.0000	</row1>
					<row2>	-0.2117 0.0000 0.9773 0.0000	</row2>
					<row3>	0.4016 0.0000 6.6675 1.0000	</row3>
				</transform>
			</node>
			<node>
				<identifier>	SP_YMS012_YHWR_M_1_INDEX_2	</identifier>
				<transform>
					<row0>	0.9753 0.0000 0.2209 0.0000	</row0>
					<row1>	0.0000 1.0000 0.0000 0.0000	</row1>
					<row2>	-0.2209 0.0000 0.9753 0.0000	</row2>
					<row3>	0.5604 0.0000 5.8464 1.0000	</row3>
				</transform>
			</node>
			<node>
				<identifier>	SP_YMS012_YHWR_M_1_INDEX_3	</identifier>
				<transform>
					<row0>	0.9791 0.0000 0.2036 0.0000	</row0>
					<row1>	0.0000 1.0000 0.0000 0.0000	</row1>
					<row2>	-0.2036 0.0000 0.9791 0.0000	</row2>
					<row3>	0.7222 0.0000 5.0264 1.0000	</row3>
				</transform>
			</node>
			<node>
				<identifier>	SP_YMS020_YHBU_M_1	</identifier>
				<transform>
					<row0>	1.7920 0.0000 0.0000 0.0000	</row0>
					<row1>	0.0000 1.7894 0.0960 0.0000	</row1>
					<row2>	0.0000 -0.0960 1.7894 0.0000	</row2>
					<row3>	0.0000 0.0352 8.7445 1.0000	</row3>
				</transform>
			</node>
			<node>
				<identifier>	SP_YMS022_YHUS_L_1	</identifier>
				<transform>
					<row0>	-0.2244 0.0000 -1.2844 0.0000	</row0>
					<row1>	-0.2486 1.2792 0.0434 0.0000	</row1>
					<row2>	1.2601 0.2524 -0.2202 0.0000	</row2>
					<row3>	-0.6913 -0.4766 4.5158 1.0000	</row3>
				</transform>
			</node>
			<node>
				<identifier>	SP_YMS022_YHUS_L_1_INDEX_1	</identifier>
				<transform>
					<row0>	-0.2244 0.0000 1.2844 0.0000	</row0>
					<row1>	0.2486 1.2792 0.0434 0.0000	</row1>
					<row2>	-1.2601 0.2524 -0.2202 0.0000	</row2>
					<row3>	0.6913 -0.4766 4.5158 1.0000	</row3>
				</transform>
			</node>
			<node>
				<identifier>	SP_YMS051_YHDL_L_1	</identifier>
				<transform>
					<row0>	0.7706 0.0003 -0.0823 0.0000	</row0>
					<row1>	-0.0023 0.7748 -0.0190 0.0000	</row1>
					<row2>	0.0822 0.0191 0.7704 0.0000	</row2>
					<row3>	-0.8851 0.4564 5.0493 1.0000	</row3>
				</transform>
			</node>
			<node>
				<identifier>	SP_YMS052_YHDR_L_1	</identifier>
				<transform>
					<row0>	0.7706 -0.0003 0.0823 0.0000	</row0>
					<row1>	0.0023 0.7748 -0.0190 0.0000	</row1>
					<row2>	-0.0822 0.0191 0.7704 0.0000	</row2>
					<row3>	0.8851 0.4564 5.0493 1.0000	</row3>
				</transform>
			</node>
			<node>
				<identifier>	SP_YMS053_YHDC_S_1	</identifier>
				<transform>
					<row0>	1.0000 0.0000 0.0000 0.0000	</row0>
					<row1>	0.0000 0.9977 -0.0684 0.0000	</row1>
					<row2>	0.0000 0.0684 0.9977 0.0000	</row2>
					<row3>	0.0000 0.5919 7.5511 1.0000	</row3>
				</transform>
			</node>
			<node>
				<identifier>	SP_YMS053_YHDC_S_1_INDEX_1	</identifier>
				<transform>
					<row0>	1.0000 0.0000 0.0000 0.0000	</row0>
					<row1>	0.0000 0.9982 -0.0601 0.0000	</row1>
					<row2>	0.0000 0.0601 0.9982 0.0000	</row2>
					<row3>	-0.4569 0.5412 6.6986 1.0000	</row3>
				</transform>
			</node>
			<node>
				<identifier>	SP_YMS053_YHDC_S_1_INDEX_2	</identifier>
				<transform>
					<row0>	1.0000 0.0000 0.0000 0.0000	</row0>
					<row1>	0.0000 0.9982 -0.0601 0.0000	</row1>
					<row2>	0.0000 0.0601 0.9982 0.0000	</row2>
					<row3>	0.4569 0.5412 6.6986 1.0000	</row3>
				</transform>
			</node>
			<node>
				<identifier>	SP_YMS071_YHHC_S_1	</identifier>
				<transform>
					<row0>	-0.5465 1.2584 -0.0071 0.0000	</row0>
					<row1>	-1.2359 -0.5353 0.2617 0.0000	</row1>
					<row2>	0.2373 0.1107 1.3468 0.0000	</row2>
					<row3>	-0.3784 0.2745 7.2413 1.0000	</row3>
				</transform>
			</node>
			<node>
				<identifier>	SP_YMS071_YHHC_S_1_INDEX_1	</identifier>
				<transform>
					<row0>	-0.5465 -1.2584 0.0071 0.0000	</row0>
					<row1>	1.2359 -0.5353 0.2617 0.0000	</row1>
					<row2>	-0.2373 0.1107 1.3468 0.0000	</row2>
					<row3>	0.3784 0.2745 7.2413 1.0000	</row3>
				</transform>
			</node>
			<node>
				<identifier>	SP_YMS080_YHSL_M_1	</identifier>
				<transform>
					<row0>	1.1127 0.5676 -0.2055 0.0000	</row0>
					<row1>	-0.5582 1.1315 0.1031 0.0000	</row1>
					<row2>	0.2299 0.0000 1.2448 0.0000	</row2>
					<row3>	-0.5027 0.3131 6.5836 1.0000	</row3>
				</transform>
			</node>
			<node>
				<identifier>	SP_YMS080_YHSL_M_1_INDEX_1	</identifier>
				<transform>
					<row0>	0.8782 0.4412 -0.0880 0.0000	</row0>
					<row1>	-0.4351 0.8820 0.0804 0.0000	</row1>
					<row2>	0.1146 -0.0327 0.9795 0.0000	</row2>
					<row3>	-0.7372 0.2757 5.0996 1.0000	</row3>
				</transform>
			</node>
			<node>
				<identifier>	SP_YMS081_YHSR_M_1	</identifier>
				<transform>
					<row0>	1.1127 -0.5676 0.2055 0.0000	</row0>
					<row1>	0.5582 1.1315 0.1031 0.0000	</row1>
					<row2>	-0.2299 0.0000 1.2448 0.0000	</row2>
					<row3>	0.5027 0.3131 6.5836 1.0000	</row3>
				</transform>
			</node>
			<node>
				<identifier>	SP_YMS081_YHSR_M_1_INDEX_1	</identifier>
				<transform>
					<row0>	0.8782 -0.4412 0.0880 0.0000	</row0>
					<row1>	0.4351 0.8820 0.0804 0.0000	</row1>
					<row2>	-0.1146 -0.0327 0.9795 0.0000	</row2>
					<row3>	0.7372 0.2757 5.0996 1.0000	</row3>
				</transform>
			</node>
		</node>
	</node>
	<boundingBox>
		<min>	-0.0667 -0.0667 -0.0667	</min>
		<max>	0.0667 0.0667 0.0667	</max>
	</boundingBox>
</BSB009_Conqueror_1949_Bow_ports.visual>
