<ASC003_Albany_1898_MidFront_ports.visual>
	<node>
		<identifier>	Scene Root	</identifier>
		<transform>
			<row0>	1.0000 0.0000 0.0000 0.0000	</row0>
			<row1>	0.0000 1.0000 0.0000 0.0000	</row1>
			<row2>	0.0000 0.0000 1.0000 0.0000	</row2>
			<row3>	0.0000 0.0000 0.0000 1.0000	</row3>
		</transform>
		<node>
			<identifier>	MidFront_ports	</identifier>
			<transform>
				<row0>	1.0000 0.0000 0.0000 0.0000	</row0>
				<row1>	0.0000 1.0000 0.0000 0.0000	</row1>
				<row2>	0.0000 0.0000 1.0000 0.0000	</row2>
				<row3>	0.0000 0.0000 0.0000 1.0000	</row3>
			</transform>
			<node>
				<identifier>	HP_AGA_1	</identifier>
				<transform>
					<row0>	0.0000 0.0000 1.0000 0.0000	</row0>
					<row1>	0.0000 1.0000 0.0000 0.0000	</row1>
					<row2>	-1.0000 0.0000 0.0000 0.0000	</row2>
					<row3>	-0.0930 0.9214 1.6917 1.0000	</row3>
				</transform>
			</node>
			<node>
				<identifier>	HP_AGA_2	</identifier>
				<transform>
					<row0>	0.0000 0.0000 -1.0000 0.0000	</row0>
					<row1>	0.0000 1.0000 0.0000 0.0000	</row1>
					<row2>	1.0000 0.0000 0.0000 0.0000	</row2>
					<row3>	0.0929 0.9214 1.6917 1.0000	</row3>
				</transform>
			</node>
			<node>
				<identifier>	HP_AGM_2	</identifier>
				<transform>
					<row0>	0.9784 0.0000 0.2068 0.0000	</row0>
					<row1>	0.0000 1.0000 0.0000 0.0000	</row1>
					<row2>	-0.2068 0.0000 0.9784 0.0000	</row2>
					<row3>	-0.3223 0.1867 1.3721 1.0000	</row3>
				</transform>
			</node>
			<node>
				<identifier>	HP_AGM_3	</identifier>
				<transform>
					<row0>	0.9784 0.0000 -0.2068 0.0000	</row0>
					<row1>	0.0000 1.0000 0.0000 0.0000	</row1>
					<row2>	0.2068 0.0000 0.9784 0.0000	</row2>
					<row3>	0.3223 0.1867 1.3721 1.0000	</row3>
				</transform>
			</node>
			<node>
				<identifier>	HP_AGS_1	</identifier>
				<transform>
					<row0>	0.0000 0.0000 1.0000 0.0000	</row0>
					<row1>	0.0000 1.0000 0.0000 0.0000	</row1>
					<row2>	-1.0000 0.0000 0.0000 0.0000	</row2>
					<row3>	-0.3533 0.1860 0.4762 1.0000	</row3>
				</transform>
			</node>
			<node>
				<identifier>	HP_AGS_2	</identifier>
				<transform>
					<row0>	0.0000 0.0000 -1.0000 0.0000	</row0>
					<row1>	0.0000 1.0000 0.0000 0.0000	</row1>
					<row2>	1.0000 0.0000 0.0000 0.0000	</row2>
					<row3>	0.3533 0.1860 0.4762 1.0000	</row3>
				</transform>
			</node>
			<node>
				<identifier>	HP_FX_Death_1	</identifier>
				<transform>
					<row0>	1.0000 0.0000 0.0000 0.0000	</row0>
					<row1>	0.0000 1.0000 0.0000 0.0000	</row1>
					<row2>	0.0000 0.0000 1.0000 0.0000	</row2>
					<row3>	0.0000 0.0000 1.9659 1.0000	</row3>
				</transform>
			</node>
			<node>
				<identifier>	HP_FX_Death_2	</identifier>
				<transform>
					<row0>	1.0000 0.0000 0.0000 0.0000	</row0>
					<row1>	0.0000 1.0000 0.0000 0.0000	</row1>
					<row2>	0.0000 0.0000 1.0000 0.0000	</row2>
					<row3>	0.0000 0.0000 0.4688 1.0000	</row3>
				</transform>
			</node>
			<node>
				<identifier>	HP_FX_Fire_2	</identifier>
				<transform>
					<row0>	1.0000 0.0000 0.0000 0.0000	</row0>
					<row1>	0.0000 1.0000 0.0000 0.0000	</row1>
					<row2>	0.0000 0.0000 1.0000 0.0000	</row2>
					<row3>	0.0000 0.2361 1.3732 1.0000	</row3>
				</transform>
			</node>
			<node>
				<identifier>	HP_FX_Fire_2_side_1	</identifier>
				<transform>
					<row0>	1.0000 0.0000 0.0000 0.0000	</row0>
					<row1>	0.0000 1.0000 0.0000 0.0000	</row1>
					<row2>	0.0000 0.0000 1.0000 0.0000	</row2>
					<row3>	-0.2746 0.3997 0.8639 1.0000	</row3>
				</transform>
			</node>
			<node>
				<identifier>	HP_FX_FloodLight_left_1	</identifier>
				<transform>
					<row0>	-1.0000 0.0000 0.0000 0.0000	</row0>
					<row1>	0.0000 1.0000 0.0000 0.0000	</row1>
					<row2>	0.0000 0.0000 -1.0000 0.0000	</row2>
					<row3>	-0.1149 0.4378 1.7031 1.0000	</row3>
				</transform>
			</node>
			<node>
				<identifier>	HP_FX_FloodLight_right_2	</identifier>
				<transform>
					<row0>	1.0000 0.0000 0.0000 0.0000	</row0>
					<row1>	0.0000 1.0000 0.0000 0.0000	</row1>
					<row2>	0.0000 0.0000 1.0000 0.0000	</row2>
					<row3>	0.1149 0.4548 1.7261 1.0000	</row3>
				</transform>
			</node>
			<node>
				<identifier>	HP_FX_Flood_steam_1	</identifier>
				<transform>
					<row0>	1.0000 0.0000 0.0000 0.0000	</row0>
					<row1>	0.0000 0.8496 0.5275 0.0000	</row1>
					<row2>	0.0000 -0.5275 0.8496 0.0000	</row2>
					<row3>	0.0000 0.9834 0.9564 1.0000	</row3>
				</transform>
			</node>
			<node>
				<identifier>	HP_FX_Flood_water_left_2	</identifier>
				<transform>
					<row0>	-1.0000 0.0000 0.0000 0.0000	</row0>
					<row1>	0.0000 1.0000 0.0000 0.0000	</row1>
					<row2>	0.0000 0.0000 -1.0000 0.0000	</row2>
					<row3>	-0.4338 0.0380 1.1334 1.0000	</row3>
				</transform>
			</node>
			<node>
				<identifier>	HP_FX_Flood_water_right_2	</identifier>
				<transform>
					<row0>	1.0000 0.0000 0.0000 0.0000	</row0>
					<row1>	0.0000 1.0000 0.0000 0.0000	</row1>
					<row2>	0.0000 0.0000 1.0000 0.0000	</row2>
					<row3>	0.4310 0.0462 1.1340 1.0000	</row3>
				</transform>
			</node>
			<node>
				<identifier>	HP_FX_Smoke_1	</identifier>
				<transform>
					<row0>	1.0000 0.0000 0.0000 0.0000	</row0>
					<row1>	0.0000 1.0000 0.0000 0.0000	</row1>
					<row2>	0.0000 0.0000 1.0000 0.0000	</row2>
					<row3>	0.0000 1.0360 0.8448 1.0000	</row3>
				</transform>
			</node>
			<node>
				<identifier>	HP_Flagpole	</identifier>
				<transform>
					<row0>	0.9500 0.0000 0.3121 0.0000	</row0>
					<row1>	0.0000 1.0000 0.0000 0.0000	</row1>
					<row2>	-0.3121 0.0000 0.9500 0.0000	</row2>
					<row3>	0.0049 1.9451 1.5822 1.0000	</row3>
				</transform>
			</node>
			<node>
				<identifier>	HP_Ship_death_2	</identifier>
				<transform>
					<row0>	1.0000 0.0000 0.0000 0.0000	</row0>
					<row1>	0.0000 1.0000 0.0000 0.0000	</row1>
					<row2>	0.0000 0.0000 1.0000 0.0000	</row2>
					<row3>	0.0000 0.0000 0.4921 1.0000	</row3>
				</transform>
			</node>
			<node>
				<identifier>	HP_flag_1	</identifier>
				<transform>
					<row0>	0.9995 0.0303 -0.0032 0.0000	</row0>
					<row1>	-0.0303 0.9782 -0.2057 0.0000	</row1>
					<row2>	-0.0032 0.2057 0.9786 0.0000	</row2>
					<row3>	0.2635 1.4290 1.6222 1.0000	</row3>
				</transform>
			</node>
			<node>
				<identifier>	HP_flag_2	</identifier>
				<transform>
					<row0>	0.9995 -0.0303 0.0032 0.0000	</row0>
					<row1>	0.0303 0.9782 -0.2057 0.0000	</row1>
					<row2>	0.0032 0.2057 0.9786 0.0000	</row2>
					<row3>	-0.2636 1.4290 1.6222 1.0000	</row3>
				</transform>
			</node>
			<node>
				<identifier>	HP_flag_3	</identifier>
				<transform>
					<row0>	1.0000 0.0056 -0.0006 0.0000	</row0>
					<row1>	-0.0056 0.9785 -0.2062 0.0000	</row1>
					<row2>	-0.0006 0.2062 0.9785 0.0000	</row2>
					<row3>	0.2142 1.4289 1.6223 1.0000	</row3>
				</transform>
			</node>
			<node>
				<identifier>	HP_flag_4	</identifier>
				<transform>
					<row0>	1.0000 -0.0056 0.0006 0.0000	</row0>
					<row1>	0.0056 0.9785 -0.2062 0.0000	</row1>
					<row2>	0.0006 0.2062 0.9785 0.0000	</row2>
					<row3>	-0.2132 1.4288 1.6232 1.0000	</row3>
				</transform>
			</node>
			<node>
				<identifier>	MP_AM270_Compass_Binnacle	</identifier>
				<transform>
					<row0>	0.6613 0.0000 0.0000 0.0000	</row0>
					<row1>	0.0000 0.6613 0.0000 0.0000	</row1>
					<row2>	0.0000 0.0000 0.6613 0.0000	</row2>
					<row3>	0.0000 0.6557 1.9362 1.0000	</row3>
				</transform>
			</node>
			<node>
				<identifier>	MP_AM274_Turning_Indicator	</identifier>
				<transform>
					<row0>	1.0000 0.0000 0.0000 0.0000	</row0>
					<row1>	0.0000 1.0000 0.0000 0.0000	</row1>
					<row2>	0.0000 0.0000 1.0000 0.0000	</row2>
					<row3>	-0.0185 0.5211 1.9605 1.0000	</row3>
				</transform>
			</node>
			<node>
				<identifier>	MP_AM275_Voice_Tube	</identifier>
				<transform>
					<row0>	0.0000 0.0000 0.9000 0.0000	</row0>
					<row1>	0.0000 0.9000 0.0000 0.0000	</row1>
					<row2>	-0.9000 0.0000 0.0000 0.0000	</row2>
					<row3>	-0.0805 0.5231 1.9062 1.0000	</row3>
				</transform>
			</node>
			<node>
				<identifier>	MP_AM275_Voice_Tube_INDEX_1	</identifier>
				<transform>
					<row0>	0.0000 0.0000 0.9000 0.0000	</row0>
					<row1>	0.0000 0.9000 0.0000 0.0000	</row1>
					<row2>	-0.9000 0.0000 0.0000 0.0000	</row2>
					<row3>	-0.0805 0.5231 1.9166 1.0000	</row3>
				</transform>
			</node>
			<node>
				<identifier>	MP_AM344_Running_Lights_R	</identifier>
				<transform>
					<row0>	1.0000 0.0000 0.0000 0.0000	</row0>
					<row1>	0.0000 1.0000 0.0000 0.0000	</row1>
					<row2>	0.0000 0.0000 1.0000 0.0000	</row2>
					<row3>	0.3380 0.5235 1.8577 1.0000	</row3>
				</transform>
			</node>
			<node>
				<identifier>	MP_AM345_Runnng_Lights_L	</identifier>
				<transform>
					<row0>	1.0000 0.0000 0.0000 0.0000	</row0>
					<row1>	0.0000 1.0000 0.0000 0.0000	</row1>
					<row2>	0.0000 0.0000 1.0000 0.0000	</row2>
					<row3>	-0.3380 0.5235 1.8577 1.0000	</row3>
				</transform>
			</node>
			<node>
				<identifier>	MP_AM365_Ventilators	</identifier>
				<transform>
					<row0>	1.0000 0.0000 0.0000 0.0000	</row0>
					<row1>	0.0000 1.0000 0.0000 0.0000	</row1>
					<row2>	0.0000 0.0000 1.0000 0.0000	</row2>
					<row3>	0.0000 0.2076 1.0816 1.0000	</row3>
				</transform>
			</node>
			<node>
				<identifier>	MP_AM366_Ventilators	</identifier>
				<transform>
					<row0>	1.0000 0.0000 0.0000 0.0000	</row0>
					<row1>	0.0000 1.0000 0.0000 0.0000	</row1>
					<row2>	0.0000 0.0000 1.0000 0.0000	</row2>
					<row3>	0.0000 0.2703 2.0062 1.0000	</row3>
				</transform>
			</node>
			<node>
				<identifier>	MP_AM369_Ammunition_Box	</identifier>
				<transform>
					<row0>	0.0000 0.0000 -1.0000 0.0000	</row0>
					<row1>	0.0000 1.0000 0.0000 0.0000	</row1>
					<row2>	1.0000 0.0000 0.0000 0.0000	</row2>
					<row3>	-0.0395 0.3453 1.9898 1.0000	</row3>
				</transform>
			</node>
			<node>
				<identifier>	MP_AM369_Ammunition_Box_INDEX_1	</identifier>
				<transform>
					<row0>	0.4559 0.0000 -0.8900 0.0000	</row0>
					<row1>	0.0000 1.0000 0.0000 0.0000	</row1>
					<row2>	0.8900 0.0000 0.4559 0.0000	</row2>
					<row3>	-0.0806 0.3453 1.9797 1.0000	</row3>
				</transform>
			</node>
			<node>
				<identifier>	MP_AM369_Ammunition_Box_INDEX_2	</identifier>
				<transform>
					<row0>	0.0000 0.0000 1.0000 0.0000	</row0>
					<row1>	0.0000 1.0000 0.0000 0.0000	</row1>
					<row2>	-1.0000 0.0000 0.0000 0.0000	</row2>
					<row3>	0.0031 0.8820 1.7513 1.0000	</row3>
				</transform>
			</node>
			<node>
				<identifier>	MP_AM369_Ammunition_Box_INDEX_3	</identifier>
				<transform>
					<row0>	-0.2254 0.0000 0.9743 0.0000	</row0>
					<row1>	0.0000 1.0000 0.0000 0.0000	</row1>
					<row2>	-0.9743 0.0000 -0.2254 0.0000	</row2>
					<row3>	0.0165 0.6724 1.5426 1.0000	</row3>
				</transform>
			</node>
			<node>
				<identifier>	MP_AM371_Searchlight	</identifier>
				<transform>
					<row0>	1.0000 0.0000 0.0000 0.0000	</row0>
					<row1>	0.0000 1.0000 0.0000 0.0000	</row1>
					<row2>	0.0000 0.0000 1.0000 0.0000	</row2>
					<row3>	-0.1972 0.5219 1.8569 1.0000	</row3>
				</transform>
			</node>
			<node>
				<identifier>	MP_AM371_Searchlight_INDEX_1	</identifier>
				<transform>
					<row0>	1.0000 0.0000 0.0000 0.0000	</row0>
					<row1>	0.0000 1.0000 0.0000 0.0000	</row1>
					<row2>	0.0000 0.0000 1.0000 0.0000	</row2>
					<row3>	0.1972 0.5219 1.8569 1.0000	</row3>
				</transform>
			</node>
			<node>
				<identifier>	MP_AM371_Searchlight_INDEX_2	</identifier>
				<transform>
					<row0>	1.0000 0.0000 0.0000 0.0000	</row0>
					<row1>	0.0000 1.0000 0.0000 0.0000	</row1>
					<row2>	0.0000 0.0000 1.0000 0.0000	</row2>
					<row3>	0.0000 1.1774 1.6992 1.0000	</row3>
				</transform>
			</node>
			<node>
				<identifier>	MP_AM385_Reels	</identifier>
				<transform>
					<row0>	1.0000 0.0000 0.0000 0.0000	</row0>
					<row1>	0.0000 1.0000 0.0000 0.0000	</row1>
					<row2>	0.0000 0.0000 1.0000 0.0000	</row2>
					<row3>	0.0000 0.3506 1.2425 1.0000	</row3>
				</transform>
			</node>
			<node>
				<identifier>	MP_AM389_Whaleboat_26ft	</identifier>
				<transform>
					<row0>	0.9997 0.0000 -0.0262 0.0000	</row0>
					<row1>	0.0000 1.0000 0.0000 0.0000	</row1>
					<row2>	0.0262 0.0000 0.9997 0.0000	</row2>
					<row3>	-0.2655 0.3431 0.9254 1.0000	</row3>
				</transform>
			</node>
			<node>
				<identifier>	MP_AM389_Whaleboat_26ft_INDEX_1	</identifier>
				<transform>
					<row0>	0.9996 0.0000 0.0297 0.0000	</row0>
					<row1>	0.0000 1.0000 0.0000 0.0000	</row1>
					<row2>	-0.0297 0.0000 0.9996 0.0000	</row2>
					<row3>	0.2664 0.3431 0.9254 1.0000	</row3>
				</transform>
			</node>
			<node>
				<identifier>	MP_AM413_Hatch	</identifier>
				<transform>
					<row0>	1.0000 0.0000 0.0000 0.0000	</row0>
					<row1>	0.0000 1.0000 0.0000 0.0000	</row1>
					<row2>	0.0000 0.0000 1.0000 0.0000	</row2>
					<row3>	0.0000 0.3392 1.0077 1.0000	</row3>
				</transform>
			</node>
			<node>
				<identifier>	MP_AM466_Ventilation	</identifier>
				<transform>
					<row0>	1.0000 0.0000 0.0000 0.0000	</row0>
					<row1>	0.0000 1.0000 0.0000 0.0000	</row1>
					<row2>	0.0000 0.0000 1.0000 0.0000	</row2>
					<row3>	0.0814 0.3032 0.5030 1.0000	</row3>
				</transform>
			</node>
			<node>
				<identifier>	MP_AM466_Ventilation_INDEX_1	</identifier>
				<transform>
					<row0>	1.0000 0.0000 0.0000 0.0000	</row0>
					<row1>	0.0000 1.0000 0.0000 0.0000	</row1>
					<row2>	0.0000 0.0000 1.0000 0.0000	</row2>
					<row3>	-0.0814 0.3032 0.5030 1.0000	</row3>
				</transform>
			</node>
			<node>
				<identifier>	MP_AM466_Ventilation_INDEX_2	</identifier>
				<transform>
					<row0>	1.0000 0.0000 0.0000 0.0000	</row0>
					<row1>	0.0000 1.0000 0.0000 0.0000	</row1>
					<row2>	0.0000 0.0000 1.0000 0.0000	</row2>
					<row3>	0.0926 0.3333 1.1570 1.0000	</row3>
				</transform>
			</node>
			<node>
				<identifier>	MP_AM466_Ventilation_INDEX_3	</identifier>
				<transform>
					<row0>	1.0000 0.0000 0.0000 0.0000	</row0>
					<row1>	0.0000 1.0000 0.0000 0.0000	</row1>
					<row2>	0.0000 0.0000 1.0000 0.0000	</row2>
					<row3>	-0.0926 0.3333 1.1570 1.0000	</row3>
				</transform>
			</node>
			<node>
				<identifier>	MP_AM497_Fairlead	</identifier>
				<transform>
					<row0>	0.9956 0.0000 -0.0938 0.0000	</row0>
					<row1>	0.0000 1.0000 0.0000 0.0000	</row1>
					<row2>	0.0938 0.0000 0.9956 0.0000	</row2>
					<row3>	-0.3345 0.1884 1.9117 1.0000	</row3>
				</transform>
			</node>
			<node>
				<identifier>	MP_AM497_Fairlead_INDEX_1	</identifier>
				<transform>
					<row0>	0.9956 0.0000 0.0938 0.0000	</row0>
					<row1>	0.0000 1.0000 0.0000 0.0000	</row1>
					<row2>	-0.0938 0.0000 0.9956 0.0000	</row2>
					<row3>	0.3345 0.1884 1.9117 1.0000	</row3>
				</transform>
			</node>
			<node>
				<identifier>	MP_AM498_Bollard	</identifier>
				<transform>
					<row0>	0.9958 0.0000 0.0911 0.0000	</row0>
					<row1>	0.0000 1.0000 0.0000 0.0000	</row1>
					<row2>	-0.0911 0.0000 0.9958 0.0000	</row2>
					<row3>	0.3571 0.1852 1.5981 1.0000	</row3>
				</transform>
			</node>
			<node>
				<identifier>	MP_AM498_Bollard_INDEX_1	</identifier>
				<transform>
					<row0>	0.9958 0.0000 -0.0911 0.0000	</row0>
					<row1>	0.0000 1.0000 0.0000 0.0000	</row1>
					<row2>	0.0911 0.0000 0.9958 0.0000	</row2>
					<row3>	-0.3570 0.1852 1.5981 1.0000	</row3>
				</transform>
			</node>
			<node>
				<identifier>	MP_AM502_Signal_Lamp	</identifier>
				<transform>
					<row0>	0.8000 0.0000 0.0000 0.0000	</row0>
					<row1>	0.0000 0.8000 0.0000 0.0000	</row1>
					<row2>	0.0000 0.0000 0.8000 0.0000	</row2>
					<row3>	0.0000 2.0063 1.5966 1.0000	</row3>
				</transform>
			</node>
			<node>
				<identifier>	MP_AM560_Whaleboat_24ft	</identifier>
				<transform>
					<row0>	0.0000 0.0000 0.7000 0.0000	</row0>
					<row1>	0.0000 0.7000 0.0000 0.0000	</row1>
					<row2>	-0.7000 0.0000 0.0000 0.0000	</row2>
					<row3>	0.0000 0.3771 1.3188 1.0000	</row3>
				</transform>
			</node>
			<node>
				<identifier>	MP_AM581_Ammunition_Box	</identifier>
				<transform>
					<row0>	1.0000 0.0000 0.0000 0.0000	</row0>
					<row1>	0.0000 1.0000 0.0000 0.0000	</row1>
					<row2>	0.0000 0.0000 1.0000 0.0000	</row2>
					<row3>	0.2372 0.3422 1.8561 1.0000	</row3>
				</transform>
			</node>
			<node>
				<identifier>	MP_AM581_Ammunition_Box_INDEX_1	</identifier>
				<transform>
					<row0>	1.0000 0.0000 0.0000 0.0000	</row0>
					<row1>	0.0000 1.0000 0.0000 0.0000	</row1>
					<row2>	0.0000 0.0000 1.0000 0.0000	</row2>
					<row3>	-0.2371 0.3422 1.8561 1.0000	</row3>
				</transform>
			</node>
			<node>
				<identifier>	MP_AM615_6pdr_Mk1	</identifier>
				<transform>
					<row0>	0.0229 -0.0180 -0.9996 0.0000	</row0>
					<row1>	0.0000 0.9998 -0.0180 0.0000	</row1>
					<row2>	0.9997 0.0004 0.0229 0.0000	</row2>
					<row3>	0.2655 0.3455 1.7086 1.0000	</row3>
				</transform>
			</node>
			<node>
				<identifier>	MP_AM615_6pdr_Mk1_INDEX_1	</identifier>
				<transform>
					<row0>	0.0281 0.0161 0.9995 0.0000	</row0>
					<row1>	0.0000 0.9999 -0.0161 0.0000	</row1>
					<row2>	-0.9996 0.0005 0.0281 0.0000	</row2>
					<row3>	-0.2653 0.3455 1.7086 1.0000	</row3>
				</transform>
			</node>
			<node>
				<identifier>	MP_AM616_1pdr_Mk1	</identifier>
				<transform>
					<row0>	0.0000 0.0000 -1.0000 0.0000	</row0>
					<row1>	0.0000 1.0000 0.0000 0.0000	</row1>
					<row2>	1.0000 0.0000 0.0000 0.0000	</row2>
					<row3>	0.0922 0.6731 1.6808 1.0000	</row3>
				</transform>
			</node>
			<node>
				<identifier>	MP_AM616_1pdr_Mk1_INDEX_1	</identifier>
				<transform>
					<row0>	0.0000 0.0000 1.0000 0.0000	</row0>
					<row1>	0.0000 1.0000 0.0000 0.0000	</row1>
					<row2>	-1.0000 0.0000 0.0000 0.0000	</row2>
					<row3>	-0.0922 0.6731 1.6808 1.0000	</row3>
				</transform>
			</node>
			<node>
				<identifier>	MP_CM011_Fire_Fighting_Gear	</identifier>
				<transform>
					<row0>	1.0000 0.0000 0.0000 0.0000	</row0>
					<row1>	0.0000 1.0000 0.0000 0.0000	</row1>
					<row2>	0.0000 0.0000 1.0000 0.0000	</row2>
					<row3>	0.2180 0.1860 1.5257 1.0000	</row3>
				</transform>
			</node>
			<node>
				<identifier>	MP_CM011_Fire_Fighting_Gear_INDEX_1	</identifier>
				<transform>
					<row0>	1.0000 0.0000 0.0000 0.0000	</row0>
					<row1>	0.0000 1.0000 0.0000 0.0000	</row1>
					<row2>	0.0000 0.0000 1.0000 0.0000	</row2>
					<row3>	-0.2179 0.1860 1.5257 1.0000	</row3>
				</transform>
			</node>
			<node>
				<identifier>	MP_CM013_Fire_Hose_Rack_2	</identifier>
				<transform>
					<row0>	0.0000 0.0000 1.0000 0.0000	</row0>
					<row1>	0.0000 1.0000 0.0000 0.0000	</row1>
					<row2>	-1.0000 0.0000 0.0000 0.0000	</row2>
					<row3>	-0.2213 0.2629 1.5598 1.0000	</row3>
				</transform>
			</node>
			<node>
				<identifier>	MP_CM013_Fire_Hose_Rack_2_INDEX_1	</identifier>
				<transform>
					<row0>	0.0000 0.0000 1.0000 0.0000	</row0>
					<row1>	0.0000 1.0000 0.0000 0.0000	</row1>
					<row2>	-1.0000 0.0000 0.0000 0.0000	</row2>
					<row3>	0.2214 0.2629 1.5598 1.0000	</row3>
				</transform>
			</node>
			<node>
				<identifier>	MP_CM015_Bundle_1	</identifier>
				<transform>
					<row0>	1.0000 0.0000 0.0000 0.0000	</row0>
					<row1>	0.0000 1.0000 0.0000 0.0000	</row1>
					<row2>	0.0000 0.0000 1.0000 0.0000	</row2>
					<row3>	0.3680 0.2766 0.9474 1.0000	</row3>
				</transform>
			</node>
			<node>
				<identifier>	MP_CM015_Bundle_1_INDEX_1	</identifier>
				<transform>
					<row0>	1.0000 0.0000 0.0000 0.0000	</row0>
					<row1>	0.0000 0.9984 0.0563 0.0000	</row1>
					<row2>	0.0000 -0.0563 0.9984 0.0000	</row2>
					<row3>	0.2659 0.3766 0.7396 1.0000	</row3>
				</transform>
			</node>
			<node>
				<identifier>	MP_CM019_Wood_Box_2	</identifier>
				<transform>
					<row0>	0.9995 0.0000 0.0322 0.0000	</row0>
					<row1>	0.0000 1.0000 0.0000 0.0000	</row1>
					<row2>	-0.0322 0.0000 0.9995 0.0000	</row2>
					<row3>	0.1135 0.3390 0.9070 1.0000	</row3>
				</transform>
			</node>
			<node>
				<identifier>	MP_CM019_Wood_Box_2_INDEX_1	</identifier>
				<transform>
					<row0>	0.9939 0.0000 0.1102 0.0000	</row0>
					<row1>	0.0000 1.0000 0.0000 0.0000	</row1>
					<row2>	-0.1102 0.0000 0.9939 0.0000	</row2>
					<row3>	0.1486 0.3390 0.9138 1.0000	</row3>
				</transform>
			</node>
			<node>
				<identifier>	MP_CM040_Steering_Wheel	</identifier>
				<transform>
					<row0>	1.0000 0.0000 0.0000 0.0000	</row0>
					<row1>	0.0000 1.0000 0.0000 0.0000	</row1>
					<row2>	0.0000 0.0000 1.0000 0.0000	</row2>
					<row3>	0.0142 0.5232 1.9405 1.0000	</row3>
				</transform>
			</node>
			<node>
				<identifier>	MP_CM053_Telegraph	</identifier>
				<transform>
					<row0>	0.6559 0.0000 0.7548 0.0000	</row0>
					<row1>	0.0000 1.0000 0.0000 0.0000	</row1>
					<row2>	-0.7548 0.0000 0.6559 0.0000	</row2>
					<row3>	-0.0570 0.5229 1.9361 1.0000	</row3>
				</transform>
			</node>
			<node>
				<identifier>	MP_CM056_Ships_bell	</identifier>
				<transform>
					<row0>	0.7541 0.0000 0.0000 0.0000	</row0>
					<row1>	0.0000 0.7541 0.0000 0.0000	</row1>
					<row2>	0.0000 0.0000 0.7541 0.0000	</row2>
					<row3>	0.0000 0.3439 1.2766 1.0000	</row3>
				</transform>
			</node>
			<node>
				<identifier>	MP_CM081_Life_Buoy	</identifier>
				<transform>
					<row0>	0.0000 0.0000 1.0000 0.0000	</row0>
					<row1>	0.0000 1.0000 0.0000 0.0000	</row1>
					<row2>	-1.0000 0.0000 0.0000 0.0000	</row2>
					<row3>	-0.3307 0.5912 1.8833 1.0000	</row3>
				</transform>
			</node>
			<node>
				<identifier>	MP_CM081_Life_Buoy_INDEX_1	</identifier>
				<transform>
					<row0>	0.0000 0.0000 -1.0000 0.0000	</row0>
					<row1>	0.0000 1.0000 0.0000 0.0000	</row1>
					<row2>	1.0000 0.0000 0.0000 0.0000	</row2>
					<row3>	0.3308 0.5912 1.8833 1.0000	</row3>
				</transform>
			</node>
			<node>
				<identifier>	MP_CM081_Life_Buoy_INDEX_2	</identifier>
				<transform>
					<row0>	1.0000 0.0000 0.0000 0.0000	</row0>
					<row1>	0.0000 1.0000 0.0000 0.0000	</row1>
					<row2>	0.0000 0.0000 1.0000 0.0000	</row2>
					<row3>	0.0653 0.5944 1.6537 1.0000	</row3>
				</transform>
			</node>
			<node>
				<identifier>	MP_CM083_Mast_Sailing	</identifier>
				<transform>
					<row0>	-0.8672 -0.0006 -0.0698 0.0000	</row0>
					<row1>	0.0000 0.8700 -0.0075 0.0000	</row1>
					<row2>	0.0698 -0.0075 -0.8672 0.0000	</row2>
					<row3>	-0.2448 0.3986 0.7017 1.0000	</row3>
				</transform>
			</node>
			<node>
				<identifier>	MP_CM083_Mast_Sailing_INDEX_1	</identifier>
				<transform>
					<row0>	0.8660 0.0221 -0.0815 0.0000	</row0>
					<row1>	-0.0230 0.8698 -0.0080 0.0000	</row1>
					<row2>	0.0813 0.0101 0.8663 0.0000	</row2>
					<row3>	0.2768 0.4027 1.0982 1.0000	</row3>
				</transform>
			</node>
			<node>
				<identifier>	MP_CM084_Oars	</identifier>
				<transform>
					<row0>	0.0000 0.0000 0.6791 0.0000	</row0>
					<row1>	0.0000 0.6791 0.0000 0.0000	</row1>
					<row2>	-0.6791 0.0000 0.0000 0.0000	</row2>
					<row3>	0.0000 0.3639 1.3188 1.0000	</row3>
				</transform>
			</node>
			<node>
				<identifier>	MP_CM084_Oars_INDEX_1	</identifier>
				<transform>
					<row0>	0.9996 0.0000 0.0265 0.0000	</row0>
					<row1>	-0.0005 0.9998 0.0206 0.0000	</row1>
					<row2>	-0.0265 -0.0206 0.9994 0.0000	</row2>
					<row3>	0.2777 0.3782 0.8972 1.0000	</row3>
				</transform>
			</node>
			<node>
				<identifier>	MP_CM084_Oars_INDEX_2	</identifier>
				<transform>
					<row0>	0.9909 -0.0029 -0.1345 0.0000	</row0>
					<row1>	0.0000 0.9998 -0.0219 0.0000	</row1>
					<row2>	0.1345 0.0217 0.9907 0.0000	</row2>
					<row3>	-0.2687 0.3777 0.9345 1.0000	</row3>
				</transform>
			</node>
			<node>
				<identifier>	MP_CM089_Anchor	</identifier>
				<transform>
					<row0>	0.9976 -0.0610 -0.0336 0.0000	</row0>
					<row1>	0.0333 -0.0058 0.9994 0.0000	</row1>
					<row2>	-0.0612 -0.9981 -0.0037 0.0000	</row2>
					<row3>	-0.4253 0.2241 0.8508 1.0000	</row3>
				</transform>
			</node>
			<node>
				<identifier>	MP_CM089_Anchor_INDEX_1	</identifier>
				<transform>
					<row0>	-0.9976 -0.0610 -0.0336 0.0000	</row0>
					<row1>	-0.0338 0.0017 0.9994 0.0000	</row1>
					<row2>	-0.0609 0.9981 -0.0037 0.0000	</row2>
					<row3>	0.4171 0.2241 1.0878 1.0000	</row3>
				</transform>
			</node>
		</node>
	</node>
	<boundingBox>
		<min>	-0.0667 -0.0667 -0.0667	</min>
		<max>	0.0667 0.0667 0.0667	</max>
	</boundingBox>
</ASC003_Albany_1898_MidFront_ports.visual>
