<WSD016_Velos_1960_MidFront_ports.visual>
	<node>
		<identifier>	Scene Root	</identifier>
		<transform>
			<row0>	1.0000 0.0000 0.0000 0.0000	</row0>
			<row1>	0.0000 1.0000 0.0000 0.0000	</row1>
			<row2>	0.0000 0.0000 1.0000 0.0000	</row2>
			<row3>	0.0000 0.0000 0.0000 1.0000	</row3>
		</transform>
		<node>
			<identifier>	MidFront_ports	</identifier>
			<transform>
				<row0>	1.0000 0.0000 0.0000 0.0000	</row0>
				<row1>	0.0000 1.0000 0.0000 0.0000	</row1>
				<row2>	0.0000 0.0000 1.0000 0.0000	</row2>
				<row3>	0.0000 0.0000 0.0000 1.0000	</row3>
			</transform>
			<node>
				<identifier>	HP_FX_Death_1	</identifier>
				<transform>
					<row0>	1.0000 0.0000 0.0000 0.0000	</row0>
					<row1>	0.0000 1.0000 0.0000 0.0000	</row1>
					<row2>	0.0000 0.0000 1.0000 0.0000	</row2>
					<row3>	0.0000 0.0000 2.4269 1.0000	</row3>
				</transform>
			</node>
			<node>
				<identifier>	HP_FX_Death_2	</identifier>
				<transform>
					<row0>	1.0000 0.0000 0.0000 0.0000	</row0>
					<row1>	0.0000 1.0000 0.0000 0.0000	</row1>
					<row2>	0.0000 0.0000 1.0000 0.0000	</row2>
					<row3>	0.0000 0.0000 -0.1367 1.0000	</row3>
				</transform>
			</node>
			<node>
				<identifier>	HP_FX_Fire_2	</identifier>
				<transform>
					<row0>	1.0000 0.0000 0.0000 0.0000	</row0>
					<row1>	0.0000 1.0000 0.0000 0.0000	</row1>
					<row2>	0.0000 0.0000 1.0000 0.0000	</row2>
					<row3>	0.0000 0.7175 1.2282 1.0000	</row3>
				</transform>
			</node>
			<node>
				<identifier>	HP_FX_Fire_2_side_1	</identifier>
				<transform>
					<row0>	1.0000 0.0000 0.0000 0.0000	</row0>
					<row1>	0.0000 1.0000 0.0000 0.0000	</row1>
					<row2>	0.0000 0.0000 1.0000 0.0000	</row2>
					<row3>	-0.2154 0.4171 -0.0737 1.0000	</row3>
				</transform>
			</node>
			<node>
				<identifier>	HP_FX_Fire_2_side_2	</identifier>
				<transform>
					<row0>	1.0000 0.0000 0.0000 0.0000	</row0>
					<row1>	0.0000 1.0000 0.0000 0.0000	</row1>
					<row2>	0.0000 0.0000 1.0000 0.0000	</row2>
					<row3>	0.3114 0.4836 0.9874 1.0000	</row3>
				</transform>
			</node>
			<node>
				<identifier>	HP_FX_FloodLight_left_1	</identifier>
				<transform>
					<row0>	-1.0000 0.0000 0.0000 0.0000	</row0>
					<row1>	0.0000 1.0000 0.0000 0.0000	</row1>
					<row2>	0.0000 0.0000 -1.0000 0.0000	</row2>
					<row3>	-0.1727 0.5022 1.3125 1.0000	</row3>
				</transform>
			</node>
			<node>
				<identifier>	HP_FX_FloodLight_right_2	</identifier>
				<transform>
					<row0>	1.0000 0.0000 0.0000 0.0000	</row0>
					<row1>	0.0000 1.0000 0.0000 0.0000	</row1>
					<row2>	0.0000 0.0000 1.0000 0.0000	</row2>
					<row3>	0.1697 0.4868 1.3061 1.0000	</row3>
				</transform>
			</node>
			<node>
				<identifier>	HP_FX_Flood_steam_1	</identifier>
				<transform>
					<row0>	1.0000 0.0000 0.0000 0.0000	</row0>
					<row1>	0.0000 0.8515 -0.5243 0.0000	</row1>
					<row2>	0.0000 0.5243 0.8515 0.0000	</row2>
					<row3>	0.0160 0.7988 0.4854 1.0000	</row3>
				</transform>
			</node>
			<node>
				<identifier>	HP_FX_Flood_steam_left	</identifier>
				<transform>
					<row0>	-1.0000 0.0000 0.0000 0.0000	</row0>
					<row1>	0.0000 1.0000 0.0000 0.0000	</row1>
					<row2>	0.0000 0.0000 -1.0000 0.0000	</row2>
					<row3>	-0.0945 0.5562 0.6799 1.0000	</row3>
				</transform>
			</node>
			<node>
				<identifier>	HP_FX_Flood_steam_right	</identifier>
				<transform>
					<row0>	1.0000 0.0000 0.0000 0.0000	</row0>
					<row1>	0.0000 1.0000 0.0000 0.0000	</row1>
					<row2>	0.0000 0.0000 1.0000 0.0000	</row2>
					<row3>	0.0977 0.5135 -0.2448 1.0000	</row3>
				</transform>
			</node>
			<node>
				<identifier>	HP_FX_Flood_water_left_1	</identifier>
				<transform>
					<row0>	-1.0000 0.0000 0.0000 0.0000	</row0>
					<row1>	0.0000 1.0000 0.0000 0.0000	</row1>
					<row2>	0.0000 0.0000 -1.0000 0.0000	</row2>
					<row3>	-0.3531 0.1199 1.2187 1.0000	</row3>
				</transform>
			</node>
			<node>
				<identifier>	HP_FX_Flood_water_right_1	</identifier>
				<transform>
					<row0>	1.0000 0.0000 0.0000 0.0000	</row0>
					<row1>	0.0000 1.0000 0.0000 0.0000	</row1>
					<row2>	0.0000 0.0000 1.0000 0.0000	</row2>
					<row3>	0.3472 0.1841 1.4206 1.0000	</row3>
				</transform>
			</node>
			<node>
				<identifier>	HP_FX_RepairLight_left_2	</identifier>
				<transform>
					<row0>	0.0483 0.0000 0.9988 0.0000	</row0>
					<row1>	0.0000 1.0000 0.0000 0.0000	</row1>
					<row2>	-0.9988 0.0000 0.0483 0.0000	</row2>
					<row3>	-0.3488 0.2730 1.5808 1.0000	</row3>
				</transform>
			</node>
			<node>
				<identifier>	HP_FX_RepairLight_right_2	</identifier>
				<transform>
					<row0>	0.0301 0.0000 -0.9995 0.0000	</row0>
					<row1>	0.0341 0.9994 0.0010 0.0000	</row1>
					<row2>	0.9990 -0.0341 0.0301 0.0000	</row2>
					<row3>	0.3278 0.2944 1.9672 1.0000	</row3>
				</transform>
			</node>
			<node>
				<identifier>	HP_FX_Smoke_1	</identifier>
				<transform>
					<row0>	1.0000 0.0000 0.0000 0.0000	</row0>
					<row1>	0.0000 0.9055 -0.4244 0.0000	</row1>
					<row2>	0.0000 0.4244 0.9055 0.0000	</row2>
					<row3>	0.0000 0.8888 0.5898 1.0000	</row3>
				</transform>
			</node>
			<node>
				<identifier>	HP_FX_Smoke_2	</identifier>
				<transform>
					<row0>	1.0000 0.0000 0.0000 0.0000	</row0>
					<row1>	0.0000 0.9055 -0.4244 0.0000	</row1>
					<row2>	0.0000 0.4244 0.9055 0.0000	</row2>
					<row3>	-0.0008 0.8366 -0.3467 1.0000	</row3>
				</transform>
			</node>
			<node>
				<identifier>	HP_Flagpole	</identifier>
				<transform>
					<row0>	1.0000 0.0000 0.0000 0.0000	</row0>
					<row1>	0.0000 1.0000 0.0000 0.0000	</row1>
					<row2>	0.0000 0.0000 1.0000 0.0000	</row2>
					<row3>	0.0000 2.0253 0.7474 1.0000	</row3>
				</transform>
			</node>
			<node>
				<identifier>	HP_Ship_death_2	</identifier>
				<transform>
					<row0>	1.0000 0.0000 0.0000 0.0000	</row0>
					<row1>	0.0000 1.0000 0.0000 0.0000	</row1>
					<row2>	0.0000 0.0000 1.0000 0.0000	</row2>
					<row3>	0.0000 0.0000 -0.9344 1.0000	</row3>
				</transform>
			</node>
			<node>
				<identifier>	HP_WD_1	</identifier>
				<transform>
					<row0>	1.0000 0.0000 0.0000 0.0000	</row0>
					<row1>	0.0000 1.0000 0.0000 0.0000	</row1>
					<row2>	0.0000 0.0000 1.0000 0.0000	</row2>
					<row3>	0.0000 0.7943 1.3596 1.0000	</row3>
				</transform>
			</node>
			<node>
				<identifier>	HP_WD_2	</identifier>
				<transform>
					<row0>	0.0000 0.0000 1.0000 0.0000	</row0>
					<row1>	0.0000 1.0000 0.0000 0.0000	</row1>
					<row2>	-1.0000 0.0000 0.0000 0.0000	</row2>
					<row3>	-0.1389 0.6062 0.3490 1.0000	</row3>
				</transform>
			</node>
			<node>
				<identifier>	HP_WD_3	</identifier>
				<transform>
					<row0>	0.0000 0.0000 -1.0000 0.0000	</row0>
					<row1>	0.0000 1.0000 0.0000 0.0000	</row1>
					<row2>	1.0000 0.0000 0.0000 0.0000	</row2>
					<row3>	0.1389 0.6062 0.3490 1.0000	</row3>
				</transform>
			</node>
			<node>
				<identifier>	HP_WD_4	</identifier>
				<transform>
					<row0>	1.0000 0.0000 0.0000 0.0000	</row0>
					<row1>	0.0000 1.0000 0.0000 0.0000	</row1>
					<row2>	0.0000 0.0000 1.0000 0.0000	</row2>
					<row3>	0.0000 0.6290 -0.4667 1.0000	</row3>
				</transform>
			</node>
			<node>
				<identifier>	HP_WGA_1	</identifier>
				<transform>
					<row0>	0.0000 0.0000 1.0000 0.0000	</row0>
					<row1>	0.0000 1.0000 0.0000 0.0000	</row1>
					<row2>	-1.0000 0.0000 0.0000 0.0000	</row2>
					<row3>	-0.1903 0.3758 0.0737 1.0000	</row3>
				</transform>
			</node>
			<node>
				<identifier>	HP_WGA_2	</identifier>
				<transform>
					<row0>	0.0000 0.0000 -1.0000 0.0000	</row0>
					<row1>	0.0000 1.0000 0.0000 0.0000	</row1>
					<row2>	1.0000 0.0000 0.0000 0.0000	</row2>
					<row3>	0.1903 0.3758 0.0737 1.0000	</row3>
				</transform>
			</node>
			<node>
				<identifier>	HP_WGM_2	</identifier>
				<transform>
					<row0>	1.0000 0.0000 0.0000 0.0000	</row0>
					<row1>	0.0000 1.0000 0.0000 0.0000	</row1>
					<row2>	0.0000 0.0000 1.0000 0.0000	</row2>
					<row3>	0.0000 0.4757 2.1207 1.0000	</row3>
				</transform>
			</node>
			<node>
				<identifier>	HP_WGT_1	</identifier>
				<transform>
					<row0>	-1.0000 0.0000 0.0000 0.0000	</row0>
					<row1>	0.0000 1.0000 0.0000 0.0000	</row1>
					<row2>	0.0000 0.0000 -1.0000 0.0000	</row2>
					<row3>	0.0000 0.3640 -0.7364 1.0000	</row3>
				</transform>
			</node>
			<node>
				<identifier>	HP_WRS_1	</identifier>
				<transform>
					<row0>	1.0000 0.0000 0.0000 0.0000	</row0>
					<row1>	0.0000 1.0000 0.0000 0.0000	</row1>
					<row2>	0.0000 0.0000 1.0000 0.0000	</row2>
					<row3>	0.0000 1.5135 1.1401 1.0000	</row3>
				</transform>
			</node>
			<node>
				<identifier>	HP_WRS_2	</identifier>
				<transform>
					<row0>	1.0000 0.0000 0.0000 0.0000	</row0>
					<row1>	0.0000 1.0000 0.0000 0.0000	</row1>
					<row2>	0.0000 0.0000 1.0000 0.0000	</row2>
					<row3>	0.0000 1.7919 0.8844 1.0000	</row3>
				</transform>
			</node>
			<node>
				<identifier>	HP_flag_1	</identifier>
				<transform>
					<row0>	0.9982 -0.0590 0.0050 0.0000	</row0>
					<row1>	0.0590 0.9842 -0.1670 0.0000	</row1>
					<row2>	0.0050 0.1670 0.9859 0.0000	</row2>
					<row3>	0.2172 1.4052 0.9667 1.0000	</row3>
				</transform>
			</node>
			<node>
				<identifier>	HP_flag_2	</identifier>
				<transform>
					<row0>	0.9982 0.0590 -0.0050 0.0000	</row0>
					<row1>	-0.0590 0.9842 -0.1670 0.0000	</row1>
					<row2>	-0.0050 0.1670 0.9859 0.0000	</row2>
					<row3>	-0.2172 1.4052 0.9667 1.0000	</row3>
				</transform>
			</node>
			<node>
				<identifier>	HP_flag_3	</identifier>
				<transform>
					<row0>	0.9993 -0.0383 0.0033 0.0000	</row0>
					<row1>	0.0383 0.9850 -0.1684 0.0000	</row1>
					<row2>	0.0033 0.1684 0.9857 0.0000	</row2>
					<row3>	0.1336 1.4063 0.9655 1.0000	</row3>
				</transform>
			</node>
			<node>
				<identifier>	HP_flag_4	</identifier>
				<transform>
					<row0>	0.9993 0.0383 -0.0033 0.0000	</row0>
					<row1>	-0.0383 0.9850 -0.1684 0.0000	</row1>
					<row2>	-0.0033 0.1684 0.9857 0.0000	</row2>
					<row3>	-0.1336 1.4063 0.9655 1.0000	</row3>
				</transform>
			</node>
			<node>
				<identifier>	HP_flag_courtesy	</identifier>
				<transform>
					<row0>	0.9989 -0.0469 0.0039 0.0000	</row0>
					<row1>	0.0469 0.9848 -0.1671 0.0000	</row1>
					<row2>	0.0039 0.1671 0.9859 0.0000	</row2>
					<row3>	0.2406 1.4097 0.9656 1.0000	</row3>
				</transform>
			</node>
			<node>
				<identifier>	HP_flag_house	</identifier>
				<transform>
					<row0>	0.9983 0.0586 -0.0049 0.0000	</row0>
					<row1>	-0.0586 0.9842 -0.1670 0.0000	</row1>
					<row2>	-0.0049 0.1670 0.9859 0.0000	</row2>
					<row3>	-0.2402 1.4097 0.9656 1.0000	</row3>
				</transform>
			</node>
			<node>
				<identifier>	HP_flag_nation	</identifier>
				<transform>
					<row0>	0.9974 0.0712 -0.0119 0.0000	</row0>
					<row1>	-0.0712 0.9428 -0.3258 0.0000	</row1>
					<row2>	-0.0119 0.3258 0.9454 0.0000	</row2>
					<row3>	0.0406 1.8012 0.6935 1.0000	</row3>
				</transform>
			</node>
			<node>
				<identifier>	HP_flag_rank	</identifier>
				<transform>
					<row0>	0.9974 -0.0712 0.0119 0.0000	</row0>
					<row1>	0.0712 0.9428 -0.3258 0.0000	</row1>
					<row2>	0.0119 0.3258 0.9454 0.0000	</row2>
					<row3>	-0.0520 1.6500 0.7453 1.0000	</row3>
				</transform>
			</node>
			<node>
				<identifier>	MP_AM374_Fender	</identifier>
				<transform>
					<row0>	0.0000 0.0000 -0.5000 0.0000	</row0>
					<row1>	0.0000 0.5000 0.0000 0.0000	</row1>
					<row2>	0.5000 0.0000 0.0000 0.0000	</row2>
					<row3>	0.2660 0.2657 1.3780 1.0000	</row3>
				</transform>
			</node>
			<node>
				<identifier>	MP_AM374_Fender_INDEX_1	</identifier>
				<transform>
					<row0>	0.0000 0.0000 -0.5000 0.0000	</row0>
					<row1>	0.0000 0.5000 0.0000 0.0000	</row1>
					<row2>	0.5000 0.0000 0.0000 0.0000	</row2>
					<row3>	0.2680 0.2633 1.3368 1.0000	</row3>
				</transform>
			</node>
			<node>
				<identifier>	MP_AM374_Fender_INDEX_2	</identifier>
				<transform>
					<row0>	0.0000 0.0000 0.5000 0.0000	</row0>
					<row1>	0.0000 0.5000 0.0000 0.0000	</row1>
					<row2>	-0.5000 0.0000 0.0000 0.0000	</row2>
					<row3>	-0.2426 0.2914 1.8542 1.0000	</row3>
				</transform>
			</node>
			<node>
				<identifier>	MP_AM374_Fender_INDEX_3	</identifier>
				<transform>
					<row0>	0.0000 0.0000 0.5000 0.0000	</row0>
					<row1>	0.0000 0.5000 0.0000 0.0000	</row1>
					<row2>	-0.5000 0.0000 0.0000 0.0000	</row2>
					<row3>	-0.2450 0.2895 1.8145 1.0000	</row3>
				</transform>
			</node>
			<node>
				<identifier>	MP_AM572_Telpher	</identifier>
				<transform>
					<row0>	-1.0000 0.0000 0.0000 0.0000	</row0>
					<row1>	0.0000 1.0000 0.0000 0.0000	</row1>
					<row2>	0.0000 0.0000 -1.0000 0.0000	</row2>
					<row3>	0.1890 0.3886 -0.9046 1.0000	</row3>
				</transform>
			</node>
			<node>
				<identifier>	MP_CM011_Fire_Fighting_Gear	</identifier>
				<transform>
					<row0>	0.0000 0.0000 1.0000 0.0000	</row0>
					<row1>	0.0000 1.0000 0.0000 0.0000	</row1>
					<row2>	-1.0000 0.0000 0.0000 0.0000	</row2>
					<row3>	0.2078 0.2104 -0.0401 1.0000	</row3>
				</transform>
			</node>
			<node>
				<identifier>	MP_CM011_Fire_Fighting_Gear_INDEX_1	</identifier>
				<transform>
					<row0>	1.0000 0.0000 0.0000 0.0000	</row0>
					<row1>	0.0000 1.0000 0.0000 0.0000	</row1>
					<row2>	0.0000 0.0000 1.0000 0.0000	</row2>
					<row3>	0.1090 0.2016 -0.4275 1.0000	</row3>
				</transform>
			</node>
			<node>
				<identifier>	MP_CM011_Fire_Fighting_Gear_INDEX_10	</identifier>
				<transform>
					<row0>	0.0000 0.0000 -1.0000 0.0000	</row0>
					<row1>	0.0000 1.0000 0.0000 0.0000	</row1>
					<row2>	1.0000 0.0000 0.0000 0.0000	</row2>
					<row3>	-0.1685 0.6063 1.3732 1.0000	</row3>
				</transform>
			</node>
			<node>
				<identifier>	MP_CM011_Fire_Fighting_Gear_INDEX_2	</identifier>
				<transform>
					<row0>	0.0000 0.0000 1.0000 0.0000	</row0>
					<row1>	0.0000 1.0000 0.0000 0.0000	</row1>
					<row2>	-1.0000 0.0000 0.0000 0.0000	</row2>
					<row3>	0.2135 0.2354 0.5395 1.0000	</row3>
				</transform>
			</node>
			<node>
				<identifier>	MP_CM011_Fire_Fighting_Gear_INDEX_3	</identifier>
				<transform>
					<row0>	0.0000 0.0000 -1.0000 0.0000	</row0>
					<row1>	0.0000 1.0000 0.0000 0.0000	</row1>
					<row2>	1.0000 0.0000 0.0000 0.0000	</row2>
					<row3>	-0.1672 0.2492 0.9186 1.0000	</row3>
				</transform>
			</node>
			<node>
				<identifier>	MP_CM011_Fire_Fighting_Gear_INDEX_4	</identifier>
				<transform>
					<row0>	0.0000 0.0000 -1.0000 0.0000	</row0>
					<row1>	0.0000 1.0000 0.0000 0.0000	</row1>
					<row2>	1.0000 0.0000 0.0000 0.0000	</row2>
					<row3>	-0.3153 0.2095 0.0240 1.0000	</row3>
				</transform>
			</node>
			<node>
				<identifier>	MP_CM011_Fire_Fighting_Gear_INDEX_5	</identifier>
				<transform>
					<row0>	-1.0000 0.0000 0.0000 0.0000	</row0>
					<row1>	0.0000 1.0000 0.0000 0.0000	</row1>
					<row2>	0.0000 0.0000 -1.0000 0.0000	</row2>
					<row3>	0.1133 0.3203 2.2653 1.0000	</row3>
				</transform>
			</node>
			<node>
				<identifier>	MP_CM011_Fire_Fighting_Gear_INDEX_6	</identifier>
				<transform>
					<row0>	-1.0000 0.0000 0.0000 0.0000	</row0>
					<row1>	0.0000 1.0000 0.0000 0.0000	</row1>
					<row2>	0.0000 0.0000 -1.0000 0.0000	</row2>
					<row3>	-0.1133 0.3203 2.2653 1.0000	</row3>
				</transform>
			</node>
			<node>
				<identifier>	MP_CM011_Fire_Fighting_Gear_INDEX_7	</identifier>
				<transform>
					<row0>	0.0000 0.0000 1.0000 0.0000	</row0>
					<row1>	0.0000 1.0000 0.0000 0.0000	</row1>
					<row2>	-1.0000 0.0000 0.0000 0.0000	</row2>
					<row3>	0.1735 0.4256 1.3995 1.0000	</row3>
				</transform>
			</node>
			<node>
				<identifier>	MP_CM011_Fire_Fighting_Gear_INDEX_8	</identifier>
				<transform>
					<row0>	0.0000 0.0000 -1.0000 0.0000	</row0>
					<row1>	0.0000 1.0000 0.0000 0.0000	</row1>
					<row2>	1.0000 0.0000 0.0000 0.0000	</row2>
					<row3>	-0.1735 0.4226 1.2999 1.0000	</row3>
				</transform>
			</node>
			<node>
				<identifier>	MP_CM011_Fire_Fighting_Gear_INDEX_9	</identifier>
				<transform>
					<row0>	-1.0000 0.0000 0.0000 0.0000	</row0>
					<row1>	0.0000 1.0000 0.0000 0.0000	</row1>
					<row2>	0.0000 0.0000 -1.0000 0.0000	</row2>
					<row3>	-0.0258 0.3661 3.0866 1.0000	</row3>
				</transform>
			</node>
			<node>
				<identifier>	MP_CM012_Fire_Hose_Rack_1	</identifier>
				<transform>
					<row0>	0.0000 0.0000 -1.0000 0.0000	</row0>
					<row1>	0.0000 1.0000 0.0000 0.0000	</row1>
					<row2>	1.0000 0.0000 0.0000 0.0000	</row2>
					<row3>	0.0316 0.4021 2.2570 1.0000	</row3>
				</transform>
			</node>
			<node>
				<identifier>	MP_CM012_Fire_Hose_Rack_1_INDEX_1	</identifier>
				<transform>
					<row0>	0.0000 0.0000 -1.0000 0.0000	</row0>
					<row1>	0.0000 1.0000 0.0000 0.0000	</row1>
					<row2>	1.0000 0.0000 0.0000 0.0000	</row2>
					<row3>	0.0860 0.4026 2.2570 1.0000	</row3>
				</transform>
			</node>
			<node>
				<identifier>	MP_CM012_Fire_Hose_Rack_1_INDEX_10	</identifier>
				<transform>
					<row0>	1.0000 0.0000 0.0000 0.0000	</row0>
					<row1>	0.0000 1.0000 0.0000 0.0000	</row1>
					<row2>	0.0000 0.0000 1.0000 0.0000	</row2>
					<row3>	-0.1626 0.7024 1.3658 1.0000	</row3>
				</transform>
			</node>
			<node>
				<identifier>	MP_CM012_Fire_Hose_Rack_1_INDEX_2	</identifier>
				<transform>
					<row0>	-1.0000 0.0000 0.0000 0.0000	</row0>
					<row1>	0.0000 1.0000 0.0000 0.0000	</row1>
					<row2>	0.0000 0.0000 -1.0000 0.0000	</row2>
					<row3>	0.0963 0.2816 -0.6671 1.0000	</row3>
				</transform>
			</node>
			<node>
				<identifier>	MP_CM012_Fire_Hose_Rack_1_INDEX_3	</identifier>
				<transform>
					<row0>	0.0000 0.0000 1.0000 0.0000	</row0>
					<row1>	0.0000 1.0000 0.0000 0.0000	</row1>
					<row2>	-1.0000 0.0000 0.0000 0.0000	</row2>
					<row3>	0.1158 0.2695 -0.6086 1.0000	</row3>
				</transform>
			</node>
			<node>
				<identifier>	MP_CM012_Fire_Hose_Rack_1_INDEX_4	</identifier>
				<transform>
					<row0>	-0.8317 0.0000 -0.5553 0.0000	</row0>
					<row1>	0.0000 1.0000 0.0000 0.0000	</row1>
					<row2>	0.5553 0.0000 -0.8317 0.0000	</row2>
					<row3>	0.1386 0.3820 2.2390 1.0000	</row3>
				</transform>
			</node>
			<node>
				<identifier>	MP_CM012_Fire_Hose_Rack_1_INDEX_5	</identifier>
				<transform>
					<row0>	0.8317 0.0000 -0.5553 0.0000	</row0>
					<row1>	0.0000 1.0000 0.0000 0.0000	</row1>
					<row2>	0.5553 0.0000 0.8317 0.0000	</row2>
					<row3>	-0.1385 0.3820 2.2390 1.0000	</row3>
				</transform>
			</node>
			<node>
				<identifier>	MP_CM012_Fire_Hose_Rack_1_INDEX_6	</identifier>
				<transform>
					<row0>	-1.0000 0.0000 0.0000 0.0000	</row0>
					<row1>	0.0000 1.0000 0.0000 0.0000	</row1>
					<row2>	0.0000 0.0000 -1.0000 0.0000	</row2>
					<row3>	0.2049 0.3041 0.5623 1.0000	</row3>
				</transform>
			</node>
			<node>
				<identifier>	MP_CM012_Fire_Hose_Rack_1_INDEX_7	</identifier>
				<transform>
					<row0>	-1.0000 0.0000 0.0000 0.0000	</row0>
					<row1>	0.0000 1.0000 0.0000 0.0000	</row1>
					<row2>	0.0000 0.0000 -1.0000 0.0000	</row2>
					<row3>	0.2049 0.3095 0.4615 1.0000	</row3>
				</transform>
			</node>
			<node>
				<identifier>	MP_CM012_Fire_Hose_Rack_1_INDEX_8	</identifier>
				<transform>
					<row0>	-1.0000 0.0000 0.0000 0.0000	</row0>
					<row1>	0.0000 1.0000 0.0000 0.0000	</row1>
					<row2>	0.0000 0.0000 -1.0000 0.0000	</row2>
					<row3>	0.1674 0.4979 1.4284 1.0000	</row3>
				</transform>
			</node>
			<node>
				<identifier>	MP_CM012_Fire_Hose_Rack_1_INDEX_9	</identifier>
				<transform>
					<row0>	1.0000 0.0000 0.0000 0.0000	</row0>
					<row1>	0.0000 1.0000 0.0000 0.0000	</row1>
					<row2>	0.0000 0.0000 1.0000 0.0000	</row2>
					<row3>	-0.1674 0.5270 1.2556 1.0000	</row3>
				</transform>
			</node>
			<node>
				<identifier>	MP_CM014_Fuel_Oil_Hose	</identifier>
				<transform>
					<row0>	1.0000 0.0000 0.0000 0.0000	</row0>
					<row1>	0.0000 1.0000 0.0000 0.0000	</row1>
					<row2>	0.0000 0.0000 1.0000 0.0000	</row2>
					<row3>	-0.0940 0.3269 -0.5964 1.0000	</row3>
				</transform>
			</node>
			<node>
				<identifier>	MP_CM014_Fuel_Oil_Hose_INDEX_1	</identifier>
				<transform>
					<row0>	1.0000 0.0000 0.0000 0.0000	</row0>
					<row1>	0.0000 1.0000 0.0000 0.0000	</row1>
					<row2>	0.0000 0.0000 1.0000 0.0000	</row2>
					<row3>	-0.0940 0.2963 -0.5964 1.0000	</row3>
				</transform>
			</node>
			<node>
				<identifier>	MP_CM029_Emergency_Box	</identifier>
				<transform>
					<row0>	0.0000 0.0000 -1.0000 0.0000	</row0>
					<row1>	0.0000 1.0000 0.0000 0.0000	</row1>
					<row2>	1.0000 0.0000 0.0000 0.0000	</row2>
					<row3>	-0.0988 0.2684 -0.7178 1.0000	</row3>
				</transform>
			</node>
			<node>
				<identifier>	MP_CM029_Emergency_Box_INDEX_1	</identifier>
				<transform>
					<row0>	0.7209 0.0000 -0.6930 0.0000	</row0>
					<row1>	0.0000 1.0000 0.0000 0.0000	</row1>
					<row2>	0.6930 0.0000 0.7209 0.0000	</row2>
					<row3>	0.3304 0.4141 0.2346 1.0000	</row3>
				</transform>
			</node>
			<node>
				<identifier>	MP_CM029_Emergency_Box_INDEX_2	</identifier>
				<transform>
					<row0>	0.0000 0.0000 1.0000 0.0000	</row0>
					<row1>	0.0000 1.0000 0.0000 0.0000	</row1>
					<row2>	-1.0000 0.0000 0.0000 0.0000	</row2>
					<row3>	0.1022 0.2739 -0.7358 1.0000	</row3>
				</transform>
			</node>
			<node>
				<identifier>	MP_CM029_Emergency_Box_INDEX_3	</identifier>
				<transform>
					<row0>	0.0000 0.0000 -1.0000 0.0000	</row0>
					<row1>	0.0000 1.0000 0.0000 0.0000	</row1>
					<row2>	1.0000 0.0000 0.0000 0.0000	</row2>
					<row3>	-0.1685 0.6931 1.4202 1.0000	</row3>
				</transform>
			</node>
			<node>
				<identifier>	MP_CM029_Emergency_Box_INDEX_4	</identifier>
				<transform>
					<row0>	-0.3910 0.0000 0.9204 0.0000	</row0>
					<row1>	0.0000 1.0000 0.0000 0.0000	</row1>
					<row2>	-0.9204 0.0000 -0.3910 0.0000	</row2>
					<row3>	0.0630 0.5093 1.6679 1.0000	</row3>
				</transform>
			</node>
			<node>
				<identifier>	MP_CM029_Emergency_Box_INDEX_5	</identifier>
				<transform>
					<row0>	0.0000 0.0000 1.0000 0.0000	</row0>
					<row1>	0.0000 1.0000 0.0000 0.0000	</row1>
					<row2>	-1.0000 0.0000 0.0000 0.0000	</row2>
					<row3>	0.1686 0.7011 1.4202 1.0000	</row3>
				</transform>
			</node>
			<node>
				<identifier>	MP_CM029_Emergency_Box_INDEX_6	</identifier>
				<transform>
					<row0>	0.6780 0.0000 0.7351 0.0000	</row0>
					<row1>	0.0000 1.0000 0.0000 0.0000	</row1>
					<row2>	-0.7351 0.0000 0.6780 0.0000	</row2>
					<row3>	-0.3423 0.4141 0.2238 1.0000	</row3>
				</transform>
			</node>
			<node>
				<identifier>	MP_CM056_Ships_bell	</identifier>
				<transform>
					<row0>	0.5130 0.0000 0.0000 0.0000	</row0>
					<row1>	0.0000 0.5130 0.0000 0.0000	</row1>
					<row2>	0.0000 0.0000 0.5130 0.0000	</row2>
					<row3>	0.0000 0.7358 1.1003 1.0000	</row3>
				</transform>
			</node>
			<node>
				<identifier>	MP_CM088_Swab_Rack	</identifier>
				<transform>
					<row0>	0.0000 0.0000 -1.0000 0.0000	</row0>
					<row1>	0.0000 1.0000 0.0000 0.0000	</row1>
					<row2>	1.0000 0.0000 0.0000 0.0000	</row2>
					<row3>	0.0960 0.1972 -0.5329 1.0000	</row3>
				</transform>
			</node>
			<node>
				<identifier>	MP_CM126_Cleat	</identifier>
				<transform>
					<row0>	-0.6367 0.0002 -0.0204 0.0000	</row0>
					<row1>	0.0011 0.6364 -0.0278 0.0000	</row1>
					<row2>	0.0203 -0.0278 -0.6361 0.0000	</row2>
					<row3>	0.3885 0.2851 0.2314 1.0000	</row3>
				</transform>
			</node>
			<node>
				<identifier>	MP_CM126_Cleat_INDEX_1	</identifier>
				<transform>
					<row0>	-0.6367 0.0002 -0.0204 0.0000	</row0>
					<row1>	0.0011 0.6364 -0.0278 0.0000	</row1>
					<row2>	0.0203 -0.0278 -0.6361 0.0000	</row2>
					<row3>	0.3843 0.2924 0.3971 1.0000	</row3>
				</transform>
			</node>
			<node>
				<identifier>	MP_CM169_Oxygen_Bottle	</identifier>
				<transform>
					<row0>	1.0000 0.0000 0.0000 0.0000	</row0>
					<row1>	0.0000 1.0000 0.0000 0.0000	</row1>
					<row2>	0.0000 0.0000 1.0000 0.0000	</row2>
					<row3>	0.2557 0.2139 -0.5029 1.0000	</row3>
				</transform>
			</node>
			<node>
				<identifier>	MP_CM169_Oxygen_Bottle_INDEX_1	</identifier>
				<transform>
					<row0>	1.0000 0.0000 0.0000 0.0000	</row0>
					<row1>	0.0000 1.0000 0.0000 0.0000	</row1>
					<row2>	0.0000 0.0000 1.0000 0.0000	</row2>
					<row3>	0.2557 0.2139 -0.4780 1.0000	</row3>
				</transform>
			</node>
			<node>
				<identifier>	MP_WM004_Life_buoy	</identifier>
				<transform>
					<row0>	0.0000 0.0000 -0.9000 0.0000	</row0>
					<row1>	0.0000 0.9000 0.0000 0.0000	</row1>
					<row2>	0.9000 0.0000 0.0000 0.0000	</row2>
					<row3>	-0.3318 0.4276 -0.1611 1.0000	</row3>
				</transform>
			</node>
			<node>
				<identifier>	MP_WM004_Life_buoy_INDEX_1	</identifier>
				<transform>
					<row0>	0.7575 0.0000 0.4859 0.0000	</row0>
					<row1>	0.0000 0.9000 0.0000 0.0000	</row1>
					<row2>	-0.4859 0.0000 0.7575 0.0000	</row2>
					<row3>	0.3166 0.4441 -0.1201 1.0000	</row3>
				</transform>
			</node>
			<node>
				<identifier>	MP_WM004_Life_buoy_INDEX_2	</identifier>
				<transform>
					<row0>	0.0000 0.0000 -0.9000 0.0000	</row0>
					<row1>	0.0000 0.9000 0.0000 0.0000	</row1>
					<row2>	0.9000 0.0000 0.0000 0.0000	</row2>
					<row3>	-0.2667 0.6753 1.2889 1.0000	</row3>
				</transform>
			</node>
			<node>
				<identifier>	MP_WM004_Life_buoy_INDEX_3	</identifier>
				<transform>
					<row0>	0.0000 0.0000 0.9000 0.0000	</row0>
					<row1>	0.0000 0.9000 0.0000 0.0000	</row1>
					<row2>	-0.9000 0.0000 0.0000 0.0000	</row2>
					<row3>	0.2667 0.6753 1.2889 1.0000	</row3>
				</transform>
			</node>
			<node>
				<identifier>	MP_WM004_Life_buoy_INDEX_4	</identifier>
				<transform>
					<row0>	0.9000 0.0000 0.0000 0.0000	</row0>
					<row1>	0.0000 0.9000 0.0000 0.0000	</row1>
					<row2>	0.0000 0.0000 0.9000 0.0000	</row2>
					<row3>	0.0000 0.5302 1.1896 1.0000	</row3>
				</transform>
			</node>
			<node>
				<identifier>	MP_WM004_Life_buoy_INDEX_5	</identifier>
				<transform>
					<row0>	0.0000 0.0000 0.9000 0.0000	</row0>
					<row1>	0.0000 0.9000 0.0000 0.0000	</row1>
					<row2>	-0.9000 0.0000 0.0000 0.0000	</row2>
					<row3>	-0.3796 0.2476 -1.0241 1.0000	</row3>
				</transform>
			</node>
			<node>
				<identifier>	MP_WM064_Loading_Machine	</identifier>
				<transform>
					<row0>	1.0000 0.0000 0.0000 0.0000	</row0>
					<row1>	0.0000 1.0000 0.0000 0.0000	</row1>
					<row2>	0.0000 0.0000 1.0000 0.0000	</row2>
					<row3>	-0.2393 0.1918 -0.7007 1.0000	</row3>
				</transform>
			</node>
			<node>
				<identifier>	MP_WM065_Loading_Machine_L	</identifier>
				<transform>
					<row0>	1.0000 0.0000 0.0000 0.0000	</row0>
					<row1>	0.0000 1.0000 0.0000 0.0000	</row1>
					<row2>	0.0000 0.0000 1.0000 0.0000	</row2>
					<row3>	0.2208 0.2017 -0.7352 1.0000	</row3>
				</transform>
			</node>
			<node>
				<identifier>	MP_WM066_MK10_Hedgehog_Projector	</identifier>
				<transform>
					<row0>	0.9922 0.0048 0.1244 0.0000	</row0>
					<row1>	0.0000 0.9993 -0.0384 0.0000	</row1>
					<row2>	-0.1245 0.0381 0.9915 0.0000	</row2>
					<row3>	-0.2327 0.4360 1.7155 1.0000	</row3>
				</transform>
			</node>
			<node>
				<identifier>	MP_WM066_MK10_Hedgehog_Projector_INDEX_1	</identifier>
				<transform>
					<row0>	0.9922 -0.0048 -0.1244 0.0000	</row0>
					<row1>	0.0000 0.9993 -0.0384 0.0000	</row1>
					<row2>	0.1245 0.0381 0.9915 0.0000	</row2>
					<row3>	0.2327 0.4360 1.7155 1.0000	</row3>
				</transform>
			</node>
			<node>
				<identifier>	MP_WM068_Turtle	</identifier>
				<transform>
					<row0>	-0.8228 0.0000 -0.5683 0.0000	</row0>
					<row1>	0.0000 1.0000 0.0000 0.0000	</row1>
					<row2>	0.5683 0.0000 -0.8228 0.0000	</row2>
					<row3>	-0.2428 0.6523 1.5917 1.0000	</row3>
				</transform>
			</node>
			<node>
				<identifier>	MP_WM068_Turtle_INDEX_1	</identifier>
				<transform>
					<row0>	-0.8228 0.0000 -0.5683 0.0000	</row0>
					<row1>	0.0000 1.0000 0.0000 0.0000	</row1>
					<row2>	0.5683 0.0000 -0.8228 0.0000	</row2>
					<row3>	-0.2199 0.6523 1.6077 1.0000	</row3>
				</transform>
			</node>
			<node>
				<identifier>	MP_WM068_Turtle_INDEX_2	</identifier>
				<transform>
					<row0>	-0.8146 0.0000 -0.5800 0.0000	</row0>
					<row1>	0.0000 1.0000 0.0000 0.0000	</row1>
					<row2>	0.5800 0.0000 -0.8146 0.0000	</row2>
					<row3>	-0.1724 0.6523 1.6417 1.0000	</row3>
				</transform>
			</node>
			<node>
				<identifier>	MP_WM068_Turtle_INDEX_3	</identifier>
				<transform>
					<row0>	-0.8228 0.0000 0.5683 0.0000	</row0>
					<row1>	0.0000 1.0000 0.0000 0.0000	</row1>
					<row2>	-0.5683 0.0000 -0.8228 0.0000	</row2>
					<row3>	0.2428 0.6523 1.5917 1.0000	</row3>
				</transform>
			</node>
			<node>
				<identifier>	MP_WM068_Turtle_INDEX_4	</identifier>
				<transform>
					<row0>	-0.8228 0.0000 0.5683 0.0000	</row0>
					<row1>	0.0000 1.0000 0.0000 0.0000	</row1>
					<row2>	-0.5683 0.0000 -0.8228 0.0000	</row2>
					<row3>	0.2199 0.6523 1.6077 1.0000	</row3>
				</transform>
			</node>
			<node>
				<identifier>	MP_WM068_Turtle_INDEX_5	</identifier>
				<transform>
					<row0>	-0.8146 0.0000 0.5800 0.0000	</row0>
					<row1>	0.0000 1.0000 0.0000 0.0000	</row1>
					<row2>	-0.5800 0.0000 -0.8146 0.0000	</row2>
					<row3>	0.1724 0.6523 1.6417 1.0000	</row3>
				</transform>
			</node>
			<node>
				<identifier>	MP_WM069_Talker_Helmets_Rack	</identifier>
				<transform>
					<row0>	0.6678 0.0000 -0.4314 0.0000	</row0>
					<row1>	0.0000 0.7950 0.0000 0.0000	</row1>
					<row2>	0.4314 0.0000 0.6678 0.0000	</row2>
					<row3>	0.1342 0.5174 1.6013 1.0000	</row3>
				</transform>
			</node>
			<node>
				<identifier>	MP_WM070_Reels_2	</identifier>
				<transform>
					<row0>	-1.0000 0.0000 0.0000 0.0000	</row0>
					<row1>	0.0000 -1.0000 0.0000 0.0000	</row1>
					<row2>	0.0000 0.0000 1.0000 0.0000	</row2>
					<row3>	-0.0726 0.4073 2.2558 1.0000	</row3>
				</transform>
			</node>
			<node>
				<identifier>	MP_WM071_Telpher	</identifier>
				<transform>
					<row0>	-1.0000 0.0000 0.0000 0.0000	</row0>
					<row1>	0.0000 1.0000 0.0000 0.0000	</row1>
					<row2>	0.0000 0.0000 -1.0000 0.0000	</row2>
					<row3>	0.1890 0.3886 -0.9046 1.0000	</row3>
				</transform>
			</node>
			<node>
				<identifier>	MP_WM532_Whaleboat_26ft	</identifier>
				<transform>
					<row0>	0.9970 0.0000 0.0777 0.0000	</row0>
					<row1>	0.0000 1.0000 0.0000 0.0000	</row1>
					<row2>	-0.0777 0.0000 0.9970 0.0000	</row2>
					<row3>	-0.2988 0.4462 0.9039 1.0000	</row3>
				</transform>
			</node>
			<node>
				<identifier>	MP_WM532_Whaleboat_26ft_INDEX_1	</identifier>
				<transform>
					<row0>	0.9970 0.0000 -0.0777 0.0000	</row0>
					<row1>	0.0000 1.0000 0.0000 0.0000	</row1>
					<row2>	0.0777 0.0000 0.9970 0.0000	</row2>
					<row3>	0.2986 0.4462 0.9039 1.0000	</row3>
				</transform>
			</node>
			<node>
				<identifier>	MP_WM534_Boat_6	</identifier>
				<transform>
					<row0>	-0.0036 0.8991 -0.0393 0.0000	</row0>
					<row1>	-0.8988 -0.0016 0.0471 0.0000	</row1>
					<row2>	0.0469 0.0394 0.8979 0.0000	</row2>
					<row3>	-0.3198 0.3598 1.7243 1.0000	</row3>
				</transform>
			</node>
			<node>
				<identifier>	MP_WM534_Boat_6_INDEX_1	</identifier>
				<transform>
					<row0>	-0.0036 -0.8991 0.0393 0.0000	</row0>
					<row1>	0.8988 -0.0016 0.0471 0.0000	</row1>
					<row2>	-0.0469 0.0394 0.8979 0.0000	</row2>
					<row3>	0.3198 0.3598 1.7243 1.0000	</row3>
				</transform>
			</node>
			<node>
				<identifier>	MP_WM534_Boat_6_INDEX_2	</identifier>
				<transform>
					<row0>	-0.0032 0.8996 -0.0275 0.0000	</row0>
					<row1>	-0.8990 -0.0019 0.0418 0.0000	</row1>
					<row2>	0.0417 0.0276 0.8986 0.0000	</row2>
					<row3>	-0.3304 0.3510 1.5299 1.0000	</row3>
				</transform>
			</node>
			<node>
				<identifier>	MP_WM534_Boat_6_INDEX_3	</identifier>
				<transform>
					<row0>	-0.0032 -0.8996 0.0275 0.0000	</row0>
					<row1>	0.8990 -0.0019 0.0418 0.0000	</row1>
					<row2>	-0.0417 0.0276 0.8986 0.0000	</row2>
					<row3>	0.3304 0.3510 1.5299 1.0000	</row3>
				</transform>
			</node>
			<node>
				<identifier>	MP_WM618_Voice_Tube	</identifier>
				<transform>
					<row0>	0.0000 0.0000 1.0000 0.0000	</row0>
					<row1>	0.0000 1.0000 0.0000 0.0000	</row1>
					<row2>	-1.0000 0.0000 0.0000 0.0000	</row2>
					<row3>	-0.2970 0.6033 1.4784 1.0000	</row3>
				</transform>
			</node>
			<node>
				<identifier>	MP_WM618_Voice_Tube_INDEX_1	</identifier>
				<transform>
					<row0>	0.0000 0.0000 -1.0000 0.0000	</row0>
					<row1>	0.0000 1.0000 0.0000 0.0000	</row1>
					<row2>	1.0000 0.0000 0.0000 0.0000	</row2>
					<row3>	0.2970 0.6033 1.4784 1.0000	</row3>
				</transform>
			</node>
			<node>
				<identifier>	MP_WM618_Voice_Tube_INDEX_2	</identifier>
				<transform>
					<row0>	1.0000 0.0000 0.0000 0.0000	</row0>
					<row1>	0.0000 1.0000 0.0000 0.0000	</row1>
					<row2>	0.0000 0.0000 1.0000 0.0000	</row2>
					<row3>	0.0222 0.6033 1.7117 1.0000	</row3>
				</transform>
			</node>
			<node>
				<identifier>	MP_WM622_Helmet_shelf	</identifier>
				<transform>
					<row0>	-0.7229 0.0000 0.6910 0.0000	</row0>
					<row1>	0.0000 1.0000 0.0000 0.0000	</row1>
					<row2>	-0.6910 0.0000 -0.7229 0.0000	</row2>
					<row3>	-0.0968 0.2124 -0.8960 1.0000	</row3>
				</transform>
			</node>
			<node>
				<identifier>	MP_WM622_Helmet_shelf_INDEX_1	</identifier>
				<transform>
					<row0>	-0.7229 0.0000 -0.6910 0.0000	</row0>
					<row1>	0.0000 1.0000 0.0000 0.0000	</row1>
					<row2>	0.6910 0.0000 -0.7229 0.0000	</row2>
					<row3>	0.1008 0.2124 -0.8963 1.0000	</row3>
				</transform>
			</node>
			<node>
				<identifier>	MP_WM622_Helmet_shelf_INDEX_2	</identifier>
				<transform>
					<row0>	-0.8961 0.0000 -0.4438 0.0000	</row0>
					<row1>	0.0000 1.0000 0.0000 0.0000	</row1>
					<row2>	0.4438 0.0000 -0.8961 0.0000	</row2>
					<row3>	-0.3227 0.2816 1.1400 1.0000	</row3>
				</transform>
			</node>
			<node>
				<identifier>	MP_WM622_Helmet_shelf_INDEX_3	</identifier>
				<transform>
					<row0>	-0.8961 0.0000 0.4438 0.0000	</row0>
					<row1>	0.0000 1.0000 0.0000 0.0000	</row1>
					<row2>	-0.4438 0.0000 -0.8961 0.0000	</row2>
					<row3>	0.3227 0.2816 1.1400 1.0000	</row3>
				</transform>
			</node>
			<node>
				<identifier>	MP_WM622_Helmet_shelf_INDEX_4	</identifier>
				<transform>
					<row0>	-1.0000 0.0000 0.0000 0.0000	</row0>
					<row1>	0.0000 1.0000 0.0000 0.0000	</row1>
					<row2>	0.0000 0.0000 -1.0000 0.0000	</row2>
					<row3>	0.2249 0.2745 1.1766 1.0000	</row3>
				</transform>
			</node>
			<node>
				<identifier>	MP_WM623_Compass_Binnacle	</identifier>
				<transform>
					<row0>	1.0000 0.0000 0.0000 0.0000	</row0>
					<row1>	0.0000 1.0000 0.0000 0.0000	</row1>
					<row2>	0.0000 0.0000 1.0000 0.0000	</row2>
					<row3>	0.0000 0.6027 1.5938 1.0000	</row3>
				</transform>
			</node>
			<node>
				<identifier>	MP_WM623_Compass_Binnacle_INDEX_1	</identifier>
				<transform>
					<row0>	1.0000 0.0000 0.0000 0.0000	</row0>
					<row1>	0.0000 1.0000 0.0000 0.0000	</row1>
					<row2>	0.0000 0.0000 1.0000 0.0000	</row2>
					<row3>	0.0000 0.5554 0.4640 1.0000	</row3>
				</transform>
			</node>
			<node>
				<identifier>	MP_WM624_Pelorus_Mk7	</identifier>
				<transform>
					<row0>	0.0000 0.0000 1.0000 0.0000	</row0>
					<row1>	0.0000 1.0000 0.0000 0.0000	</row1>
					<row2>	-1.0000 0.0000 0.0000 0.0000	</row2>
					<row3>	-0.2816 0.6120 1.5218 1.0000	</row3>
				</transform>
			</node>
			<node>
				<identifier>	MP_WM624_Pelorus_Mk7_INDEX_1	</identifier>
				<transform>
					<row0>	0.0000 0.0000 -1.0000 0.0000	</row0>
					<row1>	0.0000 1.0000 0.0000 0.0000	</row1>
					<row2>	1.0000 0.0000 0.0000 0.0000	</row2>
					<row3>	0.2816 0.6120 1.5218 1.0000	</row3>
				</transform>
			</node>
			<node>
				<identifier>	MP_WM625_Pelorus	</identifier>
				<transform>
					<row0>	0.0000 0.0000 1.0000 0.0000	</row0>
					<row1>	0.0000 1.0000 0.0000 0.0000	</row1>
					<row2>	-1.0000 0.0000 0.0000 0.0000	</row2>
					<row3>	0.0486 0.6227 0.4889 1.0000	</row3>
				</transform>
			</node>
			<node>
				<identifier>	MP_WM625_Pelorus_INDEX_1	</identifier>
				<transform>
					<row0>	0.0000 0.0000 1.0000 0.0000	</row0>
					<row1>	0.0000 1.0000 0.0000 0.0000	</row1>
					<row2>	-1.0000 0.0000 0.0000 0.0000	</row2>
					<row3>	0.0000 0.6969 1.7244 1.0000	</row3>
				</transform>
			</node>
			<node>
				<identifier>	MP_WM626_Seat	</identifier>
				<transform>
					<row0>	0.9659 0.0000 0.2588 0.0000	</row0>
					<row1>	0.0000 1.0000 0.0000 0.0000	</row1>
					<row2>	-0.2588 0.0000 0.9659 0.0000	</row2>
					<row3>	0.1144 0.6463 1.5361 1.0000	</row3>
				</transform>
			</node>
			<node>
				<identifier>	MP_WM626_Seat_INDEX_1	</identifier>
				<transform>
					<row0>	0.5748 0.0000 -0.8183 0.0000	</row0>
					<row1>	0.0000 1.0000 0.0000 0.0000	</row1>
					<row2>	0.8183 0.0000 0.5748 0.0000	</row2>
					<row3>	-0.0660 0.6525 1.6813 1.0000	</row3>
				</transform>
			</node>
			<node>
				<identifier>	MP_WM627_Elec_Panel	</identifier>
				<transform>
					<row0>	1.0000 0.0000 0.0000 0.0000	</row0>
					<row1>	0.0000 1.0000 0.0000 0.0000	</row1>
					<row2>	0.0000 0.0000 1.0000 0.0000	</row2>
					<row3>	0.0549 0.7796 1.6155 1.0000	</row3>
				</transform>
			</node>
			<node>
				<identifier>	MP_WM627_Elec_Panel_INDEX_1	</identifier>
				<transform>
					<row0>	1.0000 0.0000 0.0000 0.0000	</row0>
					<row1>	0.0000 1.0000 0.0000 0.0000	</row1>
					<row2>	0.0000 0.0000 1.0000 0.0000	</row2>
					<row3>	-0.0527 0.5988 0.4866 1.0000	</row3>
				</transform>
			</node>
			<node>
				<identifier>	MP_WM627_Elec_Panel_INDEX_2	</identifier>
				<transform>
					<row0>	-0.7289 0.0000 0.6847 0.0000	</row0>
					<row1>	0.0000 1.0000 0.0000 0.0000	</row1>
					<row2>	-0.6847 0.0000 -0.7289 0.0000	</row2>
					<row3>	-0.0579 0.7796 1.0881 1.0000	</row3>
				</transform>
			</node>
			<node>
				<identifier>	MP_WM628_Elec_Panel	</identifier>
				<transform>
					<row0>	1.0000 0.0000 0.0000 0.0000	</row0>
					<row1>	0.0000 1.0000 0.0000 0.0000	</row1>
					<row2>	0.0000 0.0000 1.0000 0.0000	</row2>
					<row3>	-0.0585 0.7809 1.6154 1.0000	</row3>
				</transform>
			</node>
			<node>
				<identifier>	MP_WM629_Telegraph_Engine	</identifier>
				<transform>
					<row0>	1.0000 0.0000 0.0000 0.0000	</row0>
					<row1>	0.0000 1.0000 0.0000 0.0000	</row1>
					<row2>	0.0000 0.0000 1.0000 0.0000	</row2>
					<row3>	0.0560 0.6028 1.5552 1.0000	</row3>
				</transform>
			</node>
			<node>
				<identifier>	MP_WM630_Steering_Column	</identifier>
				<transform>
					<row0>	1.0000 0.0000 0.0000 0.0000	</row0>
					<row1>	0.0000 1.0000 0.0000 0.0000	</row1>
					<row2>	0.0000 0.0000 1.0000 0.0000	</row2>
					<row3>	-0.0176 0.6022 1.5552 1.0000	</row3>
				</transform>
			</node>
			<node>
				<identifier>	MP_WM631_Multipole_Switch	</identifier>
				<transform>
					<row0>	0.0000 0.0000 1.0000 0.0000	</row0>
					<row1>	0.0000 1.0000 0.0000 0.0000	</row1>
					<row2>	-1.0000 0.0000 0.0000 0.0000	</row2>
					<row3>	-0.0768 0.6395 0.3284 1.0000	</row3>
				</transform>
			</node>
			<node>
				<identifier>	MP_WM631_Multipole_Switch_INDEX_1	</identifier>
				<transform>
					<row0>	0.0000 0.0000 -1.0000 0.0000	</row0>
					<row1>	0.0000 1.0000 0.0000 0.0000	</row1>
					<row2>	1.0000 0.0000 0.0000 0.0000	</row2>
					<row3>	0.0768 0.6395 0.3284 1.0000	</row3>
				</transform>
			</node>
			<node>
				<identifier>	MP_WM631_Multipole_Switch_INDEX_2	</identifier>
				<transform>
					<row0>	0.5000 0.0000 0.8660 0.0000	</row0>
					<row1>	0.0000 1.0000 0.0000 0.0000	</row1>
					<row2>	-0.8660 0.0000 0.5000 0.0000	</row2>
					<row3>	0.3849 0.4246 -0.0429 1.0000	</row3>
				</transform>
			</node>
			<node>
				<identifier>	MP_WM631_Multipole_Switch_INDEX_3	</identifier>
				<transform>
					<row0>	0.3336 0.0000 -0.9427 0.0000	</row0>
					<row1>	0.0000 1.0000 0.0000 0.0000	</row1>
					<row2>	0.9427 0.0000 0.3336 0.0000	</row2>
					<row3>	-0.3881 0.4246 -0.0473 1.0000	</row3>
				</transform>
			</node>
			<node>
				<identifier>	MP_WM631_Multipole_Switch_INDEX_4	</identifier>
				<transform>
					<row0>	1.0000 0.0000 0.0000 0.0000	</row0>
					<row1>	0.0000 1.0000 0.0000 0.0000	</row1>
					<row2>	0.0000 0.0000 1.0000 0.0000	</row2>
					<row3>	-0.0230 0.6402 1.6202 1.0000	</row3>
				</transform>
			</node>
			<node>
