<FSC026_Conde_1957_Bow_ports.visual>
	<node>
		<identifier>	Scene Root	</identifier>
		<transform>
			<row0>	1.0000 0.0000 0.0000 0.0000	</row0>
			<row1>	0.0000 1.0000 0.0000 0.0000	</row1>
			<row2>	0.0000 0.0000 1.0000 0.0000	</row2>
			<row3>	0.0000 0.0000 0.0000 1.0000	</row3>
		</transform>
		<node>
			<identifier>	Bow_ports	</identifier>
			<transform>
				<row0>	1.0000 0.0000 0.0000 0.0000	</row0>
				<row1>	0.0000 1.0000 0.0000 0.0000	</row1>
				<row2>	0.0000 0.0000 1.0000 0.0000	</row2>
				<row3>	0.0000 0.0000 0.0000 1.0000	</row3>
			</transform>
			<node>
				<identifier>	HP_FGM_1	</identifier>
				<transform>
					<row0>	1.0000 0.0000 0.0000 0.0000	</row0>
					<row1>	0.0000 1.0000 0.0000 0.0000	</row1>
					<row2>	0.0000 0.0000 1.0000 0.0000	</row2>
					<row3>	0.0000 0.4416 4.3995 1.0000	</row3>
				</transform>
			</node>
			<node>
				<identifier>	HP_FX_Death_1	</identifier>
				<transform>
					<row0>	1.0000 0.0000 0.0000 0.0000	</row0>
					<row1>	0.0000 1.0000 0.0000 0.0000	</row1>
					<row2>	0.0000 0.0000 1.0000 0.0000	</row2>
					<row3>	0.0000 0.0000 4.9324 1.0000	</row3>
				</transform>
			</node>
			<node>
				<identifier>	HP_FX_Fire_1	</identifier>
				<transform>
					<row0>	1.0000 0.0000 0.0000 0.0000	</row0>
					<row1>	0.0000 1.0000 0.0000 0.0000	</row1>
					<row2>	0.0000 0.0000 1.0000 0.0000	</row2>
					<row3>	0.0000 0.4050 5.8516 1.0000	</row3>
				</transform>
			</node>
			<node>
				<identifier>	HP_FX_Flood_water_left_4	</identifier>
				<transform>
					<row0>	-0.9946 0.0000 0.1035 0.0000	</row0>
					<row1>	0.0000 1.0000 0.0000 0.0000	</row1>
					<row2>	-0.1035 0.0000 -0.9946 0.0000	</row2>
					<row3>	-0.5262 0.0317 4.0968 1.0000	</row3>
				</transform>
			</node>
			<node>
				<identifier>	HP_FX_Flood_water_right_4	</identifier>
				<transform>
					<row0>	0.9888 0.0000 0.1493 0.0000	</row0>
					<row1>	0.0000 1.0000 0.0000 0.0000	</row1>
					<row2>	-0.1493 0.0000 0.9888 0.0000	</row2>
					<row3>	0.5262 0.0323 4.0971 1.0000	</row3>
				</transform>
			</node>
			<node>
				<identifier>	HP_FX_RepairLight_right_2	</identifier>
				<transform>
					<row0>	0.0881 0.0000 -0.9961 0.0000	</row0>
					<row1>	0.2686 0.9630 0.0237 0.0000	</row1>
					<row2>	0.9592 -0.2696 0.0848 0.0000	</row2>
					<row3>	0.6203 0.3673 3.8363 1.0000	</row3>
				</transform>
			</node>
			<node>
				<identifier>	HP_FX_WakeTrace	</identifier>
				<transform>
					<row0>	1.0000 0.0000 0.0000 0.0000	</row0>
					<row1>	0.0000 1.0000 0.0000 0.0000	</row1>
					<row2>	0.0000 0.0000 1.0000 0.0000	</row2>
					<row3>	0.0000 0.0000 8.0041 1.0000	</row3>
				</transform>
			</node>
			<node>
				<identifier>	HP_Ship_death_1	</identifier>
				<transform>
					<row0>	1.0000 0.0000 0.0000 0.0000	</row0>
					<row1>	0.0000 1.0000 0.0000 0.0000	</row1>
					<row2>	0.0000 0.0000 1.0000 0.0000	</row2>
					<row3>	0.0000 0.0000 3.5952 1.0000	</row3>
				</transform>
			</node>
			<node>
				<identifier>	MP_CM011_Fire_Fighting_Gear	</identifier>
				<transform>
					<row0>	-0.7780 0.0000 -0.6282 0.0000	</row0>
					<row1>	0.0000 1.0000 0.0000 0.0000	</row1>
					<row2>	0.6282 0.0000 -0.7780 0.0000	</row2>
					<row3>	-0.2110 0.4015 4.6630 1.0000	</row3>
				</transform>
			</node>
			<node>
				<identifier>	MP_CM011_Fire_Fighting_Gear_INDEX_1	</identifier>
				<transform>
					<row0>	-0.7780 0.0000 0.6282 0.0000	</row0>
					<row1>	0.0000 1.0000 0.0000 0.0000	</row1>
					<row2>	-0.6282 0.0000 -0.7780 0.0000	</row2>
					<row3>	0.2110 0.4015 4.6630 1.0000	</row3>
				</transform>
			</node>
			<node>
				<identifier>	MP_CM011_Fire_Fighting_Gear_INDEX_2	</identifier>
				<transform>
					<row0>	1.0000 0.0000 0.0000 0.0000	</row0>
					<row1>	0.0000 1.0000 0.0000 0.0000	</row1>
					<row2>	0.0000 0.0000 1.0000 0.0000	</row2>
					<row3>	-0.0176 0.4131 5.1273 1.0000	</row3>
				</transform>
			</node>
			<node>
				<identifier>	MP_CM013_Fire_Hose_Rack_2	</identifier>
				<transform>
					<row0>	-0.7732 0.0000 -0.6341 0.0000	</row0>
					<row1>	0.0000 1.0000 0.0000 0.0000	</row1>
					<row2>	0.6341 0.0000 -0.7732 0.0000	</row2>
					<row3>	0.2562 0.4180 4.6014 1.0000	</row3>
				</transform>
			</node>
			<node>
				<identifier>	MP_CM013_Fire_Hose_Rack_2_INDEX_1	</identifier>
				<transform>
					<row0>	0.7755 0.0000 -0.6314 0.0000	</row0>
					<row1>	0.0000 1.0000 0.0000 0.0000	</row1>
					<row2>	0.6314 0.0000 0.7755 0.0000	</row2>
					<row3>	-0.2562 0.4180 4.6014 1.0000	</row3>
				</transform>
			</node>
			<node>
				<identifier>	MP_CM056_Ships_bell	</identifier>
				<transform>
					<row0>	1.0000 0.0000 0.0000 0.0000	</row0>
					<row1>	0.0000 1.0000 0.0000 0.0000	</row1>
					<row2>	0.0000 0.0000 1.0000 0.0000	</row2>
					<row3>	0.0000 0.6567 8.2045 1.0000	</row3>
				</transform>
			</node>
			<node>
				<identifier>	MP_FM015_Life_Buoy	</identifier>
				<transform>
					<row0>	-0.1201 0.0000 0.9928 0.0000	</row0>
					<row1>	0.0000 1.0000 0.0000 0.0000	</row1>
					<row2>	-0.9928 0.0000 -0.1201 0.0000	</row2>
					<row3>	0.3447 0.4917 6.3992 1.0000	</row3>
				</transform>
			</node>
			<node>
				<identifier>	MP_FM015_Life_Buoy_INDEX_1	</identifier>
				<transform>
					<row0>	-0.1201 0.0000 -0.9928 0.0000	</row0>
					<row1>	0.0000 1.0000 0.0000 0.0000	</row1>
					<row2>	0.9928 0.0000 -0.1201 0.0000	</row2>
					<row3>	-0.3447 0.4917 6.3992 1.0000	</row3>
				</transform>
			</node>
			<node>
				<identifier>	MP_FM851_Mastheadlight	</identifier>
				<transform>
					<row0>	1.0000 0.0000 0.0000 0.0000	</row0>
					<row1>	0.0000 1.0000 0.0000 0.0000	</row1>
					<row2>	0.0000 0.0000 1.0000 0.0000	</row2>
					<row3>	0.0000 0.6932 8.2435 1.0000	</row3>
				</transform>
			</node>
			<node>
				<identifier>	MP_FM950_Anchor_bottom	</identifier>
				<transform>
					<row0>	0.2129 -0.8097 -0.5468 0.0000	</row0>
					<row1>	-0.1505 0.5258 -0.8372 0.0000	</row1>
					<row2>	0.9654 0.2605 -0.0099 0.0000	</row2>
					<row3>	-0.1431 0.3102 7.5535 1.0000	</row3>
				</transform>
			</node>
			<node>
				<identifier>	MP_FM950_Anchor_bottom_INDEX_1	</identifier>
				<transform>
					<row0>	0.2129 0.8097 0.5468 0.0000	</row0>
					<row1>	0.1505 0.5258 -0.8372 0.0000	</row1>
					<row2>	-0.9654 0.2605 -0.0099 0.0000	</row2>
					<row3>	0.1431 0.3102 7.5535 1.0000	</row3>
				</transform>
			</node>
			<node>
				<identifier>	MP_FM951_Anchor_up	</identifier>
				<transform>
					<row0>	0.2208 0.8422 0.4918 0.0000	</row0>
					<row1>	-0.0256 0.5091 -0.8603 0.0000	</row1>
					<row2>	-0.9750 0.1774 0.1340 0.0000	</row2>
					<row3>	0.1431 0.3102 7.5535 1.0000	</row3>
				</transform>
			</node>
			<node>
				<identifier>	MP_FM951_Anchor_up_INDEX_1	</identifier>
				<transform>
					<row0>	0.2208 -0.8422 -0.4918 0.0000	</row0>
					<row1>	0.0256 0.5091 -0.8603 0.0000	</row1>
					<row2>	0.9750 0.1774 0.1340 0.0000	</row2>
					<row3>	-0.1431 0.3102 7.5535 1.0000	</row3>
				</transform>
			</node>
			<node>
				<identifier>	SP_YMS001_YHBM_M_1	</identifier>
				<transform>
					<row0>	1.0000 0.0000 0.0000 0.0000	</row0>
					<row1>	0.0000 0.9945 0.1048 0.0000	</row1>
					<row2>	0.0000 -0.1048 0.9945 0.0000	</row2>
					<row3>	0.0000 0.5113 8.2488 1.0000	</row3>
				</transform>
			</node>
			<node>
				<identifier>	SP_YMS002_YHBL_M_1	</identifier>
				<transform>
					<row0>	0.8351 0.0000 0.0000 0.0000	</row0>
					<row1>	0.0000 0.8342 -0.0394 0.0000	</row1>
					<row2>	0.0000 0.0394 0.8342 0.0000	</row2>
					<row3>	0.0000 0.4945 8.2488 1.0000	</row3>
				</transform>
			</node>
			<node>
				<identifier>	SP_YMS003_YHBR_M_1	</identifier>
				<transform>
					<row0>	0.8350 0.0000 0.0000 0.0000	</row0>
					<row1>	0.0000 0.8341 -0.0394 0.0000	</row1>
					<row2>	0.0000 0.0394 0.8341 0.0000	</row2>
					<row3>	0.0000 0.4945 8.2488 1.0000	</row3>
				</transform>
			</node>
			<node>
				<identifier>	SP_YMS004_YHXL_L_1	</identifier>
				<transform>
					<row0>	0.8115 0.3352 -0.1140 0.0000	</row0>
					<row1>	-0.3385 0.8181 -0.0041 0.0000	</row1>
					<row2>	0.1038 0.0474 0.8780 0.0000	</row2>
					<row3>	-0.1341 0.3313 7.5486 1.0000	</row3>
				</transform>
			</node>
			<node>
				<identifier>	SP_YMS005_YHXR_L_1	</identifier>
				<transform>
					<row0>	0.8112 -0.3350 0.1140 0.0000	</row0>
					<row1>	0.3383 0.8178 -0.0041 0.0000	</row1>
					<row2>	-0.1037 0.0474 0.8776 0.0000	</row2>
					<row3>	0.1341 0.3313 7.5486 1.0000	</row3>
				</transform>
			</node>
			<node>
				<identifier>	SP_YMS010_YHWM_L_1_INDEX_1	</identifier>
				<transform>
					<row0>	0.6142 0.0000 0.0000 0.0000	</row0>
					<row1>	0.0000 0.6142 0.0000 0.0000	</row1>
					<row2>	0.0000 0.0000 0.6142 0.0000	</row2>
					<row3>	0.0000 0.0000 8.1444 1.0000	</row3>
				</transform>
			</node>
			<node>
				<identifier>	SP_YMS011_YHWL_M_1_INDEX_1	</identifier>
				<transform>
					<row0>	0.9087 0.1318 -0.1275 0.0000	</row0>
					<row1>	-0.1307 0.9176 0.0175 0.0000	</row1>
					<row2>	0.1287 0.0008 0.9180 0.0000	</row2>
					<row3>	-0.2167 0.0000 6.2718 1.0000	</row3>
				</transform>
			</node>
			<node>
				<identifier>	SP_YMS011_YHWL_M_1_INDEX_10	</identifier>
				<transform>
					<row0>	0.9904 0.0594 -0.1246 0.0000	</row0>
					<row1>	-0.0590 0.9982 0.0074 0.0000	</row1>
					<row2>	0.1249 0.0000 0.9922 0.0000	</row2>
					<row3>	-0.5757 0.0000 3.8080 1.0000	</row3>
				</transform>
			</node>
			<node>
				<identifier>	SP_YMS011_YHWL_M_1_INDEX_13	</identifier>
				<transform>
					<row0>	0.9873 0.0751 -0.1402 0.0000	</row0>
					<row1>	-0.0745 0.9972 0.0094 0.0000	</row1>
					<row2>	0.1405 0.0012 0.9901 0.0000	</row2>
					<row3>	-0.4576 0.0000 4.6483 1.0000	</row3>
				</transform>
			</node>
			<node>
				<identifier>	SP_YMS011_YHWL_M_1_INDEX_17	</identifier>
				<transform>
					<row0>	0.9615 0.0933 -0.1390 0.0000	</row0>
					<row1>	-0.0925 0.9715 0.0121 0.0000	</row1>
					<row2>	0.1395 0.0012 0.9660 0.0000	</row2>
					<row3>	-0.3356 0.0000 5.4795 1.0000	</row3>
				</transform>
			</node>
			<node>
				<identifier>	SP_YMS011_YHWL_M_1_INDEX_4	</identifier>
				<transform>
					<row0>	0.8713 0.1258 -0.0905 0.0000	</row0>
					<row1>	-0.1248 0.8760 0.0167 0.0000	</row1>
					<row2>	0.0920 -0.0037 0.8802 0.0000	</row2>
					<row3>	-0.1206 0.0000 7.0339 1.0000	</row3>
				</transform>
			</node>
			<node>
				<identifier>	SP_YMS012_YHWR_M_1_INDEX_13	</identifier>
				<transform>
					<row0>	0.8716 -0.1259 0.0906 0.0000	</row0>
					<row1>	0.1248 0.8763 0.0167 0.0000	</row1>
					<row2>	-0.0920 -0.0037 0.8805 0.0000	</row2>
					<row3>	0.1206 0.0000 7.0339 1.0000	</row3>
				</transform>
			</node>
			<node>
				<identifier>	SP_YMS012_YHWR_M_1_INDEX_17	</identifier>
				<transform>
					<row0>	0.9090 -0.1319 0.1275 0.0000	</row0>
					<row1>	0.1307 0.9179 0.0175 0.0000	</row1>
					<row2>	-0.1287 0.0008 0.9184 0.0000	</row2>
					<row3>	0.2167 0.0000 6.2718 1.0000	</row3>
				</transform>
			</node>
			<node>
				<identifier>	SP_YMS012_YHWR_M_1_INDEX_2	</identifier>
				<transform>
					<row0>	0.9873 -0.0751 0.1402 0.0000	</row0>
					<row1>	0.0745 0.9972 0.0094 0.0000	</row1>
					<row2>	-0.1405 0.0012 0.9901 0.0000	</row2>
					<row3>	0.4576 0.0000 4.6483 1.0000	</row3>
				</transform>
			</node>
			<node>
				<identifier>	SP_YMS012_YHWR_M_1_INDEX_4	</identifier>
				<transform>
					<row0>	0.9904 -0.0594 0.1246 0.0000	</row0>
					<row1>	0.0590 0.9982 0.0074 0.0000	</row1>
					<row2>	-0.1249 0.0000 0.9922 0.0000	</row2>
					<row3>	0.5757 0.0000 3.8080 1.0000	</row3>
				</transform>
			</node>
			<node>
				<identifier>	SP_YMS012_YHWR_M_1_INDEX_8	</identifier>
				<transform>
					<row0>	0.9611 -0.0932 0.1389 0.0000	</row0>
					<row1>	0.0925 0.9711 0.0121 0.0000	</row1>
					<row2>	-0.1394 0.0012 0.9655 0.0000	</row2>
					<row3>	0.3356 0.0000 5.4795 1.0000	</row3>
				</transform>
			</node>
			<node>
				<identifier>	SP_YMS020_YHBU_M_1	</identifier>
				<transform>
					<row0>	1.5377 0.0000 0.0000 0.0000	</row0>
					<row1>	0.0000 1.5377 0.0000 0.0000	</row1>
					<row2>	0.0000 0.0000 1.5377 0.0000	</row2>
					<row3>	0.0000 0.0475 7.7677 1.0000	</row3>
				</transform>
			</node>
			<node>
				<identifier>	SP_YMS022_YHUS_L_1	</identifier>
				<transform>
					<row0>	-0.2090 0.0000 -1.3837 0.0000	</row0>
					<row1>	-0.2897 1.3684 0.0438 0.0000	</row1>
					<row2>	1.3530 0.2930 -0.2044 0.0000	</row2>
					<row3>	-0.3417 -0.4875 4.3995 1.0000	</row3>
				</transform>
			</node>
			<node>
				<identifier>	SP_YMS022_YHUS_L_1_INDEX_2	</identifier>
				<transform>
					<row0>	-0.2090 0.0000 1.3837 0.0000	</row0>
					<row1>	0.2897 1.3684 0.0438 0.0000	</row1>
					<row2>	-1.3530 0.2930 -0.2044 0.0000	</row2>
					<row3>	0.3417 -0.4875 4.3995 1.0000	</row3>
				</transform>
			</node>
			<node>
				<identifier>	SP_YMS052_YHDR_L_1	</identifier>
				<transform>
					<row0>	0.9978 -0.0004 0.0668 0.0000	</row0>
					<row1>	0.0011 0.9999 -0.0109 0.0000	</row1>
					<row2>	-0.0667 0.0110 0.9977 0.0000	</row2>
					<row3>	0.7208 0.3559 2.8424 1.0000	</row3>
				</transform>
			</node>
			<node>
				<identifier>	SP_YMS053_YHDC_S_1_INDEX_2	</identifier>
				<transform>
					<row0>	1.0000 0.0000 0.0000 0.0000	</row0>
					<row1>	0.0000 1.0000 0.0000 0.0000	</row1>
					<row2>	0.0000 0.0000 1.0000 0.0000	</row2>
					<row3>	0.0000 0.4364 5.5825 1.0000	</row3>
				</transform>
			</node>
			<node>
				<identifier>	SP_YMS080_YHSL_M_1	</identifier>
				<transform>
					<row0>	0.7466 0.2802 -0.0941 0.0000	</row0>
					<row1>	-0.2780 0.7525 0.0351 0.0000	</row1>
					<row2>	0.1004 0.0000 0.7967 0.0000	</row2>
					<row3>	-0.4343 0.1834 4.8843 1.0000	</row3>
				</transform>
			</node>
			<node>
				<identifier>	SP_YMS081_YHSR_M_1_INDEX_2	</identifier>
				<transform>
					<row0>	0.7470 -0.2804 0.0942 0.0000	</row0>
					<row1>	0.2782 0.7529 0.0351 0.0000	</row1>
					<row2>	-0.1005 0.0000 0.7971 0.0000	</row2>
					<row3>	0.4343 0.1834 4.8843 1.0000	</row3>
				</transform>
			</node>
			<node>
				<identifier>	SP_YMS083_YHSC_L_1_INDEX_6	</identifier>
				<transform>
					<row0>	-0.0901 0.0029 0.8711 0.0000	</row0>
					<row1>	0.2643 0.8346 0.0246 0.0000	</row1>
					<row2>	-0.8301 0.2655 -0.0867 0.0000	</row2>
					<row3>	0.5796 0.3785 4.2565 1.0000	</row3>
				</transform>
			</node>
			<node>
				<identifier>	SP_YMS083_YHSC_L_1_INDEX_8	</identifier>
				<transform>
					<row0>	-0.0901 -0.0029 -0.8711 0.0000	</row0>
					<row1>	-0.2643 0.8346 0.0246 0.0000	</row1>
					<row2>	0.8301 0.2655 -0.0867 0.0000	</row2>
					<row3>	-0.5796 0.3785 4.2565 1.0000	</row3>
				</transform>
			</node>
			<node>
				<identifier>	SP_YMS085_YHSC_S_1	</identifier>
				<transform>
					<row0>	-0.1152 -0.0296 -0.9929 0.0000	</row0>
					<row1>	-0.0575 0.9981 -0.0231 0.0000	</row1>
					<row2>	0.9917 0.0544 -0.1167 0.0000	</row2>
					<row3>	-0.3596 0.3894 6.0280 1.0000	</row3>
				</transform>
			</node>
			<node>
				<identifier>	SP_YMS085_YHSC_S_1_INDEX_3	</identifier>
				<transform>
					<row0>	-0.1152 0.0296 0.9929 0.0000	</row0>
					<row1>	0.0575 0.9981 -0.0231 0.0000	</row1>
					<row2>	-0.9917 0.0544 -0.1167 0.0000	</row2>
					<row3>	0.3596 0.3894 6.0280 1.0000	</row3>
				</transform>
			</node>
		</node>
	</node>
	<boundingBox>
		<min>	-0.0667 -0.0667 -0.0667	</min>
		<max>	0.0667 0.0667 0.0667	</max>
	</boundingBox>
</FSC026_Conde_1957_Bow_ports.visual>
