<RSC011_Pr_66_Moskva_1948_Stern_ports.visual>
	<node>
		<identifier>	Scene Root	</identifier>
		<transform>
			<row0>	1.0000 0.0000 0.0000 0.0000	</row0>
			<row1>	0.0000 1.0000 0.0000 0.0000	</row1>
			<row2>	0.0000 0.0000 1.0000 0.0000	</row2>
			<row3>	0.0000 0.0000 0.0000 1.0000	</row3>
		</transform>
		<node>
			<identifier>	Stern_ports	</identifier>
			<transform>
				<row0>	1.0000 0.0000 0.0000 0.0000	</row0>
				<row1>	0.0000 1.0000 0.0000 0.0000	</row1>
				<row2>	0.0000 0.0000 1.0000 0.0000	</row2>
				<row3>	0.0000 0.0000 0.0000 1.0000	</row3>
			</transform>
			<node>
				<identifier>	HP_FX_Death_3	</identifier>
				<transform>
					<row0>	1.0000 0.0000 0.0000 0.0000	</row0>
					<row1>	0.0000 1.0000 0.0000 0.0000	</row1>
					<row2>	0.0000 0.0000 1.0000 0.0000	</row2>
					<row3>	0.0000 0.0000 -5.7846 1.0000	</row3>
				</transform>
			</node>
			<node>
				<identifier>	HP_FX_Fire_4	</identifier>
				<transform>
					<row0>	1.0000 0.0000 0.0000 0.0000	</row0>
					<row1>	0.0000 1.0000 0.0000 0.0000	</row1>
					<row2>	0.0000 0.0000 1.0000 0.0000	</row2>
					<row3>	0.0000 0.4504 -6.8519 1.0000	</row3>
				</transform>
			</node>
			<node>
				<identifier>	HP_FX_WakeTraceBack	</identifier>
				<transform>
					<row0>	1.0000 0.0000 0.0000 0.0000	</row0>
					<row1>	0.0000 1.0000 0.0000 0.0000	</row1>
					<row2>	0.0000 0.0000 1.0000 0.0000	</row2>
					<row3>	-0.0240 0.0050 -8.1851 1.0000	</row3>
				</transform>
			</node>
			<node>
				<identifier>	HP_FX_WakeTrace_screw_1	</identifier>
				<transform>
					<row0>	1.0000 0.0000 0.0000 0.0000	</row0>
					<row1>	0.0000 1.0000 0.0000 0.0000	</row1>
					<row2>	0.0000 0.0000 1.0000 0.0000	</row2>
					<row3>	-0.5141 -0.3770 -6.3372 1.0000	</row3>
				</transform>
			</node>
			<node>
				<identifier>	HP_FX_WakeTrace_screw_2	</identifier>
				<transform>
					<row0>	1.0000 0.0000 0.0000 0.0000	</row0>
					<row1>	0.0000 1.0000 0.0000 0.0000	</row1>
					<row2>	0.0000 0.0000 1.0000 0.0000	</row2>
					<row3>	0.0000 -0.3687 -7.5873 1.0000	</row3>
				</transform>
			</node>
			<node>
				<identifier>	HP_FX_WakeTrace_screw_3	</identifier>
				<transform>
					<row0>	1.0000 0.0000 0.0000 0.0000	</row0>
					<row1>	0.0000 1.0000 0.0000 0.0000	</row1>
					<row2>	0.0000 0.0000 1.0000 0.0000	</row2>
					<row3>	0.5141 -0.3770 -6.3372 1.0000	</row3>
				</transform>
			</node>
			<node>
				<identifier>	HP_RGM_3	</identifier>
				<transform>
					<row0>	-1.0000 0.0000 0.0000 0.0000	</row0>
					<row1>	0.0000 1.0000 0.0000 0.0000	</row1>
					<row2>	0.0000 0.0000 -1.0000 0.0000	</row2>
					<row3>	0.0000 0.5095 -4.6640 1.0000	</row3>
				</transform>
			</node>
			<node>
				<identifier>	HP_Ship_death_3	</identifier>
				<transform>
					<row0>	1.0000 0.0000 0.0000 0.0000	</row0>
					<row1>	0.0000 1.0000 0.0000 0.0000	</row1>
					<row2>	0.0000 0.0000 1.0000 0.0000	</row2>
					<row3>	0.0000 0.0000 -4.6293 1.0000	</row3>
				</transform>
			</node>
			<node>
				<identifier>	MP_CM094_Propeller3_L	</identifier>
				<transform>
					<row0>	1.1051 -0.3685 -0.0502 0.0000	</row0>
					<row1>	0.3680 1.1062 -0.0207 0.0000	</row1>
					<row2>	0.0541 0.0038 1.1647 0.0000	</row2>
					<row3>	-0.5141 -0.3770 -6.3372 1.0000	</row3>
				</transform>
			</node>
			<node>
				<identifier>	MP_CM094_Propeller3_L_INDEX_1	</identifier>
				<transform>
					<row0>	1.1663 0.0000 0.0000 0.0000	</row0>
					<row1>	0.0000 1.1661 -0.0140 0.0000	</row1>
					<row2>	0.0000 0.0240 1.1661 0.0000	</row2>
					<row3>	0.0000 -0.3687 -7.5873 1.0000	</row3>
				</transform>
			</node>
			<node>
				<identifier>	MP_CM095_Propeller3_R	</identifier>
				<transform>
					<row0>	1.1058 0.3664 0.0500 0.0000	</row0>
					<row1>	-0.3656 1.1069 -0.0251 0.0000	</row1>
					<row2>	-0.0553 0.0081 1.1647 0.0000	</row2>
					<row3>	0.5141 -0.3770 -6.3372 1.0000	</row3>
				</transform>
			</node>
			<node>
				<identifier>	MP_CM137_Anchor_Up	</identifier>
				<transform>
					<row0>	0.3033 0.4455 -0.4305 0.0000	</row0>
					<row1>	0.2530 0.4505 0.6444 0.0000	</row1>
					<row2>	0.6973 -0.4412 0.0346 0.0000	</row2>
					<row3>	-0.3155 0.3573 -8.2238 1.0000	</row3>
				</transform>
			</node>
			<node>
				<identifier>	MP_CM138_Anchor_Bottom	</identifier>
				<transform>
					<row0>	0.2822 0.4413 -0.4223 0.0000	</row0>
					<row1>	-0.2251 0.5076 0.3800 0.0000	</row1>
					<row2>	0.5678 -0.0181 0.3605 0.0000	</row2>
					<row3>	-0.3155 0.3573 -8.2238 1.0000	</row3>
				</transform>
			</node>
			<node>
				<identifier>	MP_RM021_Screened_speed_light	</identifier>
				<transform>
					<row0>	-1.0000 0.0000 0.0000 0.0000	</row0>
					<row1>	0.0000 1.0000 0.0000 0.0000	</row1>
					<row2>	0.0000 0.0000 -1.0000 0.0000	</row2>
					<row3>	0.0000 0.6855 -8.4338 1.0000	</row3>
				</transform>
			</node>
			<node>
				<identifier>	MP_RM054_Life_buoy	</identifier>
				<transform>
					<row0>	0.1122 0.0000 0.9937 0.0000	</row0>
					<row1>	0.0000 1.0000 0.0000 0.0000	</row1>
					<row2>	-0.9937 0.0000 0.1122 0.0000	</row2>
					<row3>	0.6488 0.4812 -6.7285 1.0000	</row3>
				</transform>
			</node>
			<node>
				<identifier>	MP_RM054_Life_buoy_INDEX_1	</identifier>
				<transform>
					<row0>	0.1122 0.0000 -0.9937 0.0000	</row0>
					<row1>	0.0000 1.0000 0.0000 0.0000	</row1>
					<row2>	0.9937 0.0000 0.1122 0.0000	</row2>
					<row3>	-0.6488 0.4812 -6.7285 1.0000	</row3>
				</transform>
			</node>
			<node>
				<identifier>	MP_RM066_Ammunition_Box	</identifier>
				<transform>
					<row0>	-0.1045 0.0000 -0.9945 0.0000	</row0>
					<row1>	0.0000 1.0000 0.0000 0.0000	</row1>
					<row2>	0.9945 0.0000 -0.1045 0.0000	</row2>
					<row3>	0.6013 0.4391 -6.8922 1.0000	</row3>
				</transform>
			</node>
			<node>
				<identifier>	MP_RM066_Ammunition_Box_INDEX_1	</identifier>
				<transform>
					<row0>	-0.1045 0.0000 0.9945 0.0000	</row0>
					<row1>	0.0000 1.0000 0.0000 0.0000	</row1>
					<row2>	-0.9945 0.0000 -0.1045 0.0000	</row2>
					<row3>	-0.5989 0.4391 -6.8919 1.0000	</row3>
				</transform>
			</node>
			<node>
				<identifier>	MP_RM066_Ammunition_Box_INDEX_2	</identifier>
				<transform>
					<row0>	-0.8914 0.0000 -0.4532 0.0000	</row0>
					<row1>	0.0000 1.0000 0.0000 0.0000	</row1>
					<row2>	0.4532 0.0000 -0.8914 0.0000	</row2>
					<row3>	0.1546 0.4220 -4.9516 1.0000	</row3>
				</transform>
			</node>
			<node>
				<identifier>	MP_RM141_Signal_Lamp	</identifier>
				<transform>
					<row0>	1.0000 0.0000 0.0000 0.0000	</row0>
					<row1>	0.0000 0.9296 -0.3685 0.0000	</row1>
					<row2>	0.0000 0.3685 0.9296 0.0000	</row2>
					<row3>	0.0000 0.9736 -8.5201 1.0000	</row3>
				</transform>
			</node>
			<node>
				<identifier>	MP_RM200_Running_Lights_B	</identifier>
				<transform>
					<row0>	-1.0000 0.0000 0.0000 0.0000	</row0>
					<row1>	0.0000 1.0000 0.0000 0.0000	</row1>
					<row2>	0.0000 0.0000 -1.0000 0.0000	</row2>
					<row3>	0.0000 0.6362 -8.4079 1.0000	</row3>
				</transform>
			</node>
			<node>
				<identifier>	MP_RM202_Screen_Smoke_DA2	</identifier>
				<transform>
					<row0>	-0.7494 -0.0006 0.6621 0.0000	</row0>
					<row1>	0.0086 0.9999 0.0107 0.0000	</row1>
					<row2>	-0.6620 0.0137 -0.7494 0.0000	</row2>
					<row3>	-0.3110 0.4612 -8.2256 1.0000	</row3>
				</transform>
			</node>
			<node>
				<identifier>	MP_RM202_Screen_Smoke_DA2_INDEX_1	</identifier>
				<transform>
					<row0>	-0.7494 0.0006 -0.6621 0.0000	</row0>
					<row1>	-0.0086 0.9999 0.0107 0.0000	</row1>
					<row2>	0.6620 0.0137 -0.7494 0.0000	</row2>
					<row3>	0.3110 0.4612 -8.2256 1.0000	</row3>
				</transform>
			</node>
			<node>
				<identifier>	MP_RM214_Life_Buoy	</identifier>
				<transform>
					<row0>	0.3820 0.0000 0.9242 0.0000	</row0>
					<row1>	0.0000 1.0000 0.0000 0.0000	</row1>
					<row2>	-0.9242 0.0000 0.3820 0.0000	</row2>
					<row3>	0.2707 0.4995 -4.7806 1.0000	</row3>
				</transform>
			</node>
			<node>
				<identifier>	MP_RM214_Life_Buoy_INDEX_1	</identifier>
				<transform>
					<row0>	0.3820 0.0000 -0.9242 0.0000	</row0>
					<row1>	0.0000 1.0000 0.0000 0.0000	</row1>
					<row2>	0.9242 0.0000 0.3820 0.0000	</row2>
					<row3>	-0.2707 0.4995 -4.7806 1.0000	</row3>
				</transform>
			</node>
			<node>
				<identifier>	MP_RM241_Fairlead	</identifier>
				<transform>
					<row0>	1.4952 0.0000 0.1197 0.0000	</row0>
					<row1>	-0.0020 1.4998 0.0250 0.0000	</row1>
					<row2>	-0.1197 -0.0250 1.4950 0.0000	</row2>
					<row3>	-0.7262 0.4270 -5.7179 1.0000	</row3>
				</transform>
			</node>
			<node>
				<identifier>	MP_RM241_Fairlead_INDEX_1	</identifier>
				<transform>
					<row0>	1.4839 0.0000 -0.2193 0.0000	</row0>
					<row1>	0.0037 1.4998 0.0248 0.0000	</row1>
					<row2>	0.2193 -0.0250 1.4837 0.0000	</row2>
					<row3>	0.4941 0.4608 -7.7512 1.0000	</row3>
				</transform>
			</node>
			<node>
				<identifier>	MP_RM241_Fairlead_INDEX_2	</identifier>
				<transform>
					<row0>	1.4952 0.0000 -0.1197 0.0000	</row0>
					<row1>	0.0020 1.4998 0.0250 0.0000	</row1>
					<row2>	0.1197 -0.0250 1.4950 0.0000	</row2>
					<row3>	0.7262 0.4270 -5.7179 1.0000	</row3>
				</transform>
			</node>
			<node>
				<identifier>	MP_RM241_Fairlead_INDEX_3	</identifier>
				<transform>
					<row0>	1.4839 0.0000 0.2193 0.0000	</row0>
					<row1>	-0.0037 1.4998 0.0248 0.0000	</row1>
					<row2>	-0.2193 -0.0250 1.4837 0.0000	</row2>
					<row3>	-0.4941 0.4608 -7.7512 1.0000	</row3>
				</transform>
			</node>
			<node>
				<identifier>	MP_RM249_Coat_of_Arms_USSR	</identifier>
				<transform>
					<row0>	-1.0000 0.0000 0.0000 0.0000	</row0>
					<row1>	0.0000 0.9948 -0.1016 0.0000	</row1>
					<row2>	0.0000 -0.1016 -0.9948 0.0000	</row2>
					<row3>	0.0000 0.4189 -8.3631 1.0000	</row3>
				</transform>
			</node>
			<node>
				<identifier>	MP_RM256_Fairled	</identifier>
				<transform>
					<row0>	1.2482 0.0000 -0.0924 0.0000	</row0>
					<row1>	0.0000 1.2516 0.0000 0.0000	</row1>
					<row2>	0.0924 0.0000 1.2482 0.0000	</row2>
					<row3>	-0.2581 0.4597 -8.0945 1.0000	</row3>
				</transform>
			</node>
			<node>
				<identifier>	MP_RM281_Bollard	</identifier>
				<transform>
					<row0>	1.0000 0.0087 0.0000 0.0000	</row0>
					<row1>	-0.0087 0.9998 0.0175 0.0000	</row1>
					<row2>	0.0002 -0.0175 0.9998 0.0000	</row2>
					<row3>	-0.1341 0.4514 -7.4803 1.0000	</row3>
				</transform>
			</node>
			<node>
				<identifier>	MP_RM281_Bollard_INDEX_1	</identifier>
				<transform>
					<row0>	0.9959 0.0070 0.0905 0.0000	</row0>
					<row1>	-0.0084 0.9999 0.0152 0.0000	</row1>
					<row2>	-0.0904 -0.0159 0.9958 0.0000	</row2>
					<row3>	-0.6646 0.4243 -5.9443 1.0000	</row3>
				</transform>
			</node>
			<node>
				<identifier>	MP_RM281_Bollard_INDEX_2	</identifier>
				<transform>
					<row0>	0.9959 -0.0070 -0.0905 0.0000	</row0>
					<row1>	0.0084 0.9999 0.0152 0.0000	</row1>
					<row2>	0.0904 -0.0159 0.9958 0.0000	</row2>
					<row3>	0.6646 0.4243 -5.9443 1.0000	</row3>
				</transform>
			</node>
			<node>
				<identifier>	MP_RM281_Bollard_INDEX_3	</identifier>
				<transform>
					<row0>	0.9915 0.0064 0.1296 0.0000	</row0>
					<row1>	-0.0082 0.9999 0.0134 0.0000	</row1>
					<row2>	-0.1295 -0.0144 0.9915 0.0000	</row2>
					<row3>	-0.4965 0.4499 -7.5592 1.0000	</row3>
				</transform>
			</node>
			<node>
				<identifier>	MP_RM281_Bollard_INDEX_4	</identifier>
				<transform>
					<row0>	1.0000 -0.0087 0.0000 0.0000	</row0>
					<row1>	0.0087 0.9998 0.0175 0.0000	</row1>
					<row2>	-0.0002 -0.0175 0.9998 0.0000	</row2>
					<row3>	0.1341 0.4514 -7.4803 1.0000	</row3>
				</transform>
			</node>
			<node>
				<identifier>	MP_RM281_Bollard_INDEX_5	</identifier>
				<transform>
					<row0>	0.9915 -0.0064 -0.1296 0.0000	</row0>
					<row1>	0.0082 0.9999 0.0134 0.0000	</row1>
					<row2>	0.1295 -0.0144 0.9915 0.0000	</row2>
					<row3>	0.4965 0.4499 -7.5592 1.0000	</row3>
				</transform>
			</node>
			<node>
				<identifier>	MP_RM283_Hatch	</identifier>
				<transform>
					<row0>	-1.0000 0.0000 0.0000 0.0000	</row0>
					<row1>	0.0000 1.0000 0.0000 0.0000	</row1>
					<row2>	0.0000 0.0000 -1.0000 0.0000	</row2>
					<row3>	-0.1368 0.4576 -8.0821 1.0000	</row3>
				</transform>
			</node>
			<node>
				<identifier>	MP_RM284_Hatch	</identifier>
				<transform>
					<row0>	1.0000 0.0000 0.0000 0.0000	</row0>
					<row1>	0.0000 1.0000 0.0000 0.0000	</row1>
					<row2>	0.0000 0.0000 1.0000 0.0000	</row2>
					<row3>	0.1189 0.4385 -6.6779 1.0000	</row3>
				</transform>
			</node>
			<node>
				<identifier>	MP_RM284_Hatch_INDEX_1	</identifier>
				<transform>
					<row0>	1.0000 0.0000 0.0000 0.0000	</row0>
					<row1>	0.0000 1.0000 0.0000 0.0000	</row1>
					<row2>	0.0000 0.0000 1.0000 0.0000	</row2>
					<row3>	-0.1189 0.4385 -6.6779 1.0000	</row3>
				</transform>
			</node>
			<node>
				<identifier>	MP_RM284_Hatch_INDEX_2	</identifier>
				<transform>
					<row0>	1.0000 0.0000 0.0000 0.0000	</row0>
					<row1>	0.0000 1.0000 0.0000 0.0000	</row1>
					<row2>	0.0000 0.0000 1.0000 0.0000	</row2>
					<row3>	-0.1189 0.4385 -6.4068 1.0000	</row3>
				</transform>
			</node>
			<node>
				<identifier>	MP_RM284_Hatch_INDEX_3	</identifier>
				<transform>
					<row0>	1.0000 0.0000 0.0000 0.0000	</row0>
					<row1>	0.0000 1.0000 0.0000 0.0000	</row1>
					<row2>	0.0000 0.0000 1.0000 0.0000	</row2>
					<row3>	0.0390 0.4483 -7.2313 1.0000	</row3>
				</transform>
			</node>
			<node>
				<identifier>	MP_RM284_Hatch_INDEX_4	</identifier>
				<transform>
					<row0>	1.0000 0.0000 0.0000 0.0000	</row0>
					<row1>	0.0000 1.0000 0.0000 0.0000	</row1>
					<row2>	0.0000 0.0000 1.0000 0.0000	</row2>
					<row3>	0.5285 0.4078 -4.5656 1.0000	</row3>
				</transform>
			</node>
			<node>
				<identifier>	MP_RM284_Hatch_INDEX_5	</identifier>
				<transform>
					<row0>	1.0000 0.0000 0.0000 0.0000	</row0>
					<row1>	0.0000 1.0000 0.0000 0.0000	</row1>
					<row2>	0.0000 0.0000 1.0000 0.0000	</row2>
					<row3>	-0.1748 0.4229 -5.1997 1.0000	</row3>
				</transform>
			</node>
			<node>
				<identifier>	MP_RM284_Hatch_INDEX_6	</identifier>
				<transform>
					<row0>	1.0000 0.0000 0.0000 0.0000	</row0>
					<row1>	0.0000 1.0000 0.0000 0.0000	</row1>
					<row2>	0.0000 0.0000 1.0000 0.0000	</row2>
					<row3>	0.1748 0.4229 -5.1997 1.0000	</row3>
				</transform>
			</node>
			<node>
				<identifier>	MP_RM284_Hatch_INDEX_7	</identifier>
				<transform>
					<row0>	1.0000 0.0000 0.0000 0.0000	</row0>
					<row1>	0.0000 1.0000 0.0000 0.0000	</row1>
					<row2>	0.0000 0.0000 1.0000 0.0000	</row2>
					<row3>	0.0604 0.4389 -6.4704 1.0000	</row3>
				</transform>
			</node>
			<node>
				<identifier>	MP_RM284_Hatch_INDEX_8	</identifier>
				<transform>
					<row0>	1.0000 0.0000 0.0000 0.0000	</row0>
					<row1>	0.0000 1.0000 0.0000 0.0000	</row1>
					<row2>	0.0000 0.0000 1.0000 0.0000	</row2>
					<row3>	-0.0590 0.4483 -7.2437 1.0000	</row3>
				</transform>
			</node>
			<node>
				<identifier>	MP_RM287_Hatch	</identifier>
				<transform>
					<row0>	-1.0000 0.0000 0.0000 0.0000	</row0>
					<row1>	0.0000 1.0000 0.0000 0.0000	</row1>
					<row2>	0.0000 0.0000 -1.0000 0.0000	</row2>
					<row3>	0.1525 0.4602 -8.2685 1.0000	</row3>
				</transform>
			</node>
			<node>
				<identifier>	MP_RM287_Hatch_INDEX_1	</identifier>
				<transform>
					<row0>	-1.0000 0.0000 0.0000 0.0000	</row0>
					<row1>	0.0000 1.0000 0.0000 0.0000	</row1>
					<row2>	0.0000 0.0000 -1.0000 0.0000	</row2>
					<row3>	0.2996 0.4546 -7.8686 1.0000	</row3>
				</transform>
			</node>
			<node>
				<identifier>	MP_RM287_Hatch_INDEX_2	</identifier>
				<transform>
					<row0>	-1.0000 0.0000 0.0000 0.0000	</row0>
					<row1>	0.0000 1.0000 0.0000 0.0000	</row1>
					<row2>	0.0000 0.0000 -1.0000 0.0000	</row2>
					<row3>	-0.1999 0.4218 -5.0251 1.0000	</row3>
				</transform>
			</node>
			<node>
				<identifier>	MP_RM287_Hatch_INDEX_3	</identifier>
				<transform>
					<row0>	-1.0000 0.0000 0.0000 0.0000	</row0>
					<row1>	0.0000 1.0000 0.0000 0.0000	</row1>
					<row2>	0.0000 0.0000 -1.0000 0.0000	</row2>
					<row3>	-0.3656 0.4267 -5.6591 1.0000	</row3>
				</transform>
			</node>
			<node>
				<identifier>	MP_RM287_Hatch_INDEX_4	</identifier>
				<transform>
					<row0>	-1.0000 0.0000 0.0000 0.0000	</row0>
					<row1>	0.0000 1.0000 0.0000 0.0000	</row1>
					<row2>	0.0000 0.0000 -1.0000 0.0000	</row2>
					<row3>	0.2016 0.4373 -6.3340 1.0000	</row3>
				</transform>
			</node>
			<node>
				<identifier>	MP_RM289_Reel	</identifier>
				<transform>
					<row0>	-1.2000 0.0000 0.0000 0.0000	</row0>
					<row1>	0.0000 1.2000 0.0000 0.0000	</row1>
					<row2>	0.0000 0.0000 -1.2000 0.0000	</row2>
					<row3>	0.3116 0.4216 -5.1825 1.0000	</row3>
				</transform>
			</node>
			<node>
				<identifier>	MP_RM289_Reel_INDEX_1	</identifier>
				<transform>
					<row0>	1.2000 0.0000 0.0000 0.0000	</row0>
					<row1>	0.0000 1.2000 0.0000 0.0000	</row1>
					<row2>	0.0000 0.0000 1.2000 0.0000	</row2>
					<row3>	-0.0067 0.4269 -5.2451 1.0000	</row3>
				</transform>
			</node>
			<node>
				<identifier>	MP_RM289_Reel_INDEX_2	</identifier>
				<transform>
					<row0>	1.2000 0.0000 0.0000 0.0000	</row0>
					<row1>	0.0000 1.2000 0.0000 0.0000	</row1>
					<row2>	0.0000 0.0000 1.2000 0.0000	</row2>
					<row3>	-0.3116 0.4216 -5.1825 1.0000	</row3>
				</transform>
			</node>
			<node>
				<identifier>	MP_RM289_Reel_INDEX_3	</identifier>
				<transform>
					<row0>	-1.2000 0.0000 0.0000 0.0000	</row0>
					<row1>	0.0000 1.2000 0.0000 0.0000	</row1>
					<row2>	0.0000 0.0000 -1.2000 0.0000	</row2>
					<row3>	0.1133 0.4276 -5.4163 1.0000	</row3>
				</transform>
			</node>
			<node>
				<identifier>	MP_RM289_Reel_INDEX_4	</identifier>
				<transform>
					<row0>	1.2000 0.0000 0.0000 0.0000	</row0>
					<row1>	0.0000 1.2000 0.0000 0.0000	</row1>
					<row2>	0.0000 0.0000 1.2000 0.0000	</row2>
					<row3>	-0.1133 0.4276 -5.4163 1.0000	</row3>
				</transform>
			</node>
			<node>
				<identifier>	MP_RM306_Electric_Winch	</identifier>
				<transform>
					<row0>	-0.1705 0.0000 0.9854 0.0000	</row0>
					<row1>	0.0000 1.0000 0.0000 0.0000	</row1>
					<row2>	-0.9854 0.0000 -0.1705 0.0000	</row2>
					<row3>	0.0328 0.4253 -4.9809 1.0000	</row3>
				</transform>
			</node>
			<node>
				<identifier>	MP_RM311_Barrel_DV	</identifier>
				<transform>
					<row0>	-0.2155 0.0000 -0.9765 0.0000	</row0>
					<row1>	0.0000 1.0000 0.0000 0.0000	</row1>
					<row2>	0.9765 0.0000 -0.2155 0.0000	</row2>
					<row3>	0.4440 0.4562 -7.9641 1.0000	</row3>
				</transform>
			</node>
			<node>
				<identifier>	MP_RM311_Barrel_DV_INDEX_1	</identifier>
				<transform>
					<row0>	-0.2108 0.0000 0.9775 0.0000	</row0>
					<row1>	0.0000 1.0000 0.0000 0.0000	</row1>
					<row2>	-0.9775 0.0000 -0.2108 0.0000	</row2>
					<row3>	-0.4440 0.4562 -7.9641 1.0000	</row3>
				</transform>
			</node>
			<node>
				<identifier>	MP_RM311_Barrel_DV_INDEX_2	</identifier>
				<transform>
					<row0>	-0.5603 0.0000 -0.8283 0.0000	</row0>
					<row1>	0.0000 1.0000 0.0000 0.0000	</row1>
					<row2>	0.8283 0.0000 -0.5603 0.0000	</row2>
					<row3>	0.3813 0.4579 -8.1310 1.0000	</row3>
				</transform>
			</node>
			<node>
				<identifier>	MP_RM311_Barrel_DV_INDEX_3	</identifier>
				<transform>
					<row0>	-0.1924 0.0000 -0.9813 0.0000	</row0>
					<row1>	0.0000 1.0000 0.0000 0.0000	</row1>
					<row2>	0.9813 0.0000 -0.1924 0.0000	</row2>
					<row3>	0.4640 0.4544 -7.8621 1.0000	</row3>
				</transform>
			</node>
			<node>
				<identifier>	MP_RM311_Barrel_DV_INDEX_4	</identifier>
				<transform>
					<row0>	-0.1903 0.0000 0.9817 0.0000	</row0>
					<row1>	0.0000 1.0000 0.0000 0.0000	</row1>
					<row2>	-0.9817 0.0000 -0.1903 0.0000	</row2>
					<row3>	-0.4640 0.4544 -7.8621 1.0000	</row3>
				</transform>
			</node>
			<node>
				<identifier>	MP_RM311_Barrel_DV_INDEX_5	</identifier>
				<transform>
					<row0>	-0.5632 0.0000 0.8263 0.0000	</row0>
					<row1>	0.0000 1.0000 0.0000 0.0000	</row1>
					<row2>	-0.8263 0.0000 -0.5632 0.0000	</row2>
					<row3>	-0.3813 0.4579 -8.1310 1.0000	</row3>
				</transform>
			</node>
			<node>
				<identifier>	MP_RM317_Sbomb_ejector	</identifier>
				<transform>
					<row0>	0.1297 -0.0144 0.9914 0.0000	</row0>
					<row1>	0.0082 0.9999 0.0134 0.0000	</row1>
					<row2>	-0.9915 0.0064 0.1298 0.0000	</row2>
					<row3>	0.5567 0.4460 -7.2703 1.0000	</row3>
				</transform>
			</node>
			<node>
				<identifier>	MP_RM317_Sbomb_ejector_INDEX_1	</identifier>
				<transform>
					<row0>	0.1384 -0.0144 0.9903 0.0000	</row0>
					<row1>	0.0082 0.9999 0.0134 0.0000	</row1>
					<row2>	-0.9903 0.0063 0.1385 0.0000	</row2>
					<row3>	0.5499 0.4467 -7.3180 1.0000	</row3>
				</transform>
			</node>
			<node>
				<identifier>	MP_RM317_Sbomb_ejector_INDEX_10	</identifier>
				<transform>
					<row0>	0.1384 0.0144 -0.9903 0.0000	</row0>
					<row1>	-0.0082 0.9999 0.0134 0.0000	</row1>
					<row2>	0.9903 0.0063 0.1385 0.0000	</row2>
					<row3>	-0.5499 0.4467 -7.3180 1.0000	</row3>
				</transform>
			</node>
			<node>
				<identifier>	MP_RM317_Sbomb_ejector_INDEX_11	</identifier>
				<transform>
					<row0>	0.1456 -0.0145 0.9892 0.0000	</row0>
					<row1>	0.0082 0.9999 0.0134 0.0000	</row1>
					<row2>	-0.9893 0.0062 0.1457 0.0000	</row2>
					<row3>	0.5360 0.4481 -7.4132 1.0000	</row3>
				</transform>
			</node>
			<node>
				<identifier>	MP_RM317_Sbomb_ejector_INDEX_12	</identifier>
				<transform>
					<row0>	0.1048 -0.0142 0.9944 0.0000	</row0>
					<row1>	0.0082 0.9999 0.0134 0.0000	</row1>
					<row2>	-0.9945 0.0067 0.1049 0.0000	</row2>
					<row3>	0.5804 0.4432 -7.0772 1.0000	</row3>
				</transform>
			</node>
			<node>
				<identifier>	MP_RM317_Sbomb_ejector_INDEX_13	</identifier>
				<transform>
					<row0>	0.1048 0.0142 -0.9944 0.0000	</row0>
					<row1>	-0.0082 0.9999 0.0134 0.0000	</row1>
					<row2>	0.9945 0.0067 0.1049 0.0000	</row2>
					<row3>	-0.5804 0.4432 -7.0772 1.0000	</row3>
				</transform>
			</node>
			<node>
				<identifier>	MP_RM317_Sbomb_ejector_INDEX_14	</identifier>
				<transform>
					<row0>	0.1386 -0.0144 0.9902 0.0000	</row0>
					<row1>	0.0082 0.9999 0.0134 0.0000	</row1>
					<row2>	-0.9903 0.0063 0.1387 0.0000	</row2>
					<row3>	0.5430 0.4474 -7.3655 1.0000	</row3>
				</transform>
			</node>
			<node>
				<identifier>	MP_RM317_Sbomb_ejector_INDEX_15	</identifier>
				<transform>
					<row0>	0.1386 0.0144 -0.9902 0.0000	</row0>
					<row1>	-0.0082 0.9999 0.0134 0.0000	</row1>
					<row2>	0.9903 0.0063 0.1387 0.0000	</row2>
					<row3>	-0.5430 0.4474 -7.3655 1.0000	</row3>
				</transform>
			</node>
			<node>
				<identifier>	MP_RM317_Sbomb_ejector_INDEX_16	</identifier>
				<transform>
					<row0>	0.1167 0.0143 -0.9931 0.0000	</row0>
					<row1>	-0.0082 0.9999 0.0134 0.0000	</row1>
					<row2>	0.9931 0.0066 0.1168 0.0000	</row2>
					<row3>	-0.5624 0.4453 -7.2223 1.0000	</row3>
				</transform>
			</node>
			<node>
				<identifier>	MP_RM317_Sbomb_ejector_INDEX_17	</identifier>
				<transform>
					<row0>	0.1167 0.0143 -0.9931 0.0000	</row0>
					<row1>	-0.0082 0.9999 0.0134 0.0000	</row1>
					<row2>	0.9931 0.0066 0.1168 0.0000	</row2>
					<row3>	-0.5684 0.4446 -7.1736 1.0000	</row3>
				</transform>
			</node>
			<node>
				<identifier>	MP_RM317_Sbomb_ejector_INDEX_18	</identifier>
				<transform>
					<row0>	0.1297 0.0144 -0.9914 0.0000	</row0>
					<row1>	-0.0082 0.9999 0.0134 0.0000	</row1>
					<row2>	0.9915 0.0064 0.1298 0.0000	</row2>
					<row3>	-0.5567 0.4460 -7.2703 1.0000	</row3>
				</transform>
			</node>
			<node>
				<identifier>	MP_RM317_Sbomb_ejector_INDEX_19	</identifier>
				<transform>
					<row0>	0.1239 -0.0143 0.9922 0.0000	</row0>
					<row1>	0.0082 0.9999 0.0134 0.0000	</row1>
					<row2>	-0.9923 0.0065 0.1240 0.0000	</row2>
					<row3>	0.5742 0.4439 -7.1248 1.0000	</row3>
				</transform>
			</node>
			<node>
				<identifier>	MP_RM317_Sbomb_ejector_INDEX_2	</identifier>
				<transform>
					<row0>	0.1205 -0.0143 0.9926 0.0000	</row0>
					<row1>	0.0082 0.9999 0.0134 0.0000	</row1>
					<row2>	-0.9927 0.0065 0.1206 0.0000	</row2>
					<row3>	0.5854 0.4426 -7.0294 1.0000	</row3>
				</transform>
			</node>
			<node>
				<identifier>	MP_RM317_Sbomb_ejector_INDEX_3	</identifier>
				<transform>
					<row0>	0.1167 -0.0143 0.9931 0.0000	</row0>
					<row1>	0.0082 0.9999 0.0134 0.0000	</row1>
					<row2>	-0.9931 0.0066 0.1168 0.0000	</row2>
					<row3>	0.5684 0.4446 -7.1736 1.0000	</row3>
				</transform>
			</node>
			<node>
				<identifier>	MP_RM317_Sbomb_ejector_INDEX_4	</identifier>
				<transform>
					<row0>	0.1125 -0.0142 0.9936 0.0000	</row0>
					<row1>	0.0082 0.9999 0.0134 0.0000	</row1>
					<row2>	-0.9936 0.0066 0.1126 0.0000	</row2>
					<row3>	0.5919 0.4419 -6.9816 1.0000	</row3>
				</transform>
			</node>
			<node>
				<identifier>	MP_RM317_Sbomb_ejector_INDEX_5	</identifier>
				<transform>
					<row0>	0.1239 0.0143 -0.9922 0.0000	</row0>
					<row1>	-0.0082 0.9999 0.0134 0.0000	</row1>
					<row2>	0.9923 0.0065 0.1240 0.0000	</row2>
					<row3>	-0.5742 0.4439 -7.1248 1.0000	</row3>
				</transform>
			</node>
			<node>
				<identifier>	MP_RM317_Sbomb_ejector_INDEX_6	</identifier>
				<transform>
					<row0>	0.1456 0.0145 -0.9892 0.0000	</row0>
					<row1>	-0.0082 0.9999 0.0134 0.0000	</row1>
					<row2>	0.9893 0.0062 0.1457 0.0000	</row2>
					<row3>	-0.5360 0.4481 -7.4132 1.0000	</row3>
				</transform>
			</node>
			<node>
				<identifier>	MP_RM317_Sbomb_ejector_INDEX_7	</identifier>
				<transform>
					<row0>	0.1167 -0.0143 0.9931 0.0000	</row0>
					<row1>	0.0082 0.9999 0.0134 0.0000	</row1>
					<row2>	-0.9931 0.0066 0.1168 0.0000	</row2>
					<row3>	0.5624 0.4453 -7.2223 1.0000	</row3>
				</transform>
			</node>
			<node>
				<identifier>	MP_RM317_Sbomb_ejector_INDEX_8	</identifier>
				<transform>
					<row0>	0.1205 0.0143 -0.9926 0.0000	</row0>
					<row1>	-0.0082 0.9999 0.0134 0.0000	</row1>
					<row2>	0.9927 0.0065 0.1206 0.0000	</row2>
					<row3>	-0.5854 0.4426 -7.0294 1.0000	</row3>
				</transform>
			</node>
			<node>
				<identifier>	MP_RM317_Sbomb_ejector_INDEX_9	</identifier>
				<transform>
					<row0>	0.1125 0.0142 -0.9936 0.0000	</row0>
					<row1>	-0.0082 0.9999 0.0134 0.0000	</row1>
					<row2>	0.9936 0.0066 0.1126 0.0000	</row2>
					<row3>	-0.5919 0.4419 -6.9816 1.0000	</row3>
				</transform>
			</node>
			<node>
				<identifier>	SP_YMS011_YHWL_M_1_INDEX_14	</identifier>
				<transform>
					<row0>	0.9505 0.3031 0.0687 0.0000	</row0>
					<row1>	-0.3012 0.9529 -0.0357 0.0000	</row1>
					<row2>	-0.0763 0.0133 0.9970 0.0000	</row2>
					<row3>	-0.7321 -0.0083 -5.4050 1.0000	</row3>
				</transform>
			</node>
			<node>
				<identifier>	SP_YMS011_YHWL_M_1_INDEX_15	</identifier>
				<transform>
					<row0>	0.9426 0.3032 0.1398 0.0000	</row0>
					<row1>	-0.3012 0.9529 -0.0357 0.0000	</row1>
					<row2>	-0.1440 -0.0084 0.9895 0.0000	</row2>
					<row3>	-0.6357 -0.0093 -6.2447 1.0000	</row3>
				</transform>
			</node>
			<node>
				<identifier>	SP_YMS012_YHWR_M_1_INDEX_14	</identifier>
				<transform>
					<row0>	0.9505 -0.3031 -0.0687 0.0000	</row0>
					<row1>	0.3012 0.9529 -0.0357 0.0000	</row1>
					<row2>	0.0763 0.0133 0.9970 0.0000	</row2>
					<row3>	0.7321 -0.0083 -5.4050 1.0000	</row3>
				</transform>
			</node>
			<node>
				<identifier>	SP_YMS012_YHWR_M_1_INDEX_15	</identifier>
				<transform>
					<row0>	0.9426 -0.3032 -0.1398 0.0000	</row0>
					<row1>	0.3012 0.9529 -0.0357 0.0000	</row1>
					<row2>	0.1440 -0.0084 0.9895 0.0000	</row2>
					<row3>	0.6357 -0.0093 -6.2447 1.0000	</row3>
				</transform>
			</node>
			<node>
				<identifier>	SP_YMS023_YHUC_L_1	</identifier>
				<transform>
					<row0>	0.8056 -0.2687 -0.0366 0.0000	</row0>
					<row1>	0.2682 0.8064 -0.0151 0.0000	</row1>
					<row2>	0.0395 0.0028 0.8491 0.0000	</row2>
					<row3>	-0.5204 -0.3775 -6.4722 1.0000	</row3>
				</transform>
			</node>
			<node>
				<identifier>	SP_YMS023_YHUC_L_1_INDEX_1	</identifier>
				<transform>
					<row0>	0.8056 0.2687 0.0366 0.0000	</row0>
					<row1>	-0.2682 0.8064 -0.0151 0.0000	</row1>
					<row2>	-0.0395 0.0028 0.8491 0.0000	</row2>
					<row3>	0.5204 -0.3775 -6.4722 1.0000	</row3>
				</transform>
			</node>
			<node>
				<identifier>	SP_YMS023_YHUC_L_1_INDEX_2	</identifier>
				<transform>
					<row0>	0.8500 0.0000 0.0000 0.0000	</row0>
					<row1>	0.0000 0.8499 -0.0102 0.0000	</row1>
					<row2>	0.0000 0.0102 0.8499 0.0000	</row2>
					<row3>	0.0000 -0.3703 -7.7155 1.0000	</row3>
				</transform>
			</node>
			<node>
				<identifier>	SP_YMS030_YHAM_M_1	</identifier>
				<transform>
					<row0>	0.7753 0.0000 0.0000 0.0000	</row0>
					<row1>	0.0000 0.7753 0.0000 0.0000	</row1>
					<row2>	0.0000 0.0000 0.7753 0.0000	</row2>
					<row3>	0.0000 0.4229 -8.3667 1.0000	</row3>
				</transform>
			</node>
			<node>
				<identifier>	SP_YMS031_YHAL_M_1	</identifier>
				<transform>
					<row0>	1.0646 0.0000 0.1025 0.0000	</row0>
					<row1>	0.0000 1.0695 0.0000 0.0000	</row1>
					<row2>	-0.1025 0.0000 1.0646 0.0000	</row2>
					<row3>	-0.4980 0.3287 -7.7516 1.0000	</row3>
				</transform>
			</node>
			<node>
				<identifier>	SP_YMS032_YHAR_M_1	</identifier>
				<transform>
					<row0>	1.0651 0.0000 -0.1026 0.0000	</row0>
					<row1>	0.0000 1.0700 0.0000 0.0000	</row1>
					<row2>	0.1026 0.0000 1.0651 0.0000	</row2>
					<row3>	0.4980 0.3287 -7.7516 1.0000	</row3>
				</transform>
			</node>
			<node>
				<identifier>	SP_YMS053_YHDC_S_1_INDEX_5	</identifier>
				<transform>
					<row0>	1.0000 0.0000 0.0000 0.0000	</row0>
					<row1>	0.0000 0.9998 0.0203 0.0000	</row1>
					<row2>	0.0000 -0.0203 0.9998 0.0000	</row2>
					<row3>	0.0000 0.4488 -7.0409 1.0000	</row3>
				</transform>
			</node>
			<node>
				<identifier>	SP_YMS070_YHHC_L_1	</identifier>
				<transform>
					<row0>	1.0000 0.0000 0.0000 0.0000	</row0>
					<row1>	0.0000 1.0000 0.0000 0.0000	</row1>
					<row2>	0.0000 0.0000 1.0000 0.0000	</row2>
					<row3>	0.0000 0.5273 -6.0789 1.0000	</row3>
				</transform>
			</node>
			<node>
				<identifier>	SP_YMS080_YHSL_M_1_INDEX_3	</identifier>
				<transform>
					<row0>	0.6939 0.0629 0.0673 0.0000	</row0>
					<row1>	-0.0619 0.6971 -0.0125 0.0000	</row1>
					<row2>	-0.0681 0.0065 0.6966 0.0000	</row2>
					<row3>	-0.6925 0.2050 -5.9966 1.0000	</row3>
				</transform>
			</node>
			<node>
				<identifier>	SP_YMS080_YHSL_M_1_INDEX_4	</identifier>
				<transform>
					<row0>	0.6905 0.0671 0.0929 0.0000	</row0>
					<row1>	-0.0659 0.6968 -0.0135 0.0000	</row1>
					<row2>	-0.0938 0.0045 0.6937 0.0000	</row2>
					<row3>	-0.6431 0.2708 -6.5929 1.0000	</row3>
				</transform>
			</node>
			<node>
				<identifier>	SP_YMS080_YHSL_M_1_INDEX_5	</identifier>
				<transform>
					<row0>	0.6875 0.0927 0.0933 0.0000	</row0>
					<row1>	-0.0915 0.6938 -0.0150 0.0000	</row1>
					<row2>	-0.0945 0.0025 0.6936 0.0000	</row2>
					<row3>	-0.5609 0.1927 -7.1588 1.0000	</row3>
				</transform>
			</node>
			<node>
				<identifier>	SP_YMS081_YHSR_M_1_INDEX_3	</identifier>
				<transform>
					<row0>	0.6939 -0.0629 -0.0673 0.0000	</row0>
					<row1>	0.0619 0.6971 -0.0125 0.0000	</row1>
					<row2>	0.0681 0.0065 0.6966 0.0000	</row2>
					<row3>	0.6925 0.2050 -5.9966 1.0000	</row3>
				</transform>
			</node>
			<node>
				<identifier>	SP_YMS081_YHSR_M_1_INDEX_4	</identifier>
				<transform>
					<row0>	0.6905 -0.0671 -0.0929 0.0000	</row0>
					<row1>	0.0659 0.6968 -0.0135 0.0000	</row1>
					<row2>	0.0938 0.0045 0.6937 0.0000	</row2>
					<row3>	0.6431 0.2708 -6.5929 1.0000	</row3>
				</transform>
			</node>
			<node>
				<identifier>	SP_YMS081_YHSR_M_1_INDEX_5	</identifier>
				<transform>
					<row0>	0.6875 -0.0927 -0.0933 0.0000	</row0>
					<row1>	0.0915 0.6938 -0.0150 0.0000	</row1>
					<row2>	0.0945 0.0025 0.6936 0.0000	</row2>
					<row3>	0.5609 0.1927 -7.1588 1.0000	</row3>
				</transform>
			</node>
			<node>
				<identifier>	SP_YMS083_YHSC_L_1_INDEX_12	</identifier>
				<transform>
					<row0>	0.0460 0.0000 -0.7987 0.0000	</row0>
					<row1>	0.0000 0.8000 0.0000 0.0000	</row1>
					<row2>	0.7987 0.0000 0.0460 0.0000	</row2>
					<row3>	-0.7824 0.3845 -4.9002 1.0000	</row3>
				</transform>
			</node>
			<node>
				<identifier>	SP_YMS083_YHSC_L_1_INDEX_13	</identifier>
				<transform>
					<row0>	0.0460 0.0000 0.7987 0.0000	</row0>
					<row1>	0.0000 0.8000 0.0000 0.0000	</row1>
					<row2>	-0.7987 0.0000 0.0460 0.0000	</row2>
					<row3>	0.7824 0.3845 -4.9002 1.0000	</row3>
				</transform>
			</node>
		</node>
	</node>
	<boundingBox>
		<min>	-0.0667 -0.0667 -0.0667	</min>
		<max>	0.0667 0.0667 0.0667	</max>
	</boundingBox>
</RSC011_Pr_66_Moskva_1948_Stern_ports.visual>
