<GSB012_Kaiser_1936_MidBack_ports.visual>
	<node>
		<identifier>	Scene Root	</identifier>
		<transform>
			<row0>	1.0000 0.0000 0.0000 0.0000	</row0>
			<row1>	0.0000 1.0000 0.0000 0.0000	</row1>
			<row2>	0.0000 0.0000 1.0000 0.0000	</row2>
			<row3>	0.0000 0.0000 0.0000 1.0000	</row3>
		</transform>
		<node>
			<identifier>	MidBack_ports	</identifier>
			<transform>
				<row0>	1.0000 0.0000 0.0000 0.0000	</row0>
				<row1>	0.0000 1.0000 0.0000 0.0000	</row1>
				<row2>	0.0000 0.0000 1.0000 0.0000	</row2>
				<row3>	0.0000 0.0000 0.0000 1.0000	</row3>
			</transform>
			<node>
				<identifier>	HP_FX_Death_3	</identifier>
				<transform>
					<row0>	1.0000 0.0000 0.0000 0.0000	</row0>
					<row1>	0.0000 1.0000 0.0000 0.0000	</row1>
					<row2>	0.0000 0.0000 1.0000 0.0000	</row2>
					<row3>	0.0000 0.0000 -3.2013 1.0000	</row3>
				</transform>
			</node>
			<node>
				<identifier>	HP_FX_Fire_3	</identifier>
				<transform>
					<row0>	1.0000 0.0000 0.0000 0.0000	</row0>
					<row1>	0.0000 1.0000 0.0019 0.0000	</row1>
					<row2>	0.0000 -0.0019 1.0000 0.0000	</row2>
					<row3>	0.0000 0.7565 -1.3534 1.0000	</row3>
				</transform>
			</node>
			<node>
				<identifier>	HP_FX_Fire_3_side_1	</identifier>
				<transform>
					<row0>	0.9981 0.0000 -0.0623 0.0000	</row0>
					<row1>	0.0000 1.0000 0.0000 0.0000	</row1>
					<row2>	0.0623 0.0000 0.9981 0.0000	</row2>
					<row3>	0.7157 0.3742 -0.3164 1.0000	</row3>
				</transform>
			</node>
			<node>
				<identifier>	HP_FX_Fire_3_side_2	</identifier>
				<transform>
					<row0>	0.9981 0.0000 0.0623 0.0000	</row0>
					<row1>	0.0000 1.0000 0.0000 0.0000	</row1>
					<row2>	-0.0623 0.0000 0.9981 0.0000	</row2>
					<row3>	-0.7217 0.2217 -2.4152 1.0000	</row3>
				</transform>
			</node>
			<node>
				<identifier>	HP_FX_Fire_5_2	</identifier>
				<transform>
					<row0>	1.0000 0.0000 0.0000 0.0000	</row0>
					<row1>	0.0000 1.0000 0.0000 0.0000	</row1>
					<row2>	0.0000 0.0000 1.0000 0.0000	</row2>
					<row3>	-0.1367 0.3658 0.2676 1.0000	</row3>
				</transform>
			</node>
			<node>
				<identifier>	HP_FX_FloodLight_left_1	</identifier>
				<transform>
					<row0>	-1.0000 0.0000 0.0000 0.0000	</row0>
					<row1>	0.0000 1.0000 0.0000 0.0000	</row1>
					<row2>	0.0000 0.0000 -1.0000 0.0000	</row2>
					<row3>	-0.1079 0.8366 -0.9905 1.0000	</row3>
				</transform>
			</node>
			<node>
				<identifier>	HP_FX_FloodLight_right_1	</identifier>
				<transform>
					<row0>	1.0000 0.0000 0.0000 0.0000	</row0>
					<row1>	0.0000 1.0000 0.0000 0.0000	</row1>
					<row2>	0.0000 0.0000 1.0000 0.0000	</row2>
					<row3>	0.1067 0.8374 -0.9685 1.0000	</row3>
				</transform>
			</node>
			<node>
				<identifier>	HP_FX_Flood_steam_2	</identifier>
				<transform>
					<row0>	1.0000 0.0000 0.0000 0.0000	</row0>
					<row1>	0.0000 1.0000 0.0000 0.0000	</row1>
					<row2>	0.0000 0.0000 1.0000 0.0000	</row2>
					<row3>	-0.0670 1.4143 -0.9605 1.0000	</row3>
				</transform>
			</node>
			<node>
				<identifier>	HP_FX_Flood_steam_exhaust_3	</identifier>
				<transform>
					<row0>	0.7126 -0.0514 0.6997 0.0000	</row0>
					<row1>	0.4313 0.8187 -0.3791 0.0000	</row1>
					<row2>	-0.5534 0.5719 0.6056 0.0000	</row2>
					<row3>	0.0940 1.5292 -0.6727 1.0000	</row3>
				</transform>
			</node>
			<node>
				<identifier>	HP_FX_Flood_steam_right	</identifier>
				<transform>
					<row0>	1.0000 0.0000 0.0000 0.0000	</row0>
					<row1>	0.0000 1.0000 0.0000 0.0000	</row1>
					<row2>	0.0000 0.0000 1.0000 0.0000	</row2>
					<row3>	0.6824 0.3401 -1.6284 1.0000	</row3>
				</transform>
			</node>
			<node>
				<identifier>	HP_FX_Flood_water_left	</identifier>
				<transform>
					<row0>	-1.0000 0.0000 0.0000 0.0000	</row0>
					<row1>	0.0000 1.0000 0.0000 0.0000	</row1>
					<row2>	0.0000 0.0000 -1.0000 0.0000	</row2>
					<row3>	-0.9715 0.0408 -2.2710 1.0000	</row3>
				</transform>
			</node>
			<node>
				<identifier>	HP_FX_Flood_water_right	</identifier>
				<transform>
					<row0>	1.0000 0.0000 0.0000 0.0000	</row0>
					<row1>	0.0000 1.0000 0.0000 0.0000	</row1>
					<row2>	0.0000 0.0000 1.0000 0.0000	</row2>
					<row3>	0.9714 0.0425 -2.2710 1.0000	</row3>
				</transform>
			</node>
			<node>
				<identifier>	HP_FX_RepairLight_left_2	</identifier>
				<transform>
					<row0>	-0.0968 0.0000 0.9953 0.0000	</row0>
					<row1>	0.1306 0.9913 0.0127 0.0000	</row1>
					<row2>	-0.9867 0.1313 -0.0960 0.0000	</row2>
					<row3>	-0.9303 0.1999 -2.5461 1.0000	</row3>
				</transform>
			</node>
			<node>
				<identifier>	HP_FX_RepairLight_right_2	</identifier>
				<transform>
					<row0>	-0.0669 0.0000 -0.9978 0.0000	</row0>
					<row1>	-0.1615 0.9868 0.0108 0.0000	</row1>
					<row2>	0.9846 0.1618 -0.0660 0.0000	</row2>
					<row3>	0.9483 0.1949 -2.3041 1.0000	</row3>
				</transform>
			</node>
			<node>
				<identifier>	HP_FX_Smoke_2	</identifier>
				<transform>
					<row0>	1.0000 0.0000 0.0000 0.0000	</row0>
					<row1>	0.0000 0.9400 -0.3413 0.0000	</row1>
					<row2>	0.0000 0.3413 0.9400 0.0000	</row2>
					<row3>	0.0000 1.5076 -0.8152 1.0000	</row3>
				</transform>
			</node>
			<node>
				<identifier>	HP_GF_5	</identifier>
				<transform>
					<row0>	0.0000 0.0000 1.0000 0.0000	</row0>
					<row1>	0.0000 1.0000 0.0000 0.0000	</row1>
					<row2>	-1.0000 0.0000 0.0000 0.0000	</row2>
					<row3>	-0.2594 0.8898 -0.6154 1.0000	</row3>
				</transform>
			</node>
			<node>
				<identifier>	HP_GF_6	</identifier>
				<transform>
					<row0>	0.0000 0.0000 1.0000 0.0000	</row0>
					<row1>	0.0000 1.0000 0.0000 0.0000	</row1>
					<row2>	-1.0000 0.0000 0.0000 0.0000	</row2>
					<row3>	-0.6963 0.4362 -0.8620 1.0000	</row3>
				</transform>
			</node>
			<node>
				<identifier>	HP_GF_7	</identifier>
				<transform>
					<row0>	-1.0000 0.0000 0.0000 0.0000	</row0>
					<row1>	0.0000 1.0000 0.0000 0.0000	</row1>
					<row2>	0.0000 0.0000 -1.0000 0.0000	</row2>
					<row3>	0.0000 0.9437 -1.4528 1.0000	</row3>
				</transform>
			</node>
			<node>
				<identifier>	HP_GGA_10	</identifier>
				<transform>
					<row0>	0.0000 0.0000 -1.0000 0.0000	</row0>
					<row1>	0.0000 1.0000 0.0000 0.0000	</row1>
					<row2>	1.0000 0.0000 0.0000 0.0000	</row2>
					<row3>	0.6864 0.3781 0.0434 1.0000	</row3>
				</transform>
			</node>
			<node>
				<identifier>	HP_GGA_11	</identifier>
				<transform>
					<row0>	0.0000 0.0000 -1.0000 0.0000	</row0>
					<row1>	0.0000 1.0000 0.0000 0.0000	</row1>
					<row2>	1.0000 0.0000 0.0000 0.0000	</row2>
					<row3>	0.6889 0.3781 -0.3553 1.0000	</row3>
				</transform>
			</node>
			<node>
				<identifier>	HP_GGA_12	</identifier>
				<transform>
					<row0>	0.0000 0.0000 -1.0000 0.0000	</row0>
					<row1>	0.0000 1.0000 0.0000 0.0000	</row1>
					<row2>	1.0000 0.0000 0.0000 0.0000	</row2>
					<row3>	0.6325 0.3750 -0.8366 1.0000	</row3>
				</transform>
			</node>
			<node>
				<identifier>	HP_GGA_13	</identifier>
				<transform>
					<row0>	0.0000 0.0000 -1.0000 0.0000	</row0>
					<row1>	0.0000 1.0000 0.0000 0.0000	</row1>
					<row2>	1.0000 0.0000 0.0000 0.0000	</row2>
					<row3>	0.3248 0.5335 -1.1155 1.0000	</row3>
				</transform>
			</node>
			<node>
				<identifier>	HP_GGA_14	</identifier>
				<transform>
					<row0>	0.0000 0.0000 1.0000 0.0000	</row0>
					<row1>	0.0000 1.0000 0.0000 0.0000	</row1>
					<row2>	-1.0000 0.0000 0.0000 0.0000	</row2>
					<row3>	-0.5983 0.3780 -1.5609 1.0000	</row3>
				</transform>
			</node>
			<node>
				<identifier>	HP_GGA_15	</identifier>
				<transform>
					<row0>	0.0000 0.0000 -1.0000 0.0000	</row0>
					<row1>	0.0000 1.0000 0.0000 0.0000	</row1>
					<row2>	1.0000 0.0000 0.0000 0.0000	</row2>
					<row3>	0.5983 0.3780 -1.5609 1.0000	</row3>
				</transform>
			</node>
			<node>
				<identifier>	HP_GGA_16	</identifier>
				<transform>
					<row0>	-1.0000 0.0000 0.0000 0.0000	</row0>
					<row1>	0.0000 1.0000 0.0000 0.0000	</row1>
					<row2>	0.0000 0.0000 -1.0000 0.0000	</row2>
					<row3>	0.0000 0.7110 -1.6342 1.0000	</row3>
				</transform>
			</node>
			<node>
				<identifier>	HP_GGM_3	</identifier>
				<transform>
					<row0>	-0.9925 0.0000 0.1219 0.0000	</row0>
					<row1>	0.0000 1.0000 0.0000 0.0000	</row1>
					<row2>	-0.1219 0.0000 -0.9925 0.0000	</row2>
					<row3>	-0.4776 0.4733 -0.0983 1.0000	</row3>
				</transform>
			</node>
			<node>
				<identifier>	HP_GGM_4	</identifier>
				<transform>
					<row0>	-1.0000 0.0000 0.0000 0.0000	</row0>
					<row1>	0.0000 1.0000 0.0000 0.0000	</row1>
					<row2>	0.0000 0.0000 -1.0000 0.0000	</row2>
					<row3>	0.0000 0.4733 -2.2308 1.0000	</row3>
				</transform>
			</node>
			<node>
				<identifier>	HP_GGM_5	</identifier>
				<transform>
					<row0>	-1.0000 0.0000 0.0000 0.0000	</row0>
					<row1>	0.0000 1.0000 0.0000 0.0000	</row1>
					<row2>	0.0000 0.0000 -1.0000 0.0000	</row2>
					<row3>	0.0000 0.2764 -3.0342 1.0000	</row3>
				</transform>
			</node>
			<node>
				<identifier>	HP_GGS_11	</identifier>
				<transform>
					<row0>	0.9205 0.0000 -0.3907 0.0000	</row0>
					<row1>	0.0000 1.0000 0.0000 0.0000	</row1>
					<row2>	0.3907 0.0000 0.9205 0.0000	</row2>
					<row3>	0.7325 0.2824 -0.0909 1.0000	</row3>
				</transform>
			</node>
			<node>
				<identifier>	HP_GGS_12	</identifier>
				<transform>
					<row0>	0.9336 0.0000 -0.3584 0.0000	</row0>
					<row1>	0.0000 1.0000 0.0000 0.0000	</row1>
					<row2>	0.3584 0.0000 0.9336 0.0000	</row2>
					<row3>	0.7443 0.2824 -0.6544 1.0000	</row3>
				</transform>
			</node>
			<node>
				<identifier>	HP_GGS_13	</identifier>
				<transform>
					<row0>	-1.0000 0.0000 0.0000 0.0000	</row0>
					<row1>	0.0000 1.0000 0.0000 0.0000	</row1>
					<row2>	0.0000 0.0000 -1.0000 0.0000	</row2>
					<row3>	0.3248 0.5335 -1.1155 1.0000	</row3>
				</transform>
			</node>
			<node>
				<identifier>	HP_GGS_14	</identifier>
				<transform>
					<row0>	-1.0000 0.0000 0.0000 0.0000	</row0>
					<row1>	0.0000 1.0000 0.0000 0.0000	</row1>
					<row2>	0.0000 0.0000 -1.0000 0.0000	</row2>
					<row3>	-0.2790 0.5335 -1.1935 1.0000	</row3>
				</transform>
			</node>
			<node>
				<identifier>	HP_GGS_15	</identifier>
				<transform>
					<row0>	-1.0000 0.0000 0.0000 0.0000	</row0>
					<row1>	0.0000 1.0000 0.0000 0.0000	</row1>
					<row2>	0.0000 0.0000 -1.0000 0.0000	</row2>
					<row3>	-0.7200 0.2824 -1.2956 1.0000	</row3>
				</transform>
			</node>
			<node>
				<identifier>	HP_GGS_16	</identifier>
				<transform>
					<row0>	-1.0000 0.0000 0.0000 0.0000	</row0>
					<row1>	0.0000 1.0000 0.0000 0.0000	</row1>
					<row2>	0.0000 0.0000 -1.0000 0.0000	</row2>
					<row3>	0.7358 0.2824 -1.2958 1.0000	</row3>
				</transform>
			</node>
			<node>
				<identifier>	HP_GGS_17	</identifier>
				<transform>
					<row0>	-1.0000 0.0000 0.0000 0.0000	</row0>
					<row1>	0.0000 1.0000 0.0000 0.0000	</row1>
					<row2>	0.0000 0.0000 -1.0000 0.0000	</row2>
					<row3>	-0.5754 0.2824 -1.7723 1.0000	</row3>
				</transform>
			</node>
			<node>
				<identifier>	HP_GGS_18	</identifier>
				<transform>
					<row0>	-1.0000 0.0000 0.0000 0.0000	</row0>
					<row1>	0.0000 1.0000 0.0000 0.0000	</row1>
					<row2>	0.0000 0.0000 -1.0000 0.0000	</row2>
					<row3>	0.5716 0.2824 -1.7734 1.0000	</row3>
				</transform>
			</node>
			<node>
				<identifier>	HP_Ship_death_2	</identifier>
				<transform>
					<row0>	1.0000 0.0000 0.0000 0.0000	</row0>
					<row1>	0.0000 1.0000 0.0000 0.0000	</row1>
					<row2>	0.0000 0.0000 1.0000 0.0000	</row2>
					<row3>	0.0000 0.0000 0.2951 1.0000	</row3>
				</transform>
			</node>
			<node>
				<identifier>	HP_flag_courtesy	</identifier>
				<transform>
					<row0>	0.9620 -0.2717 0.0268 0.0000	</row0>
					<row1>	0.2717 0.9431 -0.1915 0.0000	</row1>
					<row2>	0.0268 0.1915 0.9811 0.0000	</row2>
					<row3>	0.4840 1.7628 -0.7952 1.0000	</row3>
				</transform>
			</node>
			<node>
				<identifier>	HP_flag_house	</identifier>
				<transform>
					<row0>	0.9677 0.2519 0.0065 0.0000	</row0>
					<row1>	-0.2519 0.9664 0.0510 0.0000	</row1>
					<row2>	0.0065 -0.0510 0.9987 0.0000	</row2>
					<row3>	-0.4830 1.7627 -0.7970 1.0000	</row3>
				</transform>
			</node>
			<node>
				<identifier>	MP_CM011_Fire_Fighting_Gear	</identifier>
				<transform>
					<row0>	0.0000 0.0000 1.0000 0.0000	</row0>
					<row1>	0.0000 1.0000 0.0000 0.0000	</row1>
					<row2>	-1.0000 0.0000 0.0000 0.0000	</row2>
					<row3>	0.4392 0.3753 -1.1610 1.0000	</row3>
				</transform>
			</node>
			<node>
				<identifier>	MP_CM011_Fire_Fighting_Gear_INDEX_1	</identifier>
				<transform>
					<row0>	0.0000 0.0000 1.0000 0.0000	</row0>
					<row1>	0.0000 1.0000 0.0000 0.0000	</row1>
					<row2>	-1.0000 0.0000 0.0000 0.0000	</row2>
					<row3>	0.2430 0.5357 -1.3222 1.0000	</row3>
				</transform>
			</node>
			<node>
				<identifier>	MP_CM011_Fire_Fighting_Gear_INDEX_2	</identifier>
				<transform>
					<row0>	0.0000 0.0000 -1.0000 0.0000	</row0>
					<row1>	0.0000 1.0000 0.0000 0.0000	</row1>
					<row2>	1.0000 0.0000 0.0000 0.0000	</row2>
					<row3>	-0.0543 0.5380 -1.2120 1.0000	</row3>
				</transform>
			</node>
			<node>
				<identifier>	MP_CM011_Fire_Fighting_Gear_INDEX_3	</identifier>
				<transform>
					<row0>	0.6428 0.0000 -0.7660 0.0000	</row0>
					<row1>	0.0000 1.0000 0.0000 0.0000	</row1>
					<row2>	0.7660 0.0000 0.6428 0.0000	</row2>
					<row3>	-0.2569 0.2228 -2.3960 1.0000	</row3>
				</transform>
			</node>
			<node>
				<identifier>	MP_CM011_Fire_Fighting_Gear_INDEX_4	</identifier>
				<transform>
					<row0>	-1.0000 0.0000 0.0000 0.0000	</row0>
					<row1>	0.0000 1.0000 0.0000 0.0000	</row1>
					<row2>	0.0000 0.0000 -1.0000 0.0000	</row2>
					<row3>	0.0098 0.3747 -0.4816 1.0000	</row3>
				</transform>
			</node>
			<node>
				<identifier>	MP_CM011_Fire_Fighting_Gear_INDEX_5	</identifier>
				<transform>
					<row0>	0.5209 0.0000 -0.8536 0.0000	</row0>
					<row1>	0.0000 1.0000 0.0000 0.0000	</row1>
					<row2>	0.8536 0.0000 0.5209 0.0000	</row2>
					<row3>	-0.3883 0.3754 -1.3638 1.0000	</row3>
				</transform>
			</node>
			<node>
				<identifier>	MP_CM011_Fire_Fighting_Gear_INDEX_6	</identifier>
				<transform>
					<row0>	0.0000 0.0000 -1.0000 0.0000	</row0>
					<row1>	0.0000 1.0000 0.0000 0.0000	</row1>
					<row2>	1.0000 0.0000 0.0000 0.0000	</row2>
					<row3>	-0.1087 0.7086 -0.8709 1.0000	</row3>
				</transform>
			</node>
			<node>
				<identifier>	MP_CM011_Fire_Fighting_Gear_INDEX_7	</identifier>
				<transform>
					<row0>	0.6428 0.0000 0.7660 0.0000	</row0>
					<row1>	0.0000 1.0000 0.0000 0.0000	</row1>
					<row2>	-0.7660 0.0000 0.6428 0.0000	</row2>
					<row3>	0.2569 0.2228 -2.3960 1.0000	</row3>
				</transform>
			</node>
			<node>
				<identifier>	MP_CM014_Fuel_Oil_Hose	</identifier>
				<transform>
					<row0>	-0.9834 0.0000 0.1817 0.0000	</row0>
					<row1>	0.0000 1.0000 0.0000 0.0000	</row1>
					<row2>	-0.1817 0.0000 -0.9834 0.0000	</row2>
					<row3>	0.7010 0.2459 -1.5092 1.0000	</row3>
				</transform>
			</node>
			<node>
				<identifier>	MP_CM014_Fuel_Oil_Hose_INDEX_1	</identifier>
				<transform>
					<row0>	1.0000 0.0000 0.0056 0.0000	</row0>
					<row1>	0.0000 1.0000 0.0000 0.0000	</row1>
					<row2>	-0.0056 0.0000 1.0000 0.0000	</row2>
					<row3>	-0.8178 0.2555 0.3024 1.0000	</row3>
				</transform>
			</node>
			<node>
				<identifier>	MP_CM014_Fuel_Oil_Hose_INDEX_2	</identifier>
				<transform>
					<row0>	0.9935 0.0000 0.1142 0.0000	</row0>
					<row1>	0.0000 1.0000 0.0000 0.0000	</row1>
					<row2>	-0.1142 0.0000 0.9935 0.0000	</row2>
					<row3>	-0.6922 0.2439 -1.4962 1.0000	</row3>
				</transform>
			</node>
			<node>
				<identifier>	MP_CM029_Emergency_Box	</identifier>
				<transform>
					<row0>	0.0000 0.0000 1.0000 0.0000	</row0>
					<row1>	0.0000 1.0000 0.0000 0.0000	</row1>
					<row2>	-1.0000 0.0000 0.0000 0.0000	</row2>
					<row3>	0.2397 0.6008 -1.3392 1.0000	</row3>
				</transform>
			</node>
			<node>
				<identifier>	MP_CM029_Emergency_Box_INDEX_1	</identifier>
				<transform>
					<row0>	0.0000 0.0000 -1.0000 0.0000	</row0>
					<row1>	0.0000 1.0000 0.0000 0.0000	</row1>
					<row2>	1.0000 0.0000 0.0000 0.0000	</row2>
					<row3>	-0.1076 0.7636 -1.0985 1.0000	</row3>
				</transform>
			</node>
			<node>
				<identifier>	MP_CM029_Emergency_Box_INDEX_2	</identifier>
				<transform>
					<row0>	0.5205 0.0000 0.8538 0.0000	</row0>
					<row1>	0.0000 1.0000 0.0000 0.0000	</row1>
					<row2>	-0.8538 0.0000 0.5205 0.0000	</row2>
					<row3>	0.4193 0.4453 -1.3066 1.0000	</row3>
				</transform>
			</node>
			<node>
				<identifier>	MP_CM029_Emergency_Box_INDEX_3	</identifier>
				<transform>
					<row0>	0.0000 0.0000 1.0000 0.0000	</row0>
					<row1>	0.0000 1.0000 0.0000 0.0000	</row1>
					<row2>	-1.0000 0.0000 0.0000 0.0000	</row2>
					<row3>	0.1076 0.7779 -0.8972 1.0000	</row3>
				</transform>
			</node>
			<node>
				<identifier>	MP_CM030_Swab_Rack_2	</identifier>
				<transform>
					<row0>	0.8786 0.0000 -0.4776 0.0000	</row0>
					<row1>	0.0000 1.0000 0.0000 0.0000	</row1>
					<row2>	0.4776 0.0000 0.8786 0.0000	</row2>
					<row3>	0.0414 0.3736 -0.4989 1.0000	</row3>
				</transform>
			</node>
			<node>
				<identifier>	MP_CM030_Swab_Rack_2_INDEX_1	</identifier>
				<transform>
					<row0>	-0.5182 0.0000 0.8552 0.0000	</row0>
					<row1>	0.0000 1.0000 0.0000 0.0000	</row1>
					<row2>	-0.8552 0.0000 -0.5182 0.0000	</row2>
					<row3>	-0.3405 0.3728 -1.4257 1.0000	</row3>
				</transform>
			</node>
			<node>
				<identifier>	MP_CM051_Fire_Fighting_Gear	</identifier>
				<transform>
					<row0>	1.0000 0.0000 0.0000 0.0000	</row0>
					<row1>	0.0000 0.0000 -1.0000 0.0000	</row1>
					<row2>	0.0000 1.0000 0.0000 0.0000	</row2>
					<row3>	0.1009 0.7162 -0.8864 1.0000	</row3>
				</transform>
			</node>
			<node>
				<identifier>	MP_CM052_Fender	</identifier>
				<transform>
					<row0>	-0.9901 0.0000 -0.1402 0.0000	</row0>
					<row1>	-0.0006 1.0000 0.0043 0.0000	</row1>
					<row2>	0.1402 0.0043 -0.9901 0.0000	</row2>
					<row3>	0.0617 0.2263 -2.5525 1.0000	</row3>
				</transform>
			</node>
			<node>
				<identifier>	MP_CM052_Fender_INDEX_1	</identifier>
				<transform>
					<row0>	-0.9930 0.0000 0.1182 0.0000	</row0>
					<row1>	0.0006 1.0000 0.0043 0.0000	</row1>
					<row2>	-0.1182 0.0043 -0.9930 0.0000	</row2>
					<row3>	-0.0621 0.2264 -2.5526 1.0000	</row3>
				</transform>
			</node>
			<node>
				<identifier>	MP_CM076_Fender	</identifier>
				<transform>
					<row0>	0.0103 0.6999 0.0023 0.0000	</row0>
					<row1>	0.2627 -0.0060 0.6488 0.0000	</row1>
					<row2>	0.6488 -0.0087 -0.2627 0.0000	</row2>
					<row3>	0.7829 0.2533 0.0425 1.0000	</row3>
				</transform>
			</node>
			<node>
				<identifier>	MP_CM076_Fender_INDEX_1	</identifier>
				<transform>
					<row0>	0.0103 0.6999 0.0024 0.0000	</row0>
					<row1>	0.2529 -0.0060 0.6527 0.0000	</row1>
					<row2>	0.6526 -0.0087 -0.2530 0.0000	</row2>
					<row3>	0.7994 0.2559 -0.5013 1.0000	</row3>
				</transform>
			</node>
			<node>
				<identifier>	MP_CM092_Siren	</identifier>
				<transform>
					<row0>	1.0000 0.0000 0.0000 0.0000	</row0>
					<row1>	0.0000 1.0000 0.0000 0.0000	</row1>
					<row2>	0.0000 0.0000 1.0000 0.0000	</row2>
					<row3>	0.1163 1.3433 -0.7712 1.0000	</row3>
				</transform>
			</node>
			<node>
				<identifier>	MP_CM097_Stairway	</identifier>
				<transform>
					<row0>	0.0000 1.0000 0.0000 0.0000	</row0>
					<row1>	-0.7863 0.0000 -0.6179 0.0000	</row1>
					<row2>	-0.6179 0.0000 0.7863 0.0000	</row2>
					<row3>	-0.4261 0.2524 -2.0875 1.0000	</row3>
				</transform>
			</node>
			<node>
				<identifier>	MP_CM097_Stairway_INDEX_1	</identifier>
				<transform>
					<row0>	0.0000 -1.0000 0.0000 0.0000	</row0>
					<row1>	0.7863 0.0000 -0.6179 0.0000	</row1>
					<row2>	0.6179 0.0000 0.7863 0.0000	</row2>
					<row3>	0.4261 0.2524 -2.0875 1.0000	</row3>
				</transform>
			</node>
			<node>
				<identifier>	MP_CM109_Leadsman_Platform	</identifier>
				<transform>
					<row0>	0.0000 1.0000 0.0000 0.0000	</row0>
					<row1>	0.7863 0.0000 0.6179 0.0000	</row1>
					<row2>	0.6179 0.0000 -0.7863 0.0000	</row2>
					<row3>	-0.3768 0.2895 -2.1507 1.0000	</row3>
				</transform>
			</node>
			<node>
				<identifier>	MP_CM109_Leadsman_Platform_INDEX_1	</identifier>
				<transform>
					<row0>	0.0000 1.0000 0.0000 0.0000	</row0>
					<row1>	-0.7863 0.0000 0.6179 0.0000	</row1>
					<row2>	0.6179 0.0000 0.7863 0.0000	</row2>
					<row3>	0.3768 0.2895 -2.1507 1.0000	</row3>
				</transform>
			</node>
			<node>
				<identifier>	MP_GM003_Reels_1	</identifier>
				<transform>
					<row0>	-1.3000 0.0000 0.0000 0.0000	</row0>
					<row1>	0.0000 1.3000 0.0000 0.0000	</row1>
					<row2>	0.0000 0.0000 -1.3000 0.0000	</row2>
					<row3>	-0.2721 0.3727 -0.4912 1.0000	</row3>
				</transform>
			</node>
			<node>
				<identifier>	MP_GM003_Reels_1_INDEX_1	</identifier>
				<transform>
					<row0>	0.0000 0.0000 1.0000 0.0000	</row0>
					<row1>	0.0000 1.0000 0.0000 0.0000	</row1>
					<row2>	-1.0000 0.0000 0.0000 0.0000	</row2>
					<row3>	0.4598 0.3733 -1.1173 1.0000	</row3>
				</transform>
			</node>
			<node>
				<identifier>	MP_GM003_Reels_1_INDEX_2	</identifier>
				<transform>
					<row0>	0.7154 0.0000 -0.9634 0.0000	</row0>
					<row1>	0.0000 1.2000 0.0000 0.0000	</row1>
					<row2>	0.9634 0.0000 0.7154 0.0000	</row2>
					<row3>	-0.2674 0.2222 -3.2409 1.0000	</row3>
				</transform>
			</node>
			<node>
				<identifier>	MP_GM003_Reels_1_INDEX_3	</identifier>
				<transform>
					<row0>	0.7154 0.0000 0.9634 0.0000	</row0>
					<row1>	0.0000 1.2000 0.0000 0.0000	</row1>
					<row2>	-0.9634 0.0000 0.7154 0.0000	</row2>
					<row3>	0.2674 0.2222 -3.2409 1.0000	</row3>
				</transform>
			</node>
			<node>
				<identifier>	MP_GM005_Reels_3	</identifier>
				<transform>
					<row0>	0.0000 0.0000 1.0000 0.0000	</row0>
					<row1>	0.0000 1.0000 0.0000 0.0000	</row1>
					<row2>	-1.0000 0.0000 0.0000 0.0000	</row2>
					<row3>	0.1792 0.3812 -0.3273 1.0000	</row3>
				</transform>
			</node>
			<node>
				<identifier>	MP_GM007_LifeBuoy	</identifier>
				<transform>
					<row0>	0.9929 0.0000 -0.1186 0.0000	</row0>
					<row1>	-0.1186 0.0013 -0.9929 0.0000	</row1>
					<row2>	0.0001 1.0000 0.0012 0.0000	</row2>
					<row3>	0.7641 0.2662 -3.1813 1.0000	</row3>
				</transform>
			</node>
			<node>
				<identifier>	MP_GM007_LifeBuoy_INDEX_1	</identifier>
				<transform>
					<row0>	0.9929 0.0000 0.1186 0.0000	</row0>
					<row1>	0.1186 0.0013 -0.9929 0.0000	</row1>
					<row2>	-0.0001 1.0000 0.0012 0.0000	</row2>
					<row3>	-0.7637 0.2662 -3.1813 1.0000	</row3>
				</transform>
			</node>
			<node>
				<identifier>	MP_GM008_Loudspeaker	</identifier>
				<transform>
					<row0>	1.0000 0.0000 0.0000 0.0000	</row0>
					<row1>	0.0000 1.0000 0.0000 0.0000	</row1>
					<row2>	0.0000 0.0000 1.0000 0.0000	</row2>
					<row3>	0.1008 0.8750 -1.1069 1.0000	</row3>
				</transform>
			</node>
			<node>
				<identifier>	MP_GM008_Loudspeaker_INDEX_1	</identifier>
				<transform>
					<row0>	-1.0000 0.0000 0.0000 0.0000	</row0>
					<row1>	0.0000 1.0000 0.0000 0.0000	</row1>
					<row2>	0.0000 0.0000 -1.0000 0.0000	</row2>
					<row3>	-0.1008 0.8750 -1.1444 1.0000	</row3>
				</transform>
			</node>
			<node>
				<identifier>	MP_GM010_Binocular	</identifier>
				<transform>
					<row0>	1.0000 0.0000 0.0000 0.0000	</row0>
					<row1>	0.0000 1.0000 0.0000 0.0000	</row1>
					<row2>	0.0000 0.0000 1.0000 0.0000	</row2>
					<row3>	0.2139 0.7062 -0.7580 1.0000	</row3>
				</transform>
			</node>
			<node>
				<identifier>	MP_GM011_Pelorus	</identifier>
				<transform>
					<row0>	1.0000 0.0000 0.0000 0.0000	</row0>
					<row1>	0.0000 1.0000 0.0000 0.0000	</row1>
					<row2>	0.0000 0.0000 1.0000 0.0000	</row2>
					<row3>	-0.1612 0.7062 -0.5105 1.0000	</row3>
				</transform>
			</node>
			<node>
				<identifier>	MP_GM011_Pelorus_INDEX_1	</identifier>
				<transform>
					<row0>	0.0000 0.0000 1.0000 0.0000	</row0>
					<row1>	0.0000 1.0000 0.0000 0.0000	</row1>
					<row2>	-1.0000 0.0000 0.0000 0.0000	</row2>
					<row3>	0.2078 0.7062 -0.6874 1.0000	</row3>
				</transform>
			</node>
			<node>
				<identifier>	MP_GM014_Sleeve	</identifier>
				<transform>
					<row0>	1.0000 0.0000 0.0000 0.0000	</row0>
					<row1>	0.0000 1.0000 0.0000 0.0000	</row1>
					<row2>	0.0000 0.0000 1.0000 0.0000	</row2>
					<row3>	-0.0076 0.4412 -0.4873 1.0000	</row3>
				</transform>
			</node>
			<node>
				<identifier>	MP_GM014_Sleeve_INDEX_1	</identifier>
				<transform>
					<row0>	-0.6188 0.0000 0.7856 0.0000	</row0>
					<row1>	0.0000 1.0000 0.0000 0.0000	</row1>
					<row2>	-0.7856 0.0000 -0.6188 0.0000	</row2>
					<row3>	-0.3234 0.3159 -2.2053 1.0000	</row3>
				</transform>
			</node>
			<node>
				<identifier>	MP_GM014_Sleeve_INDEX_2	</identifier>
				<transform>
					<row0>	-0.6188 0.0000 -0.7856 0.0000	</row0>
					<row1>	0.0000 1.0000 0.0000 0.0000	</row1>
					<row2>	0.7856 0.0000 -0.6188 0.0000	</row2>
					<row3>	0.3268 0.3159 -2.2055 1.0000	</row3>
				</transform>
			</node>
			<node>
				<identifier>	MP_GM016_Sleeve	</identifier>
				<transform>
					<row0>	0.0000 0.0000 -1.0000 0.0000	</row0>
					<row1>	0.0000 1.0000 0.0000 0.0000	</row1>
					<row2>	1.0000 0.0000 0.0000 0.0000	</row2>
					<row3>	0.4274 0.4298 -1.1963 1.0000	</row3>
				</transform>
			</node>
			<node>
				<identifier>	MP_GM016_Sleeve_INDEX_1	</identifier>
				<transform>
					<row0>	0.0000 0.0000 -1.0000 0.0000	</row0>
					<row1>	0.0000 1.0000 0.0000 0.0000	</row1>
					<row2>	1.0000 0.0000 0.0000 0.0000	</row2>
					<row3>	0.1008 0.7750 -0.9375 1.0000	</row3>
				</transform>
			</node>
			<node>
				<identifier>	MP_GM016_Sleeve_INDEX_2	</identifier>
				<transform>
					<row0>	0.0000 0.0000 1.0000 0.0000	</row0>
					<row1>	0.0000 1.0000 0.0000 0.0000	</row1>
					<row2>	-1.0000 0.0000 0.0000 0.0000	</row2>
					<row3>	-0.1017 0.7747 -0.8986 1.0000	</row3>
				</transform>
			</node>
			<node>
				<identifier>	MP_GM016_Sleeve_INDEX_3	</identifier>
				<transform>
					<row0>	0.9659 0.0000 0.2588 0.0000	</row0>
					<row1>	0.0000 1.0000 0.0000 0.0000	</row1>
					<row2>	-0.2588 0.0000 0.9659 0.0000	</row2>
					<row3>	-0.1200 0.5918 -1.4007 1.0000	</row3>
				</transform>
			</node>
			<node>
				<identifier>	MP_GM016_Sleeve_INDEX_4	</identifier>
				<transform>
					<row0>	0.8434 0.0000 -0.5373 0.0000	</row0>
					<row1>	0.0000 1.0000 0.0000 0.0000	</row1>
					<row2>	0.5373 0.0000 0.8434 0.0000	</row2>
					<row3>	0.1903 0.5832 -1.2884 1.0000	</row3>
				</transform>
			</node>
			<node>
				<identifier>	MP_GM016_Sleeve_INDEX_5	</identifier>
				<transform>
					<row0>	-0.5209 0.0000 0.8536 0.0000	</row0>
					<row1>	0.0000 1.0000 0.0000 0.0000	</row1>
					<row2>	-0.8536 0.0000 -0.5209 0.0000	</row2>
					<row3>	-0.3634 0.4293 -1.3884 1.0000	</row3>
				</transform>
			</node>
			<node>
				<identifier>	MP_GM017_Siren	</identifier>
				<transform>
					<row0>	1.0000 0.0000 0.0000 0.0000	</row0>
					<row1>	0.0000 1.0000 0.0000 0.0000	</row1>
					<row2>	0.0000 0.0000 1.0000 0.0000	</row2>
					<row3>	-0.0529 0.7608 -1.7473 1.0000	</row3>
				</transform>
			</node>
			<node>
				<identifier>	MP_GM018_Siren	</identifier>
				<transform>
					<row0>	-1.0000 0.0000 0.0000 0.0000	</row0>
					<row1>	0.0000 1.0000 0.0000 0.0000	</row1>
					<row2>	0.0000 0.0000 -1.0000 0.0000	</row2>
					<row3>	-0.0766 1.0314 -1.1941 1.0000	</row3>
				</transform>
			</node>
			<node>
				<identifier>	MP_GM018_Siren_INDEX_1	</identifier>
				<transform>
					<row0>	0.0000 0.0000 -1.0000 0.0000	</row0>
					<row1>	0.0000 1.0000 0.0000 0.0000	</row1>
					<row2>	1.0000 0.0000 0.0000 0.0000	</row2>
					<row3>	0.1010 0.6339 -1.1254 1.0000	</row3>
				</transform>
			</node>
			<node>
				<identifier>	MP_GM018_Siren_INDEX_2	</identifier>
				<transform>
					<row0>	0.0000 0.0000 -1.0000 0.0000	</row0>
					<row1>	0.0000 1.0000 0.0000 0.0000	</row1>
					<row2>	1.0000 0.0000 0.0000 0.0000	</row2>
					<row3>	0.4276 0.4807 -0.9462 1.0000	</row3>
				</transform>
			</node>
			<node>
				<identifier>	MP_GM018_Siren_INDEX_3	</identifier>
				<transform>
					<row0>	0.0872 0.0000 0.9962 0.0000	</row0>
					<row1>	0.0000 1.0000 0.0000 0.0000	</row1>
					<row2>	-0.9962 0.0000 0.0872 0.0000	</row2>
					<row3>	-0.3754 0.4784 -0.8250 1.0000	</row3>
				</transform>
			</node>
			<node>
				<identifier>	MP_GM018_Siren_INDEX_4	</identifier>
				<transform>
					<row0>	0.0000 0.0000 1.0000 0.0000	</row0>
					<row1>	0.0000 1.0000 0.0000 0.0000	</row1>
					<row2>	-1.0000 0.0000 0.0000 0.0000	</row2>
					<row3>	-0.0468 0.6451 -1.1429 1.0000	</row3>
				</transform>
			</node>
			<node>
				<identifier>	MP_GM024_Night_Indicator	</identifier>
				<transform>
					<row0>	-1.0000 0.0000 0.0000 0.0000	</row0>
					<row1>	0.0000 1.0000 0.0000 0.0000	</row1>
					<row2>	0.0000 0.0000 -1.0000 0.0000	</row2>
					<row3>	0.0000 1.3239 -1.0139 1.0000	</row3>
				</transform>
			</node>
			<node>
				<identifier>	MP_GM025_Cooling_tube	</identifier>
				<transform>
					<row0>	0.0000 0.5736 0.8192 0.0000	</row0>
					<row1>	0.0000 0.8192 -0.5736 0.0000	</row1>
					<row2>	-1.0000 0.0000 0.0000 0.0000	</row2>
					<row3>	-0.0987 0.7177 -1.2634 1.0000	</row3>
				</transform>
			</node>
			<node>
				<identifier>	MP_GM025_Cooling_tube_INDEX_1	</identifier>
				<transform>
					<row0>	0.0000 0.9294 -0.3690 0.0000	</row0>
					<row1>	0.0000 0.3690 0.9294 0.0000	</row1>
					<row2>	1.0000 0.0000 0.0000 0.0000	</row2>
					<row3>	0.4263 0.4148 -1.0876 1.0000	</row3>
				</transform>
			</node>
			<node>
				<identifier>	MP_GM025_Cooling_tube_INDEX_2	</identifier>
				<transform>
					<row0>	0.0000 0.9294 -0.3690 0.0000	</row0>
					<row1>	0.0000 0.3690 0.9294 0.0000	</row1>
					<row2>	1.0000 0.0000 0.0000 0.0000	</row2>
					<row3>	0.4263 0.4389 -1.0876 1.0000	</row3>
				</transform>
			</node>
			<node>
				<identifier>	MP_GM025_Cooling_tube_INDEX_3	</identifier>
				<transform>
					<row0>	0.0000 0.5736 0.8192 0.0000	</row0>
					<row1>	0.0000 0.8192 -0.5736 0.0000	</row1>
					<row2>	-1.0000 0.0000 0.0000 0.0000	</row2>
					<row3>	-0.0987 0.7177 -1.2902 1.0000	</row3>
				</transform>
			</node>
			<node>
				<identifier>	MP_GM035_LifeBuoy_Mount	</identifier>
				<transform>
					<row0>	0.9932 0.0056 0.1163 0.0000	</row0>
					<row1>	-0.0056 1.0000 -0.0003 0.0000	</row1>
					<row2>	-0.1163 -0.0003 0.9932 0.0000	</row2>
					<row3>	-0.6871 0.2873 -1.5338 1.0000	</row3>
				</transform>
			</node>
			<node>
				<identifier>	MP_GM035_LifeBuoy_Mount_INDEX_1	</identifier>
				<transform>
					<row0>	-1.0000 0.0000 0.0000 0.0000	</row0>
					<row1>	0.0000 1.0000 0.0000 0.0000	</row1>
					<row2>	0.0000 0.0000 -1.0000 0.0000	</row2>
					<row3>	0.8287 0.2904 -0.3209 1.0000	</row3>
				</transform>
			</node>
			<node>
				<identifier>	MP_GM035_LifeBuoy_Mount_INDEX_2	</identifier>
				<transform>
					<row0>	-0.8544 0.0000 0.5197 0.0000	</row0>
					<row1>	0.0003 1.0000 0.0005 0.0000	</row1>
					<row2>	-0.5197 0.0005 -0.8544 0.0000	</row2>
					<row3>	0.2006 0.7457 -1.6573 1.0000	</row3>
				</transform>
			</node>
			<node>
				<identifier>	MP_GM035_LifeBuoy_Mount_INDEX_3	</identifier>
				<transform>
					<row0>	1.0000 0.0000 0.0056 0.0000	</row0>
					<row1>	0.0000 1.0000 0.0000 0.0000	</row1>
					<row2>	-0.0056 0.0000 1.0000 0.0000	</row2>
					<row3>	-0.8157 0.2950 0.1216 1.0000	</row3>
				</transform>
			</node>
			<node>
				<identifier>	MP_GM035_LifeBuoy_Mount_INDEX_4	</identifier>
				<transform>
					<row0>	-0.9825 0.0115 0.1857 0.0000	</row0>
					<row1>	0.0116 0.9999 -0.0006 0.0000	</row1>
					<row2>	-0.1857 0.0016 -0.9826 0.0000	</row2>
					<row3>	0.6967 0.2878 -1.5296 1.0000	</row3>
				</transform>
			</node>
			<node>
				<identifier>	MP_GM035_LifeBuoy_Mount_INDEX_5	</identifier>
				<transform>
					<row0>	0.8544 0.0000 0.5197 0.0000	</row0>
					<row1>	0.0003 1.0000 -0.0005 0.0000	</row1>
					<row2>	-0.5197 0.0005 0.8544 0.0000	</row2>
					<row3>	-0.2003 0.7457 -1.6579 1.0000	</row3>
				</transform>
			</node>
			<node>
				<identifier>	MP_GM065_Firelead	</identifier>
				<transform>
					<row0>	0.7996 0.0000 0.0265 0.0000	</row0>
					<row1>	0.0000 0.8000 0.0012 0.0000	</row1>
					<row2>	-0.0265 -0.0012 0.7996 0.0000	</row2>
					<row3>	-0.8803 0.2241 -1.3695 1.0000	</row3>
				</transform>
			</node>
			<node>
				<identifier>	MP_GM065_Firelead_INDEX_1	</identifier>
				<transform>
					<row0>	0.7980 0.0000 -0.0559 0.0000	</row0>
					<row1>	0.0001 0.8000 0.0017 0.0000	</row1>
					<row2>	0.0559 -0.0017 0.7980 0.0000	</row2>
					<row3>	0.8266 0.2248 -2.4197 1.0000	</row3>
				</transform>
			</node>
			<node>
				<identifier>	MP_GM065_Firelead_INDEX_2	</identifier>
				<transform>
					<row0>	0.7980 0.0000 0.0559 0.0000	</row0>
					<row1>	-0.0001 0.8000 0.0017 0.0000	</row1>
					<row2>	-0.0559 -0.0017 0.7980 0.0000	</row2>
					<row3>	-0.8266 0.2248 -2.4197 1.0000	</row3>
				</transform>
			</node>
			<node>
				<identifier>	MP_GM065_Firelead_INDEX_3	</identifier>
				<transform>
					<row0>	0.7996 0.0000 -0.0265 0.0000	</row0>
					<row1>	0.0000 0.8000 0.0012 0.0000	</row1>
					<row2>	0.0265 -0.0012 0.7996 0.0000	</row2>
					<row3>	0.8802 0.2241 -1.3697 1.0000	</row3>
				</transform>
			</node>
			<node>
				<identifier>	MP_GM066_Whinch	</identifier>
				<transform>
					<row0>	1.0000 0.0000 0.0000 0.0000	</row0>
					<row1>	0.0000 1.0000 0.0000 0.0000	</row1>
					<row2>	0.0000 0.0000 1.0000 0.0000	</row2>
					<row3>	0.4833 0.3762 -0.6560 1.0000	</row3>
				</transform>
			</node>
			<node>
				<identifier>	MP_GM066_Whinch_INDEX_1	</identifier>
				<transform>
					<row0>	1.0000 0.0000 0.0000 0.0000	</row0>
					<row1>	0.0000 1.0000 0.0000 0.0000	</row1>
					<row2>	0.0000 0.0000 1.0000 0.0000	</row2>
					<row3>	0.4003 0.3762 -0.3078 1.0000	</row3>
				</transform>
			</node>
			<node>
				<identifier>	MP_GM066_Whinch_INDEX_2	</identifier>
				<transform>
					<row0>	-1.0000 0.0000 0.0000 0.0000	</row0>
					<row1>	0.0000 1.0000 0.0000 0.0000	</row1>
					<row2>	0.0000 0.0000 -1.0000 0.0000	</row2>
					<row3>	-0.6043 0.3762 -0.5838 1.0000	</row3>
				</transform>
			</node>
			<node>
				<identifier>	MP_GM066_Whinch_INDEX_3	</identifier>
				<transform>
					<row0>	-1.0000 0.0000 0.0000 0.0000	</row0>
					<row1>	0.0000 1.0000 0.0000 0.0000	</row1>
					<row2>	0.0000 0.0000 -1.0000 0.0000	</row2>
					<row3>	-0.6082 0.3762 -1.3337 1.0000	</row3>
				</transform>
			</node>
			<node>
				<identifier>	MP_GM507_Boat	</identifier>
				<transform>
					<row0>	0.8557 -0.0013 -0.5175 0.0000	</row0>
					<row1>	0.0011 1.0000 -0.0006 0.0000	</row1>
					<row2>	0.5175 0.0000 0.8557 0.0000	</row2>
					<row3>	0.3167 0.3802 -1.4652 1.0000	</row3>
				</transform>
			</node>
			<node>
				<identifier>	MP_GM507_Boat_INDEX_1	</identifier>
				<transform>
					<row0>	0.4782 0.0000 0.8782 0.0000	</row0>
					<row1>	0.0000 1.0000 0.0000 0.0000	</row1>
					<row2>	-0.8782 0.0000 0.4782 0.0000	</row2>
					<row3>	0.1251 0.3797 -0.5437 1.0000	</row3>
				</transform>
			</node>
			<node>
				<identifier>	MP_GM508_Boats	</identifier>
				<transform>
					<row0>	0.0000 0.0000 1.0000 0.0000	</row0>
					<row1>	0.0000 1.0000 0.0000 0.0000	</row1>
					<row2>	-1.0000 0.0000 0.0000 0.0000	</row2>
					<row3>	0.4001 0.3733 0.1132 1.0000	</row3>
				</transform>
			</node>
			<node>
				<identifier>	MP_GM508_Boats_INDEX_1	</identifier>
				<transform>
					<row0>	0.0000 0.0000 -1.0000 0.0000	</row0>
					<row1>	0.0000 1.0000 0.0000 0.0000	</row1>
					<row2>	1.0000 0.0000 0.0000 0.0000	</row2>
					<row3>	0.4001 0.3733 -0.1669 1.0000	</row3>
				</transform>
			</node>
			<node>
				<identifier>	MP_GM508_Boats_INDEX_2	</identifier>
				<transform>
					<row0>	0.0000 0.0000 1.0000 0.0000	</row0>
					<row1>	0.0000 1.0000 0.0000 0.0000	</row1>
					<row2>	-1.0000 0.0000 0.0000 0.0000	</row2>
					<row3>	0.4001 0.3733 -0.0272 1.0000	</row3>
				</transform>
			</node>
			<node>
				<identifier>	MP_GM518_Motorboot_7_6m	</identifier>
				<transform>
					<row0>	0.9999 0.0000 0.0152 0.0000	</row0>
					<row1>	0.0000 1.0000 0.0000 0.0000	</row1>
					<row2>	-0.0152 0.0000 0.9999 0.0000	</row2>
					<row3>	-0.9351 0.2981 -0.8291 1.0000	</row3>
				</transform>
			</node>
			<node>
				<identifier>	MP_GM518_Motorboot_7_6m_INDEX_1	</identifier>
				<transform>
					<row0>	1.0000 0.0000 0.0000 0.0000	</row0>
					<row1>	0.0000 1.0000 0.0000 0.0000	</row1>
					<row2>	0.0000 0.0000 1.0000 0.0000	</row2>
					<row3>	-0.9371 0.2981 -0.1893 1.0000	</row3>
				</transform>
			</node>
			<node>
				<identifier>	MP_GM519_Cutter_8_5m	</identifier>
				<transform>
					<row0>	1.0000 0.0000 0.0000 0.0000	</row0>
					<row1>	0.0000 1.0000 0.0000 0.0000	</row1>
					<row2>	0.0000 0.0000 1.0000 0.0000	</row2>
					<row3>	0.0999 0.4376 -0.0007 1.0000	</row3>
				</transform>
			</node>
			<node>
				<identifier>	MP_GM519_Cutter_8_5m_INDEX_1	</identifier>
				<transform>
					<row0>	1.0000 0.0000 0.0000 0.0000	</row0>
					<row1>	0.0000 1.0000 0.0000 0.0000	</row1>
					<row2>	0.0000 0.0000 1.0000 0.0000	</row2>
					<row3>	0.2620 0.4376 -0.0007 1.0000	</row3>
				</transform>
			</node>
			<node>
				<identifier>	MP_GM600_Switch_Box_1	</identifier>
				<transform>
					<row0>	1.0000 0.0000 0.0000 0.0000	</row0>
					<row1>	0.0000 1.0000 0.0000 0.0000	</row1>
					<row2>	0.0000 0.0000 1.0000 0.0000	</row2>
					<row3>	-0.1225 0.7636 -1.7472 1.0000	</row3>
				</transform>
			</node>
			<node>
				<identifier>	MP_GM601_Switch_Box_2	</identifier>
				<transform>
					<row0>	1.0000 0.0000 0.0000 0.0000	</row0>
					<row1>	0.0000 1.0000 0.0000 0.0000	</row1>
					<row2>	0.0000 0.0000 1.0000 0.0000	</row2>
					<row3>	0.1215 0.7636 -1.7472 1.0000	</row3>
				</transform>
			</node>
			<node>
				<identifier>	MP_GM602_Switch_Box_3	</identifier>
				<transform>
					<row0>	0.0000 0.0000 1.0000 0.0000	</row0>
					<row1>	0.0000 1.0000 0.0000 0.0000	</row1>
					<row2>	-1.0000 0.0000 0.0000 0.0000	</row2>
					<row3>	-0.1013 0.7894 -1.0667 1.0000	</row3>
				</transform>
			</node>
			<node>
				<identifier>	MP_GM603_Switch_Box_4	</identifier>
				<transform>
					<row0>	0.0000 0.0000 -1.0000 0.0000	</row0>
					<row1>	0.0000 1.0000 0.0000 0.0000	</row1>
					<row2>	1.0000 0.0000 0.0000 0.0000	</row2>
					<row3>	0.4272 0.4126 -0.9463 1.0000	</row3>
				</transform>
			</node>
			<node>
				<identifier>	MP_GM604_Switch_Box_5	</identifier>
				<transform>
					<row0>	-0.8287 0.0000 0.0000 0.0000	</row0>
					<row1>	0.0000 0.8287 0.0000 0.0000	</row1>
					<row2>	0.0000 0.0000 -0.8287 0.0000	</row2>
					<row3>	0.0154 0.9474 -1.1935 1.0000	</row3>
				</transform>
			</node>
			<node>
				<identifier>	MP_GM604_Switch_Box_5_INDEX_1	</identifier>
				<transform>
					<row0>	-0.8287 0.0000 0.0000 0.0000	</row0>
					<row1>	0.0000 0.8287 0.0000 0.0000	</row1>
					<row2>	0.0000 0.0000 -0.8287 0.0000	</row2>
					<row3>	0.0154 0.9256 -1.1935 1.0000	</row3>
				</transform>
			</node>
			<node>
				<identifier>	MP_GM605_Indicator	</identifier>
				<transform>
					<row0>	1.0000 0.0000 0.0000 0.0000	</row0>
					<row1>	0.0000 1.0000 0.0000 0.0000	</row1>
					<row2>	0.0000 0.0000 1.0000 0.0000	</row2>
					<row3>	0.0869 0.7636 -1.7472 1.0000	</row3>
				</transform>
			</node>
			<node>
				<identifier>	MP_GM605_Indicator_INDEX_1	</identifier>
				<transform>
					<row0>	1.0000 0.0000 0.0000 0.0000	</row0>
					<row1>	0.0000 1.0000 0.0000 0.0000	</row1>
					<row2>	0.0000 0.0000 1.0000 0.0000	</row2>
					<row3>	-0.0695 0.7636 -1.7472 1.0000	</row3>
				</transform>
			</node>
			<node>
				<identifier>	MP_GM605_Indicator_INDEX_2	</identifier>
				<transform>
					<row0>	1.0000 0.0000 0.0000 0.0000	</row0>
					<row1>	0.0000 1.0000 0.0000 0.0000	</row1>
					<row2>	0.0000 0.0000 1.0000 0.0000	</row2>
					<row3>	0.0695 0.7636 -1.7472 1.0000	</row3>
				</transform>
			</node>
			<node>
				<identifier>	MP_GM605_Indicator_INDEX_3	</identifier>
				<transform>
					<row0>	1.0000 0.0000 0.0000 0.0000	</row0>
					<row1>	0.0000 1.0000 0.0000 0.0000	</row1>
