<ASB008_Colorado_1945_Stern_ports.visual>
	<node>
		<identifier>	Scene Root	</identifier>
		<transform>
			<row0>	1.0000 0.0000 0.0000 0.0000	</row0>
			<row1>	0.0000 1.0000 0.0000 0.0000	</row1>
			<row2>	0.0000 0.0000 1.0000 0.0000	</row2>
			<row3>	0.0000 0.0000 0.0000 1.0000	</row3>
		</transform>
		<node>
			<identifier>	Stern_ports	</identifier>
			<transform>
				<row0>	1.0000 0.0000 0.0000 0.0000	</row0>
				<row1>	0.0000 1.0000 0.0000 0.0000	</row1>
				<row2>	0.0000 0.0000 1.0000 0.0000	</row2>
				<row3>	0.0000 0.0000 0.0000 1.0000	</row3>
			</transform>
			<node>
				<identifier>	HP_AC_1	</identifier>
				<transform>
					<row0>	0.0000 0.0000 -1.0000 0.0000	</row0>
					<row1>	0.0000 1.0000 0.0000 0.0000	</row1>
					<row2>	1.0000 0.0000 0.0000 0.0000	</row2>
					<row3>	0.0000 0.3122 -5.0046 1.0000	</row3>
				</transform>
			</node>
			<node>
				<identifier>	HP_FX_Fire_4	</identifier>
				<transform>
					<row0>	1.0000 0.0000 0.0000 0.0000	</row0>
					<row1>	0.0000 1.0000 0.0000 0.0000	</row1>
					<row2>	0.0000 0.0000 1.0000 0.0000	</row2>
					<row3>	0.0000 0.3082 -4.8890 1.0000	</row3>
				</transform>
			</node>
			<node>
				<identifier>	HP_FX_Flood_water_left	</identifier>
				<transform>
					<row0>	-0.8314 -0.5153 -0.2080 0.0000	</row0>
					<row1>	-0.4999 0.8570 -0.1251 0.0000	</row1>
					<row2>	0.2428 0.0000 -0.9701 0.0000	</row2>
					<row3>	-0.6860 0.2190 -4.4610 1.0000	</row3>
				</transform>
			</node>
			<node>
				<identifier>	HP_FX_Flood_water_right	</identifier>
				<transform>
					<row0>	0.8339 -0.5153 -0.1978 0.0000	</row0>
					<row1>	0.5014 0.8570 -0.1189 0.0000	</row1>
					<row2>	0.2308 0.0000 0.9730 0.0000	</row2>
					<row3>	0.6870 0.2190 -4.4610 1.0000	</row3>
				</transform>
			</node>
			<node>
				<identifier>	HP_FX_RepairLight_right_2	</identifier>
				<transform>
					<row0>	-0.1181 0.0000 -0.9930 0.0000	</row0>
					<row1>	0.0172 0.9999 -0.0020 0.0000	</row1>
					<row2>	0.9928 -0.0173 -0.1181 0.0000	</row2>
					<row3>	0.6075 0.3134 -4.6644 1.0000	</row3>
				</transform>
			</node>
			<node>
				<identifier>	HP_FX_WakeTraceBack	</identifier>
				<transform>
					<row0>	1.0000 0.0000 0.0000 0.0000	</row0>
					<row1>	0.0000 1.0000 0.0000 0.0000	</row1>
					<row2>	0.0000 0.0000 1.0000 0.0000	</row2>
					<row3>	0.0000 0.0000 -6.0841 1.0000	</row3>
				</transform>
			</node>
			<node>
				<identifier>	HP_FX_WakeTrace_screw_1	</identifier>
				<transform>
					<row0>	1.0000 0.0000 0.0000 0.0000	</row0>
					<row1>	0.0000 1.0000 0.0000 0.0000	</row1>
					<row2>	0.0000 0.0000 1.0000 0.0000	</row2>
					<row3>	-0.1917 -0.4997 -5.2466 1.0000	</row3>
				</transform>
			</node>
			<node>
				<identifier>	HP_FX_WakeTrace_screw_2	</identifier>
				<transform>
					<row0>	1.0000 0.0000 0.0000 0.0000	</row0>
					<row1>	0.0000 1.0000 0.0000 0.0000	</row1>
					<row2>	0.0000 0.0000 1.0000 0.0000	</row2>
					<row3>	-0.4922 -0.4918 -4.5126 1.0000	</row3>
				</transform>
			</node>
			<node>
				<identifier>	HP_FX_WakeTrace_screw_3	</identifier>
				<transform>
					<row0>	1.0000 0.0000 0.0000 0.0000	</row0>
					<row1>	0.0000 1.0000 0.0000 0.0000	</row1>
					<row2>	0.0000 0.0000 1.0000 0.0000	</row2>
					<row3>	0.4923 -0.4919 -4.5125 1.0000	</row3>
				</transform>
			</node>
			<node>
				<identifier>	HP_FX_WakeTrace_screw_4	</identifier>
				<transform>
					<row0>	1.0000 0.0000 0.0000 0.0000	</row0>
					<row1>	0.0000 1.0000 0.0000 0.0000	</row1>
					<row2>	0.0000 0.0000 1.0000 0.0000	</row2>
					<row3>	0.1917 -0.4989 -5.2466 1.0000	</row3>
				</transform>
			</node>
			<node>
				<identifier>	HP_Ship_death_3	</identifier>
				<transform>
					<row0>	1.0000 0.0000 0.0000 0.0000	</row0>
					<row1>	0.0000 1.0000 0.0000 0.0000	</row1>
					<row2>	0.0000 0.0000 1.0000 0.0000	</row2>
					<row3>	0.0000 0.0000 -4.0302 1.0000	</row3>
				</transform>
			</node>
			<node>
				<identifier>	MP_AM020_Ventilators_2	</identifier>
				<transform>
					<row0>	0.7000 0.0000 0.0000 0.0000	</row0>
					<row1>	0.0000 0.7000 0.0000 0.0000	</row1>
					<row2>	0.0000 0.0000 0.7000 0.0000	</row2>
					<row3>	-0.1240 0.2955 -5.7663 1.0000	</row3>
				</transform>
			</node>
			<node>
				<identifier>	MP_AM020_Ventilators_2_INDEX_1	</identifier>
				<transform>
					<row0>	0.7000 0.0000 0.0000 0.0000	</row0>
					<row1>	0.0000 0.7000 0.0000 0.0000	</row1>
					<row2>	0.0000 0.0000 0.7000 0.0000	</row2>
					<row3>	0.1201 0.2955 -4.1949 1.0000	</row3>
				</transform>
			</node>
			<node>
				<identifier>	MP_AM020_Ventilators_2_INDEX_2	</identifier>
				<transform>
					<row0>	0.9000 0.0000 0.0000 0.0000	</row0>
					<row1>	0.0000 0.9000 0.0000 0.0000	</row1>
					<row2>	0.0000 0.0000 0.9000 0.0000	</row2>
					<row3>	0.1625 0.2955 -4.0765 1.0000	</row3>
				</transform>
			</node>
			<node>
				<identifier>	MP_AM046_Running_Lights_B	</identifier>
				<transform>
					<row0>	-1.0000 0.0000 0.0000 0.0000	</row0>
					<row1>	0.0000 1.0000 0.0000 0.0000	</row1>
					<row2>	0.0000 0.0000 -1.0000 0.0000	</row2>
					<row3>	0.0000 0.5187 -6.0841 1.0000	</row3>
				</transform>
			</node>
			<node>
				<identifier>	MP_AM049_Signal_Lamp_1	</identifier>
				<transform>
					<row0>	1.0000 0.0000 0.0000 0.0000	</row0>
					<row1>	0.0000 0.9803 -0.1973 0.0000	</row1>
					<row2>	0.0000 0.1973 0.9803 0.0000	</row2>
					<row3>	0.0000 0.7361 -6.1076 1.0000	</row3>
				</transform>
			</node>
			<node>
				<identifier>	MP_AM068_Hatch_3	</identifier>
				<transform>
					<row0>	-1.0000 0.0000 0.0000 0.0000	</row0>
					<row1>	0.0000 1.0000 0.0000 0.0000	</row1>
					<row2>	0.0000 0.0000 -1.0000 0.0000	</row2>
					<row3>	-0.3440 0.2934 -4.1272 1.0000	</row3>
				</transform>
			</node>
			<node>
				<identifier>	MP_AM068_Hatch_3_INDEX_1	</identifier>
				<transform>
					<row0>	-1.0000 0.0000 0.0000 0.0000	</row0>
					<row1>	0.0000 1.0000 0.0000 0.0000	</row1>
					<row2>	0.0000 0.0000 -1.0000 0.0000	</row2>
					<row3>	0.3440 0.2934 -4.1272 1.0000	</row3>
				</transform>
			</node>
			<node>
				<identifier>	MP_AM076_Aircfaft_Crane_1	</identifier>
				<transform>
					<row0>	1.0000 0.0000 0.0000 0.0000	</row0>
					<row1>	0.0000 1.0000 0.0000 0.0000	</row1>
					<row2>	0.0000 0.0000 1.0000 0.0000	</row2>
					<row3>	0.0000 0.2957 -5.8389 1.0000	</row3>
				</transform>
			</node>
			<node>
				<identifier>	MP_AM078_Crane_Control_Wheel	</identifier>
				<transform>
					<row0>	-1.0000 0.0000 0.0000 0.0000	</row0>
					<row1>	0.0000 1.0000 0.0000 0.0000	</row1>
					<row2>	0.0000 0.0000 -1.0000 0.0000	</row2>
					<row3>	0.1194 0.2957 -5.7697 1.0000	</row3>
				</transform>
			</node>
			<node>
				<identifier>	MP_AM088_Capstan_1	</identifier>
				<transform>
					<row0>	1.2588 0.0000 0.0000 0.0000	</row0>
					<row1>	0.0000 1.2588 0.0000 0.0000	</row1>
					<row2>	0.0000 0.0000 1.2588 0.0000	</row2>
					<row3>	0.0000 0.2951 -4.1705 1.0000	</row3>
				</transform>
			</node>
			<node>
				<identifier>	MP_AM103_Hatch_4	</identifier>
				<transform>
					<row0>	0.0000 0.0000 -1.0000 0.0000	</row0>
					<row1>	0.0000 1.0000 0.0000 0.0000	</row1>
					<row2>	1.0000 0.0000 0.0000 0.0000	</row2>
					<row3>	0.0589 0.2739 -5.9054 1.0000	</row3>
				</transform>
			</node>
			<node>
				<identifier>	MP_AM219_Bollard	</identifier>
				<transform>
					<row0>	0.9744 0.0000 0.2249 0.0000	</row0>
					<row1>	0.0000 1.0000 0.0000 0.0000	</row1>
					<row2>	-0.2249 0.0000 0.9744 0.0000	</row2>
					<row3>	-0.6052 0.2969 -4.4189 1.0000	</row3>
				</transform>
			</node>
			<node>
				<identifier>	MP_AM219_Bollard_INDEX_1	</identifier>
				<transform>
					<row0>	0.9744 0.0000 -0.2249 0.0000	</row0>
					<row1>	0.0000 1.0000 0.0000 0.0000	</row1>
					<row2>	0.2249 0.0000 0.9744 0.0000	</row2>
					<row3>	0.6073 0.2969 -4.4146 1.0000	</row3>
				</transform>
			</node>
			<node>
				<identifier>	MP_AM308_Fairlead	</identifier>
				<transform>
					<row0>	0.9638 0.0000 -0.2666 0.0000	</row0>
					<row1>	0.0000 1.0000 0.0000 0.0000	</row1>
					<row2>	0.2666 0.0000 0.9638 0.0000	</row2>
					<row3>	0.6203 0.2965 -4.5817 1.0000	</row3>
				</transform>
			</node>
			<node>
				<identifier>	MP_AM308_Fairlead_INDEX_1	</identifier>
				<transform>
					<row0>	-0.9638 0.0000 -0.2666 0.0000	</row0>
					<row1>	0.0000 1.0000 0.0000 0.0000	</row1>
					<row2>	0.2666 0.0000 -0.9638 0.0000	</row2>
					<row3>	-0.6203 0.2965 -4.5817 1.0000	</row3>
				</transform>
			</node>
			<node>
				<identifier>	MP_AM607_Steern_Light	</identifier>
				<transform>
					<row0>	-1.0000 0.0000 0.0000 0.0000	</row0>
					<row1>	0.0000 1.0000 0.0000 0.0000	</row1>
					<row2>	0.0000 0.0000 -1.0000 0.0000	</row2>
					<row3>	0.0000 0.4966 -6.0841 1.0000	</row3>
				</transform>
			</node>
			<node>
				<identifier>	MP_AM608_Wake_Light	</identifier>
				<transform>
					<row0>	-1.0000 0.0000 0.0000 0.0000	</row0>
					<row1>	0.0000 1.0000 0.0000 0.0000	</row1>
					<row2>	0.0000 0.0000 -1.0000 0.0000	</row2>
					<row3>	0.0000 0.2813 -6.0593 1.0000	</row3>
				</transform>
			</node>
			<node>
				<identifier>	MP_CM001_Propeller3_L	</identifier>
				<transform>
					<row0>	0.9995 -0.0310 0.0000 0.0000	</row0>
					<row1>	0.0309 0.9989 -0.0349 0.0000	</row1>
					<row2>	0.0011 0.0349 0.9994 0.0000	</row2>
					<row3>	-0.1917 -0.4997 -5.2466 1.0000	</row3>
				</transform>
			</node>
			<node>
				<identifier>	MP_CM001_Propeller3_L_INDEX_1	</identifier>
				<transform>
					<row0>	1.0000 0.0000 0.0000 0.0000	</row0>
					<row1>	0.0000 0.9980 -0.0635 0.0000	</row1>
					<row2>	0.0000 0.0635 0.9980 0.0000	</row2>
					<row3>	-0.4922 -0.4918 -4.5126 1.0000	</row3>
				</transform>
			</node>
			<node>
				<identifier>	MP_CM032_Propeller3_R	</identifier>
				<transform>
					<row0>	1.0000 0.0000 0.0000 0.0000	</row0>
					<row1>	0.0000 0.9982 -0.0602 0.0000	</row1>
					<row2>	0.0000 0.0602 0.9982 0.0000	</row2>
					<row3>	0.4923 -0.4919 -4.5125 1.0000	</row3>
				</transform>
			</node>
			<node>
				<identifier>	MP_CM032_Propeller3_R_INDEX_1	</identifier>
				<transform>
					<row0>	1.0000 0.0000 0.0000 0.0000	</row0>
					<row1>	0.0000 0.9992 -0.0404 0.0000	</row1>
					<row2>	0.0000 0.0404 0.9992 0.0000	</row2>
					<row3>	0.1917 -0.4989 -5.2466 1.0000	</row3>
				</transform>
			</node>
		</node>
	</node>
	<boundingBox>
		<min>	-0.0667 -0.0667 -0.0667	</min>
		<max>	0.0667 0.0667 0.0667	</max>
	</boundingBox>
</ASB008_Colorado_1945_Stern_ports.visual>
