<ISD008_Luca_Tarigo_1940_Stern_ports.visual>
	<node>
		<identifier>	Scene Root	</identifier>
		<transform>
			<row0>	1.0000 0.0000 0.0000 0.0000	</row0>
			<row1>	0.0000 1.0000 0.0000 0.0000	</row1>
			<row2>	0.0000 0.0000 1.0000 0.0000	</row2>
			<row3>	0.0000 0.0000 0.0000 1.0000	</row3>
		</transform>
		<node>
			<identifier>	Stern_ports	</identifier>
			<transform>
				<row0>	1.0000 0.0000 0.0000 0.0000	</row0>
				<row1>	0.0000 1.0000 0.0000 0.0000	</row1>
				<row2>	0.0000 0.0000 1.0000 0.0000	</row2>
				<row3>	0.0000 0.0000 0.0000 1.0000	</row3>
			</transform>
			<node>
				<identifier>	HP_FX_Fire_4	</identifier>
				<transform>
					<row0>	1.0000 0.0000 0.0000 0.0000	</row0>
					<row1>	0.0000 1.0000 0.0000 0.0000	</row1>
					<row2>	0.0000 0.0000 1.0000 0.0000	</row2>
					<row3>	0.0000 0.1917 -2.9518 1.0000	</row3>
				</transform>
			</node>
			<node>
				<identifier>	HP_FX_WakeTraceBack	</identifier>
				<transform>
					<row0>	1.0000 0.0000 0.0000 0.0000	</row0>
					<row1>	0.0000 1.0000 0.0000 0.0000	</row1>
					<row2>	0.0000 0.0000 1.0000 0.0000	</row2>
					<row3>	0.0000 0.0000 -3.6604 1.0000	</row3>
				</transform>
			</node>
			<node>
				<identifier>	HP_FX_WakeTrace_screw_1	</identifier>
				<transform>
					<row0>	1.0000 0.0000 0.0000 0.0000	</row0>
					<row1>	0.0000 1.0000 0.0000 0.0000	</row1>
					<row2>	0.0000 0.0000 1.0000 0.0000	</row2>
					<row3>	-0.1399 -0.1789 -3.3283 1.0000	</row3>
				</transform>
			</node>
			<node>
				<identifier>	HP_FX_WakeTrace_screw_2	</identifier>
				<transform>
					<row0>	1.0000 0.0000 0.0000 0.0000	</row0>
					<row1>	0.0000 1.0000 0.0000 0.0000	</row1>
					<row2>	0.0000 0.0000 1.0000 0.0000	</row2>
					<row3>	0.1399 -0.1789 -3.3283 1.0000	</row3>
				</transform>
			</node>
			<node>
				<identifier>	HP_IGA_10	</identifier>
				<transform>
					<row0>	-0.7071 0.0000 -0.7071 0.0000	</row0>
					<row1>	0.0000 1.0000 0.0000 0.0000	</row1>
					<row2>	0.7071 0.0000 -0.7071 0.0000	</row2>
					<row3>	0.1011 0.1861 -2.8181 1.0000	</row3>
				</transform>
			</node>
			<node>
				<identifier>	HP_IGA_9	</identifier>
				<transform>
					<row0>	-0.7071 0.0000 0.7071 0.0000	</row0>
					<row1>	0.0000 1.0000 0.0000 0.0000	</row1>
					<row2>	-0.7071 0.0000 -0.7071 0.0000	</row2>
					<row3>	-0.1011 0.1861 -2.8181 1.0000	</row3>
				</transform>
			</node>
			<node>
				<identifier>	HP_IGB_1	</identifier>
				<transform>
					<row0>	-0.1193 0.0000 0.9929 0.0000	</row0>
					<row1>	0.0000 1.0000 0.0000 0.0000	</row1>
					<row2>	-0.9929 0.0000 -0.1193 0.0000	</row2>
					<row3>	-0.1470 0.1870 -3.1597 1.0000	</row3>
				</transform>
			</node>
			<node>
				<identifier>	HP_IGB_2	</identifier>
				<transform>
					<row0>	-0.1193 0.0000 -0.9929 0.0000	</row0>
					<row1>	0.0000 1.0000 0.0000 0.0000	</row1>
					<row2>	0.9929 0.0000 -0.1193 0.0000	</row2>
					<row3>	0.1470 0.1875 -3.1597 1.0000	</row3>
				</transform>
			</node>
			<node>
				<identifier>	HP_IGB_3	</identifier>
				<transform>
					<row0>	-0.9219 0.0000 0.3873 0.0000	</row0>
					<row1>	0.0000 1.0000 0.0000 0.0000	</row1>
					<row2>	-0.3873 0.0000 -0.9219 0.0000	</row2>
					<row3>	-0.0619 0.1924 -3.5555 1.0000	</row3>
				</transform>
			</node>
			<node>
				<identifier>	HP_IGB_4	</identifier>
				<transform>
					<row0>	-0.9219 0.0000 -0.3873 0.0000	</row0>
					<row1>	0.0000 1.0000 0.0000 0.0000	</row1>
					<row2>	0.3873 0.0000 -0.9219 0.0000	</row2>
					<row3>	0.0619 0.1924 -3.5555 1.0000	</row3>
				</transform>
			</node>
			<node>
				<identifier>	HP_Ship_death_3	</identifier>
				<transform>
					<row0>	1.0000 0.0000 0.0000 0.0000	</row0>
					<row1>	0.0000 1.0000 0.0000 0.0000	</row1>
					<row2>	0.0000 0.0000 1.0000 0.0000	</row2>
					<row3>	0.0000 0.0000 -2.5200 1.0000	</row3>
				</transform>
			</node>
			<node>
				<identifier>	MP_CM161_Propeller_4_8m_BB_R	</identifier>
				<transform>
					<row0>	0.7508 0.0000 0.0000 0.0000	</row0>
					<row1>	0.0000 0.7502 -0.0292 0.0000	</row1>
					<row2>	0.0000 0.0292 0.7502 0.0000	</row2>
					<row3>	0.1397 -0.1788 -3.3293 1.0000	</row3>
				</transform>
			</node>
			<node>
				<identifier>	MP_CM162_Propeller_4_8m_BB_L	</identifier>
				<transform>
					<row0>	0.7508 0.0000 0.0000 0.0000	</row0>
					<row1>	0.0000 0.7502 -0.0292 0.0000	</row1>
					<row2>	0.0000 0.0292 0.7502 0.0000	</row2>
					<row3>	-0.1397 -0.1788 -3.3293 1.0000	</row3>
				</transform>
			</node>
			<node>
				<identifier>	MP_IM003_Crown	</identifier>
				<transform>
					<row0>	0.5113 0.0000 0.0000 0.0000	</row0>
					<row1>	0.0000 0.5001 0.1064 0.0000	</row1>
					<row2>	0.0000 -0.1064 0.5001 0.0000	</row2>
					<row3>	0.0000 0.1658 -3.6296 1.0000	</row3>
				</transform>
			</node>
			<node>
				<identifier>	MP_IM028_Boat_Crane	</identifier>
				<transform>
					<row0>	-0.0010 0.9999 -0.0124 0.0000	</row0>
					<row1>	-1.0000 -0.0010 0.0015 0.0000	</row1>
					<row2>	0.0015 0.0124 0.9999 0.0000	</row2>
					<row3>	-0.0093 0.1921 -2.9452 1.0000	</row3>
				</transform>
			</node>
			<node>
				<identifier>	MP_IM028_Boat_Crane_INDEX_1	</identifier>
				<transform>
					<row0>	-0.0010 -0.9999 0.0124 0.0000	</row0>
					<row1>	1.0000 -0.0010 0.0015 0.0000	</row1>
					<row2>	-0.0015 0.0124 0.9999 0.0000	</row2>
					<row3>	0.0093 0.1921 -2.9290 1.0000	</row3>
				</transform>
			</node>
			<node>
				<identifier>	MP_IM033_Life_Buoy	</identifier>
				<transform>
					<row0>	0.1445 0.0000 0.9895 0.0000	</row0>
					<row1>	0.0000 1.0000 0.0000 0.0000	</row1>
					<row2>	-0.9895 0.0000 0.1445 0.0000	</row2>
					<row3>	0.1760 0.2630 -3.3197 1.0000	</row3>
				</transform>
			</node>
			<node>
				<identifier>	MP_IM033_Life_Buoy_INDEX_1	</identifier>
				<transform>
					<row0>	0.1445 0.0000 -0.9895 0.0000	</row0>
					<row1>	0.0000 1.0000 0.0000 0.0000	</row1>
					<row2>	0.9895 0.0000 0.1445 0.0000	</row2>
					<row3>	-0.1760 0.2630 -3.3197 1.0000	</row3>
				</transform>
			</node>
			<node>
				<identifier>	MP_IM750_hatch	</identifier>
				<transform>
					<row0>	1.0000 0.0000 0.0000 0.0000	</row0>
					<row1>	0.0000 1.0000 0.0000 0.0000	</row1>
					<row2>	0.0000 0.0000 1.0000 0.0000	</row2>
					<row3>	0.0668 0.1887 -3.2869 1.0000	</row3>
				</transform>
			</node>
			<node>
				<identifier>	MP_IM750_hatch_INDEX_1	</identifier>
				<transform>
					<row0>	1.0000 0.0000 0.0000 0.0000	</row0>
					<row1>	0.0000 1.0000 0.0000 0.0000	</row1>
					<row2>	0.0000 0.0000 1.0000 0.0000	</row2>
					<row3>	-0.0019 0.1887 -3.2405 1.0000	</row3>
				</transform>
			</node>
			<node>
				<identifier>	MP_IM904_Crane_Paravane_L	</identifier>
				<transform>
					<row0>	0.9125 0.0000 0.4091 0.0000	</row0>
					<row1>	0.0000 1.0000 0.0000 0.0000	</row1>
					<row2>	-0.4091 0.0000 0.9125 0.0000	</row2>
					<row3>	-0.1245 0.2019 -3.4807 1.0000	</row3>
				</transform>
			</node>
			<node>
				<identifier>	MP_IM905_Crane_Paravane_R	</identifier>
				<transform>
					<row0>	0.9125 0.0000 -0.4091 0.0000	</row0>
					<row1>	0.0000 1.0000 0.0000 0.0000	</row1>
					<row2>	0.4091 0.0000 0.9125 0.0000	</row2>
					<row3>	0.1245 0.2019 -3.4807 1.0000	</row3>
				</transform>
			</node>
			<node>
				<identifier>	MP_IM971_Winch	</identifier>
				<transform>
					<row0>	1.0000 0.0000 0.0000 0.0000	</row0>
					<row1>	0.0000 1.0000 0.0000 0.0000	</row1>
					<row2>	0.0000 0.0000 1.0000 0.0000	</row2>
					<row3>	-0.0019 0.1872 -3.1244 1.0000	</row3>
				</transform>
			</node>
			<node>
				<identifier>	MP_IM972_Bollard	</identifier>
				<transform>
					<row0>	0.9733 0.0000 0.2295 0.0000	</row0>
					<row1>	0.0000 1.0000 0.0000 0.0000	</row1>
					<row2>	-0.2295 0.0000 0.9733 0.0000	</row2>
					<row3>	0.0785 0.1893 -3.4119 1.0000	</row3>
				</transform>
			</node>
			<node>
				<identifier>	MP_IM972_Bollard_INDEX_1	</identifier>
				<transform>
					<row0>	0.7619 0.0000 0.1197 0.0000	</row0>
					<row1>	-0.0016 0.7712 0.0101 0.0000	</row1>
					<row2>	-0.1197 -0.0102 0.7618 0.0000	</row2>
					<row3>	-0.1705 0.1920 -3.2554 1.0000	</row3>
				</transform>
			</node>
			<node>
				<identifier>	MP_IM972_Bollard_INDEX_2	</identifier>
				<transform>
					<row0>	0.7619 0.0000 -0.1197 0.0000	</row0>
					<row1>	0.0016 0.7712 0.0101 0.0000	</row1>
					<row2>	0.1197 -0.0102 0.7618 0.0000	</row2>
					<row3>	0.1705 0.1920 -3.2554 1.0000	</row3>
				</transform>
			</node>
			<node>
				<identifier>	MP_IM972_Bollard_INDEX_3	</identifier>
				<transform>
					<row0>	0.9733 0.0000 -0.2295 0.0000	</row0>
					<row1>	0.0000 1.0000 0.0000 0.0000	</row1>
					<row2>	0.2295 0.0000 0.9733 0.0000	</row2>
					<row3>	-0.0785 0.1893 -3.4119 1.0000	</row3>
				</transform>
			</node>
			<node>
				<identifier>	MP_IM973_Fairlead	</identifier>
				<transform>
					<row0>	0.7024 -0.0030 0.1716 0.0000	</row0>
					<row1>	0.0007 0.7230 0.0096 0.0000	</row1>
					<row2>	-0.1716 -0.0092 0.7023 0.0000	</row2>
					<row3>	-0.1475 0.1910 -3.4031 1.0000	</row3>
				</transform>
			</node>
			<node>
				<identifier>	MP_IM973_Fairlead_INDEX_1	</identifier>
				<transform>
					<row0>	0.7024 0.0030 -0.1716 0.0000	</row0>
					<row1>	-0.0007 0.7230 0.0096 0.0000	</row1>
					<row2>	0.1716 -0.0092 0.7023 0.0000	</row2>
					<row3>	0.1475 0.1907 -3.4031 1.0000	</row3>
				</transform>
			</node>
			<node>
				<identifier>	MP_IM974_Fairlead	</identifier>
				<transform>
					<row0>	0.3847 0.0000 0.1095 0.0000	</row0>
					<row1>	0.0000 0.4000 0.0000 0.0000	</row1>
					<row2>	-0.1095 0.0000 0.3847 0.0000	</row2>
					<row3>	0.0283 0.1975 -3.6065 1.0000	</row3>
				</transform>
			</node>
			<node>
				<identifier>	MP_IM974_Fairlead_INDEX_1	</identifier>
				<transform>
					<row0>	0.3847 0.0000 -0.1095 0.0000	</row0>
					<row1>	0.0000 0.4000 0.0000 0.0000	</row1>
					<row2>	0.1095 0.0000 0.3847 0.0000	</row2>
					<row3>	-0.0282 0.1975 -3.6065 1.0000	</row3>
				</transform>
			</node>
		</node>
	</node>
	<boundingBox>
		<min>	-0.0667 -0.0667 -0.0667	</min>
		<max>	0.0667 0.0667 0.0667	</max>
	</boundingBox>
</ISD008_Luca_Tarigo_1940_Stern_ports.visual>
