<ASD037_Hill_1940_MidBack_ports.visual>
	<node>
		<identifier>	Scene Root	</identifier>
		<transform>
			<row0>	1.0000 0.0000 0.0000 0.0000	</row0>
			<row1>	0.0000 1.0000 0.0000 0.0000	</row1>
			<row2>	0.0000 0.0000 1.0000 0.0000	</row2>
			<row3>	0.0000 0.0000 0.0000 1.0000	</row3>
		</transform>
		<node>
			<identifier>	MidBack_ports	</identifier>
			<transform>
				<row0>	1.0000 0.0000 0.0000 0.0000	</row0>
				<row1>	0.0000 1.0000 0.0000 0.0000	</row1>
				<row2>	0.0000 0.0000 1.0000 0.0000	</row2>
				<row3>	0.0000 0.0000 0.0000 1.0000	</row3>
			</transform>
			<node>
				<identifier>	HP_AGA_3	</identifier>
				<transform>
					<row0>	0.0000 0.0000 1.0000 0.0000	</row0>
					<row1>	0.0000 1.0000 0.0000 0.0000	</row1>
					<row2>	-1.0000 0.0000 0.0000 0.0000	</row2>
					<row3>	-0.1320 0.3781 -0.7153 1.0000	</row3>
				</transform>
			</node>
			<node>
				<identifier>	HP_AGA_4	</identifier>
				<transform>
					<row0>	0.0000 0.0000 -1.0000 0.0000	</row0>
					<row1>	0.0000 1.0000 0.0000 0.0000	</row1>
					<row2>	1.0000 0.0000 0.0000 0.0000	</row2>
					<row3>	0.1320 0.3781 -0.7153 1.0000	</row3>
				</transform>
			</node>
			<node>
				<identifier>	HP_AGM_4	</identifier>
				<transform>
					<row0>	-1.0000 0.0000 0.0000 0.0000	</row0>
					<row1>	0.0000 1.0000 0.0000 0.0000	</row1>
					<row2>	0.0000 0.0000 -1.0000 0.0000	</row2>
					<row3>	0.0000 0.3242 -1.8990 1.0000	</row3>
				</transform>
			</node>
			<node>
				<identifier>	HP_AGT_1	</identifier>
				<transform>
					<row0>	1.0000 0.0000 0.0000 0.0000	</row0>
					<row1>	0.0000 1.0000 0.0000 0.0000	</row1>
					<row2>	0.0000 0.0000 1.0000 0.0000	</row2>
					<row3>	0.0000 0.2457 -0.3470 1.0000	</row3>
				</transform>
			</node>
			<node>
				<identifier>	HP_AGT_2	</identifier>
				<transform>
					<row0>	1.0000 0.0000 0.0000 0.0000	</row0>
					<row1>	0.0000 1.0000 0.0000 0.0000	</row1>
					<row2>	0.0000 0.0000 1.0000 0.0000	</row2>
					<row3>	0.2567 0.2222 -1.0267 1.0000	</row3>
				</transform>
			</node>
			<node>
				<identifier>	HP_AGT_3	</identifier>
				<transform>
					<row0>	1.0000 0.0000 0.0000 0.0000	</row0>
					<row1>	0.0000 1.0000 0.0000 0.0000	</row1>
					<row2>	0.0000 0.0000 1.0000 0.0000	</row2>
					<row3>	-0.2526 0.2204 -1.2628 1.0000	</row3>
				</transform>
			</node>
			<node>
				<identifier>	HP_FX_Death_3	</identifier>
				<transform>
					<row0>	1.0000 0.0000 0.0000 0.0000	</row0>
					<row1>	0.0000 1.0000 0.0000 0.0000	</row1>
					<row2>	0.0000 0.0000 1.0000 0.0000	</row2>
					<row3>	0.0000 0.0000 -2.3561 1.0000	</row3>
				</transform>
			</node>
			<node>
				<identifier>	HP_FX_Fire_3	</identifier>
				<transform>
					<row0>	1.0000 0.0000 0.0000 0.0000	</row0>
					<row1>	0.0000 1.0000 0.0000 0.0000	</row1>
					<row2>	0.0000 0.0000 1.0000 0.0000	</row2>
					<row3>	0.0000 0.2336 -1.0970 1.0000	</row3>
				</transform>
			</node>
			<node>
				<identifier>	HP_FX_Fire_3_side_1	</identifier>
				<transform>
					<row0>	1.0000 0.0000 0.0000 0.0000	</row0>
					<row1>	0.0000 1.0000 0.0000 0.0000	</row1>
					<row2>	0.0000 0.0000 1.0000 0.0000	</row2>
					<row3>	0.0065 0.3370 -2.2225 1.0000	</row3>
				</transform>
			</node>
			<node>
				<identifier>	HP_FX_FloodLight_left_2	</identifier>
				<transform>
					<row0>	-1.0000 0.0000 0.0000 0.0000	</row0>
					<row1>	0.0000 1.0000 0.0000 0.0000	</row1>
					<row2>	0.0000 0.0000 -1.0000 0.0000	</row2>
					<row3>	-0.2029 0.2649 -1.9020 1.0000	</row3>
				</transform>
			</node>
			<node>
				<identifier>	HP_FX_FloodLight_right_1	</identifier>
				<transform>
					<row0>	1.0000 0.0000 0.0000 0.0000	</row0>
					<row1>	0.0000 1.0000 0.0000 0.0000	</row1>
					<row2>	0.0000 0.0000 1.0000 0.0000	</row2>
					<row3>	0.1629 0.2659 -1.6252 1.0000	</row3>
				</transform>
			</node>
			<node>
				<identifier>	HP_FX_Flood_water_left_1	</identifier>
				<transform>
					<row0>	-1.0000 0.0000 0.0000 0.0000	</row0>
					<row1>	0.0000 1.0000 0.0000 0.0000	</row1>
					<row2>	0.0000 0.0000 -1.0000 0.0000	</row2>
					<row3>	-0.3558 0.0140 -1.4063 1.0000	</row3>
				</transform>
			</node>
			<node>
				<identifier>	HP_FX_Flood_water_right_1	</identifier>
				<transform>
					<row0>	1.0000 0.0000 0.0000 0.0000	</row0>
					<row1>	0.0000 1.0000 0.0000 0.0000	</row1>
					<row2>	0.0000 0.0000 1.0000 0.0000	</row2>
					<row3>	0.3558 0.0120 -1.4063 1.0000	</row3>
				</transform>
			</node>
			<node>
				<identifier>	HP_Ship_death_2	</identifier>
				<transform>
					<row0>	1.0000 0.0000 0.0000 0.0000	</row0>
					<row1>	0.0000 1.0000 0.0000 0.0000	</row1>
					<row2>	0.0000 0.0000 1.0000 0.0000	</row2>
					<row3>	0.0000 0.0000 -0.2871 1.0000	</row3>
				</transform>
			</node>
			<node>
				<identifier>	HP_flag_nation	</identifier>
				<transform>
					<row0>	0.9995 0.0305 -0.0037 0.0000	</row0>
					<row1>	-0.0305 0.9698 -0.2419 0.0000	</row1>
					<row2>	-0.0037 0.2419 0.9703 0.0000	</row2>
					<row3>	0.0006 1.1259 -1.8041 1.0000	</row3>
				</transform>
			</node>
			<node>
				<identifier>	HP_flag_rank	</identifier>
				<transform>
					<row0>	0.9995 0.0305 -0.0037 0.0000	</row0>
					<row1>	-0.0305 0.9698 -0.2419 0.0000	</row1>
					<row2>	-0.0037 0.2419 0.9703 0.0000	</row2>
					<row3>	0.0055 0.9685 -1.7648 1.0000	</row3>
				</transform>
			</node>
			<node>
				<identifier>	MP_AM004_Fairlead_2	</identifier>
				<transform>
					<row0>	0.0295 0.0307 0.9991 0.0000	</row0>
					<row1>	0.0348 0.9989 -0.0317 0.0000	</row1>
					<row2>	-0.9990 0.0357 0.0284 0.0000	</row2>
					<row3>	0.3237 0.1552 -2.4618 1.0000	</row3>
				</transform>
			</node>
			<node>
				<identifier>	MP_AM004_Fairlead_2_INDEX_1	</identifier>
				<transform>
					<row0>	0.3164 -0.0403 -0.9478 0.0000	</row0>
					<row1>	-0.0009 0.9991 -0.0428 0.0000	</row1>
					<row2>	0.9486 0.0144 0.3161 0.0000	</row2>
					<row3>	-0.2194 0.1281 -3.2857 1.0000	</row3>
				</transform>
			</node>
			<node>
				<identifier>	MP_AM004_Fairlead_2_INDEX_2	</identifier>
				<transform>
					<row0>	0.1108 -0.0350 -0.9932 0.0000	</row0>
					<row1>	-0.0103 0.9993 -0.0363 0.0000	</row1>
					<row2>	0.9938 0.0143 0.1103 0.0000	</row2>
					<row3>	-0.2819 0.1388 -2.9183 1.0000	</row3>
				</transform>
			</node>
			<node>
				<identifier>	MP_AM004_Fairlead_2_INDEX_3	</identifier>
				<transform>
					<row0>	-0.0134 -0.0448 -0.9989 0.0000	</row0>
					<row1>	-0.0152 0.9989 -0.0446 0.0000	</row1>
					<row2>	0.9998 0.0145 -0.0141 0.0000	</row2>
					<row3>	-0.3471 0.2173 -0.5602 1.0000	</row3>
				</transform>
			</node>
			<node>
				<identifier>	MP_AM004_Fairlead_2_INDEX_4	</identifier>
				<transform>
					<row0>	-0.0134 0.0448 0.9989 0.0000	</row0>
					<row1>	0.0152 0.9989 -0.0446 0.0000	</row1>
					<row2>	-0.9998 0.0145 -0.0141 0.0000	</row2>
					<row3>	0.3471 0.2173 -0.5603 1.0000	</row3>
				</transform>
			</node>
			<node>
				<identifier>	MP_AM004_Fairlead_2_INDEX_5	</identifier>
				<transform>
					<row0>	0.0296 -0.0403 -0.9987 0.0000	</row0>
					<row1>	-0.0132 0.9991 -0.0407 0.0000	</row1>
					<row2>	0.9995 0.0144 0.0290 0.0000	</row2>
					<row3>	-0.3278 0.1612 -2.2424 1.0000	</row3>
				</transform>
			</node>
			<node>
				<identifier>	MP_AM004_Fairlead_2_INDEX_6	</identifier>
				<transform>
					<row0>	0.3164 0.0403 0.9478 0.0000	</row0>
					<row1>	0.0009 0.9991 -0.0428 0.0000	</row1>
					<row2>	-0.9486 0.0144 0.3161 0.0000	</row2>
					<row3>	0.2194 0.1281 -3.2857 1.0000	</row3>
				</transform>
			</node>
			<node>
				<identifier>	MP_AM004_Fairlead_2_INDEX_7	</identifier>
				<transform>
					<row0>	0.1108 0.0350 0.9932 0.0000	</row0>
					<row1>	0.0103 0.9993 -0.0363 0.0000	</row1>
					<row2>	-0.9938 0.0143 0.1103 0.0000	</row2>
					<row3>	0.2819 0.1388 -2.9183 1.0000	</row3>
				</transform>
			</node>
			<node>
				<identifier>	MP_AM004_Fairlead_2_INDEX_8	</identifier>
				<transform>
					<row0>	0.0296 0.0403 0.9987 0.0000	</row0>
					<row1>	0.0132 0.9991 -0.0407 0.0000	</row1>
					<row2>	-0.9995 0.0144 0.0290 0.0000	</row2>
					<row3>	0.3278 0.1612 -2.2424 1.0000	</row3>
				</transform>
			</node>
			<node>
				<identifier>	MP_AM004_Fairlead_2_INDEX_9	</identifier>
				<transform>
					<row0>	0.0295 -0.0307 -0.9991 0.0000	</row0>
					<row1>	-0.0348 0.9989 -0.0317 0.0000	</row1>
					<row2>	0.9990 0.0357 0.0284 0.0000	</row2>
					<row3>	-0.3237 0.1552 -2.4618 1.0000	</row3>
				</transform>
			</node>
			<node>
				<identifier>	MP_AM007_Reels_2	</identifier>
				<transform>
					<row0>	-0.3475 0.0000 -0.9377 0.0000	</row0>
					<row1>	0.0000 1.0000 0.0000 0.0000	</row1>
					<row2>	0.9377 0.0000 -0.3475 0.0000	</row2>
					<row3>	0.1636 0.2187 -2.0087 1.0000	</row3>
				</transform>
			</node>
			<node>
				<identifier>	MP_AM007_Reels_2_INDEX_1	</identifier>
				<transform>
					<row0>	-0.3475 0.0000 0.9377 0.0000	</row0>
					<row1>	0.0000 1.0000 0.0000 0.0000	</row1>
					<row2>	-0.9377 0.0000 -0.3475 0.0000	</row2>
					<row3>	-0.1638 0.2187 -2.0082 1.0000	</row3>
				</transform>
			</node>
			<node>
				<identifier>	MP_AM011_Smoke_Defence	</identifier>
				<transform>
					<row0>	1.0000 0.0000 0.0000 0.0000	</row0>
					<row1>	0.0000 0.9992 -0.0407 0.0000	</row1>
					<row2>	0.0000 0.0407 0.9992 0.0000	</row2>
					<row3>	0.0660 0.1300 -3.4288 1.0000	</row3>
				</transform>
			</node>
			<node>
				<identifier>	MP_AM011_Smoke_Defence_INDEX_1	</identifier>
				<transform>
					<row0>	1.0000 0.0000 0.0000 0.0000	</row0>
					<row1>	0.0000 0.9992 -0.0407 0.0000	</row1>
					<row2>	0.0000 0.0407 0.9992 0.0000	</row2>
					<row3>	-0.0660 0.1300 -3.4288 1.0000	</row3>
				</transform>
			</node>
			<node>
				<identifier>	MP_AM018_Compass_Binnacle	</identifier>
				<transform>
					<row0>	1.0000 0.0000 0.0000 0.0000	</row0>
					<row1>	0.0000 1.0000 0.0000 0.0000	</row1>
					<row2>	0.0000 0.0000 1.0000 0.0000	</row2>
					<row3>	-0.0350 0.4826 -1.4868 1.0000	</row3>
				</transform>
			</node>
			<node>
				<identifier>	MP_AM019_Ventilators_1	</identifier>
				<transform>
					<row0>	0.7051 0.0000 0.0000 0.0000	</row0>
					<row1>	0.0000 0.7051 0.0000 0.0000	</row1>
					<row2>	0.0000 0.0000 0.7051 0.0000	</row2>
					<row3>	0.0386 0.2264 -0.4563 1.0000	</row3>
				</transform>
			</node>
			<node>
				<identifier>	MP_AM019_Ventilators_1_INDEX_1	</identifier>
				<transform>
					<row0>	0.6000 0.0000 0.0000 0.0000	</row0>
					<row1>	0.0000 0.6000 0.0000 0.0000	</row1>
					<row2>	0.0000 0.0000 0.6000 0.0000	</row2>
					<row3>	-0.0562 0.1974 -1.3131 1.0000	</row3>
				</transform>
			</node>
			<node>
				<identifier>	MP_AM019_Ventilators_1_INDEX_2	</identifier>
				<transform>
					<row0>	0.6000 0.0000 0.0000 0.0000	</row0>
					<row1>	0.0000 0.6000 0.0000 0.0000	</row1>
					<row2>	0.0000 0.0000 0.6000 0.0000	</row2>
					<row3>	0.0709 0.2063 -1.0763 1.0000	</row3>
				</transform>
			</node>
			<node>
				<identifier>	MP_AM019_Ventilators_1_INDEX_3	</identifier>
				<transform>
					<row0>	0.7051 0.0000 0.0000 0.0000	</row0>
					<row1>	0.0000 0.7051 0.0000 0.0000	</row1>
					<row2>	0.0000 0.0000 0.7051 0.0000	</row2>
					<row3>	-0.0239 0.1528 -2.9179 1.0000	</row3>
				</transform>
			</node>
			<node>
				<identifier>	MP_AM046_Running_Lights_B	</identifier>
				<transform>
					<row0>	-1.0000 0.0000 0.0000 0.0000	</row0>
					<row1>	0.0000 0.9980 -0.0636 0.0000	</row1>
					<row2>	0.0000 -0.0636 -0.9980 0.0000	</row2>
					<row3>	0.0000 0.2454 -3.5111 1.0000	</row3>
				</transform>
			</node>
			<node>
				<identifier>	MP_AM070_Loading_Machine	</identifier>
				<transform>
					<row0>	-0.0063 0.0058 1.0000 0.0000	</row0>
					<row1>	0.0213 0.9998 -0.0057 0.0000	</row1>
					<row2>	-0.9998 0.0212 -0.0065 0.0000	</row2>
					<row3>	0.0845 0.2137 -1.4170 1.0000	</row3>
				</transform>
			</node>
			<node>
				<identifier>	MP_AM071_Signal_Lamp_2	</identifier>
				<transform>
					<row0>	1.0000 0.0000 0.0000 0.0000	</row0>
					<row1>	0.0000 1.0000 0.0000 0.0000	</row1>
					<row2>	0.0000 0.0000 1.0000 0.0000	</row2>
					<row3>	0.0000 0.7192 -1.6745 1.0000	</row3>
				</transform>
			</node>
			<node>
				<identifier>	MP_AM079_24in_SearchLight	</identifier>
				<transform>
					<row0>	1.2342 0.0000 0.0000 0.0000	</row0>
					<row1>	0.0000 1.2342 0.0000 0.0000	</row1>
					<row2>	0.0000 0.0000 1.2342 0.0000	</row2>
					<row3>	0.0000 0.6432 -1.5771 1.0000	</row3>
				</transform>
			</node>
			<node>
				<identifier>	MP_AM114_Freon_Cylinder_acetylene	</identifier>
				<transform>
					<row0>	0.6372 0.0000 0.0000 0.0000	</row0>
					<row1>	0.0000 0.6372 0.0000 0.0000	</row1>
					<row2>	0.0000 0.0000 0.6372 0.0000	</row2>
					<row3>	-0.0194 0.2039 -1.5614 1.0000	</row3>
				</transform>
			</node>
			<node>
				<identifier>	MP_AM114_Freon_Cylinder_acetylene_INDEX_1	</identifier>
				<transform>
					<row0>	0.6372 0.0000 0.0000 0.0000	</row0>
					<row1>	0.0000 0.6372 0.0000 0.0000	</row1>
					<row2>	0.0000 0.0000 0.6372 0.0000	</row2>
					<row3>	0.0194 0.2039 -1.5614 1.0000	</row3>
				</transform>
			</node>
			<node>
				<identifier>	MP_AM129_Turtles_box	</identifier>
				<transform>
					<row0>	-1.0000 0.0000 0.0000 0.0000	</row0>
					<row1>	0.0000 1.0000 0.0000 0.0000	</row1>
					<row2>	0.0000 0.0000 -1.0000 0.0000	</row2>
					<row3>	0.0648 0.2074 -2.2545 1.0000	</row3>
				</transform>
			</node>
			<node>
				<identifier>	MP_AM129_Turtles_box_INDEX_1	</identifier>
				<transform>
					<row0>	1.0000 0.0000 0.0000 0.0000	</row0>
					<row1>	0.0000 1.0000 0.0000 0.0000	</row1>
					<row2>	0.0000 0.0000 1.0000 0.0000	</row2>
					<row3>	-0.0735 0.2377 -1.5666 1.0000	</row3>
				</transform>
			</node>
			<node>
				<identifier>	MP_AM129_Turtles_box_INDEX_2	</identifier>
				<transform>
					<row0>	1.0000 0.0000 0.0000 0.0000	</row0>
					<row1>	0.0000 1.0000 0.0000 0.0000	</row1>
					<row2>	0.0000 0.0000 1.0000 0.0000	</row2>
					<row3>	-0.0817 0.3864 -0.8704 1.0000	</row3>
				</transform>
			</node>
			<node>
				<identifier>	MP_AM129_Turtles_box_INDEX_3	</identifier>
				<transform>
					<row0>	-1.0000 0.0000 0.0000 0.0000	</row0>
					<row1>	0.0000 1.0000 0.0000 0.0000	</row1>
					<row2>	0.0000 0.0000 -1.0000 0.0000	</row2>
					<row3>	0.0593 0.2506 -0.8377 1.0000	</row3>
				</transform>
			</node>
			<node>
				<identifier>	MP_AM129_Turtles_box_INDEX_4	</identifier>
				<transform>
					<row0>	-1.0000 0.0000 0.0000 0.0000	</row0>
					<row1>	0.0000 1.0000 0.0000 0.0000	</row1>
					<row2>	0.0000 0.0000 -1.0000 0.0000	</row2>
					<row3>	-0.0223 0.3765 -1.6519 1.0000	</row3>
				</transform>
			</node>
			<node>
				<identifier>	MP_AM129_Turtles_box_INDEX_5	</identifier>
				<transform>
					<row0>	0.0000 0.0000 1.0000 0.0000	</row0>
					<row1>	0.0000 1.0000 0.0000 0.0000	</row1>
					<row2>	-1.0000 0.0000 0.0000 0.0000	</row2>
					<row3>	-0.0729 0.2624 -0.6188 1.0000	</row3>
				</transform>
			</node>
			<node>
				<identifier>	MP_AM129_Turtles_box_INDEX_6	</identifier>
				<transform>
					<row0>	1.0000 0.0000 0.0000 0.0000	</row0>
					<row1>	0.0000 1.0000 0.0000 0.0000	</row1>
					<row2>	0.0000 0.0000 1.0000 0.0000	</row2>
					<row3>	0.0817 0.3864 -0.8704 1.0000	</row3>
				</transform>
			</node>
			<node>
				<identifier>	MP_AM133_Boat_7	</identifier>
				<transform>
					<row0>	-0.0265 0.9996 0.0004 0.0000	</row0>
					<row1>	0.9995 0.0265 -0.0176 0.0000	</row1>
					<row2>	-0.0176 -0.0001 -0.9998 0.0000	</row2>
					<row3>	0.3452 0.2431 -1.8259 1.0000	</row3>
				</transform>
			</node>
			<node>
				<identifier>	MP_AM133_Boat_7_INDEX_1	</identifier>
				<transform>
					<row0>	0.0000 -0.1444 0.9895 0.0000	</row0>
					<row1>	0.0000 0.9895 0.1444 0.0000	</row1>
					<row2>	-1.0000 0.0000 0.0000 0.0000	</row2>
					<row3>	0.0000 0.3172 -2.2231 1.0000	</row3>
				</transform>
			</node>
			<node>
				<identifier>	MP_AM133_Boat_7_INDEX_2	</identifier>
				<transform>
					<row0>	-1.0000 0.0000 0.0004 0.0000	</row0>
					<row1>	0.0000 1.0000 0.0012 0.0000	</row1>
					<row2>	-0.0004 0.0012 -1.0000 0.0000	</row2>
					<row3>	0.2810 0.3114 -1.8272 1.0000	</row3>
				</transform>
			</node>
			<node>
				<identifier>	MP_AM148_Hatch_8	</identifier>
				<transform>
					<row0>	0.9998 0.0196 0.0000 0.0000	</row0>
					<row1>	-0.0196 0.9983 -0.0544 0.0000	</row1>
					<row2>	-0.0011 0.0544 0.9985 0.0000	</row2>
					<row3>	-0.0147 0.1514 -3.0198 1.0000	</row3>
				</transform>
			</node>
			<node>
				<identifier>	MP_AM157_Telephone	</identifier>
				<transform>
					<row0>	-0.4347 0.0000 -0.9006 0.0000	</row0>
					<row1>	0.0000 1.0000 0.0000 0.0000	</row1>
					<row2>	0.9006 0.0000 -0.4347 0.0000	</row2>
					<row3>	0.0605 0.6982 -1.6155 1.0000	</row3>
				</transform>
			</node>
			<node>
				<identifier>	MP_AM157_Telephone_INDEX_1	</identifier>
				<transform>
					<row0>	-1.0000 0.0000 0.0000 0.0000	</row0>
					<row1>	0.0000 1.0000 0.0000 0.0000	</row1>
					<row2>	0.0000 0.0000 -1.0000 0.0000	</row2>
					<row3>	0.1215 0.4257 -0.8716 1.0000	</row3>
				</transform>
			</node>
			<node>
				<identifier>	MP_AM157_Telephone_INDEX_2	</identifier>
				<transform>
					<row0>	1.0000 0.0000 0.0000 0.0000	</row0>
					<row1>	0.0000 1.0000 0.0000 0.0000	</row1>
					<row2>	0.0000 0.0000 1.0000 0.0000	</row2>
					<row3>	0.1017 0.4090 -1.6505 1.0000	</row3>
				</transform>
			</node>
			<node>
				<identifier>	MP_AM157_Telephone_INDEX_3	</identifier>
				<transform>
					<row0>	-1.0000 0.0000 0.0000 0.0000	</row0>
					<row1>	0.0000 1.0000 0.0000 0.0000	</row1>
					<row2>	0.0000 0.0000 -1.0000 0.0000	</row2>
					<row3>	0.0961 0.5319 -1.6456 1.0000	</row3>
				</transform>
			</node>
			<node>
				<identifier>	MP_AM157_Telephone_INDEX_4	</identifier>
				<transform>
					<row0>	-1.0000 0.0000 0.0000 0.0000	</row0>
					<row1>	0.0000 1.0000 0.0000 0.0000	</row1>
					<row2>	0.0000 0.0000 -1.0000 0.0000	</row2>
					<row3>	-0.1215 0.4257 -0.8716 1.0000	</row3>
				</transform>
			</node>
			<node>
				<identifier>	MP_AM157_Telephone_INDEX_5	</identifier>
				<transform>
					<row0>	1.0000 0.0000 0.0000 0.0000	</row0>
					<row1>	0.0000 1.0000 0.0000 0.0000	</row1>
					<row2>	0.0000 0.0000 1.0000 0.0000	</row2>
					<row3>	0.0831 0.4090 -1.6505 1.0000	</row3>
				</transform>
			</node>
			<node>
				<identifier>	MP_AM200_Screened_speed_light	</identifier>
				<transform>
					<row0>	0.8350 0.0000 0.0000 0.0000	</row0>
					<row1>	0.0000 0.8350 0.0000 0.0000	</row1>
					<row2>	0.0000 0.0000 0.8350 0.0000	</row2>
					<row3>	0.0000 0.6409 -1.6746 1.0000	</row3>
				</transform>
			</node>
			<node>
				<identifier>	MP_AM249_Ammunition_Box	</identifier>
				<transform>
					<row0>	1.0000 0.0000 0.0000 0.0000	</row0>
					<row1>	0.0000 1.0000 0.0000 0.0000	</row1>
					<row2>	0.0000 0.0000 1.0000 0.0000	</row2>
					<row3>	0.0000 0.3829 -0.5945 1.0000	</row3>
				</transform>
			</node>
			<node>
				<identifier>	MP_AM250_Ammunition_Box	</identifier>
				<transform>
					<row0>	0.0000 0.0000 -1.0000 0.0000	</row0>
					<row1>	0.0000 1.0000 0.0000 0.0000	</row1>
					<row2>	1.0000 0.0000 0.0000 0.0000	</row2>
					<row3>	-0.0507 0.1572 -2.7750 1.0000	</row3>
				</transform>
			</node>
			<node>
				<identifier>	MP_AM293_Reels	</identifier>
				<transform>
					<row0>	0.5000 0.0000 0.8660 0.0000	</row0>
					<row1>	0.0000 1.0000 0.0000 0.0000	</row1>
					<row2>	-0.8660 0.0000 0.5000 0.0000	</row2>
					<row3>	-0.1681 0.2466 -1.5670 1.0000	</row3>
				</transform>
			</node>
			<node>
				<identifier>	MP_AM293_Reels_INDEX_1	</identifier>
				<transform>
					<row0>	0.5000 0.0000 -0.8660 0.0000	</row0>
					<row1>	0.0000 1.0000 0.0000 0.0000	</row1>
					<row2>	0.8660 0.0000 0.5000 0.0000	</row2>
					<row3>	0.1681 0.2466 -1.5670 1.0000	</row3>
				</transform>
			</node>
			<node>
				<identifier>	MP_AM350_Filling_connection	</identifier>
				<transform>
					<row0>	0.0000 0.0000 -1.0000 0.0000	</row0>
					<row1>	0.0000 1.0000 0.0000 0.0000	</row1>
					<row2>	1.0000 0.0000 0.0000 0.0000	</row2>
					<row3>	0.3331 0.1835 -1.6178 1.0000	</row3>
				</transform>
			</node>
			<node>
				<identifier>	MP_AM350_Filling_connection_INDEX_1	</identifier>
				<transform>
					<row0>	0.0000 0.0000 -1.0000 0.0000	</row0>
					<row1>	0.0000 1.0000 0.0000 0.0000	</row1>
					<row2>	1.0000 0.0000 0.0000 0.0000	</row2>
					<row3>	-0.3331 0.1835 -1.6178 1.0000	</row3>
				</transform>
			</node>
			<node>
				<identifier>	MP_AM374_Fender	</identifier>
				<transform>
					<row0>	0.6000 0.0000 0.0000 0.0000	</row0>
					<row1>	0.0000 0.6000 0.0000 0.0000	</row1>
					<row2>	0.0000 0.0000 0.6000 0.0000	</row2>
					<row3>	0.1044 0.2007 -1.5487 1.0000	</row3>
				</transform>
			</node>
			<node>
				<identifier>	MP_AM374_Fender_INDEX_1	</identifier>
				<transform>
					<row0>	0.6000 0.0000 0.0000 0.0000	</row0>
					<row1>	0.0000 0.6000 0.0000 0.0000	</row1>
					<row2>	0.0000 0.0000 0.6000 0.0000	</row2>
					<row3>	-0.1044 0.2007 -1.5485 1.0000	</row3>
				</transform>
			</node>
			<node>
				<identifier>	MP_AM509_Voice_Tube_2	</identifier>
				<transform>
					<row0>	-1.0000 0.0000 0.0020 0.0000	</row0>
					<row1>	0.0000 1.0000 0.0000 0.0000	</row1>
					<row2>	-0.0020 0.0000 -1.0000 0.0000	</row2>
					<row3>	-0.0523 0.3742 -0.8626 1.0000	</row3>
				</transform>
			</node>
			<node>
				<identifier>	MP_AM509_Voice_Tube_2_INDEX_1	</identifier>
				<transform>
					<row0>	0.0020 0.0000 -1.0000 0.0000	</row0>
					<row1>	0.0000 1.0000 0.0000 0.0000	</row1>
					<row2>	1.0000 0.0000 0.0020 0.0000	</row2>
					<row3>	0.1159 0.4800 -1.5773 1.0000	</row3>
				</transform>
			</node>
			<node>
				<identifier>	MP_AM509_Voice_Tube_2_INDEX_2	</identifier>
				<transform>
					<row0>	0.0020 0.0000 1.0000 0.0000	</row0>
					<row1>	0.0000 1.0000 0.0000 0.0000	</row1>
					<row2>	-1.0000 0.0000 0.0020 0.0000	</row2>
					<row3>	-0.1159 0.4800 -1.5921 1.0000	</row3>
				</transform>
			</node>
			<node>
				<identifier>	MP_AM509_Voice_Tube_2_INDEX_3	</identifier>
				<transform>
					<row0>	-1.0000 0.0000 -0.0020 0.0000	</row0>
					<row1>	0.0000 1.0000 0.0000 0.0000	</row1>
					<row2>	0.0020 0.0000 -1.0000 0.0000	</row2>
					<row3>	0.0523 0.3742 -0.8626 1.0000	</row3>
				</transform>
			</node>
			<node>
				<identifier>	MP_AM509_Voice_Tube_2_INDEX_4	</identifier>
				<transform>
					<row0>	0.0020 0.0000 1.0000 0.0000	</row0>
					<row1>	0.0000 1.0000 0.0000 0.0000	</row1>
					<row2>	-1.0000 0.0000 0.0020 0.0000	</row2>
					<row3>	-0.1159 0.4800 -1.5773 1.0000	</row3>
				</transform>
			</node>
			<node>
				<identifier>	MP_AM509_Voice_Tube_2_INDEX_5	</identifier>
				<transform>
					<row0>	0.0020 0.0000 -1.0000 0.0000	</row0>
					<row1>	0.0000 1.0000 0.0000 0.0000	</row1>
					<row2>	1.0000 0.0000 0.0020 0.0000	</row2>
					<row3>	0.1159 0.4800 -1.5921 1.0000	</row3>
				</transform>
			</node>
			<node>
				<identifier>	MP_AM519_Bollard	</identifier>
				<transform>
					<row0>	0.9937 -0.0855 -0.0719 0.0000	</row0>
					<row1>	0.0827 0.9957 -0.0415 0.0000	</row1>
					<row2>	0.0751 0.0353 0.9966 0.0000	</row2>
					<row3>	0.2780 0.1514 -2.6165 1.0000	</row3>
				</transform>
			</node>
			<node>
				<identifier>	MP_AM519_Bollard_INDEX_1	</identifier>
				<transform>
					<row0>	0.9944 -0.0781 -0.0706 0.0000	</row0>
					<row1>	0.0749 0.9961 -0.0474 0.0000	</row1>
					<row2>	0.0740 0.0418 0.9964 0.0000	</row2>
					<row3>	0.2188 0.1360 -3.0938 1.0000	</row3>
				</transform>
			</node>
			<node>
				<identifier>	MP_AM519_Bollard_INDEX_2	</identifier>
				<transform>
					<row0>	0.9986 0.0530 -0.0080 0.0000	</row0>
					<row1>	-0.0532 0.9984 -0.0213 0.0000	</row1>
					<row2>	0.0069 0.0217 0.9997 0.0000	</row2>
					<row3>	-0.3298 0.2245 -0.3605 1.0000	</row3>
				</transform>
			</node>
			<node>
				<identifier>	MP_AM519_Bollard_INDEX_3	</identifier>
				<transform>
					<row0>	0.9986 -0.0530 0.0080 0.0000	</row0>
					<row1>	0.0532 0.9984 -0.0213 0.0000	</row1>
					<row2>	-0.0069 0.0217 0.9997 0.0000	</row2>
					<row3>	0.3298 0.2245 -0.3605 1.0000	</row3>
				</transform>
			</node>
			<node>
				<identifier>	MP_AM519_Bollard_INDEX_4	</identifier>
				<transform>
					<row0>	0.9937 0.0855 0.0719 0.0000	</row0>
					<row1>	-0.0827 0.9957 -0.0415 0.0000	</row1>
					<row2>	-0.0751 0.0353 0.9966 0.0000	</row2>
					<row3>	-0.2780 0.1514 -2.6165 1.0000	</row3>
				</transform>
			</node>
			<node>
				<identifier>	MP_AM519_Bollard_INDEX_5	</identifier>
				<transform>
					<row0>	0.9944 0.0781 0.0706 0.0000	</row0>
					<row1>	-0.0749 0.9961 -0.0474 0.0000	</row1>
					<row2>	-0.0740 0.0418 0.9964 0.0000	</row2>
					<row3>	-0.2188 0.1360 -3.0938 1.0000	</row3>
				</transform>
			</node>
			<node>
				<identifier>	MP_AM549_Life_Buoy	</identifier>
				<transform>
					<row0>	-1.0000 0.0000 0.0000 0.0000	</row0>
					<row1>	0.0000 1.0000 0.0000 0.0000	</row1>
					<row2>	0.0000 0.0000 -1.0000 0.0000	</row2>
					<row3>	-0.1980 0.3673 -1.7711 1.0000	</row3>
				</transform>
			</node>
			<node>
				<identifier>	MP_AM549_Life_Buoy_INDEX_1	</identifier>
				<transform>
					<row0>	1.0000 0.0000 0.0000 0.0000	</row0>
					<row1>	0.0000 1.0000 0.0000 0.0000	</row1>
					<row2>	0.0000 0.0000 1.0000 0.0000	</row2>
					<row3>	0.1980 0.3673 -1.7711 1.0000	</row3>
				</transform>
			</node>
			<node>
				<identifier>	MP_AM558_Telegraph	</identifier>
				<transform>
					<row0>	0.4154 0.0000 -0.9096 0.0000	</row0>
					<row1>	0.0000 1.0000 0.0000 0.0000	</row1>
					<row2>	0.9096 0.0000 0.4154 0.0000	</row2>
					<row3>	0.0860 0.4807 -1.5374 1.0000	</row3>
				</transform>
			</node>
			<node>
				<identifier>	MP_AM572_Telpher	</identifier>
				<transform>
					<row0>	0.7071 0.0000 -0.7071 0.0000	</row0>
					<row1>	0.0000 1.0000 0.0000 0.0000	</row1>
					<row2>	0.7071 0.0000 0.7071 0.0000	</row2>
					<row3>	0.3205 0.3697 -0.8050 1.0000	</row3>
				</transform>
			</node>
			<node>
				<identifier>	MP_AM572_Telpher_INDEX_1	</identifier>
				<transform>
					<row0>	0.7934 0.0000 -0.6088 0.0000	</row0>
					<row1>	-0.0189 0.9995 -0.0246 0.0000	</row1>
					<row2>	0.6085 0.0310 0.7930 0.0000	</row2>
					<row3>	-0.3092 0.3112 -1.6479 1.0000	</row3>
				</transform>
			</node>
			<node>
				<identifier>	MP_AM572_Telpher_INDEX_2	</identifier>
				<transform>
					<row0>	1.0000 0.0000 0.0000 0.0000	</row0>
					<row1>	0.0000 1.0000 0.0000 0.0000	</row1>
					<row2>	0.0000 0.0000 1.0000 0.0000	</row2>
					<row3>	0.3410 0.3697 -0.6269 1.0000	</row3>
				</transform>
			</node>
			<node>
				<identifier>	MP_AM608_Wake_Light	</identifier>
				<transform>
					<row0>	-1.0000 0.0000 0.0000 0.0000	</row0>
					<row1>	0.0000 1.0000 0.0000 0.0000	</row1>
					<row2>	0.0000 0.0000 -1.0000 0.0000	</row2>
					<row3>	0.0000 0.1925 -3.4904 1.0000	</row3>
				</transform>
			</node>
			<node>
				<identifier>	MP_CM001_Propeller3_L	</identifier>
				<transform>
					<row0>	0.5459 0.0000 -0.0034 0.0000	</row0>
					<row1>	0.0000 0.5454 -0.0243 0.0000	</row1>
					<row2>	0.0034 0.0243 0.5454 0.0000	</row2>
					<row3>	-0.1775 -0.2161 -3.0142 1.0000	</row3>
				</transform>
			</node>
			<node>
				<identifier>	MP_CM011_Fire_Fighting_Gear	</identifier>
				<transform>
					<row0>	1.0000 0.0000 0.0000 0.0000	</row0>
					<row1>	0.0000 1.0000 0.0000 0.0000	</row1>
					<row2>	0.0000 0.0000 1.0000 0.0000	</row2>
					<row3>	-0.0991 0.1759 -2.2433 1.0000	</row3>
				</transform>
			</node>
			<node>
				<identifier>	MP_CM011_Fire_Fighting_Gear_INDEX_1	</identifier>
				<transform>
					<row0>	0.0000 0.0000 1.0000 0.0000	</row0>
					<row1>	0.0000 1.0000 0.0000 0.0000	</row1>
					<row2>	-1.0000 0.0000 0.0000 0.0000	</row2>
					<row3>	0.0844 0.2304 -0.6849 1.0000	</row3>
				</transform>
			</node>
			<node>
				<identifier>	MP_CM012_Fire_Hose_Rack_1	</identifier>
				<transform>
					<row0>	0.9390 0.0000 0.3439 0.0000	</row0>
					<row1>	0.0000 1.0000 0.0000 0.0000	</row1>
					<row2>	-0.3439 0.0000 0.9390 0.0000	</row2>
					<row3>	-0.0864 0.2424 -2.2335 1.0000	</row3>
				</transform>
			</node>
			<node>
				<identifier>	MP_CM012_Fire_Hose_Rack_1_INDEX_1	</identifier>
				<transform>
					<row0>	-1.0000 0.0000 0.0000 0.0000	</row0>
					<row1>	0.0000 1.0000 0.0000 0.0000	</row1>
					<row2>	0.0000 0.0000 -1.0000 0.0000	</row2>
					<row3>	0.0718 0.2795 -0.6588 1.0000	</row3>
				</transform>
			</node>
			<node>
				<identifier>	MP_CM014_Fuel_Oil_Hose	</identifier>
				<transform>
					<row0>	1.0000 0.0000 0.0000 0.0000	</row0>
					<row1>	0.0000 0.9993 -0.0372 0.0000	</row1>
					<row2>	0.0000 0.0372 0.9993 0.0000	</row2>
					<row3>	-0.2014 0.2196 -1.8648 1.0000	</row3>
				</transform>
			</node>
			<node>
				<identifier>	MP_CM014_Fuel_Oil_Hose_INDEX_1	</identifier>
				<transform>
					<row0>	-1.0000 0.0000 0.0000 0.0000	</row0>
					<row1>	0.0000 0.9993 -0.0376 0.0000	</row1>
					<row2>	0.0000 -0.0376 -0.9993 0.0000	</row2>
					<row3>	0.2014 0.2196 -1.8648 1.0000	</row3>
				</transform>
			</node>
			<node>
				<identifier>	MP_CM029_Emergency_Box	</identifier>
				<transform>
					<row0>	-0.4384 0.0000 0.8988 0.0000	</row0>
					<row1>	0.0000 1.0000 0.0000 0.0000	</row1>
					<row2>	-0.8988 0.0000 -0.4384 0.0000	</row2>
					<row3>	0.1972 0.2477 -1.6982 1.0000	</row3>
				</transform>
			</node>
			<node>
				<identifier>	MP_CM029_Emergency_Box_INDEX_1	</identifier>
				<transform>
					<row0>	1.0000 0.0000 0.0000 0.0000	</row0>
					<row1>	0.0000 1.0000 0.0000 0.0000	</row1>
					<row2>	0.0000 0.0000 1.0000 0.0000	</row2>
					<row3>	0.1089 0.4207 -0.5758 1.0000	</row3>
				</transform>
			</node>
			<node>
				<identifier>	MP_CM029_Emergency_Box_INDEX_2	</identifier>
				<transform>
					<row0>	1.0000 0.0000 0.0000 0.0000	</row0>
					<row1>	0.0000 1.0000 0.0000 0.0000	</row1>
					<row2>	0.0000 0.0000 1.0000 0.0000	</row2>
					<row3>	0.0605 0.4149 -1.6570 1.0000	</row3>
				</transform>
			</node>
			<node>
				<identifier>	MP_CM029_Emergency_Box_INDEX_3	</identifier>
				<transform>
					<row0>	0.0000 0.0000 1.0000 0.0000	</row0>
					<row1>	0.0000 1.0000 0.0000 0.0000	</row1>
					<row2>	-1.0000 0.0000 0.0000 0.0000	</row2>
					<row3>	0.0784 0.2931 -0.6183 1.0000	</row3>
				</transform>
			</node>
			<node>
				<identifier>	MP_CM030_Swab_Rack_2	</identifier>
				<transform>
					<row0>	-0.3431 0.0000 -0.9393 0.0000	</row0>
					<row1>	0.0000 1.0000 0.0000 0.0000	</row1>
					<row2>	0.9393 0.0000 -0.3431 0.0000	</row2>
					<row3>	0.0848 0.1755 -2.2352 1.0000	</row3>
				</transform>
			</node>
			<node>
				<identifier>	MP_CM030_Swab_Rack_2_INDEX_1	</identifier>
				<transform>
					<row0>	-1.0000 0.0000 0.0000 0.0000	</row0>
					<row1>	0.0000 1.0000 0.0000 0.0000	</row1>
					<row2>	0.0000 0.0000 -1.0000 0.0000	</row2>
					<row3>	0.0051 0.2244 -0.8368 1.0000	</row3>
				</transform>
			</node>
			<node>
				<identifier>	MP_CM032_Propeller3_R	</identifier>
				<transform>
					<row0>	0.5459 0.0000 0.0034 0.0000	</row0>
					<row1>	0.0000 0.5454 -0.0243 0.0000	</row1>
					<row2>	-0.0034 0.0243 0.5454 0.0000	</row2>
					<row3>	0.1775 -0.2161 -3.0142 1.0000	</row3>
				</transform>
			</node>
			<node>
				<identifier>	MP_CM040_Steering_Wheel	</identifier>
				<transform>
					<row0>	1.0000 0.0000 0.0000 0.0000	</row0>
					<row1>	0.0000 1.0000 0.0000 0.0000	</row1>
					<row2>	0.0000 0.0000 1.0000 0.0000	</row2>
					<row3>	0.0246 0.4833 -1.4823 1.0000	</row3>
				</transform>
			</node>
		</node>
	</node>
	<boundingBox>
		<min>	-0.0667 -0.0667 -0.0667	</min>
		<max>	0.0667 0.0667 0.0667	</max>
	</boundingBox>
</ASD037_Hill_1940_MidBack_ports.visual>
