<ISB008_Marco_Polo_1942_Bow_ports.visual>
	<node>
		<identifier>	Scene Root	</identifier>
		<transform>
			<row0>	1.0000 0.0000 0.0000 0.0000	</row0>
			<row1>	0.0000 1.0000 0.0000 0.0000	</row1>
			<row2>	0.0000 0.0000 1.0000 0.0000	</row2>
			<row3>	0.0000 0.0000 0.0000 1.0000	</row3>
		</transform>
		<node>
			<identifier>	Bow_ports	</identifier>
			<transform>
				<row0>	1.0000 0.0000 0.0000 0.0000	</row0>
				<row1>	0.0000 1.0000 0.0000 0.0000	</row1>
				<row2>	0.0000 0.0000 1.0000 0.0000	</row2>
				<row3>	0.0000 0.0000 0.0000 1.0000	</row3>
			</transform>
			<node>
				<identifier>	HP_FX_Death_1	</identifier>
				<transform>
					<row0>	1.0000 0.0000 0.0000 0.0000	</row0>
					<row1>	0.0000 1.0000 0.0000 0.0000	</row1>
					<row2>	0.0000 0.0000 1.0000 0.0000	</row2>
					<row3>	0.0000 0.0000 4.9650 1.0000	</row3>
				</transform>
			</node>
			<node>
				<identifier>	HP_FX_Fire_1	</identifier>
				<transform>
					<row0>	1.0000 0.0000 0.0000 0.0000	</row0>
					<row1>	0.0000 1.0000 0.0000 0.0000	</row1>
					<row2>	0.0000 0.0000 1.0000 0.0000	</row2>
					<row3>	0.0000 0.5140 6.5214 1.0000	</row3>
				</transform>
			</node>
			<node>
				<identifier>	HP_FX_Flood_water_left_3	</identifier>
				<transform>
					<row0>	-0.9866 0.0000 0.1629 0.0000	</row0>
					<row1>	0.0000 1.0000 0.0000 0.0000	</row1>
					<row2>	-0.1629 0.0000 -0.9866 0.0000	</row2>
					<row3>	-0.1769 0.0380 7.1384 1.0000	</row3>
				</transform>
			</node>
			<node>
				<identifier>	HP_FX_Flood_water_right_3	</identifier>
				<transform>
					<row0>	0.9817 0.0000 0.1904 0.0000	</row0>
					<row1>	0.0000 1.0000 0.0000 0.0000	</row1>
					<row2>	-0.1904 0.0000 0.9817 0.0000	</row2>
					<row3>	0.1799 0.0370 7.1374 1.0000	</row3>
				</transform>
			</node>
			<node>
				<identifier>	HP_FX_RepairLight_left_1	</identifier>
				<transform>
					<row0>	0.1349 0.0000 0.9909 0.0000	</row0>
					<row1>	0.0020 1.0000 -0.0003 0.0000	</row1>
					<row2>	-0.9909 0.0020 0.1349 0.0000	</row2>
					<row3>	-0.9134 0.5041 4.6790 1.0000	</row3>
				</transform>
			</node>
			<node>
				<identifier>	HP_FX_WakeTrace	</identifier>
				<transform>
					<row0>	1.0000 0.0000 0.0000 0.0000	</row0>
					<row1>	0.0000 1.0000 0.0000 0.0000	</row1>
					<row2>	0.0000 0.0000 1.0000 0.0000	</row2>
					<row3>	0.0000 0.0000 8.1864 1.0000	</row3>
				</transform>
			</node>
			<node>
				<identifier>	HP_IGM_1	</identifier>
				<transform>
					<row0>	1.0000 0.0000 0.0000 0.0000	</row0>
					<row1>	0.0000 1.0000 0.0000 0.0000	</row1>
					<row2>	0.0000 0.0000 1.0000 0.0000	</row2>
					<row3>	0.0000 0.5571 4.1060 1.0000	</row3>
				</transform>
			</node>
			<node>
				<identifier>	HP_Ship_death_1	</identifier>
				<transform>
					<row0>	1.0000 0.0000 0.0000 0.0000	</row0>
					<row1>	0.0000 1.0000 0.0000 0.0000	</row1>
					<row2>	0.0000 0.0000 1.0000 0.0000	</row2>
					<row3>	0.0000 0.0000 3.4721 1.0000	</row3>
				</transform>
			</node>
			<node>
				<identifier>	MP_CM029_Emergency_Box	</identifier>
				<transform>
					<row0>	-0.0972 0.0000 -0.9953 0.0000	</row0>
					<row1>	0.0000 1.0000 0.0000 0.0000	</row1>
					<row2>	0.9953 0.0000 -0.0972 0.0000	</row2>
					<row3>	-0.4817 0.5301 4.1868 1.0000	</row3>
				</transform>
			</node>
			<node>
				<identifier>	MP_CM029_Emergency_Box_INDEX_1	</identifier>
				<transform>
					<row0>	-0.0972 0.0000 0.9953 0.0000	</row0>
					<row1>	0.0000 1.0000 0.0000 0.0000	</row1>
					<row2>	-0.9953 0.0000 -0.0972 0.0000	</row2>
					<row3>	0.4817 0.5301 4.1868 1.0000	</row3>
				</transform>
			</node>
			<node>
				<identifier>	MP_CM109_Leadsman_Platform	</identifier>
				<transform>
					<row0>	0.9926 -0.0486 0.1115 0.0000	</row0>
					<row1>	-0.0483 -0.9988 -0.0054 0.0000	</row1>
					<row2>	0.1116 0.0000 -0.9938 0.0000	</row2>
					<row3>	0.9284 0.5049 4.5375 1.0000	</row3>
				</transform>
			</node>
			<node>
				<identifier>	MP_CM109_Leadsman_Platform_INDEX_1	</identifier>
				<transform>
					<row0>	-0.9926 -0.0489 0.1113 0.0000	</row0>
					<row1>	0.0485 -0.9988 -0.0060 0.0000	</row1>
					<row2>	0.1115 -0.0006 0.9938 0.0000	</row2>
					<row3>	-0.9284 0.5049 4.5375 1.0000	</row3>
				</transform>
			</node>
			<node>
				<identifier>	MP_IM026_Reels	</identifier>
				<transform>
					<row0>	0.8660 0.0012 0.5000 0.0000	</row0>
					<row1>	-0.0046 1.0000 0.0054 0.0000	</row1>
					<row2>	-0.5000 -0.0070 0.8660 0.0000	</row2>
					<row3>	-0.4426 0.5125 4.9416 1.0000	</row3>
				</transform>
			</node>
			<node>
				<identifier>	MP_IM026_Reels_INDEX_1	</identifier>
				<transform>
					<row0>	0.8656 -0.0284 -0.4999 0.0000	</row0>
					<row1>	0.0281 0.9996 -0.0082 0.0000	</row1>
					<row2>	0.5000 -0.0070 0.8660 0.0000	</row2>
					<row3>	0.7160 0.5081 4.7844 1.0000	</row3>
				</transform>
			</node>
			<node>
				<identifier>	MP_IM026_Reels_INDEX_2	</identifier>
				<transform>
					<row0>	0.9999 0.0140 0.0000 0.0000	</row0>
					<row1>	-0.0140 0.9999 0.0000 0.0000	</row1>
					<row2>	0.0000 0.0000 1.0000 0.0000	</row2>
					<row3>	-0.2426 0.5111 5.2422 1.0000	</row3>
				</transform>
			</node>
			<node>
				<identifier>	MP_IM026_Reels_INDEX_3	</identifier>
				<transform>
					<row0>	0.8660 -0.0012 -0.5000 0.0000	</row0>
					<row1>	0.0046 1.0000 0.0054 0.0000	</row1>
					<row2>	0.5000 -0.0070 0.8660 0.0000	</row2>
					<row3>	0.4426 0.5125 4.9416 1.0000	</row3>
				</transform>
			</node>
			<node>
				<identifier>	MP_IM026_Reels_INDEX_4	</identifier>
				<transform>
					<row0>	0.9999 -0.0140 0.0000 0.0000	</row0>
					<row1>	0.0140 0.9999 0.0000 0.0000	</row1>
					<row2>	0.0000 0.0000 1.0000 0.0000	</row2>
					<row3>	0.2426 0.5111 5.2422 1.0000	</row3>
				</transform>
			</node>
			<node>
				<identifier>	MP_IM026_Reels_INDEX_5	</identifier>
				<transform>
					<row0>	0.8656 0.0284 0.4999 0.0000	</row0>
					<row1>	-0.0281 0.9996 -0.0082 0.0000	</row1>
					<row2>	-0.5000 -0.0070 0.8660 0.0000	</row2>
					<row3>	-0.7160 0.5081 4.7844 1.0000	</row3>
				</transform>
			</node>
			<node>
				<identifier>	MP_IM031_Fire_Fighting	</identifier>
				<transform>
					<row0>	0.0000 0.0000 1.0000 0.0000	</row0>
					<row1>	0.0000 1.0000 0.0000 0.0000	</row1>
					<row2>	-1.0000 0.0000 0.0000 0.0000	</row2>
					<row3>	-0.4964 0.5106 4.0869 1.0000	</row3>
				</transform>
			</node>
			<node>
				<identifier>	MP_IM031_Fire_Fighting_INDEX_1	</identifier>
				<transform>
					<row0>	1.0000 0.0000 0.0000 0.0000	</row0>
					<row1>	0.0000 1.0000 0.0000 0.0000	</row1>
					<row2>	0.0000 0.0000 1.0000 0.0000	</row2>
					<row3>	-0.0202 0.5851 7.6622 1.0000	</row3>
				</transform>
			</node>
			<node>
				<identifier>	MP_IM031_Fire_Fighting_INDEX_2	</identifier>
				<transform>
					<row0>	0.0000 0.0000 -1.0000 0.0000	</row0>
					<row1>	0.0000 1.0000 0.0000 0.0000	</row1>
					<row2>	1.0000 0.0000 0.0000 0.0000	</row2>
					<row3>	0.4964 0.5106 4.0872 1.0000	</row3>
				</transform>
			</node>
			<node>
				<identifier>	MP_IM031_Fire_Fighting_INDEX_3	</identifier>
				<transform>
					<row0>	0.9063 0.0000 -0.4226 0.0000	</row0>
					<row1>	0.0000 1.0000 0.0000 0.0000	</row1>
					<row2>	0.4226 0.0000 0.9063 0.0000	</row2>
					<row3>	0.2165 0.5106 5.0837 1.0000	</row3>
				</transform>
			</node>
			<node>
				<identifier>	MP_IM031_Fire_Fighting_INDEX_4	</identifier>
				<transform>
					<row0>	0.0000 0.0000 -1.0000 0.0000	</row0>
					<row1>	0.0000 1.0000 0.0000 0.0000	</row1>
					<row2>	1.0000 0.0000 0.0000 0.0000	</row2>
					<row3>	-0.0187 0.5309 6.2874 1.0000	</row3>
				</transform>
			</node>
			<node>
				<identifier>	MP_IM031_Fire_Fighting_INDEX_5	</identifier>
				<transform>
					<row0>	0.0000 0.0000 -1.0000 0.0000	</row0>
					<row1>	0.0000 1.0000 0.0000 0.0000	</row1>
					<row2>	1.0000 0.0000 0.0000 0.0000	</row2>
					<row3>	0.0197 0.5158 5.6754 1.0000	</row3>
				</transform>
			</node>
			<node>
				<identifier>	MP_IM031_Fire_Fighting_INDEX_6	</identifier>
				<transform>
					<row0>	-0.9397 0.0000 0.3420 0.0000	</row0>
					<row1>	0.0000 1.0000 0.0000 0.0000	</row1>
					<row2>	-0.3420 0.0000 -0.9397 0.0000	</row2>
					<row3>	-0.1653 0.5117 3.6125 1.0000	</row3>
				</transform>
			</node>
			<node>
				<identifier>	MP_IM031_Fire_Fighting_INDEX_7	</identifier>
				<transform>
					<row0>	-0.9397 0.0000 -0.3420 0.0000	</row0>
					<row1>	0.0000 1.0000 0.0000 0.0000	</row1>
					<row2>	0.3420 0.0000 -0.9397 0.0000	</row2>
					<row3>	0.1653 0.5117 3.6125 1.0000	</row3>
				</transform>
			</node>
			<node>
				<identifier>	MP_IM031_Fire_Fighting_INDEX_8	</identifier>
				<transform>
					<row0>	0.9063 0.0000 0.4226 0.0000	</row0>
					<row1>	0.0000 1.0000 0.0000 0.0000	</row1>
					<row2>	-0.4226 0.0000 0.9063 0.0000	</row2>
					<row3>	-0.2165 0.5106 5.0837 1.0000	</row3>
				</transform>
			</node>
			<node>
				<identifier>	MP_IM032_Fire_Hose	</identifier>
				<transform>
					<row0>	0.0000 0.0000 -1.0000 0.0000	</row0>
					<row1>	0.0000 1.0000 0.0000 0.0000	</row1>
					<row2>	1.0000 0.0000 0.0000 0.0000	</row2>
					<row3>	0.0342 0.5684 6.2787 1.0000	</row3>
				</transform>
			</node>
			<node>
				<identifier>	MP_IM032_Fire_Hose_INDEX_1	</identifier>
				<transform>
					<row0>	-0.9243 0.0061 0.3816 0.0000	</row0>
					<row1>	0.1663 0.9063 0.3885 0.0000	</row1>
					<row2>	-0.3435 0.4226 -0.8387 0.0000	</row2>
					<row3>	0.2389 0.5493 5.1137 1.0000	</row3>
				</transform>
			</node>
			<node>
				<identifier>	MP_IM032_Fire_Hose_INDEX_2	</identifier>
				<transform>
					<row0>	0.0000 0.0000 1.0000 0.0000	</row0>
					<row1>	0.0000 1.0000 0.0000 0.0000	</row1>
					<row2>	-1.0000 0.0000 0.0000 0.0000	</row2>
					<row3>	0.0296 0.5684 6.2787 1.0000	</row3>
				</transform>
			</node>
			<node>
				<identifier>	MP_IM032_Fire_Hose_INDEX_3	</identifier>
				<transform>
					<row0>	0.2894 0.0000 -0.9572 0.0000	</row0>
					<row1>	0.0000 1.0000 0.0000 0.0000	</row1>
					<row2>	0.9572 0.0000 0.2894 0.0000	</row2>
					<row3>	0.4603 0.5359 4.2457 1.0000	</row3>
				</transform>
			</node>
			<node>
				<identifier>	MP_IM032_Fire_Hose_INDEX_4	</identifier>
				<transform>
					<row0>	0.0000 0.0000 1.0000 0.0000	</row0>
					<row1>	0.0000 1.0000 0.0000 0.0000	</row1>
					<row2>	-1.0000 0.0000 0.0000 0.0000	</row2>
					<row3>	-0.0275 0.5537 5.6753 1.0000	</row3>
				</transform>
			</node>
			<node>
				<identifier>	MP_IM032_Fire_Hose_INDEX_5	</identifier>
				<transform>
					<row0>	-0.9578 0.0000 -0.2874 0.0000	</row0>
					<row1>	0.0000 1.0000 0.0000 0.0000	</row1>
					<row2>	0.2874 0.0000 -0.9578 0.0000	</row2>
					<row3>	0.1371 0.5359 3.6449 1.0000	</row3>
				</transform>
			</node>
			<node>
				<identifier>	MP_IM032_Fire_Hose_INDEX_6	</identifier>
				<transform>
					<row0>	-0.9578 0.0000 0.2874 0.0000	</row0>
					<row1>	0.0000 1.0000 0.0000 0.0000	</row1>
					<row2>	-0.2874 0.0000 -0.9578 0.0000	</row2>
					<row3>	-0.1371 0.5359 3.6449 1.0000	</row3>
				</transform>
			</node>
			<node>
				<identifier>	MP_IM032_Fire_Hose_INDEX_7	</identifier>
				<transform>
					<row0>	0.0000 0.0000 -1.0000 0.0000	</row0>
					<row1>	0.0000 1.0000 0.0000 0.0000	</row1>
					<row2>	1.0000 0.0000 0.0000 0.0000	</row2>
					<row3>	-0.0230 0.5537 5.6753 1.0000	</row3>
				</transform>
			</node>
			<node>
				<identifier>	MP_IM032_Fire_Hose_INDEX_8	</identifier>
				<transform>
					<row0>	0.2894 0.0000 0.9572 0.0000	</row0>
					<row1>	0.0000 1.0000 0.0000 0.0000	</row1>
					<row2>	-0.9572 0.0000 0.2894 0.0000	</row2>
					<row3>	-0.4603 0.5359 4.2457 1.0000	</row3>
				</transform>
			</node>
			<node>
				<identifier>	MP_IM032_Fire_Hose_INDEX_9	</identifier>
				<transform>
					<row0>	-0.9243 -0.0061 -0.3816 0.0000	</row0>
					<row1>	-0.1663 0.9063 0.3885 0.0000	</row1>
					<row2>	0.3435 0.4226 -0.8387 0.0000	</row2>
					<row3>	-0.2389 0.5493 5.1137 1.0000	</row3>
				</transform>
			</node>
			<node>
				<identifier>	MP_IM043_Gerb_Marco_Polo	</identifier>
				<transform>
					<row0>	1.0000 0.0000 0.0000 0.0000	</row0>
					<row1>	0.0000 1.0000 0.0000 0.0000	</row1>
					<row2>	0.0000 0.0000 1.0000 0.0000	</row2>
					<row3>	0.0000 0.6453 8.5134 1.0000	</row3>
				</transform>
			</node>
			<node>
				<identifier>	MP_IM951_Anchor_up	</identifier>
				<transform>
					<row0>	0.6284 0.7108 0.3159 0.0000	</row0>
					<row1>	0.1999 0.2449 -0.9487 0.0000	</row1>
					<row2>	-0.7518 0.6593 0.0118 0.0000	</row2>
					<row3>	-0.3939 0.5528 7.7718 1.0000	</row3>
				</transform>
			</node>
			<node>
				<identifier>	MP_IM951_Anchor_up_INDEX_1	</identifier>
				<transform>
					<row0>	0.5928 -0.7239 -0.3529 0.0000	</row0>
					<row1>	-0.2229 0.2736 -0.9357 0.0000	</row1>
					<row2>	0.7739 0.6333 0.0009 0.0000	</row2>
					<row3>	0.4633 0.5341 7.4374 1.0000	</row3>
				</transform>
			</node>
			<node>
				<identifier>	MP_IM951_Anchor_up_INDEX_2	</identifier>
				<transform>
					<row0>	0.6284 -0.7108 -0.3159 0.0000	</row0>
					<row1>	-0.1999 0.2449 -0.9487 0.0000	</row1>
					<row2>	0.7518 0.6593 0.0118 0.0000	</row2>
					<row3>	0.3939 0.5528 7.7718 1.0000	</row3>
				</transform>
			</node>
			<node>
				<identifier>	MP_IM952_Anchor_Bottom	</identifier>
				<transform>
					<row0>	0.6561 0.7461 0.1136 0.0000	</row0>
					<row1>	0.0661 0.0932 -0.9935 0.0000	</row1>
					<row2>	-0.7518 0.6593 0.0118 0.0000	</row2>
					<row3>	-0.3939 0.5528 7.7718 1.0000	</row3>
				</transform>
			</node>
			<node>
				<identifier>	MP_IM952_Anchor_Bottom_INDEX_1	</identifier>
				<transform>
					<row0>	0.6561 -0.7461 -0.1136 0.0000	</row0>
					<row1>	-0.0661 0.0932 -0.9935 0.0000	</row1>
					<row2>	0.7518 0.6593 0.0118 0.0000	</row2>
					<row3>	0.3939 0.5528 7.7718 1.0000	</row3>
				</transform>
			</node>
			<node>
				<identifier>	MP_IM952_Anchor_Bottom_INDEX_2	</identifier>
				<transform>
					<row0>	0.6267 -0.7656 -0.1453 0.0000	</row0>
					<row1>	-0.0914 0.1130 -0.9894 0.0000	</row1>
					<row2>	0.7739 0.6333 0.0009 0.0000	</row2>
					<row3>	0.4633 0.5341 7.4374 1.0000	</row3>
				</transform>
			</node>
			<node>
				<identifier>	SP_YMS001_YHBM_M_1	</identifier>
				<transform>
					<row0>	1.4000 0.0000 0.0000 0.0000	</row0>
					<row1>	0.0000 1.4000 0.0000 0.0000	</row1>
					<row2>	0.0000 0.0000 1.4000 0.0000	</row2>
					<row3>	0.0000 0.6684 8.5169 1.0000	</row3>
				</transform>
			</node>
			<node>
				<identifier>	SP_YMS002_YHBL_M_1	</identifier>
				<transform>
					<row0>	1.5881 -0.0077 -0.1244 0.0000	</row0>
					<row1>	0.0000 1.5899 -0.0988 0.0000	</row1>
					<row2>	0.1246 0.0985 1.5851 0.0000	</row2>
					<row3>	0.0086 0.6519 8.5560 1.0000	</row3>
				</transform>
			</node>
			<node>
				<identifier>	SP_YMS003_YHBR_M_1	</identifier>
				<transform>
					<row0>	1.5881 0.0077 0.1244 0.0000	</row0>
					<row1>	0.0000 1.5899 -0.0988 0.0000	</row1>
					<row2>	-0.1246 0.0985 1.5851 0.0000	</row2>
					<row3>	-0.0086 0.6519 8.5560 1.0000	</row3>
				</transform>
			</node>
			<node>
				<identifier>	SP_YMS010_YHWM_L_1	</identifier>
				<transform>
					<row0>	1.1000 0.0000 0.0000 0.0000	</row0>
					<row1>	0.0000 1.1000 0.0000 0.0000	</row1>
					<row2>	0.0000 0.0000 1.1000 0.0000	</row2>
					<row3>	0.0000 0.0000 8.3383 1.0000	</row3>
				</transform>
			</node>
			<node>
				<identifier>	SP_YMS011_YHWL_M_1_INDEX_11	</identifier>
				<transform>
					<row0>	1.2500 0.2547 -0.2500 0.0000	</row0>
					<row1>	-0.2500 1.2748 0.0488 0.0000	</row1>
					<row2>	0.2548 0.0012 1.2748 0.0000	</row2>
					<row3>	-0.5092 0.0000 5.3106 1.0000	</row3>
				</transform>
			</node>
			<node>
				<identifier>	SP_YMS011_YHWL_M_1_INDEX_12	</identifier>
				<transform>
					<row0>	1.2361 0.3348 -0.2236 0.0000	</row0>
					<row1>	-0.3294 1.2562 0.0595 0.0000	</row1>
					<row2>	0.2314 0.0000 1.2792 0.0000	</row2>
					<row3>	-0.7237 0.0000 4.2257 1.0000	</row3>
				</transform>
			</node>
			<node>
				<identifier>	SP_YMS011_YHWL_M_1_INDEX_9	</identifier>
				<transform>
					<row0>	1.2672 0.1857 -0.2233 0.0000	</row0>
					<row1>	-0.1832 1.2867 0.0300 0.0000	</row1>
					<row2>	0.2253 0.0022 1.2803 0.0000	</row2>
					<row3>	-0.3124 0.0000 6.3991 1.0000	</row3>
				</transform>
			</node>
			<node>
				<identifier>	SP_YMS012_YHWR_M_1_INDEX_11	</identifier>
				<transform>
					<row0>	1.2361 -0.3348 0.2236 0.0000	</row0>
					<row1>	0.3294 1.2562 0.0595 0.0000	</row1>
					<row2>	-0.2314 0.0000 1.2792 0.0000	</row2>
					<row3>	0.7237 0.0000 4.2257 1.0000	</row3>
				</transform>
			</node>
			<node>
				<identifier>	SP_YMS012_YHWR_M_1_INDEX_2	</identifier>
				<transform>
					<row0>	1.2500 -0.2547 0.2500 0.0000	</row0>
					<row1>	0.2500 1.2748 0.0488 0.0000	</row1>
					<row2>	-0.2548 0.0012 1.2748 0.0000	</row2>
					<row3>	0.5092 0.0000 5.3106 1.0000	</row3>
				</transform>
			</node>
			<node>
				<identifier>	SP_YMS012_YHWR_M_1_INDEX_9	</identifier>
				<transform>
					<row0>	1.2672 -0.1857 0.2233 0.0000	</row0>
					<row1>	0.1832 1.2867 0.0300 0.0000	</row1>
					<row2>	-0.2253 0.0022 1.2803 0.0000	</row2>
					<row3>	0.3124 0.0000 6.3991 1.0000	</row3>
				</transform>
			</node>
			<node>
				<identifier>	SP_YMS020_YHBU_M_1	</identifier>
				<transform>
					<row0>	1.3000 0.0000 0.0000 0.0000	</row0>
					<row1>	0.0000 1.3000 0.0000 0.0000	</row1>
					<row2>	0.0000 0.0000 1.3000 0.0000	</row2>
					<row3>	0.0000 -0.1250 7.9573 1.0000	</row3>
				</transform>
			</node>
			<node>
				<identifier>	SP_YMS022_YHUS_L_1_INDEX_3	</identifier>
				<transform>
					<row0>	-0.2914 0.0016 -1.6748 0.0000	</row0>
					<row1>	-0.8460 1.4670 0.1486 0.0000	</row1>
					<row2>	1.4455 0.8589 -0.2506 0.0000	</row2>
					<row3>	-0.4428 -0.5386 4.0736 1.0000	</row3>
				</transform>
			</node>
			<node>
				<identifier>	SP_YMS022_YHUS_L_1_INDEX_4	</identifier>
				<transform>
					<row0>	-0.2914 -0.0016 1.6748 0.0000	</row0>
					<row1>	0.8460 1.4670 0.1486 0.0000	</row1>
					<row2>	-1.4455 0.8589 -0.2506 0.0000	</row2>
					<row3>	0.4428 -0.5386 4.0736 1.0000	</row3>
				</transform>
			</node>
			<node>
				<identifier>	SP_YMS053_YHDC_S_1_INDEX_1	</identifier>
				<transform>
					<row0>	1.5000 0.0000 0.0000 0.0000	</row0>
					<row1>	0.0000 1.5000 0.0000 0.0000	</row1>
					<row2>	0.0000 0.0000 1.5000 0.0000	</row2>
					<row3>	0.4128 0.5457 6.0839 1.0000	</row3>
				</transform>
			</node>
			<node>
				<identifier>	SP_YMS053_YHDC_S_1_INDEX_3	</identifier>
				<transform>
					<row0>	1.5000 0.0000 0.0000 0.0000	</row0>
					<row1>	0.0000 1.5000 0.0000 0.0000	</row1>
					<row2>	0.0000 0.0000 1.5000 0.0000	</row2>
					<row3>	-0.4128 0.5457 6.0839 1.0000	</row3>
				</transform>
			</node>
			<node>
				<identifier>	SP_YMS080_YHSL_M_1	</identifier>
				<transform>
					<row0>	1.2682 0.7583 -0.2580 0.0000	</row0>
					<row1>	-0.7547 1.2931 0.0910 0.0000	</row1>
					<row2>	0.2684 0.0529 1.4748 0.0000	</row2>
					<row3>	-0.3707 0.2991 6.5135 1.0000	</row3>
				</transform>
			</node>
			<node>
				<identifier>	SP_YMS080_YHSL_M_1_INDEX_1	</identifier>
				<transform>
					<row0>	1.2682 0.7583 -0.2580 0.0000	</row0>
					<row1>	-0.7547 1.2931 0.0910 0.0000	</row1>
					<row2>	0.2684 0.0529 1.4748 0.0000	</row2>
					<row3>	-0.5708 0.2921 5.4380 1.0000	</row3>
				</transform>
			</node>
			<node>
				<identifier>	SP_YMS081_YHSR_M_1	</identifier>
				<transform>
					<row0>	1.2682 -0.7583 0.2580 0.0000	</row0>
					<row1>	0.7547 1.2931 0.0910 0.0000	</row1>
					<row2>	-0.2684 0.0529 1.4748 0.0000	</row2>
					<row3>	0.3707 0.2991 6.5135 1.0000	</row3>
				</transform>
			</node>
			<node>
				<identifier>	SP_YMS081_YHSR_M_1_INDEX_1	</identifier>
				<transform>
					<row0>	1.2682 -0.7583 0.2580 0.0000	</row0>
					<row1>	0.7547 1.2931 0.0910 0.0000	</row1>
					<row2>	-0.2684 0.0529 1.4748 0.0000	</row2>
					<row3>	0.5708 0.2921 5.4380 1.0000	</row3>
				</transform>
			</node>
			<node>
				<identifier>	SP_YMS084_YHSC_L_2_INDEX_4	</identifier>
				<transform>
					<row0>	-0.1436 -0.0028 1.0199 0.0000	</row0>
					<row1>	0.6055 0.8286 0.0875 0.0000	</row1>
					<row2>	-0.8207 0.6118 -0.1138 0.0000	</row2>
					<row3>	0.9726 0.4935 4.1127 1.0000	</row3>
				</transform>
			</node>
			<node>
				<identifier>	SP_YMS084_YHSC_L_2_INDEX_8	</identifier>
				<transform>
					<row0>	-0.1436 0.0028 -1.0199 0.0000	</row0>
					<row1>	-0.6055 0.8286 0.0875 0.0000	</row1>
					<row2>	0.8207 0.6118 -0.1138 0.0000	</row2>
					<row3>	-0.9726 0.4935 4.1127 1.0000	</row3>
				</transform>
			</node>
		</node>
	</node>
	<boundingBox>
		<min>	-0.0667 -0.0667 -0.0667	</min>
		<max>	0.0667 0.0667 0.0667	</max>
	</boundingBox>
</ISB008_Marco_Polo_1942_Bow_ports.visual>
