<JSA005_Kaga_1942_Bow_ports.visual>
	<node>
		<identifier>	Scene Root	</identifier>
		<transform>
			<row0>	1.0000 0.0000 0.0000 0.0000	</row0>
			<row1>	0.0000 1.0000 0.0000 0.0000	</row1>
			<row2>	0.0000 0.0000 1.0000 0.0000	</row2>
			<row3>	0.0000 0.0000 0.0000 1.0000	</row3>
		</transform>
		<node>
			<identifier>	Bow_ports	</identifier>
			<transform>
				<row0>	1.0000 0.0000 0.0000 0.0000	</row0>
				<row1>	0.0000 1.0000 0.0000 0.0000	</row1>
				<row2>	0.0000 0.0000 1.0000 0.0000	</row2>
				<row3>	0.0000 0.0000 0.0000 1.0000	</row3>
			</transform>
			<node>
				<identifier>	HP_FX_Fire_1	</identifier>
				<transform>
					<row0>	1.0000 0.0000 0.0000 0.0000	</row0>
					<row1>	0.0000 1.0000 0.0000 0.0000	</row1>
					<row2>	0.0000 0.0000 1.0000 0.0000	</row2>
					<row3>	0.0000 1.3799 6.2439 1.0000	</row3>
				</transform>
			</node>
			<node>
				<identifier>	HP_FX_Fire_1_side_1	</identifier>
				<transform>
					<row0>	1.0000 0.0000 0.0000 0.0000	</row0>
					<row1>	0.0000 1.0000 0.0000 0.0000	</row1>
					<row2>	0.0000 0.0000 1.0000 0.0000	</row2>
					<row3>	-0.0078 0.5398 8.1362 1.0000	</row3>
				</transform>
			</node>
			<node>
				<identifier>	HP_FX_WakeTrace	</identifier>
				<transform>
					<row0>	1.0000 0.0000 0.0000 0.0000	</row0>
					<row1>	0.0000 1.0000 0.0000 0.0000	</row1>
					<row2>	0.0000 0.0000 1.0000 0.0000	</row2>
					<row3>	0.0000 0.0000 7.9918 1.0000	</row3>
				</transform>
			</node>
			<node>
				<identifier>	HP_JGS_1	</identifier>
				<transform>
					<row0>	0.0000 0.0000 -1.0000 0.0000	</row0>
					<row1>	0.0000 1.0000 0.0000 0.0000	</row1>
					<row2>	1.0000 0.0000 0.0000 0.0000	</row2>
					<row3>	0.9370 1.1319 5.8223 1.0000	</row3>
				</transform>
			</node>
			<node>
				<identifier>	HP_LiftOffPoint	</identifier>
				<transform>
					<row0>	1.0000 0.0000 0.0000 0.0000	</row0>
					<row1>	0.0000 1.0000 0.0000 0.0000	</row1>
					<row2>	0.0000 0.0000 1.0000 0.0000	</row2>
					<row3>	0.0000 1.3698 8.2962 1.0000	</row3>
				</transform>
			</node>
			<node>
				<identifier>	HP_Ship_death_1	</identifier>
				<transform>
					<row0>	1.0000 0.0000 0.0000 0.0000	</row0>
					<row1>	0.0000 1.0000 0.0000 0.0000	</row1>
					<row2>	0.0000 0.0000 1.0000 0.0000	</row2>
					<row3>	0.0000 0.0000 5.2493 1.0000	</row3>
				</transform>
			</node>
			<node>
				<identifier>	MP_CM011_Fire_Fighting_Gear	</identifier>
				<transform>
					<row0>	-1.0000 0.0000 0.0000 0.0000	</row0>
					<row1>	0.0000 1.0000 0.0000 0.0000	</row1>
					<row2>	0.0000 0.0000 -1.0000 0.0000	</row2>
					<row3>	0.0906 0.4970 5.7709 1.0000	</row3>
				</transform>
			</node>
			<node>
				<identifier>	MP_CM012_Fire_Hose_Rack_1	</identifier>
				<transform>
					<row0>	-0.2501 0.0000 -0.9682 0.0000	</row0>
					<row1>	0.0000 1.0000 0.0000 0.0000	</row1>
					<row2>	0.9682 0.0000 -0.2501 0.0000	</row2>
					<row3>	0.0906 0.5824 5.7603 1.0000	</row3>
				</transform>
			</node>
			<node>
				<identifier>	MP_CM029_Emergency_Box	</identifier>
				<transform>
					<row0>	0.3656 0.0000 0.9308 0.0000	</row0>
					<row1>	0.0000 1.0000 0.0000 0.0000	</row1>
					<row2>	-0.9308 0.0000 0.3656 0.0000	</row2>
					<row3>	0.7535 1.2112 5.9125 1.0000	</row3>
				</transform>
			</node>
			<node>
				<identifier>	MP_CM029_Emergency_Box_INDEX_1	</identifier>
				<transform>
					<row0>	0.0000 0.0000 1.0000 0.0000	</row0>
					<row1>	0.0000 1.0000 0.0000 0.0000	</row1>
					<row2>	-1.0000 0.0000 0.0000 0.0000	</row2>
					<row3>	-0.3195 0.5808 6.7351 1.0000	</row3>
				</transform>
			</node>
			<node>
				<identifier>	MP_CM029_Emergency_Box_INDEX_2	</identifier>
				<transform>
					<row0>	0.0000 0.0000 -1.0000 0.0000	</row0>
					<row1>	0.0000 1.0000 0.0000 0.0000	</row1>
					<row2>	1.0000 0.0000 0.0000 0.0000	</row2>
					<row3>	0.3195 0.5808 6.7351 1.0000	</row3>
				</transform>
			</node>
			<node>
				<identifier>	MP_CM056_Ships_bell	</identifier>
				<transform>
					<row0>	0.0000 0.0000 1.0000 0.0000	</row0>
					<row1>	0.0000 1.0000 0.0000 0.0000	</row1>
					<row2>	-1.0000 0.0000 0.0000 0.0000	</row2>
					<row3>	-0.0025 0.8797 6.9618 1.0000	</row3>
				</transform>
			</node>
			<node>
				<identifier>	MP_CM057_Accommodation_Ladder_Closed	</identifier>
				<transform>
					<row0>	0.2585 -0.9647 -0.0496 0.0000	</row0>
					<row1>	0.9472 0.2632 -0.1829 0.0000	</row1>
					<row2>	0.1895 0.0003 0.9819 0.0000	</row2>
					<row3>	-0.4101 0.1631 5.8541 1.0000	</row3>
				</transform>
			</node>
			<node>
				<identifier>	MP_CM057_Accommodation_Ladder_Closed_INDEX_1	</identifier>
				<transform>
					<row0>	0.2585 0.9647 0.0496 0.0000	</row0>
					<row1>	-0.9472 0.2632 -0.1829 0.0000	</row1>
					<row2>	-0.1895 0.0003 0.9819 0.0000	</row2>
					<row3>	0.4101 0.1662 5.8541 1.0000	</row3>
				</transform>
			</node>
			<node>
				<identifier>	MP_CM086_Anchor_top	</identifier>
				<transform>
					<row0>	1.8663 -0.3561 -0.0157 0.0000	</row0>
					<row1>	-0.0042 -0.1059 1.8970 0.0000	</row1>
					<row2>	-0.3565 -1.8633 -0.1048 0.0000	</row2>
					<row3>	0.3233 0.5108 6.8478 1.0000	</row3>
				</transform>
			</node>
			<node>
				<identifier>	MP_CM086_Anchor_top_INDEX_1	</identifier>
				<transform>
					<row0>	-0.9141 1.5124 0.6979 0.0000	</row0>
					<row1>	0.3490 0.7799 -1.2329 0.0000	</row1>
					<row2>	-1.6059 -0.5889 -0.8272 0.0000	</row2>
					<row3>	-0.2239 0.4093 7.7160 1.0000	</row3>
				</transform>
			</node>
			<node>
				<identifier>	MP_CM086_Anchor_top_INDEX_2	</identifier>
				<transform>
					<row0>	-0.9141 -1.5124 -0.6979 0.0000	</row0>
					<row1>	-0.3490 0.7799 -1.2329 0.0000	</row1>
					<row2>	1.6059 -0.5889 -0.8272 0.0000	</row2>
					<row3>	0.2239 0.4093 7.7160 1.0000	</row3>
				</transform>
			</node>
			<node>
				<identifier>	MP_CM087_Anchor_down	</identifier>
				<transform>
					<row0>	-0.9141 -1.5124 -0.6979 0.0000	</row0>
					<row1>	0.2131 0.6834 -1.7600 0.0000	</row1>
					<row2>	1.6520 -0.9250 -0.1592 0.0000	</row2>
					<row3>	0.2236 0.4093 7.7160 1.0000	</row3>
				</transform>
			</node>
			<node>
				<identifier>	MP_CM087_Anchor_down_INDEX_1	</identifier>
				<transform>
					<row0>	-1.8646 0.3651 0.0022 0.0000	</row0>
					<row1>	-0.0830 -0.4350 1.8477 0.0000	</row1>
					<row2>	0.3555 1.8132 0.4428 0.0000	</row2>
					<row3>	0.3233 0.5108 6.8478 1.0000	</row3>
				</transform>
			</node>
			<node>
				<identifier>	MP_CM087_Anchor_down_INDEX_2	</identifier>
				<transform>
					<row0>	-0.9141 1.5124 0.6979 0.0000	</row0>
					<row1>	-0.2007 0.6903 -1.7587 0.0000	</row1>
					<row2>	-1.6535 -0.9199 -0.1724 0.0000	</row2>
					<row3>	-0.2239 0.4093 7.7160 1.0000	</row3>
				</transform>
			</node>
			<node>
				<identifier>	MP_JM002_Paravane	</identifier>
				<transform>
					<row0>	-0.1491 0.0000 -0.9888 0.0000	</row0>
					<row1>	0.0000 1.0000 0.0000 0.0000	</row1>
					<row2>	0.9888 0.0000 -0.1491 0.0000	</row2>
					<row3>	0.2728 0.4962 5.8251 1.0000	</row3>
				</transform>
			</node>
			<node>
				<identifier>	MP_JM002_Paravane_INDEX_1	</identifier>
				<transform>
					<row0>	-0.0296 0.0000 0.9996 0.0000	</row0>
					<row1>	0.0000 1.0000 0.0000 0.0000	</row1>
					<row2>	-0.9996 0.0000 -0.0296 0.0000	</row2>
					<row3>	0.4079 0.4962 5.7924 1.0000	</row3>
				</transform>
			</node>
			<node>
				<identifier>	MP_JM002_Paravane_INDEX_2	</identifier>
				<transform>
					<row0>	0.0283 0.0000 0.9996 0.0000	</row0>
					<row1>	0.0000 1.0000 0.0000 0.0000	</row1>
					<row2>	-0.9996 0.0000 0.0283 0.0000	</row2>
					<row3>	-0.4043 0.4962 5.8141 1.0000	</row3>
				</transform>
			</node>
			<node>
				<identifier>	MP_JM002_Paravane_INDEX_3	</identifier>
				<transform>
					<row0>	0.1815 0.0000 -0.9834 0.0000	</row0>
					<row1>	0.0000 1.0000 0.0000 0.0000	</row1>
					<row2>	0.9834 0.0000 0.1815 0.0000	</row2>
					<row3>	-0.2683 0.4962 5.8485 1.0000	</row3>
				</transform>
			</node>
			<node>
				<identifier>	MP_JM018_Ventilators_2	</identifier>
				<transform>
					<row0>	1.0000 0.0000 0.0000 0.0000	</row0>
					<row1>	0.0000 1.0000 0.0000 0.0000	</row1>
					<row2>	0.0000 0.0000 1.0000 0.0000	</row2>
					<row3>	0.0288 0.5122 7.8542 1.0000	</row3>
				</transform>
			</node>
			<node>
				<identifier>	MP_JM018_Ventilators_2_INDEX_1	</identifier>
				<transform>
					<row0>	1.0000 0.0000 0.0000 0.0000	</row0>
					<row1>	0.0000 1.0000 0.0000 0.0000	</row1>
					<row2>	0.0000 0.0000 1.0000 0.0000	</row2>
					<row3>	0.0281 0.5059 7.2119 1.0000	</row3>
				</transform>
			</node>
			<node>
				<identifier>	MP_JM018_Ventilators_2_INDEX_2	</identifier>
				<transform>
					<row0>	1.0000 0.0000 0.0000 0.0000	</row0>
					<row1>	0.0000 1.0000 0.0000 0.0000	</row1>
					<row2>	0.0000 0.0000 1.0000 0.0000	</row2>
					<row3>	-0.0517 0.5074 7.4361 1.0000	</row3>
				</transform>
			</node>
			<node>
				<identifier>	MP_JM020_Ventilators_4	</identifier>
				<transform>
					<row0>	-1.0000 0.0000 0.0000 0.0000	</row0>
					<row1>	0.0000 1.0000 0.0000 0.0000	</row1>
					<row2>	0.0000 0.0000 -1.0000 0.0000	</row2>
					<row3>	0.0000 0.4964 5.9551 1.0000	</row3>
				</transform>
			</node>
			<node>
				<identifier>	MP_JM023_Ventilators_7	</identifier>
				<transform>
					<row0>	-0.8000 0.0000 0.0000 0.0000	</row0>
					<row1>	0.0000 0.8000 0.0000 0.0000	</row1>
					<row2>	0.0000 0.0000 -0.8000 0.0000	</row2>
					<row3>	0.3488 0.4964 6.2419 1.0000	</row3>
				</transform>
			</node>
			<node>
				<identifier>	MP_JM023_Ventilators_7_INDEX_1	</identifier>
				<transform>
					<row0>	-0.8000 0.0000 0.0000 0.0000	</row0>
					<row1>	0.0000 0.8000 0.0000 0.0000	</row1>
					<row2>	0.0000 0.0000 -0.8000 0.0000	</row2>
					<row3>	0.3488 0.4964 6.3053 1.0000	</row3>
				</transform>
			</node>
			<node>
				<identifier>	MP_JM023_Ventilators_7_INDEX_2	</identifier>
				<transform>
					<row0>	-1.0000 0.0000 0.0000 0.0000	</row0>
					<row1>	0.0000 1.0000 0.0000 0.0000	</row1>
					<row2>	0.0000 0.0000 -1.0000 0.0000	</row2>
					<row3>	-0.3320 0.4964 6.2519 1.0000	</row3>
				</transform>
			</node>
			<node>
				<identifier>	MP_JM028_Deck_Winch_1	</identifier>
				<transform>
					<row0>	0.0000 0.0166 0.9999 0.0000	</row0>
					<row1>	0.0000 0.9999 -0.0166 0.0000	</row1>
					<row2>	-1.0000 0.0000 0.0000 0.0000	</row2>
					<row3>	0.0000 0.5130 6.7423 1.0000	</row3>
				</transform>
			</node>
			<node>
				<identifier>	MP_JM029_Leadsman_Platform	</identifier>
				<transform>
					<row0>	-0.9862 0.0125 0.1651 0.0000	</row0>
					<row1>	0.0123 0.9999 -0.0023 0.0000	</row1>
					<row2>	-0.1651 -0.0003 -0.9863 0.0000	</row2>
					<row3>	-0.2213 0.5247 7.9032 1.0000	</row3>
				</transform>
			</node>
			<node>
				<identifier>	MP_JM029_Leadsman_Platform_INDEX_1	</identifier>
				<transform>
					<row0>	0.9823 0.0125 0.1870 0.0000	</row0>
					<row1>	-0.0123 0.9999 -0.0023 0.0000	</row1>
					<row2>	-0.1870 0.0000 0.9824 0.0000	</row2>
					<row3>	0.2213 0.5247 7.9032 1.0000	</row3>
				</transform>
			</node>
			<node>
				<identifier>	MP_JM062_Deck_Hatch_11	</identifier>
				<transform>
					<row0>	-1.0000 0.0000 0.0000 0.0000	</row0>
					<row1>	0.0000 1.0000 0.0000 0.0000	</row1>
					<row2>	0.0000 0.0000 -1.0000 0.0000	</row2>
					<row3>	0.1481 0.4964 5.8667 1.0000	</row3>
				</transform>
			</node>
			<node>
				<identifier>	MP_JM062_Deck_Hatch_11_INDEX_1	</identifier>
				<transform>
					<row0>	-1.0000 0.0000 0.0000 0.0000	</row0>
					<row1>	0.0000 1.0000 0.0000 0.0000	</row1>
					<row2>	0.0000 0.0000 -1.0000 0.0000	</row2>
					<row3>	-0.1481 0.4964 5.8667 1.0000	</row3>
				</transform>
			</node>
			<node>
				<identifier>	MP_JM064_Bollards_2	</identifier>
				<transform>
					<row0>	-0.1735 0.0090 0.9848 0.0000	</row0>
					<row1>	0.0000 1.0000 -0.0092 0.0000	</row1>
					<row2>	-0.9848 -0.0017 -0.1735 0.0000	</row2>
					<row3>	0.4000 0.5062 6.4772 1.0000	</row3>
				</transform>
			</node>
			<node>
				<identifier>	MP_JM064_Bollards_2_INDEX_1	</identifier>
				<transform>
					<row0>	-0.1735 -0.0090 -0.9848 0.0000	</row0>
					<row1>	0.0000 1.0000 -0.0092 0.0000	</row1>
					<row2>	0.9848 -0.0017 -0.1735 0.0000	</row2>
					<row3>	-0.4000 0.5062 6.4772 1.0000	</row3>
				</transform>
			</node>
			<node>
				<identifier>	MP_JM092_Running_Lights_R	</identifier>
				<transform>
					<row0>	1.0000 0.0000 0.0000 0.0000	</row0>
					<row1>	0.0000 1.0000 0.0000 0.0000	</row1>
					<row2>	0.0000 0.0000 1.0000 0.0000	</row2>
					<row3>	0.7650 0.8051 6.4582 1.0000	</row3>
				</transform>
			</node>
			<node>
				<identifier>	MP_JM093_Running_Lights_L	</identifier>
				<transform>
					<row0>	1.0000 0.0000 0.0000 0.0000	</row0>
					<row1>	0.0000 1.0000 0.0000 0.0000	</row1>
					<row2>	0.0000 0.0000 1.0000 0.0000	</row2>
					<row3>	-0.7620 0.8051 6.4582 1.0000	</row3>
				</transform>
			</node>
			<node>
				<identifier>	MP_JM099_Signal_Lamp_1	</identifier>
				<transform>
					<row0>	0.0697 0.0000 -0.9976 0.0000	</row0>
					<row1>	0.0000 1.0000 0.0000 0.0000	</row1>
					<row2>	0.9976 0.0000 0.0697 0.0000	</row2>
					<row3>	0.9111 1.3647 5.3602 1.0000	</row3>
				</transform>
			</node>
			<node>
				<identifier>	MP_JM099_Signal_Lamp_1_INDEX_1	</identifier>
				<transform>
					<row0>	0.0697 0.0000 0.9976 0.0000	</row0>
					<row1>	0.0000 1.0000 0.0000 0.0000	</row1>
					<row2>	-0.9976 0.0000 0.0697 0.0000	</row2>
					<row3>	-0.7695 1.3647 7.3972 1.0000	</row3>
				</transform>
			</node>
			<node>
				<identifier>	MP_JM099_Signal_Lamp_1_INDEX_2	</identifier>
				<transform>
					<row0>	0.0697 0.0000 0.9976 0.0000	</row0>
					<row1>	0.0000 1.0000 0.0000 0.0000	</row1>
					<row2>	-0.9976 0.0000 0.0697 0.0000	</row2>
					<row3>	-0.8485 1.3647 6.2670 1.0000	</row3>
				</transform>
			</node>
			<node>
				<identifier>	MP_JM099_Signal_Lamp_1_INDEX_3	</identifier>
				<transform>
					<row0>	0.3462 0.0000 -0.9382 0.0000	</row0>
					<row1>	0.0000 1.0000 0.0000 0.0000	</row1>
					<row2>	0.9382 0.0000 0.3462 0.0000	</row2>
					<row3>	0.5235 1.3647 8.4183 1.0000	</row3>
				</transform>
			</node>
			<node>
				<identifier>	MP_JM099_Signal_Lamp_1_INDEX_4	</identifier>
				<transform>
					<row0>	0.3462 0.0000 0.9382 0.0000	</row0>
					<row1>	0.0000 1.0000 0.0000 0.0000	</row1>
					<row2>	-0.9382 0.0000 0.3462 0.0000	</row2>
					<row3>	-0.5235 1.3647 8.4183 1.0000	</row3>
				</transform>
			</node>
			<node>
				<identifier>	MP_JM099_Signal_Lamp_1_INDEX_5	</identifier>
				<transform>
					<row0>	0.0697 0.0000 -0.9976 0.0000	</row0>
					<row1>	0.0000 1.0000 0.0000 0.0000	</row1>
					<row2>	0.9976 0.0000 0.0697 0.0000	</row2>
					<row3>	0.7695 1.3647 7.3972 1.0000	</row3>
				</transform>
			</node>
			<node>
				<identifier>	MP_JM099_Signal_Lamp_1_INDEX_6	</identifier>
				<transform>
					<row0>	0.0697 0.0000 -0.9976 0.0000	</row0>
					<row1>	0.0000 1.0000 0.0000 0.0000	</row1>
					<row2>	0.9976 0.0000 0.0697 0.0000	</row2>
					<row3>	0.8485 1.3647 6.2670 1.0000	</row3>
				</transform>
			</node>
			<node>
				<identifier>	MP_JM107_Binocular_2	</identifier>
				<transform>
					<row0>	0.0000 0.0000 1.0000 0.0000	</row0>
					<row1>	0.0000 1.0000 0.0000 0.0000	</row1>
					<row2>	-1.0000 0.0000 0.0000 0.0000	</row2>
					<row3>	0.0000 0.6903 7.3454 1.0000	</row3>
				</transform>
			</node>
			<node>
				<identifier>	MP_JM117_Crew_Exercise_Machine	</identifier>
				<transform>
					<row0>	1.0000 0.0000 0.0000 0.0000	</row0>
					<row1>	0.0000 1.0000 0.0000 0.0000	</row1>
					<row2>	0.0000 0.0000 1.0000 0.0000	</row2>
					<row3>	0.1778 0.6903 7.1939 1.0000	</row3>
				</transform>
			</node>
			<node>
				<identifier>	MP_JM117_Crew_Exercise_Machine_INDEX_1	</identifier>
				<transform>
					<row0>	1.0000 0.0000 0.0000 0.0000	</row0>
					<row1>	0.0000 1.0000 0.0000 0.0000	</row1>
					<row2>	0.0000 0.0000 1.0000 0.0000	</row2>
					<row3>	-0.1778 0.6903 7.1939 1.0000	</row3>
				</transform>
			</node>
			<node>
				<identifier>	MP_JM179_Bench	</identifier>
				<transform>
					<row0>	0.6433 0.0000 0.2759 0.0000	</row0>
					<row1>	0.0000 1.0000 0.0000 0.0000	</row1>
					<row2>	-0.3941 0.0000 0.9191 0.0000	</row2>
					<row3>	0.9794 1.3060 5.4932 1.0000	</row3>
				</transform>
			</node>
			<node>
				<identifier>	MP_JM191_SanBox	</identifier>
				<transform>
					<row0>	0.0676 0.0000 -0.9977 0.0000	</row0>
					<row1>	0.0000 1.0000 0.0000 0.0000	</row1>
					<row2>	0.9977 0.0000 0.0676 0.0000	</row2>
					<row3>	0.9035 1.3065 5.4785 1.0000	</row3>
				</transform>
			</node>
			<node>
				<identifier>	MP_JM237_Speaker_tube_1	</identifier>
				<transform>
					<row0>	1.2800 0.0000 0.0000 0.0000	</row0>
					<row1>	0.0000 1.2800 0.0000 0.0000	</row1>
					<row2>	0.0000 0.0000 1.2800 0.0000	</row2>
					<row3>	0.0328 0.6891 7.3416 1.0000	</row3>
				</transform>
			</node>
			<node>
				<identifier>	MP_JM271_Telephone	</identifier>
				<transform>
					<row0>	0.3610 0.0000 0.9326 0.0000	</row0>
					<row1>	0.0000 1.0000 0.0000 0.0000	</row1>
					<row2>	-0.9326 0.0000 0.3610 0.0000	</row2>
					<row3>	0.7345 1.2237 5.8822 1.0000	</row3>
				</transform>
			</node>
			<node>
				<identifier>	MP_JM310_Chrysanthemum_full	</identifier>
				<transform>
					<row0>	1.0000 0.0000 0.0000 0.0000	</row0>
					<row1>	0.0000 1.0000 0.0000 0.0000	</row1>
					<row2>	0.0000 0.0000 1.0000 0.0000	</row2>
					<row3>	0.0000 0.5469 8.3977 1.0000	</row3>
				</transform>
			</node>
			<node>
				<identifier>	SP_YMS004_YHXL_L_1	</identifier>
				<transform>
					<row0>	0.8654 0.4812 -0.1401 0.0000	</row0>
					<row1>	-0.4860 0.8740 0.0000 0.0000	</row1>
					<row2>	0.1224 0.0681 0.9901 0.0000	</row2>
					<row3>	-0.1856 0.4060 7.6937 1.0000	</row3>
				</transform>
			</node>
			<node>
				<identifier>	SP_YMS005_YHXR_L_1	</identifier>
				<transform>
					<row0>	0.8654 -0.4812 0.1401 0.0000	</row0>
					<row1>	0.4860 0.8740 0.0000 0.0000	</row1>
					<row2>	-0.1224 0.0681 0.9901 0.0000	</row2>
					<row3>	0.1856 0.4060 7.6937 1.0000	</row3>
				</transform>
			</node>
			<node>
				<identifier>	SP_YMS006_YHBM_L_1	</identifier>
				<transform>
					<row0>	0.8521 0.0000 0.0000 0.0000	</row0>
					<row1>	0.0000 0.8211 0.2280 0.0000	</row1>
					<row2>	0.0000 -0.2280 0.8211 0.0000	</row2>
					<row3>	0.0000 0.4137 8.2942 1.0000	</row3>
				</transform>
			</node>
			<node>
				<identifier>	SP_YMS007_YHBL_L_1	</identifier>
				<transform>
					<row0>	0.9919 -0.0034 -0.1270 0.0000	</row0>
					<row1>	0.0000 0.9996 -0.0265 0.0000	</row1>
					<row2>	0.1270 0.0263 0.9916 0.0000	</row2>
					<row3>	0.0000 0.5325 8.3949 1.0000	</row3>
				</transform>
			</node>
			<node>
				<identifier>	SP_YMS008_YHBR_L_1	</identifier>
				<transform>
					<row0>	0.9919 0.0034 0.1270 0.0000	</row0>
					<row1>	0.0000 0.9996 -0.0265 0.0000	</row1>
					<row2>	-0.1270 0.0263 0.9916 0.0000	</row2>
					<row3>	0.0000 0.5325 8.3949 1.0000	</row3>
				</transform>
			</node>
			<node>
				<identifier>	SP_YMS011_YHWL_M_1_INDEX_12	</identifier>
				<transform>
					<row0>	0.9722 0.1734 -0.1574 0.0000	</row0>
					<row1>	-0.1715 0.9848 0.0260 0.0000	</row1>
					<row2>	0.1595 0.0017 0.9872 0.0000	</row2>
					<row3>	-0.2353 0.0000 6.5833 1.0000	</row3>
				</transform>
			</node>
			<node>
				<identifier>	SP_YMS011_YHWL_M_1_INDEX_13	</identifier>
				<transform>
					<row0>	0.9677 0.1723 -0.1838 0.0000	</row0>
					<row1>	-0.1691 0.9850 0.0333 0.0000	</row1>
					<row2>	0.1868 -0.0011 0.9824 0.0000	</row2>
					<row3>	-0.3861 0.0000 5.7494 1.0000	</row3>
				</transform>
			</node>
			<node>
				<identifier>	SP_YMS012_YHWR_M_1_INDEX_11	</identifier>
				<transform>
					<row0>	0.9722 -0.1734 0.1574 0.0000	</row0>
					<row1>	0.1715 0.9848 0.0260 0.0000	</row1>
					<row2>	-0.1595 0.0017 0.9872 0.0000	</row2>
					<row3>	0.2353 0.0000 6.5833 1.0000	</row3>
				</transform>
			</node>
			<node>
				<identifier>	SP_YMS012_YHWR_M_1_INDEX_6	</identifier>
				<transform>
					<row0>	0.9677 -0.1723 0.1838 0.0000	</row0>
					<row1>	0.1691 0.9850 0.0333 0.0000	</row1>
					<row2>	-0.1868 -0.0011 0.9824 0.0000	</row2>
					<row3>	0.3861 0.0000 5.7494 1.0000	</row3>
				</transform>
			</node>
			<node>
				<identifier>	SP_YMS013_YHWM_M_1	</identifier>
				<transform>
					<row0>	0.8041 0.0000 0.0000 0.0000	</row0>
					<row1>	0.0000 0.8041 0.0000 0.0000	</row1>
					<row2>	0.0000 0.0000 0.8041 0.0000	</row2>
					<row3>	0.0000 0.0000 8.0099 1.0000	</row3>
				</transform>
			</node>
			<node>
				<identifier>	SP_YMS020_YHBU_M_1	</identifier>
				<transform>
					<row0>	1.6116 0.0000 0.0000 0.0000	</row0>
					<row1>	0.0000 1.6116 0.0000 0.0000	</row1>
					<row2>	0.0000 0.0000 1.6116 0.0000	</row2>
					<row3>	0.0000 0.0000 7.6962 1.0000	</row3>
				</transform>
			</node>
			<node>
				<identifier>	SP_YMS055_YHDB_M_1	</identifier>
				<transform>
					<row0>	0.9169 0.0000 0.0000 0.0000	</row0>
					<row1>	0.0000 0.9169 0.0000 0.0000	</row1>
					<row2>	0.0000 0.0000 0.9169 0.0000	</row2>
					<row3>	0.0000 1.3684 7.0951 1.0000	</row3>
				</transform>
			</node>
			<node>
				<identifier>	SP_YMS057_YHDH_M_1_INDEX_2	</identifier>
				<transform>
					<row0>	0.9286 0.0000 0.0000 0.0000	</row0>
					<row1>	0.0000 1.0000 0.0000 0.0000	</row1>
					<row2>	0.0000 0.0000 0.9286 0.0000	</row2>
					<row3>	0.2312 1.3684 4.9312 1.0000	</row3>
				</transform>
			</node>
			<node>
				<identifier>	SP_YMS082_YHSC_M_1	</identifier>
				<transform>
					<row0>	-0.1228 -0.0086 -0.9924 0.0000	</row0>
					<row1>	-0.0697 0.9976 0.0000 0.0000	</row1>
					<row2>	0.9900 0.0692 -0.1231 0.0000	</row2>
					<row3>	-0.7922 0.8219 6.1503 1.0000	</row3>
				</transform>
			</node>
			<node>
				<identifier>	SP_YMS082_YHSC_M_1_INDEX_1	</identifier>
				<transform>
					<row0>	-0.1228 0.0086 0.9924 0.0000	</row0>
					<row1>	0.0697 0.9976 0.0000 0.0000	</row1>
					<row2>	-0.9900 0.0692 -0.1231 0.0000	</row2>
					<row3>	0.7922 0.7558 6.1503 1.0000	</row3>
				</transform>
			</node>
			<node>
				<identifier>	SP_YMS082_YHSC_M_1_INDEX_2	</identifier>
				<transform>
					<row0>	-0.1228 0.0086 0.9924 0.0000	</row0>
					<row1>	0.0697 0.9976 0.0000 0.0000	</row1>
					<row2>	-0.9900 0.0692 -0.1231 0.0000	</row2>
					<row3>	0.8143 0.9681 6.1503 1.0000	</row3>
				</transform>
			</node>
			<node>
				<identifier>	SP_YMS083_YHSC_L_1	</identifier>
				<transform>
					<row0>	-0.7802 0.0000 -0.3661 0.0000	</row0>
					<row1>	0.0211 0.8603 -0.0450 0.0000	</row1>
					<row2>	0.3655 -0.0497 -0.7789 0.0000	</row2>
					<row3>	-0.3315 1.1673 6.7567 1.0000	</row3>
				</transform>
			</node>
			<node>
				<identifier>	SP_YMS083_YHSC_L_1_INDEX_1	</identifier>
				<transform>
					<row0>	-0.0742 0.0000 -0.9972 0.0000	</row0>
					<row1>	0.0000 1.0000 0.0000 0.0000	</row1>
					<row2>	0.9972 0.0000 -0.0742 0.0000	</row2>
					<row3>	-0.8237 1.3157 6.2071 1.0000	</row3>
				</transform>
			</node>
			<node>
				<identifier>	SP_YMS083_YHSC_L_1_INDEX_2	</identifier>
				<transform>
					<row0>	-0.0960 -0.0011 -0.9954 0.0000	</row0>
					<row1>	-0.0119 0.9999 0.0000 0.0000	</row1>
					<row2>	0.9953 0.0118 -0.0960 0.0000	</row2>
					<row3>	-0.8768 0.9486 5.4826 1.0000	</row3>
				</transform>
			</node>
			<node>
				<identifier>	SP_YMS083_YHSC_L_1_INDEX_3	</identifier>
				<transform>
					<row0>	-0.0863 0.0010 0.8952 0.0000	</row0>
					<row1>	0.0107 0.8993 0.0000 0.0000	</row1>
					<row2>	-0.8952 0.0106 -0.0863 0.0000	</row2>
					<row3>	0.8828 1.0157 5.3611 1.0000	</row3>
				</transform>
			</node>
			<node>
				<identifier>	SP_YMS084_YHSC_L_2	</identifier>
				<transform>
					<row0>	-0.0742 0.0000 -0.9972 0.0000	</row0>
					<row1>	0.0000 1.0000 0.0000 0.0000	</row1>
					<row2>	0.9972 0.0000 -0.0742 0.0000	</row2>
					<row3>	-0.8818 1.3157 5.4873 1.0000	</row3>
				</transform>
			</node>
		</node>
	</node>
	<boundingBox>
		<min>	-0.0667 -0.0667 -0.0667	</min>
		<max>	0.0667 0.0667 0.0667	</max>
	</boundingBox>
</JSA005_Kaga_1942_Bow_ports.visual>
