<GSB031_Von_der_Tann_1918_MidFront_ports.visual>
	<node>
		<identifier>	Scene Root	</identifier>
		<transform>
			<row0>	1.0000 0.0000 0.0000 0.0000	</row0>
			<row1>	0.0000 1.0000 0.0000 0.0000	</row1>
			<row2>	0.0000 0.0000 1.0000 0.0000	</row2>
			<row3>	0.0000 0.0000 0.0000 1.0000	</row3>
		</transform>
		<node>
			<identifier>	MidFront_ports	</identifier>
			<transform>
				<row0>	1.0000 0.0000 0.0000 0.0000	</row0>
				<row1>	0.0000 1.0000 0.0000 0.0000	</row1>
				<row2>	0.0000 0.0000 1.0000 0.0000	</row2>
				<row3>	0.0000 0.0000 0.0000 1.0000	</row3>
			</transform>
			<node>
				<identifier>	HP_FX_Death_1	</identifier>
				<transform>
					<row0>	1.0000 0.0000 0.0000 0.0000	</row0>
					<row1>	0.0000 1.0000 0.0000 0.0000	</row1>
					<row2>	0.0000 0.0000 1.0000 0.0000	</row2>
					<row3>	0.0000 0.0000 2.7000 1.0000	</row3>
				</transform>
			</node>
			<node>
				<identifier>	HP_FX_Fire_2	</identifier>
				<transform>
					<row0>	1.0000 0.0000 0.0000 0.0000	</row0>
					<row1>	0.0000 1.0000 0.0000 0.0000	</row1>
					<row2>	0.0000 0.0000 1.0000 0.0000	</row2>
					<row3>	-0.3300 0.2793 1.2336 1.0000	</row3>
				</transform>
			</node>
			<node>
				<identifier>	HP_FX_Fire_2_side_1	</identifier>
				<transform>
					<row0>	0.8246 0.0000 -0.5657 0.0000	</row0>
					<row1>	0.0000 1.0000 0.0000 0.0000	</row1>
					<row2>	0.5657 0.0000 0.8246 0.0000	</row2>
					<row3>	-0.5618 0.2745 2.4569 1.0000	</row3>
				</transform>
			</node>
			<node>
				<identifier>	HP_FX_Fire_2_side_2	</identifier>
				<transform>
					<row0>	0.6019 0.0000 0.7985 0.0000	</row0>
					<row1>	0.0000 1.0000 0.0000 0.0000	</row1>
					<row2>	-0.7985 0.0000 0.6019 0.0000	</row2>
					<row3>	0.3065 0.6670 2.0271 1.0000	</row3>
				</transform>
			</node>
			<node>
				<identifier>	HP_FX_FloodLight_left_2	</identifier>
				<transform>
					<row0>	-0.9394 0.0000 0.3427 0.0000	</row0>
					<row1>	0.0000 1.0000 0.0000 0.0000	</row1>
					<row2>	-0.3427 0.0000 -0.9394 0.0000	</row2>
					<row3>	-0.2760 0.5490 2.4270 1.0000	</row3>
				</transform>
			</node>
			<node>
				<identifier>	HP_FX_FloodLight_right_2	</identifier>
				<transform>
					<row0>	0.9252 0.0000 0.3794 0.0000	</row0>
					<row1>	0.0000 1.0000 0.0000 0.0000	</row1>
					<row2>	-0.3794 0.0000 0.9252 0.0000	</row2>
					<row3>	0.2760 0.5490 2.4270 1.0000	</row3>
				</transform>
			</node>
			<node>
				<identifier>	HP_FX_Flood_steam_1	</identifier>
				<transform>
					<row0>	0.9367 0.3460 -0.0527 0.0000	</row0>
					<row1>	-0.3497 0.9316 -0.0991 0.0000	</row1>
					<row2>	0.0148 0.1113 0.9937 0.0000	</row2>
					<row3>	-0.0584 1.2024 1.7541 1.0000	</row3>
				</transform>
			</node>
			<node>
				<identifier>	HP_FX_Flood_steam_2	</identifier>
				<transform>
					<row0>	0.9379 -0.3460 0.0248 0.0000	</row0>
					<row1>	0.3466 0.9316 -0.1095 0.0000	</row1>
					<row2>	0.0148 0.1113 0.9937 0.0000	</row2>
					<row3>	0.0585 1.2020 1.7554 1.0000	</row3>
				</transform>
			</node>
			<node>
				<identifier>	HP_FX_Flood_steam_left	</identifier>
				<transform>
					<row0>	-0.9889 0.0000 0.1486 0.0000	</row0>
					<row1>	0.0000 1.0000 0.0000 0.0000	</row1>
					<row2>	-0.1486 0.0000 -0.9889 0.0000	</row2>
					<row3>	-0.6516 0.2331 2.6143 1.0000	</row3>
				</transform>
			</node>
			<node>
				<identifier>	HP_FX_Flood_water_left_2	</identifier>
				<transform>
					<row0>	-1.0000 0.0000 0.0000 0.0000	</row0>
					<row1>	0.0000 1.0000 0.0000 0.0000	</row1>
					<row2>	0.0000 0.0000 -1.0000 0.0000	</row2>
					<row3>	-0.8709 0.0527 0.3047 1.0000	</row3>
				</transform>
			</node>
			<node>
				<identifier>	HP_FX_Flood_water_left_3	</identifier>
				<transform>
					<row0>	-0.9962 0.0000 0.0869 0.0000	</row0>
					<row1>	0.0000 1.0000 0.0000 0.0000	</row1>
					<row2>	-0.0869 0.0000 -0.9962 0.0000	</row2>
					<row3>	-0.7677 0.0561 1.6935 1.0000	</row3>
				</transform>
			</node>
			<node>
				<identifier>	HP_FX_Flood_water_right_3	</identifier>
				<transform>
					<row0>	1.0000 0.0000 0.0000 0.0000	</row0>
					<row1>	0.0000 1.0000 0.0000 0.0000	</row1>
					<row2>	0.0000 0.0000 1.0000 0.0000	</row2>
					<row3>	0.7703 0.0554 1.6930 1.0000	</row3>
				</transform>
			</node>
			<node>
				<identifier>	HP_FX_RepairLight_left_1	</identifier>
				<transform>
					<row0>	-0.0848 0.0000 0.9964 0.0000	</row0>
					<row1>	-0.0017 1.0000 -0.0001 0.0000	</row1>
					<row2>	-0.9964 -0.0017 -0.0848 0.0000	</row2>
					<row3>	-0.5063 0.4378 3.2518 1.0000	</row3>
				</transform>
			</node>
			<node>
				<identifier>	HP_FX_RepairLight_right_2	</identifier>
				<transform>
					<row0>	0.1277 0.0000 -0.9918 0.0000	</row0>
					<row1>	0.0000 1.0000 0.0000 0.0000	</row1>
					<row2>	0.9918 0.0000 0.1277 0.0000	</row2>
					<row3>	0.5165 0.4425 3.8205 1.0000	</row3>
				</transform>
			</node>
			<node>
				<identifier>	HP_FX_Smoke_1	</identifier>
				<transform>
					<row0>	0.9986 -0.0533 0.0000 0.0000	</row0>
					<row1>	0.0533 0.9986 0.0000 0.0000	</row1>
					<row2>	0.0000 0.0000 1.0000 0.0000	</row2>
					<row3>	0.0000 1.1477 1.6274 1.0000	</row3>
				</transform>
			</node>
			<node>
				<identifier>	HP_Flagpole	</identifier>
				<transform>
					<row0>	-1.0000 0.0000 0.0000 0.0000	</row0>
					<row1>	0.0000 1.0000 0.0000 0.0000	</row1>
					<row2>	0.0000 0.0000 -1.0000 0.0000	</row2>
					<row3>	0.0000 2.8149 1.9773 1.0000	</row3>
				</transform>
			</node>
			<node>
				<identifier>	HP_GF_1	</identifier>
				<transform>
					<row0>	1.0000 0.0000 0.0000 0.0000	</row0>
					<row1>	0.0000 1.0000 0.0000 0.0000	</row1>
					<row2>	0.0000 0.0000 1.0000 0.0000	</row2>
					<row3>	0.0000 0.8399 2.5669 1.0000	</row3>
				</transform>
			</node>
			<node>
				<identifier>	HP_GGA_1	</identifier>
				<transform>
					<row0>	0.0000 0.0000 1.0000 0.0000	</row0>
					<row1>	0.0000 1.0000 0.0000 0.0000	</row1>
					<row2>	-1.0000 0.0000 0.0000 0.0000	</row2>
					<row3>	-0.3591 0.9208 2.0453 1.0000	</row3>
				</transform>
			</node>
			<node>
				<identifier>	HP_GGA_2	</identifier>
				<transform>
					<row0>	0.0000 0.0000 -1.0000 0.0000	</row0>
					<row1>	0.0000 1.0000 0.0000 0.0000	</row1>
					<row2>	1.0000 0.0000 0.0000 0.0000	</row2>
					<row3>	0.3592 0.9208 2.0453 1.0000	</row3>
				</transform>
			</node>
			<node>
				<identifier>	HP_GGA_3	</identifier>
				<transform>
					<row0>	0.0000 0.0000 1.0000 0.0000	</row0>
					<row1>	0.0000 1.0000 0.0000 0.0000	</row1>
					<row2>	-1.0000 0.0000 0.0000 0.0000	</row2>
					<row3>	-0.6859 0.2745 2.0028 1.0000	</row3>
				</transform>
			</node>
			<node>
				<identifier>	HP_GGA_4	</identifier>
				<transform>
					<row0>	0.0000 0.0000 -1.0000 0.0000	</row0>
					<row1>	0.0000 1.0000 0.0000 0.0000	</row1>
					<row2>	1.0000 0.0000 0.0000 0.0000	</row2>
					<row3>	0.6859 0.2745 2.0028 1.0000	</row3>
				</transform>
			</node>
			<node>
				<identifier>	HP_GGM_1	</identifier>
				<transform>
					<row0>	1.0000 0.0000 0.0000 0.0000	</row0>
					<row1>	0.0000 1.0000 0.0000 0.0000	</row1>
					<row2>	0.0000 0.0000 1.0000 0.0000	</row2>
					<row3>	0.0000 0.5336 3.2402 1.0000	</row3>
				</transform>
			</node>
			<node>
				<identifier>	HP_GGM_2	</identifier>
				<transform>
					<row0>	1.0000 0.0000 0.0000 0.0000	</row0>
					<row1>	0.0000 1.0000 0.0000 0.0000	</row1>
					<row2>	0.0000 0.0000 1.0000 0.0000	</row2>
					<row3>	0.4457 0.3978 0.6326 1.0000	</row3>
				</transform>
			</node>
			<node>
				<identifier>	HP_GGS_1	</identifier>
				<transform>
					<row0>	0.9806 0.0000 0.1960 0.0000	</row0>
					<row1>	0.0000 1.0000 0.0000 0.0000	</row1>
					<row2>	-0.1960 0.0000 0.9806 0.0000	</row2>
					<row3>	-0.7454 0.1819 1.0616 1.0000	</row3>
				</transform>
			</node>
			<node>
				<identifier>	HP_GGS_2	</identifier>
				<transform>
					<row0>	0.9806 0.0000 -0.1960 0.0000	</row0>
					<row1>	0.0000 1.0000 0.0000 0.0000	</row1>
					<row2>	0.1960 0.0000 0.9806 0.0000	</row2>
					<row3>	0.7454 0.1819 1.0616 1.0000	</row3>
				</transform>
			</node>
			<node>
				<identifier>	HP_GGS_3	</identifier>
				<transform>
					<row0>	0.9794 0.0000 0.2018 0.0000	</row0>
					<row1>	0.0000 1.0000 0.0000 0.0000	</row1>
					<row2>	-0.2018 0.0000 0.9794 0.0000	</row2>
					<row3>	-0.7917 0.1787 0.5075 1.0000	</row3>
				</transform>
			</node>
			<node>
				<identifier>	HP_GGS_4	</identifier>
				<transform>
					<row0>	0.9794 0.0000 -0.2018 0.0000	</row0>
					<row1>	0.0000 1.0000 0.0000 0.0000	</row1>
					<row2>	0.2018 0.0000 0.9794 0.0000	</row2>
					<row3>	0.7960 0.1787 0.2449 1.0000	</row3>
				</transform>
			</node>
			<node>
				<identifier>	HP_flag_1	</identifier>
				<transform>
					<row0>	0.9758 -0.2185 -0.0087 0.0000	</row0>
					<row1>	0.2185 0.9726 0.0788 0.0000	</row1>
					<row2>	-0.0087 -0.0788 0.9969 0.0000	</row2>
					<row3>	0.5116 2.0369 1.9477 1.0000	</row3>
				</transform>
			</node>
			<node>
				<identifier>	HP_flag_2	</identifier>
				<transform>
					<row0>	0.9758 0.2185 0.0087 0.0000	</row0>
					<row1>	-0.2185 0.9726 0.0788 0.0000	</row1>
					<row2>	0.0087 -0.0788 0.9969 0.0000	</row2>
					<row3>	-0.5116 2.0369 1.9477 1.0000	</row3>
				</transform>
			</node>
			<node>
				<identifier>	HP_flag_3	</identifier>
				<transform>
					<row0>	0.9998 -0.0203 -0.0004 0.0000	</row0>
					<row1>	0.0203 0.9991 0.0374 0.0000	</row1>
					<row2>	-0.0004 -0.0374 0.9993 0.0000	</row2>
					<row3>	0.2637 2.0349 1.9504 1.0000	</row3>
				</transform>
			</node>
			<node>
				<identifier>	HP_flag_4	</identifier>
				<transform>
					<row0>	0.9998 0.0203 0.0004 0.0000	</row0>
					<row1>	-0.0203 0.9991 0.0374 0.0000	</row1>
					<row2>	0.0004 -0.0374 0.9993 0.0000	</row2>
					<row3>	-0.2637 2.0349 1.9504 1.0000	</row3>
				</transform>
			</node>
			<node>
				<identifier>	HP_flag_courtesy	</identifier>
				<transform>
					<row0>	0.9637 -0.2667 0.0159 0.0000	</row0>
					<row1>	0.2667 0.9567 -0.1169 0.0000	</row1>
					<row2>	0.0159 0.1169 0.9930 0.0000	</row2>
					<row3>	0.6661 2.0974 1.7814 1.0000	</row3>
				</transform>
			</node>
			<node>
				<identifier>	HP_flag_house	</identifier>
				<transform>
					<row0>	0.9637 0.2667 -0.0159 0.0000	</row0>
					<row1>	-0.2667 0.9567 -0.1169 0.0000	</row1>
					<row2>	-0.0159 0.1169 0.9930 0.0000	</row2>
					<row3>	-0.6661 2.0974 1.7814 1.0000	</row3>
				</transform>
			</node>
			<node>
				<identifier>	HP_flag_rank	</identifier>
				<transform>
					<row0>	1.0000 0.0000 0.0000 0.0000	</row0>
					<row1>	0.0000 1.0000 0.0034 0.0000	</row1>
					<row2>	0.0000 -0.0034 1.0000 0.0000	</row2>
					<row3>	0.0000 2.8818 1.9558 1.0000	</row3>
				</transform>
			</node>
			<node>
				<identifier>	MP_CM011_Fire_Fighting_Gear	</identifier>
				<transform>
					<row0>	0.0000 0.0000 1.0000 0.0000	</row0>
					<row1>	0.0000 1.0000 0.0000 0.0000	</row1>
					<row2>	-1.0000 0.0000 0.0000 0.0000	</row2>
					<row3>	0.2971 0.2810 1.5385 1.0000	</row3>
				</transform>
			</node>
			<node>
				<identifier>	MP_CM011_Fire_Fighting_Gear_INDEX_1	</identifier>
				<transform>
					<row0>	0.0000 0.0000 -1.0000 0.0000	</row0>
					<row1>	0.0000 1.0000 0.0000 0.0000	</row1>
					<row2>	1.0000 0.0000 0.0000 0.0000	</row2>
					<row3>	-0.1202 0.6518 2.2867 1.0000	</row3>
				</transform>
			</node>
			<node>
				<identifier>	MP_CM011_Fire_Fighting_Gear_INDEX_2	</identifier>
				<transform>
					<row0>	0.0000 0.0000 1.0000 0.0000	</row0>
					<row1>	0.0000 1.0000 0.0000 0.0000	</row1>
					<row2>	-1.0000 0.0000 0.0000 0.0000	</row2>
					<row3>	0.1202 0.6518 2.2867 1.0000	</row3>
				</transform>
			</node>
			<node>
				<identifier>	MP_CM011_Fire_Fighting_Gear_INDEX_3	</identifier>
				<transform>
					<row0>	0.0000 0.0000 -1.0000 0.0000	</row0>
					<row1>	0.0000 1.0000 0.0000 0.0000	</row1>
					<row2>	1.0000 0.0000 0.0000 0.0000	</row2>
					<row3>	-0.2779 0.2810 1.5448 1.0000	</row3>
				</transform>
			</node>
			<node>
				<identifier>	MP_CM040_Steering_Wheel	</identifier>
				<transform>
					<row0>	1.0000 0.0000 0.0000 0.0000	</row0>
					<row1>	0.0000 1.0000 0.0000 0.0000	</row1>
					<row2>	0.0000 0.0000 1.0000 0.0000	</row2>
					<row3>	0.0000 0.9997 2.3221 1.0000	</row3>
				</transform>
			</node>
			<node>
				<identifier>	MP_CM052_Fender	</identifier>
				<transform>
					<row0>	0.6596 0.0000 -0.2344 0.0000	</row0>
					<row1>	0.0000 0.7000 0.0000 0.0000	</row1>
					<row2>	0.2344 0.0000 0.6596 0.0000	</row2>
					<row3>	0.0842 0.4821 2.7719 1.0000	</row3>
				</transform>
			</node>
			<node>
				<identifier>	MP_CM052_Fender_INDEX_1	</identifier>
				<transform>
					<row0>	0.6596 0.0000 0.2344 0.0000	</row0>
					<row1>	0.0000 0.7000 0.0000 0.0000	</row1>
					<row2>	-0.2344 0.0000 0.6596 0.0000	</row2>
					<row3>	-0.0842 0.4821 2.7719 1.0000	</row3>
				</transform>
			</node>
			<node>
				<identifier>	MP_CM052_Fender_INDEX_2	</identifier>
				<transform>
					<row0>	0.6986 0.0000 -0.0444 0.0000	</row0>
					<row1>	0.0000 0.7000 0.0000 0.0000	</row1>
					<row2>	0.0444 0.0000 0.6986 0.0000	</row2>
					<row3>	0.0313 0.4821 2.7863 1.0000	</row3>
				</transform>
			</node>
			<node>
				<identifier>	MP_CM052_Fender_INDEX_3	</identifier>
				<transform>
					<row0>	0.6986 0.0000 0.0444 0.0000	</row0>
					<row1>	0.0000 0.7000 0.0000 0.0000	</row1>
					<row2>	-0.0444 0.0000 0.6986 0.0000	</row2>
					<row3>	-0.0313 0.4821 2.7863 1.0000	</row3>
				</transform>
			</node>
			<node>
				<identifier>	MP_CM056_Ships_bell	</identifier>
				<transform>
					<row0>	1.5264 0.0000 0.0000 0.0000	</row0>
					<row1>	0.0000 1.5264 0.0000 0.0000	</row1>
					<row2>	0.0000 0.0000 1.5264 0.0000	</row2>
					<row3>	0.0000 0.4883 1.2931 1.0000	</row3>
				</transform>
			</node>
			<node>
				<identifier>	MP_CM059_Ladder_Cruiser	</identifier>
				<transform>
					<row0>	0.9949 0.0072 -0.1010 0.0000	</row0>
					<row1>	-0.0070 1.0000 0.0027 0.0000	</row1>
					<row2>	0.1011 -0.0020 0.9949 0.0000	</row2>
					<row3>	-0.6688 0.2746 1.8515 1.0000	</row3>
				</transform>
			</node>
			<node>
				<identifier>	MP_CM060_Flag_Box	</identifier>
				<transform>
					<row0>	0.0000 0.0000 1.0000 0.0000	</row0>
					<row1>	0.0000 1.0000 0.0000 0.0000	</row1>
					<row2>	-1.0000 0.0000 0.0000 0.0000	</row2>
					<row3>	0.2316 0.7840 1.8756 1.0000	</row3>
				</transform>
			</node>
			<node>
				<identifier>	MP_CM060_Flag_Box_INDEX_1	</identifier>
				<transform>
					<row0>	0.0000 0.0000 -1.0000 0.0000	</row0>
					<row1>	0.0000 1.0000 0.0000 0.0000	</row1>
					<row2>	1.0000 0.0000 0.0000 0.0000	</row2>
					<row3>	-0.2316 0.7840 1.8756 1.0000	</row3>
				</transform>
			</node>
			<node>
				<identifier>	MP_CM082_Rope	</identifier>
				<transform>
					<row0>	0.0000 -0.0940 -0.9443 0.0000	</row0>
					<row1>	0.0000 0.7346 -0.0731 0.0000	</row1>
					<row2>	0.9489 0.0000 0.0000 0.0000	</row2>
					<row3>	0.2998 0.7189 1.9506 1.0000	</row3>
				</transform>
			</node>
			<node>
				<identifier>	MP_CM082_Rope_INDEX_1	</identifier>
				<transform>
					<row0>	0.0675 0.3174 0.9459 0.0000	</row0>
					<row1>	-0.0745 0.9470 -0.3125 0.0000	</row1>
					<row2>	-0.9949 -0.0493 0.0876 0.0000	</row2>
					<row3>	0.2797 0.7177 1.9510 1.0000	</row3>
				</transform>
			</node>
			<node>
				<identifier>	MP_CM082_Rope_INDEX_2	</identifier>
				<transform>
					<row0>	0.0000 0.0000 1.0000 0.0000	</row0>
					<row1>	0.0000 1.0000 0.0000 0.0000	</row1>
					<row2>	-1.0000 0.0000 0.0000 0.0000	</row2>
					<row3>	0.1871 0.9775 1.9669 1.0000	</row3>
				</transform>
			</node>
			<node>
				<identifier>	MP_CM082_Rope_INDEX_3	</identifier>
				<transform>
					<row0>	0.0000 0.0940 0.9443 0.0000	</row0>
					<row1>	0.0000 0.7346 -0.0731 0.0000	</row1>
					<row2>	-0.9489 0.0000 0.0000 0.0000	</row2>
					<row3>	-0.2998 0.7189 1.9506 1.0000	</row3>
				</transform>
			</node>
			<node>
				<identifier>	MP_CM082_Rope_INDEX_4	</identifier>
				<transform>
					<row0>	0.0675 -0.3174 -0.9459 0.0000	</row0>
					<row1>	0.0745 0.9470 -0.3125 0.0000	</row1>
					<row2>	0.9949 -0.0493 0.0876 0.0000	</row2>
					<row3>	-0.2797 0.7177 1.9510 1.0000	</row3>
				</transform>
			</node>
			<node>
				<identifier>	MP_CM092_Siren	</identifier>
				<transform>
					<row0>	0.0000 0.0000 1.0000 0.0000	</row0>
					<row1>	0.0000 1.0000 0.0000 0.0000	</row1>
					<row2>	-1.0000 0.0000 0.0000 0.0000	</row2>
					<row3>	-0.1330 1.0449 1.6785 1.0000	</row3>
				</transform>
			</node>
			<node>
				<identifier>	MP_CM117_Ladder_Cruiser_L	</identifier>
				<transform>
					<row0>	0.9949 -0.0072 0.1010 0.0000	</row0>
					<row1>	0.0070 1.0000 0.0027 0.0000	</row1>
					<row2>	-0.1011 -0.0020 0.9949 0.0000	</row2>
					<row3>	0.6687 0.2746 1.8515 1.0000	</row3>
				</transform>
			</node>
			<node>
				<identifier>	MP_CM118_Siren	</identifier>
				<transform>
					<row0>	0.8764 0.0000 0.4816 0.0000	</row0>
					<row1>	0.0000 1.0000 0.0000 0.0000	</row1>
					<row2>	-0.4816 0.0000 0.8764 0.0000	</row2>
					<row3>	0.1354 1.0569 1.6715 1.0000	</row3>
				</transform>
			</node>
			<node>
				<identifier>	MP_GM015_Clock	</identifier>
				<transform>
					<row0>	-1.0000 0.0000 0.0000 0.0000	</row0>
					<row1>	0.0000 1.0000 0.0000 0.0000	</row1>
					<row2>	0.0000 0.0000 -1.0000 0.0000	</row2>
					<row3>	-0.0468 0.4395 1.3361 1.0000	</row3>
				</transform>
			</node>
			<node>
				<identifier>	MP_GM016_Sleeve	</identifier>
				<transform>
					<row0>	0.0000 0.0000 1.0000 0.0000	</row0>
					<row1>	0.0000 1.0000 0.0000 0.0000	</row1>
					<row2>	-1.0000 0.0000 0.0000 0.0000	</row2>
					<row3>	-0.2515 0.3836 1.5587 1.0000	</row3>
				</transform>
			</node>
			<node>
				<identifier>	MP_GM016_Sleeve_INDEX_1	</identifier>
				<transform>
					<row0>	0.0000 0.0000 -1.0000 0.0000	</row0>
					<row1>	0.0000 1.0000 0.0000 0.0000	</row1>
					<row2>	1.0000 0.0000 0.0000 0.0000	</row2>
					<row3>	0.2515 0.3836 1.5587 1.0000	</row3>
				</transform>
			</node>
			<node>
				<identifier>	MP_GM016_Sleeve_INDEX_2	</identifier>
				<transform>
					<row0>	0.0000 0.0000 1.0000 0.0000	</row0>
					<row1>	0.0000 1.0000 0.0000 0.0000	</row1>
					<row2>	-1.0000 0.0000 0.0000 0.0000	</row2>
					<row3>	-0.1145 0.7361 2.2698 1.0000	</row3>
				</transform>
			</node>
			<node>
				<identifier>	MP_GM016_Sleeve_INDEX_3	</identifier>
				<transform>
					<row0>	0.0000 0.0000 -1.0000 0.0000	</row0>
					<row1>	0.0000 1.0000 0.0000 0.0000	</row1>
					<row2>	1.0000 0.0000 0.0000 0.0000	</row2>
					<row3>	0.1145 0.7361 2.2698 1.0000	</row3>
				</transform>
			</node>
			<node>
				<identifier>	MP_GM028_Compass_Binnacle	</identifier>
				<transform>
					<row0>	1.0000 0.0000 0.0000 0.0000	</row0>
					<row1>	0.0000 1.0000 0.0000 0.0000	</row1>
					<row2>	0.0000 0.0000 1.0000 0.0000	</row2>
					<row3>	0.0000 0.9997 2.3860 1.0000	</row3>
				</transform>
			</node>
			<node>
				<identifier>	MP_GM035_LifeBuoy_Mount	</identifier>
				<transform>
					<row0>	0.0000 0.0000 -1.0000 0.0000	</row0>
					<row1>	0.0000 1.0000 0.0000 0.0000	</row1>
					<row2>	1.0000 0.0000 0.0000 0.0000	</row2>
					<row3>	0.3380 0.6877 1.9517 1.0000	</row3>
				</transform>
			</node>
			<node>
				<identifier>	MP_GM035_LifeBuoy_Mount_INDEX_1	</identifier>
				<transform>
					<row0>	1.0000 0.0000 0.0000 0.0000	</row0>
					<row1>	0.0000 1.0000 0.0000 0.0000	</row1>
					<row2>	0.0000 0.0000 1.0000 0.0000	</row2>
					<row3>	-0.2515 0.4049 1.7247 1.0000	</row3>
				</transform>
			</node>
			<node>
				<identifier>	MP_GM035_LifeBuoy_Mount_INDEX_2	</identifier>
				<transform>
					<row0>	-1.0000 0.0000 0.0000 0.0000	</row0>
					<row1>	0.0000 1.0000 0.0000 0.0000	</row1>
					<row2>	0.0000 0.0000 -1.0000 0.0000	</row2>
					<row3>	0.2515 0.4049 1.7247 1.0000	</row3>
				</transform>
			</node>
			<node>
				<identifier>	MP_GM035_LifeBuoy_Mount_INDEX_3	</identifier>
				<transform>
					<row0>	0.0000 0.0000 -1.0000 0.0000	</row0>
					<row1>	0.0000 1.0000 0.0000 0.0000	</row1>
					<row2>	1.0000 0.0000 0.0000 0.0000	</row2>
					<row3>	-0.3380 0.6877 1.9517 1.0000	</row3>
				</transform>
			</node>
			<node>
				<identifier>	MP_GM065_Firelead	</identifier>
				<transform>
					<row0>	0.6957 0.0000 0.0777 0.0000	</row0>
					<row1>	0.0000 0.7000 0.0000 0.0000	</row1>
					<row2>	-0.0777 0.0000 0.6957 0.0000	</row2>
					<row3>	0.7331 0.2722 1.8086 1.0000	</row3>
				</transform>
			</node>
			<node>
				<identifier>	MP_GM065_Firelead_INDEX_1	</identifier>
				<transform>
					<row0>	0.6957 0.0000 -0.0777 0.0000	</row0>
					<row1>	0.0000 0.7000 0.0000 0.0000	</row1>
					<row2>	0.0777 0.0000 0.6957 0.0000	</row2>
					<row3>	-0.7331 0.2722 1.8086 1.0000	</row3>
				</transform>
			</node>
			<node>
				<identifier>	MP_GM065_Firelead_INDEX_2	</identifier>
				<transform>
					<row0>	0.9913 0.0000 0.1314 0.0000	</row0>
					<row1>	0.0000 1.0000 0.0000 0.0000	</row1>
					<row2>	-0.1314 0.0000 0.9913 0.0000	</row2>
					<row3>	0.5049 0.4382 3.7588 1.0000	</row3>
				</transform>
			</node>
			<node>
				<identifier>	MP_GM065_Firelead_INDEX_3	</identifier>
				<transform>
					<row0>	0.9913 0.0000 -0.1314 0.0000	</row0>
					<row1>	0.0000 1.0000 0.0000 0.0000	</row1>
					<row2>	0.1314 0.0000 0.9913 0.0000	</row2>
					<row3>	-0.5049 0.4382 3.7588 1.0000	</row3>
				</transform>
			</node>
			<node>
				<identifier>	MP_GM600_Switch_Box_1	</identifier>
				<transform>
					<row0>	-0.4515 0.0000 0.8923 0.0000	</row0>
					<row1>	0.0000 1.0000 0.0000 0.0000	</row1>
					<row2>	-0.8923 0.0000 -0.4515 0.0000	</row2>
					<row3>	0.1264 0.7474 2.7547 1.0000	</row3>
				</transform>
			</node>
			<node>
				<identifier>	MP_GM605_Indicator	</identifier>
				<transform>
					<row0>	-1.0000 0.0000 0.0000 0.0000	</row0>
					<row1>	0.0000 1.0000 0.0000 0.0000	</row1>
					<row2>	0.0000 0.0000 -1.0000 0.0000	</row2>
					<row3>	-0.0330 0.7527 2.8046 1.0000	</row3>
				</transform>
			</node>
			<node>
				<identifier>	MP_GM605_Indicator_INDEX_1	</identifier>
				<transform>
					<row0>	-1.0000 0.0000 0.0000 0.0000	</row0>
					<row1>	0.0000 1.0000 0.0000 0.0000	</row1>
					<row2>	0.0000 0.0000 -1.0000 0.0000	</row2>
					<row3>	0.0220 0.7517 2.8041 1.0000	</row3>
				</transform>
			</node>
			<node>
				<identifier>	MP_GM607_Manometer	</identifier>
				<transform>
					<row0>	-1.0000 0.0000 0.0000 0.0000	</row0>
					<row1>	0.0000 1.0000 0.0000 0.0000	</row1>
					<row2>	0.0000 0.0000 -1.0000 0.0000	</row2>
					<row3>	-0.0133 0.7534 2.8042 1.0000	</row3>
				</transform>
			</node>
			<node>
				<identifier>	MP_GM607_Manometer_INDEX_1	</identifier>
				<transform>
					<row0>	0.5000 -0.8660 0.0000 0.0000	</row0>
					<row1>	-0.8660 -0.5000 0.0000 0.0000	</row1>
					<row2>	0.0000 0.0000 -1.0000 0.0000	</row2>
					<row3>	0.0407 0.7534 2.8042 1.0000	</row3>
				</transform>
			</node>
			<node>
				<identifier>	MP_GM611_Headlights_straightener	</identifier>
				<transform>
					<row0>	0.7071 0.0000 -0.7071 0.0000	</row0>
					<row1>	0.0000 1.0000 0.0000 0.0000	</row1>
					<row2>	0.7071 0.0000 0.7071 0.0000	</row2>
					<row3>	0.1067 0.7426 2.3821 1.0000	</row3>
				</transform>
			</node>
			<node>
				<identifier>	MP_GM611_Headlights_straightener_INDEX_1	</identifier>
				<transform>
					<row0>	0.7071 0.0000 -0.7071 0.0000	</row0>
					<row1>	0.0000 1.0000 0.0000 0.0000	</row1>
					<row2>	0.7071 0.0000 0.7071 0.0000	</row2>
					<row3>	0.1769 0.6954 2.3821 1.0000	</row3>
				</transform>
			</node>
			<node>
				<identifier>	MP_GM611_Headlights_straightener_INDEX_2	</identifier>
				<transform>
					<row0>	0.7071 0.0000 0.7071 0.0000	</row0>
					<row1>	0.0000 1.0000 0.0000 0.0000	</row1>
					<row2>	-0.7071 0.0000 0.7071 0.0000	</row2>
					<row3>	-0.1769 0.6954 2.3821 1.0000	</row3>
				</transform>
			</node>
			<node>
				<identifier>	MP_GM611_Headlights_straightener_INDEX_3	</identifier>
				<transform>
					<row0>	0.7071 0.0000 0.7071 0.0000	</row0>
					<row1>	0.0000 1.0000 0.0000 0.0000	</row1>
					<row2>	-0.7071 0.0000 0.7071 0.0000	</row2>
					<row3>	-0.1067 0.7426 2.3821 1.0000	</row3>
				</transform>
			</node>
			<node>
				<identifier>	MP_GM624_Telephone	</identifier>
				<transform>
					<row0>	1.0000 0.0000 0.0000 0.0000	</row0>
					<row1>	0.0000 1.0000 0.0000 0.0000	</row1>
					<row2>	0.0000 0.0000 1.0000 0.0000	</row2>
					<row3>	0.3191 0.7307 2.1831 1.0000	</row3>
				</transform>
			</node>
			<node>
				<identifier>	MP_GM624_Telephone_INDEX_1	</identifier>
				<transform>
					<row0>	1.0000 0.0000 0.0000 0.0000	</row0>
					<row1>	0.0000 1.0000 0.0000 0.0000	</row1>
					<row2>	0.0000 0.0000 1.0000 0.0000	</row2>
					<row3>	0.0590 0.7393 2.8041 1.0000	</row3>
				</transform>
			</node>
			<node>
				<identifier>	MP_GM624_Telephone_INDEX_2	</identifier>
				<transform>
					<row0>	1.0000 0.0000 0.0000 0.0000	</row0>
					<row1>	0.0000 1.0000 0.0000 0.0000	</row1>
					<row2>	0.0000 0.0000 1.0000 0.0000	</row2>
					<row3>	-0.3191 0.7307 2.1831 1.0000	</row3>
				</transform>
			</node>
			<node>
				<identifier>	MP_GM856_Mastheadlight	</identifier>
				<transform>
					<row0>	1.0000 0.0000 0.0000 0.0000	</row0>
					<row1>	0.0000 1.0000 0.0000 0.0000	</row1>
					<row2>	0.0000 0.0000 1.0000 0.0000	</row2>
					<row3>	0.0000 1.8597 2.0532 1.0000	</row3>
				</transform>
			</node>
			<node>
				<identifier>	MP_GM860_Searchlight_1_4m	</identifier>
				<transform>
					<row0>	1.0000 0.0000 0.0000 0.0000	</row0>
					<row1>	0.0000 1.0000 0.0000 0.0000	</row1>
					<row2>	0.0000 0.0000 1.0000 0.0000	</row2>
					<row3>	-0.0777 1.0410 2.0728 1.0000	</row3>
				</transform>
			</node>
			<node>
				<identifier>	MP_GM860_Searchlight_1_4m_INDEX_1	</identifier>
				<transform>
					<row0>	1.0000 0.0000 0.0000 0.0000	</row0>
					<row1>	0.0000 1.0000 0.0000 0.0000	</row1>
					<row2>	0.0000 0.0000 1.0000 0.0000	</row2>
					<row3>	0.0777 1.0410 2.0728 1.0000	</row3>
				</transform>
			</node>
			<node>
				<identifier>	MP_GM860_Searchlight_1_4m_INDEX_2	</identifier>
				<transform>
					<row0>	0.0000 0.0000 1.0000 0.0000	</row0>
					<row1>	0.0000 1.0000 0.0000 0.0000	</row1>
					<row2>	-1.0000 0.0000 0.0000 0.0000	</row2>
					<row3>	-0.2275 0.9108 2.0728 1.0000	</row3>
				</transform>
			</node>
			<node>
				<identifier>	MP_GM860_Searchlight_1_4m_INDEX_3	</identifier>
				<transform>
					<row0>	0.0000 0.0000 -1.0000 0.0000	</row0>
					<row1>	0.0000 1.0000 0.0000 0.0000	</row1>
					<row2>	1.0000 0.0000 0.0000 0.0000	</row2>
					<row3>	0.2275 0.9108 2.0728 1.0000	</row3>
				</transform>
			</node>
			<node>
				<identifier>	MP_GM863_Signal_White	</identifier>
				<transform>
					<row0>	0.0000 0.0000 -1.0000 0.0000	</row0>
					<row1>	0.0000 1.0000 0.0000 0.0000	</row1>
					<row2>	1.0000 0.0000 0.0000 0.0000	</row2>
					<row3>	0.0162 2.4999 1.9880 1.0000	</row3>
				</transform>
			</node>
			<node>
				<identifier>	MP_GM863_Signal_White_INDEX_1	</identifier>
				<transform>
					<row0>	0.0000 0.0000 1.0000 0.0000	</row0>
					<row1>	0.0000 1.0000 0.0000 0.0000	</row1>
					<row2>	-1.0000 0.0000 0.0000 0.0000	</row2>
					<row3>	-0.0162 2.4999 1.9880 1.0000	</row3>
				</transform>
			</node>
			<node>
				<identifier>	MP_GM968_Winch	</identifier>
				<transform>
					<row0>	0.0000 0.0000 -1.0000 0.0000	</row0>
					<row1>	0.0000 1.0000 0.0000 0.0000	</row1>
					<row2>	1.0000 0.0000 0.0000 0.0000	</row2>
					<row3>	0.6858 0.2760 1.3480 1.0000	</row3>
				</transform>
			</node>
			<node>
				<identifier>	MP_GM968_Winch_INDEX_1	</identifier>
				<transform>
					<row0>	0.0000 0.0000 1.0000 0.0000	</row0>
					<row1>	0.0000 1.0000 0.0000 0.0000	</row1>
					<row2>	-1.0000 0.0000 0.0000 0.0000	</row2>
					<row3>	-0.7917 0.2765 0.1336 1.0000	</row3>
				</transform>
			</node>
			<node>
				<identifier>	MP_GM968_Winch_INDEX_2	</identifier>
				<transform>
					<row0>	0.1228 0.0000 0.9924 0.0000	</row0>
					<row1>	0.0000 1.0000 0.0000 0.0000	</row1>
					<row2>	-0.9924 0.0000 0.1228 0.0000	</row2>
					<row3>	-0.6227 0.2753 2.4274 1.0000	</row3>
				</transform>
			</node>
			<node>
				<identifier>	MP_GM968_Winch_INDEX_3	</identifier>
				<transform>
					<row0>	0.1228 0.0000 -0.9924 0.0000	</row0>
					<row1>	0.0000 1.0000 0.0000 0.0000	</row1>
					<row2>	0.9924 0.0000 0.1228 0.0000	</row2>
					<row3>	0.6227 0.2753 2.4274 1.0000	</row3>
				</transform>
			</node>
		</node>
	</node>
	<boundingBox>
		<min>	-0.0667 -0.0667 -0.0667	</min>
		<max>	0.0667 0.0667 0.0667	</max>
	</boundingBox>
</GSB031_Von_der_Tann_1918_MidFront_ports.visual>
