<SSC007_Baleares_1941_MidBack_ports.visual>
	<node>
		<identifier>	Scene Root	</identifier>
		<transform>
			<row0>	1.0000 0.0000 0.0000 0.0000	</row0>
			<row1>	0.0000 1.0000 0.0000 0.0000	</row1>
			<row2>	0.0000 0.0000 1.0000 0.0000	</row2>
			<row3>	0.0000 0.0000 0.0000 1.0000	</row3>
		</transform>
		<node>
			<identifier>	MidBack_ports	</identifier>
			<transform>
				<row0>	1.0000 0.0000 0.0000 0.0000	</row0>
				<row1>	0.0000 1.0000 0.0000 0.0000	</row1>
				<row2>	0.0000 0.0000 1.0000 0.0000	</row2>
				<row3>	0.0000 0.0000 0.0000 1.0000	</row3>
			</transform>
			<node>
				<identifier>	HP_FX_Death_3	</identifier>
				<transform>
					<row0>	1.0000 0.0000 0.0000 0.0000	</row0>
					<row1>	0.0000 1.0000 0.0000 0.0000	</row1>
					<row2>	0.0000 0.0000 1.0000 0.0000	</row2>
					<row3>	0.0000 0.0000 -3.9661 1.0000	</row3>
				</transform>
			</node>
			<node>
				<identifier>	HP_FX_Fire_3	</identifier>
				<transform>
					<row0>	1.0000 0.0000 0.0000 0.0000	</row0>
					<row1>	0.0000 1.0000 0.0000 0.0000	</row1>
					<row2>	0.0000 0.0000 1.0000 0.0000	</row2>
					<row3>	0.0000 0.3999 -1.3799 1.0000	</row3>
				</transform>
			</node>
			<node>
				<identifier>	HP_FX_Fire_3_side_1	</identifier>
				<transform>
					<row0>	1.0000 0.0000 0.0000 0.0000	</row0>
					<row1>	0.0000 1.0000 0.0000 0.0000	</row1>
					<row2>	0.0000 0.0000 1.0000 0.0000	</row2>
					<row3>	-0.5369 0.5661 -2.1196 1.0000	</row3>
				</transform>
			</node>
			<node>
				<identifier>	HP_FX_Fire_3_side_2	</identifier>
				<transform>
					<row0>	1.0000 0.0000 0.0000 0.0000	</row0>
					<row1>	0.0000 1.0000 0.0000 0.0000	</row1>
					<row2>	0.0000 0.0000 1.0000 0.0000	</row2>
					<row3>	0.4594 0.4234 -2.9317 1.0000	</row3>
				</transform>
			</node>
			<node>
				<identifier>	HP_FX_FloodLight_left_2	</identifier>
				<transform>
					<row0>	-1.0000 0.0000 0.0000 0.0000	</row0>
					<row1>	0.0000 1.0000 0.0000 0.0000	</row1>
					<row2>	0.0000 0.0000 -1.0000 0.0000	</row2>
					<row3>	-0.3658 0.5623 -3.4177 1.0000	</row3>
				</transform>
			</node>
			<node>
				<identifier>	HP_FX_FloodLight_right_2	</identifier>
				<transform>
					<row0>	1.0000 0.0000 0.0000 0.0000	</row0>
					<row1>	0.0000 1.0000 0.0000 0.0000	</row1>
					<row2>	0.0000 0.0000 1.0000 0.0000	</row2>
					<row3>	0.3660 0.5616 -3.4207 1.0000	</row3>
				</transform>
			</node>
			<node>
				<identifier>	HP_FX_Flood_steam_right	</identifier>
				<transform>
					<row0>	1.0000 0.0000 0.0000 0.0000	</row0>
					<row1>	0.0000 1.0000 0.0000 0.0000	</row1>
					<row2>	0.0000 0.0000 1.0000 0.0000	</row2>
					<row3>	0.5981 0.3646 -2.9454 1.0000	</row3>
				</transform>
			</node>
			<node>
				<identifier>	HP_FX_Flood_water_left_3	</identifier>
				<transform>
					<row0>	-0.9934 0.0000 -0.1143 0.0000	</row0>
					<row1>	0.0000 1.0000 0.0000 0.0000	</row1>
					<row2>	0.1143 0.0000 -0.9934 0.0000	</row2>
					<row3>	-0.5379 0.0988 -3.2147 1.0000	</row3>
				</transform>
			</node>
			<node>
				<identifier>	HP_FX_Flood_water_right_3	</identifier>
				<transform>
					<row0>	0.9940 0.0000 -0.1091 0.0000	</row0>
					<row1>	0.0000 1.0000 0.0000 0.0000	</row1>
					<row2>	0.1091 0.0000 0.9940 0.0000	</row2>
					<row3>	0.5418 0.0974 -3.1201 1.0000	</row3>
				</transform>
			</node>
			<node>
				<identifier>	HP_Flagpole	</identifier>
				<transform>
					<row0>	1.0000 0.0000 0.0000 0.0000	</row0>
					<row1>	0.0000 1.0000 0.0000 0.0000	</row1>
					<row2>	0.0000 0.0000 1.0000 0.0000	</row2>
					<row3>	0.0000 2.3483 -1.8718 1.0000	</row3>
				</transform>
			</node>
			<node>
				<identifier>	HP_SF_4	</identifier>
				<transform>
					<row0>	-1.0000 0.0000 0.0000 0.0000	</row0>
					<row1>	0.0000 1.0000 0.0000 0.0000	</row1>
					<row2>	0.0000 0.0000 -1.0000 0.0000	</row2>
					<row3>	0.0000 0.9322 -2.2771 1.0000	</row3>
				</transform>
			</node>
			<node>
				<identifier>	HP_SF_5	</identifier>
				<transform>
					<row0>	-1.0000 0.0000 0.0000 0.0000	</row0>
					<row1>	0.0000 1.0000 0.0000 0.0000	</row1>
					<row2>	0.0000 0.0000 -1.0000 0.0000	</row2>
					<row3>	0.0000 0.7928 -2.8407 1.0000	</row3>
				</transform>
			</node>
			<node>
				<identifier>	HP_SGA_3	</identifier>
				<transform>
					<row0>	0.0000 0.0000 1.0000 0.0000	</row0>
					<row1>	0.0000 1.0000 0.0000 0.0000	</row1>
					<row2>	-1.0000 0.0000 0.0000 0.0000	</row2>
					<row3>	-0.3055 0.5987 -2.3260 1.0000	</row3>
				</transform>
			</node>
			<node>
				<identifier>	HP_SGA_4	</identifier>
				<transform>
					<row0>	0.0000 0.0000 -1.0000 0.0000	</row0>
					<row1>	0.0000 1.0000 0.0000 0.0000	</row1>
					<row2>	1.0000 0.0000 0.0000 0.0000	</row2>
					<row3>	0.3055 0.5987 -2.3260 1.0000	</row3>
				</transform>
			</node>
			<node>
				<identifier>	HP_SGA_5	</identifier>
				<transform>
					<row0>	0.0000 0.0000 1.0000 0.0000	</row0>
					<row1>	0.0000 1.0000 0.0000 0.0000	</row1>
					<row2>	-1.0000 0.0000 0.0000 0.0000	</row2>
					<row3>	-0.5408 0.4290 -3.0548 1.0000	</row3>
				</transform>
			</node>
			<node>
				<identifier>	HP_SGA_6	</identifier>
				<transform>
					<row0>	0.0000 0.0000 -1.0000 0.0000	</row0>
					<row1>	0.0000 1.0000 0.0000 0.0000	</row1>
					<row2>	1.0000 0.0000 0.0000 0.0000	</row2>
					<row3>	0.5408 0.4290 -3.0548 1.0000	</row3>
				</transform>
			</node>
			<node>
				<identifier>	HP_SGM_3	</identifier>
				<transform>
					<row0>	-1.0000 0.0000 0.0000 0.0000	</row0>
					<row1>	0.0000 1.0000 0.0000 0.0000	</row1>
					<row2>	0.0000 0.0000 -1.0000 0.0000	</row2>
					<row3>	0.0000 0.6662 -3.5832 1.0000	</row3>
				</transform>
			</node>
			<node>
				<identifier>	HP_SGS_11	</identifier>
				<transform>
					<row0>	-1.0000 0.0000 0.0000 0.0000	</row0>
					<row1>	0.0000 1.0000 0.0000 0.0000	</row1>
					<row2>	0.0000 0.0000 -1.0000 0.0000	</row2>
					<row3>	-0.4784 0.4219 -1.5045 1.0000	</row3>
				</transform>
			</node>
			<node>
				<identifier>	HP_SGS_12	</identifier>
				<transform>
					<row0>	-1.0000 0.0000 0.0000 0.0000	</row0>
					<row1>	0.0000 1.0000 0.0000 0.0000	</row1>
					<row2>	0.0000 0.0000 -1.0000 0.0000	</row2>
					<row3>	0.4784 0.4219 -1.5045 1.0000	</row3>
				</transform>
			</node>
			<node>
				<identifier>	HP_SGT_1	</identifier>
				<transform>
					<row0>	0.0000 0.0000 1.0000 0.0000	</row0>
					<row1>	0.0000 1.0000 0.0000 0.0000	</row1>
					<row2>	-1.0000 0.0000 0.0000 0.0000	</row2>
					<row3>	-0.5991 0.3032 -1.9358 1.0000	</row3>
				</transform>
			</node>
			<node>
				<identifier>	HP_SGT_2	</identifier>
				<transform>
					<row0>	0.0000 0.0000 -1.0000 0.0000	</row0>
					<row1>	0.0000 1.0000 0.0000 0.0000	</row1>
					<row2>	1.0000 0.0000 0.0000 0.0000	</row2>
					<row3>	0.6005 0.3032 -1.9358 1.0000	</row3>
				</transform>
			</node>
			<node>
				<identifier>	HP_SGT_3	</identifier>
				<transform>
					<row0>	0.0000 0.0000 1.0000 0.0000	</row0>
					<row1>	0.0000 1.0000 0.0000 0.0000	</row1>
					<row2>	-1.0000 0.0000 0.0000 0.0000	</row2>
					<row3>	-0.5863 0.3032 -2.4651 1.0000	</row3>
				</transform>
			</node>
			<node>
				<identifier>	HP_SGT_4	</identifier>
				<transform>
					<row0>	0.0000 0.0000 -1.0000 0.0000	</row0>
					<row1>	0.0000 1.0000 0.0000 0.0000	</row1>
					<row2>	1.0000 0.0000 0.0000 0.0000	</row2>
					<row3>	0.5861 0.3032 -2.4651 1.0000	</row3>
				</transform>
			</node>
			<node>
				<identifier>	HP_Ship_death_2	</identifier>
				<transform>
					<row0>	1.0000 0.0000 0.0000 0.0000	</row0>
					<row1>	0.0000 1.0000 0.0000 0.0000	</row1>
					<row2>	0.0000 0.0000 1.0000 0.0000	</row2>
					<row3>	0.0000 0.0000 -0.6034 1.0000	</row3>
				</transform>
			</node>
			<node>
				<identifier>	HP_flag_1	</identifier>
				<transform>
					<row0>	0.9940 -0.1096 -0.0023 0.0000	</row0>
					<row1>	0.1092 0.9877 0.1122 0.0000	</row1>
					<row2>	-0.0101 -0.1118 0.9937 0.0000	</row2>
					<row3>	0.2784 1.7911 -1.8176 1.0000	</row3>
				</transform>
			</node>
			<node>
				<identifier>	HP_flag_2	</identifier>
				<transform>
					<row0>	0.9940 0.1096 0.0023 0.0000	</row0>
					<row1>	-0.1092 0.9879 0.1099 0.0000	</row1>
					<row2>	0.0098 -0.1095 0.9939 0.0000	</row2>
					<row3>	-0.2786 1.7928 -1.8175 1.0000	</row3>
				</transform>
			</node>
			<node>
				<identifier>	HP_flag_3	</identifier>
				<transform>
					<row0>	1.0000 0.0000 0.0000 0.0000	</row0>
					<row1>	0.0000 0.9944 0.1054 0.0000	</row1>
					<row2>	0.0000 -0.1054 0.9944 0.0000	</row2>
					<row3>	0.1426 1.7982 -1.8145 1.0000	</row3>
				</transform>
			</node>
			<node>
				<identifier>	HP_flag_4	</identifier>
				<transform>
					<row0>	1.0000 0.0000 0.0000 0.0000	</row0>
					<row1>	0.0000 0.9938 0.1110 0.0000	</row1>
					<row2>	0.0000 -0.1110 0.9938 0.0000	</row2>
					<row3>	-0.1425 1.7980 -1.8146 1.0000	</row3>
				</transform>
			</node>
			<node>
				<identifier>	HP_flag_courtesy	</identifier>
				<transform>
					<row0>	0.9859 -0.1674 -0.0035 0.0000	</row0>
					<row1>	0.1667 0.9793 0.1151 0.0000	</row1>
					<row2>	-0.0158 -0.1141 0.9933 0.0000	</row2>
					<row3>	0.3485 1.7904 -1.8180 1.0000	</row3>
				</transform>
			</node>
			<node>
				<identifier>	HP_flag_house	</identifier>
				<transform>
					<row0>	0.9859 0.1674 0.0035 0.0000	</row0>
					<row1>	-0.1667 0.9794 0.1139 0.0000	</row1>
					<row2>	0.0156 -0.1129 0.9935 0.0000	</row2>
					<row3>	-0.3489 1.7910 -1.8179 1.0000	</row3>
				</transform>
			</node>
			<node>
				<identifier>	HP_flag_nation	</identifier>
				<transform>
					<row0>	0.9999 0.0111 -0.0011 0.0000	</row0>
					<row1>	-0.0111 0.9806 -0.1957 0.0000	</row1>
					<row2>	-0.0011 0.1957 0.9807 0.0000	</row2>
					<row3>	0.0002 1.9363 -2.1501 1.0000	</row3>
				</transform>
			</node>
			<node>
				<identifier>	HP_flag_rank	</identifier>
				<transform>
					<row0>	0.9999 0.0111 -0.0011 0.0000	</row0>
					<row1>	-0.0111 0.9806 -0.1957 0.0000	</row1>
					<row2>	-0.0011 0.1957 0.9807 0.0000	</row2>
					<row3>	0.0024 1.7388 -2.1106 1.0000	</row3>
				</transform>
			</node>
			<node>
				<identifier>	MP_CM011_Fire_Fighting_Gear	</identifier>
				<transform>
					<row0>	0.5859 0.0000 0.8104 0.0000	</row0>
					<row1>	0.0000 1.0000 0.0000 0.0000	</row1>
					<row2>	-0.8104 0.0000 0.5859 0.0000	</row2>
					<row3>	0.1986 0.4254 -3.8299 1.0000	</row3>
				</transform>
			</node>
			<node>
				<identifier>	MP_CM011_Fire_Fighting_Gear_INDEX_1	</identifier>
				<transform>
					<row0>	0.0000 0.0000 1.0000 0.0000	</row0>
					<row1>	0.0000 1.0000 0.0000 0.0000	</row1>
					<row2>	-1.0000 0.0000 0.0000 0.0000	</row2>
					<row3>	0.0000 0.4264 -1.6394 1.0000	</row3>
				</transform>
			</node>
			<node>
				<identifier>	MP_CM011_Fire_Fighting_Gear_INDEX_2	</identifier>
				<transform>
					<row0>	0.0000 0.0000 -1.0000 0.0000	</row0>
					<row1>	0.0000 1.0000 0.0000 0.0000	</row1>
					<row2>	1.0000 0.0000 0.0000 0.0000	</row2>
					<row3>	-0.3175 0.4264 -2.7523 1.0000	</row3>
				</transform>
			</node>
			<node>
				<identifier>	MP_CM011_Fire_Fighting_Gear_INDEX_3	</identifier>
				<transform>
					<row0>	0.0000 0.0000 1.0000 0.0000	</row0>
					<row1>	0.0000 1.0000 0.0000 0.0000	</row1>
					<row2>	-1.0000 0.0000 0.0000 0.0000	</row2>
					<row3>	0.3175 0.4264 -2.9175 1.0000	</row3>
				</transform>
			</node>
			<node>
				<identifier>	MP_CM011_Fire_Fighting_Gear_INDEX_4	</identifier>
				<transform>
					<row0>	0.5396 0.0000 -0.8419 0.0000	</row0>
					<row1>	0.0000 1.0000 0.0000 0.0000	</row1>
					<row2>	0.8419 0.0000 0.5396 0.0000	</row2>
					<row3>	-0.2548 0.4254 -3.7491 1.0000	</row3>
				</transform>
			</node>
			<node>
				<identifier>	MP_CM012_Fire_Hose_Rack_1	</identifier>
				<transform>
					<row0>	0.8408 0.0000 0.5413 0.0000	</row0>
					<row1>	0.0000 1.0000 0.0000 0.0000	</row1>
					<row2>	-0.5413 0.0000 0.8408 0.0000	</row2>
					<row3>	-0.2643 0.5225 -3.7176 1.0000	</row3>
				</transform>
			</node>
			<node>
				<identifier>	MP_CM012_Fire_Hose_Rack_1_INDEX_1	</identifier>
				<transform>
					<row0>	1.0000 0.0000 0.0000 0.0000	</row0>
					<row1>	0.0000 1.0000 0.0000 0.0000	</row1>
					<row2>	0.0000 0.0000 1.0000 0.0000	</row2>
					<row3>	-0.3054 0.5231 -2.5112 1.0000	</row3>
				</transform>
			</node>
			<node>
				<identifier>	MP_CM012_Fire_Hose_Rack_1_INDEX_2	</identifier>
				<transform>
					<row0>	0.0000 0.0000 -1.0000 0.0000	</row0>
					<row1>	0.0000 1.0000 0.0000 0.0000	</row1>
					<row2>	1.0000 0.0000 0.0000 0.0000	</row2>
					<row3>	-0.0326 0.5231 -1.6563 1.0000	</row3>
				</transform>
			</node>
			<node>
				<identifier>	MP_CM012_Fire_Hose_Rack_1_INDEX_3	</identifier>
				<transform>
					<row0>	-0.8454 0.0000 0.5341 0.0000	</row0>
					<row1>	0.0000 1.0000 0.0000 0.0000	</row1>
					<row2>	-0.5341 0.0000 -0.8454 0.0000	</row2>
					<row3>	0.2959 0.5225 -3.6676 1.0000	</row3>
				</transform>
			</node>
			<node>
				<identifier>	MP_CM012_Fire_Hose_Rack_1_INDEX_4	</identifier>
				<transform>
					<row0>	-1.0000 0.0000 0.0000 0.0000	</row0>
					<row1>	0.0000 1.0000 0.0000 0.0000	</row1>
					<row2>	0.0000 0.0000 -1.0000 0.0000	</row2>
					<row3>	0.3054 0.5231 -2.5112 1.0000	</row3>
				</transform>
			</node>
			<node>
				<identifier>	MP_CM014_Fuel_Oil_Hose	</identifier>
				<transform>
					<row0>	-1.0000 0.0000 0.0000 0.0000	</row0>
					<row1>	0.0000 1.0000 0.0000 0.0000	</row1>
					<row2>	0.0000 0.0000 -1.0000 0.0000	</row2>
					<row3>	0.3081 0.4998 -2.6632 1.0000	</row3>
				</transform>
			</node>
			<node>
				<identifier>	MP_CM014_Fuel_Oil_Hose_INDEX_1	</identifier>
				<transform>
					<row0>	1.0000 0.0000 0.0000 0.0000	</row0>
					<row1>	0.0000 1.0000 0.0000 0.0000	</row1>
					<row2>	0.0000 0.0000 1.0000 0.0000	</row2>
					<row3>	-0.3081 0.4998 -2.6632 1.0000	</row3>
				</transform>
			</node>
			<node>
				<identifier>	MP_CM029_Emergency_Box	</identifier>
				<transform>
					<row0>	0.0000 0.0000 1.0000 0.0000	</row0>
					<row1>	0.0000 1.0000 0.0000 0.0000	</row1>
					<row2>	-1.0000 0.0000 0.0000 0.0000	</row2>
					<row3>	0.1343 0.6713 -2.0810 1.0000	</row3>
				</transform>
			</node>
			<node>
				<identifier>	MP_CM029_Emergency_Box_INDEX_1	</identifier>
				<transform>
					<row0>	0.0000 0.0000 1.0000 0.0000	</row0>
					<row1>	0.0000 1.0000 0.0000 0.0000	</row1>
					<row2>	-1.0000 0.0000 0.0000 0.0000	</row2>
					<row3>	0.3101 0.5143 -1.8588 1.0000	</row3>
				</transform>
			</node>
			<node>
				<identifier>	MP_CM029_Emergency_Box_INDEX_2	</identifier>
				<transform>
					<row0>	0.0000 0.0000 -1.0000 0.0000	</row0>
					<row1>	0.0000 1.0000 0.0000 0.0000	</row1>
					<row2>	1.0000 0.0000 0.0000 0.0000	</row2>
					<row3>	-0.1343 0.6713 -2.0810 1.0000	</row3>
				</transform>
			</node>
			<node>
				<identifier>	MP_CM029_Emergency_Box_INDEX_3	</identifier>
				<transform>
					<row0>	0.0000 0.0000 1.0000 0.0000	</row0>
					<row1>	0.0000 1.0000 0.0000 0.0000	</row1>
					<row2>	-1.0000 0.0000 0.0000 0.0000	</row2>
					<row3>	-0.1355 0.9440 -2.2503 1.0000	</row3>
				</transform>
			</node>
			<node>
				<identifier>	MP_CM029_Emergency_Box_INDEX_4	</identifier>
				<transform>
					<row0>	0.0000 0.0000 1.0000 0.0000	</row0>
					<row1>	0.0000 1.0000 0.0000 0.0000	</row1>
					<row2>	-1.0000 0.0000 0.0000 0.0000	</row2>
					<row3>	0.3101 0.5143 -2.9119 1.0000	</row3>
				</transform>
			</node>
			<node>
				<identifier>	MP_CM029_Emergency_Box_INDEX_5	</identifier>
				<transform>
					<row0>	0.0000 0.0000 -1.0000 0.0000	</row0>
					<row1>	0.0000 1.0000 0.0000 0.0000	</row1>
					<row2>	1.0000 0.0000 0.0000 0.0000	</row2>
					<row3>	-0.3101 0.5143 -2.9119 1.0000	</row3>
				</transform>
			</node>
			<node>
				<identifier>	MP_CM029_Emergency_Box_INDEX_6	</identifier>
				<transform>
					<row0>	0.0000 0.0000 -1.0000 0.0000	</row0>
					<row1>	0.0000 1.0000 0.0000 0.0000	</row1>
					<row2>	1.0000 0.0000 0.0000 0.0000	</row2>
					<row3>	0.1355 0.9440 -2.2503 1.0000	</row3>
				</transform>
			</node>
			<node>
				<identifier>	MP_CM029_Emergency_Box_INDEX_7	</identifier>
				<transform>
					<row0>	0.0000 0.0000 -1.0000 0.0000	</row0>
					<row1>	0.0000 1.0000 0.0000 0.0000	</row1>
					<row2>	1.0000 0.0000 0.0000 0.0000	</row2>
					<row3>	-0.3101 0.5143 -1.8588 1.0000	</row3>
				</transform>
			</node>
			<node>
				<identifier>	MP_CM029_Emergency_Box_INDEX_8	</identifier>
				<transform>
					<row0>	0.0000 0.0000 1.0000 0.0000	</row0>
					<row1>	0.0000 1.0000 0.0000 0.0000	</row1>
					<row2>	-1.0000 0.0000 0.0000 0.0000	</row2>
					<row3>	-0.1208 0.7962 -2.5759 1.0000	</row3>
				</transform>
			</node>
			<node>
				<identifier>	MP_CM030_Swab_Rack_2	</identifier>
				<transform>
					<row0>	-1.0000 0.0000 0.0000 0.0000	</row0>
					<row1>	0.0000 1.0000 0.0000 0.0000	</row1>
					<row2>	0.0000 0.0000 -1.0000 0.0000	</row2>
					<row3>	-0.2396 0.4232 -2.0523 1.0000	</row3>
				</transform>
			</node>
			<node>
				<identifier>	MP_CM030_Swab_Rack_2_INDEX_1	</identifier>
				<transform>
					<row0>	-1.0000 0.0000 0.0000 0.0000	</row0>
					<row1>	0.0000 1.0000 0.0000 0.0000	</row1>
					<row2>	0.0000 0.0000 -1.0000 0.0000	</row2>
					<row3>	-0.0838 0.5938 -2.3853 1.0000	</row3>
				</transform>
			</node>
			<node>
				<identifier>	MP_CM030_Swab_Rack_2_INDEX_2	</identifier>
				<transform>
					<row0>	-1.0000 0.0000 0.0000 0.0000	</row0>
					<row1>	0.0000 1.0000 0.0000 0.0000	</row1>
					<row2>	0.0000 0.0000 -1.0000 0.0000	</row2>
					<row3>	0.2396 0.4232 -2.0523 1.0000	</row3>
				</transform>
			</node>
			<node>
				<identifier>	MP_CM052_Fender	</identifier>
				<transform>
					<row0>	-0.0308 0.0000 -0.9995 0.0000	</row0>
					<row1>	0.0000 1.0000 0.0000 0.0000	</row1>
					<row2>	0.9995 0.0000 -0.0308 0.0000	</row2>
					<row3>	0.3350 0.4233 -2.7913 1.0000	</row3>
				</transform>
			</node>
			<node>
				<identifier>	MP_CM052_Fender_INDEX_1	</identifier>
				<transform>
					<row0>	-0.0308 0.0000 0.9995 0.0000	</row0>
					<row1>	0.0000 1.0000 0.0000 0.0000	</row1>
					<row2>	-0.9995 0.0000 -0.0308 0.0000	</row2>
					<row3>	-0.3350 0.4233 -2.8061 1.0000	</row3>
				</transform>
			</node>
			<node>
				<identifier>	MP_CM082_Rope	</identifier>
				<transform>
					<row0>	0.1169 0.0048 0.7161 0.0000	</row0>
					<row1>	-0.0295 0.7250 0.0000 0.0000	</row1>
					<row2>	-0.7155 -0.0291 0.1170 0.0000	</row2>
					<row3>	0.1420 0.8656 -1.9191 1.0000	</row3>
				</transform>
			</node>
			<node>
				<identifier>	MP_CM082_Rope_INDEX_1	</identifier>
				<transform>
					<row0>	0.1169 0.0048 0.7161 0.0000	</row0>
					<row1>	-0.0295 0.7250 0.0000 0.0000	</row1>
					<row2>	-0.7155 -0.0291 0.1170 0.0000	</row2>
					<row3>	0.1872 0.8657 -1.9227 1.0000	</row3>
				</transform>
			</node>
			<node>
				<identifier>	MP_CM082_Rope_INDEX_2	</identifier>
				<transform>
					<row0>	-0.1225 -0.0051 0.6063 0.0000	</row0>
					<row1>	-0.0304 0.6178 -0.0009 0.0000	</row1>
					<row2>	-0.6056 -0.0300 -0.1226 0.0000	</row2>
					<row3>	-0.1746 0.8656 -1.9226 1.0000	</row3>
				</transform>
			</node>
			<node>
				<identifier>	MP_CM082_Rope_INDEX_3	</identifier>
				<transform>
					<row0>	-0.1311 0.0055 -0.6489 0.0000	</row0>
					<row1>	0.0326 0.6613 -0.0010 0.0000	</row1>
					<row2>	0.6481 -0.0321 -0.1312 0.0000	</row2>
					<row3>	0.1586 0.8656 -1.9215 1.0000	</row3>
				</transform>
			</node>
			<node>
				<identifier>	MP_CM082_Rope_INDEX_4	</identifier>
				<transform>
					<row0>	-0.1225 0.0051 -0.6063 0.0000	</row0>
					<row1>	0.0304 0.6178 -0.0009 0.0000	</row1>
					<row2>	0.6056 -0.0300 -0.1226 0.0000	</row2>
					<row3>	0.1746 0.8656 -1.9226 1.0000	</row3>
				</transform>
			</node>
			<node>
				<identifier>	MP_CM082_Rope_INDEX_5	</identifier>
				<transform>
					<row0>	0.1169 -0.0048 -0.7161 0.0000	</row0>
					<row1>	0.0295 0.7250 0.0000 0.0000	</row1>
					<row2>	0.7155 -0.0291 0.1170 0.0000	</row2>
					<row3>	-0.1420 0.8656 -1.9191 1.0000	</row3>
				</transform>
			</node>
			<node>
				<identifier>	MP_CM082_Rope_INDEX_6	</identifier>
				<transform>
					<row0>	-0.1241 0.0102 -0.6160 0.0000	</row0>
					<row1>	0.0562 0.6260 -0.0010 0.0000	</row1>
					<row2>	0.6135 -0.0553 -0.1245 0.0000	</row2>
					<row3>	0.1268 0.8656 -1.9188 1.0000	</row3>
				</transform>
			</node>
			<node>
				<identifier>	MP_CM082_Rope_INDEX_7	</identifier>
				<transform>
					<row0>	-0.1311 -0.0055 0.6489 0.0000	</row0>
					<row1>	-0.0326 0.6613 -0.0010 0.0000	</row1>
					<row2>	-0.6481 -0.0321 -0.1312 0.0000	</row2>
					<row3>	-0.1586 0.8656 -1.9215 1.0000	</row3>
				</transform>
			</node>
			<node>
				<identifier>	MP_CM082_Rope_INDEX_8	</identifier>
				<transform>
					<row0>	-0.1241 -0.0102 0.6160 0.0000	</row0>
					<row1>	-0.0562 0.6260 -0.0010 0.0000	</row1>
					<row2>	-0.6135 -0.0553 -0.1245 0.0000	</row2>
					<row3>	-0.1268 0.8656 -1.9188 1.0000	</row3>
				</transform>
			</node>
			<node>
				<identifier>	MP_CM082_Rope_INDEX_9	</identifier>
				<transform>
					<row0>	0.1169 -0.0048 -0.7161 0.0000	</row0>
					<row1>	0.0295 0.7250 0.0000 0.0000	</row1>
					<row2>	0.7155 -0.0291 0.1170 0.0000	</row2>
					<row3>	-0.1872 0.8657 -1.9227 1.0000	</row3>
				</transform>
			</node>
			<node>
				<identifier>	MP_CM112_Fire_Extinguisher	</identifier>
				<transform>
					<row0>	0.6617 0.0000 0.7498 0.0000	</row0>
					<row1>	0.0000 1.0000 0.0000 0.0000	</row1>
					<row2>	-0.7498 0.0000 0.6617 0.0000	</row2>
					<row3>	-0.0789 0.9516 -2.4237 1.0000	</row3>
				</transform>
			</node>
			<node>
				<identifier>	MP_CM112_Fire_Extinguisher_INDEX_1	</identifier>
				<transform>
					<row0>	0.0000 0.0000 -1.0000 0.0000	</row0>
					<row1>	0.0000 1.0000 0.0000 0.0000	</row1>
					<row2>	1.0000 0.0000 0.0000 0.0000	</row2>
					<row3>	0.0943 0.6483 -2.3918 1.0000	</row3>
				</transform>
			</node>
			<node>
				<identifier>	MP_CM126_Cleat	</identifier>
				<transform>
					<row0>	0.9808 0.0000 -0.1951 0.0000	</row0>
					<row1>	-0.1951 0.0000 -0.9808 0.0000	</row1>
					<row2>	0.0000 1.0000 0.0000 0.0000	</row2>
					<row3>	0.0102 0.9663 -1.9492 1.0000	</row3>
				</transform>
			</node>
			<node>
				<identifier>	MP_CM127_Jacobs_ladder	</identifier>
				<transform>
					<row0>	0.9933 0.0132 -0.1148 0.0000	</row0>
					<row1>	-0.0126 0.9999 0.0061 0.0000	</row1>
					<row2>	0.1148 -0.0046 0.9934 0.0000	</row2>
					<row3>	0.5054 0.4396 -4.1784 1.0000	</row3>
				</transform>
			</node>
			<node>
				<identifier>	MP_CM127_Jacobs_ladder_INDEX_1	</identifier>
				<transform>
					<row0>	0.9933 -0.0132 0.1148 0.0000	</row0>
					<row1>	0.0126 0.9999 0.0061 0.0000	</row1>
					<row2>	-0.1148 -0.0046 0.9934 0.0000	</row2>
					<row3>	-0.5054 0.4396 -4.1784 1.0000	</row3>
				</transform>
			</node>
			<node>
				<identifier>	MP_SM009_Voice_Tube	</identifier>
				<transform>
					<row0>	0.6030 0.0000 -0.7977 0.0000	</row0>
					<row1>	0.0000 1.0000 0.0000 0.0000	</row1>
					<row2>	0.7977 0.0000 0.6030 0.0000	</row2>
					<row3>	0.0583 0.9029 -2.1100 1.0000	</row3>
				</transform>
			</node>
			<node>
				<identifier>	MP_SM009_Voice_Tube_INDEX_1	</identifier>
				<transform>
					<row0>	0.6030 0.0000 0.7977 0.0000	</row0>
					<row1>	0.0000 1.0000 0.0000 0.0000	</row1>
					<row2>	-0.7977 0.0000 0.6030 0.0000	</row2>
					<row3>	-0.0583 0.9029 -2.1100 1.0000	</row3>
				</transform>
			</node>
			<node>
				<identifier>	MP_SM009_Voice_Tube_INDEX_2	</identifier>
				<transform>
					<row0>	0.6030 0.0000 -0.7977 0.0000	</row0>
					<row1>	0.0000 1.0000 0.0000 0.0000	</row1>
					<row2>	0.7977 0.0000 0.6030 0.0000	</row2>
					<row3>	0.1287 0.7497 -2.7131 1.0000	</row3>
				</transform>
			</node>
			<node>
				<identifier>	MP_SM009_Voice_Tube_INDEX_3	</identifier>
				<transform>
					<row0>	0.6030 0.0000 0.7977 0.0000	</row0>
					<row1>	0.0000 1.0000 0.0000 0.0000	</row1>
					<row2>	-0.7977 0.0000 0.6030 0.0000	</row2>
					<row3>	-0.1287 0.7497 -2.7131 1.0000	</row3>
				</transform>
			</node>
			<node>
				<identifier>	MP_SM009_Voice_Tube_INDEX_4	</identifier>
				<transform>
					<row0>	0.6030 0.0000 0.7977 0.0000	</row0>
					<row1>	0.0000 1.0000 0.0000 0.0000	</row1>
					<row2>	-0.7977 0.0000 0.6030 0.0000	</row2>
					<row3>	-0.0884 0.7507 -1.9149 1.0000	</row3>
				</transform>
			</node>
			<node>
				<identifier>	MP_SM009_Voice_Tube_INDEX_5	</identifier>
				<transform>
					<row0>	0.6030 0.0000 -0.7977 0.0000	</row0>
					<row1>	0.0000 1.0000 0.0000 0.0000	</row1>
					<row2>	0.7977 0.0000 0.6030 0.0000	</row2>
					<row3>	0.0884 0.7507 -1.9149 1.0000	</row3>
				</transform>
			</node>
			<node>
				<identifier>	MP_SM011_Reels	</identifier>
				<transform>
					<row0>	-0.6029 0.0000 0.7978 0.0000	</row0>
					<row1>	-0.7978 0.0000 -0.6029 0.0000	</row1>
					<row2>	0.0000 -1.0000 0.0000 0.0000	</row2>
					<row3>	-0.2128 0.5631 -3.7931 1.0000	</row3>
				</transform>
			</node>
			<node>
				<identifier>	MP_SM011_Reels_INDEX_1	</identifier>
				<transform>
					<row0>	0.0000 0.0000 1.0000 0.0000	</row0>
					<row1>	0.0000 1.0000 0.0000 0.0000	</row1>
					<row2>	-1.0000 0.0000 0.0000 0.0000	</row2>
					<row3>	0.1693 0.5922 -2.8972 1.0000	</row3>
				</transform>
			</node>
			<node>
				<identifier>	MP_SM011_Reels_INDEX_2	</identifier>
				<transform>
					<row0>	-1.0000 0.0000 0.0000 0.0000	</row0>
					<row1>	0.0000 1.0000 0.0000 0.0000	</row1>
					<row2>	0.0000 0.0000 -1.0000 0.0000	</row2>
					<row3>	-0.5892 0.4237 -1.6840 1.0000	</row3>
				</transform>
			</node>
			<node>
				<identifier>	MP_SM011_Reels_INDEX_3	</identifier>
				<transform>
					<row0>	0.0000 0.0000 -1.0000 0.0000	</row0>
					<row1>	0.0000 1.0000 0.0000 0.0000	</row1>
					<row2>	1.0000 0.0000 0.0000 0.0000	</row2>
					<row3>	-0.1693 0.5922 -2.8972 1.0000	</row3>
				</transform>
			</node>
			<node>
				<identifier>	MP_SM011_Reels_INDEX_4	</identifier>
				<transform>
					<row0>	-1.0000 0.0000 0.0000 0.0000	</row0>
					<row1>	0.0000 1.0000 0.0000 0.0000	</row1>
					<row2>	0.0000 0.0000 -1.0000 0.0000	</row2>
					<row3>	0.5892 0.4237 -1.6840 1.0000	</row3>
				</transform>
			</node>
			<node>
				<identifier>	MP_SM011_Reels_INDEX_5	</identifier>
				<transform>
					<row0>	-1.0000 0.0000 0.0000 0.0000	</row0>
					<row1>	0.0000 1.0000 0.0000 0.0000	</row1>
					<row2>	0.0000 0.0000 -1.0000 0.0000	</row2>
					<row3>	0.5667 0.4237 -2.4037 1.0000	</row3>
				</transform>
			</node>
			<node>
				<identifier>	MP_SM011_Reels_INDEX_6	</identifier>
				<transform>
					<row0>	-1.0000 0.0000 0.0000 0.0000	</row0>
					<row1>	0.0000 1.0000 0.0000 0.0000	</row1>
					<row2>	0.0000 0.0000 -1.0000 0.0000	</row2>
					<row3>	-0.5657 0.4237 -2.4037 1.0000	</row3>
				</transform>
			</node>
			<node>
				<identifier>	MP_SM011_Reels_INDEX_7	</identifier>
				<transform>
					<row0>	-0.6029 0.0000 -0.7978 0.0000	</row0>
					<row1>	0.7978 0.0000 -0.6029 0.0000	</row1>
					<row2>	0.0000 -1.0000 0.0000 0.0000	</row2>
					<row3>	0.2051 0.5631 -3.8019 1.0000	</row3>
				</transform>
			</node>
			<node>
				<identifier>	MP_SM012_Liferaft_type_20_10ft	</identifier>
				<transform>
					<row0>	0.0000 0.0000 1.0000 0.0000	</row0>
					<row1>	-0.9920 0.1262 0.0000 0.0000	</row1>
					<row2>	-0.1262 -0.9920 0.0000 0.0000	</row2>
					<row3>	-0.2949 0.7125 -1.9486 1.0000	</row3>
				</transform>
			</node>
			<node>
				<identifier>	MP_SM012_Liferaft_type_20_10ft_INDEX_1	</identifier>
				<transform>
					<row0>	0.0000 0.0000 -1.0000 0.0000	</row0>
					<row1>	0.9920 0.1262 0.0000 0.0000	</row1>
					<row2>	0.1262 -0.9920 0.0000 0.0000	</row2>
					<row3>	0.2949 0.7125 -1.9486 1.0000	</row3>
				</transform>
			</node>
			<node>
				<identifier>	MP_SM013_Insulator	</identifier>
				<transform>
					<row0>	-1.0000 0.0000 0.0000 0.0000	</row0>
					<row1>	0.0000 1.0000 0.0000 0.0000	</row1>
					<row2>	0.0000 0.0000 -1.0000 0.0000	</row2>
					<row3>	0.0000 1.8438 -1.7336 1.0000	</row3>
				</transform>
			</node>
			<node>
				<identifier>	MP_SM015_Life_Buoy	</identifier>
				<transform>
					<row0>	0.0000 0.0000 -1.0000 0.0000	</row0>
					<row1>	0.0000 1.0000 0.0000 0.0000	</row1>
					<row2>	1.0000 0.0000 0.0000 0.0000	</row2>
					<row3>	-0.3019 0.6634 -2.6485 1.0000	</row3>
				</transform>
			</node>
			<node>
				<identifier>	MP_SM015_Life_Buoy_INDEX_1	</identifier>
				<transform>
					<row0>	0.0000 0.0000 1.0000 0.0000	</row0>
					<row1>	0.0000 1.0000 0.0000 0.0000	</row1>
					<row2>	-1.0000 0.0000 0.0000 0.0000	</row2>
					<row3>	0.3025 0.6634 -2.9874 1.0000	</row3>
				</transform>
			</node>
			<node>
				<identifier>	MP_SM015_Life_Buoy_INDEX_2	</identifier>
				<transform>
					<row0>	0.0495 0.0000 0.9988 0.0000	</row0>
					<row1>	0.0000 1.0000 0.0000 0.0000	</row1>
					<row2>	-0.9988 0.0000 0.0495 0.0000	</row2>
					<row3>	0.5981 0.4920 -3.0544 1.0000	</row3>
				</transform>
			</node>
			<node>
				<identifier>	MP_SM015_Life_Buoy_INDEX_3	</identifier>
				<transform>
					<row0>	0.0000 0.0000 1.0000 0.0000	</row0>
					<row1>	0.0000 1.0000 0.0000 0.0000	</row1>
					<row2>	-1.0000 0.0000 0.0000 0.0000	</row2>
					<row3>	0.3019 0.6634 -2.6485 1.0000	</row3>
				</transform>
			</node>
			<node>
				<identifier>	MP_SM015_Life_Buoy_INDEX_4	</identifier>
				<transform>
					<row0>	0.0000 0.0000 -1.0000 0.0000	</row0>
					<row1>	0.0000 1.0000 0.0000 0.0000	</row1>
					<row2>	1.0000 0.0000 0.0000 0.0000	</row2>
					<row3>	-0.3025 0.6634 -2.9874 1.0000	</row3>
				</transform>
			</node>
			<node>
				<identifier>	MP_SM015_Life_Buoy_INDEX_5	</identifier>
				<transform>
					<row0>	0.0495 0.0000 -0.9988 0.0000	</row0>
					<row1>	0.0000 1.0000 0.0000 0.0000	</row1>
					<row2>	0.9988 0.0000 0.0495 0.0000	</row2>
					<row3>	-0.5981 0.4920 -3.0544 1.0000	</row3>
				</transform>
			</node>
			<node>
				<identifier>	MP_SM019_Telephone	</identifier>
				<transform>
					<row0>	-0.8215 0.0000 -0.5702 0.0000	</row0>
					<row1>	0.0000 1.0000 0.0000 0.0000	</row1>
					<row2>	0.5702 0.0000 -0.8215 0.0000	</row2>
					<row3>	0.0483 0.9645 -2.3490 1.0000	</row3>
				</transform>
			</node>
			<node>
				<identifier>	MP_SM019_Telephone_INDEX_1	</identifier>
				<transform>
					<row0>	-0.5636 -0.0276 -0.8256 0.0000	</row0>
					<row1>	-0.0301 0.9995 -0.0129 0.0000	</row1>
					<row2>	0.8255 0.0176 -0.5641 0.0000	</row2>
					<row3>	0.4346 0.6565 -2.3917 1.0000	</row3>
				</transform>
			</node>
			<node>
				<identifier>	MP_SM019_Telephone_INDEX_2	</identifier>
				<transform>
					<row0>	-0.5636 0.0276 0.8256 0.0000	</row0>
					<row1>	0.0301 0.9995 -0.0129 0.0000	</row1>
					<row2>	-0.8255 0.0176 -0.5641 0.0000	</row2>
					<row3>	-0.4349 0.6565 -2.3917 1.0000	</row3>
				</transform>
			</node>
			<node>
				<identifier>	MP_SM019_Telephone_INDEX_3	</identifier>
				<transform>
					<row0>	0.9999 0.0000 0.0154 0.0000	</row0>
					<row1>	0.0000 1.0000 0.0000 0.0000	</row1>
					<row2>	-0.0154 0.0000 0.9999 0.0000	</row2>
					<row3>	-0.0574 0.8136 -1.8974 1.0000	</row3>
				</transform>
			</node>
			<node>
				<identifier>	MP_SM019_Telephone_INDEX_4	</identifier>
				<transform>
					<row0>	0.9996 0.0000 -0.0289 0.0000	</row0>
					<row1>	0.0000 1.0000 0.0000 0.0000	</row1>
					<row2>	0.0289 0.0000 0.9996 0.0000	</row2>
					<row3>	0.0574 0.8136 -1.8974 1.0000	</row3>
				</transform>
			</node>
			<node>
				<identifier>	MP_SM020_Reels	</identifier>
				<transform>
					<row0>	0.8635 0.0000 0.0000 0.0000	</row0>
					<row1>	0.0000 0.8635 0.0000 0.0000	</row1>
					<row2>	0.0000 0.0000 0.8635 0.0000	</row2>
					<row3>	0.2531 0.6000 -3.1124 1.0000	</row3>
				</transform>
			</node>
			<node>
				<identifier>	MP_SM020_Reels_INDEX_1	</identifier>
				<transform>
					<row0>	0.8635 0.0000 0.0000 0.0000	</row0>
					<row1>	0.0000 0.8635 0.0000 0.0000	</row1>
					<row2>	0.0000 0.0000 0.8635 0.0000	</row2>
					<row3>	0.0490 0.4296 -1.5192 1.0000	</row3>
				</transform>
			</node>
			<node>
				<identifier>	MP_SM020_Reels_INDEX_2	</identifier>
				<transform>
					<row0>	0.8635 0.0000 0.0000 0.0000	</row0>
					<row1>	0.0000 0.8635 0.0000 0.0000	</row1>
					<row2>	0.0000 0.0000 0.8635 0.0000	</row2>
					<row3>	-0.0490 0.4296 -1.5192 1.0000	</row3>
				</transform>
			</node>
			<node>
				<identifier>	MP_SM020_Reels_INDEX_3	</identifier>
				<transform>
					<row0>	0.8635 0.0000 0.0000 0.0000	</row0>
					<row1>	0.0000 0.8635 0.0000 0.0000	</row1>
					<row2>	0.0000 0.0000 0.8635 0.0000	</row2>
					<row3>	-0.2531 0.6000 -3.1124 1.0000	</row3>
				</transform>
			</node>
			<node>
				<identifier>	MP_SM025_Running_Lights_F	</identifier>
				<transform>
					<row0>	1.0000 0.0000 0.0000 0.0000	</row0>
					<row1>	0.0000 1.0000 0.0000 0.0000	</row1>
					<row2>	0.0000 0.0000 1.0000 0.0000	</row2>
					<row3>	0.0000 2.8031 -1.8792 1.0000	</row3>
				</transform>
			</node>
			<node>
				<identifier>	MP_SM026_Running_Lights_B	</identifier>
				<transform>
					<row0>	1.0000 0.0000 0.0000 0.0000	</row0>
					<row1>	0.0000 1.0000 0.0000 0.0000	</row1>
					<row2>	0.0000 0.0000 1.0000 0.0000	</row2>
					<row3>	0.0000 2.0025 -1.8379 1.0000	</row3>
				</transform>
			</node>
			<node>
				<identifier>	MP_SM032_Turtles_box	</identifier>
				<transform>
					<row0>	0.0000 0.0000 1.0000 0.0000	</row0>
					<row1>	0.0000 1.0000 0.0000 0.0000	</row1>
					<row2>	-1.0000 0.0000 0.0000 0.0000	</row2>
					<row3>	-0.3054 0.4341 -1.7965 1.0000	</row3>
				</transform>
			</node>
			<node>
				<identifier>	MP_SM032_Turtles_box_INDEX_1	</identifier>
				<transform>
					<row0>	0.0000 0.0000 -1.0000 0.0000	</row0>
					<row1>	0.0000 1.0000 0.0000 0.0000	</row1>
					<row2>	1.0000 0.0000 0.0000 0.0000	</row2>
					<row3>	0.3054 0.4341 -1.7965 1.0000	</row3>
				</transform>
			</node>
			<node>
				<identifier>	MP_SM035_Speaker	</identifier>
				<transform>
					<row0>	-1.0000 0.0000 0.0000 0.0000	</row0>
					<row1>	0.0000 1.0000 0.0000 0.0000	</row1>
					<row2>	0.0000 0.0000 -1.0000 0.0000	</row2>
					<row3>	0.0000 0.5679 -3.9118 1.0000	</row3>
				</transform>
			</node>
			<node>
				<identifier>	MP_SM035_Speaker_INDEX_1	</identifier>
				<transform>
					<row0>	1.0000 0.0000 0.0000 0.0000	</row0>
					<row1>	0.0000 1.0000 0.0000 0.0000	</row1>
					<row2>	0.0000 0.0000 1.0000 0.0000	</row2>
					<row3>	0.0000 0.5710 -1.6556 1.0000	</row3>
				</transform>
			</node>
			<node>
				<identifier>	MP_SM035_Speaker_INDEX_2	</identifier>
				<transform>
					<row0>	0.0000 0.0000 -1.0000 0.0000	</row0>
					<row1>	0.0000 1.0000 0.0000 0.0000	</row1>
					<row2>	1.0000 0.0000 0.0000 0.0000	</row2>
					<row3>	0.1280 0.7136 -2.8224 1.0000	</row3>
				</transform>
			</node>
			<node>
				<identifier>	MP_SM035_Speaker_INDEX_3	</identifier>
				<transform>
					<row0>	0.0000 0.0000 1.0000 0.0000	</row0>
					<row1>	0.0000 1.0000 0.0000 0.0000	</row1>
					<row2>	-1.0000 0.0000 0.0000 0.0000	</row2>
					<row3>	-0.1280 0.7136 -2.8224 1.0000	</row3>
				</transform>
			</node>
			<node>
				<identifier>	MP_SM036_Speaker	</identifier>
				<transform>
					<row0>	0.8480 0.0000 -0.5299 0.0000	</row0>
					<row1>	0.0000 1.0000 0.0000 0.0000	</row1>
					<row2>	0.5299 0.0000 0.8480 0.0000	</row2>
					<row3>	-0.0735 0.7056 -2.9824 1.0000	</row3>
				</transform>
			</node>
			<node>
				<identifier>	MP_SM036_Speaker_INDEX_1	</identifier>
				<transform>
					<row0>	-1.0000 0.0000 0.0000 0.0000	</row0>
					<row1>	0.0000 1.0000 0.0000 0.0000	</row1>
					<row2>	0.0000 0.0000 -1.0000 0.0000	</row2>
					<row3>	0.0000 0.8903 -1.9349 1.0000	</row3>
				</transform>
			</node>
			<node>
				<identifier>	MP_SM038_Helmet	</identifier>
				<transform>
					<row0>	0.8299 0.0000 -0.5579 0.0000	</row0>
					<row1>	-0.5579 0.0000 -0.8299 0.0000	</row1>
					<row2>	0.0000 1.0000 0.0000 0.0000	</row2>
					<row3>	0.3720 0.6540 -2.1985 1.0000	</row3>
				</transform>
			</node>
			<node>
				<identifier>	MP_SM038_Helmet_INDEX_1	</identifier>
				<transform>
					<row0>	-0.8307 0.0000 0.5567 0.0000	</row0>
					<row1>	0.5567 0.0000 0.8307 0.0000	</row1>
					<row2>	0.0000 1.0000 0.0000 0.0000	</row2>
					<row3>	-0.3692 0.6540 -2.4555 1.0000	</row3>
				</transform>
			</node>
			<node>
				<identifier>	MP_SM038_Helmet_INDEX_10	</identifier>
				<transform>
					<row0>	0.0000 0.0000 -1.0000 0.0000	</row0>
					<row1>	-1.0000 0.0000 0.0000 0.0000	</row1>
					<row2>	0.0000 1.0000 0.0000 0.0000	</row2>
					<row3>	0.1268 0.8092 -2.4182 1.0000	</row3>
				</transform>
			</node>
			<node>
				<identifier>	MP_SM038_Helmet_INDEX_11	</identifier>
				<transform>
					<row0>	0.0000 0.0000 1.0000 0.0000	</row0>
					<row1>	1.0000 0.0000 0.0000 0.0000	</row1>
					<row2>	0.0000 1.0000 0.0000 0.0000	</row2>
					<row3>	-0.1268 0.8092 -2.4182 1.0000	</row3>
				</transform>
			</node>
			<node>
				<identifier>	MP_SM038_Helmet_INDEX_12	</identifier>
				<transform>
					<row0>	0.0000 0.0000 1.0000 0.0000	</row0>
					<row1>	1.0000 0.0000 0.0000 0.0000	</row1>
					<row2>	0.0000 1.0000 0.0000 0.0000	</row2>
					<row3>	-0.1268 0.8092 -2.3968 1.0000	</row3>
				</transform>
			</node>
			<node>
				<identifier>	MP_SM038_Helmet_INDEX_13	</identifier>
				<transform>
					<row0>	0.0000 0.0000 -1.0000 0.0000	</row0>
					<row1>	-1.0000 0.0000 0.0000 0.0000	</row1>
					<row2>	0.0000 1.0000 0.0000 0.0000	</row2>
					<row3>	0.1268 0.8092 -2.3968 1.0000	</row3>
				</transform>
			</node>
			<node>
				<identifier>	MP_SM038_Helmet_INDEX_14	</identifier>
				<transform>
					<row0>	0.0000 0.0000 -1.0000 0.0000	</row0>
					<row1>	-1.0000 0.0000 0.0000 0.0000	</row1>
					<row2>	0.0000 1.0000 0.0000 0.0000	</row2>
					<row3>	0.0649 0.9699 -2.0882 1.0000	</row3>
				</transform>
			</node>
			<node>
				<identifier>	MP_SM038_Helmet_INDEX_15	</identifier>
				<transform>
					<row0>	0.0000 0.0000 1.0000 0.0000	</row0>
					<row1>	1.0000 0.0000 0.0000 0.0000	</row1>
					<row2>	0.0000 1.0000 0.0000 0.0000	</row2>
					<row3>	-0.0649 0.9699 -2.0882 1.0000	</row3>
				</transform>
			</node>
			<node>
				<identifier>	MP_SM038_Helmet_INDEX_2	</identifier>
				<transform>
					<row0>	0.8299 0.0000 0.5579 0.0000	</row0>
					<row1>	0.5579 0.0000 -0.8299 0.0000	</row1>
					<row2>	0.0000 1.0000 0.0000 0.0000	</row2>
					<row3>	-0.3720 0.6540 -2.1985 1.0000	</row3>
				</transform>
			</node>
			<node>
				<identifier>	MP_SM038_Helmet_INDEX_3	</identifier>
				<transform>
					<row0>	0.5520 0.0000 -0.8339 0.0000	</row0>
					<row1>	-0.8339 0.0000 -0.5520 0.0000	</row1>
					<row2>	0.0000 1.0000 0.0000 0.0000	</row2>
					<row3>	0.4237 0.6540 -2.2453 1.0000	</row3>
				</transform>
			</node>
			<node>
				<identifier>	MP_SM038_Helmet_INDEX_4	</identifier>
				<transform>
					<row0>	-0.9814 0.0000 -0.1918 0.0000	</row0>
					<row1>	-0.1918 0.0000 0.9814 0.0000	</row1>
					<row2>	0.0000 1.0000 0.0000 0.0000	</row2>
					<row3>	0.3472 0.6540 -2.4637 1.0000	</row3>
				</transform>
			</node>
			<node>
				<identifier>	MP_SM038_Helmet_INDEX_5	</identifier>
				<transform>
					<row0>	-0.8307 0.0000 -0.5567 0.0000	</row0>
					<row1>	-0.5567 0.0000 0.8307 0.0000	</row1>
					<row2>	0.0000 1.0000 0.0000 0.0000	</row2>
					<row3>	0.3692 0.6540 -2.4555 1.0000	</row3>
				</transform>
			</node>
			<node>
				<identifier>	MP_SM038_Helmet_INDEX_6	</identifier>
				<transform>
					<row0>	0.5520 0.0000 0.8339 0.0000	</row0>
					<row1>	0.8339 0.0000 -0.5520 0.0000	</row1>
					<row2>	0.0000 1.0000 0.0000 0.0000	</row2>
					<row3>	-0.4137 0.6540 -2.2302 1.0000	</row3>
				</transform>
			</node>
			<node>
				<identifier>	MP_SM038_Helmet_INDEX_7	</identifier>
				<transform>
					<row0>	0.5520 0.0000 0.8339 0.0000	</row0>
					<row1>	0.8339 0.0000 -0.5520 0.0000	</row1>
					<row2>	0.0000 1.0000 0.0000 0.0000	</row2>
					<row3>	-0.4237 0.6540 -2.2453 1.0000	</row3>
				</transform>
			</node>
			<node>
				<identifier>	MP_SM038_Helmet_INDEX_8	</identifier>
				<transform>
					<row0>	-0.9814 0.0000 0.1918 0.0000	</row0>
					<row1>	0.1918 0.0000 0.9814 0.0000	</row1>
					<row2>	0.0000 1.0000 0.0000 0.0000	</row2>
					<row3>	-0.3472 0.6540 -2.4637 1.0000	</row3>
				</transform>
			</node>
			<node>
