<ASB024_Alabama_1945_Stern_ports.visual>
	<node>
		<identifier>	Scene Root	</identifier>
		<transform>
			<row0>	1.0000 0.0000 0.0000 0.0000	</row0>
			<row1>	0.0000 1.0000 0.0000 0.0000	</row1>
			<row2>	0.0000 0.0000 1.0000 0.0000	</row2>
			<row3>	0.0000 0.0000 0.0000 1.0000	</row3>
		</transform>
		<node>
			<identifier>	Stern_ports	</identifier>
			<transform>
				<row0>	1.0000 0.0000 0.0000 0.0000	</row0>
				<row1>	0.0000 1.0000 0.0000 0.0000	</row1>
				<row2>	0.0000 0.0000 1.0000 0.0000	</row2>
				<row3>	0.0000 0.0000 0.0000 1.0000	</row3>
			</transform>
			<node>
				<identifier>	HP_AC_1	</identifier>
				<transform>
					<row0>	0.0000 0.0000 1.0000 0.0000	</row0>
					<row1>	0.0000 1.0000 0.0000 0.0000	</row1>
					<row2>	-1.0000 0.0000 0.0000 0.0000	</row2>
					<row3>	-0.5744 0.4383 -5.8775 1.0000	</row3>
				</transform>
			</node>
			<node>
				<identifier>	HP_AC_2	</identifier>
				<transform>
					<row0>	0.0000 0.0000 -1.0000 0.0000	</row0>
					<row1>	0.0000 1.0000 0.0000 0.0000	</row1>
					<row2>	1.0000 0.0000 0.0000 0.0000	</row2>
					<row3>	0.5744 0.4383 -5.8775 1.0000	</row3>
				</transform>
			</node>
			<node>
				<identifier>	HP_AD_19	</identifier>
				<transform>
					<row0>	-1.0000 0.0000 0.0000 0.0000	</row0>
					<row1>	0.0000 1.0000 0.0000 0.0000	</row1>
					<row2>	0.0000 0.0000 -1.0000 0.0000	</row2>
					<row3>	-0.1153 0.4811 -6.5299 1.0000	</row3>
				</transform>
			</node>
			<node>
				<identifier>	HP_AD_20	</identifier>
				<transform>
					<row0>	-1.0000 0.0000 0.0000 0.0000	</row0>
					<row1>	0.0000 1.0000 0.0000 0.0000	</row1>
					<row2>	0.0000 0.0000 -1.0000 0.0000	</row2>
					<row3>	0.1153 0.4811 -6.5299 1.0000	</row3>
				</transform>
			</node>
			<node>
				<identifier>	HP_AGA_53	</identifier>
				<transform>
					<row0>	-0.7071 0.0000 0.7071 0.0000	</row0>
					<row1>	0.0000 1.0000 0.0000 0.0000	</row1>
					<row2>	-0.7071 0.0000 -0.7071 0.0000	</row2>
					<row3>	-0.7044 0.3701 -4.4047 1.0000	</row3>
				</transform>
			</node>
			<node>
				<identifier>	HP_AGA_54	</identifier>
				<transform>
					<row0>	-0.7071 0.0000 -0.7071 0.0000	</row0>
					<row1>	0.0000 1.0000 0.0000 0.0000	</row1>
					<row2>	0.7071 0.0000 -0.7071 0.0000	</row2>
					<row3>	0.7044 0.3701 -4.4047 1.0000	</row3>
				</transform>
			</node>
			<node>
				<identifier>	HP_AGA_55	</identifier>
				<transform>
					<row0>	-0.7071 0.0000 0.7071 0.0000	</row0>
					<row1>	0.0000 1.0000 0.0000 0.0000	</row1>
					<row2>	-0.7071 0.0000 -0.7071 0.0000	</row2>
					<row3>	-0.7014 0.3722 -4.6048 1.0000	</row3>
				</transform>
			</node>
			<node>
				<identifier>	HP_AGA_56	</identifier>
				<transform>
					<row0>	-0.7071 0.0000 -0.7071 0.0000	</row0>
					<row1>	0.0000 1.0000 0.0000 0.0000	</row1>
					<row2>	0.7071 0.0000 -0.7071 0.0000	</row2>
					<row3>	0.7014 0.3722 -4.6048 1.0000	</row3>
				</transform>
			</node>
			<node>
				<identifier>	HP_AGA_57	</identifier>
				<transform>
					<row0>	-0.7071 0.0000 0.7071 0.0000	</row0>
					<row1>	0.0000 1.0000 0.0000 0.0000	</row1>
					<row2>	-0.7071 0.0000 -0.7071 0.0000	</row2>
					<row3>	-0.6948 0.3736 -4.8049 1.0000	</row3>
				</transform>
			</node>
			<node>
				<identifier>	HP_AGA_58	</identifier>
				<transform>
					<row0>	-0.7071 0.0000 -0.7071 0.0000	</row0>
					<row1>	0.0000 1.0000 0.0000 0.0000	</row1>
					<row2>	0.7071 0.0000 -0.7071 0.0000	</row2>
					<row3>	0.6948 0.3736 -4.8049 1.0000	</row3>
				</transform>
			</node>
			<node>
				<identifier>	HP_AGA_59	</identifier>
				<transform>
					<row0>	-1.0000 0.0000 0.0000 0.0000	</row0>
					<row1>	0.0000 1.0000 0.0000 0.0000	</row1>
					<row2>	0.0000 0.0000 -1.0000 0.0000	</row2>
					<row3>	-0.1229 0.5109 -5.0652 1.0000	</row3>
				</transform>
			</node>
			<node>
				<identifier>	HP_AGA_60	</identifier>
				<transform>
					<row0>	-1.0000 0.0000 0.0000 0.0000	</row0>
					<row1>	0.0000 1.0000 0.0000 0.0000	</row1>
					<row2>	0.0000 0.0000 -1.0000 0.0000	</row2>
					<row3>	0.1229 0.5109 -5.0652 1.0000	</row3>
				</transform>
			</node>
			<node>
				<identifier>	HP_AGA_61	</identifier>
				<transform>
					<row0>	-1.0000 0.0000 0.0000 0.0000	</row0>
					<row1>	0.0000 1.0000 0.0000 0.0000	</row1>
					<row2>	0.0000 0.0000 -1.0000 0.0000	</row2>
					<row3>	-0.3216 0.4035 -6.6622 1.0000	</row3>
				</transform>
			</node>
			<node>
				<identifier>	HP_AGA_62	</identifier>
				<transform>
					<row0>	-1.0000 0.0000 0.0000 0.0000	</row0>
					<row1>	0.0000 1.0000 0.0000 0.0000	</row1>
					<row2>	0.0000 0.0000 -1.0000 0.0000	</row2>
					<row3>	0.3216 0.4035 -6.6622 1.0000	</row3>
				</transform>
			</node>
			<node>
				<identifier>	HP_FX_Fire_4	</identifier>
				<transform>
					<row0>	1.0000 0.0000 0.0000 0.0000	</row0>
					<row1>	0.0000 1.0000 0.0000 0.0000	</row1>
					<row2>	0.0000 0.0000 1.0000 0.0000	</row2>
					<row3>	0.0000 0.4462 -5.6400 1.0000	</row3>
				</transform>
			</node>
			<node>
				<identifier>	HP_FX_Flood_water_left	</identifier>
				<transform>
					<row0>	-1.0000 0.0000 0.0000 0.0000	</row0>
					<row1>	0.0000 1.0000 0.0000 0.0000	</row1>
					<row2>	0.0000 0.0000 -1.0000 0.0000	</row2>
					<row3>	-0.9791 0.0701 -4.0678 1.0000	</row3>
				</transform>
			</node>
			<node>
				<identifier>	HP_FX_Flood_water_right	</identifier>
				<transform>
					<row0>	1.0000 0.0000 0.0000 0.0000	</row0>
					<row1>	0.0000 1.0000 0.0000 0.0000	</row1>
					<row2>	0.0000 0.0000 1.0000 0.0000	</row2>
					<row3>	0.9783 0.0664 -4.0680 1.0000	</row3>
				</transform>
			</node>
			<node>
				<identifier>	HP_FX_RepairLight_left_2	</identifier>
				<transform>
					<row0>	-0.0968 0.0000 0.9953 0.0000	</row0>
					<row1>	-0.1855 0.9825 -0.0180 0.0000	</row1>
					<row2>	-0.9779 -0.1864 -0.0951 0.0000	</row2>
					<row3>	-1.0092 0.3765 -4.2976 1.0000	</row3>
				</transform>
			</node>
			<node>
				<identifier>	HP_FX_WakeTraceBack	</identifier>
				<transform>
					<row0>	1.0000 0.0000 0.0000 0.0000	</row0>
					<row1>	0.0000 1.0000 0.0000 0.0000	</row1>
					<row2>	0.0000 0.0000 1.0000 0.0000	</row2>
					<row3>	0.0000 0.0000 -6.8104 1.0000	</row3>
				</transform>
			</node>
			<node>
				<identifier>	HP_FX_WakeTrace_screw_1	</identifier>
				<transform>
					<row0>	1.0000 0.0000 0.0000 0.0000	</row0>
					<row1>	0.0000 1.0000 0.0000 0.0000	</row1>
					<row2>	0.0000 0.0000 1.0000 0.0000	</row2>
					<row3>	-0.1868 -0.4930 -5.3952 1.0000	</row3>
				</transform>
			</node>
			<node>
				<identifier>	HP_FX_WakeTrace_screw_2	</identifier>
				<transform>
					<row0>	1.0000 0.0000 0.0000 0.0000	</row0>
					<row1>	0.0000 1.0000 0.0000 0.0000	</row1>
					<row2>	0.0000 0.0000 1.0000 0.0000	</row2>
					<row3>	-0.5891 -0.4942 -5.4656 1.0000	</row3>
				</transform>
			</node>
			<node>
				<identifier>	HP_FX_WakeTrace_screw_3	</identifier>
				<transform>
					<row0>	1.0000 0.0000 0.0000 0.0000	</row0>
					<row1>	0.0000 1.0000 0.0000 0.0000	</row1>
					<row2>	0.0000 0.0000 1.0000 0.0000	</row2>
					<row3>	0.1868 -0.4930 -5.3952 1.0000	</row3>
				</transform>
			</node>
			<node>
				<identifier>	HP_FX_WakeTrace_screw_4	</identifier>
				<transform>
					<row0>	1.0000 0.0000 0.0000 0.0000	</row0>
					<row1>	0.0000 1.0000 0.0000 0.0000	</row1>
					<row2>	0.0000 0.0000 1.0000 0.0000	</row2>
					<row3>	0.5891 -0.4942 -5.4656 1.0000	</row3>
				</transform>
			</node>
			<node>
				<identifier>	HP_Ship_death_3	</identifier>
				<transform>
					<row0>	1.0000 0.0000 0.0000 0.0000	</row0>
					<row1>	0.0000 1.0000 0.0000 0.0000	</row1>
					<row2>	0.0000 0.0000 1.0000 0.0000	</row2>
					<row3>	0.0000 0.0000 -3.8977 1.0000	</row3>
				</transform>
			</node>
			<node>
				<identifier>	MP_AM001_Bollard_2	</identifier>
				<transform>
					<row0>	1.4852 0.0000 -0.2105 0.0000	</row0>
					<row1>	0.0037 1.4998 0.0259 0.0000	</row1>
					<row2>	0.2105 -0.0261 1.4849 0.0000	</row2>
					<row3>	0.8832 0.3762 -4.9031 1.0000	</row3>
				</transform>
			</node>
			<node>
				<identifier>	MP_AM001_Bollard_2_INDEX_1	</identifier>
				<transform>
					<row0>	1.5000 0.0000 0.0000 0.0000	</row0>
					<row1>	0.0000 1.4997 0.0305 0.0000	</row1>
					<row2>	0.0000 -0.0305 1.4997 0.0000	</row2>
					<row3>	0.0667 0.3976 -6.0283 1.0000	</row3>
				</transform>
			</node>
			<node>
				<identifier>	MP_AM001_Bollard_2_INDEX_2	</identifier>
				<transform>
					<row0>	1.5000 0.0000 0.0000 0.0000	</row0>
					<row1>	0.0000 1.4997 0.0305 0.0000	</row1>
					<row2>	0.0000 -0.0305 1.4997 0.0000	</row2>
					<row3>	-0.0667 0.3976 -6.0283 1.0000	</row3>
				</transform>
			</node>
			<node>
				<identifier>	MP_AM001_Bollard_2_INDEX_3	</identifier>
				<transform>
					<row0>	1.4852 0.0000 0.2105 0.0000	</row0>
					<row1>	-0.0037 1.4998 0.0259 0.0000	</row1>
					<row2>	-0.2105 -0.0261 1.4849 0.0000	</row2>
					<row3>	-0.8832 0.3762 -4.9031 1.0000	</row3>
				</transform>
			</node>
			<node>
				<identifier>	MP_AM006_Reels_1	</identifier>
				<transform>
					<row0>	0.0000 0.0000 -2.0000 0.0000	</row0>
					<row1>	0.0000 1.5000 0.0000 0.0000	</row1>
					<row2>	1.5000 0.0000 0.0000 0.0000	</row2>
					<row3>	-0.3597 0.3750 -5.0647 1.0000	</row3>
				</transform>
			</node>
			<node>
				<identifier>	MP_AM010_Speaker_1	</identifier>
				<transform>
					<row0>	0.8662 -0.4846 -0.1221 0.0000	</row0>
					<row1>	0.4219 0.8400 -0.3413 0.0000	</row1>
					<row2>	0.2680 0.2442 0.9320 0.0000	</row2>
					<row3>	0.0813 0.4761 -5.1742 1.0000	</row3>
				</transform>
			</node>
			<node>
				<identifier>	MP_AM020_Ventilators_2	</identifier>
				<transform>
					<row0>	1.0000 0.0000 0.0000 0.0000	</row0>
					<row1>	0.0000 1.0000 0.0000 0.0000	</row1>
					<row2>	0.0000 0.0000 1.0000 0.0000	</row2>
					<row3>	-0.3049 0.3729 -4.7819 1.0000	</row3>
				</transform>
			</node>
			<node>
				<identifier>	MP_AM020_Ventilators_2_INDEX_1	</identifier>
				<transform>
					<row0>	0.0000 0.0000 1.0000 0.0000	</row0>
					<row1>	0.0000 1.0000 0.0000 0.0000	</row1>
					<row2>	-1.0000 0.0000 0.0000 0.0000	</row2>
					<row3>	0.3049 0.3729 -4.8677 1.0000	</row3>
				</transform>
			</node>
			<node>
				<identifier>	MP_AM023_Hatch_1	</identifier>
				<transform>
					<row0>	1.0000 0.0000 0.0000 0.0000	</row0>
					<row1>	0.0000 1.0000 0.0000 0.0000	</row1>
					<row2>	0.0000 0.0000 1.0000 0.0000	</row2>
					<row3>	0.4808 0.3767 -5.0777 1.0000	</row3>
				</transform>
			</node>
			<node>
				<identifier>	MP_AM023_Hatch_1_INDEX_1	</identifier>
				<transform>
					<row0>	1.0000 0.0000 0.0000 0.0000	</row0>
					<row1>	0.0000 1.0000 0.0000 0.0000	</row1>
					<row2>	0.0000 0.0000 1.0000 0.0000	</row2>
					<row3>	0.0000 0.4006 -6.7872 1.0000	</row3>
				</transform>
			</node>
			<node>
				<identifier>	MP_AM023_Hatch_1_INDEX_2	</identifier>
				<transform>
					<row0>	1.1942 0.0000 0.0000 0.0000	</row0>
					<row1>	0.0000 0.9502 0.0000 0.0000	</row1>
					<row2>	0.0000 0.0000 1.1942 0.0000	</row2>
					<row3>	0.0722 0.3925 -5.8996 1.0000	</row3>
				</transform>
			</node>
			<node>
				<identifier>	MP_AM023_Hatch_1_INDEX_3	</identifier>
				<transform>
					<row0>	1.5000 0.0000 0.0000 0.0000	</row0>
					<row1>	0.0000 0.9554 0.0000 0.0000	</row1>
					<row2>	0.0000 0.0000 1.5000 0.0000	</row2>
					<row3>	-0.1262 0.3925 -5.8996 1.0000	</row3>
				</transform>
			</node>
			<node>
				<identifier>	MP_AM024_Hatch_2	</identifier>
				<transform>
					<row0>	1.0000 0.0000 0.0000 0.0000	</row0>
					<row1>	0.0000 1.0000 0.0000 0.0000	</row1>
					<row2>	0.0000 0.0000 1.0000 0.0000	</row2>
					<row3>	0.1964 0.3726 -4.6331 1.0000	</row3>
				</transform>
			</node>
			<node>
				<identifier>	MP_AM024_Hatch_2_INDEX_1	</identifier>
				<transform>
					<row0>	1.0000 0.0000 0.0000 0.0000	</row0>
					<row1>	0.0000 1.0000 0.0000 0.0000	</row1>
					<row2>	0.0000 0.0000 1.0000 0.0000	</row2>
					<row3>	-0.1217 0.3612 -4.3716 1.0000	</row3>
				</transform>
			</node>
			<node>
				<identifier>	MP_AM024_Hatch_2_INDEX_2	</identifier>
				<transform>
					<row0>	1.0000 0.0000 0.0000 0.0000	</row0>
					<row1>	0.0000 1.0000 0.0000 0.0000	</row1>
					<row2>	0.0000 0.0000 1.0000 0.0000	</row2>
					<row3>	-0.1342 0.3807 -5.3334 1.0000	</row3>
				</transform>
			</node>
			<node>
				<identifier>	MP_AM030_Ammunition_Box4	</identifier>
				<transform>
					<row0>	0.0000 0.0000 -1.0000 0.0000	</row0>
					<row1>	0.0000 1.0000 0.0000 0.0000	</row1>
					<row2>	1.0000 0.0000 0.0000 0.0000	</row2>
					<row3>	-0.5772 0.3706 -4.6911 1.0000	</row3>
				</transform>
			</node>
			<node>
				<identifier>	MP_AM030_Ammunition_Box4_INDEX_1	</identifier>
				<transform>
					<row0>	0.0000 0.0000 1.0000 0.0000	</row0>
					<row1>	0.0000 1.0000 0.0000 0.0000	</row1>
					<row2>	-1.0000 0.0000 0.0000 0.0000	</row2>
					<row3>	0.5772 0.3707 -4.5993 1.0000	</row3>
				</transform>
			</node>
			<node>
				<identifier>	MP_AM030_Ammunition_Box4_INDEX_2	</identifier>
				<transform>
					<row0>	1.0000 0.0000 0.0000 0.0000	</row0>
					<row1>	0.0000 1.0000 0.0000 0.0000	</row1>
					<row2>	0.0000 0.0000 1.0000 0.0000	</row2>
					<row3>	0.0000 0.5095 -4.9608 1.0000	</row3>
				</transform>
			</node>
			<node>
				<identifier>	MP_AM030_Ammunition_Box4_INDEX_3	</identifier>
				<transform>
					<row0>	0.0000 0.0000 1.0000 0.0000	</row0>
					<row1>	0.0000 1.0000 0.0000 0.0000	</row1>
					<row2>	-1.0000 0.0000 0.0000 0.0000	</row2>
					<row3>	0.5772 0.3706 -4.6911 1.0000	</row3>
				</transform>
			</node>
			<node>
				<identifier>	MP_AM030_Ammunition_Box4_INDEX_4	</identifier>
				<transform>
					<row0>	1.0000 0.0000 0.0000 0.0000	</row0>
					<row1>	0.0000 1.0000 0.0000 0.0000	</row1>
					<row2>	0.0000 0.0000 1.0000 0.0000	</row2>
					<row3>	0.0000 0.5095 -5.1629 1.0000	</row3>
				</transform>
			</node>
			<node>
				<identifier>	MP_AM030_Ammunition_Box4_INDEX_5	</identifier>
				<transform>
					<row0>	0.0000 0.0000 -1.0000 0.0000	</row0>
					<row1>	0.0000 1.0000 0.0000 0.0000	</row1>
					<row2>	1.0000 0.0000 0.0000 0.0000	</row2>
					<row3>	-0.5772 0.3707 -4.5069 1.0000	</row3>
				</transform>
			</node>
			<node>
				<identifier>	MP_AM030_Ammunition_Box4_INDEX_6	</identifier>
				<transform>
					<row0>	0.0000 0.0000 1.0000 0.0000	</row0>
					<row1>	0.0000 1.0000 0.0000 0.0000	</row1>
					<row2>	-1.0000 0.0000 0.0000 0.0000	</row2>
					<row3>	0.5772 0.3707 -4.5069 1.0000	</row3>
				</transform>
			</node>
			<node>
				<identifier>	MP_AM030_Ammunition_Box4_INDEX_7	</identifier>
				<transform>
					<row0>	0.0000 0.0000 -1.0000 0.0000	</row0>
					<row1>	0.0000 1.0000 0.0000 0.0000	</row1>
					<row2>	1.0000 0.0000 0.0000 0.0000	</row2>
					<row3>	-0.5772 0.3707 -4.5993 1.0000	</row3>
				</transform>
			</node>
			<node>
				<identifier>	MP_AM046_Running_Lights_B	</identifier>
				<transform>
					<row0>	-1.0000 0.0000 0.0000 0.0000	</row0>
					<row1>	0.0000 1.0000 0.0000 0.0000	</row1>
					<row2>	0.0000 0.0000 -1.0000 0.0000	</row2>
					<row3>	-0.0622 0.6336 -6.9327 1.0000	</row3>
				</transform>
			</node>
			<node>
				<identifier>	MP_AM058_Boat_4	</identifier>
				<transform>
					<row0>	0.2516 0.0000 -0.9678 0.0000	</row0>
					<row1>	0.0000 1.0000 0.0000 0.0000	</row1>
					<row2>	0.9678 0.0000 0.2516 0.0000	</row2>
					<row3>	-0.6746 0.3832 -5.3855 1.0000	</row3>
				</transform>
			</node>
			<node>
				<identifier>	MP_AM058_Boat_4_INDEX_1	</identifier>
				<transform>
					<row0>	0.2516 0.0000 0.9678 0.0000	</row0>
					<row1>	0.0000 1.0000 0.0000 0.0000	</row1>
					<row2>	-0.9678 0.0000 0.2516 0.0000	</row2>
					<row3>	0.6746 0.3832 -5.3855 1.0000	</row3>
				</transform>
			</node>
			<node>
				<identifier>	MP_AM076_Aircfaft_Crane_1	</identifier>
				<transform>
					<row0>	1.0000 0.0000 0.0000 0.0000	</row0>
					<row1>	0.0000 1.0000 0.0000 0.0000	</row1>
					<row2>	0.0000 0.0000 1.0000 0.0000	</row2>
					<row3>	0.0000 0.4043 -6.6743 1.0000	</row3>
				</transform>
			</node>
			<node>
				<identifier>	MP_AM078_Crane_Control_Wheel	</identifier>
				<transform>
					<row0>	0.9326 0.0000 0.3608 0.0000	</row0>
					<row1>	0.0000 1.0000 0.0000 0.0000	</row1>
					<row2>	-0.3608 0.0000 0.9326 0.0000	</row2>
					<row3>	0.1822 0.4091 -6.8221 1.0000	</row3>
				</transform>
			</node>
			<node>
				<identifier>	MP_AM088_Capstan_1	</identifier>
				<transform>
					<row0>	1.0000 0.0000 0.0000 0.0000	</row0>
					<row1>	0.0000 1.0000 0.0000 0.0000	</row1>
					<row2>	0.0000 0.0000 1.0000 0.0000	</row2>
					<row3>	0.0611 0.3792 -5.3365 1.0000	</row3>
				</transform>
			</node>
			<node>
				<identifier>	MP_AM101_Cooling_tube	</identifier>
				<transform>
					<row0>	0.5614 0.8275 0.0000 0.0000	</row0>
					<row1>	-0.8275 0.5614 0.0000 0.0000	</row1>
					<row2>	0.0000 0.0000 1.0000 0.0000	</row2>
					<row3>	0.1341 0.5155 -5.1976 1.0000	</row3>
				</transform>
			</node>
			<node>
				<identifier>	MP_AM101_Cooling_tube_INDEX_1	</identifier>
				<transform>
					<row0>	0.0000 0.0000 1.0000 0.0000	</row0>
					<row1>	0.0000 1.0000 0.0000 0.0000	</row1>
					<row2>	-1.0000 0.0000 0.0000 0.0000	</row2>
					<row3>	0.8070 0.4060 -4.4730 1.0000	</row3>
				</transform>
			</node>
			<node>
				<identifier>	MP_AM101_Cooling_tube_INDEX_2	</identifier>
				<transform>
					<row0>	0.0000 0.0000 1.0000 0.0000	</row0>
					<row1>	0.0000 1.0000 0.0000 0.0000	</row1>
					<row2>	-1.0000 0.0000 0.0000 0.0000	</row2>
					<row3>	0.8059 0.4085 -4.8272 1.0000	</row3>
				</transform>
			</node>
			<node>
				<identifier>	MP_AM101_Cooling_tube_INDEX_3	</identifier>
				<transform>
					<row0>	0.0000 0.0000 1.0000 0.0000	</row0>
					<row1>	0.0000 1.0000 0.0000 0.0000	</row1>
					<row2>	-1.0000 0.0000 0.0000 0.0000	</row2>
					<row3>	0.8071 0.4071 -4.6617 1.0000	</row3>
				</transform>
			</node>
			<node>
				<identifier>	MP_AM101_Cooling_tube_INDEX_4	</identifier>
				<transform>
					<row0>	0.2351 0.9720 0.0000 0.0000	</row0>
					<row1>	-0.9720 0.2351 0.0000 0.0000	</row1>
					<row2>	0.0000 0.0000 1.0000 0.0000	</row2>
					<row3>	-0.1334 0.5155 -5.1976 1.0000	</row3>
				</transform>
			</node>
			<node>
				<identifier>	MP_AM101_Cooling_tube_INDEX_5	</identifier>
				<transform>
					<row0>	0.0000 0.7071 0.7071 0.0000	</row0>
					<row1>	0.0000 -0.7071 0.7071 0.0000	</row1>
					<row2>	1.0000 0.0000 0.0000 0.0000	</row2>
					<row3>	-0.8071 0.4071 -4.6617 1.0000	</row3>
				</transform>
			</node>
			<node>
				<identifier>	MP_AM101_Cooling_tube_INDEX_6	</identifier>
				<transform>
					<row0>	0.0000 0.7071 0.7071 0.0000	</row0>
					<row1>	0.0000 -0.7071 0.7071 0.0000	</row1>
					<row2>	1.0000 0.0000 0.0000 0.0000	</row2>
					<row3>	-0.8059 0.4085 -4.8272 1.0000	</row3>
				</transform>
			</node>
			<node>
				<identifier>	MP_AM101_Cooling_tube_INDEX_7	</identifier>
				<transform>
					<row0>	0.0000 0.7071 0.7071 0.0000	</row0>
					<row1>	0.0000 -0.7071 0.7071 0.0000	</row1>
					<row2>	1.0000 0.0000 0.0000 0.0000	</row2>
					<row3>	-0.8070 0.4060 -4.4730 1.0000	</row3>
				</transform>
			</node>
			<node>
				<identifier>	MP_AM108_Reels_4	</identifier>
				<transform>
					<row0>	0.0000 0.0000 -1.0000 0.0000	</row0>
					<row1>	0.0000 1.0000 0.0000 0.0000	</row1>
					<row2>	1.0000 0.0000 0.0000 0.0000	</row2>
					<row3>	-0.3171 0.3745 -4.9126 1.0000	</row3>
				</transform>
			</node>
			<node>
				<identifier>	MP_AM108_Reels_4_INDEX_1	</identifier>
				<transform>
					<row0>	-1.0000 0.0000 0.0000 0.0000	</row0>
					<row1>	0.0000 0.9999 0.0172 0.0000	</row1>
					<row2>	0.0000 0.0172 -0.9999 0.0000	</row2>
					<row3>	0.2737 0.3799 -5.1689 1.0000	</row3>
				</transform>
			</node>
			<node>
				<identifier>	MP_AM136_Boat_10	</identifier>
				<transform>
					<row0>	0.2588 0.0000 0.9659 0.0000	</row0>
					<row1>	-0.0159 0.9999 0.0043 0.0000	</row1>
					<row2>	-0.9658 -0.0164 0.2588 0.0000	</row2>
					<row3>	0.5996 0.3876 -5.6667 1.0000	</row3>
				</transform>
			</node>
			<node>
				<identifier>	MP_AM136_Boat_10_INDEX_1	</identifier>
				<transform>
					<row0>	0.2588 0.0000 -0.9659 0.0000	</row0>
					<row1>	0.0159 0.9999 0.0043 0.0000	</row1>
					<row2>	0.9658 -0.0164 0.2588 0.0000	</row2>
					<row3>	-0.5996 0.3876 -5.6667 1.0000	</row3>
				</transform>
			</node>
			<node>
				<identifier>	MP_AM136_Boat_10_INDEX_2	</identifier>
				<transform>
					<row0>	0.2591 0.0192 -0.9657 0.0000	</row0>
					<row1>	0.0109 0.9997 0.0228 0.0000	</row1>
					<row2>	0.9658 -0.0164 0.2588 0.0000	</row2>
					<row3>	-0.6371 0.3859 -5.5249 1.0000	</row3>
				</transform>
			</node>
			<node>
				<identifier>	MP_AM136_Boat_10_INDEX_3	</identifier>
				<transform>
					<row0>	0.2591 -0.0192 0.9657 0.0000	</row0>
					<row1>	-0.0109 0.9997 0.0228 0.0000	</row1>
					<row2>	-0.9658 -0.0164 0.2588 0.0000	</row2>
					<row3>	0.6371 0.3859 -5.5249 1.0000	</row3>
				</transform>
			</node>
			<node>
				<identifier>	MP_AM238_Whaleboat_24ft	</identifier>
				<transform>
					<row0>	-1.0000 0.0000 0.0000 0.0000	</row0>
					<row1>	0.0000 1.0000 0.0000 0.0000	</row1>
					<row2>	0.0000 0.0000 -1.0000 0.0000	</row2>
					<row3>	-0.4510 0.4147 -4.5841 1.0000	</row3>
				</transform>
			</node>
			<node>
				<identifier>	MP_AM238_Whaleboat_24ft_INDEX_1	</identifier>
				<transform>
					<row0>	-1.0000 0.0000 0.0000 0.0000	</row0>
					<row1>	0.0000 1.0000 0.0000 0.0000	</row1>
					<row2>	0.0000 0.0000 -1.0000 0.0000	</row2>
					<row3>	0.4510 0.4147 -4.5841 1.0000	</row3>
				</transform>
			</node>
			<node>
				<identifier>	MP_AM352_Stern_Light	</identifier>
				<transform>
					<row0>	0.0000 0.0000 -1.0000 0.0000	</row0>
					<row1>	0.0000 1.0000 0.0000 0.0000	</row1>
					<row2>	1.0000 0.0000 0.0000 0.0000	</row2>
					<row3>	-0.0624 0.4606 -6.9018 1.0000	</row3>
				</transform>
			</node>
			<node>
				<identifier>	MP_AM376_Fairlead	</identifier>
				<transform>
					<row0>	-0.9953 -0.0157 0.0956 0.0000	</row0>
					<row1>	-0.0143 0.9998 0.0159 0.0000	</row1>
					<row2>	-0.0958 0.0145 -0.9953 0.0000	</row2>
					<row3>	1.0056 0.3691 -4.2302 1.0000	</row3>
				</transform>
			</node>
			<node>
				<identifier>	MP_AM376_Fairlead_INDEX_1	</identifier>
				<transform>
					<row0>	0.8921 0.0150 0.4516 0.0000	</row0>
					<row1>	-0.0174 0.9998 0.0012 0.0000	</row1>
					<row2>	-0.4516 -0.0090 0.8922 0.0000	</row2>
					<row3>	-0.5025 0.4020 -6.5036 1.0000	</row3>
				</transform>
			</node>
			<node>
				<identifier>	MP_AM376_Fairlead_INDEX_2	</identifier>
				<transform>
					<row0>	-0.8891 0.0149 0.4575 0.0000	</row0>
					<row1>	0.0174 0.9998 0.0012 0.0000	</row1>
					<row2>	-0.4574 0.0091 -0.8892 0.0000	</row2>
					<row3>	0.5025 0.4020 -6.5036 1.0000	</row3>
				</transform>
			</node>
			<node>
				<identifier>	MP_AM376_Fairlead_INDEX_3	</identifier>
				<transform>
					<row0>	-0.9817 -0.0157 0.1896 0.0000	</row0>
					<row1>	-0.0122 0.9997 0.0200 0.0000	</row1>
					<row2>	-0.1899 0.0173 -0.9816 0.0000	</row2>
					<row3>	0.8441 0.3824 -5.3481 1.0000	</row3>
				</transform>
			</node>
			<node>
				<identifier>	MP_AM376_Fairlead_INDEX_4	</identifier>
				<transform>
					<row0>	0.9817 0.0157 0.1896 0.0000	</row0>
					<row1>	-0.0177 0.9998 0.0089 0.0000	</row1>
					<row2>	-0.1895 -0.0121 0.9818 0.0000	</row2>
					<row3>	-0.8441 0.3829 -5.3481 1.0000	</row3>
				</transform>
			</node>
			<node>
				<identifier>	MP_AM376_Fairlead_INDEX_5	</identifier>
				<transform>
					<row0>	0.9953 0.0149 0.0957 0.0000	</row0>
					<row1>	-0.0152 0.9999 0.0019 0.0000	</row1>
					<row2>	-0.0957 -0.0034 0.9954 0.0000	</row2>
					<row3>	-1.0051 0.3698 -4.2302 1.0000	</row3>
				</transform>
			</node>
			<node>
				<identifier>	MP_AM442_Multipole_Switch	</identifier>
				<transform>
					<row0>	-0.1309 0.0000 0.9914 0.0000	</row0>
					<row1>	0.0000 1.0000 0.0000 0.0000	</row1>
					<row2>	-0.9914 0.0000 -0.1309 0.0000	</row2>
					<row3>	-0.3225 0.4714 -6.4958 1.0000	</row3>
				</transform>
			</node>
			<node>
				<identifier>	MP_AM442_Multipole_Switch_INDEX_1	</identifier>
				<transform>
					<row0>	-0.1309 0.0000 -0.9914 0.0000	</row0>
					<row1>	0.0000 1.0000 0.0000 0.0000	</row1>
					<row2>	0.9914 0.0000 -0.1309 0.0000	</row2>
					<row3>	0.3225 0.4714 -6.4958 1.0000	</row3>
				</transform>
			</node>
			<node>
				<identifier>	MP_AM445_Switch_box_2	</identifier>
				<transform>
					<row0>	-0.9918 0.0000 0.1280 0.0000	</row0>
					<row1>	0.0000 1.0000 0.0000 0.0000	</row1>
					<row2>	-0.1280 0.0000 -0.9918 0.0000	</row2>
					<row3>	0.3336 0.4216 -6.4889 1.0000	</row3>
				</transform>
			</node>
			<node>
				<identifier>	MP_AM445_Switch_box_2_INDEX_1	</identifier>
				<transform>
					<row0>	-0.9918 0.0000 -0.1280 0.0000	</row0>
					<row1>	0.0000 1.0000 0.0000 0.0000	</row1>
					<row2>	0.1280 0.0000 -0.9918 0.0000	</row2>
					<row3>	-0.3336 0.4216 -6.4889 1.0000	</row3>
				</transform>
			</node>
			<node>
				<identifier>	MP_AM531_Stretcher	</identifier>
				<transform>
					<row0>	0.0000 0.0000 1.0000 0.0000	</row0>
					<row1>	0.0000 1.0000 0.0000 0.0000	</row1>
					<row2>	-1.0000 0.0000 0.0000 0.0000	</row2>
					<row3>	0.1528 0.5486 -4.9323 1.0000	</row3>
				</transform>
			</node>
			<node>
				<identifier>	MP_AM531_Stretcher_INDEX_1	</identifier>
				<transform>
					<row0>	0.0000 0.0000 1.0000 0.0000	</row0>
					<row1>	0.0000 1.0000 0.0000 0.0000	</row1>
					<row2>	-1.0000 0.0000 0.0000 0.0000	</row2>
					<row3>	-0.1528 0.5486 -4.9323 1.0000	</row3>
				</transform>
			</node>
			<node>
				<identifier>	MP_AM549_Life_Buoy	</identifier>
				<transform>
					<row0>	0.9922 0.0000 -0.1245 0.0000	</row0>
					<row1>	0.0000 1.0000 0.0000 0.0000	</row1>
					<row2>	0.1245 0.0000 0.9922 0.0000	</row2>
					<row3>	0.9722 0.4183 -4.5739 1.0000	</row3>
				</transform>
			</node>
			<node>
				<identifier>	MP_AM549_Life_Buoy_INDEX_1	</identifier>
				<transform>
					<row0>	-0.9922 0.0000 -0.1245 0.0000	</row0>
					<row1>	0.0000 1.0000 0.0000 0.0000	</row1>
					<row2>	0.1245 0.0000 -0.9922 0.0000	</row2>
					<row3>	-0.9720 0.4183 -4.5748 1.0000	</row3>
				</transform>
			</node>
			<node>
				<identifier>	MP_CM002_Propeller4_L	</identifier>
				<transform>
					<row0>	1.3120 0.0000 0.0000 0.0000	</row0>
					<row1>	0.0000 1.3116 -0.0343 0.0000	</row1>
					<row2>	0.0000 0.0343 1.3116 0.0000	</row2>
					<row3>	-0.1868 -0.4930 -5.3952 1.0000	</row3>
				</transform>
			</node>
			<node>
				<identifier>	MP_CM003_Propeller5_L	</identifier>
				<transform>
					<row0>	1.3118 0.0000 0.0000 0.0000	</row0>
					<row1>	0.0000 1.3113 -0.0343 0.0000	</row1>
					<row2>	0.0000 0.0343 1.3113 0.0000	</row2>
					<row3>	-0.5891 -0.4942 -5.4656 1.0000	</row3>
				</transform>
			</node>
			<node>
				<identifier>	MP_CM011_Fire_Fighting_Gear	</identifier>
				<transform>
					<row0>	1.0000 0.0000 0.0000 0.0000	</row0>
					<row1>	0.0000 1.0000 0.0000 0.0000	</row1>
					<row2>	0.0000 0.0000 1.0000 0.0000	</row2>
					<row3>	0.0611 0.3853 -5.4162 1.0000	</row3>
				</transform>
			</node>
			<node>
				<identifier>	MP_CM033_Propeller4_R	</identifier>
				<transform>
					<row0>	1.3120 0.0000 0.0000 0.0000	</row0>
					<row1>	0.0000 1.3116 -0.0343 0.0000	</row1>
					<row2>	0.0000 0.0343 1.3116 0.0000	</row2>
					<row3>	0.1868 -0.4930 -5.3952 1.0000	</row3>
				</transform>
			</node>
			<node>
				<identifier>	MP_CM034_Propeller5_R	</identifier>
				<transform>
					<row0>	1.3120 0.0000 0.0000 0.0000	</row0>
					<row1>	0.0000 1.3116 -0.0343 0.0000	</row1>
					<row2>	0.0000 0.0343 1.3116 0.0000	</row2>
					<row3>	0.5891 -0.4942 -5.4656 1.0000	</row3>
				</transform>
			</node>
			<node>
				<identifier>	SP_YMS011_YHWL_M_1_INDEX_12	</identifier>
				<transform>
					<row0>	0.9440 0.2920 0.1538 0.0000	</row0>
					<row1>	-0.2882 0.9564 -0.0470 0.0000	</row1>
					<row2>	-0.1609 0.0000 0.9870 0.0000	</row2>
					<row3>	-0.9006 -0.0082 -4.4992 1.0000	</row3>
				</transform>
			</node>
			<node>
				<identifier>	SP_YMS011_YHWL_M_1_INDEX_13	</identifier>
				<transform>
					<row0>	0.8993 0.3832 0.2109 0.0000	</row0>
					<row1>	-0.3731 0.9237 -0.0875 0.0000	</row1>
					<row2>	-0.2283 0.0000 0.9736 0.0000	</row2>
					<row3>	-0.7250 -0.0010 -5.2971 1.0000	</row3>
				</transform>
			</node>
			<node>
				<identifier>	SP_YMS012_YHWR_M_1_INDEX_12	</identifier>
				<transform>
					<row0>	0.9440 -0.2920 -0.1538 0.0000	</row0>
					<row1>	0.2882 0.9564 -0.0470 0.0000	</row1>
					<row2>	0.1609 0.0000 0.9870 0.0000	</row2>
					<row3>	0.9006 -0.0082 -4.4992 1.0000	</row3>
				</transform>
			</node>
			<node>
				<identifier>	SP_YMS012_YHWR_M_1_INDEX_13	</identifier>
				<transform>
					<row0>	0.8993 -0.3832 -0.2109 0.0000	</row0>
					<row1>	0.3731 0.9237 -0.0875 0.0000	</row1>
					<row2>	0.2283 0.0000 0.9736 0.0000	</row2>
					<row3>	0.7250 -0.0010 -5.2971 1.0000	</row3>
				</transform>
			</node>
			<node>
				<identifier>	SP_YMS023_YHUC_L_1	</identifier>
				<transform>
					<row0>	0.8515 0.0000 0.0000 0.0000	</row0>
					<row1>	0.0000 0.8512 -0.0223 0.0000	</row1>
					<row2>	0.0000 0.0223 0.8512 0.0000	</row2>
					<row3>	-0.1868 -0.4930 -5.3952 1.0000	</row3>
				</transform>
			</node>
			<node>
				<identifier>	SP_YMS023_YHUC_L_1_INDEX_1	</identifier>
				<transform>
					<row0>	0.8515 0.0000 0.0000 0.0000	</row0>
					<row1>	0.0000 0.8512 -0.0223 0.0000	</row1>
					<row2>	0.0000 0.0223 0.8512 0.0000	</row2>
					<row3>	0.1868 -0.4930 -5.3952 1.0000	</row3>
				</transform>
			</node>
			<node>
				<identifier>	SP_YMS023_YHUC_L_1_INDEX_2	</identifier>
				<transform>
					<row0>	0.8515 0.0000 0.0000 0.0000	</row0>
					<row1>	0.0000 0.8512 -0.0223 0.0000	</row1>
					<row2>	0.0000 0.0223 0.8512 0.0000	</row2>
					<row3>	-0.5891 -0.4942 -5.4656 1.0000	</row3>
				</transform>
			</node>
			<node>
				<identifier>	SP_YMS023_YHUC_L_1_INDEX_3	</identifier>
				<transform>
					<row0>	0.8515 0.0000 0.0000 0.0000	</row0>
					<row1>	0.0000 0.8512 -0.0223 0.0000	</row1>
					<row2>	0.0000 0.0223 0.8512 0.0000	</row2>
					<row3>	0.5891 -0.4942 -5.4656 1.0000	</row3>
				</transform>
			</node>
			<node>
				<identifier>	SP_YMS030_YHAM_M_1	</identifier>
				<transform>
					<row0>	0.8364 0.0000 0.0000 0.0000	</row0>
					<row1>	0.0000 0.8364 0.0000 0.0000	</row1>
					<row2>	0.0000 0.0000 0.8364 0.0000	</row2>
					<row3>	0.0000 0.2384 -6.9380 1.0000	</row3>
				</transform>
			</node>
			<node>
				<identifier>	SP_YMS031_YHAL_M_1	</identifier>
				<transform>
					<row0>	1.0383 0.4956 0.4378 0.0000	</row0>
					<row1>	-0.4700 1.1264 -0.1604 0.0000	</row1>
					<row2>	-0.4652 -0.0318 1.1393 0.0000	</row2>
					<row3>	-0.4760 0.2028 -6.3551 1.0000	</row3>
				</transform>
			</node>
			<node>
				<identifier>	SP_YMS032_YHAR_M_1	</identifier>
				<transform>
					<row0>	1.0383 -0.4956 -0.4378 0.0000	</row0>
					<row1>	0.4700 1.1264 -0.1604 0.0000	</row1>
					<row2>	0.4652 -0.0318 1.1393 0.0000	</row2>
					<row3>	0.4760 0.2028 -6.3551 1.0000	</row3>
				</transform>
			</node>
			<node>
				<identifier>	SP_YMS041_YHCS_M_1	</identifier>
				<transform>
					<row0>	-1.0000 0.0000 0.0000 0.0000	</row0>
					<row1>	0.0000 1.0000 0.0000 0.0000	</row1>
					<row2>	0.0000 0.0000 -1.0000 0.0000	</row2>
					<row3>	-0.4510 0.4408 -4.5676 1.0000	</row3>
				</transform>
			</node>
			<node>
				<identifier>	SP_YMS041_YHCS_M_1_INDEX_1	</identifier>
				<transform>
					<row0>	-1.0000 0.0000 0.0000 0.0000	</row0>
					<row1>	0.0000 1.0000 0.0000 0.0000	</row1>
					<row2>	0.0000 0.0000 -1.0000 0.0000	</row2>
					<row3>	0.4510 0.4408 -4.5676 1.0000	</row3>
				</transform>
			</node>
			<node>
				<identifier>	SP_YMS053_YHDC_S_1_INDEX_11	</identifier>
				<transform>
					<row0>	1.0000 0.0000 0.0000 0.0000	</row0>
					<row1>	0.0000 1.0000 0.0000 0.0000	</row1>
					<row2>	0.0000 0.0000 1.0000 0.0000	</row2>
					<row3>	0.0000 0.3872 -5.4723 1.0000	</row3>
				</transform>
			</node>
			<node>
				<identifier>	SP_YMS063_YHGQ_S_1_INDEX_2	</identifier>
				<transform>
					<row0>	0.8108 0.0000 -0.5469 0.0000	</row0>
					<row1>	0.0000 0.9780 0.0000 0.0000	</row1>
					<row2>	0.5469 0.0000 0.8108 0.0000	</row2>
					<row3>	-0.3216 0.4802 -6.6622 1.0000	</row3>
				</transform>
			</node>
			<node>
				<identifier>	SP_YMS063_YHGQ_S_1_INDEX_3	</identifier>
				<transform>
					<row0>	0.8108 0.0000 0.5469 0.0000	</row0>
					<row1>	0.0000 0.9780 0.0000 0.0000	</row1>
					<row2>	-0.5469 0.0000 0.8108 0.0000	</row2>
					<row3>	0.3216 0.4802 -6.6622 1.0000	</row3>
				</transform>
			</node>
			<node>
				<identifier>	SP_YMS080_YHSL_M_1_INDEX_2	</identifier>
				<transform>
					<row0>	0.6995 0.1492 0.1187 0.0000	</row0>
					<row1>	-0.1483 0.7094 -0.0177 0.0000	</row1>
					<row2>	-0.1198 -0.0072 0.7150 0.0000	</row2>
					<row3>	-0.8330 0.1956 -5.1079 1.0000	</row3>
				</transform>
			</node>
			<node>
				<identifier>	SP_YMS080_YHSL_M_1_INDEX_3	</identifier>
				<transform>
					<row0>	0.6634 0.2261 0.1855 0.0000	</row0>
					<row1>	-0.2246 0.6884 -0.0359 0.0000	</row1>
					<row2>	-0.1873 -0.0246 0.6999 0.0000	</row2>
					<row3>	-0.6986 0.1935 -5.6714 1.0000	</row3>
				</transform>
			</node>
			<node>
				<identifier>	SP_YMS081_YHSR_M_1_INDEX_2	</identifier>
				<transform>
					<row0>	0.6995 -0.1492 -0.1187 0.0000	</row0>
					<row1>	0.1483 0.7094 -0.0177 0.0000	</row1>
					<row2>	0.1198 -0.0072 0.7150 0.0000	</row2>
					<row3>	0.8330 0.1956 -5.1079 1.0000	</row3>
				</transform>
			</node>
			<node>
				<identifier>	SP_YMS081_YHSR_M_1_INDEX_3	</identifier>
				<transform>
					<row0>	0.6634 -0.2261 -0.1855 0.0000	</row0>
					<row1>	0.2246 0.6884 -0.0359 0.0000	</row1>
					<row2>	0.1873 -0.0246 0.6999 0.0000	</row2>
					<row3>	0.6986 0.1935 -5.6714 1.0000	</row3>
				</transform>
			</node>
			<node>
				<identifier>	SP_YMS084_YHSC_L_2_INDEX_6	</identifier>
				<transform>
					<row0>	0.0867 0.0055 -0.7953 0.0000	</row0>
					<row1>	-0.1482 0.7861 -0.0107 0.0000	</row1>
					<row2>	0.7814 0.1485 0.0862 0.0000	</row2>
					<row3>	-0.9916 0.3838 -4.5105 1.0000	</row3>
				</transform>
			</node>
			<node>
				<identifier>	SP_YMS084_YHSC_L_2_INDEX_7	</identifier>
				<transform>
					<row0>	0.0867 -0.0055 0.7953 0.0000	</row0>
					<row1>	0.1482 0.7861 -0.0107 0.0000	</row1>
					<row2>	-0.7814 0.1485 0.0862 0.0000	</row2>
					<row3>	0.9916 0.3838 -4.5105 1.0000	</row3>
				</transform>
			</node>
			<node>
				<identifier>	SP_YMS096_YHZC_S_1_INDEX_17	</identifier>
				<transform>
					<row0>	0.7178 0.0000 0.0000 0.0000	</row0>
					<row1>	0.0000 0.7178 0.0000 0.0000	</row1>
					<row2>	0.0000 0.0000 0.7178 0.0000	</row2>
					<row3>	0.0000 0.5838 -5.1914 1.0000	</row3>
				</transform>
			</node>
		</node>
	</node>
	<boundingBox>
		<min>	-0.0667 -0.0667 -0.0667	</min>
		<max>	0.0667 0.0667 0.0667	</max>
	</boundingBox>
</ASB024_Alabama_1945_Stern_ports.visual>
