<GSA001_Graf_Zeppelin_1945_Bow_ports.visual>
	<node>
		<identifier>	Scene Root	</identifier>
		<transform>
			<row0>	1.0000 0.0000 0.0000 0.0000	</row0>
			<row1>	0.0000 1.0000 0.0000 0.0000	</row1>
			<row2>	0.0000 0.0000 1.0000 0.0000	</row2>
			<row3>	0.0000 0.0000 0.0000 1.0000	</row3>
		</transform>
		<node>
			<identifier>	Bow_ports	</identifier>
			<transform>
				<row0>	1.0000 0.0000 0.0000 0.0000	</row0>
				<row1>	0.0000 1.0000 0.0000 0.0000	</row1>
				<row2>	0.0000 0.0000 1.0000 0.0000	</row2>
				<row3>	0.0000 0.0000 0.0000 1.0000	</row3>
			</transform>
			<node>
				<identifier>	HP_Cradle_1	</identifier>
				<transform>
					<row0>	0.9997 0.0000 -0.0243 0.0000	</row0>
					<row1>	0.0000 1.0000 0.0000 0.0000	</row1>
					<row2>	0.0243 0.0000 0.9997 0.0000	</row2>
					<row3>	-0.4587 0.9018 5.4502 1.0000	</row3>
				</transform>
			</node>
			<node>
				<identifier>	HP_Cradle_2	</identifier>
				<transform>
					<row0>	0.9025 0.0000 -0.4306 0.0000	</row0>
					<row1>	0.0000 1.0000 0.0000 0.0000	</row1>
					<row2>	0.4306 0.0000 0.9025 0.0000	</row2>
					<row3>	0.2565 0.9018 5.3492 1.0000	</row3>
				</transform>
			</node>
			<node>
				<identifier>	HP_DeckStart	</identifier>
				<transform>
					<row0>	1.0000 0.0000 0.0000 0.0000	</row0>
					<row1>	0.0000 1.0000 0.0000 0.0000	</row1>
					<row2>	0.0000 0.0000 1.0000 0.0000	</row2>
					<row3>	0.0042 0.9037 5.0299 1.0000	</row3>
				</transform>
			</node>
			<node>
				<identifier>	HP_FX_Fire_1	</identifier>
				<transform>
					<row0>	1.0000 0.0000 0.0000 0.0000	</row0>
					<row1>	0.0000 1.0000 0.0000 0.0000	</row1>
					<row2>	0.0000 0.0000 1.0000 0.0000	</row2>
					<row3>	0.2778 0.9211 5.7133 1.0000	</row3>
				</transform>
			</node>
			<node>
				<identifier>	HP_FX_Fire_1_side_1	</identifier>
				<transform>
					<row0>	1.0000 0.0000 0.0000 0.0000	</row0>
					<row1>	0.0000 1.0000 0.0000 0.0000	</row1>
					<row2>	0.0000 0.0000 1.0000 0.0000	</row2>
					<row3>	0.0848 0.5906 8.4264 1.0000	</row3>
				</transform>
			</node>
			<node>
				<identifier>	HP_FX_WakeTrace	</identifier>
				<transform>
					<row0>	1.0000 0.0000 0.0000 0.0000	</row0>
					<row1>	0.0000 1.0000 0.0000 0.0000	</row1>
					<row2>	0.0000 0.0000 1.0000 0.0000	</row2>
					<row3>	0.0000 0.0000 8.5082 1.0000	</row3>
				</transform>
			</node>
			<node>
				<identifier>	HP_GC_1	</identifier>
				<transform>
					<row0>	1.0000 0.0000 0.0000 0.0000	</row0>
					<row1>	0.0000 1.0000 0.0000 0.0000	</row1>
					<row2>	0.0000 0.0000 1.0000 0.0000	</row2>
					<row3>	-0.4549 0.8393 6.8863 1.0000	</row3>
				</transform>
			</node>
			<node>
				<identifier>	HP_GC_2	</identifier>
				<transform>
					<row0>	1.0000 0.0000 0.0000 0.0000	</row0>
					<row1>	0.0000 1.0000 0.0000 0.0000	</row1>
					<row2>	0.0000 0.0000 1.0000 0.0000	</row2>
					<row3>	0.4856 0.8393 6.8863 1.0000	</row3>
				</transform>
			</node>
			<node>
				<identifier>	HP_GGA_1	</identifier>
				<transform>
					<row0>	1.0000 0.0000 0.0000 0.0000	</row0>
					<row1>	0.0000 1.0000 0.0000 0.0000	</row1>
					<row2>	0.0000 0.0000 1.0000 0.0000	</row2>
					<row3>	0.0000 0.6216 8.1573 1.0000	</row3>
				</transform>
			</node>
			<node>
				<identifier>	HP_GGA_2	</identifier>
				<transform>
					<row0>	0.0000 0.0000 1.0000 0.0000	</row0>
					<row1>	0.0000 1.0000 0.0000 0.0000	</row1>
					<row2>	-1.0000 0.0000 0.0000 0.0000	</row2>
					<row3>	-0.9174 0.8026 5.4792 1.0000	</row3>
				</transform>
			</node>
			<node>
				<identifier>	HP_GGS_1	</identifier>
				<transform>
					<row0>	0.9466 0.0000 0.3223 0.0000	</row0>
					<row1>	0.0000 1.0000 0.0000 0.0000	</row1>
					<row2>	-0.3223 0.0000 0.9466 0.0000	</row2>
					<row3>	-0.5331 0.4073 6.0338 1.0000	</row3>
				</transform>
			</node>
			<node>
				<identifier>	HP_GGS_2	</identifier>
				<transform>
					<row0>	0.9466 0.0000 -0.3223 0.0000	</row0>
					<row1>	0.0000 1.0000 0.0000 0.0000	</row1>
					<row2>	0.3223 0.0000 0.9466 0.0000	</row2>
					<row3>	0.5329 0.4073 6.0302 1.0000	</row3>
				</transform>
			</node>
			<node>
				<identifier>	HP_GGS_3	</identifier>
				<transform>
					<row0>	0.9081 0.0000 0.4187 0.0000	</row0>
					<row1>	0.0000 1.0000 0.0000 0.0000	</row1>
					<row2>	-0.4187 0.0000 0.9081 0.0000	</row2>
					<row3>	-0.5990 0.4072 5.4953 1.0000	</row3>
				</transform>
			</node>
			<node>
				<identifier>	HP_GGS_4	</identifier>
				<transform>
					<row0>	0.9726 0.0000 -0.2323 0.0000	</row0>
					<row1>	0.0000 1.0000 0.0000 0.0000	</row1>
					<row2>	0.2323 0.0000 0.9726 0.0000	</row2>
					<row3>	0.5966 0.4073 5.4886 1.0000	</row3>
				</transform>
			</node>
			<node>
				<identifier>	HP_GGS_5	</identifier>
				<transform>
					<row0>	1.0000 0.0000 0.0000 0.0000	</row0>
					<row1>	0.0000 1.0000 0.0000 0.0000	</row1>
					<row2>	0.0000 0.0000 1.0000 0.0000	</row2>
					<row3>	0.7376 0.9022 5.3982 1.0000	</row3>
				</transform>
			</node>
			<node>
				<identifier>	HP_GGS_6	</identifier>
				<transform>
					<row0>	1.0000 0.0000 0.0000 0.0000	</row0>
					<row1>	0.0000 1.0000 0.0000 0.0000	</row1>
					<row2>	0.0000 0.0000 1.0000 0.0000	</row2>
					<row3>	0.7376 0.9022 4.8170 1.0000	</row3>
				</transform>
			</node>
			<node>
				<identifier>	HP_GRS_1	</identifier>
				<transform>
					<row0>	1.0000 0.0000 0.0000 0.0000	</row0>
					<row1>	0.0000 1.0000 0.0000 0.0000	</row1>
					<row2>	0.0000 0.0000 1.0000 0.0000	</row2>
					<row3>	-0.7844 0.8288 7.5748 1.0000	</row3>
				</transform>
			</node>
			<node>
				<identifier>	HP_GRS_2	</identifier>
				<transform>
					<row0>	1.0000 0.0000 0.0000 0.0000	</row0>
					<row1>	0.0000 1.0000 0.0000 0.0000	</row1>
					<row2>	0.0000 0.0000 1.0000 0.0000	</row2>
					<row3>	0.8149 0.8288 7.5748 1.0000	</row3>
				</transform>
			</node>
			<node>
				<identifier>	HP_LiftOffPoint	</identifier>
				<transform>
					<row0>	1.0000 0.0000 0.0000 0.0000	</row0>
					<row1>	0.0000 1.0000 0.0000 0.0000	</row1>
					<row2>	0.0000 0.0000 1.0000 0.0000	</row2>
					<row3>	0.0042 0.9136 7.8715 1.0000	</row3>
				</transform>
			</node>
			<node>
				<identifier>	HP_Ship_death_1	</identifier>
				<transform>
					<row0>	1.0000 0.0000 0.0000 0.0000	</row0>
					<row1>	0.0000 1.0000 0.0000 0.0000	</row1>
					<row2>	0.0000 0.0000 1.0000 0.0000	</row2>
					<row3>	0.0000 0.0000 4.5604 1.0000	</row3>
				</transform>
			</node>
			<node>
				<identifier>	MP_CM011_Fire_Fighting_Gear	</identifier>
				<transform>
					<row0>	-1.0000 0.0000 0.0000 0.0000	</row0>
					<row1>	0.0000 1.0000 0.0000 0.0000	</row1>
					<row2>	0.0000 0.0000 -1.0000 0.0000	</row2>
					<row3>	0.2442 0.5632 6.2478 1.0000	</row3>
				</transform>
			</node>
			<node>
				<identifier>	MP_CM013_Fire_Hose_Rack_2	</identifier>
				<transform>
					<row0>	0.0000 0.0000 -1.0000 0.0000	</row0>
					<row1>	0.0000 1.0000 0.0000 0.0000	</row1>
					<row2>	1.0000 0.0000 0.0000 0.0000	</row2>
					<row3>	0.2442 0.6114 6.2424 1.0000	</row3>
				</transform>
			</node>
			<node>
				<identifier>	MP_GM001_Paravane	</identifier>
				<transform>
					<row0>	0.0000 -1.0000 0.0000 0.0000	</row0>
					<row1>	1.0000 0.0000 0.0000 0.0000	</row1>
					<row2>	0.0000 0.0000 1.0000 0.0000	</row2>
					<row3>	-0.4550 0.5724 6.6482 1.0000	</row3>
				</transform>
			</node>
			<node>
				<identifier>	MP_GM001_Paravane_INDEX_1	</identifier>
				<transform>
					<row0>	0.0000 1.0000 0.0000 0.0000	</row0>
					<row1>	-1.0000 0.0000 0.0000 0.0000	</row1>
					<row2>	0.0000 0.0000 1.0000 0.0000	</row2>
					<row3>	0.4550 0.5724 6.6482 1.0000	</row3>
				</transform>
			</node>
			<node>
				<identifier>	MP_GM006_Reels_4	</identifier>
				<transform>
					<row0>	0.5000 0.0000 0.0000 0.0000	</row0>
					<row1>	0.0000 0.5000 0.0000 0.0000	</row1>
					<row2>	0.0000 0.0000 0.5000 0.0000	</row2>
					<row3>	0.0351 0.5645 6.2831 1.0000	</row3>
				</transform>
			</node>
			<node>
				<identifier>	MP_GM006_Reels_4_INDEX_1	</identifier>
				<transform>
					<row0>	0.5000 0.0000 0.0000 0.0000	</row0>
					<row1>	0.0000 0.5000 0.0000 0.0000	</row1>
					<row2>	0.0000 0.0000 0.5000 0.0000	</row2>
					<row3>	-0.0351 0.5645 6.2831 1.0000	</row3>
				</transform>
			</node>
			<node>
				<identifier>	MP_GM034_Turtles_box	</identifier>
				<transform>
					<row0>	0.1597 0.0002 0.9872 0.0000	</row0>
					<row1>	-0.1499 0.9884 0.0241 0.0000	</row1>
					<row2>	-0.9757 -0.1518 0.1579 0.0000	</row2>
					<row3>	-0.7772 0.8098 5.3700 1.0000	</row3>
				</transform>
			</node>
			<node>
				<identifier>	MP_GM034_Turtles_box_INDEX_1	</identifier>
				<transform>
					<row0>	1.0000 0.0000 0.0000 0.0000	</row0>
					<row1>	0.0000 1.0000 0.0000 0.0000	</row1>
					<row2>	0.0000 0.0000 1.0000 0.0000	</row2>
					<row3>	-0.0791 0.5765 7.8680 1.0000	</row3>
				</transform>
			</node>
			<node>
				<identifier>	MP_GM089_Monogramm_Graf_Zeppelin	</identifier>
				<transform>
					<row0>	-0.2811 0.0471 0.9585 0.0000	</row0>
					<row1>	0.3582 0.9318 0.0593 0.0000	</row1>
					<row2>	-0.8903 0.3600 -0.2788 0.0000	</row2>
					<row3>	0.1193 0.3998 8.4910 1.0000	</row3>
				</transform>
			</node>
			<node>
				<identifier>	MP_GM089_Monogramm_Graf_Zeppelin_INDEX_1	</identifier>
				<transform>
					<row0>	-0.2811 -0.0471 -0.9585 0.0000	</row0>
					<row1>	-0.3582 0.9318 0.0593 0.0000	</row1>
					<row2>	0.8903 0.3600 -0.2788 0.0000	</row2>
					<row3>	-0.1193 0.3998 8.4910 1.0000	</row3>
				</transform>
			</node>
			<node>
				<identifier>	MP_GM536_Life_Boat_3	</identifier>
				<transform>
					<row0>	0.8660 0.5000 0.0000 0.0000	</row0>
					<row1>	-0.5000 0.8660 0.0000 0.0000	</row1>
					<row2>	0.0000 0.0000 1.0000 0.0000	</row2>
					<row3>	-0.3888 0.6569 7.0428 1.0000	</row3>
				</transform>
			</node>
			<node>
				<identifier>	MP_GM536_Life_Boat_3_INDEX_1	</identifier>
				<transform>
					<row0>	0.8660 -0.5000 0.0000 0.0000	</row0>
					<row1>	0.5000 0.8660 0.0000 0.0000	</row1>
					<row2>	0.0000 0.0000 1.0000 0.0000	</row2>
					<row3>	0.3888 0.6569 7.0428 1.0000	</row3>
				</transform>
			</node>
			<node>
				<identifier>	MP_GM602_Switch_Box_3	</identifier>
				<transform>
					<row0>	0.1758 0.0295 0.9840 0.0000	</row0>
					<row1>	-0.1837 0.9830 0.0034 0.0000	</row1>
					<row2>	-0.9671 -0.1813 0.1783 0.0000	</row2>
					<row3>	-0.7718 0.8701 5.4444 1.0000	</row3>
				</transform>
			</node>
			<node>
				<identifier>	MP_GM603_Switch_Box_4	</identifier>
				<transform>
					<row0>	1.0000 0.0000 0.0000 0.0000	</row0>
					<row1>	0.0000 1.0000 0.0000 0.0000	</row1>
					<row2>	0.0000 0.0000 1.0000 0.0000	</row2>
					<row3>	-0.0432 0.6144 7.8661 1.0000	</row3>
				</transform>
			</node>
			<node>
				<identifier>	MP_GM604_Switch_Box_5	</identifier>
				<transform>
					<row0>	0.1618 0.0270 0.9865 0.0000	</row0>
					<row1>	-0.1428 0.9897 -0.0036 0.0000	</row1>
					<row2>	-0.9764 -0.1403 0.1640 0.0000	</row2>
					<row3>	-0.7691 0.8508 5.4435 1.0000	</row3>
				</transform>
			</node>
			<node>
				<identifier>	MP_GM700_AmmoBox	</identifier>
				<transform>
					<row0>	0.0000 0.0000 -1.0000 0.0000	</row0>
					<row1>	0.0000 1.0000 0.0000 0.0000	</row1>
					<row2>	1.0000 0.0000 0.0000 0.0000	</row2>
					<row3>	0.0836 0.6210 7.9483 1.0000	</row3>
				</transform>
			</node>
			<node>
				<identifier>	MP_GM701_AmmoBox	</identifier>
				<transform>
					<row0>	0.0000 0.0000 1.0000 0.0000	</row0>
					<row1>	0.0000 1.0000 0.0000 0.0000	</row1>
					<row2>	-1.0000 0.0000 0.0000 0.0000	</row2>
					<row3>	-0.7793 0.9002 6.2873 1.0000	</row3>
				</transform>
			</node>
			<node>
				<identifier>	MP_GM701_AmmoBox_INDEX_1	</identifier>
				<transform>
					<row0>	-0.0003 0.0000 -1.0000 0.0000	</row0>
					<row1>	0.0000 1.0000 0.0000 0.0000	</row1>
					<row2>	1.0000 0.0000 -0.0003 0.0000	</row2>
					<row3>	0.7852 0.9002 6.4337 1.0000	</row3>
				</transform>
			</node>
			<node>
				<identifier>	MP_GM701_AmmoBox_INDEX_10	</identifier>
				<transform>
					<row0>	0.0032 0.0000 -1.0000 0.0000	</row0>
					<row1>	0.0000 1.0000 0.0000 0.0000	</row1>
					<row2>	1.0000 0.0000 0.0032 0.0000	</row2>
					<row3>	0.6219 0.9002 7.1859 1.0000	</row3>
				</transform>
			</node>
			<node>
				<identifier>	MP_GM701_AmmoBox_INDEX_11	</identifier>
				<transform>
					<row0>	-0.0330 0.0000 0.9995 0.0000	</row0>
					<row1>	0.0000 1.0000 0.0000 0.0000	</row1>
					<row2>	-0.9995 0.0000 -0.0330 0.0000	</row2>
					<row3>	-0.7695 0.9002 6.1484 1.0000	</row3>
				</transform>
			</node>
			<node>
				<identifier>	MP_GM701_AmmoBox_INDEX_12	</identifier>
				<transform>
					<row0>	-0.0221 0.0000 0.9998 0.0000	</row0>
					<row1>	0.0000 1.0000 0.0000 0.0000	</row1>
					<row2>	-0.9998 0.0000 -0.0221 0.0000	</row2>
					<row3>	-0.7542 0.9002 5.8842 1.0000	</row3>
				</transform>
			</node>
			<node>
				<identifier>	MP_GM701_AmmoBox_INDEX_13	</identifier>
				<transform>
					<row0>	-0.0246 0.0000 0.9997 0.0000	</row0>
					<row1>	0.0000 1.0000 0.0000 0.0000	</row1>
					<row2>	-0.9997 0.0000 -0.0246 0.0000	</row2>
					<row3>	-0.7582 0.9002 6.0126 1.0000	</row3>
				</transform>
			</node>
			<node>
				<identifier>	MP_GM701_AmmoBox_INDEX_2	</identifier>
				<transform>
					<row0>	0.2492 0.0000 -0.9684 0.0000	</row0>
					<row1>	0.0000 1.0000 0.0000 0.0000	</row1>
					<row2>	0.9684 0.0000 0.2492 0.0000	</row2>
					<row3>	0.7516 0.9002 6.7169 1.0000	</row3>
				</transform>
			</node>
			<node>
				<identifier>	MP_GM701_AmmoBox_INDEX_3	</identifier>
				<transform>
					<row0>	-0.0221 0.0000 0.9998 0.0000	</row0>
					<row1>	0.0000 1.0000 0.0000 0.0000	</row1>
					<row2>	-0.9998 0.0000 -0.0221 0.0000	</row2>
					<row3>	-0.7496 0.9002 5.7519 1.0000	</row3>
				</transform>
			</node>
			<node>
				<identifier>	MP_GM701_AmmoBox_INDEX_4	</identifier>
				<transform>
					<row0>	0.1077 0.0000 -0.9942 0.0000	</row0>
					<row1>	0.0000 1.0000 0.0000 0.0000	</row1>
					<row2>	0.9942 0.0000 0.1077 0.0000	</row2>
					<row3>	0.7788 0.9002 6.5583 1.0000	</row3>
				</transform>
			</node>
			<node>
				<identifier>	MP_GM701_AmmoBox_INDEX_5	</identifier>
				<transform>
					<row0>	-0.0071 0.0000 -1.0000 0.0000	</row0>
					<row1>	0.0000 1.0000 0.0000 0.0000	</row1>
					<row2>	1.0000 0.0000 -0.0071 0.0000	</row2>
					<row3>	0.7850 0.9002 6.2823 1.0000	</row3>
				</transform>
			</node>
			<node>
				<identifier>	MP_GM701_AmmoBox_INDEX_6	</identifier>
				<transform>
					<row0>	0.2349 0.0000 0.9720 0.0000	</row0>
					<row1>	0.0000 1.0000 0.0000 0.0000	</row1>
					<row2>	-0.9720 0.0000 0.2349 0.0000	</row2>
					<row3>	-0.7350 0.9002 6.7237 1.0000	</row3>
				</transform>
			</node>
			<node>
				<identifier>	MP_GM701_AmmoBox_INDEX_7	</identifier>
				<transform>
					<row0>	0.1117 0.0000 0.9937 0.0000	</row0>
					<row1>	0.0000 1.0000 0.0000 0.0000	</row1>
					<row2>	-0.9937 0.0000 0.1117 0.0000	</row2>
					<row3>	-0.7656 0.9002 6.5633 1.0000	</row3>
				</transform>
			</node>
			<node>
				<identifier>	MP_GM701_AmmoBox_INDEX_8	</identifier>
				<transform>
					<row0>	0.0430 0.0000 0.9991 0.0000	</row0>
					<row1>	0.0000 1.0000 0.0000 0.0000	</row1>
					<row2>	-0.9991 0.0000 0.0430 0.0000	</row2>
					<row3>	-0.7781 0.9002 6.4202 1.0000	</row3>
				</transform>
			</node>
			<node>
				<identifier>	MP_GM701_AmmoBox_INDEX_9	</identifier>
				<transform>
					<row0>	-0.0221 0.0000 0.9998 0.0000	</row0>
					<row1>	0.0000 1.0000 0.0000 0.0000	</row1>
					<row2>	-0.9998 0.0000 -0.0221 0.0000	</row2>
					<row3>	-0.7454 0.9002 5.6129 1.0000	</row3>
				</transform>
			</node>
			<node>
				<identifier>	MP_GM854_Running_Lights_R	</identifier>
				<transform>
					<row0>	1.0000 0.0000 0.0000 0.0000	</row0>
					<row1>	0.0000 1.0000 0.0000 0.0000	</row1>
					<row2>	0.0000 0.0000 1.0000 0.0000	</row2>
					<row3>	0.8532 0.8845 6.3146 1.0000	</row3>
				</transform>
			</node>
			<node>
				<identifier>	MP_GM855_Running_Lights_L	</identifier>
				<transform>
					<row0>	1.0000 0.0000 0.0000 0.0000	</row0>
					<row1>	0.0000 1.0000 0.0000 0.0000	</row1>
					<row2>	0.0000 0.0000 1.0000 0.0000	</row2>
					<row3>	-0.8514 0.8845 6.3146 1.0000	</row3>
				</transform>
			</node>
			<node>
				<identifier>	MP_GM856_Mastheadlight	</identifier>
				<transform>
					<row0>	1.0000 0.0000 0.0000 0.0000	</row0>
					<row1>	0.0000 1.0000 0.0000 0.0000	</row1>
					<row2>	0.0000 0.0000 1.0000 0.0000	</row2>
					<row3>	0.0000 0.7998 8.9269 1.0000	</row3>
				</transform>
			</node>
			<node>
				<identifier>	SP_YMS001_YHBM_M_1	</identifier>
				<transform>
					<row0>	1.2367 0.0000 0.0000 0.0000	</row0>
					<row1>	0.0000 1.2367 0.0000 0.0000	</row1>
					<row2>	0.0000 0.0000 1.2367 0.0000	</row2>
					<row3>	0.0000 0.6076 8.9270 1.0000	</row3>
				</transform>
			</node>
			<node>
				<identifier>	SP_YMS002_YHBL_M_1	</identifier>
				<transform>
					<row0>	0.9848 0.0000 -0.1736 0.0000	</row0>
					<row1>	-0.0113 0.9979 -0.0642 0.0000	</row1>
					<row2>	0.1733 0.0652 0.9827 0.0000	</row2>
					<row3>	0.0000 0.6076 8.9270 1.0000	</row3>
				</transform>
			</node>
			<node>
				<identifier>	SP_YMS003_YHBR_M_1	</identifier>
				<transform>
					<row0>	0.9848 0.0000 0.1736 0.0000	</row0>
					<row1>	0.0113 0.9979 -0.0643 0.0000	</row1>
					<row2>	-0.1733 0.0653 0.9827 0.0000	</row2>
					<row3>	0.0000 0.6076 8.9270 1.0000	</row3>
				</transform>
			</node>
			<node>
				<identifier>	SP_YMS004_YHXL_L_1	</identifier>
				<transform>
					<row0>	0.7352 0.3433 -0.2133 0.0000	</row0>
					<row1>	-0.3732 0.7466 -0.0848 0.0000	</row1>
					<row2>	0.1551 0.1692 0.8070 0.0000	</row2>
					<row3>	-0.2850 0.4834 8.0964 1.0000	</row3>
				</transform>
			</node>
			<node>
				<identifier>	SP_YMS005_YHXR_L_1	</identifier>
				<transform>
					<row0>	0.7352 -0.3433 0.2133 0.0000	</row0>
					<row1>	0.3732 0.7466 -0.0848 0.0000	</row1>
					<row2>	-0.1551 0.1692 0.8070 0.0000	</row2>
					<row3>	0.2850 0.4834 8.0964 1.0000	</row3>
				</transform>
			</node>
			<node>
				<identifier>	SP_YMS011_YHWL_M_1_INDEX_13	</identifier>
				<transform>
					<row0>	0.9254 0.3420 -0.1632 0.0000	</row0>
					<row1>	-0.3368 0.9397 0.0594 0.0000	</row1>
					<row2>	0.1736 0.0000 0.9848 0.0000	</row2>
					<row3>	-0.3365 0.0000 6.6161 1.0000	</row3>
				</transform>
			</node>
			<node>
				<identifier>	SP_YMS011_YHWL_M_1_INDEX_16	</identifier>
				<transform>
					<row0>	0.9254 0.3420 -0.1632 0.0000	</row0>
					<row1>	-0.3368 0.9397 0.0594 0.0000	</row1>
					<row2>	0.1736 0.0000 0.9848 0.0000	</row2>
					<row3>	-0.4831 0.0000 5.7847 1.0000	</row3>
				</transform>
			</node>
			<node>
				<identifier>	SP_YMS011_YHWL_M_1_INDEX_17	</identifier>
				<transform>
					<row0>	0.9586 0.2478 -0.1405 0.0000	</row0>
					<row1>	-0.2448 0.9688 0.0382 0.0000	</row1>
					<row2>	0.1456 -0.0023 0.9893 0.0000	</row2>
					<row3>	-0.6231 0.0000 4.9485 1.0000	</row3>
				</transform>
			</node>
			<node>
				<identifier>	SP_YMS012_YHWR_M_1_INDEX_16	</identifier>
				<transform>
					<row0>	0.9254 -0.3420 0.1632 0.0000	</row0>
					<row1>	0.3368 0.9397 0.0594 0.0000	</row1>
					<row2>	-0.1736 0.0000 0.9848 0.0000	</row2>
					<row3>	0.3365 0.0000 6.6161 1.0000	</row3>
				</transform>
			</node>
			<node>
				<identifier>	SP_YMS012_YHWR_M_1_INDEX_17	</identifier>
				<transform>
					<row0>	0.9586 -0.2478 0.1405 0.0000	</row0>
					<row1>	0.2448 0.9688 0.0382 0.0000	</row1>
					<row2>	-0.1456 -0.0023 0.9893 0.0000	</row2>
					<row3>	0.6231 0.0000 4.9485 1.0000	</row3>
				</transform>
			</node>
			<node>
				<identifier>	SP_YMS012_YHWR_M_1_INDEX_6	</identifier>
				<transform>
					<row0>	0.9254 -0.3420 0.1632 0.0000	</row0>
					<row1>	0.3368 0.9397 0.0594 0.0000	</row1>
					<row2>	-0.1736 0.0000 0.9848 0.0000	</row2>
					<row3>	0.4831 0.0000 5.7847 1.0000	</row3>
				</transform>
			</node>
			<node>
				<identifier>	SP_YMS013_YHWM_M_1	</identifier>
				<transform>
					<row0>	0.9890 0.0000 0.0000 0.0000	</row0>
					<row1>	0.0000 0.9890 0.0000 0.0000	</row1>
					<row2>	0.0000 0.0000 0.9890 0.0000	</row2>
					<row3>	0.0000 0.0000 8.4714 1.0000	</row3>
				</transform>
			</node>
			<node>
				<identifier>	SP_YMS020_YHBU_M_1	</identifier>
				<transform>
					<row0>	1.1000 0.0000 0.0000 0.0000	</row0>
					<row1>	0.0000 1.1000 0.0000 0.0000	</row1>
					<row2>	0.0000 0.0000 1.1000 0.0000	</row2>
					<row3>	0.0000 -0.1464 8.2504 1.0000	</row3>
				</transform>
			</node>
			<node>
				<identifier>	SP_YMS022_YHUS_L_1_INDEX_3	</identifier>
				<transform>
					<row0>	-0.2041 -0.0022 -1.3800 0.0000	</row0>
					<row1>	-0.6871 1.2100 0.0997 0.0000	</row1>
					<row2>	1.1968 0.6943 -0.1781 0.0000	</row2>
					<row3>	-0.3036 -0.4188 5.3861 1.0000	</row3>
				</transform>
			</node>
			<node>
				<identifier>	SP_YMS022_YHUS_L_1_INDEX_5	</identifier>
				<transform>
					<row0>	-0.2041 0.0022 1.3800 0.0000	</row0>
					<row1>	0.6871 1.2100 0.0997 0.0000	</row1>
					<row2>	-1.1968 0.6943 -0.1781 0.0000	</row2>
					<row3>	0.2971 -0.4157 5.3939 1.0000	</row3>
				</transform>
			</node>
			<node>
				<identifier>	SP_YMS055_YHDB_M_1	</identifier>
				<transform>
					<row0>	0.9025 0.0000 0.0000 0.0000	</row0>
					<row1>	0.0000 1.0000 0.0000 0.0000	</row1>
					<row2>	0.0000 0.0000 0.8269 0.0000	</row2>
					<row3>	0.0042 0.9037 6.1530 1.0000	</row3>
				</transform>
			</node>
			<node>
				<identifier>	SP_YMS072_YHHC_M_1	</identifier>
				<transform>
					<row0>	-0.1605 -0.0032 1.2397 0.0000	</row0>
					<row1>	0.6865 1.0406 0.0916 0.0000	</row1>
					<row2>	-1.0322 0.6926 -0.1318 0.0000	</row2>
					<row3>	0.5617 0.2094 5.8564 1.0000	</row3>
				</transform>
			</node>
			<node>
				<identifier>	SP_YMS072_YHHC_M_1_INDEX_1	</identifier>
				<transform>
					<row0>	-0.1605 0.0032 -1.2397 0.0000	</row0>
					<row1>	-0.6865 1.0406 0.0916 0.0000	</row1>
					<row2>	1.0322 0.6926 -0.1318 0.0000	</row2>
					<row3>	-0.5617 0.2094 5.8564 1.0000	</row3>
				</transform>
			</node>
			<node>
				<identifier>	SP_YMS072_YHHC_M_1_INDEX_2	</identifier>
				<transform>
					<row0>	-0.1994 0.0230 1.2338 0.0000	</row0>
					<row1>	0.6865 1.0406 0.0916 0.0000	</row1>
					<row2>	-1.0254 0.6922 -0.1787 0.0000	</row2>
					<row3>	0.4676 0.2090 6.4102 1.0000	</row3>
				</transform>
			</node>
			<node>
				<identifier>	SP_YMS072_YHHC_M_1_INDEX_4	</identifier>
				<transform>
					<row0>	-0.1994 -0.0230 -1.2338 0.0000	</row0>
					<row1>	-0.6865 1.0406 0.0916 0.0000	</row1>
					<row2>	1.0254 0.6922 -0.1787 0.0000	</row2>
					<row3>	-0.4666 0.2091 6.4164 1.0000	</row3>
				</transform>
			</node>
			<node>
				<identifier>	SP_YMS072_YHHC_M_1_INDEX_5	</identifier>
				<transform>
					<row0>	-0.1513 0.0075 -1.2408 0.0000	</row0>
					<row1>	-0.5926 1.0978 0.0789 0.0000	</row1>
					<row2>	1.0901 0.5978 -0.1294 0.0000	</row2>
					<row3>	-0.6348 0.2070 5.3273 1.0000	</row3>
				</transform>
			</node>
			<node>
				<identifier>	SP_YMS072_YHHC_M_1_INDEX_6	</identifier>
				<transform>
					<row0>	-0.1513 -0.0075 1.2408 0.0000	</row0>
					<row1>	0.5926 1.0978 0.0789 0.0000	</row1>
					<row2>	-1.0901 0.5978 -0.1294 0.0000	</row2>
					<row3>	0.6348 0.2070 5.3273 1.0000	</row3>
				</transform>
			</node>
			<node>
				<identifier>	SP_YMS082_YHSC_M_1_INDEX_1	</identifier>
				<transform>
					<row0>	-0.2192 -0.0076 1.1289 0.0000	</row0>
					<row1>	0.6746 0.9212 0.1372 0.0000	</row1>
					<row2>	-0.9052 0.6884 -0.1711 0.0000	</row2>
					<row3>	0.4078 0.2349 6.8741 1.0000	</row3>
				</transform>
			</node>
			<node>
				<identifier>	SP_YMS082_YHSC_M_1_INDEX_3	</identifier>
				<transform>
					<row0>	-0.2192 0.0076 -1.1289 0.0000	</row0>
					<row1>	-0.6746 0.9212 0.1372 0.0000	</row1>
					<row2>	0.9052 0.6884 -0.1711 0.0000	</row2>
					<row3>	-0.4078 0.2349 6.8741 1.0000	</row3>
				</transform>
			</node>
		</node>
	</node>
	<boundingBox>
		<min>	-0.0667 -0.0667 -0.0667	</min>
		<max>	0.0667 0.0667 0.0667	</max>
	</boundingBox>
</GSA001_Graf_Zeppelin_1945_Bow_ports.visual>
