<RSD009_Pr_30_Ognevoy_1945_Bow_ports.visual>
	<node>
		<identifier>	Scene Root	</identifier>
		<transform>
			<row0>	1.0000 0.0000 0.0000 0.0000	</row0>
			<row1>	0.0000 1.0000 0.0000 0.0000	</row1>
			<row2>	0.0000 0.0000 1.0000 0.0000	</row2>
			<row3>	0.0000 0.0000 0.0000 1.0000	</row3>
		</transform>
		<node>
			<identifier>	Bow_ports	</identifier>
			<transform>
				<row0>	1.0000 0.0000 0.0000 0.0000	</row0>
				<row1>	0.0000 1.0000 0.0000 0.0000	</row1>
				<row2>	0.0000 0.0000 1.0000 0.0000	</row2>
				<row3>	0.0000 0.0000 0.0000 1.0000	</row3>
			</transform>
			<node>
				<identifier>	HP_FX_Fire_1	</identifier>
				<transform>
					<row0>	1.0000 0.0000 0.0000 0.0000	</row0>
					<row1>	0.0000 1.0000 0.0000 0.0000	</row1>
					<row2>	0.0000 0.0000 1.0000 0.0000	</row2>
					<row3>	0.0000 0.3033 3.1127 1.0000	</row3>
				</transform>
			</node>
			<node>
				<identifier>	HP_FX_WakeTrace	</identifier>
				<transform>
					<row0>	1.0000 0.0000 0.0000 0.0000	</row0>
					<row1>	0.0000 1.0000 0.0000 0.0000	</row1>
					<row2>	0.0000 0.0000 1.0000 0.0000	</row2>
					<row3>	0.0000 0.0000 3.7283 1.0000	</row3>
				</transform>
			</node>
			<node>
				<identifier>	HP_Ship_death_1	</identifier>
				<transform>
					<row0>	1.0000 0.0000 0.0000 0.0000	</row0>
					<row1>	0.0000 1.0000 0.0000 0.0000	</row1>
					<row2>	0.0000 0.0000 1.0000 0.0000	</row2>
					<row3>	0.0000 0.0000 2.9308 1.0000	</row3>
				</transform>
			</node>
			<node>
				<identifier>	MP_CM086_Anchor_top	</identifier>
				<transform>
					<row0>	-0.3347 -0.9157 -0.1089 0.0000	</row0>
					<row1>	-0.2075 0.1877 -0.9403 0.0000	</row1>
					<row2>	0.8985 -0.2978 -0.2577 0.0000	</row2>
					<row3>	0.1177 0.2888 3.5936 1.0000	</row3>
				</transform>
			</node>
			<node>
				<identifier>	MP_CM086_Anchor_top_INDEX_1	</identifier>
				<transform>
					<row0>	-0.3347 0.9157 0.1089 0.0000	</row0>
					<row1>	0.2075 0.1877 -0.9403 0.0000	</row1>
					<row2>	-0.8985 -0.2978 -0.2577 0.0000	</row2>
					<row3>	-0.1177 0.2888 3.5936 1.0000	</row3>
				</transform>
			</node>
			<node>
				<identifier>	MP_CM087_Anchor_down	</identifier>
				<transform>
					<row0>	-0.3543 0.9069 0.1202 0.0000	</row0>
					<row1>	-0.3716 -0.0249 -0.9076 0.0000	</row1>
					<row2>	-0.8360 -0.3733 0.3525 0.0000	</row2>
					<row3>	-0.1172 0.2888 3.5936 1.0000	</row3>
				</transform>
			</node>
			<node>
				<identifier>	MP_CM087_Anchor_down_INDEX_1	</identifier>
				<transform>
					<row0>	-0.3524 -0.9079 -0.1178 0.0000	</row0>
					<row1>	0.4049 -0.0413 -0.8926 0.0000	</row1>
					<row2>	0.8212 -0.3693 0.3895 0.0000	</row2>
					<row3>	0.1176 0.2889 3.5935 1.0000	</row3>
				</transform>
			</node>
			<node>
				<identifier>	MP_RM019_Reels	</identifier>
				<transform>
					<row0>	-0.0006 -0.0223 -1.0209 0.0000	</row0>
					<row1>	0.0046 -1.0209 0.0223 0.0000	</row1>
					<row2>	-1.0212 -0.0046 0.0007 0.0000	</row2>
					<row3>	-0.0651 0.2815 2.9210 1.0000	</row3>
				</transform>
			</node>
			<node>
				<identifier>	MP_RM019_Reels_INDEX_1	</identifier>
				<transform>
					<row0>	-0.0006 0.0223 1.0209 0.0000	</row0>
					<row1>	-0.0046 -1.0209 0.0223 0.0000	</row1>
					<row2>	1.0212 -0.0046 0.0007 0.0000	</row2>
					<row3>	0.0651 0.2815 2.9210 1.0000	</row3>
				</transform>
			</node>
			<node>
				<identifier>	MP_RM021_Screened_speed_light	</identifier>
				<transform>
					<row0>	-0.5810 0.0000 0.0000 0.0000	</row0>
					<row1>	0.0000 0.5810 0.0015 0.0000	</row1>
					<row2>	0.0000 0.0015 -0.5810 0.0000	</row2>
					<row3>	0.0000 0.4761 3.8478 1.0000	</row3>
				</transform>
			</node>
			<node>
				<identifier>	MP_RM060_Hatch	</identifier>
				<transform>
					<row0>	1.4581 0.0000 0.0000 0.0000	</row0>
					<row1>	0.0000 1.4581 0.0000 0.0000	</row1>
					<row2>	0.0000 0.0000 1.4581 0.0000	</row2>
					<row3>	0.1223 0.2882 3.2049 1.0000	</row3>
				</transform>
			</node>
			<node>
				<identifier>	MP_RM060_Hatch_INDEX_1	</identifier>
				<transform>
					<row0>	1.0000 0.0000 0.0000 0.0000	</row0>
					<row1>	0.0000 1.0000 0.0000 0.0000	</row1>
					<row2>	0.0000 0.0000 1.0000 0.0000	</row2>
					<row3>	0.0285 0.3038 3.5344 1.0000	</row3>
				</transform>
			</node>
			<node>
				<identifier>	MP_RM151_Manage_Anchor	</identifier>
				<transform>
					<row0>	1.0000 0.0000 0.0000 0.0000	</row0>
					<row1>	0.0000 1.0000 0.0000 0.0000	</row1>
					<row2>	0.0000 0.0000 1.0000 0.0000	</row2>
					<row3>	-0.0455 0.2900 3.0775 1.0000	</row3>
				</transform>
			</node>
			<node>
				<identifier>	MP_RM178_Anchor_Capstan	</identifier>
				<transform>
					<row0>	1.0000 0.0000 0.0000 0.0000	</row0>
					<row1>	0.0000 1.0000 0.0000 0.0000	</row1>
					<row2>	0.0000 0.0000 1.0000 0.0000	</row2>
					<row3>	0.0000 0.2919 3.1712 1.0000	</row3>
				</transform>
			</node>
			<node>
				<identifier>	MP_RM179_Anchor_Stopper	</identifier>
				<transform>
					<row0>	0.9700 0.0000 0.2433 0.0000	</row0>
					<row1>	0.0000 1.0000 0.0000 0.0000	</row1>
					<row2>	-0.2433 0.0000 0.9700 0.0000	</row2>
					<row3>	-0.0433 0.2922 3.2837 1.0000	</row3>
				</transform>
			</node>
			<node>
				<identifier>	MP_RM179_Anchor_Stopper_INDEX_1	</identifier>
				<transform>
					<row0>	0.9700 0.0000 -0.2433 0.0000	</row0>
					<row1>	0.0000 1.0000 0.0000 0.0000	</row1>
					<row2>	0.2433 0.0000 0.9700 0.0000	</row2>
					<row3>	0.0433 0.2922 3.2837 1.0000	</row3>
				</transform>
			</node>
			<node>
				<identifier>	MP_RM180_Anchor_Detector	</identifier>
				<transform>
					<row0>	1.0000 0.0000 0.0000 0.0000	</row0>
					<row1>	0.0000 1.0000 0.0000 0.0000	</row1>
					<row2>	0.0000 0.0000 1.0000 0.0000	</row2>
					<row3>	0.0000 0.2842 2.9926 1.0000	</row3>
				</transform>
			</node>
			<node>
				<identifier>	MP_RM181_Anchor_Fairled	</identifier>
				<transform>
					<row0>	-1.0000 0.0000 0.0000 0.0000	</row0>
					<row1>	0.0000 1.0000 0.0000 0.0000	</row1>
					<row2>	0.0000 0.0000 -1.0000 0.0000	</row2>
					<row3>	0.0248 0.3008 3.3533 1.0000	</row3>
				</transform>
			</node>
			<node>
				<identifier>	MP_RM181_Anchor_Fairled_INDEX_1	</identifier>
				<transform>
					<row0>	-1.0000 0.0000 0.0000 0.0000	</row0>
					<row1>	0.0000 1.0000 0.0000 0.0000	</row1>
					<row2>	0.0000 0.0000 -1.0000 0.0000	</row2>
					<row3>	-0.0248 0.3008 3.3533 1.0000	</row3>
				</transform>
			</node>
			<node>
				<identifier>	MP_RM209_Red_Star	</identifier>
				<transform>
					<row0>	0.2597 0.0011 -0.9657 0.0000	</row0>
					<row1>	0.3344 0.9380 0.0910 0.0000	</row1>
					<row2>	0.9059 -0.3466 0.2433 0.0000	</row2>
					<row3>	0.0494 0.2753 3.7495 1.0000	</row3>
				</transform>
			</node>
			<node>
				<identifier>	MP_RM209_Red_Star_INDEX_1	</identifier>
				<transform>
					<row0>	0.2597 -0.0011 0.9657 0.0000	</row0>
					<row1>	-0.3344 0.9380 0.0910 0.0000	</row1>
					<row2>	-0.9059 -0.3466 0.2433 0.0000	</row2>
					<row3>	-0.0494 0.2753 3.7495 1.0000	</row3>
				</transform>
			</node>
			<node>
				<identifier>	MP_RM214_Life_Buoy	</identifier>
				<transform>
					<row0>	-0.1827 0.0000 0.9832 0.0000	</row0>
					<row1>	0.0000 1.0000 0.0000 0.0000	</row1>
					<row2>	-0.9832 0.0000 -0.1827 0.0000	</row2>
					<row3>	0.1776 0.3542 3.2239 1.0000	</row3>
				</transform>
			</node>
			<node>
				<identifier>	MP_RM214_Life_Buoy_INDEX_1	</identifier>
				<transform>
					<row0>	-0.1827 0.0000 -0.9832 0.0000	</row0>
					<row1>	0.0000 1.0000 0.0000 0.0000	</row1>
					<row2>	0.9832 0.0000 -0.1827 0.0000	</row2>
					<row3>	-0.1776 0.3542 3.2239 1.0000	</row3>
				</transform>
			</node>
			<node>
				<identifier>	MP_RM217_Ventilation_Mushroom	</identifier>
				<transform>
					<row0>	0.9824 -0.0159 0.1862 0.0000	</row0>
					<row1>	0.0245 0.9987 -0.0436 0.0000	</row1>
					<row2>	-0.1853 0.0474 0.9815 0.0000	</row2>
					<row3>	0.1261 0.3018 3.4082 1.0000	</row3>
				</transform>
			</node>
			<node>
				<identifier>	MP_RM219_Fairlead	</identifier>
				<transform>
					<row0>	0.9852 0.0008 0.1712 0.0000	</row0>
					<row1>	0.0063 0.9991 -0.0412 0.0000	</row1>
					<row2>	-0.1711 0.0417 0.9844 0.0000	</row2>
					<row3>	0.1902 0.2879 3.1046 1.0000	</row3>
				</transform>
			</node>
			<node>
				<identifier>	MP_RM219_Fairlead_INDEX_1	</identifier>
				<transform>
					<row0>	0.9852 -0.0008 -0.1712 0.0000	</row0>
					<row1>	-0.0063 0.9991 -0.0412 0.0000	</row1>
					<row2>	0.1711 0.0417 0.9844 0.0000	</row2>
					<row3>	-0.1902 0.2879 3.1046 1.0000	</row3>
				</transform>
			</node>
			<node>
				<identifier>	MP_RM220_Bollard	</identifier>
				<transform>
					<row0>	0.9816 0.0395 -0.1870 0.0000	</row0>
					<row1>	-0.0456 0.9986 -0.0285 0.0000	</row1>
					<row2>	0.1856 0.0365 0.9820 0.0000	</row2>
					<row3>	-0.1431 0.2939 3.3383 1.0000	</row3>
				</transform>
			</node>
			<node>
				<identifier>	MP_RM220_Bollard_INDEX_1	</identifier>
				<transform>
					<row0>	0.9816 -0.0395 0.1870 0.0000	</row0>
					<row1>	0.0456 0.9986 -0.0285 0.0000	</row1>
					<row2>	-0.1856 0.0365 0.9820 0.0000	</row2>
					<row3>	0.1431 0.2939 3.3383 1.0000	</row3>
				</transform>
			</node>
			<node>
				<identifier>	SP_YMS001_YHBM_M_1	</identifier>
				<transform>
					<row0>	0.6544 0.0000 0.0000 0.0000	</row0>
					<row1>	0.0000 0.6544 0.0000 0.0000	</row1>
					<row2>	0.0000 0.0000 0.6544 0.0000	</row2>
					<row3>	0.0000 0.3293 3.8739 1.0000	</row3>
				</transform>
			</node>
			<node>
				<identifier>	SP_YMS002_YHBL_M_1	</identifier>
				<transform>
					<row0>	0.4574 -0.0363 0.0022 0.0000	</row0>
					<row1>	0.0363 0.4562 -0.0327 0.0000	</row1>
					<row2>	0.0004 0.0327 0.4577 0.0000	</row2>
					<row3>	0.0000 0.3293 3.8739 1.0000	</row3>
				</transform>
			</node>
			<node>
				<identifier>	SP_YMS003_YHBR_M_1	</identifier>
				<transform>
					<row0>	0.4574 0.0363 -0.0022 0.0000	</row0>
					<row1>	-0.0363 0.4562 -0.0327 0.0000	</row1>
					<row2>	-0.0004 0.0327 0.4577 0.0000	</row2>
					<row3>	0.0000 0.3293 3.8739 1.0000	</row3>
				</transform>
			</node>
			<node>
				<identifier>	SP_YMS010_YHWM_L_1	</identifier>
				<transform>
					<row0>	0.5126 0.0000 0.0000 0.0000	</row0>
					<row1>	0.0000 0.5126 0.0000 0.0000	</row1>
					<row2>	0.0000 0.0000 0.5126 0.0000	</row2>
					<row3>	0.0000 0.0019 3.7298 1.0000	</row3>
				</transform>
			</node>
			<node>
				<identifier>	SP_YMS020_YHBU_M_1	</identifier>
				<transform>
					<row0>	0.6662 0.0000 0.0000 0.0000	</row0>
					<row1>	0.0000 0.6662 0.0000 0.0000	</row1>
					<row2>	0.0000 0.0000 0.6662 0.0000	</row2>
					<row3>	0.0000 -0.0376 3.5982 1.0000	</row3>
				</transform>
			</node>
			<node>
				<identifier>	SP_YMS053_YHDC_S_1	</identifier>
				<transform>
					<row0>	0.7360 0.0000 0.0000 0.0000	</row0>
					<row1>	0.0000 0.7360 0.0000 0.0000	</row1>
					<row2>	0.0000 0.0000 0.7360 0.0000	</row2>
					<row3>	-0.1206 0.2924 3.0457 1.0000	</row3>
				</transform>
			</node>
			<node>
				<identifier>	SP_YMS053_YHDC_S_1_INDEX_1	</identifier>
				<transform>
					<row0>	0.7360 0.0000 0.0000 0.0000	</row0>
					<row1>	0.0000 0.7360 0.0000 0.0000	</row1>
					<row2>	0.0000 0.0000 0.7360 0.0000	</row2>
					<row3>	0.1206 0.2924 3.0457 1.0000	</row3>
				</transform>
			</node>
		</node>
	</node>
	<boundingBox>
		<min>	-0.0667 -0.0667 -0.0667	</min>
		<max>	0.0667 0.0667 0.0667	</max>
	</boundingBox>
</RSD009_Pr_30_Ognevoy_1945_Bow_ports.visual>
