<RSD009_Pr_30_Ognevoy_1945_Stern_ports.visual>
	<node>
		<identifier>	Scene Root	</identifier>
		<transform>
			<row0>	1.0000 0.0000 0.0000 0.0000	</row0>
			<row1>	0.0000 1.0000 0.0000 0.0000	</row1>
			<row2>	0.0000 0.0000 1.0000 0.0000	</row2>
			<row3>	0.0000 0.0000 0.0000 1.0000	</row3>
		</transform>
		<node>
			<identifier>	Stern_ports	</identifier>
			<transform>
				<row0>	1.0000 0.0000 0.0000 0.0000	</row0>
				<row1>	0.0000 1.0000 0.0000 0.0000	</row1>
				<row2>	0.0000 0.0000 1.0000 0.0000	</row2>
				<row3>	0.0000 0.0000 0.0000 1.0000	</row3>
			</transform>
			<node>
				<identifier>	HP_FX_Death_3	</identifier>
				<transform>
					<row0>	1.0000 0.0000 0.0000 0.0000	</row0>
					<row1>	0.0000 1.0000 0.0000 0.0000	</row1>
					<row2>	0.0000 0.0000 1.0000 0.0000	</row2>
					<row3>	0.0000 0.0000 -2.7263 1.0000	</row3>
				</transform>
			</node>
			<node>
				<identifier>	HP_FX_Fire_4	</identifier>
				<transform>
					<row0>	1.0000 0.0000 0.0000 0.0000	</row0>
					<row1>	0.0000 1.0000 0.0000 0.0000	</row1>
					<row2>	0.0000 0.0000 1.0000 0.0000	</row2>
					<row3>	0.0000 0.1322 -3.2316 1.0000	</row3>
				</transform>
			</node>
			<node>
				<identifier>	HP_FX_WakeTraceBack	</identifier>
				<transform>
					<row0>	1.0000 0.0000 0.0000 0.0000	</row0>
					<row1>	0.0000 1.0000 0.0000 0.0000	</row1>
					<row2>	0.0000 0.0000 1.0000 0.0000	</row2>
					<row3>	0.0000 0.0000 -3.7128 1.0000	</row3>
				</transform>
			</node>
			<node>
				<identifier>	HP_FX_WakeTrace_screw_1	</identifier>
				<transform>
					<row0>	1.0000 0.0000 0.0000 0.0000	</row0>
					<row1>	0.0000 1.0000 0.0000 0.0000	</row1>
					<row2>	0.0000 0.0000 1.0000 0.0000	</row2>
					<row3>	-0.1586 -0.2371 -3.3506 1.0000	</row3>
				</transform>
			</node>
			<node>
				<identifier>	HP_FX_WakeTrace_screw_2	</identifier>
				<transform>
					<row0>	1.0000 0.0000 0.0000 0.0000	</row0>
					<row1>	0.0000 1.0000 0.0000 0.0000	</row1>
					<row2>	0.0000 0.0000 1.0000 0.0000	</row2>
					<row3>	0.1586 -0.2371 -3.3506 1.0000	</row3>
				</transform>
			</node>
			<node>
				<identifier>	HP_RGB_1	</identifier>
				<transform>
					<row0>	0.0031 0.0236 0.9997 0.0000	</row0>
					<row1>	-0.0039 0.9997 -0.0235 0.0000	</row1>
					<row2>	-1.0000 -0.0038 0.0032 0.0000	</row2>
					<row3>	-0.0408 0.1272 -3.3286 1.0000	</row3>
				</transform>
			</node>
			<node>
				<identifier>	HP_RGB_2	</identifier>
				<transform>
					<row0>	0.0031 -0.0236 -0.9997 0.0000	</row0>
					<row1>	0.0039 0.9997 -0.0235 0.0000	</row1>
					<row2>	1.0000 -0.0038 0.0032 0.0000	</row2>
					<row3>	0.0408 0.1272 -3.3286 1.0000	</row3>
				</transform>
			</node>
			<node>
				<identifier>	HP_RGB_3	</identifier>
				<transform>
					<row0>	-1.0000 0.0000 0.0000 0.0000	</row0>
					<row1>	0.0000 0.9941 -0.1087 0.0000	</row1>
					<row2>	0.0000 -0.1087 -0.9941 0.0000	</row2>
					<row3>	-0.0438 0.0949 -3.7539 1.0000	</row3>
				</transform>
			</node>
			<node>
				<identifier>	HP_RGB_4	</identifier>
				<transform>
					<row0>	-1.0000 0.0000 0.0000 0.0000	</row0>
					<row1>	0.0000 0.9941 -0.1087 0.0000	</row1>
					<row2>	0.0000 -0.1087 -0.9941 0.0000	</row2>
					<row3>	0.0438 0.0949 -3.7539 1.0000	</row3>
				</transform>
			</node>
			<node>
				<identifier>	HP_RGM_2	</identifier>
				<transform>
					<row0>	-1.0000 0.0000 0.0000 0.0000	</row0>
					<row1>	0.0000 1.0000 0.0000 0.0000	</row1>
					<row2>	0.0000 0.0000 -1.0000 0.0000	</row2>
					<row3>	0.0000 0.1576 -2.5319 1.0000	</row3>
				</transform>
			</node>
			<node>
				<identifier>	HP_Ship_death_3	</identifier>
				<transform>
					<row0>	1.0000 0.0000 0.0000 0.0000	</row0>
					<row1>	0.0000 1.0000 0.0000 0.0000	</row1>
					<row2>	0.0000 0.0000 1.0000 0.0000	</row2>
					<row3>	0.0000 0.0000 -2.3415 1.0000	</row3>
				</transform>
			</node>
			<node>
				<identifier>	MP_CM001_Propeller3_L	</identifier>
				<transform>
					<row0>	0.8198 0.0000 -0.0168 0.0000	</row0>
					<row1>	-0.0005 0.8194 -0.0303 0.0000	</row1>
					<row2>	0.0168 0.0303 0.8193 0.0000	</row2>
					<row3>	-0.1586 -0.2371 -3.3506 1.0000	</row3>
				</transform>
			</node>
			<node>
				<identifier>	MP_CM032_Propeller3_R	</identifier>
				<transform>
					<row0>	0.8194 0.0000 0.0168 0.0000	</row0>
					<row1>	0.0005 0.8190 -0.0302 0.0000	</row1>
					<row2>	-0.0168 0.0302 0.8188 0.0000	</row2>
					<row3>	0.1586 -0.2371 -3.3506 1.0000	</row3>
				</transform>
			</node>
			<node>
				<identifier>	MP_RM019_Reels	</identifier>
				<transform>
					<row0>	0.0000 0.0000 -1.0000 0.0000	</row0>
					<row1>	-0.0247 -0.9997 0.0000 0.0000	</row1>
					<row2>	-0.9997 0.0247 0.0000 0.0000	</row2>
					<row3>	0.0831 0.1298 -2.7707 1.0000	</row3>
				</transform>
			</node>
			<node>
				<identifier>	MP_RM019_Reels_INDEX_1	</identifier>
				<transform>
					<row0>	0.0000 0.0000 1.0000 0.0000	</row0>
					<row1>	0.0247 -0.9997 0.0000 0.0000	</row1>
					<row2>	0.9997 0.0247 0.0000 0.0000	</row2>
					<row3>	-0.0831 0.1298 -2.7707 1.0000	</row3>
				</transform>
			</node>
			<node>
				<identifier>	MP_RM021_Screened_speed_light	</identifier>
				<transform>
					<row0>	-0.5810 0.0000 0.0000 0.0000	</row0>
					<row1>	0.0000 0.5810 0.0015 0.0000	</row1>
					<row2>	0.0000 0.0015 -0.5810 0.0000	</row2>
					<row3>	0.0000 0.1402 -3.8134 1.0000	</row3>
				</transform>
			</node>
			<node>
				<identifier>	MP_RM182_Depth_Charge_BB1	</identifier>
				<transform>
					<row0>	-0.9943 -0.0277 -0.1029 0.0000	</row0>
					<row1>	-0.0279 0.9996 0.0010 0.0000	</row1>
					<row2>	0.1028 0.0039 -0.9947 0.0000	</row2>
					<row3>	-0.1779 0.1425 -3.0212 1.0000	</row3>
				</transform>
			</node>
			<node>
				<identifier>	MP_RM182_Depth_Charge_BB1_INDEX_1	</identifier>
				<transform>
					<row0>	0.9125 0.0259 -0.4083 0.0000	</row0>
					<row1>	-0.0279 0.9996 0.0010 0.0000	</row1>
					<row2>	0.4081 0.0105 0.9129 0.0000	</row2>
					<row3>	-0.1630 0.1415 -3.0952 1.0000	</row3>
				</transform>
			</node>
			<node>
				<identifier>	MP_RM182_Depth_Charge_BB1_INDEX_2	</identifier>
				<transform>
					<row0>	0.1028 0.0039 -0.9947 0.0000	</row0>
					<row1>	-0.0279 0.9996 0.0010 0.0000	</row1>
					<row2>	0.9943 0.0277 0.1029 0.0000	</row2>
					<row3>	-0.1685 0.1414 -3.1123 1.0000	</row3>
				</transform>
			</node>
			<node>
				<identifier>	MP_RM182_Depth_Charge_BB1_INDEX_3	</identifier>
				<transform>
					<row0>	0.9943 0.0277 0.1029 0.0000	</row0>
					<row1>	-0.0279 0.9996 0.0010 0.0000	</row1>
					<row2>	-0.1028 -0.0039 0.9947 0.0000	</row2>
					<row3>	-0.1842 0.1409 -3.0993 1.0000	</row3>
				</transform>
			</node>
			<node>
				<identifier>	MP_RM182_Depth_Charge_BB1_INDEX_4	</identifier>
				<transform>
					<row0>	0.5862 0.0172 -0.8100 0.0000	</row0>
					<row1>	-0.0279 0.9996 0.0010 0.0000	</row1>
					<row2>	0.8097 0.0220 0.5864 0.0000	</row2>
					<row3>	-0.1944 0.1406 -3.1219 1.0000	</row3>
				</transform>
			</node>
			<node>
				<identifier>	MP_RM183_Depth_Charge_BM1	</identifier>
				<transform>
					<row0>	0.9936 0.0000 -0.1126 0.0000	</row0>
					<row1>	0.0000 1.0000 0.0000 0.0000	</row1>
					<row2>	0.1126 0.0000 0.9936 0.0000	</row2>
					<row3>	0.2105 0.1186 -3.5114 1.0000	</row3>
				</transform>
			</node>
			<node>
				<identifier>	MP_RM183_Depth_Charge_BM1_INDEX_1	</identifier>
				<transform>
					<row0>	0.9936 0.0000 -0.1126 0.0000	</row0>
					<row1>	0.0000 1.0000 0.0000 0.0000	</row1>
					<row2>	0.1126 0.0000 0.9936 0.0000	</row2>
					<row3>	0.2084 0.1183 -3.5324 1.0000	</row3>
				</transform>
			</node>
			<node>
				<identifier>	MP_RM183_Depth_Charge_BM1_INDEX_2	</identifier>
				<transform>
					<row0>	0.9936 0.0000 -0.1126 0.0000	</row0>
					<row1>	0.0000 1.0000 0.0000 0.0000	</row1>
					<row2>	0.1126 0.0000 0.9936 0.0000	</row2>
					<row3>	0.2060 0.1178 -3.5535 1.0000	</row3>
				</transform>
			</node>
			<node>
				<identifier>	MP_RM183_Depth_Charge_BM1_INDEX_3	</identifier>
				<transform>
					<row0>	0.9936 0.0000 0.1126 0.0000	</row0>
					<row1>	0.0000 1.0000 0.0000 0.0000	</row1>
					<row2>	-0.1126 0.0000 0.9936 0.0000	</row2>
					<row3>	-0.2060 0.1178 -3.5535 1.0000	</row3>
				</transform>
			</node>
			<node>
				<identifier>	MP_RM183_Depth_Charge_BM1_INDEX_4	</identifier>
				<transform>
					<row0>	0.9936 0.0000 0.1126 0.0000	</row0>
					<row1>	0.0000 1.0000 0.0000 0.0000	</row1>
					<row2>	-0.1126 0.0000 0.9936 0.0000	</row2>
					<row3>	-0.2105 0.1186 -3.5114 1.0000	</row3>
				</transform>
			</node>
			<node>
				<identifier>	MP_RM183_Depth_Charge_BM1_INDEX_5	</identifier>
				<transform>
					<row0>	0.9936 0.0000 0.1126 0.0000	</row0>
					<row1>	0.0000 1.0000 0.0000 0.0000	</row1>
					<row2>	-0.1126 0.0000 0.9936 0.0000	</row2>
					<row3>	-0.2084 0.1183 -3.5324 1.0000	</row3>
				</transform>
			</node>
			<node>
				<identifier>	MP_RM183_Depth_Charge_BM1_INDEX_6	</identifier>
				<transform>
					<row0>	0.9936 0.0000 -0.1126 0.0000	</row0>
					<row1>	0.0000 1.0000 0.0000 0.0000	</row1>
					<row2>	0.1126 0.0000 0.9936 0.0000	</row2>
					<row3>	0.2126 0.1187 -3.4904 1.0000	</row3>
				</transform>
			</node>
			<node>
				<identifier>	MP_RM183_Depth_Charge_BM1_INDEX_7	</identifier>
				<transform>
					<row0>	0.9936 0.0000 0.1126 0.0000	</row0>
					<row1>	0.0000 1.0000 0.0000 0.0000	</row1>
					<row2>	-0.1126 0.0000 0.9936 0.0000	</row2>
					<row3>	-0.2126 0.1187 -3.4904 1.0000	</row3>
				</transform>
			</node>
			<node>
				<identifier>	MP_RM200_Running_Lights_B	</identifier>
				<transform>
					<row0>	-1.0000 0.0000 0.0000 0.0000	</row0>
					<row1>	0.0000 1.0000 0.0000 0.0000	</row1>
					<row2>	0.0000 0.0000 -1.0000 0.0000	</row2>
					<row3>	0.0000 0.1632 -3.8134 1.0000	</row3>
				</transform>
			</node>
			<node>
				<identifier>	MP_RM202_Screen_Smoke_DA2	</identifier>
				<transform>
					<row0>	-0.0556 0.0015 -0.9985 0.0000	</row0>
					<row1>	-0.0066 1.0000 0.0019 0.0000	</row1>
					<row2>	0.9984 0.0067 -0.0556 0.0000	</row2>
					<row3>	0.1921 0.1158 -3.6774 1.0000	</row3>
				</transform>
			</node>
			<node>
				<identifier>	MP_RM202_Screen_Smoke_DA2_INDEX_1	</identifier>
				<transform>
					<row0>	-0.0556 -0.0015 0.9985 0.0000	</row0>
					<row1>	0.0066 1.0000 0.0019 0.0000	</row1>
					<row2>	-0.9984 0.0067 -0.0556 0.0000	</row2>
					<row3>	-0.1921 0.1158 -3.6774 1.0000	</row3>
				</transform>
			</node>
			<node>
				<identifier>	MP_RM212_Anchor_Capstan_Stern	</identifier>
				<transform>
					<row0>	1.0000 0.0000 0.0000 0.0000	</row0>
					<row1>	0.0000 1.0000 0.0000 0.0000	</row1>
					<row2>	0.0000 0.0000 1.0000 0.0000	</row2>
					<row3>	0.0000 0.1263 -3.2061 1.0000	</row3>
				</transform>
			</node>
			<node>
				<identifier>	MP_RM214_Life_Buoy	</identifier>
				<transform>
					<row0>	0.0702 0.0000 0.9975 0.0000	</row0>
					<row1>	0.0000 1.0000 0.0000 0.0000	</row1>
					<row2>	-0.9975 0.0000 0.0702 0.0000	</row2>
					<row3>	0.3024 0.1842 -2.5736 1.0000	</row3>
				</transform>
			</node>
			<node>
				<identifier>	MP_RM214_Life_Buoy_INDEX_1	</identifier>
				<transform>
					<row0>	0.0702 0.0000 -0.9975 0.0000	</row0>
					<row1>	0.0000 1.0000 0.0000 0.0000	</row1>
					<row2>	0.9975 0.0000 0.0702 0.0000	</row2>
					<row3>	-0.2801 0.1837 -2.8916 1.0000	</row3>
				</transform>
			</node>
			<node>
				<identifier>	MP_RM217_Ventilation_Mushroom	</identifier>
				<transform>
					<row0>	0.9977 0.0671 0.0000 0.0000	</row0>
					<row1>	-0.0671 0.9977 0.0000 0.0000	</row1>
					<row2>	0.0000 0.0000 1.0000 0.0000	</row2>
					<row3>	-0.1348 0.1329 -2.4164 1.0000	</row3>
				</transform>
			</node>
			<node>
				<identifier>	MP_RM217_Ventilation_Mushroom_INDEX_1	</identifier>
				<transform>
					<row0>	0.9991 0.0422 0.0000 0.0000	</row0>
					<row1>	-0.0422 0.9991 0.0000 0.0000	</row1>
					<row2>	0.0000 0.0000 1.0000 0.0000	</row2>
					<row3>	-0.2143 0.1227 -3.4589 1.0000	</row3>
				</transform>
			</node>
			<node>
				<identifier>	MP_RM217_Ventilation_Mushroom_INDEX_2	</identifier>
				<transform>
					<row0>	0.9977 -0.0671 0.0000 0.0000	</row0>
					<row1>	0.0671 0.9977 0.0000 0.0000	</row1>
					<row2>	0.0000 0.0000 1.0000 0.0000	</row2>
					<row3>	0.1348 0.1329 -2.4164 1.0000	</row3>
				</transform>
			</node>
			<node>
				<identifier>	MP_RM217_Ventilation_Mushroom_INDEX_3	</identifier>
				<transform>
					<row0>	1.0000 0.0000 0.0000 0.0000	</row0>
					<row1>	0.0000 1.0000 0.0000 0.0000	</row1>
					<row2>	0.0000 0.0000 1.0000 0.0000	</row2>
					<row3>	-0.0882 0.1332 -2.6934 1.0000	</row3>
				</transform>
			</node>
			<node>
				<identifier>	MP_RM217_Ventilation_Mushroom_INDEX_4	</identifier>
				<transform>
					<row0>	0.9991 -0.0422 0.0000 0.0000	</row0>
					<row1>	0.0422 0.9991 0.0000 0.0000	</row1>
					<row2>	0.0000 0.0000 1.0000 0.0000	</row2>
					<row3>	0.2143 0.1227 -3.4589 1.0000	</row3>
				</transform>
			</node>
			<node>
				<identifier>	MP_RM217_Ventilation_Mushroom_INDEX_5	</identifier>
				<transform>
					<row0>	0.9977 0.0671 0.0000 0.0000	</row0>
					<row1>	-0.0671 0.9977 0.0000 0.0000	</row1>
					<row2>	0.0000 0.0000 1.0000 0.0000	</row2>
					<row3>	-0.1346 0.1305 -2.6350 1.0000	</row3>
				</transform>
			</node>
			<node>
				<identifier>	MP_RM217_Ventilation_Mushroom_INDEX_6	</identifier>
				<transform>
					<row0>	1.0000 0.0000 0.0000 0.0000	</row0>
					<row1>	0.0000 1.0000 0.0000 0.0000	</row1>
					<row2>	0.0000 0.0000 1.0000 0.0000	</row2>
					<row3>	0.0882 0.1338 -2.6934 1.0000	</row3>
				</transform>
			</node>
			<node>
				<identifier>	MP_RM218_Deck_Hatch	</identifier>
				<transform>
					<row0>	1.0000 0.0000 0.0000 0.0000	</row0>
					<row1>	0.0000 1.0000 0.0000 0.0000	</row1>
					<row2>	0.0000 0.0000 1.0000 0.0000	</row2>
					<row3>	0.0000 0.1333 -2.7685 1.0000	</row3>
				</transform>
			</node>
			<node>
				<identifier>	MP_RM218_Deck_Hatch_INDEX_1	</identifier>
				<transform>
					<row0>	1.0000 0.0000 0.0000 0.0000	</row0>
					<row1>	0.0000 1.0000 0.0000 0.0000	</row1>
					<row2>	0.0000 0.0000 1.0000 0.0000	</row2>
					<row3>	0.0794 0.1269 -3.2581 1.0000	</row3>
				</transform>
			</node>
			<node>
				<identifier>	MP_RM219_Fairlead	</identifier>
				<transform>
					<row0>	0.9934 0.0720 0.0893 0.0000	</row0>
					<row1>	-0.0717 0.9974 -0.0064 0.0000	</row1>
					<row2>	-0.0896 0.0000 0.9960 0.0000	</row2>
					<row3>	-0.2547 0.1231 -3.0615 1.0000	</row3>
				</transform>
			</node>
			<node>
				<identifier>	MP_RM219_Fairlead_INDEX_1	</identifier>
				<transform>
					<row0>	0.9934 -0.0720 -0.0893 0.0000	</row0>
					<row1>	0.0717 0.9974 -0.0064 0.0000	</row1>
					<row2>	0.0896 0.0000 0.9960 0.0000	</row2>
					<row3>	0.2547 0.1231 -3.0615 1.0000	</row3>
				</transform>
			</node>
			<node>
				<identifier>	MP_RM219_Fairlead_INDEX_2	</identifier>
				<transform>
					<row0>	0.9937 -0.0500 -0.1002 0.0000	</row0>
					<row1>	0.0497 0.9987 -0.0050 0.0000	</row1>
					<row2>	0.1003 0.0000 0.9950 0.0000	</row2>
					<row3>	0.2223 0.1218 -3.4127 1.0000	</row3>
				</transform>
			</node>
			<node>
				<identifier>	MP_RM219_Fairlead_INDEX_3	</identifier>
				<transform>
					<row0>	0.9937 0.0500 0.1002 0.0000	</row0>
					<row1>	-0.0497 0.9987 -0.0050 0.0000	</row1>
					<row2>	-0.1003 0.0000 0.9950 0.0000	</row2>
					<row3>	-0.2223 0.1218 -3.4127 1.0000	</row3>
				</transform>
			</node>
			<node>
				<identifier>	MP_RM220_Bollard	</identifier>
				<transform>
					<row0>	0.9934 -0.0720 -0.0893 0.0000	</row0>
					<row1>	0.0717 0.9974 -0.0064 0.0000	</row1>
					<row2>	0.0896 0.0000 0.9960 0.0000	</row2>
					<row3>	0.2354 0.1200 -3.2444 1.0000	</row3>
				</transform>
			</node>
			<node>
				<identifier>	MP_RM220_Bollard_INDEX_1	</identifier>
				<transform>
					<row0>	0.9934 0.0720 0.0893 0.0000	</row0>
					<row1>	-0.0717 0.9974 -0.0064 0.0000	</row1>
					<row2>	-0.0896 0.0000 0.9960 0.0000	</row2>
					<row3>	-0.2354 0.1200 -3.2444 1.0000	</row3>
				</transform>
			</node>
			<node>
				<identifier>	MP_RM220_Bollard_INDEX_2	</identifier>
				<transform>
					<row0>	0.9934 -0.0720 -0.0893 0.0000	</row0>
					<row1>	0.0717 0.9974 -0.0064 0.0000	</row1>
					<row2>	0.0896 0.0000 0.9960 0.0000	</row2>
					<row3>	0.2617 0.1198 -2.9698 1.0000	</row3>
				</transform>
			</node>
			<node>
				<identifier>	MP_RM220_Bollard_INDEX_3	</identifier>
				<transform>
					<row0>	0.9934 0.0720 0.0893 0.0000	</row0>
					<row1>	-0.0717 0.9974 -0.0064 0.0000	</row1>
					<row2>	-0.0896 0.0000 0.9960 0.0000	</row2>
					<row3>	-0.2617 0.1198 -2.9698 1.0000	</row3>
				</transform>
			</node>
			<node>
				<identifier>	MP_RM239_Bomb_Bogie	</identifier>
				<transform>
					<row0>	0.9943 0.0277 0.1029 0.0000	</row0>
					<row1>	-0.0279 0.9996 0.0010 0.0000	</row1>
					<row2>	-0.1028 -0.0039 0.9947 0.0000	</row2>
					<row3>	-0.1722 0.1272 -3.0702 1.0000	</row3>
				</transform>
			</node>
			<node>
				<identifier>	MP_RM249_Coat_of_Arms_USSR	</identifier>
				<transform>
					<row0>	-1.0000 0.0000 0.0000 0.0000	</row0>
					<row1>	0.0000 0.9475 -0.3198 0.0000	</row1>
					<row2>	0.0000 -0.3198 -0.9475 0.0000	</row2>
					<row3>	0.0000 0.0575 -3.8113 1.0000	</row3>
				</transform>
			</node>
			<node>
				<identifier>	SP_YMS011_YHWL_M_1_INDEX_8	</identifier>
				<transform>
					<row0>	0.7980 0.0231 0.0511 0.0000	</row0>
					<row1>	-0.0230 0.7997 -0.0019 0.0000	</row1>
					<row2>	-0.0512 0.0004 0.7984 0.0000	</row2>
					<row3>	-0.3046 0.0000 -2.5806 1.0000	</row3>
				</transform>
			</node>
			<node>
				<identifier>	SP_YMS012_YHWR_M_1_INDEX_8	</identifier>
				<transform>
					<row0>	0.7980 -0.0231 -0.0511 0.0000	</row0>
					<row1>	0.0230 0.7997 -0.0019 0.0000	</row1>
					<row2>	0.0512 0.0004 0.7984 0.0000	</row2>
					<row3>	0.3046 0.0000 -2.5806 1.0000	</row3>
				</transform>
			</node>
			<node>
				<identifier>	SP_YMS023_YHUC_L_1	</identifier>
				<transform>
					<row0>	0.2680 0.0000 -0.0055 0.0000	</row0>
					<row1>	-0.0002 0.2679 -0.0099 0.0000	</row1>
					<row2>	0.0055 0.0099 0.2678 0.0000	</row2>
					<row3>	-0.1586 -0.2371 -3.3506 1.0000	</row3>
				</transform>
			</node>
			<node>
				<identifier>	SP_YMS023_YHUC_L_1_INDEX_1	</identifier>
				<transform>
					<row0>	0.2680 0.0000 0.0055 0.0000	</row0>
					<row1>	0.0002 0.2679 -0.0099 0.0000	</row1>
					<row2>	-0.0055 0.0099 0.2678 0.0000	</row2>
					<row3>	0.1586 -0.2371 -3.3506 1.0000	</row3>
				</transform>
			</node>
			<node>
				<identifier>	SP_YMS030_YHAM_M_1	</identifier>
				<transform>
					<row0>	0.2320 0.0000 -0.1902 0.0000	</row0>
					<row1>	0.0000 0.3000 0.0000 0.0000	</row1>
					<row2>	0.1902 0.0000 0.2320 0.0000	</row2>
					<row3>	-0.2212 0.0657 -3.8054 1.0000	</row3>
				</transform>
			</node>
			<node>
				<identifier>	SP_YMS030_YHAM_M_1_INDEX_1	</identifier>
				<transform>
					<row0>	0.2320 0.0000 0.1902 0.0000	</row0>
					<row1>	0.0000 0.3000 0.0000 0.0000	</row1>
					<row2>	-0.1902 0.0000 0.2320 0.0000	</row2>
					<row3>	0.2212 0.0657 -3.8054 1.0000	</row3>
				</transform>
			</node>
			<node>
				<identifier>	SP_YMS031_YHAL_M_1	</identifier>
				<transform>
					<row0>	0.4993 0.0000 0.0262 0.0000	</row0>
					<row1>	0.0000 0.5000 0.0000 0.0000	</row1>
					<row2>	-0.0262 0.0000 0.4993 0.0000	</row2>
					<row3>	-0.2759 0.0621 -3.1247 1.0000	</row3>
				</transform>
			</node>
			<node>
				<identifier>	SP_YMS032_YHAR_M_1	</identifier>
				<transform>
					<row0>	0.4993 0.0000 -0.0262 0.0000	</row0>
					<row1>	0.0000 0.5000 0.0000 0.0000	</row1>
					<row2>	0.0262 0.0000 0.4993 0.0000	</row2>
					<row3>	0.2759 0.0621 -3.1247 1.0000	</row3>
				</transform>
			</node>
			<node>
				<identifier>	SP_YMS053_YHDC_S_1_INDEX_5	</identifier>
				<transform>
					<row0>	0.7868 0.0000 0.0000 0.0000	</row0>
					<row1>	0.0000 0.7868 0.0000 0.0000	</row1>
					<row2>	0.0000 0.0000 0.7868 0.0000	</row2>
					<row3>	-0.0718 0.1317 -3.0471 1.0000	</row3>
				</transform>
			</node>
			<node>
				<identifier>	SP_YMS053_YHDC_S_1_INDEX_6	</identifier>
				<transform>
					<row0>	0.7868 0.0000 0.0000 0.0000	</row0>
					<row1>	0.0000 0.7868 0.0000 0.0000	</row1>
					<row2>	0.0000 0.0000 0.7868 0.0000	</row2>
					<row3>	0.0718 0.1317 -3.0471 1.0000	</row3>
				</transform>
			</node>
		</node>
	</node>
	<boundingBox>
		<min>	-0.0667 -0.0667 -0.0667	</min>
		<max>	0.0667 0.0667 0.0667	</max>
	</boundingBox>
</RSD009_Pr_30_Ognevoy_1945_Stern_ports.visual>
