<FSB003_Richelieu_1944_Stern_ports.visual>
	<node>
		<identifier>	Scene Root	</identifier>
		<transform>
			<row0>	1.0000 0.0000 0.0000 0.0000	</row0>
			<row1>	0.0000 1.0000 0.0000 0.0000	</row1>
			<row2>	0.0000 0.0000 1.0000 0.0000	</row2>
			<row3>	0.0000 0.0000 0.0000 1.0000	</row3>
		</transform>
		<node>
			<identifier>	Stern_ports	</identifier>
			<transform>
				<row0>	1.0000 0.0000 0.0000 0.0000	</row0>
				<row1>	0.0000 1.0000 0.0000 0.0000	</row1>
				<row2>	0.0000 0.0000 1.0000 0.0000	</row2>
				<row3>	0.0000 0.0000 0.0000 1.0000	</row3>
			</transform>
			<node>
				<identifier>	HP_FD_21	</identifier>
				<transform>
					<row0>	-0.5000 0.0000 0.8660 0.0000	</row0>
					<row1>	0.0000 1.0000 0.0000 0.0000	</row1>
					<row2>	-0.8660 0.0000 -0.5000 0.0000	</row2>
					<row3>	-0.1704 0.5007 -6.5129 1.0000	</row3>
				</transform>
			</node>
			<node>
				<identifier>	HP_FD_22	</identifier>
				<transform>
					<row0>	-0.5000 0.0000 -0.8660 0.0000	</row0>
					<row1>	0.0000 1.0000 0.0000 0.0000	</row1>
					<row2>	0.8660 0.0000 -0.5000 0.0000	</row2>
					<row3>	0.1704 0.5007 -6.5129 1.0000	</row3>
				</transform>
			</node>
			<node>
				<identifier>	HP_FD_23	</identifier>
				<transform>
					<row0>	-0.3420 0.0000 0.9397 0.0000	</row0>
					<row1>	0.0000 1.0000 0.0000 0.0000	</row1>
					<row2>	-0.9397 0.0000 -0.3420 0.0000	</row2>
					<row3>	-0.2447 0.5029 -7.0072 1.0000	</row3>
				</transform>
			</node>
			<node>
				<identifier>	HP_FD_24	</identifier>
				<transform>
					<row0>	-0.3420 0.0000 -0.9397 0.0000	</row0>
					<row1>	0.0000 1.0000 0.0000 0.0000	</row1>
					<row2>	0.9397 0.0000 -0.3420 0.0000	</row2>
					<row3>	0.2447 0.5029 -7.0072 1.0000	</row3>
				</transform>
			</node>
			<node>
				<identifier>	HP_FGA_51	</identifier>
				<transform>
					<row0>	-0.5000 0.0000 0.8660 0.0000	</row0>
					<row1>	0.0000 1.0000 0.0000 0.0000	</row1>
					<row2>	-0.8660 0.0000 -0.5000 0.0000	</row2>
					<row3>	-0.4071 0.3856 -6.4455 1.0000	</row3>
				</transform>
			</node>
			<node>
				<identifier>	HP_FGA_52	</identifier>
				<transform>
					<row0>	-0.5000 0.0000 -0.8660 0.0000	</row0>
					<row1>	0.0000 1.0000 0.0000 0.0000	</row1>
					<row2>	0.8660 0.0000 -0.5000 0.0000	</row2>
					<row3>	0.4071 0.3856 -6.4455 1.0000	</row3>
				</transform>
			</node>
			<node>
				<identifier>	HP_FGA_53	</identifier>
				<transform>
					<row0>	-0.3420 0.0000 0.9397 0.0000	</row0>
					<row1>	0.0000 1.0000 0.0000 0.0000	</row1>
					<row2>	-0.9397 0.0000 -0.3420 0.0000	</row2>
					<row3>	-0.3438 0.3886 -7.2308 1.0000	</row3>
				</transform>
			</node>
			<node>
				<identifier>	HP_FGA_54	</identifier>
				<transform>
					<row0>	-0.3420 0.0000 -0.9397 0.0000	</row0>
					<row1>	0.0000 1.0000 0.0000 0.0000	</row1>
					<row2>	0.9397 0.0000 -0.3420 0.0000	</row2>
					<row3>	0.3438 0.3886 -7.2308 1.0000	</row3>
				</transform>
			</node>
			<node>
				<identifier>	HP_FX_Death_3	</identifier>
				<transform>
					<row0>	1.0000 0.0000 0.0000 0.0000	</row0>
					<row1>	0.0000 1.0000 0.0000 0.0000	</row1>
					<row2>	0.0000 0.0000 1.0000 0.0000	</row2>
					<row3>	0.0000 0.0000 -6.0926 1.0000	</row3>
				</transform>
			</node>
			<node>
				<identifier>	HP_FX_Fire_4	</identifier>
				<transform>
					<row0>	1.0000 0.0000 0.0000 0.0000	</row0>
					<row1>	0.0000 1.0000 0.0000 0.0000	</row1>
					<row2>	0.0000 0.0000 1.0000 0.0000	</row2>
					<row3>	0.0000 0.4096 -7.1551 1.0000	</row3>
				</transform>
			</node>
			<node>
				<identifier>	HP_FX_WakeTraceBack	</identifier>
				<transform>
					<row0>	1.0000 0.0000 0.0000 0.0000	</row0>
					<row1>	0.0000 1.0000 0.0000 0.0000	</row1>
					<row2>	0.0000 0.0000 1.0000 0.0000	</row2>
					<row3>	0.0000 0.0000 -8.1183 1.0000	</row3>
				</transform>
			</node>
			<node>
				<identifier>	HP_FX_WakeTrace_screw_3	</identifier>
				<transform>
					<row0>	1.0000 0.0000 0.0000 0.0000	</row0>
					<row1>	0.0000 1.0000 0.0000 0.0000	</row1>
					<row2>	0.0000 0.0000 1.0000 0.0000	</row2>
					<row3>	-0.3240 -0.4947 -6.7475 1.0000	</row3>
				</transform>
			</node>
			<node>
				<identifier>	HP_FX_WakeTrace_screw_4	</identifier>
				<transform>
					<row0>	1.0000 0.0000 0.0000 0.0000	</row0>
					<row1>	0.0000 1.0000 0.0000 0.0000	</row1>
					<row2>	0.0000 0.0000 1.0000 0.0000	</row2>
					<row3>	0.3240 -0.4947 -6.7475 1.0000	</row3>
				</transform>
			</node>
			<node>
				<identifier>	HP_Ship_death_3	</identifier>
				<transform>
					<row0>	1.0000 0.0000 0.0000 0.0000	</row0>
					<row1>	0.0000 1.0000 0.0000 0.0000	</row1>
					<row2>	0.0000 0.0000 1.0000 0.0000	</row2>
					<row3>	0.0000 0.0000 -6.0661 1.0000	</row3>
				</transform>
			</node>
			<node>
				<identifier>	MP_CM002_Propeller4_L	</identifier>
				<transform>
					<row0>	0.9870 0.1603 -0.0116 0.0000	</row0>
					<row1>	-0.1607 0.9862 -0.0392 0.0000	</row1>
					<row2>	0.0052 0.0406 0.9992 0.0000	</row2>
					<row3>	-0.3240 -0.4947 -6.7475 1.0000	</row3>
				</transform>
			</node>
			<node>
				<identifier>	MP_CM010_Fire_Hose_Reel	</identifier>
				<transform>
					<row0>	-0.4067 0.0000 0.9135 0.0000	</row0>
					<row1>	0.0000 1.0000 0.0000 0.0000	</row1>
					<row2>	-0.9135 0.0000 -0.4067 0.0000	</row2>
					<row3>	-0.3283 0.4327 -6.6238 1.0000	</row3>
				</transform>
			</node>
			<node>
				<identifier>	MP_CM010_Fire_Hose_Reel_INDEX_1	</identifier>
				<transform>
					<row0>	0.4067 0.0000 0.9135 0.0000	</row0>
					<row1>	0.0000 1.0000 0.0000 0.0000	</row1>
					<row2>	-0.9135 0.0000 0.4067 0.0000	</row2>
					<row3>	0.3283 0.4327 -6.6238 1.0000	</row3>
				</transform>
			</node>
			<node>
				<identifier>	MP_CM011_Fire_Fighting_Gear	</identifier>
				<transform>
					<row0>	0.9659 0.0000 -0.2588 0.0000	</row0>
					<row1>	0.0000 1.0000 0.0000 0.0000	</row1>
					<row2>	0.2588 0.0000 0.9659 0.0000	</row2>
					<row3>	-0.2175 0.3865 -6.5357 1.0000	</row3>
				</transform>
			</node>
			<node>
				<identifier>	MP_CM011_Fire_Fighting_Gear_INDEX_1	</identifier>
				<transform>
					<row0>	0.9659 0.0000 0.2588 0.0000	</row0>
					<row1>	0.0000 1.0000 0.0000 0.0000	</row1>
					<row2>	-0.2588 0.0000 0.9659 0.0000	</row2>
					<row3>	0.2175 0.3865 -6.5357 1.0000	</row3>
				</transform>
			</node>
			<node>
				<identifier>	MP_CM033_Propeller4_R	</identifier>
				<transform>
					<row0>	0.9870 -0.1603 0.0116 0.0000	</row0>
					<row1>	0.1607 0.9862 -0.0392 0.0000	</row1>
					<row2>	-0.0052 0.0406 0.9992 0.0000	</row2>
					<row3>	0.3240 -0.4947 -6.7475 1.0000	</row3>
				</transform>
			</node>
			<node>
				<identifier>	MP_FM011_Reels	</identifier>
				<transform>
					<row0>	1.0398 0.0000 -0.2686 0.0000	</row0>
					<row1>	-0.2209 0.0000 -0.8553 0.0000	</row1>
					<row2>	0.0000 0.8834 0.0000 0.0000	</row2>
					<row3>	0.2955 0.4483 -7.4223 1.0000	</row3>
				</transform>
			</node>
			<node>
				<identifier>	MP_FM530_Rafts_3	</identifier>
				<transform>
					<row0>	-1.0000 0.0000 0.0000 0.0000	</row0>
					<row1>	0.0000 1.0000 0.0000 0.0000	</row1>
					<row2>	0.0000 0.0000 -1.0000 0.0000	</row2>
					<row3>	0.0883 0.3863 -6.0764 1.0000	</row3>
				</transform>
			</node>
			<node>
				<identifier>	MP_FM530_Rafts_3_INDEX_1	</identifier>
				<transform>
					<row0>	-1.0000 0.0000 0.0000 0.0000	</row0>
					<row1>	0.0000 1.0000 0.0000 0.0000	</row1>
					<row2>	0.0000 0.0000 -1.0000 0.0000	</row2>
					<row3>	-0.0883 0.3863 -6.0764 1.0000	</row3>
				</transform>
			</node>
			<node>
				<identifier>	MP_FM601_Multipole_Switch	</identifier>
				<transform>
					<row0>	-0.3967 0.0000 0.9179 0.0000	</row0>
					<row1>	0.0000 1.0000 0.0000 0.0000	</row1>
					<row2>	-0.9179 0.0000 -0.3967 0.0000	</row2>
					<row3>	-0.2227 0.4366 -6.3827 1.0000	</row3>
				</transform>
			</node>
			<node>
				<identifier>	MP_FM601_Multipole_Switch_INDEX_1	</identifier>
				<transform>
					<row0>	0.0629 0.0000 0.9980 0.0000	</row0>
					<row1>	0.0000 1.0000 0.0000 0.0000	</row1>
					<row2>	-0.9980 0.0000 0.0629 0.0000	</row2>
					<row3>	-0.1484 0.4391 -7.2286 1.0000	</row3>
				</transform>
			</node>
			<node>
				<identifier>	MP_FM601_Multipole_Switch_INDEX_2	</identifier>
				<transform>
					<row0>	-0.3967 0.0000 -0.9179 0.0000	</row0>
					<row1>	0.0000 1.0000 0.0000 0.0000	</row1>
					<row2>	0.9179 0.0000 -0.3967 0.0000	</row2>
					<row3>	0.2227 0.4366 -6.3827 1.0000	</row3>
				</transform>
			</node>
			<node>
				<identifier>	MP_FM601_Multipole_Switch_INDEX_3	</identifier>
				<transform>
					<row0>	0.0629 0.0000 -0.9980 0.0000	</row0>
					<row1>	0.0000 1.0000 0.0000 0.0000	</row1>
					<row2>	0.9980 0.0000 0.0629 0.0000	</row2>
					<row3>	0.1484 0.4391 -7.2286 1.0000	</row3>
				</transform>
			</node>
			<node>
				<identifier>	MP_FM601_Multipole_Switch_INDEX_4	</identifier>
				<transform>
					<row0>	0.4833 0.0000 -0.8755 0.0000	</row0>
					<row1>	0.0000 1.0000 0.0000 0.0000	</row1>
					<row2>	0.8755 0.0000 0.4833 0.0000	</row2>
					<row3>	-0.2046 0.5574 -6.4521 1.0000	</row3>
				</transform>
			</node>
			<node>
				<identifier>	MP_FM601_Multipole_Switch_INDEX_5	</identifier>
				<transform>
					<row0>	0.4833 0.0000 0.8755 0.0000	</row0>
					<row1>	0.0000 1.0000 0.0000 0.0000	</row1>
					<row2>	-0.8755 0.0000 0.4833 0.0000	</row2>
					<row3>	0.2046 0.5574 -6.4521 1.0000	</row3>
				</transform>
			</node>
			<node>
				<identifier>	MP_FM601_Multipole_Switch_INDEX_6	</identifier>
				<transform>
					<row0>	0.3335 0.0000 0.9428 0.0000	</row0>
					<row1>	0.0000 1.0000 0.0000 0.0000	</row1>
					<row2>	-0.9428 0.0000 0.3335 0.0000	</row2>
					<row3>	0.2219 0.5597 -7.0733 1.0000	</row3>
				</transform>
			</node>
			<node>
				<identifier>	MP_FM601_Multipole_Switch_INDEX_7	</identifier>
				<transform>
					<row0>	0.3335 0.0000 -0.9428 0.0000	</row0>
					<row1>	0.0000 1.0000 0.0000 0.0000	</row1>
					<row2>	0.9428 0.0000 0.3335 0.0000	</row2>
					<row3>	-0.2219 0.5597 -7.0733 1.0000	</row3>
				</transform>
			</node>
			<node>
				<identifier>	MP_FM851_Mastheadlight	</identifier>
				<transform>
					<row0>	-1.0000 0.0000 0.0000 0.0000	</row0>
					<row1>	0.0000 1.0000 0.0000 0.0000	</row1>
					<row2>	0.0000 0.0000 -1.0000 0.0000	</row2>
					<row3>	0.0000 0.4682 -8.1974 1.0000	</row3>
				</transform>
			</node>
			<node>
				<identifier>	MP_FM950_Anchor_bottom	</identifier>
				<transform>
					<row0>	0.7000 0.0000 0.0000 0.0000	</row0>
					<row1>	0.0000 0.6850 0.1442 0.0000	</row1>
					<row2>	0.0000 -0.1442 0.6850 0.0000	</row2>
					<row3>	0.0000 0.2716 -8.2092 1.0000	</row3>
				</transform>
			</node>
			<node>
				<identifier>	MP_FM951_Anchor_up	</identifier>
				<transform>
					<row0>	0.7000 0.0000 0.0000 0.0000	</row0>
					<row1>	0.0000 0.3870 0.5833 0.0000	</row1>
					<row2>	0.0000 -0.5833 0.3870 0.0000	</row2>
					<row3>	0.0000 0.2719 -8.2091 1.0000	</row3>
				</transform>
			</node>
			<node>
				<identifier>	MP_FM954_Anchor_Capstan_Back	</identifier>
				<transform>
					<row0>	1.0940 0.0000 0.0000 0.0000	</row0>
					<row1>	0.0000 1.0940 0.0000 0.0000	</row1>
					<row2>	0.0000 0.0000 1.0940 0.0000	</row2>
					<row3>	0.0154 0.4109 -7.4176 1.0000	</row3>
				</transform>
			</node>
			<node>
				<identifier>	MP_FM955_Bollard	</identifier>
				<transform>
					<row0>	0.6635 0.0000 0.1778 0.0000	</row0>
					<row1>	0.0000 0.6869 0.0000 0.0000	</row1>
					<row2>	-0.1778 0.0000 0.6635 0.0000	</row2>
					<row3>	-0.2900 0.3941 -7.8620 1.0000	</row3>
				</transform>
			</node>
			<node>
				<identifier>	MP_FM955_Bollard_INDEX_1	</identifier>
				<transform>
					<row0>	1.9065 0.0000 0.0000 0.0000	</row0>
					<row1>	0.0000 1.9065 0.0000 0.0000	</row1>
					<row2>	0.0000 0.0000 1.9065 0.0000	</row2>
					<row3>	-0.1857 0.3896 -7.6781 1.0000	</row3>
				</transform>
			</node>
			<node>
				<identifier>	MP_FM955_Bollard_INDEX_2	</identifier>
				<transform>
					<row0>	1.9065 0.0000 0.0000 0.0000	</row0>
					<row1>	0.0000 1.9065 0.0000 0.0000	</row1>
					<row2>	0.0000 0.0000 1.9065 0.0000	</row2>
					<row3>	0.1857 0.3896 -7.6781 1.0000	</row3>
				</transform>
			</node>
			<node>
				<identifier>	MP_FM955_Bollard_INDEX_3	</identifier>
				<transform>
					<row0>	0.6635 0.0000 -0.1778 0.0000	</row0>
					<row1>	0.0000 0.6869 0.0000 0.0000	</row1>
					<row2>	0.1778 0.0000 0.6635 0.0000	</row2>
					<row3>	0.2900 0.3941 -7.8620 1.0000	</row3>
				</transform>
			</node>
			<node>
				<identifier>	SP_YMS011_YHWL_M_1_INDEX_12	</identifier>
				<transform>
					<row0>	1.1328 0.6088 0.1899 0.0000	</row0>
					<row1>	-0.5983 1.1486 -0.1130 0.0000	</row1>
					<row2>	-0.2207 0.0111 1.2811 0.0000	</row2>
					<row3>	-0.5591 0.0000 -6.4067 1.0000	</row3>
				</transform>
			</node>
			<node>
				<identifier>	SP_YMS011_YHWL_M_1_INDEX_13	</identifier>
				<transform>
					<row0>	0.9931 0.7682 0.3370 0.0000	</row0>
					<row1>	-0.7299 1.0487 -0.2395 0.0000	</row1>
					<row2>	-0.4134 -0.0062 1.2325 0.0000	</row2>
					<row3>	-0.2855 -0.0024 -7.4700 1.0000	</row3>
				</transform>
			</node>
			<node>
				<identifier>	SP_YMS012_YHWR_M_1_INDEX_12	</identifier>
				<transform>
					<row0>	1.1328 -0.6088 -0.1899 0.0000	</row0>
					<row1>	0.5983 1.1486 -0.1130 0.0000	</row1>
					<row2>	0.2207 0.0111 1.2811 0.0000	</row2>
					<row3>	0.5591 0.0000 -6.4067 1.0000	</row3>
				</transform>
			</node>
			<node>
				<identifier>	SP_YMS012_YHWR_M_1_INDEX_13	</identifier>
				<transform>
					<row0>	0.9931 -0.7682 -0.3370 0.0000	</row0>
					<row1>	0.7299 1.0487 -0.2395 0.0000	</row1>
					<row2>	0.4134 -0.0062 1.2325 0.0000	</row2>
					<row3>	0.2855 -0.0024 -7.4700 1.0000	</row3>
				</transform>
			</node>
			<node>
				<identifier>	SP_YMS023_YHUC_L_1_INDEX_2	</identifier>
				<transform>
					<row0>	0.6232 0.1012 -0.0074 0.0000	</row0>
					<row1>	-0.1014 0.6227 -0.0248 0.0000	</row1>
					<row2>	0.0033 0.0256 0.6309 0.0000	</row2>
					<row3>	-0.3240 -0.4947 -6.7475 1.0000	</row3>
				</transform>
			</node>
			<node>
				<identifier>	SP_YMS023_YHUC_L_1_INDEX_3	</identifier>
				<transform>
					<row0>	0.6232 -0.1012 0.0074 0.0000	</row0>
					<row1>	0.1014 0.6227 -0.0248 0.0000	</row1>
					<row2>	-0.0033 0.0256 0.6309 0.0000	</row2>
					<row3>	0.3240 -0.4947 -6.7475 1.0000	</row3>
				</transform>
			</node>
			<node>
				<identifier>	SP_YMS030_YHAM_M_1	</identifier>
				<transform>
					<row0>	0.9136 0.0000 0.0000 0.0000	</row0>
					<row1>	0.0000 0.9136 0.0000 0.0000	</row1>
					<row2>	0.0000 0.0000 0.9136 0.0000	</row2>
					<row3>	0.0000 0.2176 -8.2365 1.0000	</row3>
				</transform>
			</node>
			<node>
				<identifier>	SP_YMS031_YHAL_M_1	</identifier>
				<transform>
					<row0>	0.8873 0.2524 0.3859 0.0000	</row0>
					<row1>	-0.2315 0.9676 -0.1007 0.0000	</row1>
					<row2>	-0.3988 0.0000 0.9170 0.0000	</row2>
					<row3>	-0.3212 0.2424 -7.8623 1.0000	</row3>
				</transform>
			</node>
			<node>
				<identifier>	SP_YMS032_YHAR_M_1	</identifier>
				<transform>
					<row0>	0.8873 -0.2524 -0.3859 0.0000	</row0>
					<row1>	0.2315 0.9676 -0.1007 0.0000	</row1>
					<row2>	0.3988 0.0000 0.9170 0.0000	</row2>
					<row3>	0.3212 0.2424 -7.8623 1.0000	</row3>
				</transform>
			</node>
			<node>
				<identifier>	SP_YMS061_YHGH_S_1_INDEX_10	</identifier>
				<transform>
					<row0>	-0.1809 0.0000 -0.5253 0.0000	</row0>
					<row1>	0.0000 0.5556 0.0000 0.0000	</row1>
					<row2>	0.5253 0.0000 -0.1809 0.0000	</row2>
					<row3>	0.2431 0.5838 -7.0071 1.0000	</row3>
				</transform>
			</node>
			<node>
				<identifier>	SP_YMS061_YHGH_S_1_INDEX_7	</identifier>
				<transform>
					<row0>	-0.2659 0.0000 0.4878 0.0000	</row0>
					<row1>	0.0000 0.5556 0.0000 0.0000	</row1>
					<row2>	-0.4878 0.0000 -0.2659 0.0000	</row2>
					<row3>	-0.1695 0.5838 -6.5124 1.0000	</row3>
				</transform>
			</node>
			<node>
				<identifier>	SP_YMS061_YHGH_S_1_INDEX_8	</identifier>
				<transform>
					<row0>	-0.2659 0.0000 -0.4878 0.0000	</row0>
					<row1>	0.0000 0.5556 0.0000 0.0000	</row1>
					<row2>	0.4878 0.0000 -0.2659 0.0000	</row2>
					<row3>	0.1695 0.5838 -6.5124 1.0000	</row3>
				</transform>
			</node>
			<node>
				<identifier>	SP_YMS061_YHGH_S_1_INDEX_9	</identifier>
				<transform>
					<row0>	-0.1809 0.0000 0.5253 0.0000	</row0>
					<row1>	0.0000 0.5556 0.0000 0.0000	</row1>
					<row2>	-0.5253 0.0000 -0.1809 0.0000	</row2>
					<row3>	-0.2431 0.5838 -7.0071 1.0000	</row3>
				</transform>
			</node>
			<node>
				<identifier>	SP_YMS080_YHSL_M_1_INDEX_3	</identifier>
				<transform>
					<row0>	0.9582 0.2300 0.1701 0.0000	</row0>
					<row1>	-0.2265 0.9732 -0.0402 0.0000	</row1>
					<row2>	-0.1747 0.0000 0.9846 0.0000	</row2>
					<row3>	-0.5809 0.2419 -6.7654 1.0000	</row3>
				</transform>
			</node>
			<node>
				<identifier>	SP_YMS081_YHSR_M_1_INDEX_3	</identifier>
				<transform>
					<row0>	0.9582 -0.2300 -0.1701 0.0000	</row0>
					<row1>	0.2265 0.9732 -0.0402 0.0000	</row1>
					<row2>	0.1747 0.0000 0.9846 0.0000	</row2>
					<row3>	0.5809 0.2419 -6.7654 1.0000	</row3>
				</transform>
			</node>
		</node>
	</node>
	<boundingBox>
		<min>	-0.0667 -0.0667 -0.0667	</min>
		<max>	0.0667 0.0667 0.0667	</max>
	</boundingBox>
</FSB003_Richelieu_1944_Stern_ports.visual>
