<RSB018_Pobeda_1955_Stern_ports.visual>
	<node>
		<identifier>	Scene Root	</identifier>
		<transform>
			<row0>	1.0000 0.0000 0.0000 0.0000	</row0>
			<row1>	0.0000 1.0000 0.0000 0.0000	</row1>
			<row2>	0.0000 0.0000 1.0000 0.0000	</row2>
			<row3>	0.0000 0.0000 0.0000 1.0000	</row3>
		</transform>
		<node>
			<identifier>	Stern_ports	</identifier>
			<transform>
				<row0>	1.0000 0.0000 0.0000 0.0000	</row0>
				<row1>	0.0000 1.0000 0.0000 0.0000	</row1>
				<row2>	0.0000 0.0000 1.0000 0.0000	</row2>
				<row3>	0.0000 0.0000 0.0000 1.0000	</row3>
			</transform>
			<node>
				<identifier>	HP_FX_Death_3	</identifier>
				<transform>
					<row0>	1.0000 0.0000 0.0000 0.0000	</row0>
					<row1>	0.0000 1.0000 0.0000 0.0000	</row1>
					<row2>	0.0000 0.0000 1.0000 0.0000	</row2>
					<row3>	0.0000 0.0000 -7.3885 1.0000	</row3>
				</transform>
			</node>
			<node>
				<identifier>	HP_FX_Fire_4	</identifier>
				<transform>
					<row0>	1.0000 0.0000 0.0000 0.0000	</row0>
					<row1>	0.0000 1.0000 0.0000 0.0000	</row1>
					<row2>	0.0000 0.0000 1.0000 0.0000	</row2>
					<row3>	0.0000 0.4074 -7.7491 1.0000	</row3>
				</transform>
			</node>
			<node>
				<identifier>	HP_FX_Flood_water_left	</identifier>
				<transform>
					<row0>	-1.0000 0.0000 0.0000 0.0000	</row0>
					<row1>	0.0000 1.0000 0.0000 0.0000	</row1>
					<row2>	0.0000 0.0000 -1.0000 0.0000	</row2>
					<row3>	-1.1297 0.0221 -5.5688 1.0000	</row3>
				</transform>
			</node>
			<node>
				<identifier>	HP_FX_Flood_water_right	</identifier>
				<transform>
					<row0>	1.0000 0.0000 0.0000 0.0000	</row0>
					<row1>	0.0000 1.0000 0.0000 0.0000	</row1>
					<row2>	0.0000 0.0000 1.0000 0.0000	</row2>
					<row3>	1.1303 0.0246 -5.5742 1.0000	</row3>
				</transform>
			</node>
			<node>
				<identifier>	HP_FX_RepairLight_left_2	</identifier>
				<transform>
					<row0>	-0.0552 0.0000 0.9985 0.0000	</row0>
					<row1>	0.0000 1.0000 0.0000 0.0000	</row1>
					<row2>	-0.9985 0.0000 -0.0552 0.0000	</row2>
					<row3>	-1.2056 0.3340 -4.9168 1.0000	</row3>
				</transform>
			</node>
			<node>
				<identifier>	HP_FX_RepairLight_right_2	</identifier>
				<transform>
					<row0>	-0.0244 0.0000 -0.9997 0.0000	</row0>
					<row1>	0.0000 1.0000 0.0000 0.0000	</row1>
					<row2>	0.9997 0.0000 -0.0244 0.0000	</row2>
					<row3>	1.2253 0.3274 -4.4226 1.0000	</row3>
				</transform>
			</node>
			<node>
				<identifier>	HP_FX_WakeTraceBack	</identifier>
				<transform>
					<row0>	1.0000 0.0000 0.0000 0.0000	</row0>
					<row1>	0.0000 1.0000 0.0000 0.0000	</row1>
					<row2>	0.0000 0.0000 1.0000 0.0000	</row2>
					<row3>	0.0000 0.0000 -9.4499 1.0000	</row3>
				</transform>
			</node>
			<node>
				<identifier>	HP_FX_WakeTrace_screw_1	</identifier>
				<transform>
					<row0>	1.0000 0.0000 0.0000 0.0000	</row0>
					<row1>	0.0000 1.0000 0.0000 0.0000	</row1>
					<row2>	0.0000 0.0000 1.0000 0.0000	</row2>
					<row3>	-0.8967 -0.6084 -6.1708 1.0000	</row3>
				</transform>
			</node>
			<node>
				<identifier>	HP_FX_WakeTrace_screw_2	</identifier>
				<transform>
					<row0>	1.0000 0.0000 0.0000 0.0000	</row0>
					<row1>	0.0000 1.0000 0.0000 0.0000	</row1>
					<row2>	0.0000 0.0000 1.0000 0.0000	</row2>
					<row3>	-0.5671 -0.6084 -7.4204 1.0000	</row3>
				</transform>
			</node>
			<node>
				<identifier>	HP_FX_WakeTrace_screw_3	</identifier>
				<transform>
					<row0>	1.0000 0.0000 0.0000 0.0000	</row0>
					<row1>	0.0000 1.0000 0.0000 0.0000	</row1>
					<row2>	0.0000 0.0000 1.0000 0.0000	</row2>
					<row3>	0.5671 -0.6084 -7.4204 1.0000	</row3>
				</transform>
			</node>
			<node>
				<identifier>	HP_FX_WakeTrace_screw_4	</identifier>
				<transform>
					<row0>	1.0000 0.0000 0.0000 0.0000	</row0>
					<row1>	0.0000 1.0000 0.0000 0.0000	</row1>
					<row2>	0.0000 0.0000 1.0000 0.0000	</row2>
					<row3>	0.8967 -0.6084 -6.1708 1.0000	</row3>
				</transform>
			</node>
			<node>
				<identifier>	HP_RGA_27	</identifier>
				<transform>
					<row0>	-1.0000 0.0000 0.0000 0.0000	</row0>
					<row1>	0.0000 1.0000 0.0000 0.0000	</row1>
					<row2>	0.0000 0.0000 -1.0000 0.0000	</row2>
					<row3>	-0.6678 0.4815 -7.2770 1.0000	</row3>
				</transform>
			</node>
			<node>
				<identifier>	HP_RGA_28	</identifier>
				<transform>
					<row0>	-1.0000 0.0000 0.0000 0.0000	</row0>
					<row1>	0.0000 1.0000 0.0000 0.0000	</row1>
					<row2>	0.0000 0.0000 -1.0000 0.0000	</row2>
					<row3>	0.6678 0.4815 -7.2770 1.0000	</row3>
				</transform>
			</node>
			<node>
				<identifier>	HP_RGA_29	</identifier>
				<transform>
					<row0>	-1.0000 0.0000 0.0000 0.0000	</row0>
					<row1>	0.0000 1.0000 0.0000 0.0000	</row1>
					<row2>	0.0000 0.0000 -1.0000 0.0000	</row2>
					<row3>	-0.2660 0.5754 -9.3582 1.0000	</row3>
				</transform>
			</node>
			<node>
				<identifier>	HP_RGA_30	</identifier>
				<transform>
					<row0>	-1.0000 0.0000 0.0000 0.0000	</row0>
					<row1>	0.0000 1.0000 0.0000 0.0000	</row1>
					<row2>	0.0000 0.0000 -1.0000 0.0000	</row2>
					<row3>	0.2660 0.5754 -9.3582 1.0000	</row3>
				</transform>
			</node>
			<node>
				<identifier>	HP_RGM_3	</identifier>
				<transform>
					<row0>	-1.0000 0.0000 0.0000 0.0000	</row0>
					<row1>	0.0000 1.0000 0.0000 0.0000	</row1>
					<row2>	0.0000 0.0000 -1.0000 0.0000	</row2>
					<row3>	0.0000 0.4661 -5.3555 1.0000	</row3>
				</transform>
			</node>
			<node>
				<identifier>	HP_Ship_death_3	</identifier>
				<transform>
					<row0>	1.0000 0.0000 0.0000 0.0000	</row0>
					<row1>	0.0000 1.0000 0.0000 0.0000	</row1>
					<row2>	0.0000 0.0000 1.0000 0.0000	</row2>
					<row3>	0.0000 0.0000 -4.2684 1.0000	</row3>
				</transform>
			</node>
			<node>
				<identifier>	MP_CM003_Propeller5_L	</identifier>
				<transform>
					<row0>	1.4483 0.0000 -0.0711 0.0000	</row0>
					<row1>	0.0000 1.4500 0.0000 0.0000	</row1>
					<row2>	0.0711 0.0000 1.4483 0.0000	</row2>
					<row3>	-0.8967 -0.6084 -6.1708 1.0000	</row3>
				</transform>
			</node>
			<node>
				<identifier>	MP_CM003_Propeller5_L_INDEX_1	</identifier>
				<transform>
					<row0>	1.4500 0.0000 -0.0003 0.0000	</row0>
					<row1>	0.0000 1.4500 0.0000 0.0000	</row1>
					<row2>	0.0003 0.0000 1.4500 0.0000	</row2>
					<row3>	-0.5671 -0.6084 -7.4204 1.0000	</row3>
				</transform>
			</node>
			<node>
				<identifier>	MP_CM029_Emergency_Box	</identifier>
				<transform>
					<row0>	0.2096 0.0000 -0.9778 0.0000	</row0>
					<row1>	0.0000 1.0000 0.0000 0.0000	</row1>
					<row2>	0.9778 0.0000 0.2096 0.0000	</row2>
					<row3>	-0.5510 0.4645 -7.2531 1.0000	</row3>
				</transform>
			</node>
			<node>
				<identifier>	MP_CM029_Emergency_Box_INDEX_1	</identifier>
				<transform>
					<row0>	0.2096 0.0000 -0.9778 0.0000	</row0>
					<row1>	0.0000 1.0000 0.0000 0.0000	</row1>
					<row2>	0.9778 0.0000 0.2096 0.0000	</row2>
					<row3>	-0.1208 0.5577 -9.3288 1.0000	</row3>
				</transform>
			</node>
			<node>
				<identifier>	MP_CM029_Emergency_Box_INDEX_2	</identifier>
				<transform>
					<row0>	0.2096 0.0000 0.9778 0.0000	</row0>
					<row1>	0.0000 1.0000 0.0000 0.0000	</row1>
					<row2>	-0.9778 0.0000 0.2096 0.0000	</row2>
					<row3>	0.1208 0.5577 -9.3288 1.0000	</row3>
				</transform>
			</node>
			<node>
				<identifier>	MP_CM029_Emergency_Box_INDEX_3	</identifier>
				<transform>
					<row0>	0.2096 0.0000 0.9778 0.0000	</row0>
					<row1>	0.0000 1.0000 0.0000 0.0000	</row1>
					<row2>	-0.9778 0.0000 0.2096 0.0000	</row2>
					<row3>	0.5510 0.4645 -7.2531 1.0000	</row3>
				</transform>
			</node>
			<node>
				<identifier>	MP_CM034_Propeller5_R	</identifier>
				<transform>
					<row0>	1.4500 0.0000 -0.0003 0.0000	</row0>
					<row1>	0.0000 1.4500 0.0000 0.0000	</row1>
					<row2>	0.0003 0.0000 1.4500 0.0000	</row2>
					<row3>	0.5671 -0.6084 -7.4204 1.0000	</row3>
				</transform>
			</node>
			<node>
				<identifier>	MP_CM034_Propeller5_R_INDEX_1	</identifier>
				<transform>
					<row0>	1.4483 0.0000 0.0711 0.0000	</row0>
					<row1>	0.0000 1.4500 0.0000 0.0000	</row1>
					<row2>	-0.0711 0.0000 1.4483 0.0000	</row2>
					<row3>	0.8967 -0.6084 -6.1708 1.0000	</row3>
				</transform>
			</node>
			<node>
				<identifier>	MP_CM137_Anchor_Up	</identifier>
				<transform>
					<row0>	0.8000 0.0000 0.0000 0.0000	</row0>
					<row1>	0.0000 0.4433 0.6659 0.0000	</row1>
					<row2>	0.0000 -0.6659 0.4433 0.0000	</row2>
					<row3>	0.0000 0.3660 -9.5856 1.0000	</row3>
				</transform>
			</node>
			<node>
				<identifier>	MP_CM138_Anchor_Bottom	</identifier>
				<transform>
					<row0>	0.8000 0.0000 0.0000 0.0000	</row0>
					<row1>	0.0000 0.7993 0.0341 0.0000	</row1>
					<row2>	0.0000 -0.0341 0.7993 0.0000	</row2>
					<row3>	0.0000 0.3660 -9.5856 1.0000	</row3>
				</transform>
			</node>
			<node>
				<identifier>	MP_RM003_Yawl_20ft	</identifier>
				<transform>
					<row0>	0.9900 0.0000 0.1414 0.0000	</row0>
					<row1>	-0.0037 0.9997 0.0258 0.0000	</row1>
					<row2>	-0.1414 -0.0261 0.9896 0.0000	</row2>
					<row3>	-0.9014 0.4469 -6.9014 1.0000	</row3>
				</transform>
			</node>
			<node>
				<identifier>	MP_RM003_Yawl_20ft_INDEX_1	</identifier>
				<transform>
					<row0>	0.9900 0.0000 -0.1414 0.0000	</row0>
					<row1>	0.0037 0.9997 0.0258 0.0000	</row1>
					<row2>	0.1414 -0.0261 0.9896 0.0000	</row2>
					<row3>	0.9014 0.4469 -6.9014 1.0000	</row3>
				</transform>
			</node>
			<node>
				<identifier>	MP_RM021_Screened_speed_light	</identifier>
				<transform>
					<row0>	-1.0000 0.0000 0.0000 0.0000	</row0>
					<row1>	0.0000 1.0000 0.0000 0.0000	</row1>
					<row2>	0.0000 0.0000 -1.0000 0.0000	</row2>
					<row3>	0.0000 0.5866 -9.6106 1.0000	</row3>
				</transform>
			</node>
			<node>
				<identifier>	MP_RM028_Signal_Lamp	</identifier>
				<transform>
					<row0>	1.0000 0.0000 0.0000 0.0000	</row0>
					<row1>	0.0000 1.0000 0.0000 0.0000	</row1>
					<row2>	0.0000 0.0000 1.0000 0.0000	</row2>
					<row3>	0.0000 0.9178 -9.8169 1.0000	</row3>
				</transform>
			</node>
			<node>
				<identifier>	MP_RM145_Turtles_Box	</identifier>
				<transform>
					<row0>	0.9834 0.0000 -0.1817 0.0000	</row0>
					<row1>	0.0000 1.0000 0.0000 0.0000	</row1>
					<row2>	0.1817 0.0000 0.9834 0.0000	</row2>
					<row3>	-0.2305 0.5255 -9.2040 1.0000	</row3>
				</transform>
			</node>
			<node>
				<identifier>	MP_RM145_Turtles_Box_INDEX_1	</identifier>
				<transform>
					<row0>	0.9805 0.0000 -0.1964 0.0000	</row0>
					<row1>	0.0000 1.0000 0.0000 0.0000	</row1>
					<row2>	0.1964 0.0000 0.9805 0.0000	</row2>
					<row3>	-0.6397 0.4319 -7.1533 1.0000	</row3>
				</transform>
			</node>
			<node>
				<identifier>	MP_RM145_Turtles_Box_INDEX_2	</identifier>
				<transform>
					<row0>	0.9834 0.0000 0.1817 0.0000	</row0>
					<row1>	0.0000 1.0000 0.0000 0.0000	</row1>
					<row2>	-0.1817 0.0000 0.9834 0.0000	</row2>
					<row3>	0.2310 0.5261 -9.2039 1.0000	</row3>
				</transform>
			</node>
			<node>
				<identifier>	MP_RM145_Turtles_Box_INDEX_3	</identifier>
				<transform>
					<row0>	0.9805 0.0000 0.1964 0.0000	</row0>
					<row1>	0.0000 1.0000 0.0000 0.0000	</row1>
					<row2>	-0.1964 0.0000 0.9805 0.0000	</row2>
					<row3>	0.6397 0.4319 -7.1533 1.0000	</row3>
				</transform>
			</node>
			<node>
				<identifier>	MP_RM200_Running_Lights_B	</identifier>
				<transform>
					<row0>	-1.0000 0.0000 0.0000 0.0000	</row0>
					<row1>	0.0000 1.0000 0.0000 0.0000	</row1>
					<row2>	0.0000 0.0000 -1.0000 0.0000	</row2>
					<row3>	0.0000 0.5641 -9.5935 1.0000	</row3>
				</transform>
			</node>
			<node>
				<identifier>	MP_RM219_Fairlead	</identifier>
				<transform>
					<row0>	2.7782 -0.0581 1.0169 0.0000	</row0>
					<row1>	0.0073 2.9552 0.1489 0.0000	</row1>
					<row2>	-1.0185 -0.1373 2.7748 0.0000	</row2>
					<row3>	-0.4739 0.5050 -9.2155 1.0000	</row3>
				</transform>
			</node>
			<node>
				<identifier>	MP_RM219_Fairlead_INDEX_1	</identifier>
				<transform>
					<row0>	2.7782 0.0581 -1.0169 0.0000	</row0>
					<row1>	-0.0073 2.9552 0.1489 0.0000	</row1>
					<row2>	1.0185 -0.1373 2.7748 0.0000	</row2>
					<row3>	0.4739 0.5050 -9.2155 1.0000	</row3>
				</transform>
			</node>
			<node>
				<identifier>	MP_RM249_Coat_of_Arms_USSR	</identifier>
				<transform>
					<row0>	-1.0000 0.0000 0.0000 0.0000	</row0>
					<row1>	0.0000 0.9975 -0.0700 0.0000	</row1>
					<row2>	0.0000 -0.0700 -0.9975 0.0000	</row2>
					<row3>	0.0000 0.4951 -9.5913 1.0000	</row3>
				</transform>
			</node>
			<node>
				<identifier>	MP_RM256_Fairled	</identifier>
				<transform>
					<row0>	1.5000 0.0000 0.0000 0.0000	</row0>
					<row1>	0.0000 1.4983 0.0711 0.0000	</row1>
					<row2>	0.0000 -0.0711 1.4983 0.0000	</row2>
					<row3>	0.0768 0.4948 -9.1580 1.0000	</row3>
				</transform>
			</node>
			<node>
				<identifier>	MP_RM278_Ammunition_Box	</identifier>
				<transform>
					<row0>	0.9024 -0.0108 0.4308 0.0000	</row0>
					<row1>	0.0097 0.9999 0.0046 0.0000	</row1>
					<row2>	-0.4308 0.0000 0.9024 0.0000	</row2>
					<row3>	-0.7191 0.4083 -7.1367 1.0000	</row3>
				</transform>
			</node>
			<node>
				<identifier>	MP_RM278_Ammunition_Box_INDEX_1	</identifier>
				<transform>
					<row0>	1.0000 0.0000 0.0000 0.0000	</row0>
					<row1>	0.0000 1.0000 0.0000 0.0000	</row1>
					<row2>	0.0000 0.0000 1.0000 0.0000	</row2>
					<row3>	-0.6765 0.4077 -7.1275 1.0000	</row3>
				</transform>
			</node>
			<node>
				<identifier>	MP_RM278_Ammunition_Box_INDEX_2	</identifier>
				<transform>
					<row0>	1.0000 0.0000 0.0000 0.0000	</row0>
					<row1>	0.0000 0.9994 0.0349 0.0000	</row1>
					<row2>	0.0000 -0.0349 0.9994 0.0000	</row2>
					<row3>	-0.2742 0.4950 -9.1802 1.0000	</row3>
				</transform>
			</node>
			<node>
				<identifier>	MP_RM278_Ammunition_Box_INDEX_3	</identifier>
				<transform>
					<row0>	0.9024 0.0108 -0.4308 0.0000	</row0>
					<row1>	-0.0097 0.9999 0.0046 0.0000	</row1>
					<row2>	0.4308 0.0000 0.9024 0.0000	</row2>
					<row3>	0.7191 0.4083 -7.1367 1.0000	</row3>
				</transform>
			</node>
			<node>
				<identifier>	MP_RM278_Ammunition_Box_INDEX_4	</identifier>
				<transform>
					<row0>	1.0000 0.0000 0.0000 0.0000	</row0>
					<row1>	0.0000 0.9994 0.0349 0.0000	</row1>
					<row2>	0.0000 -0.0349 0.9994 0.0000	</row2>
					<row3>	0.2742 0.4950 -9.1802 1.0000	</row3>
				</transform>
			</node>
			<node>
				<identifier>	MP_RM278_Ammunition_Box_INDEX_5	</identifier>
				<transform>
					<row0>	0.9461 -0.0011 0.3237 0.0000	</row0>
					<row1>	-0.0171 0.9984 0.0534 0.0000	</row1>
					<row2>	-0.3233 -0.0560 0.9446 0.0000	</row2>
					<row3>	-0.3205 0.4949 -9.1917 1.0000	</row3>
				</transform>
			</node>
			<node>
				<identifier>	MP_RM278_Ammunition_Box_INDEX_6	</identifier>
				<transform>
					<row0>	0.9461 0.0011 -0.3237 0.0000	</row0>
					<row1>	0.0171 0.9984 0.0534 0.0000	</row1>
					<row2>	0.3233 -0.0560 0.9446 0.0000	</row2>
					<row3>	0.3205 0.4949 -9.1917 1.0000	</row3>
				</transform>
			</node>
			<node>
				<identifier>	MP_RM278_Ammunition_Box_INDEX_7	</identifier>
				<transform>
					<row0>	1.0000 0.0000 0.0000 0.0000	</row0>
					<row1>	0.0000 1.0000 0.0000 0.0000	</row1>
					<row2>	0.0000 0.0000 1.0000 0.0000	</row2>
					<row3>	0.6765 0.4077 -7.1275 1.0000	</row3>
				</transform>
			</node>
			<node>
				<identifier>	MP_RM300_Winch_Provisions	</identifier>
				<transform>
					<row0>	-0.4967 -0.0174 0.8678 0.0000	</row0>
					<row1>	-0.0086 0.9998 0.0151 0.0000	</row1>
					<row2>	-0.8679 0.0000 -0.4967 0.0000	</row2>
					<row3>	0.5381 0.3426 -5.1116 1.0000	</row3>
				</transform>
			</node>
			<node>
				<identifier>	MP_RM300_Winch_Provisions_INDEX_1	</identifier>
				<transform>
					<row0>	-0.4967 0.0174 -0.8678 0.0000	</row0>
					<row1>	0.0086 0.9998 0.0151 0.0000	</row1>
					<row2>	0.8679 0.0000 -0.4967 0.0000	</row2>
					<row3>	-0.5381 0.3426 -5.1116 1.0000	</row3>
				</transform>
			</node>
			<node>
				<identifier>	MP_RM328_Lifesaving_Device	</identifier>
				<transform>
					<row0>	-0.9466 0.0000 -0.3223 0.0000	</row0>
					<row1>	0.0000 1.0000 0.0000 0.0000	</row1>
					<row2>	0.3223 0.0000 -0.9466 0.0000	</row2>
					<row3>	-0.6393 0.4138 -8.8285 1.0000	</row3>
				</transform>
			</node>
			<node>
				<identifier>	MP_RM328_Lifesaving_Device_INDEX_1	</identifier>
				<transform>
					<row0>	0.9466 0.0000 -0.3223 0.0000	</row0>
					<row1>	0.0000 1.0000 0.0000 0.0000	</row1>
					<row2>	0.3223 0.0000 0.9466 0.0000	</row2>
					<row3>	0.6393 0.4138 -8.8285 1.0000	</row3>
				</transform>
			</node>
			<node>
				<identifier>	SP_YMS011_YHWL_M_1_INDEX_11	</identifier>
				<transform>
					<row0>	1.3151 0.4345 0.0908 0.0000	</row0>
					<row1>	-0.4334 1.3182 -0.0299 0.0000	</row1>
					<row2>	-0.0956 0.0000 1.3847 0.0000	</row2>
					<row3>	-1.1647 0.0000 -4.9815 1.0000	</row3>
				</transform>
			</node>
			<node>
				<identifier>	SP_YMS011_YHWL_M_1_INDEX_12	</identifier>
				<transform>
					<row0>	1.3036 0.4506 0.1555 0.0000	</row0>
					<row1>	-0.4474 1.3128 -0.0534 0.0000	</row1>
					<row2>	-0.1644 0.0000 1.3782 0.0000	</row2>
					<row3>	-1.0727 0.0000 -6.1453 1.0000	</row3>
				</transform>
			</node>
			<node>
				<identifier>	SP_YMS011_YHWL_M_1_INDEX_13	</identifier>
				<transform>
					<row0>	1.2389 0.5960 0.1912 0.0000	</row0>
					<row1>	-0.5871 1.2535 -0.1031 0.0000	</row1>
					<row2>	-0.2169 0.0112 1.3709 0.0000	</row2>
					<row3>	-0.9131 0.0007 -7.2920 1.0000	</row3>
				</transform>
			</node>
			<node>
				<identifier>	SP_YMS012_YHWR_M_1_INDEX_11	</identifier>
				<transform>
					<row0>	1.3151 -0.4345 -0.0908 0.0000	</row0>
					<row1>	0.4334 1.3182 -0.0299 0.0000	</row1>
					<row2>	0.0956 0.0000 1.3847 0.0000	</row2>
					<row3>	1.1647 0.0000 -4.9815 1.0000	</row3>
				</transform>
			</node>
			<node>
				<identifier>	SP_YMS012_YHWR_M_1_INDEX_12	</identifier>
				<transform>
					<row0>	1.3036 -0.4506 -0.1555 0.0000	</row0>
					<row1>	0.4474 1.3128 -0.0534 0.0000	</row1>
					<row2>	0.1644 0.0000 1.3782 0.0000	</row2>
					<row3>	1.0727 0.0000 -6.1453 1.0000	</row3>
				</transform>
			</node>
			<node>
				<identifier>	SP_YMS012_YHWR_M_1_INDEX_13	</identifier>
				<transform>
					<row0>	1.2389 -0.5960 -0.1912 0.0000	</row0>
					<row1>	0.5871 1.2535 -0.1031 0.0000	</row1>
					<row2>	0.2169 0.0112 1.3709 0.0000	</row2>
					<row3>	0.9131 0.0007 -7.2920 1.0000	</row3>
				</transform>
			</node>
			<node>
				<identifier>	SP_YMS023_YHUC_L_1	</identifier>
				<transform>
					<row0>	0.6194 0.0000 -0.0304 0.0000	</row0>
					<row1>	0.0000 0.6201 0.0000 0.0000	</row1>
					<row2>	0.0304 0.0000 0.6194 0.0000	</row2>
					<row3>	-0.8967 -0.6084 -6.1708 1.0000	</row3>
				</transform>
			</node>
			<node>
				<identifier>	SP_YMS023_YHUC_L_1_INDEX_1	</identifier>
				<transform>
					<row0>	0.6194 0.0000 0.0304 0.0000	</row0>
					<row1>	0.0000 0.6201 0.0000 0.0000	</row1>
					<row2>	-0.0304 0.0000 0.6194 0.0000	</row2>
					<row3>	0.8967 -0.6084 -6.1708 1.0000	</row3>
				</transform>
			</node>
			<node>
				<identifier>	SP_YMS023_YHUC_L_1_INDEX_2	</identifier>
				<transform>
					<row0>	0.6557 0.0000 -0.0001 0.0000	</row0>
					<row1>	0.0000 0.6557 0.0000 0.0000	</row1>
					<row2>	0.0001 0.0000 0.6557 0.0000	</row2>
					<row3>	-0.5671 -0.6084 -7.4204 1.0000	</row3>
				</transform>
			</node>
			<node>
				<identifier>	SP_YMS023_YHUC_L_1_INDEX_3	</identifier>
				<transform>
					<row0>	0.6557 0.0000 0.0001 0.0000	</row0>
					<row1>	0.0000 0.6557 0.0000 0.0000	</row1>
					<row2>	-0.0001 0.0000 0.6557 0.0000	</row2>
					<row3>	0.5671 -0.6084 -7.4204 1.0000	</row3>
				</transform>
			</node>
			<node>
				<identifier>	SP_YMS030_YHAM_M_1	</identifier>
				<transform>
					<row0>	1.0000 0.0000 0.0000 0.0000	</row0>
					<row1>	0.0000 1.0000 0.0000 0.0000	</row1>
					<row2>	0.0000 0.0000 1.0000 0.0000	</row2>
					<row3>	0.0000 0.3605 -9.6042 1.0000	</row3>
				</transform>
			</node>
			<node>
				<identifier>	SP_YMS031_YHAL_M_1	</identifier>
				<transform>
					<row0>	1.1098 0.0966 0.4110 0.0000	</row0>
					<row1>	-0.1072 1.1825 0.0116 0.0000	</row1>
					<row2>	-0.4084 -0.0479 1.1139 0.0000	</row2>
					<row3>	-0.5022 0.2862 -9.2382 1.0000	</row3>
				</transform>
			</node>
			<node>
				<identifier>	SP_YMS032_YHAR_M_1	</identifier>
				<transform>
					<row0>	1.1098 -0.0966 -0.4110 0.0000	</row0>
					<row1>	0.1072 1.1825 0.0116 0.0000	</row1>
					<row2>	0.4084 -0.0479 1.1139 0.0000	</row2>
					<row3>	0.5022 0.2862 -9.2382 1.0000	</row3>
				</transform>
			</node>
			<node>
				<identifier>	SP_YMS041_YHCS_M_1_INDEX_10	</identifier>
				<transform>
					<row0>	-0.9900 0.0000 -0.1414 0.0000	</row0>
					<row1>	-0.0037 0.9997 0.0258 0.0000	</row1>
					<row2>	0.1414 0.0261 -0.9896 0.0000	</row2>
					<row3>	-0.9113 0.4731 -6.8319 1.0000	</row3>
				</transform>
			</node>
			<node>
				<identifier>	SP_YMS041_YHCS_M_1_INDEX_11	</identifier>
				<transform>
					<row0>	-0.9900 0.0000 0.1414 0.0000	</row0>
					<row1>	0.0037 0.9997 0.0258 0.0000	</row1>
					<row2>	-0.1414 0.0261 -0.9896 0.0000	</row2>
					<row3>	0.9113 0.4731 -6.8319 1.0000	</row3>
				</transform>
			</node>
			<node>
				<identifier>	SP_YMS053_YHDC_S_1_INDEX_10	</identifier>
				<transform>
					<row0>	1.4610 0.0000 0.0000 0.0000	</row0>
					<row1>	0.0000 1.4607 0.0300 0.0000	</row1>
					<row2>	0.0000 -0.0300 1.4607 0.0000	</row2>
					<row3>	-0.8516 0.3464 -4.9430 1.0000	</row3>
				</transform>
			</node>
			<node>
				<identifier>	SP_YMS053_YHDC_S_1_INDEX_11	</identifier>
				<transform>
					<row0>	1.4610 0.0000 0.0000 0.0000	</row0>
					<row1>	0.0000 1.4607 0.0300 0.0000	</row1>
					<row2>	0.0000 -0.0300 1.4607 0.0000	</row2>
					<row3>	0.8516 0.3464 -4.9430 1.0000	</row3>
				</transform>
			</node>
			<node>
				<identifier>	SP_YMS053_YHDC_S_1_INDEX_12	</identifier>
				<transform>
					<row0>	1.4610 0.0000 0.0000 0.0000	</row0>
					<row1>	0.0000 1.4603 0.0437 0.0000	</row1>
					<row2>	0.0000 -0.0437 1.4603 0.0000	</row2>
					<row3>	-0.5113 0.4346 -7.7036 1.0000	</row3>
				</transform>
			</node>
			<node>
				<identifier>	SP_YMS053_YHDC_S_1_INDEX_13	</identifier>
				<transform>
					<row0>	1.4610 0.0000 0.0000 0.0000	</row0>
					<row1>	0.0000 1.4603 0.0437 0.0000	</row1>
					<row2>	0.0000 -0.0437 1.4603 0.0000	</row2>
					<row3>	0.5113 0.4346 -7.7036 1.0000	</row3>
				</transform>
			</node>
			<node>
				<identifier>	SP_YMS064_YHGQ_M_1	</identifier>
				<transform>
					<row0>	0.9599 0.0000 0.0000 0.0000	</row0>
					<row1>	0.0000 0.9599 0.0000 0.0000	</row1>
					<row2>	0.0000 0.0000 0.9599 0.0000	</row2>
					<row3>	0.0000 0.6774 -4.2823 1.0000	</row3>
				</transform>
			</node>
			<node>
				<identifier>	SP_YMS072_YHHC_M_1_INDEX_6	</identifier>
				<transform>
					<row0>	0.0000 0.0000 -0.8080 0.0000	</row0>
					<row1>	0.0000 0.8080 0.0000 0.0000	</row1>
					<row2>	0.8080 0.0000 0.0000 0.0000	</row2>
					<row3>	-1.2265 0.2449 -4.3844 1.0000	</row3>
				</transform>
			</node>
			<node>
				<identifier>	SP_YMS072_YHHC_M_1_INDEX_7	</identifier>
				<transform>
					<row0>	0.0000 0.0000 0.8080 0.0000	</row0>
					<row1>	0.0000 0.8080 0.0000 0.0000	</row1>
					<row2>	-0.8080 0.0000 0.0000 0.0000	</row2>
					<row3>	1.2265 0.2449 -4.3844 1.0000	</row3>
				</transform>
			</node>
			<node>
				<identifier>	SP_YMS072_YHHC_M_1_INDEX_8	</identifier>
				<transform>
					<row0>	0.0367 0.0000 -0.8072 0.0000	</row0>
					<row1>	0.0000 0.8080 0.0000 0.0000	</row1>
					<row2>	0.8072 0.0000 0.0367 0.0000	</row2>
					<row3>	-1.2036 0.2449 -4.9904 1.0000	</row3>
				</transform>
			</node>
			<node>
				<identifier>	SP_YMS072_YHHC_M_1_INDEX_9	</identifier>
				<transform>
					<row0>	0.0367 0.0000 0.8072 0.0000	</row0>
					<row1>	0.0000 0.8080 0.0000 0.0000	</row1>
					<row2>	-0.8072 0.0000 0.0367 0.0000	</row2>
					<row3>	1.2036 0.2449 -4.9904 1.0000	</row3>
				</transform>
			</node>
			<node>
				<identifier>	SP_YMS080_YHSL_M_1_INDEX_2	</identifier>
				<transform>
					<row0>	0.9883 0.0473 0.1451 0.0000	</row0>
					<row1>	-0.0468 0.9989 -0.0068 0.0000	</row1>
					<row2>	-0.1453 -0.0001 0.9894 0.0000	</row2>
					<row3>	-0.9488 0.1777 -7.2294 1.0000	</row3>
				</transform>
			</node>
			<node>
				<identifier>	SP_YMS080_YHSL_M_1_INDEX_3	</identifier>
				<transform>
					<row0>	0.9687 0.0373 0.2455 0.0000	</row0>
					<row1>	-0.0364 0.9993 -0.0084 0.0000	</row1>
					<row2>	-0.2456 -0.0008 0.9694 0.0000	</row2>
					<row3>	-0.7505 0.2720 -8.4582 1.0000	</row3>
				</transform>
			</node>
			<node>
				<identifier>	SP_YMS081_YHSR_M_1_INDEX_2	</identifier>
				<transform>
					<row0>	0.9883 -0.0473 -0.1451 0.0000	</row0>
					<row1>	0.0468 0.9989 -0.0068 0.0000	</row1>
					<row2>	0.1453 -0.0001 0.9894 0.0000	</row2>
					<row3>	0.9488 0.1777 -7.2294 1.0000	</row3>
				</transform>
			</node>
			<node>
				<identifier>	SP_YMS081_YHSR_M_1_INDEX_3	</identifier>
				<transform>
					<row0>	0.9687 -0.0373 -0.2455 0.0000	</row0>
					<row1>	0.0364 0.9993 -0.0084 0.0000	</row1>
					<row2>	0.2456 -0.0008 0.9694 0.0000	</row2>
					<row3>	0.7505 0.2720 -8.4582 1.0000	</row3>
				</transform>
			</node>
			<node>
				<identifier>	SP_YMS083_YHSC_L_1_INDEX_6	</identifier>
				<transform>
					<row0>	0.0723 0.0190 -0.7875 0.0000	</row0>
					<row1>	-0.0017 0.7908 0.0190 0.0000	</row1>
					<row2>	0.7877 0.0000 0.0723 0.0000	</row2>
					<row3>	-1.1483 0.3633 -5.7995 1.0000	</row3>
				</transform>
			</node>
			<node>
				<identifier>	SP_YMS083_YHSC_L_1_INDEX_7	</identifier>
				<transform>
					<row0>	0.0723 -0.0190 0.7875 0.0000	</row0>
					<row1>	0.0017 0.7908 0.0190 0.0000	</row1>
					<row2>	-0.7877 0.0000 0.0723 0.0000	</row2>
					<row3>	1.1483 0.3633 -5.7995 1.0000	</row3>
				</transform>
			</node>
			<node>
				<identifier>	SP_YMS083_YHSC_L_1_INDEX_8	</identifier>
				<transform>
					<row0>	0.0928 0.0190 -0.7853 0.0000	</row0>
					<row1>	-0.0017 0.7908 0.0190 0.0000	</row1>
					<row2>	0.7855 -0.0005 0.0928 0.0000	</row2>
					<row3>	-1.0882 0.3770 -6.3632 1.0000	</row3>
				</transform>
			</node>
			<node>
				<identifier>	SP_YMS083_YHSC_L_1_INDEX_9	</identifier>
				<transform>
					<row0>	0.0928 -0.0190 0.7853 0.0000	</row0>
					<row1>	0.0017 0.7908 0.0190 0.0000	</row1>
					<row2>	-0.7855 -0.0005 0.0928 0.0000	</row2>
					<row3>	1.0882 0.3770 -6.3632 1.0000	</row3>
				</transform>
			</node>
		</node>
	</node>
	<boundingBox>
		<min>	-0.0667 -0.0667 -0.0667	</min>
		<max>	0.0667 0.0667 0.0667	</max>
	</boundingBox>
</RSB018_Pobeda_1955_Stern_ports.visual>
