<FSD304_L_Aventurier_1944_MidFront_ports.visual>
	<node>
		<identifier>	Scene Root	</identifier>
		<transform>
			<row0>	1.0000 0.0000 0.0000 0.0000	</row0>
			<row1>	0.0000 1.0000 0.0000 0.0000	</row1>
			<row2>	0.0000 0.0000 1.0000 0.0000	</row2>
			<row3>	0.0000 0.0000 0.0000 1.0000	</row3>
		</transform>
		<node>
			<identifier>	MidFront_ports	</identifier>
			<transform>
				<row0>	1.0000 0.0000 0.0000 0.0000	</row0>
				<row1>	0.0000 1.0000 0.0000 0.0000	</row1>
				<row2>	0.0000 0.0000 1.0000 0.0000	</row2>
				<row3>	0.0000 0.0000 0.0000 1.0000	</row3>
			</transform>
			<node>
				<identifier>	HP_FD_1	</identifier>
				<transform>
					<row0>	1.0000 0.0000 0.0000 0.0000	</row0>
					<row1>	0.0000 1.0000 0.0000 0.0000	</row1>
					<row2>	0.0000 0.0000 1.0000 0.0000	</row2>
					<row3>	0.0000 0.7680 1.6190 1.0000	</row3>
				</transform>
			</node>
			<node>
				<identifier>	HP_FF_1	</identifier>
				<transform>
					<row0>	1.0000 0.0000 0.0000 0.0000	</row0>
					<row1>	0.0000 1.0000 0.0000 0.0000	</row1>
					<row2>	0.0000 0.0000 1.0000 0.0000	</row2>
					<row3>	0.0000 0.9363 1.6190 1.0000	</row3>
				</transform>
			</node>
			<node>
				<identifier>	HP_FGA_1	</identifier>
				<transform>
					<row0>	0.7071 0.0000 0.7071 0.0000	</row0>
					<row1>	0.0000 1.0000 0.0000 0.0000	</row1>
					<row2>	-0.7071 0.0000 0.7071 0.0000	</row2>
					<row3>	-0.2699 0.3673 2.2479 1.0000	</row3>
				</transform>
			</node>
			<node>
				<identifier>	HP_FGA_2	</identifier>
				<transform>
					<row0>	0.7071 0.0000 -0.7071 0.0000	</row0>
					<row1>	0.0000 1.0000 0.0000 0.0000	</row1>
					<row2>	0.7071 0.0000 0.7071 0.0000	</row2>
					<row3>	0.2699 0.3673 2.2479 1.0000	</row3>
				</transform>
			</node>
			<node>
				<identifier>	HP_FGM_1	</identifier>
				<transform>
					<row0>	1.0000 0.0000 0.0000 0.0000	</row0>
					<row1>	0.0000 1.0000 0.0000 0.0000	</row1>
					<row2>	0.0000 0.0000 1.0000 0.0000	</row2>
					<row3>	0.0000 0.3941 2.5219 1.0000	</row3>
				</transform>
			</node>
			<node>
				<identifier>	HP_FGT_1	</identifier>
				<transform>
					<row0>	1.0000 0.0000 0.0000 0.0000	</row0>
					<row1>	0.0000 1.0000 0.0000 0.0000	</row1>
					<row2>	0.0000 0.0000 1.0000 0.0000	</row2>
					<row3>	0.0000 0.2499 0.2996 1.0000	</row3>
				</transform>
			</node>
			<node>
				<identifier>	HP_FX_Death_1	</identifier>
				<transform>
					<row0>	1.0000 0.0000 0.0000 0.0000	</row0>
					<row1>	0.0000 1.0000 0.0000 0.0000	</row1>
					<row2>	0.0000 0.0000 1.0000 0.0000	</row2>
					<row3>	0.0000 0.0000 2.3506 1.0000	</row3>
				</transform>
			</node>
			<node>
				<identifier>	HP_FX_Fire_2	</identifier>
				<transform>
					<row0>	1.0000 0.0000 0.0000 0.0000	</row0>
					<row1>	0.0000 1.0000 0.0000 0.0000	</row1>
					<row2>	0.0000 0.0000 1.0000 0.0000	</row2>
					<row3>	0.0000 0.3950 1.2792 1.0000	</row3>
				</transform>
			</node>
			<node>
				<identifier>	HP_FX_Fire_2_side_2	</identifier>
				<transform>
					<row0>	1.0000 0.0000 0.0000 0.0000	</row0>
					<row1>	0.0000 1.0000 0.0000 0.0000	</row1>
					<row2>	0.0000 0.0000 1.0000 0.0000	</row2>
					<row3>	0.2906 0.5889 1.6557 1.0000	</row3>
				</transform>
			</node>
			<node>
				<identifier>	HP_FX_FloodLight_left_2	</identifier>
				<transform>
					<row0>	-1.0000 0.0000 0.0000 0.0000	</row0>
					<row1>	0.0000 1.0000 0.0000 0.0000	</row1>
					<row2>	0.0000 0.0000 -1.0000 0.0000	</row2>
					<row3>	-0.2111 0.4856 1.9309 1.0000	</row3>
				</transform>
			</node>
			<node>
				<identifier>	HP_FX_FloodLight_right_2	</identifier>
				<transform>
					<row0>	1.0000 0.0000 0.0000 0.0000	</row0>
					<row1>	0.0000 1.0000 0.0000 0.0000	</row1>
					<row2>	0.0000 0.0000 1.0000 0.0000	</row2>
					<row3>	0.2113 0.4852 1.9315 1.0000	</row3>
				</transform>
			</node>
			<node>
				<identifier>	HP_FX_Flood_steam_2	</identifier>
				<transform>
					<row0>	0.4348 -0.3708 -0.8206 0.0000	</row0>
					<row1>	-0.8050 0.2484 -0.5389 0.0000	</row1>
					<row2>	0.4036 0.8949 -0.1904 0.0000	</row2>
					<row3>	-0.0923 0.8669 0.7798 1.0000	</row3>
				</transform>
			</node>
			<node>
				<identifier>	HP_FX_Flood_steam_exhaust_2	</identifier>
				<transform>
					<row0>	0.5961 -0.7585 0.2634 0.0000	</row0>
					<row1>	0.8021 0.5474 -0.2388 0.0000	</row1>
					<row2>	0.0369 0.3536 0.9347 0.0000	</row2>
					<row3>	0.0904 0.8664 0.7796 1.0000	</row3>
				</transform>
			</node>
			<node>
				<identifier>	HP_FX_Flood_water_left_2	</identifier>
				<transform>
					<row0>	-1.0000 0.0000 0.0000 0.0000	</row0>
					<row1>	0.0000 1.0000 0.0000 0.0000	</row1>
					<row2>	0.0000 0.0000 -1.0000 0.0000	</row2>
					<row3>	-0.3935 0.0759 0.8892 1.0000	</row3>
				</transform>
			</node>
			<node>
				<identifier>	HP_FX_Flood_water_right_2	</identifier>
				<transform>
					<row0>	0.9998 0.0000 0.0216 0.0000	</row0>
					<row1>	0.0000 1.0000 0.0000 0.0000	</row1>
					<row2>	-0.0216 0.0000 0.9998 0.0000	</row2>
					<row3>	0.3983 0.0706 0.6805 1.0000	</row3>
				</transform>
			</node>
			<node>
				<identifier>	HP_FX_Smoke_1	</identifier>
				<transform>
					<row0>	1.0000 0.0000 0.0000 0.0000	</row0>
					<row1>	0.0000 0.9078 -0.4195 0.0000	</row1>
					<row2>	0.0000 0.4195 0.9078 0.0000	</row2>
					<row3>	0.0000 0.9487 0.8769 1.0000	</row3>
				</transform>
			</node>
			<node>
				<identifier>	HP_Flagpole	</identifier>
				<transform>
					<row0>	0.3536 0.0000 -0.3536 0.0000	</row0>
					<row1>	0.0000 0.5000 0.0000 0.0000	</row1>
					<row2>	0.3536 0.0000 0.3536 0.0000	</row2>
					<row3>	-0.0129 1.2847 1.3258 1.0000	</row3>
				</transform>
			</node>
			<node>
				<identifier>	HP_Ship_death_2	</identifier>
				<transform>
					<row0>	1.0000 0.0000 0.0000 0.0000	</row0>
					<row1>	0.0000 1.0000 0.0000 0.0000	</row1>
					<row2>	0.0000 0.0000 1.0000 0.0000	</row2>
					<row3>	0.0000 0.0000 2.5440 1.0000	</row3>
				</transform>
			</node>
			<node>
				<identifier>	HP_flag_1	</identifier>
				<transform>
					<row0>	0.9946 -0.1031 0.0133 0.0000	</row0>
					<row1>	0.1031 0.9620 -0.2528 0.0000	</row1>
					<row2>	0.0133 0.2528 0.9674 0.0000	</row2>
					<row3>	0.1453 1.2145 1.3498 1.0000	</row3>
				</transform>
			</node>
			<node>
				<identifier>	HP_flag_2	</identifier>
				<transform>
					<row0>	0.9946 0.1031 -0.0133 0.0000	</row0>
					<row1>	-0.1031 0.9620 -0.2528 0.0000	</row1>
					<row2>	-0.0133 0.2528 0.9674 0.0000	</row2>
					<row3>	-0.1453 1.2145 1.3498 1.0000	</row3>
				</transform>
			</node>
			<node>
				<identifier>	HP_flag_3	</identifier>
				<transform>
					<row0>	0.9988 -0.0487 0.0063 0.0000	</row0>
					<row1>	0.0487 0.9661 -0.2536 0.0000	</row1>
					<row2>	0.0063 0.2536 0.9673 0.0000	</row2>
					<row3>	0.0963 1.2142 1.3498 1.0000	</row3>
				</transform>
			</node>
			<node>
				<identifier>	HP_flag_4	</identifier>
				<transform>
					<row0>	0.9988 0.0487 -0.0063 0.0000	</row0>
					<row1>	-0.0487 0.9661 -0.2536 0.0000	</row1>
					<row2>	-0.0063 0.2536 0.9673 0.0000	</row2>
					<row3>	-0.0952 1.2144 1.3499 1.0000	</row3>
				</transform>
			</node>
			<node>
				<identifier>	HP_flag_courtesy	</identifier>
				<transform>
					<row0>	0.9917 -0.1272 0.0164 0.0000	</row0>
					<row1>	0.1272 0.9592 -0.2526 0.0000	</row1>
					<row2>	0.0164 0.2526 0.9674 0.0000	</row2>
					<row3>	0.1737 1.2454 1.3417 1.0000	</row3>
				</transform>
			</node>
			<node>
				<identifier>	HP_flag_house	</identifier>
				<transform>
					<row0>	0.9917 0.1272 -0.0164 0.0000	</row0>
					<row1>	-0.1272 0.9592 -0.2526 0.0000	</row1>
					<row2>	-0.0164 0.2526 0.9674 0.0000	</row2>
					<row3>	-0.1737 1.2454 1.3417 1.0000	</row3>
				</transform>
			</node>
			<node>
				<identifier>	HP_flag_rank	</identifier>
				<transform>
					<row0>	1.0000 0.0000 0.0000 0.0000	</row0>
					<row1>	0.0000 0.9989 0.0460 0.0000	</row1>
					<row2>	0.0000 -0.0460 0.9989 0.0000	</row2>
					<row3>	0.0000 1.2733 1.1810 1.0000	</row3>
				</transform>
			</node>
			<node>
				<identifier>	MP_CM011_Fire_Fighting_Gear	</identifier>
				<transform>
					<row0>	-0.8462 0.0000 -0.5328 0.0000	</row0>
					<row1>	0.0000 1.0000 0.0000 0.0000	</row1>
					<row2>	0.5328 0.0000 -0.8462 0.0000	</row2>
					<row3>	-0.1429 0.3720 2.1712 1.0000	</row3>
				</transform>
			</node>
			<node>
				<identifier>	MP_CM011_Fire_Fighting_Gear_INDEX_1	</identifier>
				<transform>
					<row0>	0.0000 0.0000 -1.0000 0.0000	</row0>
					<row1>	0.0000 1.0000 0.0000 0.0000	</row1>
					<row2>	1.0000 0.0000 0.0000 0.0000	</row2>
					<row3>	-0.1697 0.2090 0.8428 1.0000	</row3>
				</transform>
			</node>
			<node>
				<identifier>	MP_CM011_Fire_Fighting_Gear_INDEX_2	</identifier>
				<transform>
					<row0>	0.0000 0.0000 1.0000 0.0000	</row0>
					<row1>	0.0000 1.0000 0.0000 0.0000	</row1>
					<row2>	-1.0000 0.0000 0.0000 0.0000	</row2>
					<row3>	0.1697 0.2090 1.2216 1.0000	</row3>
				</transform>
			</node>
			<node>
				<identifier>	MP_CM011_Fire_Fighting_Gear_INDEX_3	</identifier>
				<transform>
					<row0>	-1.0000 0.0000 0.0000 0.0000	</row0>
					<row1>	0.0000 1.0000 0.0000 0.0000	</row1>
					<row2>	0.0000 0.0000 -1.0000 0.0000	</row2>
					<row3>	0.0097 0.5494 1.9498 1.0000	</row3>
				</transform>
			</node>
			<node>
				<identifier>	MP_CM011_Fire_Fighting_Gear_INDEX_4	</identifier>
				<transform>
					<row0>	1.0000 0.0000 0.0000 0.0000	</row0>
					<row1>	0.0000 1.0000 0.0000 0.0000	</row1>
					<row2>	0.0000 0.0000 1.0000 0.0000	</row2>
					<row3>	-0.0709 0.3691 1.4496 1.0000	</row3>
				</transform>
			</node>
			<node>
				<identifier>	MP_CM012_Fire_Hose_Rack_1	</identifier>
				<transform>
					<row0>	-1.0000 0.0000 0.0000 0.0000	</row0>
					<row1>	0.0000 1.0000 0.0000 0.0000	</row1>
					<row2>	0.0000 0.0000 -1.0000 0.0000	</row2>
					<row3>	0.1600 0.2694 1.2216 1.0000	</row3>
				</transform>
			</node>
			<node>
				<identifier>	MP_CM012_Fire_Hose_Rack_1_INDEX_1	</identifier>
				<transform>
					<row0>	0.0000 0.0000 -1.0000 0.0000	</row0>
					<row1>	0.0000 1.0000 0.0000 0.0000	</row1>
					<row2>	1.0000 0.0000 0.0000 0.0000	</row2>
					<row3>	0.0407 0.5992 1.9405 1.0000	</row3>
				</transform>
			</node>
			<node>
				<identifier>	MP_CM012_Fire_Hose_Rack_1_INDEX_2	</identifier>
				<transform>
					<row0>	1.0000 0.0000 0.0000 0.0000	</row0>
					<row1>	0.0000 1.0000 0.0000 0.0000	</row1>
					<row2>	0.0000 0.0000 1.0000 0.0000	</row2>
					<row3>	-0.1600 0.2694 0.8419 1.0000	</row3>
				</transform>
			</node>
			<node>
				<identifier>	MP_CM012_Fire_Hose_Rack_1_INDEX_3	</identifier>
				<transform>
					<row0>	0.5337 0.0000 -0.8457 0.0000	</row0>
					<row1>	0.0000 1.0000 0.0000 0.0000	</row1>
					<row2>	0.8457 0.0000 0.5337 0.0000	</row2>
					<row3>	-0.1357 0.4484 2.1594 1.0000	</row3>
				</transform>
			</node>
			<node>
				<identifier>	MP_CM012_Fire_Hose_Rack_1_INDEX_4	</identifier>
				<transform>
					<row0>	0.0000 0.0000 1.0000 0.0000	</row0>
					<row1>	0.0000 1.0000 0.0000 0.0000	</row1>
					<row2>	-1.0000 0.0000 0.0000 0.0000	</row2>
					<row3>	-0.0707 0.4311 1.4610 1.0000	</row3>
				</transform>
			</node>
			<node>
				<identifier>	MP_CM029_Emergency_Box	</identifier>
				<transform>
					<row0>	-1.0000 0.0000 0.0000 0.0000	</row0>
					<row1>	0.0000 1.0000 0.0000 0.0000	</row1>
					<row2>	0.0000 0.0000 -1.0000 0.0000	</row2>
					<row3>	-0.0415 0.5893 1.9468 1.0000	</row3>
				</transform>
			</node>
			<node>
				<identifier>	MP_CM029_Emergency_Box_INDEX_1	</identifier>
				<transform>
					<row0>	0.0000 0.0000 1.0000 0.0000	</row0>
					<row1>	0.0000 1.0000 0.0000 0.0000	</row1>
					<row2>	-1.0000 0.0000 0.0000 0.0000	</row2>
					<row3>	0.2067 0.4349 1.5668 1.0000	</row3>
				</transform>
			</node>
			<node>
				<identifier>	MP_CM029_Emergency_Box_INDEX_2	</identifier>
				<transform>
					<row0>	0.0000 0.0000 -1.0000 0.0000	</row0>
					<row1>	0.0000 1.0000 0.0000 0.0000	</row1>
					<row2>	1.0000 0.0000 0.0000 0.0000	</row2>
					<row3>	-0.2067 0.4349 1.5666 1.0000	</row3>
				</transform>
			</node>
			<node>
				<identifier>	MP_CM029_Emergency_Box_INDEX_3	</identifier>
				<transform>
					<row0>	1.0000 0.0000 0.0000 0.0000	</row0>
					<row1>	0.0000 1.0000 0.0000 0.0000	</row1>
					<row2>	0.0000 0.0000 1.0000 0.0000	</row2>
					<row3>	0.0552 0.2692 0.7325 1.0000	</row3>
				</transform>
			</node>
			<node>
				<identifier>	MP_CM029_Emergency_Box_INDEX_4	</identifier>
				<transform>
					<row0>	0.0000 0.0000 1.0000 0.0000	</row0>
					<row1>	0.0000 1.0000 0.0000 0.0000	</row1>
					<row2>	-1.0000 0.0000 0.0000 0.0000	</row2>
					<row3>	0.1658 0.2782 1.0612 1.0000	</row3>
				</transform>
			</node>
			<node>
				<identifier>	MP_CM029_Emergency_Box_INDEX_5	</identifier>
				<transform>
					<row0>	0.0000 0.0000 -1.0000 0.0000	</row0>
					<row1>	0.0000 1.0000 0.0000 0.0000	</row1>
					<row2>	1.0000 0.0000 0.0000 0.0000	</row2>
					<row3>	-0.1658 0.2782 0.9610 1.0000	</row3>
				</transform>
			</node>
			<node>
				<identifier>	MP_CM029_Emergency_Box_INDEX_6	</identifier>
				<transform>
					<row0>	-1.0000 0.0000 0.0000 0.0000	</row0>
					<row1>	0.0000 1.0000 0.0000 0.0000	</row1>
					<row2>	0.0000 0.0000 -1.0000 0.0000	</row2>
					<row3>	0.0530 0.4252 2.1863 1.0000	</row3>
				</transform>
			</node>
			<node>
				<identifier>	MP_CM029_Emergency_Box_INDEX_7	</identifier>
				<transform>
					<row0>	1.0000 0.0000 0.0000 0.0000	</row0>
					<row1>	0.0000 1.0000 0.0000 0.0000	</row1>
					<row2>	0.0000 0.0000 1.0000 0.0000	</row2>
					<row3>	0.1368 0.4349 1.4543 1.0000	</row3>
				</transform>
			</node>
			<node>
				<identifier>	MP_CM030_Swab_Rack_2	</identifier>
				<transform>
					<row0>	-1.0000 0.0000 0.0000 0.0000	</row0>
					<row1>	0.0000 1.0000 0.0000 0.0000	</row1>
					<row2>	0.0000 0.0000 -1.0000 0.0000	</row2>
					<row3>	-0.1547 0.3617 1.4600 1.0000	</row3>
				</transform>
			</node>
			<node>
				<identifier>	MP_CM030_Swab_Rack_2_INDEX_1	</identifier>
				<transform>
					<row0>	-1.0000 0.0000 0.0000 0.0000	</row0>
					<row1>	0.0000 1.0000 0.0000 0.0000	</row1>
					<row2>	0.0000 0.0000 -1.0000 0.0000	</row2>
					<row3>	0.3019 0.2029 1.3973 1.0000	</row3>
				</transform>
			</node>
			<node>
				<identifier>	MP_CM030_Swab_Rack_2_INDEX_2	</identifier>
				<transform>
					<row0>	-1.0000 0.0000 0.0000 0.0000	</row0>
					<row1>	0.0000 1.0000 0.0000 0.0000	</row1>
					<row2>	0.0000 0.0000 -1.0000 0.0000	</row2>
					<row3>	-0.3019 0.2029 1.3973 1.0000	</row3>
				</transform>
			</node>
			<node>
				<identifier>	MP_CM052_Fender	</identifier>
				<transform>
					<row0>	-0.6000 0.0000 0.0000 0.0000	</row0>
					<row1>	0.0000 0.6000 0.0000 0.0000	</row1>
					<row2>	0.0000 0.0000 -0.6000 0.0000	</row2>
					<row3>	0.3555 0.2033 1.3755 1.0000	</row3>
				</transform>
			</node>
			<node>
				<identifier>	MP_CM052_Fender_INDEX_1	</identifier>
				<transform>
					<row0>	-0.6000 0.0000 0.0000 0.0000	</row0>
					<row1>	0.0000 0.6000 0.0000 0.0000	</row1>
					<row2>	0.0000 0.0000 -0.6000 0.0000	</row2>
					<row3>	-0.3555 0.2033 1.3755 1.0000	</row3>
				</transform>
			</node>
			<node>
				<identifier>	MP_CM052_Fender_INDEX_2	</identifier>
				<transform>
					<row0>	-0.6000 0.0000 0.0000 0.0000	</row0>
					<row1>	0.0000 0.6000 0.0000 0.0000	</row1>
					<row2>	0.0000 0.0000 -0.6000 0.0000	</row2>
					<row3>	0.0357 0.3634 1.4396 1.0000	</row3>
				</transform>
			</node>
			<node>
				<identifier>	MP_CM052_Fender_INDEX_3	</identifier>
				<transform>
					<row0>	-0.6000 0.0000 0.0000 0.0000	</row0>
					<row1>	0.0000 0.6000 0.0000 0.0000	</row1>
					<row2>	0.0000 0.0000 -0.6000 0.0000	</row2>
					<row3>	0.0772 0.3634 1.4396 1.0000	</row3>
				</transform>
			</node>
			<node>
				<identifier>	MP_CM056_Ships_bell	</identifier>
				<transform>
					<row0>	1.0000 0.0000 0.0000 0.0000	</row0>
					<row1>	0.0000 1.0000 0.0000 0.0000	</row1>
					<row2>	0.0000 0.0000 1.0000 0.0000	</row2>
					<row3>	-0.0020 0.5265 1.4237 1.0000	</row3>
				</transform>
			</node>
			<node>
				<identifier>	MP_CM082_Rope	</identifier>
				<transform>
					<row0>	0.0101 0.0000 -0.3999 0.0000	</row0>
					<row1>	0.0000 0.4000 0.0000 0.0000	</row1>
					<row2>	0.3999 0.0000 0.0101 0.0000	</row2>
					<row3>	0.0982 0.7659 1.4668 1.0000	</row3>
				</transform>
			</node>
			<node>
				<identifier>	MP_CM082_Rope_INDEX_1	</identifier>
				<transform>
					<row0>	0.0178 0.0000 0.3996 0.0000	</row0>
					<row1>	0.0000 0.4000 0.0000 0.0000	</row1>
					<row2>	-0.3996 0.0000 0.0178 0.0000	</row2>
					<row3>	-0.0860 0.7653 1.4674 1.0000	</row3>
				</transform>
			</node>
			<node>
				<identifier>	MP_CM082_Rope_INDEX_2	</identifier>
				<transform>
					<row0>	0.0329 0.0000 0.3986 0.0000	</row0>
					<row1>	0.0000 0.4000 0.0000 0.0000	</row1>
					<row2>	-0.3986 0.0000 0.0329 0.0000	</row2>
					<row3>	0.1104 0.7660 1.4676 1.0000	</row3>
				</transform>
			</node>
			<node>
				<identifier>	MP_CM082_Rope_INDEX_3	</identifier>
				<transform>
					<row0>	0.0329 0.0000 0.3986 0.0000	</row0>
					<row1>	0.0000 0.4000 0.0000 0.0000	</row1>
					<row2>	-0.3986 0.0000 0.0329 0.0000	</row2>
					<row3>	0.0735 0.7656 1.4676 1.0000	</row3>
				</transform>
			</node>
			<node>
				<identifier>	MP_CM082_Rope_INDEX_4	</identifier>
				<transform>
					<row0>	0.0329 0.0000 -0.3986 0.0000	</row0>
					<row1>	0.0000 0.4000 0.0000 0.0000	</row1>
					<row2>	0.3986 0.0000 0.0329 0.0000	</row2>
					<row3>	-0.1104 0.7660 1.4676 1.0000	</row3>
				</transform>
			</node>
			<node>
				<identifier>	MP_CM082_Rope_INDEX_5	</identifier>
				<transform>
					<row0>	0.0101 0.0000 0.3999 0.0000	</row0>
					<row1>	0.0000 0.4000 0.0000 0.0000	</row1>
					<row2>	-0.3999 0.0000 0.0101 0.0000	</row2>
					<row3>	-0.0982 0.7659 1.4676 1.0000	</row3>
				</transform>
			</node>
			<node>
				<identifier>	MP_CM082_Rope_INDEX_6	</identifier>
				<transform>
					<row0>	0.0329 0.0000 -0.3986 0.0000	</row0>
					<row1>	0.0000 0.4000 0.0000 0.0000	</row1>
					<row2>	0.3986 0.0000 0.0329 0.0000	</row2>
					<row3>	-0.0735 0.7656 1.4676 1.0000	</row3>
				</transform>
			</node>
			<node>
				<identifier>	MP_CM082_Rope_INDEX_7	</identifier>
				<transform>
					<row0>	0.0178 0.0000 -0.3996 0.0000	</row0>
					<row1>	0.0000 0.4000 0.0000 0.0000	</row1>
					<row2>	0.3996 0.0000 0.0178 0.0000	</row2>
					<row3>	0.0860 0.7653 1.4669 1.0000	</row3>
				</transform>
			</node>
			<node>
				<identifier>	MP_CM109_Leadsman_Platform	</identifier>
				<transform>
					<row0>	-0.0852 -0.9960 -0.0267 0.0000	</row0>
					<row1>	0.9506 -0.0893 0.2972 0.0000	</row1>
					<row2>	-0.2984 0.0000 0.9545 0.0000	</row2>
					<row3>	0.1943 0.3964 3.7109 1.0000	</row3>
				</transform>
			</node>
			<node>
				<identifier>	MP_CM109_Leadsman_Platform_INDEX_1	</identifier>
				<transform>
					<row0>	0.0882 -0.9960 -0.0170 0.0000	</row0>
					<row1>	-0.9506 -0.0893 0.2972 0.0000	</row1>
					<row2>	-0.2975 -0.0100 -0.9547 0.0000	</row2>
					<row3>	-0.1941 0.3967 3.7117 1.0000	</row3>
				</transform>
			</node>
			<node>
				<identifier>	MP_CM126_Cleat	</identifier>
				<transform>
					<row0>	0.0000 0.0000 -1.0000 0.0000	</row0>
					<row1>	0.0000 1.0000 0.0000 0.0000	</row1>
					<row2>	1.0000 0.0000 0.0000 0.0000	</row2>
					<row3>	0.0000 0.3623 1.1411 1.0000	</row3>
				</transform>
			</node>
			<node>
				<identifier>	MP_FM001_Pelorus	</identifier>
				<transform>
					<row0>	1.0000 0.0000 0.0000 0.0000	</row0>
					<row1>	0.0000 1.0000 0.0000 0.0000	</row1>
					<row2>	0.0000 0.0000 1.0000 0.0000	</row2>
					<row3>	-0.1119 0.7033 1.7496 1.0000	</row3>
				</transform>
			</node>
			<node>
				<identifier>	MP_FM001_Pelorus_INDEX_1	</identifier>
				<transform>
					<row0>	1.0000 0.0000 0.0000 0.0000	</row0>
					<row1>	0.0000 1.0000 0.0000 0.0000	</row1>
					<row2>	0.0000 0.0000 1.0000 0.0000	</row2>
					<row3>	0.1119 0.7033 1.7496 1.0000	</row3>
				</transform>
			</node>
			<node>
				<identifier>	MP_FM002_Binoculars	</identifier>
				<transform>
					<row0>	0.0000 0.0000 -1.0000 0.0000	</row0>
					<row1>	0.0000 1.0000 0.0000 0.0000	</row1>
					<row2>	1.0000 0.0000 0.0000 0.0000	</row2>
					<row3>	0.3582 0.5466 1.5075 1.0000	</row3>
				</transform>
			</node>
			<node>
				<identifier>	MP_FM002_Binoculars_INDEX_1	</identifier>
				<transform>
					<row0>	0.0000 0.0000 1.0000 0.0000	</row0>
					<row1>	0.0000 1.0000 0.0000 0.0000	</row1>
					<row2>	-1.0000 0.0000 0.0000 0.0000	</row2>
					<row3>	-0.3582 0.5466 1.5075 1.0000	</row3>
				</transform>
			</node>
			<node>
				<identifier>	MP_FM002_Binoculars_INDEX_2	</identifier>
				<transform>
					<row0>	1.0000 0.0000 0.0000 0.0000	</row0>
					<row1>	0.0000 1.0000 0.0000 0.0000	</row1>
					<row2>	0.0000 0.0000 1.0000 0.0000	</row2>
					<row3>	0.1199 0.5468 2.1193 1.0000	</row3>
				</transform>
			</node>
			<node>
				<identifier>	MP_FM002_Binoculars_INDEX_3	</identifier>
				<transform>
					<row0>	1.0000 0.0000 0.0000 0.0000	</row0>
					<row1>	0.0000 1.0000 0.0000 0.0000	</row1>
					<row2>	0.0000 0.0000 1.0000 0.0000	</row2>
					<row3>	-0.1199 0.5468 2.1193 1.0000	</row3>
				</transform>
			</node>
			<node>
				<identifier>	MP_FM009_Range_Concentration_Dials	</identifier>
				<transform>
					<row0>	0.5000 0.0000 0.0000 0.0000	</row0>
					<row1>	0.0000 0.5000 0.0000 0.0000	</row1>
					<row2>	0.0000 0.0000 0.5000 0.0000	</row2>
					<row3>	0.0000 0.7152 1.9406 1.0000	</row3>
				</transform>
			</node>
			<node>
				<identifier>	MP_FM011_Reels	</identifier>
				<transform>
					<row0>	0.0000 0.0000 -1.0000 0.0000	</row0>
					<row1>	0.0000 1.0000 0.0000 0.0000	</row1>
					<row2>	1.0000 0.0000 0.0000 0.0000	</row2>
					<row3>	0.2344 0.3651 1.9299 1.0000	</row3>
				</transform>
			</node>
			<node>
				<identifier>	MP_FM011_Reels_INDEX_1	</identifier>
				<transform>
					<row0>	-0.9988 0.0487 0.0000 0.0000	</row0>
					<row1>	0.0487 0.9988 0.0000 0.0000	</row1>
					<row2>	0.0000 0.0000 -1.0000 0.0000	</row2>
					<row3>	0.2382 0.3754 2.8993 1.0000	</row3>
				</transform>
			</node>
			<node>
				<identifier>	MP_FM011_Reels_INDEX_2	</identifier>
				<transform>
					<row0>	-0.9988 -0.0487 0.0000 0.0000	</row0>
					<row1>	-0.0487 0.9988 0.0000 0.0000	</row1>
					<row2>	0.0000 0.0000 -1.0000 0.0000	</row2>
					<row3>	-0.2382 0.3754 2.8993 1.0000	</row3>
				</transform>
			</node>
			<node>
				<identifier>	MP_FM011_Reels_INDEX_3	</identifier>
				<transform>
					<row0>	0.0000 0.0000 1.0000 0.0000	</row0>
					<row1>	0.0000 1.0000 0.0000 0.0000	</row1>
					<row2>	-1.0000 0.0000 0.0000 0.0000	</row2>
					<row3>	-0.2344 0.3651 1.9299 1.0000	</row3>
				</transform>
			</node>
			<node>
				<identifier>	MP_FM014_Telephone	</identifier>
				<transform>
					<row0>	0.0000 0.0000 1.0000 0.0000	</row0>
					<row1>	0.0000 1.0000 0.0000 0.0000	</row1>
					<row2>	-1.0000 0.0000 0.0000 0.0000	</row2>
					<row3>	0.1997 0.4452 1.5438 1.0000	</row3>
				</transform>
			</node>
			<node>
				<identifier>	MP_FM014_Telephone_INDEX_1	</identifier>
				<transform>
					<row0>	0.0000 0.0000 -1.0000 0.0000	</row0>
					<row1>	0.0000 1.0000 0.0000 0.0000	</row1>
					<row2>	1.0000 0.0000 0.0000 0.0000	</row2>
					<row3>	-0.1997 0.4452 1.5438 1.0000	</row3>
				</transform>
			</node>
			<node>
				<identifier>	MP_FM014_Telephone_INDEX_2	</identifier>
				<transform>
					<row0>	0.0000 0.0000 1.0000 0.0000	</row0>
					<row1>	0.0000 1.0000 0.0000 0.0000	</row1>
					<row2>	-1.0000 0.0000 0.0000 0.0000	</row2>
					<row3>	0.1596 0.2877 1.0324 1.0000	</row3>
				</transform>
			</node>
			<node>
				<identifier>	MP_FM014_Telephone_INDEX_3	</identifier>
				<transform>
					<row0>	0.0980 0.0000 0.9952 0.0000	</row0>
					<row1>	0.0000 1.0000 0.0000 0.0000	</row1>
					<row2>	-0.9952 0.0000 0.0980 0.0000	</row2>
					<row3>	-0.1305 0.6130 1.8217 1.0000	</row3>
				</transform>
			</node>
			<node>
				<identifier>	MP_FM015_Life_Buoy	</identifier>
				<transform>
					<row0>	0.0039 -0.0002 1.0000 0.0000	</row0>
					<row1>	-0.0002 1.0000 0.0002 0.0000	</row1>
					<row2>	-1.0000 -0.0002 0.0039 0.0000	</row2>
					<row3>	0.3882 0.4215 1.4715 1.0000	</row3>
				</transform>
			</node>
			<node>
				<identifier>	MP_FM015_Life_Buoy_INDEX_1	</identifier>
				<transform>
					<row0>	0.0039 0.0002 -1.0000 0.0000	</row0>
					<row1>	0.0002 1.0000 0.0002 0.0000	</row1>
					<row2>	1.0000 -0.0002 0.0039 0.0000	</row2>
					<row3>	-0.3882 0.4215 1.4715 1.0000	</row3>
				</transform>
			</node>
			<node>
				<identifier>	MP_FM017_Turtles_box	</identifier>
				<transform>
					<row0>	-1.0000 0.0000 0.0000 0.0000	</row0>
					<row1>	0.0000 1.0000 0.0000 0.0000	</row1>
					<row2>	0.0000 0.0000 -1.0000 0.0000	</row2>
					<row3>	-0.0443 0.2357 0.7361 1.0000	</row3>
				</transform>
			</node>
			<node>
				<identifier>	MP_FM017_Turtles_box_INDEX_1	</identifier>
				<transform>
					<row0>	0.9814 0.0000 -0.1922 0.0000	</row0>
					<row1>	0.0000 1.0000 0.0000 0.0000	</row1>
					<row2>	0.1922 0.0000 0.9814 0.0000	</row2>
					<row3>	0.0962 0.4035 2.1775 1.0000	</row3>
				</transform>
			</node>
			<node>
				<identifier>	MP_FM028_Motto_Valeur	</identifier>
				<transform>
					<row0>	0.0000 0.0000 -1.0000 0.0000	</row0>
					<row1>	0.0000 1.0000 0.0000 0.0000	</row1>
					<row2>	1.0000 0.0000 0.0000 0.0000	</row2>
					<row3>	-0.2005 0.5299 1.9153 1.0000	</row3>
				</transform>
			</node>
			<node>
				<identifier>	MP_FM029_Motto_Discipline	</identifier>
				<transform>
					<row0>	0.0000 0.0000 1.0000 0.0000	</row0>
					<row1>	0.0000 1.0000 0.0000 0.0000	</row1>
					<row2>	-1.0000 0.0000 0.0000 0.0000	</row2>
					<row3>	0.2005 0.5299 1.9153 1.0000	</row3>
				</transform>
			</node>
			<node>
				<identifier>	MP_FM521_Canot_a_moteur_7m	</identifier>
				<transform>
					<row0>	1.0000 0.0000 0.0000 0.0000	</row0>
					<row1>	0.0000 0.9999 -0.0147 0.0000	</row1>
					<row2>	0.0000 0.0147 0.9999 0.0000	</row2>
					<row3>	0.3192 0.2377 1.0313 1.0000	</row3>
				</transform>
			</node>
			<node>
				<identifier>	MP_FM526_Raft	</identifier>
				<transform>
					<row0>	0.0000 -1.0000 0.0000 0.0000	</row0>
					<row1>	1.0000 0.0000 0.0000 0.0000	</row1>
					<row2>	0.0000 0.0000 1.0000 0.0000	</row2>
					<row3>	0.1600 0.3966 0.8810 1.0000	</row3>
				</transform>
			</node>
			<node>
				<identifier>	MP_FM526_Raft_INDEX_1	</identifier>
				<transform>
					<row0>	0.0000 -1.0000 0.0000 0.0000	</row0>
					<row1>	1.0000 0.0000 0.0000 0.0000	</row1>
					<row2>	0.0000 0.0000 1.0000 0.0000	</row2>
					<row3>	0.1600 0.3966 1.2187 1.0000	</row3>
				</transform>
			</node>
			<node>
				<identifier>	MP_FM526_Raft_INDEX_2	</identifier>
				<transform>
					<row0>	0.0000 1.0000 0.0000 0.0000	</row0>
					<row1>	-1.0000 0.0000 0.0000 0.0000	</row1>
					<row2>	0.0000 0.0000 1.0000 0.0000	</row2>
					<row3>	-0.1600 0.3966 1.2187 1.0000	</row3>
				</transform>
			</node>
			<node>
				<identifier>	MP_FM526_Raft_INDEX_3	</identifier>
				<transform>
					<row0>	0.0000 1.0000 0.0000 0.0000	</row0>
					<row1>	-1.0000 0.0000 0.0000 0.0000	</row1>
					<row2>	0.0000 0.0000 1.0000 0.0000	</row2>
					<row3>	-0.1600 0.3966 0.8810 1.0000	</row3>
				</transform>
			</node>
			<node>
				<identifier>	MP_FM532_Whaleboat_7m	</identifier>
				<transform>
					<row0>	1.0000 0.0000 0.0000 0.0000	</row0>
					<row1>	0.0000 1.0000 0.0000 0.0000	</row1>
					<row2>	0.0000 0.0000 1.0000 0.0000	</row2>
					<row3>	-0.3255 0.2578 1.0250 1.0000	</row3>
				</transform>
			</node>
			<node>
				<identifier>	MP_FM603_Searchlight_sight	</identifier>
				<transform>
					<row0>	0.0000 0.0000 -1.0000 0.0000	</row0>
					<row1>	0.0000 1.0000 0.0000 0.0000	</row1>
					<row2>	1.0000 0.0000 0.0000 0.0000	</row2>
					<row3>	0.3475 0.5488 1.6326 1.0000	</row3>
				</transform>
			</node>
			<node>
				<identifier>	MP_FM603_Searchlight_sight_INDEX_1	</identifier>
				<transform>
					<row0>	0.0000 0.0000 1.0000 0.0000	</row0>
					<row1>	0.0000 1.0000 0.0000 0.0000	</row1>
					<row2>	-1.0000 0.0000 0.0000 0.0000	</row2>
					<row3>	-0.3475 0.5488 1.6326 1.0000	</row3>
				</transform>
			</node>
			<node>
				<identifier>	MP_FM607_Voice_Tube	</identifier>
				<transform>
					<row0>	0.1532 0.0000 -0.9882 0.0000	</row0>
					<row1>	0.0000 1.0000 0.0000 0.0000	</row1>
					<row2>	0.9882 0.0000 0.1532 0.0000	</row2>
					<row3>	0.1188 0.5456 1.7971 1.0000	</row3>
				</transform>
			</node>
			<node>
				<identifier>	MP_FM607_Voice_Tube_INDEX_1	</identifier>
				<transform>
					<row0>	0.1532 0.0000 -0.9882 0.0000	</row0>
					<row1>	0.0000 1.0000 0.0000 0.0000	</row1>
					<row2>	0.9882 0.0000 0.1532 0.0000	</row2>
					<row3>	0.1212 0.5456 1.7776 1.0000	</row3>
				</transform>
			</node>
			<node>
				<identifier>	MP_FM607_Voice_Tube_INDEX_2	</identifier>
				<transform>
					<row0>	0.1532 0.0000 -0.9882 0.0000	</row0>
					<row1>	0.0000 1.0000 0.0000 0.0000	</row1>
					<row2>	0.9882 0.0000 0.1532 0.0000	</row2>
					<row3>	0.1238 0.5456 1.7586 1.0000	</row3>
				</transform>
			</node>
			<node>
				<identifier>	MP_FM607_Voice_Tube_INDEX_3	</identifier>
				<transform>
					<row0>	0.1532 0.0000 -0.9882 0.0000	</row0>
					<row1>	0.0000 1.0000 0.0000 0.0000	</row1>
					<row2>	0.9882 0.0000 0.1532 0.0000	</row2>
					<row3>	0.1257 0.5456 1.7391 1.0000	</row3>
				</transform>
			</node>
			<node>
				<identifier>	MP_FM607_Voice_Tube_INDEX_4	</identifier>
				<transform>
					<row0>	0.1083 0.0000 -0.9941 0.0000	</row0>
					<row1>	0.0000 1.0000 0.0000 0.0000	</row1>
					<row2>	0.9941 0.0000 0.1083 0.0000	</row2>
					<row3>	0.1135 0.7033 1.8013 1.0000	</row3>
				</transform>
			</node>
			<node>
				<identifier>	MP_FM607_Voice_Tube_INDEX_5	</identifier>
				<transform>
					<row0>	0.1083 0.0000 -0.9941 0.0000	</row0>
					<row1>	0.0000 1.0000 0.0000 0.0000	</row1>
					<row2>	0.9941 0.0000 0.1083 0.0000	</row2>
					<row3>	0.1119 0.7033 1.8218 1.0000	</row3>
				</transform>
			</node>
			<node>
				<identifier>	MP_FM607_Voice_Tube_INDEX_6	</identifier>
				<transform>
					<row0>	0.1083 0.0000 0.9941 0.0000	</row0>
					<row1>	0.0000 1.0000 0.0000 0.0000	</row1>
					<row2>	-0.9941 0.0000 0.1083 0.0000	</row2>
					<row3>	-0.1135 0.7033 1.8013 1.0000	</row3>
				</transform>
			</node>
			<node>
				<identifier>	MP_FM607_Voice_Tube_INDEX_7	</identifier>
				<transform>
					<row0>	0.1083 0.0000 0.9941 0.0000	</row0>
					<row1>	0.0000 1.0000 0.0000 0.0000	</row1>
					<row2>	-0.9941 0.0000 0.1083 0.0000	</row2>
					<row3>	-0.1119 0.7033 1.8218 1.0000	</row3>
				</transform>
			</node>
			<node>
				<identifier>	MP_FM609_Compass	</identifier>
				<transform>
					<row0>	1.0000 0.0000 0.0000 0.0000	</row0>
					<row1>	0.0000 1.0000 0.0000 0.0000	</row1>
					<row2>	0.0000 0.0000 1.0000 0.0000	</row2>
					<row3>	-0.0683 0.5457 1.8986 1.0000	</row3>
				</transform>
			</node>
			<node>
				<identifier>	MP_FM617_Wheel	</identifier>
				<transform>
					<row0>	-1.0000 0.0000 0.0000 0.0000	</row0>
					<row1>	0.0000 1.0000 0.0000 0.0000	</row1>
					<row2>	0.0000 0.0000 -1.0000 0.0000	</row2>
					<row3>	0.0000 0.5461 1.9081 1.0000	</row3>
				</transform>
			</node>
			<node>
				<identifier>	MP_FM701_Ammunition_Box	</identifier>
				<transform>
					<row0>	0.0317 0.0000 -0.9995 0.0000	</row0>
					<row1>	0.0000 1.0000 0.0000 0.0000	</row1>
					<row2>	0.9995 0.0000 0.0317 0.0000	</row2>
					<row3>	0.2232 0.3644 2.0629 1.0000	</row3>
				</transform>
			</node>
			<node>
				<identifier>	MP_FM701_Ammunition_Box_INDEX_1	</identifier>
				<transform>
					<row0>	0.0317 0.0000 0.9995 0.0000	</row0>
					<row1>	0.0000 1.0000 0.0000 0.0000	</row1>
					<row2>	-0.9995 0.0000 0.0317 0.0000	</row2>
					<row3>	-0.2232 0.3644 2.0629 1.0000	</row3>
				</transform>
			</node>
			<node>
				<identifier>	MP_FM854_Running_Light_R	</identifier>
				<transform>
					<row0>	1.0000 0.0000 0.0000 0.0000	</row0>
					<row1>	0.0000 1.0000 0.0000 0.0000	</row1>
					<row2>	0.0000 0.0000 1.0000 0.0000	</row2>
					<row3>	0.3951 0.5411 1.4694 1.0000	</row3>
				</transform>
			</node>
			<node>
				<identifier>	MP_FM855_Running_Light_L	</identifier>
				<transform>
					<row0>	1.0000 0.0000 0.0000 0.0000	</row0>
					<row1>	0.0000 1.0000 0.0000 0.0000	</row1>
					<row2>	0.0000 0.0000 1.0000 0.0000	</row2>
					<row3>	-0.3951 0.5411 1.4694 1.0000	</row3>
				</transform>
			</node>
			<node>
				<identifier>	MP_FM866_Signal_lamp	</identifier>
				<transform>
					<row0>	1.0000 0.0000 0.0000 0.0000	</row0>
					<row1>	0.0000 1.0000 0.0000 0.0000	</row1>
					<row2>	0.0000 0.0000 1.0000 0.0000	</row2>
					<row3>	0.0895 0.7027 1.8639 1.0000	</row3>
				</transform>
			</node>
			<node>
				<identifier>	MP_FM866_Signal_lamp_INDEX_1	</identifier>
				<transform>
					<row0>	1.0000 0.0000 0.0000 0.0000	</row0>
					<row1>	0.0000 1.0000 0.0000 0.0000	</row1>
					<row2>	0.0000 0.0000 1.0000 0.0000	</row2>
					<row3>	-0.0895 0.7027 1.8639 1.0000	</row3>
				</transform>
			</node>
			<node>
				<identifier>	MP_FM880_Searchlight_60cm	</identifier>
				<transform>
					<row0>	1.0000 0.0000 0.0000 0.0000	</row0>
					<row1>	0.0000 1.0000 0.0000 0.0000	</row1>
					<row2>	0.0000 0.0000 1.0000 0.0000	</row2>
					<row3>	-0.3110 0.5456 1.7792 1.0000	</row3>
				</transform>
			</node>
			<node>
				<identifier>	MP_FM880_Searchlight_60cm_INDEX_1	</identifier>
				<transform>
					<row0>	1.0000 0.0000 0.0000 0.0000	</row0>
					<row1>	0.0000 1.0000 0.0000 0.0000	</row1>
					<row2>	0.0000 0.0000 1.0000 0.0000	</row2>
					<row3>	0.3110 0.5456 1.7792 1.0000	</row3>
				</transform>
			</node>
			<node>
				<identifier>	MP_FM955_Bollard	</identifier>
				<transform>
					<row0>	0.9972 -0.0372 0.0656 0.0000	</row0>
					<row1>	0.0372 0.9993 0.0024 0.0000	</row1>
					<row2>	-0.0657 0.0000 0.9978 0.0000	</row2>
					<row3>	0.3105 0.3669 2.5402 1.0000	</row3>
				</transform>
			</node>
			<node>
				<identifier>	MP_FM955_Bollard_INDEX_1	</identifier>
				<transform>
					<row0>	0.9972 0.0372 -0.0656 0.0000	</row0>
					<row1>	-0.0372 0.9993 0.0024 0.0000	</row1>
					<row2>	0.0657 0.0000 0.9978 0.0000	</row2>
					<row3>	-0.3105 0.3669 2.5402 1.0000	</row3>
				</transform>
			</node>
			<node>
				<identifier>	MP_FM955_Bollard_INDEX_2	</identifier>
				<transform>
					<row0>	0.9929 -0.0372 0.1133 0.0000	</row0>
					<row1>	0.0395 0.9991 -0.0179 0.0000	</row1>
					<row2>	-0.1126 0.0222 0.9934 0.0000	</row2>
					<row3>	0.2453 0.3784 3.1468 1.0000	</row3>
				</transform>
			</node>
			<node>
				<identifier>	MP_FM955_Bollard_INDEX_3	</identifier>
				<transform>
					<row0>	0.9808 -0.0416 0.1904 0.0000	</row0>
					<row1>	0.0458 0.9988 -0.0176 0.0000	</row1>
					<row2>	-0.1895 0.0260 0.9815 0.0000	</row2>
					<row3>	0.1741 0.3891 3.5597 1.0000	</row3>
				</transform>
			</node>
			<node>
				<identifier>	MP_FM955_Bollard_INDEX_4	</identifier>
				<transform>
					<row0>	0.9808 0.0416 -0.1904 0.0000	</row0>
					<row1>	-0.0458 0.9988 -0.0176 0.0000	</row1>
					<row2>	0.1895 0.0260 0.9815 0.0000	</row2>
					<row3>	-0.1741 0.3891 3.5597 1.0000	</row3>
				</transform>
			</node>
			<node>
				<identifier>	MP_FM955_Bollard_INDEX_5	</identifier>
				<transform>
					<row0>	0.9929 0.0372 -0.1133 0.0000	</row0>
					<row1>	-0.0395 0.9991 -0.0179 0.0000	</row1>
					<row2>	0.1126 0.0222 0.9934 0.0000	</row2>
					<row3>	-0.2453 0.3784 3.1468 1.0000	</row3>
				</transform>
			</node>
			<node>
				<identifier>	MP_FM955_Bollard_INDEX_6	</identifier>
				<transform>
					<row0>	0.9988 0.0487 0.0000 0.0000	</row0>
					<row1>	-0.0487 0.9988 -0.0026 0.0000	</row1>
					<row2>	0.0000 0.0026 1.0000 0.0000	</row2>
					<row3>	-0.3429 0.1939 0.2501 1.0000	</row3>
				</transform>
			</node>
			<node>
				<identifier>	MP_FM955_Bollard_INDEX_7	</identifier>
				<transform>
					<row0>	0.9988 -0.0487 0.0000 0.0000	</row0>
					<row1>	0.0487 0.9988 -0.0026 0.0000	</row1>
					<row2>	0.0000 0.0026 1.0000 0.0000	</row2>
					<row3>	0.3429 0.1939 0.2501 1.0000	</row3>
				</transform>
			</node>
			<node>
				<identifier>	MP_FM968_Chain_Winch	</identifier>
				<transform>
					<row0>	1.0000 0.0000 0.0000 0.0000	</row0>
					<row1>	0.0000 1.0000 0.0000 0.0000	</row1>
					<row2>	0.0000 0.0000 1.0000 0.0000	</row2>
					<row3>	0.0000 0.3918 3.0300 1.0000	</row3>
				</transform>
			</node>
			<node>
				<identifier>	MP_GM084_Telegraph	</identifier>
				<transform>
					<row0>	1.0000 0.0000 0.0000 0.0000	</row0>
					<row1>	0.0000 1.0000 0.0000 0.0000	</row1>
					<row2>	0.0000 0.0000 1.0000 0.0000	</row2>
					<row3>	0.0723 0.5456 1.8993 1.0000	</row3>
				</transform>
			</node>
			<node>
				<identifier>	SP_YMS011_YHWL_M_1_INDEX_3	</identifier>
				<transform>
					<row0>	0.9982 0.0582 -0.0123 0.0000	</row0>
					<row1>	-0.0582 0.9983 -0.0010 0.0000	</row1>
					<row2>	0.0122 0.0017 0.9999 0.0000	</row2>
					<row3>	-0.4102 -0.0114 0.3729 1.0000	</row3>
				</transform>
			</node>
			<node>
				<identifier>	SP_YMS011_YHWL_M_1_INDEX_6	</identifier>
				<transform>
					<row0>	0.9673 0.2271 -0.1132 0.0000	</row0>
					<row1>	-0.2262 0.9738 0.0211 0.0000	</row1>
					<row2>	0.1150 0.0052 0.9934 0.0000	</row2>
					<row3>	-0.3207 -0.0071 2.0445 1.0000	</row3>
				</transform>
			</node>
			<node>
				<identifier>	SP_YMS011_YHWL_M_1_INDEX_7	</identifier>
				<transform>
					<row0>	0.9807 0.1896 -0.0476 0.0000	</row0>
					<row1>	-0.1897 0.9818 0.0032 0.0000	</row1>
					<row2>	0.0473 0.0059 0.9989 0.0000	</row2>
					<row3>	-0.3866 -0.0114 1.2076 1.0000	</row3>
				</transform>
			</node>
			<node>
				<identifier>	SP_YMS012_YHWR_M_1_INDEX_2	</identifier>
				<transform>
					<row0>	0.9673 -0.2271 0.1132 0.0000	</row0>
					<row1>	0.2262 0.9738 0.0211 0.0000	</row1>
					<row2>	-0.1150 0.0052 0.9934 0.0000	</row2>
					<row3>	0.3207 -0.0071 2.0445 1.0000	</row3>
				</transform>
			</node>
			<node>
				<identifier>	SP_YMS012_YHWR_M_1_INDEX_3	</identifier>
				<transform>
					<row0>	0.9807 -0.1896 0.0476 0.0000	</row0>
					<row1>	0.1897 0.9818 0.0032 0.0000	</row1>
					<row2>	-0.0473 0.0059 0.9989 0.0000	</row2>
					<row3>	0.3866 -0.0114 1.2076 1.0000	</row3>
				</transform>
			</node>
			<node>
				<identifier>	SP_YMS012_YHWR_M_1_INDEX_6	</identifier>
				<transform>
					<row0>	0.9982 -0.0582 0.0123 0.0000	</row0>
					<row1>	0.0582 0.9983 -0.0010 0.0000	</row1>
					<row2>	-0.0122 0.0017 0.9999 0.0000	</row2>
					<row3>	0.4102 -0.0114 0.3729 1.0000	</row3>
				</transform>
			</node>
			<node>
				<identifier>	SP_YMS021_YHUC_S_1	</identifier>
				<transform>
					<row0>	-0.2844 -0.4880 0.0000 0.0000	</row0>
					<row1>	0.4880 -0.2844 0.0000 0.0000	</row1>
					<row2>	0.0000 0.0000 0.5649 0.0000	</row2>
					<row3>	0.3849 -0.1120 0.2448 1.0000	</row3>
				</transform>
			</node>
			<node>
				<identifier>	SP_YMS021_YHUC_S_1_INDEX_2	</identifier>
				<transform>
					<row0>	-0.2844 -0.4880 0.0000 0.0000	</row0>
					<row1>	0.4880 -0.2844 0.0000 0.0000	</row1>
					<row2>	0.0000 0.0000 0.5649 0.0000	</row2>
					<row3>	0.3685 -0.1120 0.9128 1.0000	</row3>
				</transform>
			</node>
			<node>
				<identifier>	SP_YMS021_YHUC_S_1_INDEX_3	</identifier>
				<transform>
					<row0>	-0.2844 0.4880 0.0000 0.0000	</row0>
					<row1>	-0.4880 -0.2844 0.0000 0.0000	</row1>
					<row2>	0.0000 0.0000 0.5649 0.0000	</row2>
					<row3>	-0.3685 -0.1120 0.9128 1.0000	</row3>
				</transform>
			</node>
			<node>
				<identifier>	SP_YMS021_YHUC_S_1_INDEX_5	</identifier>
				<transform>
					<row0>	-0.2844 0.4880 0.0000 0.0000	</row0>
					<row1>	-0.4880 -0.2844 0.0000 0.0000	</row1>
					<row2>	0.0000 0.0000 0.5649 0.0000	</row2>
					<row3>	-0.3849 -0.1120 0.2448 1.0000	</row3>
				</transform>
			</node>
			<node>
				<identifier>	SP_YMS041_YHCS_M_1	</identifier>
				<transform>
					<row0>	0.8727 0.0000 0.0000 0.0000	</row0>
					<row1>	0.0000 0.8727 0.0000 0.0000	</row1>
					<row2>	0.0000 0.0000 0.8727 0.0000	</row2>
					<row3>	0.3150 0.3198 1.0240 1.0000	</row3>
				</transform>
			</node>
			<node>
				<identifier>	SP_YMS041_YHCS_M_1_INDEX_1	</identifier>
				<transform>
