<WSB002_Karl_XIV_Johan_1952_Bow_ports.visual>
	<node>
		<identifier>	Scene Root	</identifier>
		<transform>
			<row0>	1.0000 0.0000 0.0000 0.0000	</row0>
			<row1>	0.0000 1.0000 0.0000 0.0000	</row1>
			<row2>	0.0000 0.0000 1.0000 0.0000	</row2>
			<row3>	0.0000 0.0000 0.0000 1.0000	</row3>
		</transform>
		<node>
			<identifier>	Bow_ports	</identifier>
			<transform>
				<row0>	1.0000 0.0000 0.0000 0.0000	</row0>
				<row1>	0.0000 1.0000 0.0000 0.0000	</row1>
				<row2>	0.0000 0.0000 1.0000 0.0000	</row2>
				<row3>	0.0000 0.0000 0.0000 1.0000	</row3>
			</transform>
			<node>
				<identifier>	HP_FX_Death_1	</identifier>
				<transform>
					<row0>	1.0000 0.0000 0.0000 0.0000	</row0>
					<row1>	0.0000 1.0000 0.0000 0.0000	</row1>
					<row2>	0.0000 0.0000 1.0000 0.0000	</row2>
					<row3>	0.0000 0.0000 4.5000 1.0000	</row3>
				</transform>
			</node>
			<node>
				<identifier>	HP_FX_Fire_1	</identifier>
				<transform>
					<row0>	1.0000 0.0000 0.0000 0.0000	</row0>
					<row1>	0.0000 1.0000 0.0000 0.0000	</row1>
					<row2>	0.0000 0.0000 1.0000 0.0000	</row2>
					<row3>	0.0000 0.4825 6.3581 1.0000	</row3>
				</transform>
			</node>
			<node>
				<identifier>	HP_FX_RepairLight_left_1	</identifier>
				<transform>
					<row0>	0.1230 0.0000 0.9924 0.0000	</row0>
					<row1>	0.0000 1.0000 0.0000 0.0000	</row1>
					<row2>	-0.9924 0.0000 0.1230 0.0000	</row2>
					<row3>	-0.6055 0.4680 5.7313 1.0000	</row3>
				</transform>
			</node>
			<node>
				<identifier>	HP_FX_WakeTrace	</identifier>
				<transform>
					<row0>	1.0000 0.0000 0.0000 0.0000	</row0>
					<row1>	0.0000 1.0000 0.0000 0.0000	</row1>
					<row2>	0.0000 0.0000 1.0000 0.0000	</row2>
					<row3>	0.0000 0.0000 8.5003 1.0000	</row3>
				</transform>
			</node>
			<node>
				<identifier>	HP_Ship_death_1	</identifier>
				<transform>
					<row0>	1.0000 0.0000 0.0000 0.0000	</row0>
					<row1>	0.0000 1.0000 0.0000 0.0000	</row1>
					<row2>	0.0000 0.0000 1.0000 0.0000	</row2>
					<row3>	0.0000 0.0000 4.4338 1.0000	</row3>
				</transform>
			</node>
			<node>
				<identifier>	HP_WGM_1	</identifier>
				<transform>
					<row0>	1.0000 0.0000 0.0000 0.0000	</row0>
					<row1>	0.0000 1.0000 0.0000 0.0000	</row1>
					<row2>	0.0000 0.0000 1.0000 0.0000	</row2>
					<row3>	0.0000 0.5052 4.8840 1.0000	</row3>
				</transform>
			</node>
			<node>
				<identifier>	MP_CM011_Fire_Fighting_Gear	</identifier>
				<transform>
					<row0>	-1.0000 0.0000 0.0000 0.0000	</row0>
					<row1>	0.0000 1.0000 0.0000 0.0000	</row1>
					<row2>	0.0000 0.0000 -1.0000 0.0000	</row2>
					<row3>	0.0000 0.4752 6.8094 1.0000	</row3>
				</transform>
			</node>
			<node>
				<identifier>	MP_CM011_Fire_Fighting_Gear_INDEX_1	</identifier>
				<transform>
					<row0>	0.0000 0.0000 -1.0000 0.0000	</row0>
					<row1>	0.0000 1.0000 0.0000 0.0000	</row1>
					<row2>	1.0000 0.0000 0.0000 0.0000	</row2>
					<row3>	-0.1328 0.4555 5.2842 1.0000	</row3>
				</transform>
			</node>
			<node>
				<identifier>	MP_CM011_Fire_Fighting_Gear_INDEX_2	</identifier>
				<transform>
					<row0>	0.0000 0.0000 1.0000 0.0000	</row0>
					<row1>	0.0000 1.0000 0.0000 0.0000	</row1>
					<row2>	-1.0000 0.0000 0.0000 0.0000	</row2>
					<row3>	0.1328 0.4555 5.2842 1.0000	</row3>
				</transform>
			</node>
			<node>
				<identifier>	MP_CM109_Leadsman_Platform	</identifier>
				<transform>
					<row0>	-0.2503 -0.9649 0.0801 0.0000	</row0>
					<row1>	-0.9425 0.2617 0.2077 0.0000	</row1>
					<row2>	-0.2214 -0.0235 -0.9749 0.0000	</row2>
					<row3>	-0.2167 0.5168 8.2686 1.0000	</row3>
				</transform>
			</node>
			<node>
				<identifier>	MP_CM109_Leadsman_Platform_INDEX_1	</identifier>
				<transform>
					<row0>	0.2503 -0.9649 0.0801 0.0000	</row0>
					<row1>	0.9425 0.2617 0.2077 0.0000	</row1>
					<row2>	-0.2214 0.0235 0.9749 0.0000	</row2>
					<row3>	0.2167 0.5168 8.2686 1.0000	</row3>
				</transform>
			</node>
			<node>
				<identifier>	MP_WM004_Life_buoy	</identifier>
				<transform>
					<row0>	0.0000 0.0000 -1.0000 0.0000	</row0>
					<row1>	0.0000 1.0000 0.0000 0.0000	</row1>
					<row2>	1.0000 0.0000 0.0000 0.0000	</row2>
					<row3>	-0.6594 0.5267 4.8905 1.0000	</row3>
				</transform>
			</node>
			<node>
				<identifier>	MP_WM004_Life_buoy_INDEX_1	</identifier>
				<transform>
					<row0>	0.0000 0.0000 1.0000 0.0000	</row0>
					<row1>	0.0000 1.0000 0.0000 0.0000	</row1>
					<row2>	-1.0000 0.0000 0.0000 0.0000	</row2>
					<row3>	0.6594 0.5267 4.8905 1.0000	</row3>
				</transform>
			</node>
			<node>
				<identifier>	MP_WM030_Fire_Hose_SW	</identifier>
				<transform>
					<row0>	0.9570 0.0000 0.2902 0.0000	</row0>
					<row1>	0.0000 1.0000 0.0000 0.0000	</row1>
					<row2>	-0.2902 0.0000 0.9570 0.0000	</row2>
					<row3>	-0.0973 0.4869 5.2758 1.0000	</row3>
				</transform>
			</node>
			<node>
				<identifier>	MP_WM030_Fire_Hose_SW_INDEX_1	</identifier>
				<transform>
					<row0>	1.0000 0.0000 0.0000 0.0000	</row0>
					<row1>	0.0000 1.0000 0.0000 0.0000	</row1>
					<row2>	0.0000 0.0000 1.0000 0.0000	</row2>
					<row3>	0.0000 0.4894 6.7628 1.0000	</row3>
				</transform>
			</node>
			<node>
				<identifier>	MP_WM030_Fire_Hose_SW_INDEX_2	</identifier>
				<transform>
					<row0>	0.9570 0.0000 -0.2902 0.0000	</row0>
					<row1>	0.0000 1.0000 0.0000 0.0000	</row1>
					<row2>	0.2902 0.0000 0.9570 0.0000	</row2>
					<row3>	0.0973 0.4869 5.2758 1.0000	</row3>
				</transform>
			</node>
			<node>
				<identifier>	MP_WM100_Reels_2	</identifier>
				<transform>
					<row0>	1.0000 0.0000 0.0000 0.0000	</row0>
					<row1>	0.0000 1.0000 0.0000 0.0000	</row1>
					<row2>	0.0000 0.0000 1.0000 0.0000	</row2>
					<row3>	0.2749 0.4600 5.4811 1.0000	</row3>
				</transform>
			</node>
			<node>
				<identifier>	MP_WM100_Reels_2_INDEX_1	</identifier>
				<transform>
					<row0>	1.0000 0.0000 0.0000 0.0000	</row0>
					<row1>	0.0000 1.0000 0.0000 0.0000	</row1>
					<row2>	0.0000 0.0000 1.0000 0.0000	</row2>
					<row3>	-0.2749 0.4600 5.4811 1.0000	</row3>
				</transform>
			</node>
			<node>
				<identifier>	MP_WM101_Reels_3	</identifier>
				<transform>
					<row0>	1.0000 0.0000 0.0000 0.0000	</row0>
					<row1>	0.0000 1.0000 0.0000 0.0000	</row1>
					<row2>	0.0000 0.0000 1.0000 0.0000	</row2>
					<row3>	-0.1267 0.4632 5.6269 1.0000	</row3>
				</transform>
			</node>
			<node>
				<identifier>	MP_WM101_Reels_3_INDEX_1	</identifier>
				<transform>
					<row0>	1.0000 0.0000 0.0000 0.0000	</row0>
					<row1>	0.0000 1.0000 0.0000 0.0000	</row1>
					<row2>	0.0000 0.0000 1.0000 0.0000	</row2>
					<row3>	0.1267 0.4632 5.6269 1.0000	</row3>
				</transform>
			</node>
			<node>
				<identifier>	MP_WM104_Bow_decoration	</identifier>
				<transform>
					<row0>	1.0000 0.0000 0.0000 0.0000	</row0>
					<row1>	0.0000 1.0000 0.0000 0.0000	</row1>
					<row2>	0.0000 0.0000 1.0000 0.0000	</row2>
					<row3>	0.0000 0.4766 8.5838 1.0000	</row3>
				</transform>
			</node>
			<node>
				<identifier>	MP_WM803_Ventilation_box	</identifier>
				<transform>
					<row0>	0.0000 0.0000 1.0000 0.0000	</row0>
					<row1>	0.0000 1.0000 0.0000 0.0000	</row1>
					<row2>	-1.0000 0.0000 0.0000 0.0000	</row2>
					<row3>	0.0452 0.4617 6.3053 1.0000	</row3>
				</transform>
			</node>
			<node>
				<identifier>	MP_WM803_Ventilation_box_INDEX_1	</identifier>
				<transform>
					<row0>	0.0000 0.0000 1.0000 0.0000	</row0>
					<row1>	0.0000 1.0000 0.0000 0.0000	</row1>
					<row2>	-1.0000 0.0000 0.0000 0.0000	</row2>
					<row3>	-0.4299 0.4522 5.0921 1.0000	</row3>
				</transform>
			</node>
			<node>
				<identifier>	MP_WM803_Ventilation_box_INDEX_2	</identifier>
				<transform>
					<row0>	0.0000 0.0000 1.0000 0.0000	</row0>
					<row1>	0.0000 1.0000 0.0000 0.0000	</row1>
					<row2>	-1.0000 0.0000 0.0000 0.0000	</row2>
					<row3>	0.4299 0.4522 5.0921 1.0000	</row3>
				</transform>
			</node>
			<node>
				<identifier>	MP_WM803_Ventilation_box_INDEX_3	</identifier>
				<transform>
					<row0>	0.0000 0.0000 1.0000 0.0000	</row0>
					<row1>	0.0000 1.0000 0.0000 0.0000	</row1>
					<row2>	-1.0000 0.0000 0.0000 0.0000	</row2>
					<row3>	-0.0453 0.4656 6.5264 1.0000	</row3>
				</transform>
			</node>
			<node>
				<identifier>	MP_WM957_Hall_Anchor_bottom	</identifier>
				<transform>
					<row0>	0.9961 0.0760 0.0441 0.0000	</row0>
					<row1>	0.0454 -0.0161 -0.9988 0.0000	</row1>
					<row2>	-0.0752 0.9970 -0.0195 0.0000	</row2>
					<row3>	-0.1901 0.5136 8.0154 1.0000	</row3>
				</transform>
			</node>
			<node>
				<identifier>	MP_WM957_Hall_Anchor_bottom_INDEX_1	</identifier>
				<transform>
					<row0>	0.9961 -0.0760 -0.0441 0.0000	</row0>
					<row1>	-0.0454 -0.0161 -0.9988 0.0000	</row1>
					<row2>	0.0752 0.9970 -0.0195 0.0000	</row2>
					<row3>	0.1901 0.5136 8.0154 1.0000	</row3>
				</transform>
			</node>
			<node>
				<identifier>	MP_WM958_Hall_Anchor_up	</identifier>
				<transform>
					<row0>	0.9961 0.0759 0.0442 0.0000	</row0>
					<row1>	0.0450 -0.0085 -0.9990 0.0000	</row1>
					<row2>	-0.0755 0.9971 -0.0119 0.0000	</row2>
					<row3>	-0.1901 0.5136 8.0154 1.0000	</row3>
				</transform>
			</node>
			<node>
				<identifier>	MP_WM958_Hall_Anchor_up_INDEX_1	</identifier>
				<transform>
					<row0>	0.9961 -0.0759 -0.0442 0.0000	</row0>
					<row1>	-0.0450 -0.0085 -0.9990 0.0000	</row1>
					<row2>	0.0755 0.9971 -0.0119 0.0000	</row2>
					<row3>	0.1901 0.5136 8.0154 1.0000	</row3>
				</transform>
			</node>
			<node>
				<identifier>	SP_YMS001_YHBM_M_1_INDEX_1	</identifier>
				<transform>
					<row0>	1.2165 0.0000 0.0000 0.0000	</row0>
					<row1>	0.0000 1.2165 0.0000 0.0000	</row1>
					<row2>	0.0000 0.0000 1.2165 0.0000	</row2>
					<row3>	0.0000 0.5260 8.7065 1.0000	</row3>
				</transform>
			</node>
			<node>
				<identifier>	SP_YMS002_YHBL_M_1	</identifier>
				<transform>
					<row0>	1.0584 -0.0027 -0.0963 0.0000	</row0>
					<row1>	-0.0039 1.0603 -0.0723 0.0000	</row1>
					<row2>	0.0962 0.0724 1.0560 0.0000	</row2>
					<row3>	0.0000 0.5566 8.6979 1.0000	</row3>
				</transform>
			</node>
			<node>
				<identifier>	SP_YMS003_YHBR_M_1	</identifier>
				<transform>
					<row0>	1.0584 0.0027 0.0963 0.0000	</row0>
					<row1>	0.0039 1.0603 -0.0723 0.0000	</row1>
					<row2>	-0.0962 0.0724 1.0560 0.0000	</row2>
					<row3>	0.0000 0.5566 8.6979 1.0000	</row3>
				</transform>
			</node>
			<node>
				<identifier>	SP_YMS004_YHXL_L_1	</identifier>
				<transform>
					<row0>	0.8924 0.3803 -0.1457 0.0000	</row0>
					<row1>	-0.3855 0.9020 -0.0063 0.0000	</row1>
					<row2>	0.1315 0.0630 0.9700 0.0000	</row2>
					<row3>	-0.2836 0.3534 7.4419 1.0000	</row3>
				</transform>
			</node>
			<node>
				<identifier>	SP_YMS005_YHXR_L_1	</identifier>
				<transform>
					<row0>	0.8924 -0.3803 0.1457 0.0000	</row0>
					<row1>	0.3855 0.9020 -0.0063 0.0000	</row1>
					<row2>	-0.1315 0.0630 0.9700 0.0000	</row2>
					<row3>	0.2844 0.3550 7.4228 1.0000	</row3>
				</transform>
			</node>
			<node>
				<identifier>	SP_YMS010_YHWM_L_1	</identifier>
				<transform>
					<row0>	0.6950 0.0000 0.0000 0.0000	</row0>
					<row1>	0.0000 0.6950 0.0000 0.0000	</row1>
					<row2>	0.0000 0.0000 0.6950 0.0000	</row2>
					<row3>	0.0000 0.0000 8.5005 1.0000	</row3>
				</transform>
			</node>
			<node>
				<identifier>	SP_YMS011_YHWL_M_1_INDEX_10	</identifier>
				<transform>
					<row0>	0.9681 0.1953 -0.1571 0.0000	</row0>
					<row1>	-0.1929 0.9807 0.0304 0.0000	</row1>
					<row2>	0.1600 0.0009 0.9871 0.0000	</row2>
					<row3>	-0.5010 -0.0171 5.5211 1.0000	</row3>
				</transform>
			</node>
			<node>
				<identifier>	SP_YMS011_YHWL_M_1_INDEX_16	</identifier>
				<transform>
					<row0>	0.9750 0.1602 -0.1537 0.0000	</row0>
					<row1>	-0.1604 0.9870 0.0112 0.0000	</row1>
					<row2>	0.1535 0.0137 0.9881 0.0000	</row2>
					<row3>	-0.2371 -0.0058 7.1990 1.0000	</row3>
				</transform>
			</node>
			<node>
				<identifier>	SP_YMS011_YHWL_M_1_INDEX_2	</identifier>
				<transform>
					<row0>	0.9717 0.1834 -0.1487 0.0000	</row0>
					<row1>	-0.1811 0.9830 0.0286 0.0000	</row1>
					<row2>	0.1515 -0.0008 0.9885 0.0000	</row2>
					<row3>	-0.6330 -0.0165 4.6826 1.0000	</row3>
				</transform>
			</node>
			<node>
				<identifier>	SP_YMS011_YHWL_M_1_INDEX_4	</identifier>
				<transform>
					<row0>	0.9720 0.1731 -0.1589 0.0000	</row0>
					<row1>	-0.1721 0.9849 0.0202 0.0000	</row1>
					<row2>	0.1600 0.0078 0.9871 0.0000	</row2>
					<row3>	-0.3678 -0.0148 6.3608 1.0000	</row3>
				</transform>
			</node>
			<node>
				<identifier>	SP_YMS012_YHWR_M_1	</identifier>
				<transform>
					<row0>	0.9717 -0.1834 0.1487 0.0000	</row0>
					<row1>	0.1811 0.9830 0.0286 0.0000	</row1>
					<row2>	-0.1515 -0.0008 0.9885 0.0000	</row2>
					<row3>	0.6333 -0.0170 4.6829 1.0000	</row3>
				</transform>
			</node>
			<node>
				<identifier>	SP_YMS012_YHWR_M_1_INDEX_17	</identifier>
				<transform>
					<row0>	0.9681 -0.1953 0.1571 0.0000	</row0>
					<row1>	0.1929 0.9807 0.0304 0.0000	</row1>
					<row2>	-0.1600 0.0009 0.9871 0.0000	</row2>
					<row3>	0.4998 -0.0212 5.5209 1.0000	</row3>
				</transform>
			</node>
			<node>
				<identifier>	SP_YMS012_YHWR_M_1_INDEX_18	</identifier>
				<transform>
					<row0>	0.9720 -0.1731 0.1589 0.0000	</row0>
					<row1>	0.1721 0.9849 0.0202 0.0000	</row1>
					<row2>	-0.1600 0.0078 0.9871 0.0000	</row2>
					<row3>	0.3650 -0.0180 6.3608 1.0000	</row3>
				</transform>
			</node>
			<node>
				<identifier>	SP_YMS012_YHWR_M_1_INDEX_6	</identifier>
				<transform>
					<row0>	0.9750 -0.1602 0.1537 0.0000	</row0>
					<row1>	0.1604 0.9870 0.0112 0.0000	</row1>
					<row2>	-0.1535 0.0137 0.9881 0.0000	</row2>
					<row3>	0.2371 -0.0058 7.1990 1.0000	</row3>
				</transform>
			</node>
			<node>
				<identifier>	SP_YMS020_YHBU_M_1	</identifier>
				<transform>
					<row0>	1.4147 0.0000 0.0000 0.0000	</row0>
					<row1>	0.0000 1.4147 0.0000 0.0000	</row1>
					<row2>	0.0000 0.0000 1.4147 0.0000	</row2>
					<row3>	0.0000 -0.1570 8.3247 1.0000	</row3>
				</transform>
			</node>
			<node>
				<identifier>	SP_YMS022_YHUS_L_1	</identifier>
				<transform>
					<row0>	-0.2099 -0.0046 1.6173 0.0000	</row0>
					<row1>	0.4368 1.5701 0.0611 0.0000	</row1>
					<row2>	-1.5572 0.4410 -0.2008 0.0000	</row2>
					<row3>	0.3184 -0.5760 5.3747 1.0000	</row3>
				</transform>
			</node>
			<node>
				<identifier>	SP_YMS022_YHUS_L_1_INDEX_3	</identifier>
				<transform>
					<row0>	-0.2099 0.0046 -1.6173 0.0000	</row0>
					<row1>	-0.4368 1.5701 0.0611 0.0000	</row1>
					<row2>	1.5572 0.4410 -0.2008 0.0000	</row2>
					<row3>	-0.3182 -0.5753 5.3796 1.0000	</row3>
				</transform>
			</node>
			<node>
				<identifier>	SP_YMS051_YHDL_L_1	</identifier>
				<transform>
					<row0>	1.2956 0.0000 -0.0628 0.0000	</row0>
					<row1>	0.0000 1.2972 0.0000 0.0000	</row1>
					<row2>	0.0628 0.0000 1.2956 0.0000	</row2>
					<row3>	-0.6858 0.4504 4.9218 1.0000	</row3>
				</transform>
			</node>
			<node>
				<identifier>	SP_YMS052_YHDR_L_1	</identifier>
				<transform>
					<row0>	1.2956 0.0000 0.0628 0.0000	</row0>
					<row1>	0.0000 1.2972 0.0000 0.0000	</row1>
					<row2>	-0.0628 0.0000 1.2956 0.0000	</row2>
					<row3>	0.6858 0.4504 4.9218 1.0000	</row3>
				</transform>
			</node>
			<node>
				<identifier>	SP_YMS053_YHDC_S_1	</identifier>
				<transform>
					<row0>	0.9161 0.0000 0.0000 0.0000	</row0>
					<row1>	0.0000 0.9161 0.0000 0.0000	</row1>
					<row2>	0.0000 0.0000 0.9161 0.0000	</row2>
					<row3>	-0.3847 0.4768 6.2521 1.0000	</row3>
				</transform>
			</node>
			<node>
				<identifier>	SP_YMS053_YHDC_S_1_INDEX_13	</identifier>
				<transform>
					<row0>	0.0000 0.0000 0.9161 0.0000	</row0>
					<row1>	0.0000 0.9161 0.0000 0.0000	</row1>
					<row2>	-0.9161 0.0000 0.0000 0.0000	</row2>
					<row3>	0.0000 0.4899 6.9691 1.0000	</row3>
				</transform>
			</node>
			<node>
				<identifier>	SP_YMS053_YHDC_S_1_INDEX_14	</identifier>
				<transform>
					<row0>	0.9161 0.0000 0.0000 0.0000	</row0>
					<row1>	0.0000 0.9161 0.0000 0.0000	</row1>
					<row2>	0.0000 0.0000 0.9161 0.0000	</row2>
					<row3>	-0.5338 0.4688 4.9272 1.0000	</row3>
				</transform>
			</node>
			<node>
				<identifier>	SP_YMS053_YHDC_S_1_INDEX_17	</identifier>
				<transform>
					<row0>	0.9161 0.0000 0.0000 0.0000	</row0>
					<row1>	0.0000 0.9161 0.0000 0.0000	</row1>
					<row2>	0.0000 0.0000 0.9161 0.0000	</row2>
					<row3>	0.5338 0.4688 4.9272 1.0000	</row3>
				</transform>
			</node>
			<node>
				<identifier>	SP_YMS053_YHDC_S_1_INDEX_6	</identifier>
				<transform>
					<row0>	0.9161 0.0000 0.0000 0.0000	</row0>
					<row1>	0.0000 0.9161 0.0000 0.0000	</row1>
					<row2>	0.0000 0.0000 0.9161 0.0000	</row2>
					<row3>	0.3847 0.4767 6.2524 1.0000	</row3>
				</transform>
			</node>
			<node>
				<identifier>	SP_YMS072_YHHC_M_1_INDEX_2	</identifier>
				<transform>
					<row0>	-0.1037 0.0000 0.7103 0.0000	</row0>
					<row1>	0.1981 0.6894 0.0289 0.0000	</row1>
					<row2>	-0.6821 0.2002 -0.0995 0.0000	</row2>
					<row3>	0.4011 0.2313 6.4043 1.0000	</row3>
				</transform>
			</node>
			<node>
				<identifier>	SP_YMS072_YHHC_M_1_INDEX_3	</identifier>
				<transform>
					<row0>	-0.1037 0.0000 -0.7103 0.0000	</row0>
					<row1>	-0.1560 0.7003 0.0228 0.0000	</row1>
					<row2>	0.6930 0.1576 -0.1011 0.0000	</row2>
					<row3>	-0.6190 0.1637 4.8808 1.0000	</row3>
				</transform>
			</node>
			<node>
				<identifier>	SP_YMS072_YHHC_M_1_INDEX_4	</identifier>
				<transform>
					<row0>	-0.1037 0.0000 -0.7103 0.0000	</row0>
					<row1>	-0.1981 0.6894 0.0289 0.0000	</row1>
					<row2>	0.6821 0.2002 -0.0995 0.0000	</row2>
					<row3>	-0.4011 0.2313 6.4043 1.0000	</row3>
				</transform>
			</node>
			<node>
				<identifier>	SP_YMS072_YHHC_M_1_INDEX_7	</identifier>
				<transform>
					<row0>	-0.1037 0.0000 0.7103 0.0000	</row0>
					<row1>	0.1560 0.7003 0.0228 0.0000	</row1>
					<row2>	-0.6930 0.1576 -0.1011 0.0000	</row2>
					<row3>	0.6190 0.1637 4.8808 1.0000	</row3>
				</transform>
			</node>
			<node>
				<identifier>	SP_YMS073_YHHC_M_2	</identifier>
				<transform>
					<row0>	-0.1013 0.0000 -0.6940 0.0000	</row0>
					<row1>	-0.1927 0.6737 0.0281 0.0000	</row1>
					<row2>	0.6667 0.1947 -0.0973 0.0000	</row2>
					<row3>	-0.3341 0.2287 6.8337 1.0000	</row3>
				</transform>
			</node>
			<node>
				<identifier>	SP_YMS073_YHHC_M_2_INDEX_3	</identifier>
				<transform>
					<row0>	-0.1013 0.0000 0.6940 0.0000	</row0>
					<row1>	0.1524 0.6842 0.0222 0.0000	</row1>
					<row2>	-0.6770 0.1540 -0.0988 0.0000	</row2>
					<row3>	0.5778 0.1637 5.1708 1.0000	</row3>
				</transform>
			</node>
			<node>
				<identifier>	SP_YMS073_YHHC_M_2_INDEX_6	</identifier>
				<transform>
					<row0>	-0.1013 0.0000 0.6940 0.0000	</row0>
					<row1>	0.1927 0.6737 0.0281 0.0000	</row1>
					<row2>	-0.6667 0.1947 -0.0973 0.0000	</row2>
					<row3>	0.3341 0.2287 6.8337 1.0000	</row3>
				</transform>
			</node>
			<node>
				<identifier>	SP_YMS073_YHHC_M_2_INDEX_7	</identifier>
				<transform>
					<row0>	-0.1013 0.0000 -0.6940 0.0000	</row0>
					<row1>	-0.1524 0.6842 0.0222 0.0000	</row1>
					<row2>	0.6770 0.1540 -0.0988 0.0000	</row2>
					<row3>	-0.5778 0.1637 5.1708 1.0000	</row3>
				</transform>
			</node>
			<node>
				<identifier>	SP_YMS080_YHSL_M_1_INDEX_2	</identifier>
				<transform>
					<row0>	0.9513 0.2682 -0.1520 0.0000	</row0>
					<row1>	-0.2639 0.9634 0.0479 0.0000	</row1>
					<row2>	0.1593 -0.0055 0.9872 0.0000	</row2>
					<row3>	-0.5134 0.2358 5.8530 1.0000	</row3>
				</transform>
			</node>
			<node>
				<identifier>	SP_YMS081_YHSR_M_1	</identifier>
				<transform>
					<row0>	0.9513 -0.2682 0.1520 0.0000	</row0>
					<row1>	0.2639 0.9634 0.0479 0.0000	</row1>
					<row2>	-0.1593 -0.0055 0.9872 0.0000	</row2>
					<row3>	0.5134 0.2358 5.8530 1.0000	</row3>
				</transform>
			</node>
		</node>
	</node>
	<boundingBox>
		<min>	-0.0667 -0.0667 -0.0667	</min>
		<max>	0.0667 0.0667 0.0667	</max>
	</boundingBox>
</WSB002_Karl_XIV_Johan_1952_Bow_ports.visual>
