<JAD703_D4Y2_proto_lod2.visual>
	<node>
		<identifier>	Scene Root	</identifier>
		<transform>
			<row0>	1.0000 0.0000 0.0000 0.0000	</row0>
			<row1>	0.0000 1.0000 0.0000 0.0000	</row1>
			<row2>	0.0000 0.0000 1.0000 0.0000	</row2>
			<row3>	0.0000 0.0000 0.0000 1.0000	</row3>
		</transform>
		<node>
			<identifier>	Hull	</identifier>
			<transform>
				<row0>	1.0000 0.0000 0.0000 0.0000	</row0>
				<row1>	0.0000 1.0000 0.0000 0.0000	</row1>
				<row2>	0.0000 0.0000 1.0000 0.0000	</row2>
				<row3>	0.0000 0.0000 0.0000 1.0000	</row3>
			</transform>
			<node>
				<identifier>	chassis_on_BlendBone	</identifier>
				<transform>
					<row0>	1.0000 0.0000 0.0000 0.0000	</row0>
					<row1>	0.0000 1.0000 0.0000 0.0000	</row1>
					<row2>	0.0000 0.0000 1.0000 0.0000	</row2>
					<row3>	0.0000 0.0000 0.0000 1.0000	</row3>
				</transform>
			</node>
			<node>
				<identifier>	propeller_mod_r	</identifier>
				<transform>
					<row0>	1.0000 0.0000 0.0000 0.0000	</row0>
					<row1>	0.0000 1.0000 0.0000 0.0000	</row1>
					<row2>	0.0000 0.0000 1.0000 0.0000	</row2>
					<row3>	0.0000 0.1373 0.1598 1.0000	</row3>
				</transform>
				<node>
					<identifier>	disc	</identifier>
					<transform>
						<row0>	1.0000 0.0000 0.0000 0.0000	</row0>
						<row1>	0.0000 1.0000 0.0000 0.0000	</row1>
						<row2>	0.0000 0.0000 1.0000 0.0000	</row2>
						<row3>	0.0000 0.0000 0.0000 1.0000	</row3>
					</transform>
					<node>
						<identifier>	disc_cap	</identifier>
						<transform>
							<row0>	1.0000 0.0000 0.0000 0.0000	</row0>
							<row1>	0.0000 1.0000 0.0000 0.0000	</row1>
							<row2>	0.0000 0.0000 1.0000 0.0000	</row2>
							<row3>	0.0000 0.0000 0.0000 1.0000	</row3>
						</transform>
					</node>
				</node>
				<node>
					<identifier>	mod	</identifier>
					<transform>
						<row0>	1.0000 0.0000 0.0000 0.0000	</row0>
						<row1>	0.0000 1.0000 0.0000 0.0000	</row1>
						<row2>	0.0000 0.0000 1.0000 0.0000	</row2>
						<row3>	0.0000 0.0000 0.0000 1.0000	</row3>
					</transform>
				</node>
			</node>
		</node>
		<node>
			<identifier>	Root	</identifier>
			<transform>
				<row0>	1.0000 0.0000 0.0000 0.0000	</row0>
				<row1>	0.0000 1.0000 0.0000 0.0000	</row1>
				<row2>	0.0000 0.0000 1.0000 0.0000	</row2>
				<row3>	0.0000 0.0000 0.0000 1.0000	</row3>
			</transform>
			<node>
				<identifier>	HP_Air_bomb_1	</identifier>
				<transform>
					<row0>	1.0000 0.0000 0.0000 0.0000	</row0>
					<row1>	0.0000 1.0000 0.0000 0.0000	</row1>
					<row2>	0.0000 0.0000 1.0000 0.0000	</row2>
					<row3>	0.0000 0.0989 -0.0268 1.0000	</row3>
				</transform>
			</node>
			<node>
				<identifier>	HP_Air_break_1	</identifier>
				<transform>
					<row0>	0.9905 -0.0848 -0.1085 0.0000	</row0>
					<row1>	0.0853 0.9964 0.0000 0.0000	</row1>
					<row2>	0.1081 -0.0093 0.9941 0.0000	</row2>
					<row3>	-0.1279 0.1100 -0.0946 1.0000	</row3>
				</transform>
			</node>
			<node>
				<identifier>	HP_Air_break_2	</identifier>
				<transform>
					<row0>	0.9905 0.0848 0.1085 0.0000	</row0>
					<row1>	-0.0853 0.9964 0.0000 0.0000	</row1>
					<row2>	-0.1081 -0.0093 0.9941 0.0000	</row2>
					<row3>	0.1279 0.1100 -0.0946 1.0000	</row3>
				</transform>
			</node>
			<node>
				<identifier>	HP_Air_death_1	</identifier>
				<transform>
					<row0>	1.0000 0.0000 0.0000 0.0000	</row0>
					<row1>	0.0000 1.0000 0.0000 0.0000	</row1>
					<row2>	0.0000 0.0000 1.0000 0.0000	</row2>
					<row3>	0.0000 0.1444 0.0893 1.0000	</row3>
				</transform>
			</node>
			<node>
				<identifier>	HP_Air_enginelight_1	</identifier>
				<transform>
					<row0>	0.9980 0.0000 0.0639 0.0000	</row0>
					<row1>	0.0000 1.0000 0.0000 0.0000	</row1>
					<row2>	-0.0639 0.0000 0.9980 0.0000	</row2>
					<row3>	0.0372 0.1271 0.0486 1.0000	</row3>
				</transform>
			</node>
			<node>
				<identifier>	HP_Air_enginelight_10	</identifier>
				<transform>
					<row0>	0.9980 0.0000 -0.0639 0.0000	</row0>
					<row1>	0.0000 1.0000 0.0000 0.0000	</row1>
					<row2>	0.0639 0.0000 0.9980 0.0000	</row2>
					<row3>	-0.0339 0.1271 0.1007 1.0000	</row3>
				</transform>
			</node>
			<node>
				<identifier>	HP_Air_enginelight_11	</identifier>
				<transform>
					<row0>	0.9980 0.0000 -0.0639 0.0000	</row0>
					<row1>	0.0000 1.0000 0.0000 0.0000	</row1>
					<row2>	0.0639 0.0000 0.9980 0.0000	</row2>
					<row3>	-0.0364 0.1271 0.0617 1.0000	</row3>
				</transform>
			</node>
			<node>
				<identifier>	HP_Air_enginelight_12	</identifier>
				<transform>
					<row0>	0.9980 0.0000 -0.0639 0.0000	</row0>
					<row1>	0.0000 1.0000 0.0000 0.0000	</row1>
					<row2>	0.0639 0.0000 0.9980 0.0000	</row2>
					<row3>	-0.0356 0.1271 0.0750 1.0000	</row3>
				</transform>
			</node>
			<node>
				<identifier>	HP_Air_enginelight_2	</identifier>
				<transform>
					<row0>	0.9980 0.0000 0.0639 0.0000	</row0>
					<row1>	0.0000 1.0000 0.0000 0.0000	</row1>
					<row2>	-0.0639 0.0000 0.9980 0.0000	</row2>
					<row3>	0.0364 0.1271 0.0617 1.0000	</row3>
				</transform>
			</node>
			<node>
				<identifier>	HP_Air_enginelight_3	</identifier>
				<transform>
					<row0>	0.9980 0.0000 0.0639 0.0000	</row0>
					<row1>	0.0000 1.0000 0.0000 0.0000	</row1>
					<row2>	-0.0639 0.0000 0.9980 0.0000	</row2>
					<row3>	0.0355 0.1271 0.0750 1.0000	</row3>
				</transform>
			</node>
			<node>
				<identifier>	HP_Air_enginelight_4	</identifier>
				<transform>
					<row0>	0.9980 0.0000 0.0639 0.0000	</row0>
					<row1>	0.0000 1.0000 0.0000 0.0000	</row1>
					<row2>	-0.0639 0.0000 0.9980 0.0000	</row2>
					<row3>	0.0347 0.1271 0.0879 1.0000	</row3>
				</transform>
			</node>
			<node>
				<identifier>	HP_Air_enginelight_5	</identifier>
				<transform>
					<row0>	0.9980 0.0000 0.0639 0.0000	</row0>
					<row1>	0.0000 1.0000 0.0000 0.0000	</row1>
					<row2>	-0.0639 0.0000 0.9980 0.0000	</row2>
					<row3>	0.0339 0.1271 0.1007 1.0000	</row3>
				</transform>
			</node>
			<node>
				<identifier>	HP_Air_enginelight_6	</identifier>
				<transform>
					<row0>	0.9980 0.0000 0.0639 0.0000	</row0>
					<row1>	0.0000 1.0000 0.0000 0.0000	</row1>
					<row2>	-0.0639 0.0000 0.9980 0.0000	</row2>
					<row3>	0.0331 0.1271 0.1136 1.0000	</row3>
				</transform>
			</node>
			<node>
				<identifier>	HP_Air_enginelight_7	</identifier>
				<transform>
					<row0>	0.9980 0.0000 -0.0639 0.0000	</row0>
					<row1>	0.0000 1.0000 0.0000 0.0000	</row1>
					<row2>	0.0639 0.0000 0.9980 0.0000	</row2>
					<row3>	-0.0331 0.1271 0.1136 1.0000	</row3>
				</transform>
			</node>
			<node>
				<identifier>	HP_Air_enginelight_8	</identifier>
				<transform>
					<row0>	0.9980 0.0000 -0.0639 0.0000	</row0>
					<row1>	0.0000 1.0000 0.0000 0.0000	</row1>
					<row2>	0.0639 0.0000 0.9980 0.0000	</row2>
					<row3>	-0.0372 0.1271 0.0486 1.0000	</row3>
				</transform>
			</node>
			<node>
				<identifier>	HP_Air_enginelight_9	</identifier>
				<transform>
					<row0>	0.9980 0.0000 -0.0639 0.0000	</row0>
					<row1>	0.0000 1.0000 0.0000 0.0000	</row1>
					<row2>	0.0639 0.0000 0.9980 0.0000	</row2>
					<row3>	-0.0348 0.1271 0.0879 1.0000	</row3>
				</transform>
			</node>
			<node>
				<identifier>	HP_Air_fire_1	</identifier>
				<transform>
					<row0>	1.0000 0.0000 0.0000 0.0000	</row0>
					<row1>	0.0000 1.0000 0.0000 0.0000	</row1>
					<row2>	0.0000 0.0000 1.0000 0.0000	</row2>
					<row3>	-0.0356 0.1271 0.0750 1.0000	</row3>
				</transform>
			</node>
			<node>
				<identifier>	HP_Air_fire_2	</identifier>
				<transform>
					<row0>	1.0000 0.0000 0.0000 0.0000	</row0>
					<row1>	0.0000 1.0000 0.0000 0.0000	</row1>
					<row2>	0.0000 0.0000 1.0000 0.0000	</row2>
					<row3>	0.0356 0.1271 0.0750 1.0000	</row3>
				</transform>
			</node>
			<node>
				<identifier>	HP_Air_fire_3	</identifier>
				<transform>
					<row0>	1.0000 0.0000 0.0000 0.0000	</row0>
					<row1>	0.0000 1.0000 0.0000 0.0000	</row1>
					<row2>	0.0000 0.0000 1.0000 0.0000	</row2>
					<row3>	0.0961 0.1187 0.0126 1.0000	</row3>
				</transform>
			</node>
			<node>
				<identifier>	HP_Air_fire_4	</identifier>
				<transform>
					<row0>	1.0000 0.0000 0.0000 0.0000	</row0>
					<row1>	0.0000 1.0000 0.0000 0.0000	</row1>
					<row2>	0.0000 0.0000 1.0000 0.0000	</row2>
					<row3>	0.1897 0.1235 0.0063 1.0000	</row3>
				</transform>
			</node>
			<node>
				<identifier>	HP_Air_fire_5	</identifier>
				<transform>
					<row0>	1.0000 0.0000 0.0000 0.0000	</row0>
					<row1>	0.0000 1.0000 0.0000 0.0000	</row1>
					<row2>	0.0000 0.0000 1.0000 0.0000	</row2>
					<row3>	0.3073 0.1305 -0.0022 1.0000	</row3>
				</transform>
			</node>
			<node>
				<identifier>	HP_Air_fire_6	</identifier>
				<transform>
					<row0>	1.0000 0.0000 0.0000 0.0000	</row0>
					<row1>	0.0000 1.0000 0.0000 0.0000	</row1>
					<row2>	0.0000 0.0000 1.0000 0.0000	</row2>
					<row3>	-0.0961 0.1187 0.0126 1.0000	</row3>
				</transform>
			</node>
			<node>
				<identifier>	HP_Air_fire_7	</identifier>
				<transform>
					<row0>	1.0000 0.0000 0.0000 0.0000	</row0>
					<row1>	0.0000 1.0000 0.0000 0.0000	</row1>
					<row2>	0.0000 0.0000 1.0000 0.0000	</row2>
					<row3>	-0.3073 0.1305 -0.0022 1.0000	</row3>
				</transform>
			</node>
			<node>
				<identifier>	HP_Air_fire_8	</identifier>
				<transform>
					<row0>	1.0000 0.0000 0.0000 0.0000	</row0>
					<row1>	0.0000 1.0000 0.0000 0.0000	</row1>
					<row2>	0.0000 0.0000 1.0000 0.0000	</row2>
					<row3>	-0.1897 0.1235 0.0063 1.0000	</row3>
				</transform>
			</node>
			<node>
				<identifier>	HP_Air_fire_9	</identifier>
				<transform>
					<row0>	1.0000 0.0000 0.0000 0.0000	</row0>
					<row1>	0.0000 1.0000 0.0000 0.0000	</row1>
					<row2>	0.0000 0.0000 1.0000 0.0000	</row2>
					<row3>	0.0000 0.1280 -0.4412 1.0000	</row3>
				</transform>
			</node>
			<node>
				<identifier>	HP_Air_flytrail_1	</identifier>
				<transform>
					<row0>	1.0000 0.0000 0.0000 0.0000	</row0>
					<row1>	0.0000 1.0000 0.0000 0.0000	</row1>
					<row2>	0.0000 0.0000 1.0000 0.0000	</row2>
					<row3>	-0.3823 0.1335 -0.0399 1.0000	</row3>
				</transform>
			</node>
			<node>
				<identifier>	HP_Air_flytrail_2	</identifier>
				<transform>
					<row0>	1.0000 0.0000 0.0000 0.0000	</row0>
					<row1>	0.0000 1.0000 0.0000 0.0000	</row1>
					<row2>	0.0000 0.0000 1.0000 0.0000	</row2>
					<row3>	0.3822 0.1335 -0.0399 1.0000	</row3>
				</transform>
			</node>
			<node>
				<identifier>	HP_Air_gunfire_1	</identifier>
				<transform>
					<row0>	0.9971 0.0000 -0.0765 0.0000	</row0>
					<row1>	0.0023 0.9995 0.0306 0.0000	</row1>
					<row2>	0.0765 -0.0307 0.9966 0.0000	</row2>
					<row3>	-0.0181 0.1633 0.0958 1.0000	</row3>
				</transform>
			</node>
			<node>
				<identifier>	HP_Air_gunfire_2	</identifier>
				<transform>
					<row0>	0.9971 0.0000 0.0765 0.0000	</row0>
					<row1>	0.0023 0.9995 -0.0306 0.0000	</row1>
					<row2>	-0.0765 0.0307 0.9966 0.0000	</row2>
					<row3>	0.0180 0.1633 0.0958 1.0000	</row3>
				</transform>
			</node>
			<node>
				<identifier>	HP_Air_ricochet_1	</identifier>
				<transform>
					<row0>	1.0000 0.0000 0.0000 0.0000	</row0>
					<row1>	0.0000 1.0000 0.0000 0.0000	</row1>
					<row2>	0.0000 0.0000 1.0000 0.0000	</row2>
					<row3>	-0.2031 0.1308 -0.0581 1.0000	</row3>
				</transform>
			</node>
			<node>
				<identifier>	HP_Air_ricochet_2	</identifier>
				<transform>
					<row0>	1.0000 0.0000 0.0000 0.0000	</row0>
					<row1>	0.0000 1.0000 0.0000 0.0000	</row1>
					<row2>	0.0000 0.0000 1.0000 0.0000	</row2>
					<row3>	0.2031 0.1308 -0.0581 1.0000	</row3>
				</transform>
			</node>
			<node>
				<identifier>	HP_Air_ricochet_3	</identifier>
				<transform>
					<row0>	1.0000 0.0000 0.0000 0.0000	</row0>
					<row1>	0.0000 1.0000 0.0000 0.0000	</row1>
					<row2>	0.0000 0.0000 1.0000 0.0000	</row2>
					<row3>	-0.0298 0.1260 -0.1847 1.0000	</row3>
				</transform>
			</node>
			<node>
				<identifier>	HP_Air_ricochet_4	</identifier>
				<transform>
					<row0>	1.0000 0.0000 0.0000 0.0000	</row0>
					<row1>	0.0000 1.0000 0.0000 0.0000	</row1>
					<row2>	0.0000 0.0000 1.0000 0.0000	</row2>
					<row3>	-0.0796 0.1486 -0.4120 1.0000	</row3>
				</transform>
			</node>
			<node>
				<identifier>	HP_Air_ricochet_5	</identifier>
				<transform>
					<row0>	1.0000 0.0000 0.0000 0.0000	</row0>
					<row1>	0.0000 1.0000 0.0000 0.0000	</row1>
					<row2>	0.0000 0.0000 1.0000 0.0000	</row2>
					<row3>	0.0796 0.1481 -0.4120 1.0000	</row3>
				</transform>
			</node>
			<node>
				<identifier>	HP_Air_ricochet_6	</identifier>
				<transform>
					<row0>	1.0000 0.0000 0.0000 0.0000	</row0>
					<row1>	0.0000 1.0000 0.0000 0.0000	</row1>
					<row2>	0.0000 0.0000 1.0000 0.0000	</row2>
					<row3>	0.0325 0.1467 -0.0420 1.0000	</row3>
				</transform>
			</node>
			<node>
				<identifier>	HP_Air_sleeve_1	</identifier>
				<transform>
					<row0>	1.0000 0.0000 0.0000 0.0000	</row0>
					<row1>	0.0000 1.0000 0.0000 0.0000	</row1>
					<row2>	0.0000 0.0000 1.0000 0.0000	</row2>
					<row3>	0.0319 0.0974 0.0000 1.0000	</row3>
				</transform>
			</node>
			<node>
				<identifier>	HP_Air_sleeve_2	</identifier>
				<transform>
					<row0>	1.0000 0.0000 0.0000 0.0000	</row0>
					<row1>	0.0000 1.0000 0.0000 0.0000	</row1>
					<row2>	0.0000 0.0000 1.0000 0.0000	</row2>
					<row3>	-0.0319 0.0974 0.0000 1.0000	</row3>
				</transform>
			</node>
			<node>
				<identifier>	Root_BlendBone	</identifier>
				<transform>
					<row0>	1.0000 0.0000 0.0000 0.0000	</row0>
					<row1>	0.0000 1.0000 0.0000 0.0000	</row1>
					<row2>	0.0000 0.0000 1.0000 0.0000	</row2>
					<row3>	0.0000 0.0000 0.0000 1.0000	</row3>
				</transform>
			</node>
			<node>
				<identifier>	elevator_1	</identifier>
				<transform>
					<row0>	1.0000 -0.0064 0.0000 0.0000	</row0>
					<row1>	0.0064 1.0000 0.0000 0.0000	</row1>
					<row2>	0.0000 0.0000 1.0000 0.0000	</row2>
					<row3>	-0.1629 0.1443 -0.4388 1.0000	</row3>
				</transform>
				<node>
					<identifier>	elevator_1_BlendBone	</identifier>
					<transform>
						<row0>	1.0000 0.0064 0.0000 0.0000	</row0>
						<row1>	-0.0064 1.0000 0.0000 0.0000	</row1>
						<row2>	0.0000 0.0000 1.0000 0.0000	</row2>
						<row3>	0.1638 -0.1433 0.4388 1.0000	</row3>
					</transform>
				</node>
			</node>
			<node>
				<identifier>	elevator_2	</identifier>
				<transform>
					<row0>	1.0000 0.0064 0.0000 0.0000	</row0>
					<row1>	-0.0064 1.0000 0.0000 0.0000	</row1>
					<row2>	0.0000 0.0000 1.0000 0.0000	</row2>
					<row3>	0.1628 0.1443 -0.4388 1.0000	</row3>
				</transform>
				<node>
					<identifier>	elevator_2_BlendBone	</identifier>
					<transform>
						<row0>	1.0000 -0.0064 0.0000 0.0000	</row0>
						<row1>	0.0064 1.0000 0.0000 0.0000	</row1>
						<row2>	0.0000 0.0000 1.0000 0.0000	</row2>
						<row3>	-0.1637 -0.1433 0.4388 1.0000	</row3>
					</transform>
				</node>
			</node>
			<node>
				<identifier>	l_ailerone_1	</identifier>
				<transform>
					<row0>	0.9900 -0.0644 -0.1253 0.0000	</row0>
					<row1>	0.0649 0.9979 0.0000 0.0000	</row1>
					<row2>	0.1251 -0.0081 0.9921 0.0000	</row2>
					<row3>	-0.3570 0.1324 -0.0796 1.0000	</row3>
				</transform>
				<node>
					<identifier>	l_ailerone_1_BlendBone	</identifier>
					<transform>
						<row0>	0.9900 0.0649 0.1251 0.0000	</row0>
						<row1>	-0.0644 0.9979 -0.0081 0.0000	</row1>
						<row2>	-0.1253 0.0000 0.9921 0.0000	</row2>
						<row3>	0.3519 -0.1089 0.1247 1.0000	</row3>
					</transform>
				</node>
			</node>
			<node>
				<identifier>	l_bombbay_stvorka_1	</identifier>
				<transform>
					<row0>	1.0000 0.0000 0.0000 0.0000	</row0>
					<row1>	0.0000 1.0000 0.0000 0.0000	</row1>
					<row2>	0.0000 0.0000 1.0000 0.0000	</row2>
					<row3>	-0.0111 0.0898 -0.1130 1.0000	</row3>
				</transform>
				<node>
					<identifier>	l_bombbay_stvorka_1_BlendBone	</identifier>
					<transform>
						<row0>	1.0000 0.0000 0.0000 0.0000	</row0>
						<row1>	0.0000 1.0000 0.0000 0.0000	</row1>
						<row2>	0.0000 0.0000 1.0000 0.0000	</row2>
						<row3>	0.0111 -0.0898 0.1130 1.0000	</row3>
					</transform>
				</node>
			</node>
			<node>
				<identifier>	l_flaps_1	</identifier>
				<transform>
					<row0>	0.9921 -0.0462 -0.1167 0.0000	</row0>
					<row1>	0.0465 0.9989 0.0000 0.0000	</row1>
					<row2>	0.1166 -0.0054 0.9932 0.0000	</row2>
					<row3>	-0.2300 0.1226 -0.0974 1.0000	</row3>
				</transform>
				<node>
					<identifier>	l_flaps_1_BlendBone	</identifier>
					<transform>
						<row0>	0.9921 0.0465 0.1166 0.0000	</row0>
						<row1>	-0.0462 0.9989 -0.0054 0.0000	</row1>
						<row2>	-0.1167 0.0000 0.9932 0.0000	</row2>
						<row3>	0.2224 -0.1118 0.1242 1.0000	</row3>
					</transform>
				</node>
			</node>
			<node>
				<identifier>	l_flaps_2	</identifier>
				<transform>
					<row0>	0.9904 -0.0843 -0.1093 0.0000	</row0>
					<row1>	0.0848 0.9964 0.0000 0.0000	</row1>
					<row2>	0.1089 -0.0093 0.9940 0.0000	</row2>
					<row3>	-0.2224 0.1185 -0.0843 1.0000	</row3>
				</transform>
				<node>
					<identifier>	l_flaps_2_BlendBone	</identifier>
					<transform>
						<row0>	0.9904 0.0848 0.1089 0.0000	</row0>
						<row1>	-0.0843 0.9964 -0.0093 0.0000	</row1>
						<row2>	-0.1093 0.0000 0.9940 0.0000	</row2>
						<row3>	0.2210 -0.0992 0.1091 1.0000	</row3>
					</transform>
				</node>
			</node>
			<node>
				<identifier>	r_ailerone_1	</identifier>
				<transform>
					<row0>	0.9900 0.0644 0.1253 0.0000	</row0>
					<row1>	-0.0649 0.9979 0.0000 0.0000	</row1>
					<row2>	-0.1251 -0.0081 0.9921 0.0000	</row2>
					<row3>	0.3568 0.1324 -0.0796 1.0000	</row3>
				</transform>
				<node>
					<identifier>	r_ailerone_1_BlendBone	</identifier>
					<transform>
						<row0>	0.9900 -0.0649 -0.1251 0.0000	</row0>
						<row1>	0.0644 0.9979 -0.0081 0.0000	</row1>
						<row2>	0.1253 0.0000 0.9921 0.0000	</row2>
						<row3>	-0.3518 -0.1089 0.1247 1.0000	</row3>
					</transform>
				</node>
			</node>
			<node>
				<identifier>	r_bombbay_stvorka_1	</identifier>
				<transform>
					<row0>	1.0000 0.0000 0.0000 0.0000	</row0>
					<row1>	0.0000 1.0000 0.0000 0.0000	</row1>
					<row2>	0.0000 0.0000 1.0000 0.0000	</row2>
					<row3>	0.0111 0.0898 -0.1130 1.0000	</row3>
				</transform>
				<node>
					<identifier>	r_bombbay_stvorka_1_BlendBone	</identifier>
					<transform>
						<row0>	1.0000 0.0000 0.0000 0.0000	</row0>
						<row1>	0.0000 1.0000 0.0000 0.0000	</row1>
						<row2>	0.0000 0.0000 1.0000 0.0000	</row2>
						<row3>	-0.0111 -0.0898 0.1130 1.0000	</row3>
					</transform>
				</node>
			</node>
			<node>
				<identifier>	r_flaps_1	</identifier>
				<transform>
					<row0>	0.9921 0.0462 0.1167 0.0000	</row0>
					<row1>	-0.0465 0.9989 0.0000 0.0000	</row1>
					<row2>	-0.1166 -0.0054 0.9932 0.0000	</row2>
					<row3>	0.2299 0.1226 -0.0976 1.0000	</row3>
				</transform>
				<node>
					<identifier>	r_flaps_1_BlendBone	</identifier>
					<transform>
						<row0>	0.9921 -0.0465 -0.1166 0.0000	</row0>
						<row1>	0.0462 0.9989 -0.0054 0.0000	</row1>
						<row2>	0.1167 0.0000 0.9932 0.0000	</row2>
						<row3>	-0.2223 -0.1118 0.1244 1.0000	</row3>
					</transform>
				</node>
			</node>
			<node>
				<identifier>	r_flaps_2	</identifier>
				<transform>
					<row0>	0.9904 0.0843 0.1093 0.0000	</row0>
					<row1>	-0.0848 0.9964 0.0000 0.0000	</row1>
					<row2>	-0.1089 -0.0093 0.9940 0.0000	</row2>
					<row3>	0.2223 0.1185 -0.0843 1.0000	</row3>
				</transform>
				<node>
					<identifier>	r_flaps_2_BlendBone	</identifier>
					<transform>
						<row0>	0.9904 -0.0848 -0.1089 0.0000	</row0>
						<row1>	0.0843 0.9964 -0.0093 0.0000	</row1>
						<row2>	0.1093 0.0000 0.9940 0.0000	</row2>
						<row3>	-0.2209 -0.0993 0.1091 1.0000	</row3>
					</transform>
				</node>
			</node>
			<node>
				<identifier>	rudder_1	</identifier>
				<transform>
					<row0>	1.0000 0.0000 0.0000 0.0000	</row0>
					<row1>	0.0000 1.0000 0.0000 0.0000	</row1>
					<row2>	0.0000 0.0000 1.0000 0.0000	</row2>
					<row3>	0.0004 0.2489 -0.4440 1.0000	</row3>
				</transform>
				<node>
					<identifier>	rudder_1_BlendBone	</identifier>
					<transform>
						<row0>	1.0000 0.0000 0.0000 0.0000	</row0>
						<row1>	0.0000 1.0000 0.0000 0.0000	</row1>
						<row2>	0.0000 0.0000 1.0000 0.0000	</row2>
						<row3>	-0.0004 -0.2489 0.4440 1.0000	</row3>
					</transform>
				</node>
			</node>
		</node>
	</node>
	<renderSet>
		<treatAsWorldSpaceObject>	true	</treatAsWorldSpaceObject>
		<node>	l_bombbay_stvorka_1_BlendBone	</node>
		<node>	Root_BlendBone	</node>
		<node>	r_flaps_1_BlendBone	</node>
		<node>	l_ailerone_1_BlendBone	</node>
		<node>	r_bombbay_stvorka_1_BlendBone	</node>
		<node>	r_ailerone_1_BlendBone	</node>
		<node>	rudder_1_BlendBone	</node>
		<node>	l_flaps_2_BlendBone	</node>
		<node>	l_flaps_1_BlendBone	</node>
		<node>	elevator_1_BlendBone	</node>
		<node>	r_flaps_2_BlendBone	</node>
		<node>	elevator_2_BlendBone	</node>
		<geometry>
			<vertices>	Hull_lod2Shape.vertices	</vertices>
			<primitive>	Hull_lod2Shape.indices	</primitive>
			<primitiveGroup>	0
				<material>
					<identifier>	SHIPMAT_PBS_Hull_skinned	</identifier>
					<mfm>	PnFMods/ModsSDK.zip/JSA106_Ryujo/aircraft/JAD703_D4Y2_skinned.mfm	</mfm>
				</material>
			</primitiveGroup>
		</geometry>
	</renderSet>
	<renderSet>
		<treatAsWorldSpaceObject>	false	</treatAsWorldSpaceObject>
		<node>	chassis_on_BlendBone	</node>
		<geometry>
			<vertices>	chassis_on_BlendBone_lod2Shape.vertices	</vertices>
			<primitive>	chassis_on_BlendBone_lod2Shape.indices	</primitive>
			<primitiveGroup>	0
				<material>
					<identifier>	SHIPMAT_PBS_Other	</identifier>
					<mfm>	PnFMods/ModsSDK.zip/JSA106_Ryujo/aircraft/JAD703_D4Y2.mfm	</mfm>
				</material>
			</primitiveGroup>
		</geometry>
	</renderSet>
	<renderSet>
		<treatAsWorldSpaceObject>	false	</treatAsWorldSpaceObject>
		<node>	disc_cap	</node>
		<geometry>
			<vertices>	disc_cap_lod2Shape.vertices	</vertices>
			<primitive>	disc_cap_lod2Shape.indices	</primitive>
			<primitiveGroup>	0
				<material>
					<identifier>	SHIPMAT_PBS_Other	</identifier>
					<mfm>	PnFMods/ModsSDK.zip/JSA106_Ryujo/aircraft/JAD703_D4Y2.mfm	</mfm>
				</material>
			</primitiveGroup>
		</geometry>
	</renderSet>
	<renderSet>
		<treatAsWorldSpaceObject>	false	</treatAsWorldSpaceObject>
		<node>	disc	</node>
		<geometry>
			<vertices>	disc_lod2Shape.vertices	</vertices>
			<primitive>	disc_lod2Shape.indices	</primitive>
			<primitiveGroup>	0
				<material>
					<identifier>	PROPELLERMAT_propeller	</identifier>
					<mfm>	PnFMods/ModsSDK.zip/JSA106_Ryujo/aircraft/Japan_Disk_3Blade_01_alpha.mfm	</mfm>
				</material>
			</primitiveGroup>
		</geometry>
	</renderSet>
	<renderSet>
		<treatAsWorldSpaceObject>	false	</treatAsWorldSpaceObject>
		<node>	mod	</node>
		<geometry>
			<vertices>	mod_lod2Shape.vertices	</vertices>
			<primitive>	mod_lod2Shape.indices	</primitive>
			<primitiveGroup>	0
				<material>
					<identifier>	SHIPMAT_PBS_Other	</identifier>
					<mfm>	PnFMods/ModsSDK.zip/JSA106_Ryujo/aircraft/JAD703_D4Y2.mfm	</mfm>
				</material>
			</primitiveGroup>
		</geometry>
	</renderSet>
	<boundingBox>
		<min>	-0.3813 0.0010 -0.4921	</min>
		<max>	0.3812 0.2418 0.2265	</max>
	</boundingBox>
</JAD703_D4Y2_proto_lod2.visual>
