<ZSD014_Fen_Yang_1949_MidFront_ports.visual>
	<node>
		<identifier>	Scene Root	</identifier>
		<transform>
			<row0>	1.0000 0.0000 0.0000 0.0000	</row0>
			<row1>	0.0000 1.0000 0.0000 0.0000	</row1>
			<row2>	0.0000 0.0000 1.0000 0.0000	</row2>
			<row3>	0.0000 0.0000 0.0000 1.0000	</row3>
		</transform>
		<node>
			<identifier>	MidFront_ports	</identifier>
			<transform>
				<row0>	1.0000 0.0000 0.0000 0.0000	</row0>
				<row1>	0.0000 1.0000 0.0000 0.0000	</row1>
				<row2>	0.0000 0.0000 1.0000 0.0000	</row2>
				<row3>	0.0000 0.0000 0.0000 1.0000	</row3>
			</transform>
			<node>
				<identifier>	HP_FX_Death_2	</identifier>
				<transform>
					<row0>	1.0000 0.0000 0.0000 0.0000	</row0>
					<row1>	0.0000 1.0000 0.0000 0.0000	</row1>
					<row2>	0.0000 0.0000 1.0000 0.0000	</row2>
					<row3>	0.0000 0.0000 0.0814 1.0000	</row3>
				</transform>
			</node>
			<node>
				<identifier>	HP_FX_Fire_2	</identifier>
				<transform>
					<row0>	1.0000 0.0000 0.0000 0.0000	</row0>
					<row1>	0.0000 1.0000 0.0000 0.0000	</row1>
					<row2>	0.0000 0.0000 1.0000 0.0000	</row2>
					<row3>	0.0000 0.1854 1.2220 1.0000	</row3>
				</transform>
			</node>
			<node>
				<identifier>	HP_FX_Fire_2_side_1	</identifier>
				<transform>
					<row0>	1.0000 0.0000 0.0000 0.0000	</row0>
					<row1>	0.0000 1.0000 0.0000 0.0000	</row1>
					<row2>	0.0000 0.0000 1.0000 0.0000	</row2>
					<row3>	-0.3360 0.5044 1.5746 1.0000	</row3>
				</transform>
			</node>
			<node>
				<identifier>	HP_FX_Fire_2_side_2	</identifier>
				<transform>
					<row0>	1.0000 0.0000 0.0000 0.0000	</row0>
					<row1>	0.0000 1.0000 0.0000 0.0000	</row1>
					<row2>	0.0000 0.0000 1.0000 0.0000	</row2>
					<row3>	0.2733 0.3470 1.1515 1.0000	</row3>
				</transform>
			</node>
			<node>
				<identifier>	HP_FX_Fire_2_side_3	</identifier>
				<transform>
					<row0>	1.0000 0.0000 0.0000 0.0000	</row0>
					<row1>	0.0000 1.0000 0.0000 0.0000	</row1>
					<row2>	0.0000 0.0000 1.0000 0.0000	</row2>
					<row3>	-0.3120 0.4472 -0.1431 1.0000	</row3>
				</transform>
			</node>
			<node>
				<identifier>	HP_FX_FloodLight_left_2	</identifier>
				<transform>
					<row0>	-1.0000 0.0003 0.0000 0.0000	</row0>
					<row1>	0.0003 1.0000 0.0000 0.0000	</row1>
					<row2>	0.0000 0.0000 -1.0000 0.0000	</row2>
					<row3>	-0.1710 0.5490 1.5810 1.0000	</row3>
				</transform>
			</node>
			<node>
				<identifier>	HP_FX_FloodLight_right_2	</identifier>
				<transform>
					<row0>	0.9244 0.0000 0.3815 0.0000	</row0>
					<row1>	0.0000 1.0000 0.0000 0.0000	</row1>
					<row2>	-0.3815 0.0000 0.9244 0.0000	</row2>
					<row3>	0.1710 0.5490 1.5810 1.0000	</row3>
				</transform>
			</node>
			<node>
				<identifier>	HP_FX_Flood_steam_1	</identifier>
				<transform>
					<row0>	0.7590 0.6511 0.0000 0.0000	</row0>
					<row1>	-0.6381 0.7439 -0.1985 0.0000	</row1>
					<row2>	-0.1292 0.1507 0.9801 0.0000	</row2>
					<row3>	-0.0550 0.6840 0.7890 1.0000	</row3>
				</transform>
			</node>
			<node>
				<identifier>	HP_FX_Flood_steam_2	</identifier>
				<transform>
					<row0>	0.7387 -0.6481 0.1850 0.0000	</row0>
					<row1>	0.6677 0.7411 -0.0698 0.0000	</row1>
					<row2>	-0.0919 0.1751 0.9803 0.0000	</row2>
					<row3>	0.0550 0.6840 0.7890 1.0000	</row3>
				</transform>
			</node>
			<node>
				<identifier>	HP_FX_Flood_steam_left	</identifier>
				<transform>
					<row0>	-0.9980 0.0000 0.0634 0.0000	</row0>
					<row1>	0.0000 1.0000 0.0000 0.0000	</row1>
					<row2>	-0.0634 0.0000 -0.9980 0.0000	</row2>
					<row3>	-0.3627 0.2495 1.7809 1.0000	</row3>
				</transform>
			</node>
			<node>
				<identifier>	HP_FX_Flood_water_left_2	</identifier>
				<transform>
					<row0>	-1.0000 0.0000 0.0000 0.0000	</row0>
					<row1>	0.0000 1.0000 0.0000 0.0000	</row1>
					<row2>	0.0000 0.0000 -1.0000 0.0000	</row2>
					<row3>	-0.3680 0.0986 1.0226 1.0000	</row3>
				</transform>
			</node>
			<node>
				<identifier>	HP_FX_Flood_water_right_2	</identifier>
				<transform>
					<row0>	1.0000 0.0000 0.0000 0.0000	</row0>
					<row1>	0.0000 1.0000 0.0000 0.0000	</row1>
					<row2>	0.0000 0.0000 1.0000 0.0000	</row2>
					<row3>	0.3582 0.0957 1.2991 1.0000	</row3>
				</transform>
			</node>
			<node>
				<identifier>	HP_FX_Smoke_1	</identifier>
				<transform>
					<row0>	1.0000 0.0000 0.0000 0.0000	</row0>
					<row1>	0.0000 0.9796 -0.2010 0.0000	</row1>
					<row2>	0.0000 0.2010 0.9796 0.0000	</row2>
					<row3>	0.0000 0.6664 0.5107 1.0000	</row3>
				</transform>
			</node>
			<node>
				<identifier>	HP_FX_Smoke_2	</identifier>
				<transform>
					<row0>	1.0000 0.0000 0.0000 0.0000	</row0>
					<row1>	0.0000 0.9796 -0.2010 0.0000	</row1>
					<row2>	0.0000 0.2010 0.9796 0.0000	</row2>
					<row3>	0.0000 0.7151 0.6573 1.0000	</row3>
				</transform>
			</node>
			<node>
				<identifier>	HP_Flagpole	</identifier>
				<transform>
					<row0>	-0.3500 0.0000 0.0000 0.0000	</row0>
					<row1>	0.0000 0.3500 0.0000 0.0000	</row1>
					<row2>	0.0000 0.0000 -0.3500 0.0000	</row2>
					<row3>	-0.0145 1.3924 1.0482 1.0000	</row3>
				</transform>
			</node>
			<node>
				<identifier>	HP_Ship_death_1	</identifier>
				<transform>
					<row0>	1.0000 0.0000 0.0000 0.0000	</row0>
					<row1>	0.0000 1.0000 0.0000 0.0000	</row1>
					<row2>	0.0000 0.0000 1.0000 0.0000	</row2>
					<row3>	0.0000 0.0000 2.6697 1.0000	</row3>
				</transform>
			</node>
			<node>
				<identifier>	HP_ZD_1	</identifier>
				<transform>
					<row0>	1.0000 0.0000 0.0000 0.0000	</row0>
					<row1>	0.0000 1.0000 0.0000 0.0000	</row1>
					<row2>	0.0000 0.0000 1.0000 0.0000	</row2>
					<row3>	0.0000 0.8930 1.4942 1.0000	</row3>
				</transform>
			</node>
			<node>
				<identifier>	HP_ZF_1	</identifier>
				<transform>
					<row0>	1.0000 0.0000 0.0000 0.0000	</row0>
					<row1>	0.0000 1.0000 0.0000 0.0000	</row1>
					<row2>	0.0000 0.0000 1.0000 0.0000	</row2>
					<row3>	0.0000 0.4053 -0.1359 1.0000	</row3>
				</transform>
			</node>
			<node>
				<identifier>	HP_ZGA_1	</identifier>
				<transform>
					<row0>	0.0000 0.0000 1.0000 0.0000	</row0>
					<row1>	0.0000 1.0000 0.0000 0.0000	</row1>
					<row2>	-1.0000 0.0000 0.0000 0.0000	</row2>
					<row3>	-0.2700 0.4725 1.5646 1.0000	</row3>
				</transform>
			</node>
			<node>
				<identifier>	HP_ZGA_2	</identifier>
				<transform>
					<row0>	0.0000 0.0000 -1.0000 0.0000	</row0>
					<row1>	0.0000 1.0000 0.0000 0.0000	</row1>
					<row2>	1.0000 0.0000 0.0000 0.0000	</row2>
					<row3>	0.2700 0.4725 1.5646 1.0000	</row3>
				</transform>
			</node>
			<node>
				<identifier>	HP_ZGA_3	</identifier>
				<transform>
					<row0>	0.0000 0.0000 1.0000 0.0000	</row0>
					<row1>	0.0000 1.0000 0.0000 0.0000	</row1>
					<row2>	-1.0000 0.0000 0.0000 0.0000	</row2>
					<row3>	-0.2478 0.4053 -0.1501 1.0000	</row3>
				</transform>
			</node>
			<node>
				<identifier>	HP_ZGA_4	</identifier>
				<transform>
					<row0>	0.0000 0.0000 -1.0000 0.0000	</row0>
					<row1>	0.0000 1.0000 0.0000 0.0000	</row1>
					<row2>	1.0000 0.0000 0.0000 0.0000	</row2>
					<row3>	0.2478 0.4053 -0.1501 1.0000	</row3>
				</transform>
			</node>
			<node>
				<identifier>	HP_ZGM_1	</identifier>
				<transform>
					<row0>	1.0000 0.0000 0.0000 0.0000	</row0>
					<row1>	0.0000 1.0000 0.0000 0.0000	</row1>
					<row2>	0.0000 0.0000 1.0000 0.0000	</row2>
					<row3>	0.0000 0.3256 2.9510 1.0000	</row3>
				</transform>
			</node>
			<node>
				<identifier>	HP_ZGM_2	</identifier>
				<transform>
					<row0>	1.0000 0.0000 0.0000 0.0000	</row0>
					<row1>	0.0000 1.0000 0.0000 0.0000	</row1>
					<row2>	0.0000 0.0000 1.0000 0.0000	</row2>
					<row3>	0.0000 0.4798 2.4646 1.0000	</row3>
				</transform>
			</node>
			<node>
				<identifier>	HP_ZRS_1	</identifier>
				<transform>
					<row0>	1.0000 0.0000 0.0000 0.0000	</row0>
					<row1>	0.0000 1.0000 0.0000 0.0000	</row1>
					<row2>	0.0000 0.0000 1.0000 0.0000	</row2>
					<row3>	0.0000 1.0256 1.2519 1.0000	</row3>
				</transform>
			</node>
			<node>
				<identifier>	HP_ZRS_2	</identifier>
				<transform>
					<row0>	1.0000 0.0000 0.0000 0.0000	</row0>
					<row1>	0.0000 1.0000 0.0000 0.0000	</row1>
					<row2>	0.0000 0.0000 1.0000 0.0000	</row2>
					<row3>	0.0000 1.1016 1.1660 1.0000	</row3>
				</transform>
			</node>
			<node>
				<identifier>	HP_flag_1	</identifier>
				<transform>
					<row0>	0.9972 -0.0737 0.0122 0.0000	</row0>
					<row1>	0.0737 0.9443 -0.3207 0.0000	</row1>
					<row2>	0.0122 0.3207 0.9471 0.0000	</row2>
					<row3>	0.1444 1.1850 1.0721 1.0000	</row3>
				</transform>
			</node>
			<node>
				<identifier>	HP_flag_2	</identifier>
				<transform>
					<row0>	0.9972 0.0737 -0.0122 0.0000	</row0>
					<row1>	-0.0737 0.9443 -0.3207 0.0000	</row1>
					<row2>	-0.0122 0.3207 0.9471 0.0000	</row2>
					<row3>	-0.1444 1.1850 1.0721 1.0000	</row3>
				</transform>
			</node>
			<node>
				<identifier>	HP_flag_3	</identifier>
				<transform>
					<row0>	0.9965 0.0829 -0.0121 0.0000	</row0>
					<row1>	-0.0829 0.9547 -0.2858 0.0000	</row1>
					<row2>	-0.0121 0.2858 0.9582 0.0000	</row2>
					<row3>	0.0623 1.1847 1.0709 1.0000	</row3>
				</transform>
			</node>
			<node>
				<identifier>	HP_flag_4	</identifier>
				<transform>
					<row0>	0.9965 -0.0829 0.0121 0.0000	</row0>
					<row1>	0.0829 0.9547 -0.2858 0.0000	</row1>
					<row2>	0.0121 0.2858 0.9582 0.0000	</row2>
					<row3>	-0.0613 1.1844 1.0704 1.0000	</row3>
				</transform>
			</node>
			<node>
				<identifier>	HP_flag_courtesy	</identifier>
				<transform>
					<row0>	0.9879 -0.1534 0.0243 0.0000	</row0>
					<row1>	0.1527 0.9304 -0.3333 0.0000	</row1>
					<row2>	0.0285 0.3330 0.9425 0.0000	</row2>
					<row3>	0.1917 1.2143 1.0638 1.0000	</row3>
				</transform>
			</node>
			<node>
				<identifier>	HP_flag_house	</identifier>
				<transform>
					<row0>	0.9879 0.1534 -0.0243 0.0000	</row0>
					<row1>	-0.1527 0.9304 -0.3333 0.0000	</row1>
					<row2>	-0.0285 0.3330 0.9425 0.0000	</row2>
					<row3>	-0.1927 1.2140 1.0635 1.0000	</row3>
				</transform>
			</node>
			<node>
				<identifier>	HP_flag_rank	</identifier>
				<transform>
					<row0>	1.0000 -0.0070 0.0008 0.0000	</row0>
					<row1>	0.0070 0.9657 -0.2594 0.0000	</row1>
					<row2>	0.0010 0.2594 0.9658 0.0000	</row2>
					<row3>	-0.0006 1.3059 0.9438 1.0000	</row3>
				</transform>
			</node>
			<node>
				<identifier>	MP_CM011_Fire_Fighting_Gear	</identifier>
				<transform>
					<row0>	0.0000 0.0000 1.0000 0.0000	</row0>
					<row1>	0.0000 1.0000 0.0000 0.0000	</row1>
					<row2>	-1.0000 0.0000 0.0000 0.0000	</row2>
					<row3>	0.1872 0.3134 2.3691 1.0000	</row3>
				</transform>
			</node>
			<node>
				<identifier>	MP_CM011_Fire_Fighting_Gear_INDEX_1	</identifier>
				<transform>
					<row0>	0.0000 0.0000 1.0000 0.0000	</row0>
					<row1>	0.0000 1.0000 0.0000 0.0000	</row1>
					<row2>	-1.0000 0.0000 0.0000 0.0000	</row2>
					<row3>	0.0909 0.1871 0.7614 1.0000	</row3>
				</transform>
			</node>
			<node>
				<identifier>	MP_CM011_Fire_Fighting_Gear_INDEX_2	</identifier>
				<transform>
					<row0>	0.0000 0.0000 -1.0000 0.0000	</row0>
					<row1>	0.0000 1.0000 0.0000 0.0000	</row1>
					<row2>	1.0000 0.0000 0.0000 0.0000	</row2>
					<row3>	-0.0909 0.1871 0.7614 1.0000	</row3>
				</transform>
			</node>
			<node>
				<identifier>	MP_CM011_Fire_Fighting_Gear_INDEX_3	</identifier>
				<transform>
					<row0>	0.0000 0.0000 -1.0000 0.0000	</row0>
					<row1>	0.0000 1.0000 0.0000 0.0000	</row1>
					<row2>	1.0000 0.0000 0.0000 0.0000	</row2>
					<row3>	-0.1702 0.3199 1.7783 1.0000	</row3>
				</transform>
			</node>
			<node>
				<identifier>	MP_CM011_Fire_Fighting_Gear_INDEX_4	</identifier>
				<transform>
					<row0>	0.0000 0.0000 -1.0000 0.0000	</row0>
					<row1>	0.0000 1.0000 0.0000 0.0000	</row1>
					<row2>	1.0000 0.0000 0.0000 0.0000	</row2>
					<row3>	-0.1872 0.3134 2.3691 1.0000	</row3>
				</transform>
			</node>
			<node>
				<identifier>	MP_CM012_Fire_Hose_Rack_1	</identifier>
				<transform>
					<row0>	1.0000 0.0000 0.0000 0.0000	</row0>
					<row1>	0.0000 1.0000 0.0000 0.0000	</row1>
					<row2>	0.0000 0.0000 1.0000 0.0000	</row2>
					<row3>	-0.1769 0.3981 2.3846 1.0000	</row3>
				</transform>
			</node>
			<node>
				<identifier>	MP_CM012_Fire_Hose_Rack_1_INDEX_1	</identifier>
				<transform>
					<row0>	-1.0000 0.0000 0.0000 0.0000	</row0>
					<row1>	0.0000 1.0000 0.0000 0.0000	</row1>
					<row2>	0.0000 0.0000 -1.0000 0.0000	</row2>
					<row3>	0.1769 0.3981 2.3846 1.0000	</row3>
				</transform>
			</node>
			<node>
				<identifier>	MP_CM013_Fire_Hose_Rack_2	</identifier>
				<transform>
					<row0>	0.9990 -0.0440 0.0000 0.0000	</row0>
					<row1>	0.0440 0.9990 0.0000 0.0000	</row1>
					<row2>	0.0000 0.0000 1.0000 0.0000	</row2>
					<row3>	-0.1076 0.2647 0.6364 1.0000	</row3>
				</transform>
			</node>
			<node>
				<identifier>	MP_CM013_Fire_Hose_Rack_2_INDEX_1	</identifier>
				<transform>
					<row0>	-0.9990 -0.0440 0.0000 0.0000	</row0>
					<row1>	-0.0440 0.9990 0.0000 0.0000	</row1>
					<row2>	0.0000 0.0000 -1.0000 0.0000	</row2>
					<row3>	0.1076 0.2647 0.6707 1.0000	</row3>
				</transform>
			</node>
			<node>
				<identifier>	MP_CM013_Fire_Hose_Rack_2_INDEX_2	</identifier>
				<transform>
					<row0>	0.8547 -0.0771 -0.5133 0.0000	</row0>
					<row1>	0.0599 0.9969 -0.0501 0.0000	</row1>
					<row2>	0.5156 0.0121 0.8567 0.0000	</row2>
					<row3>	-0.1610 0.3931 1.7674 1.0000	</row3>
				</transform>
			</node>
			<node>
				<identifier>	MP_CM019_Wood_Box_2	</identifier>
				<transform>
					<row0>	1.5612 0.0000 0.0000 0.0000	</row0>
					<row1>	0.0000 1.5612 0.0000 0.0000	</row1>
					<row2>	0.0000 0.0000 1.5612 0.0000	</row2>
					<row3>	0.1340 0.1855 0.4067 1.0000	</row3>
				</transform>
			</node>
			<node>
				<identifier>	MP_CM029_Emergency_Box	</identifier>
				<transform>
					<row0>	-0.5941 0.0000 0.8044 0.0000	</row0>
					<row1>	0.0000 1.0000 0.0000 0.0000	</row1>
					<row2>	-0.8044 0.0000 -0.5941 0.0000	</row2>
					<row3>	0.1443 0.4081 2.5760 1.0000	</row3>
				</transform>
			</node>
			<node>
				<identifier>	MP_CM029_Emergency_Box_INDEX_1	</identifier>
				<transform>
					<row0>	0.0000 0.0000 1.0000 0.0000	</row0>
					<row1>	0.0000 1.0000 0.0000 0.0000	</row1>
					<row2>	-1.0000 0.0000 0.0000 0.0000	</row2>
					<row3>	0.0990 0.7073 1.5578 1.0000	</row3>
				</transform>
			</node>
			<node>
				<identifier>	MP_CM030_Swab_Rack_2	</identifier>
				<transform>
					<row0>	-1.0000 0.0000 0.0000 0.0000	</row0>
					<row1>	0.0000 1.0000 0.0000 0.0000	</row1>
					<row2>	0.0000 0.0000 -1.0000 0.0000	</row2>
					<row3>	0.2786 0.1771 1.4008 1.0000	</row3>
				</transform>
			</node>
			<node>
				<identifier>	MP_CM030_Swab_Rack_2_INDEX_1	</identifier>
				<transform>
					<row0>	0.0000 0.0000 1.0000 0.0000	</row0>
					<row1>	0.0000 1.0000 0.0000 0.0000	</row1>
					<row2>	-1.0000 0.0000 0.0000 0.0000	</row2>
					<row3>	-0.0763 0.1889 -0.1504 1.0000	</row3>
				</transform>
			</node>
			<node>
				<identifier>	MP_CM057_Accommodation_Ladder_Closed	</identifier>
				<transform>
					<row0>	0.9987 0.0519 0.0003 0.0000	</row0>
					<row1>	-0.0519 0.9986 0.0087 0.0000	</row1>
					<row2>	0.0001 -0.0087 1.0000 0.0000	</row2>
					<row3>	-0.2980 0.1799 0.8322 1.0000	</row3>
				</transform>
			</node>
			<node>
				<identifier>	MP_CM057_Accommodation_Ladder_Closed_INDEX_1	</identifier>
				<transform>
					<row0>	0.9987 -0.0519 -0.0003 0.0000	</row0>
					<row1>	0.0519 0.9986 0.0087 0.0000	</row1>
					<row2>	-0.0001 -0.0087 1.0000 0.0000	</row2>
					<row3>	0.3002 0.1798 0.8322 1.0000	</row3>
				</transform>
			</node>
			<node>
				<identifier>	MP_CM060_Flag_Box	</identifier>
				<transform>
					<row0>	0.0220 0.0003 -0.8417 0.0000	</row0>
					<row1>	0.0279 0.8395 0.0010 0.0000	</row1>
					<row2>	0.6994 -0.0233 0.0183 0.0000	</row2>
					<row3>	-0.1041 0.6593 1.2486 1.0000	</row3>
				</transform>
			</node>
			<node>
				<identifier>	MP_CM060_Flag_Box_INDEX_1	</identifier>
				<transform>
					<row0>	0.0220 -0.0003 0.8417 0.0000	</row0>
					<row1>	-0.0279 0.8395 0.0010 0.0000	</row1>
					<row2>	-0.6994 -0.0233 0.0183 0.0000	</row2>
					<row3>	0.1041 0.6593 1.2486 1.0000	</row3>
				</transform>
			</node>
			<node>
				<identifier>	MP_CM082_Rope	</identifier>
				<transform>
					<row0>	-0.0380 0.0000 -0.3871 0.0000	</row0>
					<row1>	0.0000 0.3890 0.0000 0.0000	</row1>
					<row2>	0.3871 0.0000 -0.0380 0.0000	</row2>
					<row3>	-0.0052 0.6746 1.1157 1.0000	</row3>
				</transform>
			</node>
			<node>
				<identifier>	MP_CM092_Siren	</identifier>
				<transform>
					<row0>	0.9659 0.0000 0.2588 0.0000	</row0>
					<row1>	0.0000 1.0000 0.0000 0.0000	</row1>
					<row2>	-0.2588 0.0000 0.9659 0.0000	</row2>
					<row3>	-0.0695 0.6128 0.7456 1.0000	</row3>
				</transform>
			</node>
			<node>
				<identifier>	MP_CM126_Cleat	</identifier>
				<transform>
					<row0>	-0.5000 0.8660 0.0000 0.0000	</row0>
					<row1>	0.0000 0.0000 -1.0000 0.0000	</row1>
					<row2>	-0.8660 -0.5000 0.0000 0.0000	</row2>
					<row3>	-0.2510 0.2977 0.8968 1.0000	</row3>
				</transform>
			</node>
			<node>
				<identifier>	MP_CM126_Cleat_INDEX_1	</identifier>
				<transform>
					<row0>	-0.5000 -0.8660 0.0000 0.0000	</row0>
					<row1>	0.0000 0.0000 -1.0000 0.0000	</row1>
					<row2>	0.8660 -0.5000 0.0000 0.0000	</row2>
					<row3>	0.2510 0.2977 0.8968 1.0000	</row3>
				</transform>
			</node>
			<node>
				<identifier>	MP_CM126_Cleat_INDEX_2	</identifier>
				<transform>
					<row0>	0.5000 0.8660 0.0000 0.0000	</row0>
					<row1>	0.0000 0.0000 1.0000 0.0000	</row1>
					<row2>	0.8660 -0.5000 0.0000 0.0000	</row2>
					<row3>	0.2489 0.2942 1.2866 1.0000	</row3>
				</transform>
			</node>
			<node>
				<identifier>	MP_CM126_Cleat_INDEX_3	</identifier>
				<transform>
					<row0>	0.5000 -0.8660 0.0000 0.0000	</row0>
					<row1>	0.0000 0.0000 1.0000 0.0000	</row1>
					<row2>	-0.8660 -0.5000 0.0000 0.0000	</row2>
					<row3>	-0.2489 0.2942 1.2866 1.0000	</row3>
				</transform>
			</node>
			<node>
				<identifier>	MP_ZM035_Fender	</identifier>
				<transform>
					<row0>	-1.0000 0.0000 0.0000 0.0000	</row0>
					<row1>	0.0000 1.0000 0.0000 0.0000	</row1>
					<row2>	0.0000 0.0000 -1.0000 0.0000	</row2>
					<row3>	-0.3180 0.1778 -0.1429 1.0000	</row3>
				</transform>
			</node>
			<node>
				<identifier>	MP_ZM035_Fender_INDEX_1	</identifier>
				<transform>
					<row0>	0.5636 0.0000 0.4973 0.0000	</row0>
					<row1>	0.0000 0.7516 0.0000 0.0000	</row1>
					<row2>	-0.4973 0.0000 0.5636 0.0000	</row2>
					<row3>	0.1710 0.3177 1.7938 1.0000	</row3>
				</transform>
			</node>
			<node>
				<identifier>	MP_ZM035_Fender_INDEX_2	</identifier>
				<transform>
					<row0>	0.0000 0.0000 -0.7516 0.0000	</row0>
					<row1>	0.0000 0.7516 0.0000 0.0000	</row1>
					<row2>	0.7516 0.0000 0.0000 0.0000	</row2>
					<row3>	0.3290 0.1747 1.3740 1.0000	</row3>
				</transform>
			</node>
			<node>
				<identifier>	MP_ZM035_Fender_INDEX_3	</identifier>
				<transform>
					<row0>	1.0000 0.0000 0.0000 0.0000	</row0>
					<row1>	0.0000 1.0000 0.0000 0.0000	</row1>
					<row2>	0.0000 0.0000 1.0000 0.0000	</row2>
					<row3>	0.3180 0.1778 -0.1429 1.0000	</row3>
				</transform>
			</node>
			<node>
				<identifier>	MP_ZM099_Bollards	</identifier>
				<transform>
					<row0>	0.0574 0.0000 0.7475 0.0000	</row0>
					<row1>	0.0000 0.7497 0.0000 0.0000	</row1>
					<row2>	-0.7475 0.0000 0.0574 0.0000	</row2>
					<row3>	-0.2818 0.3015 2.6793 1.0000	</row3>
				</transform>
			</node>
			<node>
				<identifier>	MP_ZM099_Bollards_INDEX_1	</identifier>
				<transform>
					<row0>	0.0574 0.0000 -0.7475 0.0000	</row0>
					<row1>	0.0000 0.7497 0.0000 0.0000	</row1>
					<row2>	0.7475 0.0000 0.0574 0.0000	</row2>
					<row3>	0.2818 0.3015 2.6797 1.0000	</row3>
				</transform>
			</node>
			<node>
				<identifier>	MP_ZM101_Signal_platorm	</identifier>
				<transform>
					<row0>	-0.0825 0.0000 0.9966 0.0000	</row0>
					<row1>	0.0000 1.0000 0.0000 0.0000	</row1>
					<row2>	-0.9966 0.0000 -0.0825 0.0000	</row2>
					<row3>	-0.1993 0.6192 1.4913 1.0000	</row3>
				</transform>
			</node>
			<node>
				<identifier>	MP_ZM101_Signal_platorm_INDEX_1	</identifier>
				<transform>
					<row0>	0.0000 0.0000 0.8596 0.0000	</row0>
					<row1>	0.0000 0.8596 0.0000 0.0000	</row1>
					<row2>	-0.8596 0.0000 0.0000 0.0000	</row2>
					<row3>	-0.1358 0.7990 1.7384 1.0000	</row3>
				</transform>
			</node>
			<node>
				<identifier>	MP_ZM101_Signal_platorm_INDEX_2	</identifier>
				<transform>
					<row0>	0.0000 0.0000 -0.8596 0.0000	</row0>
					<row1>	0.0000 0.8596 0.0000 0.0000	</row1>
					<row2>	0.8596 0.0000 0.0000 0.0000	</row2>
					<row3>	0.1358 0.7990 1.7384 1.0000	</row3>
				</transform>
			</node>
			<node>
				<identifier>	MP_ZM101_Signal_platorm_INDEX_3	</identifier>
				<transform>
					<row0>	-0.0825 0.0000 -0.9966 0.0000	</row0>
					<row1>	0.0000 1.0000 0.0000 0.0000	</row1>
					<row2>	0.9966 0.0000 -0.0825 0.0000	</row2>
					<row3>	0.1993 0.6192 1.4913 1.0000	</row3>
				</transform>
			</node>
			<node>
				<identifier>	MP_ZM102_Life_Buoy	</identifier>
				<transform>
					<row0>	0.0838 0.0000 0.9965 0.0000	</row0>
					<row1>	0.0000 1.0000 0.0000 0.0000	</row1>
					<row2>	-0.9965 0.0000 0.0838 0.0000	</row2>
					<row3>	0.1954 0.6581 1.5420 1.0000	</row3>
				</transform>
			</node>
			<node>
				<identifier>	MP_ZM102_Life_Buoy_INDEX_1	</identifier>
				<transform>
					<row0>	-0.1175 0.0000 -0.8721 0.0000	</row0>
					<row1>	0.0000 0.8800 0.0000 0.0000	</row1>
					<row2>	0.8721 0.0000 -0.1175 0.0000	</row2>
					<row3>	-0.0741 0.2830 -0.0041 1.0000	</row3>
				</transform>
			</node>
			<node>
				<identifier>	MP_ZM102_Life_Buoy_INDEX_2	</identifier>
				<transform>
					<row0>	-0.1175 0.0000 0.8721 0.0000	</row0>
					<row1>	0.0000 0.8800 0.0000 0.0000	</row1>
					<row2>	-0.8721 0.0000 -0.1175 0.0000	</row2>
					<row3>	0.0741 0.2830 -0.0041 1.0000	</row3>
				</transform>
			</node>
			<node>
				<identifier>	MP_ZM102_Life_Buoy_INDEX_3	</identifier>
				<transform>
					<row0>	0.0838 0.0000 -0.9965 0.0000	</row0>
					<row1>	0.0000 1.0000 0.0000 0.0000	</row1>
					<row2>	0.9965 0.0000 0.0838 0.0000	</row2>
					<row3>	-0.1954 0.6581 1.5420 1.0000	</row3>
				</transform>
			</node>
			<node>
				<identifier>	MP_ZM535_Motor_Boat_9m	</identifier>
				<transform>
					<row0>	1.0000 0.0000 0.0000 0.0000	</row0>
					<row1>	0.0000 1.0000 0.0000 0.0000	</row1>
					<row2>	0.0000 0.0000 1.0000 0.0000	</row2>
					<row3>	-0.2525 0.2269 0.2302 1.0000	</row3>
				</transform>
			</node>
			<node>
				<identifier>	MP_ZM535_Motor_Boat_9m_INDEX_1	</identifier>
				<transform>
					<row0>	1.0000 0.0000 0.0000 0.0000	</row0>
					<row1>	0.0000 1.0000 0.0000 0.0000	</row1>
					<row2>	0.0000 0.0000 1.0000 0.0000	</row2>
					<row3>	0.2525 0.2269 0.2302 1.0000	</row3>
				</transform>
			</node>
			<node>
				<identifier>	MP_ZM536_Cutter_9m	</identifier>
				<transform>
					<row0>	0.9996 0.0000 0.0279 0.0000	</row0>
					<row1>	0.0000 1.0000 0.0000 0.0000	</row1>
					<row2>	-0.0279 0.0000 0.9996 0.0000	</row2>
					<row3>	0.2833 0.2894 1.0962 1.0000	</row3>
				</transform>
			</node>
			<node>
				<identifier>	MP_ZM536_Cutter_9m_INDEX_1	</identifier>
				<transform>
					<row0>	0.9996 0.0000 -0.0279 0.0000	</row0>
					<row1>	0.0000 1.0000 0.0000 0.0000	</row1>
					<row2>	0.0279 0.0000 0.9996 0.0000	</row2>
					<row3>	-0.2833 0.2894 1.0962 1.0000	</row3>
				</transform>
			</node>
			<node>
				<identifier>	MP_ZM620_Binocular	</identifier>
				<transform>
					<row0>	-1.0000 0.0000 0.0000 0.0000	</row0>
					<row1>	0.0000 1.0000 0.0000 0.0000	</row1>
					<row2>	0.0000 0.0000 -1.0000 0.0000	</row2>
					<row3>	-0.1378 0.7876 1.5388 1.0000	</row3>
				</transform>
			</node>
			<node>
				<identifier>	MP_ZM620_Binocular_INDEX_1	</identifier>
				<transform>
					<row0>	1.0000 0.0000 0.0000 0.0000	</row0>
					<row1>	0.0000 1.0000 0.0000 0.0000	</row1>
					<row2>	0.0000 0.0000 1.0000 0.0000	</row2>
					<row3>	0.1701 0.6247 1.5833 1.0000	</row3>
				</transform>
			</node>
			<node>
				<identifier>	MP_ZM620_Binocular_INDEX_10	</identifier>
				<transform>
					<row0>	0.0000 0.0000 1.0000 0.0000	</row0>
					<row1>	0.0000 1.0000 0.0000 0.0000	</row1>
					<row2>	-1.0000 0.0000 0.0000 0.0000	</row2>
					<row3>	0.0000 0.8017 1.6817 1.0000	</row3>
				</transform>
			</node>
			<node>
				<identifier>	MP_ZM620_Binocular_INDEX_2	</identifier>
				<transform>
					<row0>	-1.0000 0.0000 0.0000 0.0000	</row0>
					<row1>	0.0000 1.0000 0.0000 0.0000	</row1>
					<row2>	0.0000 0.0000 -1.0000 0.0000	</row2>
					<row3>	-0.1701 0.6247 1.5833 1.0000	</row3>
				</transform>
			</node>
			<node>
				<identifier>	MP_ZM620_Binocular_INDEX_3	</identifier>
				<transform>
					<row0>	1.0000 0.0000 0.0000 0.0000	</row0>
					<row1>	0.0000 1.0000 0.0000 0.0000	</row1>
					<row2>	0.0000 0.0000 1.0000 0.0000	</row2>
					<row3>	0.1701 0.6246 1.4920 1.0000	</row3>
				</transform>
			</node>
			<node>
				<identifier>	MP_ZM620_Binocular_INDEX_4	</identifier>
				<transform>
					<row0>	0.0000 0.0000 -1.0000 0.0000	</row0>
					<row1>	0.0000 1.0000 0.0000 0.0000	</row1>
					<row2>	1.0000 0.0000 0.0000 0.0000	</row2>
					<row3>	-0.0934 0.6592 1.7814 1.0000	</row3>
				</transform>
			</node>
			<node>
				<identifier>	MP_ZM620_Binocular_INDEX_5	</identifier>
				<transform>
					<row0>	-1.0000 0.0000 0.0000 0.0000	</row0>
					<row1>	0.0000 1.0000 0.0000 0.0000	</row1>
					<row2>	0.0000 0.0000 -1.0000 0.0000	</row2>
					<row3>	-0.1701 0.6247 1.4920 1.0000	</row3>
				</transform>
			</node>
			<node>
				<identifier>	MP_ZM620_Binocular_INDEX_6	</identifier>
				<transform>
					<row0>	1.0000 0.0000 0.0000 0.0000	</row0>
					<row1>	0.0000 1.0000 0.0000 0.0000	</row1>
					<row2>	0.0000 0.0000 1.0000 0.0000	</row2>
					<row3>	0.1378 0.7876 1.5388 1.0000	</row3>
				</transform>
			</node>
			<node>
				<identifier>	MP_ZM620_Binocular_INDEX_7	</identifier>
				<transform>
					<row0>	-1.0000 0.0000 0.0000 0.0000	</row0>
					<row1>	0.0000 1.0000 0.0000 0.0000	</row1>
					<row2>	0.0000 0.0000 -1.0000 0.0000	</row2>
					<row3>	-0.1378 0.7876 1.4415 1.0000	</row3>
				</transform>
			</node>
			<node>
				<identifier>	MP_ZM620_Binocular_INDEX_8	</identifier>
				<transform>
					<row0>	1.0000 0.0000 0.0000 0.0000	</row0>
					<row1>	0.0000 1.0000 0.0000 0.0000	</row1>
					<row2>	0.0000 0.0000 1.0000 0.0000	</row2>
					<row3>	0.1378 0.7876 1.4415 1.0000	</row3>
				</transform>
			</node>
			<node>
				<identifier>	MP_ZM620_Binocular_INDEX_9	</identifier>
				<transform>
					<row0>	0.0000 0.0000 1.0000 0.0000	</row0>
					<row1>	0.0000 1.0000 0.0000 0.0000	</row1>
					<row2>	-1.0000 0.0000 0.0000 0.0000	</row2>
					<row3>	0.0934 0.6592 1.7814 1.0000	</row3>
				</transform>
			</node>
			<node>
				<identifier>	MP_ZM621_Main_Wheel	</identifier>
				<transform>
					<row0>	1.0000 0.0000 0.0000 0.0000	</row0>
					<row1>	0.0000 1.0000 0.0000 0.0000	</row1>
					<row2>	0.0000 0.0000 1.0000 0.0000	</row2>
					<row3>	0.0000 0.6592 1.7352 1.0000	</row3>
				</transform>
			</node>
			<node>
				<identifier>	MP_ZM629_Telegraph_Engine_R	</identifier>
				<transform>
					<row0>	0.6524 0.0000 -0.7579 0.0000	</row0>
					<row1>	0.0000 1.0000 0.0000 0.0000	</row1>
					<row2>	0.7579 0.0000 0.6524 0.0000	</row2>
					<row3>	0.0652 0.6592 1.7082 1.0000	</row3>
				</transform>
			</node>
			<node>
				<identifier>	MP_ZM629_Telegraph_Engine_R_INDEX_1	</identifier>
				<transform>
					<row0>	0.6524 0.0000 -0.7579 0.0000	</row0>
					<row1>	0.0000 1.0000 0.0000 0.0000	</row1>
					<row2>	0.7579 0.0000 0.6524 0.0000	</row2>
					<row3>	0.0873 0.6592 1.6825 1.0000	</row3>
				</transform>
			</node>
			<node>
				<identifier>	MP_ZM660_Compass_repeater	</identifier>
				<transform>
					<row0>	-1.0000 0.0000 0.0000 0.0000	</row0>
					<row1>	0.0000 1.0000 0.0000 0.0000	</row1>
					<row2>	0.0000 0.0000 -1.0000 0.0000	</row2>
					<row3>	0.0000 0.8765 1.7386 1.0000	</row3>
				</transform>
			</node>
			<node>
				<identifier>	MP_ZM667_Wind_Intensity	</identifier>
				<transform>
					<row0>	1.0000 0.0000 0.0000 0.0000	</row0>
					<row1>	0.0000 1.0000 0.0000 0.0000	</row1>
					<row2>	0.0000 0.0000 1.0000 0.0000	</row2>
					<row3>	-0.0796 1.4064 1.0417 1.0000	</row3>
				</transform>
			</node>
			<node>
				<identifier>	MP_ZM667_Wind_Intensity_INDEX_1	</identifier>
				<transform>
					<row0>	1.0000 0.0000 0.0000 0.0000	</row0>
					<row1>	0.0000 1.0000 0.0000 0.0000	</row1>
					<row2>	0.0000 0.0000 1.0000 0.0000	</row2>
					<row3>	0.0796 1.4064 1.0417 1.0000	</row3>
				</transform>
			</node>
			<node>
				<identifier>	MP_ZM668_Wind_Direction	</identifier>
				<transform>
					<row0>	1.0000 0.0000 0.0000 0.0000	</row0>
					<row1>	0.0000 1.0000 0.0000 0.0000	</row1>
					<row2>	0.0000 0.0000 1.0000 0.0000	</row2>
					<row3>	-0.0001 1.4939 1.0284 1.0000	</row3>
				</transform>
			</node>
			<node>
				<identifier>	MP_ZM670_Voice_Tube	</identifier>
				<transform>
					<row0>	0.0000 0.0000 -1.0000 0.0000	</row0>
					<row1>	0.0000 1.0000 0.0000 0.0000	</row1>
					<row2>	1.0000 0.0000 0.0000 0.0000	</row2>
					<row3>	0.1534 0.7876 1.4850 1.0000	</row3>
				</transform>
			</node>
			<node>
				<identifier>	MP_ZM670_Voice_Tube_INDEX_1	</identifier>
				<transform>
					<row0>	0.7071 0.0000 0.7071 0.0000	</row0>
					<row1>	0.0000 1.0000 0.0000 0.0000	</row1>
					<row2>	-0.7071 0.0000 0.7071 0.0000	</row2>
					<row3>	-0.0331 0.8017 1.6831 1.0000	</row3>
				</transform>
			</node>
			<node>
				<identifier>	MP_ZM670_Voice_Tube_INDEX_2	</identifier>
				<transform>
					<row0>	0.8660 0.0000 0.5000 0.0000	</row0>
					<row1>	0.0000 1.0000 0.0000 0.0000	</row1>
					<row2>	-0.5000 0.0000 0.8660 0.0000	</row2>
					<row3>	-0.0540 0.6592 1.7354 1.0000	</row3>
				</transform>
			</node>
			<node>
				<identifier>	MP_ZM670_Voice_Tube_INDEX_3	</identifier>
				<transform>
					<row0>	-0.7071 0.0000 0.7071 0.0000	</row0>
					<row1>	0.0000 1.0000 0.0000 0.0000	</row1>
					<row2>	-0.7071 0.0000 -0.7071 0.0000	</row2>
					<row3>	-0.0590 0.6247 1.1856 1.0000	</row3>
				</transform>
			</node>
			<node>
				<identifier>	MP_ZM670_Voice_Tube_INDEX_4	</identifier>
				<transform>
					<row0>	0.8660 0.0000 -0.5000 0.0000	</row0>
					<row1>	0.0000 1.0000 0.0000 0.0000	</row1>
					<row2>	0.5000 0.0000 0.8660 0.0000	</row2>
					<row3>	0.0698 0.6592 1.7354 1.0000	</row3>
				</transform>
			</node>
			<node>
				<identifier>	MP_ZM670_Voice_Tube_INDEX_5	</identifier>
				<transform>
					<row0>	1.0000 0.0000 0.0000 0.0000	</row0>
					<row1>	0.0000 1.0000 0.0000 0.0000	</row1>
					<row2>	0.0000 0.0000 1.0000 0.0000	</row2>
					<row3>	0.0570 0.6592 1.7815 1.0000	</row3>
				</transform>
			</node>
			<node>
				<identifier>	MP_ZM670_Voice_Tube_INDEX_6	</identifier>
				<transform>
					<row0>	0.0000 0.0000 1.0000 0.0000	</row0>
					<row1>	0.0000 1.0000 0.0000 0.0000	</row1>
					<row2>	-1.0000 0.0000 0.0000 0.0000	</row2>
					<row3>	-0.1534 0.7876 1.4850 1.0000	</row3>
				</transform>
			</node>
			<node>
				<identifier>	MP_ZM672_Controler_Sl	</identifier>
				<transform>
					<row0>	1.0000 0.0000 0.0000 0.0000	</row0>
					<row1>	0.0000 1.0000 0.0000 0.0000	</row1>
					<row2>	0.0000 0.0000 1.0000 0.0000	</row2>
					<row3>	0.0000 0.6236 1.1697 1.0000	</row3>
				</transform>
			</node>
			<node>
				<identifier>	MP_ZM673_Gyro_Repeater	</identifier>
				<transform>
					<row0>	0.9401 0.0000 0.3409 0.0000	</row0>
					<row1>	0.0000 1.0000 0.0000 0.0000	</row1>
					<row2>	-0.3409 0.0000 0.9401 0.0000	</row2>
					<row3>	0.1690 0.6248 1.4652 1.0000	</row3>
				</transform>
			</node>
			<node>
				<identifier>	MP_ZM673_Gyro_Repeater_INDEX_1	</identifier>
				<transform>
					<row0>	0.9401 0.0000 -0.3409 0.0000	</row0>
					<row1>	0.0000 1.0000 0.0000 0.0000	</row1>
					<row2>	0.3409 0.0000 0.9401 0.0000	</row2>
					<row3>	-0.1690 0.6248 1.4652 1.0000	</row3>
				</transform>
			</node>
			<node>
				<identifier>	MP_ZM674_Turning_Indicator	</identifier>
				<transform>
					<row0>	1.0000 0.0000 0.0000 0.0000	</row0>
					<row1>	0.0000 1.0000 0.0000 0.0000	</row1>
					<row2>	0.0000 0.0000 1.0000 0.0000	</row2>
					<row3>	0.0449 0.6592 1.7445 1.0000	</row3>
				</transform>
			</node>
			<node>
				<identifier>	MP_ZM675_Rangefinder_66cm	</identifier>
				<transform>
					<row0>	1.0000 0.0000 0.0000 0.0000	</row0>
					<row1>	0.0000 1.0000 0.0000 0.0000	</row1>
					<row2>	0.0000 0.0000 1.0000 0.0000	</row2>
					<row3>	-0.1212 0.8484 1.5956 1.0000	</row3>
				</transform>
			</node>
			<node>
				<identifier>	MP_ZM675_Rangefinder_66cm_INDEX_1	</identifier>
				<transform>
					<row0>	1.0000 0.0000 0.0000 0.0000	</row0>
					<row1>	0.0000 1.0000 0.0000 0.0000	</row1>
					<row2>	0.0000 0.0000 1.0000 0.0000	</row2>
					<row3>	0.1212 0.8484 1.5956 1.0000	</row3>
				</transform>
			</node>
			<node>
				<identifier>	MP_ZM676_Detector	</identifier>
				<transform>
					<row0>	0.0000 0.0000 1.0000 0.0000	</row0>
					<row1>	0.0000 1.0000 0.0000 0.0000	</row1>
					<row2>	-1.0000 0.0000 0.0000 0.0000	</row2>
					<row3>	-0.1303 0.6687 1.7153 1.0000	</row3>
				</transform>
			</node>
			<node>
				<identifier>	MP_ZM676_Detector_INDEX_1	</identifier>
				<transform>
					<row0>	0.0000 0.0000 -1.0000 0.0000	</row0>
					<row1>	0.0000 1.0000 0.0000 0.0000	</row1>
					<row2>	1.0000 0.0000 0.0000 0.0000	</row2>
					<row3>	0.1303 0.6687 1.7153 1.0000	</row3>
				</transform>
			</node>
			<node>
				<identifier>	MP_ZM677_Gyro	</identifier>
				<transform>
					<row0>	1.0000 0.0000 0.0000 0.0000	</row0>
					<row1>	0.0000 1.0000 0.0000 0.0000	</row1>
					<row2>	0.0000 0.0000 1.0000 0.0000	</row2>
					<row3>	0.0000 0.6592 1.8097 1.0000	</row3>
				</transform>
			</node>
			<node>
				<identifier>	MP_ZM678_Gyro	</identifier>
				<transform>
					<row0>	1.0000 0.0000 0.0000 0.0000	</row0>
					<row1>	0.0000 1.0000 0.0000 0.0000	</row1>
					<row2>	0.0000 0.0000 1.0000 0.0000	</row2>
					<row3>	0.0000 0.6592 1.7614 1.0000	</row3>
				</transform>
			</node>
			<node>
				<identifier>	MP_ZM765_Hatch	</identifier>
				<transform>
					<row0>	0.0000 0.0000 1.0000 0.0000	</row0>
					<row1>	0.0000 1.0000 0.0000 0.0000	</row1>
					<row2>	-1.0000 0.0000 0.0000 0.0000	</row2>
					<row3>	0.0441 0.1897 0.1486 1.0000	</row3>
				</transform>
			</node>
			<node>
				<identifier>	MP_ZM765_Hatch_INDEX_1	</identifier>
				<transform>
					<row0>	0.0000 0.0000 -1.0000 0.0000	</row0>
					<row1>	0.0000 1.0000 0.0000 0.0000	</row1>
					<row2>	1.0000 0.0000 0.0000 0.0000	</row2>
					<row3>	-0.0441 0.1897 0.1486 1.0000	</row3>
				</transform>
			</node>
			<node>
				<identifier>	MP_ZM767_Hatch	</identifier>
				<transform>
					<row0>	-1.0000 0.0000 0.0000 0.0000	</row0>
					<row1>	0.0000 1.0000 0.0000 0.0000	</row1>
					<row2>	0.0000 0.0000 -1.0000 0.0000	</row2>
					<row3>	0.0000 0.1918 0.0530 1.0000	</row3>
				</transform>
			</node>
			<node>
				<identifier>	MP_ZM767_Hatch_INDEX_1	</identifier>
				<transform>
					<row0>	-1.2188 0.0000 0.0000 0.0000	</row0>
					<row1>	0.0000 1.2188 0.0000 0.0000	</row1>
					<row2>	0.0000 0.0000 -1.2188 0.0000	</row2>
					<row3>	-0.0926 0.4065 -0.1621 1.0000	</row3>
				</transform>
			</node>
			<node>
				<identifier>	MP_ZM767_Hatch_INDEX_2	</identifier>
				<transform>
					<row0>	1.1500 0.0000 0.0000 0.0000	</row0>
					<row1>	0.0000 1.1500 0.0000 0.0000	</row1>
					<row2>	0.0000 0.0000 1.1500 0.0000	</row2>
					<row3>	-0.0068 0.1915 0.2026 1.0000	</row3>
				</transform>
			</node>
			<node>
				<identifier>	MP_ZM767_Hatch_INDEX_3	</identifier>
				<transform>
					<row0>	-1.2188 0.0000 0.0000 0.0000	</row0>
					<row1>	0.0000 1.2188 0.0000 0.0000	</row1>
					<row2>	0.0000 0.0000 -1.2188 0.0000	</row2>
					<row3>	0.0926 0.4065 -0.1621 1.0000	</row3>
				</transform>
			</node>
			<node>
				<identifier>	MP_ZM767_Hatch_INDEX_4	</identifier>
				<transform>
					<row0>	1.2188 0.0000 0.0000 0.0000	</row0>
					<row1>	0.0000 1.2188 0.0000 0.0000	</row1>
					<row2>	0.0000 0.0000 1.2188 0.0000	</row2>
					<row3>	0.0908 0.4064 -0.0988 1.0000	</row3>
				</transform>
			</node>
			<node>
				<identifier>	MP_ZM767_Hatch_INDEX_5	</identifier>
				<transform>
					<row0>	1.2188 0.0000 0.0000 0.0000	</row0>
					<row1>	0.0000 1.2188 0.0000 0.0000	</row1>
					<row2>	0.0000 0.0000 1.2188 0.0000	</row2>
					<row3>	-0.0908 0.4064 -0.0988 1.0000	</row3>
				</transform>
			</node>
			<node>
				<identifier>	MP_ZM768_Hatch	</identifier>
				<transform>
					<row0>	-0.2559 -0.0102 -0.9666 0.0000	</row0>
					<row1>	-0.0239 0.9997 -0.0042 0.0000	</row1>
					<row2>	0.9664 0.0221 -0.2561 0.0000	</row2>
					<row3>	-0.1899 0.3100 2.5492 1.0000	</row3>
				</transform>
			</node>
			<node>
				<identifier>	MP_ZM768_Hatch_INDEX_1	</identifier>
				<transform>
					<row0>	-0.2559 0.0102 0.9666 0.0000	</row0>
					<row1>	0.0239 0.9997 -0.0042 0.0000	</row1>
					<row2>	-0.9664 0.0221 -0.2561 0.0000	</row2>
					<row3>	0.1899 0.3100 2.5492 1.0000	</row3>
				</transform>
			</node>
			<node>
				<identifier>	MP_ZM768_Hatch_INDEX_2	</identifier>
				<transform>
					<row0>	0.4269 -0.0332 0.9037 0.0000	</row0>
					<row1>	0.0339 0.9992 0.0207 0.0000	</row1>
					<row2>	-0.9037 0.0217 0.4277 0.0000	</row2>
					<row3>	0.1728 0.3141 2.2460 1.0000	</row3>
				</transform>
			</node>
			<node>
				<identifier>	MP_ZM768_Hatch_INDEX_3	</identifier>
				<transform>
					<row0>	0.0000 -0.0037 1.0000 0.0000	</row0>
					<row1>	-0.0046 1.0000 0.0037 0.0000	</row1>
					<row2>	-1.0000 -0.0046 0.0000 0.0000	</row2>
					<row3>	-0.0241 0.3190 2.0835 1.0000	</row3>
				</transform>
			</node>
			<node>
				<identifier>	MP_ZM768_Hatch_INDEX_4	</identifier>
				<transform>
					<row0>	0.4269 0.0332 -0.9037 0.0000	</row0>
					<row1>	-0.0339 0.9992 0.0207 0.0000	</row1>
					<row2>	0.9037 0.0217 0.4277 0.0000	</row2>
					<row3>	-0.1728 0.3141 2.2460 1.0000	</row3>
				</transform>
			</node>
			<node>
				<identifier>	MP_ZM768_Hatch_INDEX_5	</identifier>
				<transform>
					<row0>	0.4269 -0.0332 0.9037 0.0000	</row0>
					<row1>	0.0339 0.9992 0.0207 0.0000	</row1>
					<row2>	-0.9037 0.0217 0.4277 0.0000	</row2>
					<row3>	0.1448 0.3161 2.1869 1.0000	</row3>
				</transform>
			</node>
			<node>
				<identifier>	MP_ZM782_Deck_Hatch	</identifier>
				<transform>
					<row0>	-0.5458 0.0000 0.0000 0.0000	</row0>
					<row1>	0.0000 0.5458 0.0000 0.0000	</row1>
					<row2>	0.0000 0.0000 -0.5458 0.0000	</row2>
					<row3>	-0.1537 0.3153 2.1667 1.0000	</row3>
				</transform>
			</node>
			<node>
				<identifier>	MP_ZM822_Ventilation	</identifier>
				<transform>
					<row0>	-0.3720 0.0000 0.0000 0.0000	</row0>
					<row1>	0.0000 0.3720 0.0000 0.0000	</row1>
					<row2>	0.0000 0.0000 -0.3720 0.0000	</row2>
					<row3>	-0.2066 0.3536 1.5858 1.0000	</row3>
				</transform>
			</node>
			<node>
				<identifier>	MP_ZM822_Ventilation_INDEX_1	</identifier>
				<transform>
					<row0>	-0.2653 0.0000 0.0000 0.0000	</row0>
					<row1>	0.0000 0.2653 0.0000 0.0000	</row1>
					<row2>	0.0000 0.0000 -0.2653 0.0000	</row2>
					<row3>	-0.2036 0.3637 1.4899 1.0000	</row3>
				</transform>
			</node>
			<node>
				<identifier>	MP_ZM822_Ventilation_INDEX_2	</identifier>
				<transform>
					<row0>	-0.2477 0.0000 0.0000 0.0000	</row0>
					<row1>	0.0000 0.2477 0.0000 0.0000	</row1>
					<row2>	0.0000 0.0000 -0.2477 0.0000	</row2>
					<row3>	0.0163 0.3579 2.0449 1.0000	</row3>
				</transform>
			</node>
			<node>
				<identifier>	MP_ZM822_Ventilation_INDEX_3	</identifier>
				<transform>
					<row0>	-0.3720 0.0000 0.0000 0.0000	</row0>
					<row1>	0.0000 0.3720 0.0000 0.0000	</row1>
					<row2>	0.0000 0.0000 -0.3720 0.0000	</row2>
					<row3>	0.0175 0.3644 2.0972 1.0000	</row3>
				</transform>
			</node>
			<node>
				<identifier>	MP_ZM823_Ventilators	</identifier>
				<transform>
					<row0>	1.0000 0.0000 0.0000 0.0000	</row0>
					<row1>	0.0000 1.0000 0.0000 0.0000	</row1>
