<FSB012_Gascoigne_1941_Stern_ports.visual>
	<node>
		<identifier>	Scene Root	</identifier>
		<transform>
			<row0>	1.0000 0.0000 0.0000 0.0000	</row0>
			<row1>	0.0000 1.0000 0.0000 0.0000	</row1>
			<row2>	0.0000 0.0000 1.0000 0.0000	</row2>
			<row3>	0.0000 0.0000 0.0000 1.0000	</row3>
		</transform>
		<node>
			<identifier>	Stern_ports	</identifier>
			<transform>
				<row0>	1.0000 0.0000 0.0000 0.0000	</row0>
				<row1>	0.0000 1.0000 0.0000 0.0000	</row1>
				<row2>	0.0000 0.0000 1.0000 0.0000	</row2>
				<row3>	0.0000 0.0000 0.0000 1.0000	</row3>
			</transform>
			<node>
				<identifier>	HP_FC_1	</identifier>
				<transform>
					<row0>	0.7314 0.0000 0.6820 0.0000	</row0>
					<row1>	0.0000 1.0000 0.0000 0.0000	</row1>
					<row2>	-0.6820 0.0000 0.7314 0.0000	</row2>
					<row3>	0.0000 0.3987 -7.3984 1.0000	</row3>
				</transform>
			</node>
			<node>
				<identifier>	HP_FX_Fire_4	</identifier>
				<transform>
					<row0>	1.0000 0.0000 0.0000 0.0000	</row0>
					<row1>	0.0000 1.0000 0.0000 0.0000	</row1>
					<row2>	0.0000 0.0000 1.0000 0.0000	</row2>
					<row3>	0.0000 0.4009 -6.6388 1.0000	</row3>
				</transform>
			</node>
			<node>
				<identifier>	HP_FX_RepairLight_left_1	</identifier>
				<transform>
					<row0>	-0.1115 0.0000 0.9938 0.0000	</row0>
					<row1>	-0.0244 0.9997 -0.0027 0.0000	</row1>
					<row2>	-0.9935 -0.0246 -0.1115 0.0000	</row2>
					<row3>	-0.7327 0.3913 -5.7326 1.0000	</row3>
				</transform>
			</node>
			<node>
				<identifier>	HP_FX_WakeTraceBack	</identifier>
				<transform>
					<row0>	1.0000 0.0000 0.0000 0.0000	</row0>
					<row1>	0.0000 1.0000 0.0000 0.0000	</row1>
					<row2>	0.0000 0.0000 1.0000 0.0000	</row2>
					<row3>	0.0000 0.0000 -7.9400 1.0000	</row3>
				</transform>
			</node>
			<node>
				<identifier>	HP_FX_WakeTrace_screw_1	</identifier>
				<transform>
					<row0>	1.0000 0.0000 0.0000 0.0000	</row0>
					<row1>	0.0000 1.0000 0.0000 0.0000	</row1>
					<row2>	0.0000 0.0000 1.0000 0.0000	</row2>
					<row3>	-0.5955 -0.4967 -5.7777 1.0000	</row3>
				</transform>
			</node>
			<node>
				<identifier>	HP_FX_WakeTrace_screw_2	</identifier>
				<transform>
					<row0>	1.0000 0.0000 0.0000 0.0000	</row0>
					<row1>	0.0000 1.0000 0.0000 0.0000	</row1>
					<row2>	0.0000 0.0000 1.0000 0.0000	</row2>
					<row3>	-0.3240 -0.4947 -6.7514 1.0000	</row3>
				</transform>
			</node>
			<node>
				<identifier>	HP_FX_WakeTrace_screw_3	</identifier>
				<transform>
					<row0>	1.0000 0.0000 0.0000 0.0000	</row0>
					<row1>	0.0000 1.0000 0.0000 0.0000	</row1>
					<row2>	0.0000 0.0000 1.0000 0.0000	</row2>
					<row3>	0.5955 -0.4967 -5.7777 1.0000	</row3>
				</transform>
			</node>
			<node>
				<identifier>	HP_FX_WakeTrace_screw_4	</identifier>
				<transform>
					<row0>	1.0000 0.0000 0.0000 0.0000	</row0>
					<row1>	0.0000 1.0000 0.0000 0.0000	</row1>
					<row2>	0.0000 0.0000 1.0000 0.0000	</row2>
					<row3>	0.3240 -0.4947 -6.7514 1.0000	</row3>
				</transform>
			</node>
			<node>
				<identifier>	HP_Ship_death_3	</identifier>
				<transform>
					<row0>	1.0000 0.0000 0.0000 0.0000	</row0>
					<row1>	0.0000 1.0000 0.0000 0.0000	</row1>
					<row2>	0.0000 0.0000 1.0000 0.0000	</row2>
					<row3>	0.0392 0.0000 -5.2209 1.0000	</row3>
				</transform>
			</node>
			<node>
				<identifier>	MP_CM002_Propeller4_L	</identifier>
				<transform>
					<row0>	0.9647 0.2568 -0.0583 0.0000	</row0>
					<row1>	-0.2574 0.9663 -0.0035 0.0000	</row1>
					<row2>	0.0554 0.0184 0.9983 0.0000	</row2>
					<row3>	-0.5955 -0.4967 -5.7777 1.0000	</row3>
				</transform>
			</node>
			<node>
				<identifier>	MP_CM002_Propeller4_L_INDEX_1	</identifier>
				<transform>
					<row0>	0.9870 0.1603 -0.0116 0.0000	</row0>
					<row1>	-0.1607 0.9862 -0.0392 0.0000	</row1>
					<row2>	0.0052 0.0406 0.9992 0.0000	</row2>
					<row3>	-0.3240 -0.4947 -6.7514 1.0000	</row3>
				</transform>
			</node>
			<node>
				<identifier>	MP_CM033_Propeller4_R	</identifier>
				<transform>
					<row0>	0.9647 -0.2568 0.0583 0.0000	</row0>
					<row1>	0.2574 0.9663 -0.0035 0.0000	</row1>
					<row2>	-0.0554 0.0184 0.9983 0.0000	</row2>
					<row3>	0.5955 -0.4967 -5.7777 1.0000	</row3>
				</transform>
			</node>
			<node>
				<identifier>	MP_CM033_Propeller4_R_INDEX_1	</identifier>
				<transform>
					<row0>	0.9870 -0.1603 0.0116 0.0000	</row0>
					<row1>	0.1607 0.9862 -0.0392 0.0000	</row1>
					<row2>	-0.0052 0.0406 0.9992 0.0000	</row2>
					<row3>	0.3240 -0.4947 -6.7514 1.0000	</row3>
				</transform>
			</node>
			<node>
				<identifier>	MP_CM126_Cleat	</identifier>
				<transform>
					<row0>	-0.7950 0.0000 0.6066 0.0000	</row0>
					<row1>	0.0000 1.0000 0.0000 0.0000	</row1>
					<row2>	-0.6066 0.0000 -0.7950 0.0000	</row2>
					<row3>	0.1820 0.3974 -8.0992 1.0000	</row3>
				</transform>
			</node>
			<node>
				<identifier>	MP_CM126_Cleat_INDEX_1	</identifier>
				<transform>
					<row0>	0.9225 0.0000 0.3859 0.0000	</row0>
					<row1>	0.0000 1.0000 0.0000 0.0000	</row1>
					<row2>	-0.3859 0.0000 0.9225 0.0000	</row2>
					<row3>	-0.3721 0.3928 -7.7526 1.0000	</row3>
				</transform>
			</node>
			<node>
				<identifier>	MP_CM126_Cleat_INDEX_2	</identifier>
				<transform>
					<row0>	-0.7950 0.0000 -0.6066 0.0000	</row0>
					<row1>	0.0000 1.0000 0.0000 0.0000	</row1>
					<row2>	0.6066 0.0000 -0.7950 0.0000	</row2>
					<row3>	-0.1820 0.3974 -8.0992 1.0000	</row3>
				</transform>
			</node>
			<node>
				<identifier>	MP_CM126_Cleat_INDEX_3	</identifier>
				<transform>
					<row0>	0.9225 0.0000 -0.3859 0.0000	</row0>
					<row1>	0.0000 1.0000 0.0000 0.0000	</row1>
					<row2>	0.3859 0.0000 0.9225 0.0000	</row2>
					<row3>	0.3721 0.3928 -7.7526 1.0000	</row3>
				</transform>
			</node>
			<node>
				<identifier>	MP_FM019_Life_Bouy	</identifier>
				<transform>
					<row0>	0.8660 0.0000 -0.5000 0.0000	</row0>
					<row1>	0.0000 1.0000 0.0000 0.0000	</row1>
					<row2>	0.5000 0.0000 0.8660 0.0000	</row2>
					<row3>	-0.5276 0.4039 -7.5207 1.0000	</row3>
				</transform>
			</node>
			<node>
				<identifier>	MP_FM019_Life_Bouy_INDEX_1	</identifier>
				<transform>
					<row0>	0.8660 0.0000 0.5000 0.0000	</row0>
					<row1>	0.0000 1.0000 0.0000 0.0000	</row1>
					<row2>	-0.5000 0.0000 0.8660 0.0000	</row2>
					<row3>	0.5276 0.4039 -7.5207 1.0000	</row3>
				</transform>
			</node>
			<node>
				<identifier>	MP_FM860_Running_Lights_Back	</identifier>
				<transform>
					<row0>	-1.0000 0.0000 0.0000 0.0000	</row0>
					<row1>	0.0000 1.0000 0.0000 0.0000	</row1>
					<row2>	0.0000 0.0000 -1.0000 0.0000	</row2>
					<row3>	0.0000 0.4717 -8.1969 1.0000	</row3>
				</transform>
			</node>
			<node>
				<identifier>	MP_FM950_Anchor_bottom	</identifier>
				<transform>
					<row0>	0.6208 0.3058 -0.1055 0.0000	</row0>
					<row1>	-0.2697 0.6153 0.1966 0.0000	</row1>
					<row2>	0.1786 -0.1337 0.6635 0.0000	</row2>
					<row3>	-0.0175 0.2722 -8.2144 1.0000	</row3>
				</transform>
			</node>
			<node>
				<identifier>	MP_FM951_Anchor_up	</identifier>
				<transform>
					<row0>	0.6208 0.3058 -0.1055 0.0000	</row0>
					<row1>	-0.1439 0.4654 0.5027 0.0000	</row1>
					<row2>	0.2897 -0.4241 0.4756 0.0000	</row2>
					<row3>	-0.0176 0.2725 -8.2143 1.0000	</row3>
				</transform>
			</node>
			<node>
				<identifier>	MP_FM954_Anchor_Capstan_Back	</identifier>
				<transform>
					<row0>	0.7953 0.0000 0.2934 0.0000	</row0>
					<row1>	0.0000 1.1005 0.0000 0.0000	</row1>
					<row2>	-0.2934 0.0000 0.7953 0.0000	</row2>
					<row3>	-0.2757 0.4063 -7.4709 1.0000	</row3>
				</transform>
			</node>
			<node>
				<identifier>	MP_FM955_Bollard	</identifier>
				<transform>
					<row0>	1.9065 0.0000 0.0000 0.0000	</row0>
					<row1>	0.0000 1.9065 0.0000 0.0000	</row1>
					<row2>	0.0000 0.0000 1.9065 0.0000	</row2>
					<row3>	0.3674 0.3837 -7.1751 1.0000	</row3>
				</transform>
			</node>
			<node>
				<identifier>	MP_FM955_Bollard_INDEX_1	</identifier>
				<transform>
					<row0>	1.9065 0.0000 0.0000 0.0000	</row0>
					<row1>	0.0000 1.9065 0.0000 0.0000	</row1>
					<row2>	0.0000 0.0000 1.9065 0.0000	</row2>
					<row3>	-0.3674 0.3837 -7.1751 1.0000	</row3>
				</transform>
			</node>
			<node>
				<identifier>	MP_FM955_Bollard_INDEX_2	</identifier>
				<transform>
					<row0>	1.1917 0.0000 0.0000 0.0000	</row0>
					<row1>	0.0000 1.1917 0.0000 0.0000	</row1>
					<row2>	0.0000 0.0000 1.1917 0.0000	</row2>
					<row3>	-0.4376 0.3890 -7.3882 1.0000	</row3>
				</transform>
			</node>
			<node>
				<identifier>	MP_FM955_Bollard_INDEX_3	</identifier>
				<transform>
					<row0>	1.1917 0.0000 0.0000 0.0000	</row0>
					<row1>	0.0000 1.1917 0.0000 0.0000	</row1>
					<row2>	0.0000 0.0000 1.1917 0.0000	</row2>
					<row3>	0.4376 0.3890 -7.3882 1.0000	</row3>
				</transform>
			</node>
			<node>
				<identifier>	SP_YMS011_YHWL_M_1_INDEX_15	</identifier>
				<transform>
					<row0>	0.9212 0.3592 0.1496 0.0000	</row0>
					<row1>	-0.3549 0.9333 -0.0555 0.0000	</row1>
					<row2>	-0.1596 -0.0020 0.9872 0.0000	</row2>
					<row3>	-0.6316 0.0000 -5.9787 1.0000	</row3>
				</transform>
			</node>
			<node>
				<identifier>	SP_YMS011_YHWL_M_1_INDEX_16	</identifier>
				<transform>
					<row0>	0.8698 0.4617 0.1742 0.0000	</row0>
					<row1>	-0.4522 0.8870 -0.0932 0.0000	</row1>
					<row2>	-0.1976 0.0023 0.9803 0.0000	</row2>
					<row3>	-0.4746 0.0000 -6.7902 1.0000	</row3>
				</transform>
			</node>
			<node>
				<identifier>	SP_YMS011_YHWL_M_1_INDEX_17	</identifier>
				<transform>
					<row0>	0.8413 0.4565 0.2895 0.0000	</row0>
					<row1>	-0.4255 0.8896 -0.1663 0.0000	</row1>
					<row2>	-0.3335 0.0167 0.9426 0.0000	</row2>
					<row3>	-0.2450 -0.0069 -7.6331 1.0000	</row3>
				</transform>
			</node>
			<node>
				<identifier>	SP_YMS012_YHWR_M_1_INDEX_15	</identifier>
				<transform>
					<row0>	0.9212 -0.3592 -0.1496 0.0000	</row0>
					<row1>	0.3549 0.9333 -0.0555 0.0000	</row1>
					<row2>	0.1596 -0.0020 0.9872 0.0000	</row2>
					<row3>	0.6316 0.0000 -5.9787 1.0000	</row3>
				</transform>
			</node>
			<node>
				<identifier>	SP_YMS012_YHWR_M_1_INDEX_16	</identifier>
				<transform>
					<row0>	0.8698 -0.4617 -0.1742 0.0000	</row0>
					<row1>	0.4522 0.8870 -0.0932 0.0000	</row1>
					<row2>	0.1976 0.0023 0.9803 0.0000	</row2>
					<row3>	0.4746 0.0000 -6.7902 1.0000	</row3>
				</transform>
			</node>
			<node>
				<identifier>	SP_YMS012_YHWR_M_1_INDEX_17	</identifier>
				<transform>
					<row0>	0.8413 -0.4565 -0.2895 0.0000	</row0>
					<row1>	0.4255 0.8896 -0.1663 0.0000	</row1>
					<row2>	0.3335 0.0167 0.9426 0.0000	</row2>
					<row3>	0.2450 -0.0069 -7.6331 1.0000	</row3>
				</transform>
			</node>
			<node>
				<identifier>	SP_YMS021_YHUC_S_1_INDEX_10	</identifier>
				<transform>
					<row0>	-0.7473 0.6613 -0.0650 0.0000	</row0>
					<row1>	-0.6435 -0.7447 -0.1773 0.0000	</row1>
					<row2>	-0.1657 -0.0907 0.9820 0.0000	</row2>
					<row3>	-0.3569 -0.1645 -6.8251 1.0000	</row3>
				</transform>
			</node>
			<node>
				<identifier>	SP_YMS021_YHUC_S_1_INDEX_11	</identifier>
				<transform>
					<row0>	-0.7473 -0.6613 0.0650 0.0000	</row0>
					<row1>	0.6435 -0.7447 -0.1773 0.0000	</row1>
					<row2>	0.1657 -0.0907 0.9820 0.0000	</row2>
					<row3>	0.3569 -0.1645 -6.8251 1.0000	</row3>
				</transform>
			</node>
			<node>
				<identifier>	SP_YMS021_YHUC_S_1_INDEX_8	</identifier>
				<transform>
					<row0>	-0.6575 0.7523 -0.0415 0.0000	</row0>
					<row1>	-0.7397 -0.6550 -0.1543 0.0000	</row1>
					<row2>	-0.1432 -0.0708 0.9872 0.0000	</row2>
					<row3>	-0.5430 -0.2127 -5.8640 1.0000	</row3>
				</transform>
			</node>
			<node>
				<identifier>	SP_YMS021_YHUC_S_1_INDEX_9	</identifier>
				<transform>
					<row0>	-0.6575 -0.7523 0.0415 0.0000	</row0>
					<row1>	0.7397 -0.6550 -0.1543 0.0000	</row1>
					<row2>	0.1432 -0.0708 0.9872 0.0000	</row2>
					<row3>	0.5430 -0.2127 -5.8640 1.0000	</row3>
				</transform>
			</node>
			<node>
				<identifier>	SP_YMS023_YHUC_L_1	</identifier>
				<transform>
					<row0>	0.8682 -0.0282 -0.0477 0.0000	</row0>
					<row1>	0.0273 0.8694 -0.0175 0.0000	</row1>
					<row2>	0.0482 0.0160 0.8685 0.0000	</row2>
					<row3>	-0.5955 -0.4967 -5.7777 1.0000	</row3>
				</transform>
			</node>
			<node>
				<identifier>	SP_YMS023_YHUC_L_1_INDEX_1	</identifier>
				<transform>
					<row0>	0.8682 0.0282 0.0477 0.0000	</row0>
					<row1>	-0.0273 0.8694 -0.0175 0.0000	</row1>
					<row2>	-0.0482 0.0160 0.8685 0.0000	</row2>
					<row3>	0.5955 -0.4967 -5.7777 1.0000	</row3>
				</transform>
			</node>
			<node>
				<identifier>	SP_YMS023_YHUC_L_1_INDEX_2	</identifier>
				<transform>
					<row0>	0.8698 0.0167 -0.0094 0.0000	</row0>
					<row1>	-0.0171 0.8691 -0.0358 0.0000	</row1>
					<row2>	0.0087 0.0360 0.8692 0.0000	</row2>
					<row3>	-0.3240 -0.4947 -6.7514 1.0000	</row3>
				</transform>
			</node>
			<node>
				<identifier>	SP_YMS023_YHUC_L_1_INDEX_3	</identifier>
				<transform>
					<row0>	0.8698 -0.0167 0.0094 0.0000	</row0>
					<row1>	0.0171 0.8691 -0.0358 0.0000	</row1>
					<row2>	-0.0087 0.0360 0.8692 0.0000	</row2>
					<row3>	0.3240 -0.4947 -6.7514 1.0000	</row3>
				</transform>
			</node>
			<node>
				<identifier>	SP_YMS030_YHAM_M_1	</identifier>
				<transform>
					<row0>	0.7550 0.0000 0.0000 0.0000	</row0>
					<row1>	0.0000 0.7550 0.0000 0.0000	</row1>
					<row2>	0.0000 0.0000 0.7550 0.0000	</row2>
					<row3>	0.0000 0.2486 -8.2123 1.0000	</row3>
				</transform>
			</node>
			<node>
				<identifier>	SP_YMS031_YHAL_M_1	</identifier>
				<transform>
					<row0>	1.1826 0.3757 0.3509 0.0000	</row0>
					<row1>	-0.3533 1.2334 -0.1298 0.0000	</row1>
					<row2>	-0.3734 0.0229 1.2341 0.0000	</row2>
					<row3>	-0.3551 0.1964 -7.7484 1.0000	</row3>
				</transform>
			</node>
			<node>
				<identifier>	SP_YMS032_YHAR_M_1	</identifier>
				<transform>
					<row0>	1.1826 -0.3757 -0.3509 0.0000	</row0>
					<row1>	0.3533 1.2334 -0.1298 0.0000	</row1>
					<row2>	0.3734 0.0229 1.2341 0.0000	</row2>
					<row3>	0.3551 0.1964 -7.7484 1.0000	</row3>
				</transform>
			</node>
			<node>
				<identifier>	SP_YMS053_YHDC_S_1_INDEX_10	</identifier>
				<transform>
					<row0>	1.2066 0.0000 0.0000 0.0000	</row0>
					<row1>	0.0000 1.2066 0.0000 0.0000	</row1>
					<row2>	0.0000 0.0000 1.2066 0.0000	</row2>
					<row3>	0.0000 0.4350 -6.1908 1.0000	</row3>
				</transform>
			</node>
			<node>
				<identifier>	SP_YMS053_YHDC_S_1_INDEX_5	</identifier>
				<transform>
					<row0>	1.0000 0.0000 0.0000 0.0000	</row0>
					<row1>	0.0000 1.0000 0.0000 0.0000	</row1>
					<row2>	0.0000 0.0000 1.0000 0.0000	</row2>
					<row3>	0.6168 0.4016 -5.1886 1.0000	</row3>
				</transform>
			</node>
			<node>
				<identifier>	SP_YMS053_YHDC_S_1_INDEX_6	</identifier>
				<transform>
					<row0>	1.4416 0.0000 0.0000 0.0000	</row0>
					<row1>	0.0000 1.4416 0.0000 0.0000	</row1>
					<row2>	0.0000 0.0000 1.4416 0.0000	</row2>
					<row3>	-0.4681 0.3937 -6.2077 1.0000	</row3>
				</transform>
			</node>
			<node>
				<identifier>	SP_YMS053_YHDC_S_1_INDEX_7	</identifier>
				<transform>
					<row0>	1.4416 0.0000 0.0000 0.0000	</row0>
					<row1>	0.0000 1.4416 0.0000 0.0000	</row1>
					<row2>	0.0000 0.0000 1.4416 0.0000	</row2>
					<row3>	0.4681 0.3937 -6.2077 1.0000	</row3>
				</transform>
			</node>
			<node>
				<identifier>	SP_YMS053_YHDC_S_1_INDEX_8	</identifier>
				<transform>
					<row0>	1.0000 0.0000 0.0000 0.0000	</row0>
					<row1>	0.0000 1.0000 0.0000 0.0000	</row1>
					<row2>	0.0000 0.0000 1.0000 0.0000	</row2>
					<row3>	-0.6168 0.4016 -5.1886 1.0000	</row3>
				</transform>
			</node>
			<node>
				<identifier>	SP_YMS071_YHHC_S_1_INDEX_5	</identifier>
				<transform>
					<row0>	0.1208 0.0015 -0.9927 0.0000	</row0>
					<row1>	-0.9862 -0.1137 -0.1202 0.0000	</row1>
					<row2>	-0.1130 0.9935 -0.0122 0.0000	</row2>
					<row3>	-0.7614 0.1722 -5.4564 1.0000	</row3>
				</transform>
			</node>
			<node>
				<identifier>	SP_YMS071_YHHC_S_1_INDEX_6	</identifier>
				<transform>
					<row0>	0.1208 -0.0015 0.9927 0.0000	</row0>
					<row1>	0.9862 -0.1137 -0.1202 0.0000	</row1>
					<row2>	0.1130 0.9935 -0.0122 0.0000	</row2>
					<row3>	0.7614 0.1722 -5.4564 1.0000	</row3>
				</transform>
			</node>
			<node>
				<identifier>	SP_YMS080_YHSL_M_1_INDEX_1	</identifier>
				<transform>
					<row0>	0.9623 0.2321 0.1416 0.0000	</row0>
					<row1>	-0.2296 0.9727 -0.0338 0.0000	</row1>
					<row2>	-0.1456 0.0000 0.9893 0.0000	</row2>
					<row3>	-0.6175 0.2416 -6.4906 1.0000	</row3>
				</transform>
			</node>
			<node>
				<identifier>	SP_YMS081_YHSR_M_1_INDEX_1	</identifier>
				<transform>
					<row0>	0.9623 -0.2321 -0.1416 0.0000	</row0>
					<row1>	0.2296 0.9727 -0.0338 0.0000	</row1>
					<row2>	0.1456 0.0000 0.9893 0.0000	</row2>
					<row3>	0.6175 0.2416 -6.4906 1.0000	</row3>
				</transform>
			</node>
		</node>
	</node>
	<boundingBox>
		<min>	-0.0667 -0.0667 -0.0667	</min>
		<max>	0.0667 0.0667 0.0667	</max>
	</boundingBox>
</FSB012_Gascoigne_1941_Stern_ports.visual>
