<JSD011_Akizuki_1944_MidFront_ports.visual>
	<node>
		<identifier>	Scene Root	</identifier>
		<transform>
			<row0>	1.0000 0.0000 0.0000 0.0000	</row0>
			<row1>	0.0000 1.0000 0.0000 0.0000	</row1>
			<row2>	0.0000 0.0000 1.0000 0.0000	</row2>
			<row3>	0.0000 0.0000 0.0000 1.0000	</row3>
		</transform>
		<node>
			<identifier>	MidFront_ports	</identifier>
			<transform>
				<row0>	1.0000 0.0000 0.0000 0.0000	</row0>
				<row1>	0.0000 1.0000 0.0000 0.0000	</row1>
				<row2>	0.0000 0.0000 1.0000 0.0000	</row2>
				<row3>	0.0000 0.0000 0.0000 1.0000	</row3>
			</transform>
			<node>
				<identifier>	HP_FX_Death_2	</identifier>
				<transform>
					<row0>	1.0000 0.0000 0.0000 0.0000	</row0>
					<row1>	0.0000 1.0000 0.0000 0.0000	</row1>
					<row2>	0.0000 0.0000 1.0000 0.0000	</row2>
					<row3>	0.0000 0.0000 -0.4370 1.0000	</row3>
				</transform>
			</node>
			<node>
				<identifier>	HP_FX_Fire_2	</identifier>
				<transform>
					<row0>	1.0000 0.0000 0.0000 0.0000	</row0>
					<row1>	0.0000 1.0000 0.0000 0.0000	</row1>
					<row2>	0.0000 0.0000 1.0000 0.0000	</row2>
					<row3>	0.0000 0.3232 1.3978 1.0000	</row3>
				</transform>
			</node>
			<node>
				<identifier>	HP_FX_Fire_2_side_1	</identifier>
				<transform>
					<row0>	1.0000 0.0000 0.0000 0.0000	</row0>
					<row1>	0.0000 1.0000 0.0000 0.0000	</row1>
					<row2>	0.0000 0.0000 1.0000 0.0000	</row2>
					<row3>	0.2224 0.3355 1.9939 1.0000	</row3>
				</transform>
			</node>
			<node>
				<identifier>	HP_FX_Fire_2_side_2	</identifier>
				<transform>
					<row0>	1.0000 0.0000 0.0000 0.0000	</row0>
					<row1>	0.0000 1.0000 0.0000 0.0000	</row1>
					<row2>	0.0000 0.0000 1.0000 0.0000	</row2>
					<row3>	-0.2671 0.5070 -0.1569 1.0000	</row3>
				</transform>
			</node>
			<node>
				<identifier>	HP_FX_FloodLight_left_1	</identifier>
				<transform>
					<row0>	-1.0000 0.0000 0.0000 0.0000	</row0>
					<row1>	0.0000 1.0000 0.0000 0.0000	</row1>
					<row2>	0.0000 0.0000 -1.0000 0.0000	</row2>
					<row3>	-0.1780 0.6810 1.7074 1.0000	</row3>
				</transform>
			</node>
			<node>
				<identifier>	HP_FX_FloodLight_right_2	</identifier>
				<transform>
					<row0>	1.0000 0.0000 0.0000 0.0000	</row0>
					<row1>	0.0000 1.0000 0.0000 0.0000	</row1>
					<row2>	0.0000 0.0000 1.0000 0.0000	</row2>
					<row3>	0.1780 0.6770 1.7000 1.0000	</row3>
				</transform>
			</node>
			<node>
				<identifier>	HP_FX_Flood_steam_1	</identifier>
				<transform>
					<row0>	0.4541 0.8910 0.0000 0.0000	</row0>
					<row1>	-0.8910 0.4541 0.0000 0.0000	</row1>
					<row2>	0.0000 0.0000 1.0000 0.0000	</row2>
					<row3>	-0.0840 0.7430 0.7490 1.0000	</row3>
				</transform>
			</node>
			<node>
				<identifier>	HP_FX_Flood_steam_2	</identifier>
				<transform>
					<row0>	0.3416 -0.9398 0.0000 0.0000	</row0>
					<row1>	0.9398 0.3416 0.0000 0.0000	</row1>
					<row2>	0.0000 0.0000 1.0000 0.0000	</row2>
					<row3>	0.0736 0.7430 0.7490 1.0000	</row3>
				</transform>
			</node>
			<node>
				<identifier>	HP_FX_Flood_steam_3	</identifier>
				<transform>
					<row0>	0.5592 -0.8290 0.0000 0.0000	</row0>
					<row1>	0.8290 0.5592 0.0000 0.0000	</row1>
					<row2>	0.0000 0.0000 1.0000 0.0000	</row2>
					<row3>	0.0910 0.6570 0.3950 1.0000	</row3>
				</transform>
			</node>
			<node>
				<identifier>	HP_FX_Flood_steam_4	</identifier>
				<transform>
					<row0>	0.4155 0.9096 0.0000 0.0000	</row0>
					<row1>	-0.9096 0.4155 0.0000 0.0000	</row1>
					<row2>	0.0000 0.0000 1.0000 0.0000	</row2>
					<row3>	-0.0120 0.6570 0.3950 1.0000	</row3>
				</transform>
			</node>
			<node>
				<identifier>	HP_FX_Flood_steam_exhaust_1	</identifier>
				<transform>
					<row0>	1.0000 0.0000 0.0000 0.0000	</row0>
					<row1>	0.0000 1.0000 0.0000 0.0000	</row1>
					<row2>	0.0000 0.0000 1.0000 0.0000	</row2>
					<row3>	-0.0778 0.8582 0.6725 1.0000	</row3>
				</transform>
			</node>
			<node>
				<identifier>	HP_FX_Flood_steam_left	</identifier>
				<transform>
					<row0>	-1.0000 0.0000 0.0000 0.0000	</row0>
					<row1>	0.0000 1.0000 0.0000 0.0000	</row1>
					<row2>	0.0000 0.0000 -1.0000 0.0000	</row2>
					<row3>	-0.3670 0.2760 1.9640 1.0000	</row3>
				</transform>
			</node>
			<node>
				<identifier>	HP_FX_Flood_water_left	</identifier>
				<transform>
					<row0>	-1.0000 0.0000 0.0000 0.0000	</row0>
					<row1>	0.0000 1.0000 0.0000 0.0000	</row1>
					<row2>	0.0000 0.0000 -1.0000 0.0000	</row2>
					<row3>	-0.3910 0.0499 -0.1837 1.0000	</row3>
				</transform>
			</node>
			<node>
				<identifier>	HP_FX_Flood_water_left_2	</identifier>
				<transform>
					<row0>	-1.0000 0.0000 0.0000 0.0000	</row0>
					<row1>	0.0000 1.0000 0.0000 0.0000	</row1>
					<row2>	0.0000 0.0000 -1.0000 0.0000	</row2>
					<row3>	-0.3530 0.1240 1.5771 1.0000	</row3>
				</transform>
			</node>
			<node>
				<identifier>	HP_FX_Flood_water_right	</identifier>
				<transform>
					<row0>	1.0000 0.0000 0.0000 0.0000	</row0>
					<row1>	0.0000 1.0000 0.0000 0.0000	</row1>
					<row2>	0.0000 0.0000 1.0000 0.0000	</row2>
					<row3>	0.3910 0.0470 -0.1921 1.0000	</row3>
				</transform>
			</node>
			<node>
				<identifier>	HP_FX_Flood_water_right_2	</identifier>
				<transform>
					<row0>	1.0000 0.0000 0.0000 0.0000	</row0>
					<row1>	0.0000 1.0000 0.0000 0.0000	</row1>
					<row2>	0.0000 0.0000 1.0000 0.0000	</row2>
					<row3>	0.3510 0.1212 1.5795 1.0000	</row3>
				</transform>
			</node>
			<node>
				<identifier>	HP_FX_Smoke_1	</identifier>
				<transform>
					<row0>	1.0000 0.0000 0.0000 0.0000	</row0>
					<row1>	0.0000 0.9897 -0.1430 0.0000	</row1>
					<row2>	0.0000 0.1430 0.9897 0.0000	</row2>
					<row3>	0.0000 0.6921 0.4902 1.0000	</row3>
				</transform>
			</node>
			<node>
				<identifier>	HP_FX_Smoke_2	</identifier>
				<transform>
					<row0>	1.0000 0.0000 0.0000 0.0000	</row0>
					<row1>	0.0000 0.9889 -0.1486 0.0000	</row1>
					<row2>	0.0000 0.1486 0.9889 0.0000	</row2>
					<row3>	0.0000 0.7126 0.6157 1.0000	</row3>
				</transform>
			</node>
			<node>
				<identifier>	HP_JD_1	</identifier>
				<transform>
					<row0>	1.0000 0.0000 0.0000 0.0000	</row0>
					<row1>	0.0000 1.0000 0.0000 0.0000	</row1>
					<row2>	0.0000 0.0000 1.0000 0.0000	</row2>
					<row3>	0.0000 0.8312 1.4793 1.0000	</row3>
				</transform>
			</node>
			<node>
				<identifier>	HP_JF_1	</identifier>
				<transform>
					<row0>	1.0000 0.0000 0.0000 0.0000	</row0>
					<row1>	0.0000 1.0000 0.0000 0.0000	</row1>
					<row2>	0.0000 0.0000 1.0000 0.0000	</row2>
					<row3>	-0.1181 0.8558 1.5942 1.0000	</row3>
				</transform>
			</node>
			<node>
				<identifier>	HP_JF_2	</identifier>
				<transform>
					<row0>	1.0000 0.0000 0.0000 0.0000	</row0>
					<row1>	0.0000 1.0000 0.0000 0.0000	</row1>
					<row2>	0.0000 0.0000 1.0000 0.0000	</row2>
					<row3>	0.1181 0.8558 1.5943 1.0000	</row3>
				</transform>
			</node>
			<node>
				<identifier>	HP_JF_3	</identifier>
				<transform>
					<row0>	0.0000 0.0000 -1.0000 0.0000	</row0>
					<row1>	0.0000 1.0000 0.0000 0.0000	</row1>
					<row2>	1.0000 0.0000 0.0000 0.0000	</row2>
					<row3>	0.0000 0.4207 -0.1509 1.0000	</row3>
				</transform>
			</node>
			<node>
				<identifier>	HP_JGA_1	</identifier>
				<transform>
					<row0>	0.7071 0.0000 0.7071 0.0000	</row0>
					<row1>	0.0000 1.0000 0.0000 0.0000	</row1>
					<row2>	-0.7071 0.0000 0.7071 0.0000	</row2>
					<row3>	-0.2718 0.3280 2.4817 1.0000	</row3>
				</transform>
			</node>
			<node>
				<identifier>	HP_JGA_10	</identifier>
				<transform>
					<row0>	0.0000 0.0000 -1.0000 0.0000	</row0>
					<row1>	0.0000 1.0000 0.0000 0.0000	</row1>
					<row2>	1.0000 0.0000 0.0000 0.0000	</row2>
					<row3>	0.2651 0.5003 1.5625 1.0000	</row3>
				</transform>
			</node>
			<node>
				<identifier>	HP_JGA_11	</identifier>
				<transform>
					<row0>	0.0000 0.0000 1.0000 0.0000	</row0>
					<row1>	0.0000 1.0000 0.0000 0.0000	</row1>
					<row2>	-1.0000 0.0000 0.0000 0.0000	</row2>
					<row3>	-0.2643 0.4204 -0.1613 1.0000	</row3>
				</transform>
			</node>
			<node>
				<identifier>	HP_JGA_12	</identifier>
				<transform>
					<row0>	0.0000 0.0000 -1.0000 0.0000	</row0>
					<row1>	0.0000 1.0000 0.0000 0.0000	</row1>
					<row2>	1.0000 0.0000 0.0000 0.0000	</row2>
					<row3>	0.2644 0.4204 -0.1613 1.0000	</row3>
				</transform>
			</node>
			<node>
				<identifier>	HP_JGA_2	</identifier>
				<transform>
					<row0>	0.7071 0.0000 -0.7071 0.0000	</row0>
					<row1>	0.0000 1.0000 0.0000 0.0000	</row1>
					<row2>	0.7071 0.0000 0.7071 0.0000	</row2>
					<row3>	0.2718 0.3280 2.4817 1.0000	</row3>
				</transform>
			</node>
			<node>
				<identifier>	HP_JGA_3	</identifier>
				<transform>
					<row0>	0.5000 0.0000 0.8660 0.0000	</row0>
					<row1>	0.0000 1.0000 0.0000 0.0000	</row1>
					<row2>	-0.8660 0.0000 0.5000 0.0000	</row2>
					<row3>	-0.2718 0.3280 2.3050 1.0000	</row3>
				</transform>
			</node>
			<node>
				<identifier>	HP_JGA_4	</identifier>
				<transform>
					<row0>	0.5000 0.0000 -0.8660 0.0000	</row0>
					<row1>	0.0000 1.0000 0.0000 0.0000	</row1>
					<row2>	0.8660 0.0000 0.5000 0.0000	</row2>
					<row3>	0.2718 0.3280 2.3050 1.0000	</row3>
				</transform>
			</node>
			<node>
				<identifier>	HP_JGA_5	</identifier>
				<transform>
					<row0>	0.2588 0.0000 0.9659 0.0000	</row0>
					<row1>	0.0000 1.0000 0.0000 0.0000	</row1>
					<row2>	-0.9659 0.0000 0.2588 0.0000	</row2>
					<row3>	-0.2718 0.3280 2.1288 1.0000	</row3>
				</transform>
			</node>
			<node>
				<identifier>	HP_JGA_6	</identifier>
				<transform>
					<row0>	0.2588 0.0000 -0.9659 0.0000	</row0>
					<row1>	0.0000 1.0000 0.0000 0.0000	</row1>
					<row2>	0.9659 0.0000 0.2588 0.0000	</row2>
					<row3>	0.2718 0.3280 2.1288 1.0000	</row3>
				</transform>
			</node>
			<node>
				<identifier>	HP_JGA_7	</identifier>
				<transform>
					<row0>	0.0000 0.0000 1.0000 0.0000	</row0>
					<row1>	0.0000 1.0000 0.0000 0.0000	</row1>
					<row2>	-1.0000 0.0000 0.0000 0.0000	</row2>
					<row3>	-0.2666 0.3280 1.9522 1.0000	</row3>
				</transform>
			</node>
			<node>
				<identifier>	HP_JGA_8	</identifier>
				<transform>
					<row0>	0.0000 0.0000 -1.0000 0.0000	</row0>
					<row1>	0.0000 1.0000 0.0000 0.0000	</row1>
					<row2>	1.0000 0.0000 0.0000 0.0000	</row2>
					<row3>	0.2666 0.3280 1.9522 1.0000	</row3>
				</transform>
			</node>
			<node>
				<identifier>	HP_JGA_9	</identifier>
				<transform>
					<row0>	0.0000 0.0000 1.0000 0.0000	</row0>
					<row1>	0.0000 1.0000 0.0000 0.0000	</row1>
					<row2>	-1.0000 0.0000 0.0000 0.0000	</row2>
					<row3>	-0.2651 0.5003 1.5625 1.0000	</row3>
				</transform>
			</node>
			<node>
				<identifier>	HP_JGM_1	</identifier>
				<transform>
					<row0>	1.0000 0.0000 0.0000 0.0000	</row0>
					<row1>	0.0000 1.0000 0.0000 0.0000	</row1>
					<row2>	0.0000 0.0000 1.0000 0.0000	</row2>
					<row3>	0.0000 0.3389 2.9360 1.0000	</row3>
				</transform>
			</node>
			<node>
				<identifier>	HP_JGM_2	</identifier>
				<transform>
					<row0>	1.0000 0.0000 0.0000 0.0000	</row0>
					<row1>	0.0000 1.0000 0.0000 0.0000	</row1>
					<row2>	0.0000 0.0000 1.0000 0.0000	</row2>
					<row3>	0.0000 0.4849 2.4708 1.0000	</row3>
				</transform>
			</node>
			<node>
				<identifier>	HP_JRS_1	</identifier>
				<transform>
					<row0>	1.0000 0.0000 0.0000 0.0000	</row0>
					<row1>	0.0000 1.0000 0.0000 0.0000	</row1>
					<row2>	0.0000 0.0000 1.0000 0.0000	</row2>
					<row3>	0.0000 1.0067 1.2429 1.0000	</row3>
				</transform>
			</node>
			<node>
				<identifier>	HP_JRS_2	</identifier>
				<transform>
					<row0>	-0.9897 0.0000 0.1434 0.0000	</row0>
					<row1>	0.0000 1.0000 0.0000 0.0000	</row1>
					<row2>	-0.1434 0.0000 -0.9897 0.0000	</row2>
					<row3>	0.0000 1.0589 1.1500 1.0000	</row3>
				</transform>
			</node>
			<node>
				<identifier>	HP_JRS_3	</identifier>
				<transform>
					<row0>	-1.0000 0.0000 0.0000 0.0000	</row0>
					<row1>	0.0000 1.0000 0.0000 0.0000	</row1>
					<row2>	0.0000 0.0000 -1.0000 0.0000	</row2>
					<row3>	0.0000 1.2517 1.0456 1.0000	</row3>
				</transform>
			</node>
			<node>
				<identifier>	HP_flag_1	</identifier>
				<transform>
					<row0>	0.9899 -0.1355 0.0412 0.0000	</row0>
					<row1>	0.1355 0.8216 -0.5537 0.0000	</row1>
					<row2>	0.0412 0.5537 0.8317 0.0000	</row2>
					<row3>	0.1793 1.3154 0.9215 1.0000	</row3>
				</transform>
			</node>
			<node>
				<identifier>	HP_flag_2	</identifier>
				<transform>
					<row0>	0.9899 0.1355 -0.0412 0.0000	</row0>
					<row1>	-0.1355 0.8216 -0.5537 0.0000	</row1>
					<row2>	-0.0412 0.5537 0.8317 0.0000	</row2>
					<row3>	-0.1793 1.3154 0.9215 1.0000	</row3>
				</transform>
			</node>
			<node>
				<identifier>	HP_flag_3	</identifier>
				<transform>
					<row0>	0.9960 -0.0869 0.0217 0.0000	</row0>
					<row1>	0.0869 0.8785 -0.4699 0.0000	</row1>
					<row2>	0.0217 0.4699 0.8825 0.0000	</row2>
					<row3>	0.1082 1.2877 0.9494 1.0000	</row3>
				</transform>
			</node>
			<node>
				<identifier>	HP_flag_4	</identifier>
				<transform>
					<row0>	0.9939 0.1069 -0.0273 0.0000	</row0>
					<row1>	-0.1069 0.8721 -0.4775 0.0000	</row1>
					<row2>	-0.0273 0.4775 0.8782 0.0000	</row2>
					<row3>	-0.1081 1.2877 0.9495 1.0000	</row3>
				</transform>
			</node>
			<node>
				<identifier>	HP_flag_rank	</identifier>
				<transform>
					<row0>	1.0000 0.0004 0.0000 0.0000	</row0>
					<row1>	-0.0004 0.9405 -0.3399 0.0000	</row1>
					<row2>	0.0000 0.3399 0.9405 0.0000	</row2>
					<row3>	-0.0006 1.2538 0.8908 1.0000	</row3>
				</transform>
			</node>
			<node>
				<identifier>	MP_BM608_Compass_repeater	</identifier>
				<transform>
					<row0>	-1.0000 0.0000 0.0000 0.0000	</row0>
					<row1>	0.0000 1.0000 0.0000 0.0000	</row1>
					<row2>	0.0000 0.0000 -1.0000 0.0000	</row2>
					<row3>	0.0000 0.8765 1.7029 1.0000	</row3>
				</transform>
			</node>
			<node>
				<identifier>	MP_CM004_Barbette_Out	</identifier>
				<transform>
					<row0>	1.7178 0.0000 0.0000 0.0000	</row0>
					<row1>	0.0000 0.1658 0.0000 0.0000	</row1>
					<row2>	0.0000 0.0000 1.7178 0.0000	</row2>
					<row3>	0.0000 0.3384 2.9359 1.0000	</row3>
				</transform>
			</node>
			<node>
				<identifier>	MP_CM004_Barbette_Out_INDEX_1	</identifier>
				<transform>
					<row0>	1.7178 0.0000 0.0000 0.0000	</row0>
					<row1>	0.0000 0.1494 0.0000 0.0000	</row1>
					<row2>	0.0000 0.0000 1.7178 0.0000	</row2>
					<row3>	0.0000 0.4843 2.4710 1.0000	</row3>
				</transform>
			</node>
			<node>
				<identifier>	MP_CM004_Barbette_Out_INDEX_2	</identifier>
				<transform>
					<row0>	0.9305 0.0000 0.0000 0.0000	</row0>
					<row1>	0.0000 0.5570 0.0000 0.0000	</row1>
					<row2>	0.0000 0.0000 0.9305 0.0000	</row2>
					<row3>	0.0000 0.8287 1.4793 1.0000	</row3>
				</transform>
			</node>
			<node>
				<identifier>	MP_CM011_Fire_Fighting_Gear	</identifier>
				<transform>
					<row0>	1.0000 0.0000 0.0000 0.0000	</row0>
					<row1>	0.0000 1.0000 0.0000 0.0000	</row1>
					<row2>	0.0000 0.0000 1.0000 0.0000	</row2>
					<row3>	0.1968 0.3271 2.3691 1.0000	</row3>
				</transform>
			</node>
			<node>
				<identifier>	MP_CM011_Fire_Fighting_Gear_INDEX_1	</identifier>
				<transform>
					<row0>	1.0000 0.0000 0.0000 0.0000	</row0>
					<row1>	0.0000 1.0000 0.0000 0.0000	</row1>
					<row2>	0.0000 0.0000 1.0000 0.0000	</row2>
					<row3>	0.0909 0.1948 0.7614 1.0000	</row3>
				</transform>
			</node>
			<node>
				<identifier>	MP_CM011_Fire_Fighting_Gear_INDEX_2	</identifier>
				<transform>
					<row0>	1.0000 0.0000 0.0000 0.0000	</row0>
					<row1>	0.0000 1.0000 0.0000 0.0000	</row1>
					<row2>	0.0000 0.0000 1.0000 0.0000	</row2>
					<row3>	-0.1702 0.3271 1.7738 1.0000	</row3>
				</transform>
			</node>
			<node>
				<identifier>	MP_CM011_Fire_Fighting_Gear_INDEX_3	</identifier>
				<transform>
					<row0>	1.0000 0.0000 0.0000 0.0000	</row0>
					<row1>	0.0000 1.0000 0.0000 0.0000	</row1>
					<row2>	0.0000 0.0000 1.0000 0.0000	</row2>
					<row3>	-0.0883 0.1948 0.7614 1.0000	</row3>
				</transform>
			</node>
			<node>
				<identifier>	MP_CM012_Fire_Hose_Rack_1	</identifier>
				<transform>
					<row0>	-1.0000 0.0000 0.0000 0.0000	</row0>
					<row1>	0.0000 1.0000 0.0000 0.0000	</row1>
					<row2>	0.0000 0.0000 -1.0000 0.0000	</row2>
					<row3>	0.1840 0.3981 2.3846 1.0000	</row3>
				</transform>
			</node>
			<node>
				<identifier>	MP_CM013_Fire_Hose_Rack_2	</identifier>
				<transform>
					<row0>	-1.0000 0.0000 0.0000 0.0000	</row0>
					<row1>	0.0000 1.0000 0.0000 0.0000	</row1>
					<row2>	0.0000 0.0000 -1.0000 0.0000	</row2>
					<row3>	0.0792 0.2914 0.7645 1.0000	</row3>
				</transform>
			</node>
			<node>
				<identifier>	MP_CM013_Fire_Hose_Rack_2_INDEX_1	</identifier>
				<transform>
					<row0>	1.0000 0.0000 0.0000 0.0000	</row0>
					<row1>	0.0000 1.0000 0.0000 0.0000	</row1>
					<row2>	0.0000 0.0000 1.0000 0.0000	</row2>
					<row3>	-0.0775 0.2914 0.7645 1.0000	</row3>
				</transform>
			</node>
			<node>
				<identifier>	MP_CM013_Fire_Hose_Rack_2_INDEX_2	</identifier>
				<transform>
					<row0>	0.7671 0.0000 -0.6416 0.0000	</row0>
					<row1>	0.0000 1.0000 0.0000 0.0000	</row1>
					<row2>	0.6416 0.0000 0.7671 0.0000	</row2>
					<row3>	-0.1560 0.4126 1.7657 1.0000	</row3>
				</transform>
			</node>
			<node>
				<identifier>	MP_CM019_Wood_Box_2	</identifier>
				<transform>
					<row0>	0.0000 0.0000 -1.0000 0.0000	</row0>
					<row1>	0.0000 1.0000 0.0000 0.0000	</row1>
					<row2>	1.0000 0.0000 0.0000 0.0000	</row2>
					<row3>	0.0438 0.3271 2.1272 1.0000	</row3>
				</transform>
			</node>
			<node>
				<identifier>	MP_CM029_Emergency_Box	</identifier>
				<transform>
					<row0>	0.2346 0.0000 -0.9721 0.0000	</row0>
					<row1>	0.0000 1.0000 0.0000 0.0000	</row1>
					<row2>	0.9721 0.0000 0.2346 0.0000	</row2>
					<row3>	-0.0873 0.7073 1.4622 1.0000	</row3>
				</transform>
			</node>
			<node>
				<identifier>	MP_CM029_Emergency_Box_INDEX_1	</identifier>
				<transform>
					<row0>	0.0445 0.0000 0.9990 0.0000	</row0>
					<row1>	0.0000 1.0000 0.0000 0.0000	</row1>
					<row2>	-0.9990 0.0000 0.0445 0.0000	</row2>
					<row3>	0.1802 0.5727 1.6651 1.0000	</row3>
				</transform>
			</node>
			<node>
				<identifier>	MP_CM029_Emergency_Box_INDEX_2	</identifier>
				<transform>
					<row0>	-0.5941 0.0000 0.8044 0.0000	</row0>
					<row1>	0.0000 1.0000 0.0000 0.0000	</row1>
					<row2>	-0.8044 0.0000 -0.5941 0.0000	</row2>
					<row3>	0.1562 0.4081 2.5848 1.0000	</row3>
				</transform>
			</node>
			<node>
				<identifier>	MP_CM029_Emergency_Box_INDEX_3	</identifier>
				<transform>
					<row0>	-1.0000 0.0000 0.0000 0.0000	</row0>
					<row1>	0.0000 1.0000 0.0000 0.0000	</row1>
					<row2>	0.0000 0.0000 -1.0000 0.0000	</row2>
					<row3>	-0.0239 0.3820 0.0119 1.0000	</row3>
				</transform>
			</node>
			<node>
				<identifier>	MP_CM030_Swab_Rack_2	</identifier>
				<transform>
					<row0>	-0.2458 0.0000 -0.9693 0.0000	</row0>
					<row1>	0.0000 1.0000 0.0000 0.0000	</row1>
					<row2>	0.9693 0.0000 -0.2458 0.0000	</row2>
					<row3>	0.1764 0.3246 1.5889 1.0000	</row3>
				</transform>
			</node>
			<node>
				<identifier>	MP_CM030_Swab_Rack_2_INDEX_1	</identifier>
				<transform>
					<row0>	0.0000 0.0000 1.0000 0.0000	</row0>
					<row1>	0.0000 1.0000 0.0000 0.0000	</row1>
					<row2>	-1.0000 0.0000 0.0000 0.0000	</row2>
					<row3>	-0.0805 0.1930 -0.1718 1.0000	</row3>
				</transform>
			</node>
			<node>
				<identifier>	MP_CM057_Accommodation_Ladder_Closed	</identifier>
				<transform>
					<row0>	1.0000 0.0000 0.0000 0.0000	</row0>
					<row1>	0.0000 1.0000 0.0000 0.0000	</row1>
					<row2>	0.0000 0.0000 1.0000 0.0000	</row2>
					<row3>	-0.2995 0.1926 0.8218 1.0000	</row3>
				</transform>
			</node>
			<node>
				<identifier>	MP_CM057_Accommodation_Ladder_Closed_INDEX_1	</identifier>
				<transform>
					<row0>	1.0000 0.0000 0.0000 0.0000	</row0>
					<row1>	0.0000 1.0000 0.0000 0.0000	</row1>
					<row2>	0.0000 0.0000 1.0000 0.0000	</row2>
					<row3>	0.3068 0.1926 0.8218 1.0000	</row3>
				</transform>
			</node>
			<node>
				<identifier>	MP_CM060_Flag_Box	</identifier>
				<transform>
					<row0>	0.1070 -0.0732 0.3784 0.0000	</row0>
					<row1>	0.0467 0.9216 0.1651 0.0000	</row1>
					<row2>	-0.9020 0.0000 0.2551 0.0000	</row2>
					<row3>	0.0567 0.6718 1.2806 1.0000	</row3>
				</transform>
			</node>
			<node>
				<identifier>	MP_CM060_Flag_Box_INDEX_1	</identifier>
				<transform>
					<row0>	0.1750 0.0000 -0.3597 0.0000	</row0>
					<row1>	0.0000 0.9374 0.0000 0.0000	</row1>
					<row2>	0.8430 0.0000 0.4101 0.0000	</row2>
					<row3>	-0.0817 0.6662 1.3420 1.0000	</row3>
				</transform>
			</node>
			<node>
				<identifier>	MP_CM060_Flag_Box_INDEX_2	</identifier>
				<transform>
					<row0>	0.1792 0.0000 0.3576 0.0000	</row0>
					<row1>	0.0000 0.9374 0.0000 0.0000	</row1>
					<row2>	-0.8381 0.0000 0.4200 0.0000	</row2>
					<row3>	0.0817 0.6662 1.3420 1.0000	</row3>
				</transform>
			</node>
			<node>
				<identifier>	MP_CM060_Flag_Box_INDEX_3	</identifier>
				<transform>
					<row0>	0.2053 0.0688 -0.3364 0.0000	</row0>
					<row1>	-0.0423 0.9222 0.1627 0.0000	</row1>
					<row2>	0.8034 -0.0479 0.4806 0.0000	</row2>
					<row3>	-0.0522 0.6711 1.2841 1.0000	</row3>
				</transform>
			</node>
			<node>
				<identifier>	MP_JM002_Paravane	</identifier>
				<transform>
					<row0>	0.1590 -0.0092 -0.5677 0.0000	</row0>
					<row1>	-0.5665 0.0368 -0.1592 0.0000	</row1>
					<row2>	0.0379 0.5884 0.0011 0.0000	</row2>
					<row3>	-0.1644 0.4461 1.5576 1.0000	</row3>
				</transform>
			</node>
			<node>
				<identifier>	MP_JM002_Paravane_INDEX_1	</identifier>
				<transform>
					<row0>	0.0000 0.5509 -0.2103 0.0000	</row0>
					<row1>	0.5896 0.0000 0.0000 0.0000	</row1>
					<row2>	0.0000 -0.2103 -0.5509 0.0000	</row2>
					<row3>	0.1817 0.4118 1.6881 1.0000	</row3>
				</transform>
			</node>
			<node>
				<identifier>	MP_JM010_Deck_Lamp	</identifier>
				<transform>
					<row0>	0.6373 0.0000 -0.7706 0.0000	</row0>
					<row1>	0.0000 1.0000 0.0000 0.0000	</row1>
					<row2>	0.7706 0.0000 0.6373 0.0000	</row2>
					<row3>	0.1852 0.8031 1.4302 1.0000	</row3>
				</transform>
			</node>
			<node>
				<identifier>	MP_JM010_Deck_Lamp_INDEX_1	</identifier>
				<transform>
					<row0>	-0.8908 0.0000 0.4543 0.0000	</row0>
					<row1>	0.0000 1.0000 0.0000 0.0000	</row1>
					<row2>	-0.4543 0.0000 -0.8908 0.0000	</row2>
					<row3>	-0.1851 0.8031 1.4302 1.0000	</row3>
				</transform>
			</node>
			<node>
				<identifier>	MP_JM011_Day_Light	</identifier>
				<transform>
					<row0>	0.5869 0.0000 0.0000 0.0000	</row0>
					<row1>	0.0000 0.5869 0.0000 0.0000	</row1>
					<row2>	0.0000 0.0000 0.5869 0.0000	</row2>
					<row3>	-0.0292 1.2171 1.0332 1.0000	</row3>
				</transform>
			</node>
			<node>
				<identifier>	MP_JM018_Ventilators_2	</identifier>
				<transform>
					<row0>	0.8326 0.0000 0.0000 0.0000	</row0>
					<row1>	0.0000 0.8326 0.0000 0.0000	</row1>
					<row2>	0.0000 0.0000 0.8326 0.0000	</row2>
					<row3>	0.0313 0.3286 3.2202 1.0000	</row3>
				</transform>
			</node>
			<node>
				<identifier>	MP_JM021_Ventilators_5	</identifier>
				<transform>
					<row0>	1.0000 0.0000 0.0000 0.0000	</row0>
					<row1>	0.0000 1.0000 0.0000 0.0000	</row1>
					<row2>	0.0000 0.0000 1.0000 0.0000	</row2>
					<row3>	0.2746 0.3254 1.6772 1.0000	</row3>
				</transform>
			</node>
			<node>
				<identifier>	MP_JM021_Ventilators_5_INDEX_1	</identifier>
				<transform>
					<row0>	1.0000 0.0000 0.0000 0.0000	</row0>
					<row1>	0.0000 1.0000 0.0000 0.0000	</row1>
					<row2>	0.0000 0.0000 1.0000 0.0000	</row2>
					<row3>	0.2746 0.3254 1.5292 1.0000	</row3>
				</transform>
			</node>
			<node>
				<identifier>	MP_JM021_Ventilators_5_INDEX_2	</identifier>
				<transform>
					<row0>	1.0000 0.0000 0.0000 0.0000	</row0>
					<row1>	0.0000 1.0000 0.0000 0.0000	</row1>
					<row2>	0.0000 0.0000 1.0000 0.0000	</row2>
					<row3>	0.2746 0.3254 1.6059 1.0000	</row3>
				</transform>
			</node>
			<node>
				<identifier>	MP_JM030_Wind_Direction	</identifier>
				<transform>
					<row0>	0.5469 0.0000 0.0000 0.0000	</row0>
					<row1>	0.0000 0.5469 0.0000 0.0000	</row1>
					<row2>	0.0000 0.0000 0.5469 0.0000	</row2>
					<row3>	0.0000 1.4679 0.9812 1.0000	</row3>
				</transform>
			</node>
			<node>
				<identifier>	MP_JM031_Wind_Intensity	</identifier>
				<transform>
					<row0>	0.8103 0.0000 0.0000 0.0000	</row0>
					<row1>	0.0000 0.8103 0.0000 0.0000	</row1>
					<row2>	0.0000 0.0000 0.8103 0.0000	</row2>
					<row3>	-0.0929 1.3719 0.9902 1.0000	</row3>
				</transform>
			</node>
			<node>
				<identifier>	MP_JM034_Davit_4	</identifier>
				<transform>
					<row0>	-1.1524 0.0000 0.8473 0.0000	</row0>
					<row1>	0.0000 1.4304 0.0000 0.0000	</row1>
					<row2>	-0.8473 0.0000 -1.1524 0.0000	</row2>
					<row3>	-0.3613 0.1974 0.4899 1.0000	</row3>
				</transform>
			</node>
			<node>
				<identifier>	MP_JM034_Davit_4_INDEX_1	</identifier>
				<transform>
					<row0>	1.1676 0.0000 0.8263 0.0000	</row0>
					<row1>	0.0000 1.4304 0.0000 0.0000	</row1>
					<row2>	-0.8263 0.0000 1.1676 0.0000	</row2>
					<row3>	0.3645 0.1974 0.4899 1.0000	</row3>
				</transform>
			</node>
			<node>
				<identifier>	MP_JM034_Davit_4_INDEX_2	</identifier>
				<transform>
					<row0>	-1.2558 0.0000 -0.6849 0.0000	</row0>
					<row1>	0.0000 1.4304 0.0000 0.0000	</row1>
					<row2>	0.6849 0.0000 -1.2558 0.0000	</row2>
					<row3>	-0.3633 0.1974 -0.0458 1.0000	</row3>
				</transform>
			</node>
			<node>
				<identifier>	MP_JM034_Davit_4_INDEX_3	</identifier>
				<transform>
					<row0>	1.2938 0.0000 -0.6101 0.0000	</row0>
					<row1>	0.0000 1.4304 0.0000 0.0000	</row1>
					<row2>	0.6101 0.0000 1.2938 0.0000	</row2>
					<row3>	0.3645 0.1974 -0.0458 1.0000	</row3>
				</transform>
			</node>
			<node>
				<identifier>	MP_JM037_Cutter_9m	</identifier>
				<transform>
					<row0>	0.9996 0.0000 0.0277 0.0000	</row0>
					<row1>	0.0000 1.0000 0.0000 0.0000	</row1>
					<row2>	-0.0277 0.0000 0.9996 0.0000	</row2>
					<row3>	0.2967 0.3098 1.0670 1.0000	</row3>
				</transform>
			</node>
			<node>
				<identifier>	MP_JM037_Cutter_9m_INDEX_1	</identifier>
				<transform>
					<row0>	0.9997 0.0000 -0.0252 0.0000	</row0>
					<row1>	0.0000 1.0000 0.0000 0.0000	</row1>
					<row2>	0.0252 0.0000 0.9997 0.0000	</row2>
					<row3>	-0.2967 0.3098 1.0670 1.0000	</row3>
				</transform>
			</node>
			<node>
				<identifier>	MP_JM052_Deck_Hatch_1	</identifier>
				<transform>
					<row0>	0.0000 0.0000 1.0000 0.0000	</row0>
					<row1>	0.0000 1.0000 0.0000 0.0000	</row1>
					<row2>	-1.0000 0.0000 0.0000 0.0000	</row2>
					<row3>	0.2510 0.1923 -0.4721 1.0000	</row3>
				</transform>
			</node>
			<node>
				<identifier>	MP_JM058_Deck_Hatch_7	</identifier>
				<transform>
					<row0>	-1.2188 0.0000 0.0000 0.0000	</row0>
					<row1>	0.0000 1.2188 0.0000 0.0000	</row1>
					<row2>	0.0000 0.0000 -1.2188 0.0000	</row2>
					<row3>	0.0000 0.2795 0.0246 1.0000	</row3>
				</transform>
			</node>
			<node>
				<identifier>	MP_JM058_Deck_Hatch_7_INDEX_1	</identifier>
				<transform>
					<row0>	-1.2188 0.0000 0.0000 0.0000	</row0>
					<row1>	0.0000 1.2188 0.0000 0.0000	</row1>
					<row2>	0.0000 0.0000 -1.2188 0.0000	</row2>
					<row3>	0.0796 0.4229 -0.1822 1.0000	</row3>
				</transform>
			</node>
			<node>
				<identifier>	MP_JM058_Deck_Hatch_7_INDEX_2	</identifier>
				<transform>
					<row0>	1.2188 0.0000 0.0000 0.0000	</row0>
					<row1>	0.0000 1.2188 0.0000 0.0000	</row1>
					<row2>	0.0000 0.0000 1.2188 0.0000	</row2>
					<row3>	0.1147 0.4231 -0.0905 1.0000	</row3>
				</transform>
			</node>
			<node>
				<identifier>	MP_JM058_Deck_Hatch_7_INDEX_3	</identifier>
				<transform>
					<row0>	-1.2188 0.0000 0.0000 0.0000	</row0>
					<row1>	0.0000 1.2188 0.0000 0.0000	</row1>
					<row2>	0.0000 0.0000 -1.2188 0.0000	</row2>
					<row3>	-0.0850 0.4229 -0.1822 1.0000	</row3>
				</transform>
			</node>
			<node>
				<identifier>	MP_JM058_Deck_Hatch_7_INDEX_4	</identifier>
				<transform>
					<row0>	1.2188 0.0000 0.0000 0.0000	</row0>
					<row1>	0.0000 1.2188 0.0000 0.0000	</row1>
					<row2>	0.0000 0.0000 1.2188 0.0000	</row2>
					<row3>	0.0000 0.2919 0.1883 1.0000	</row3>
				</transform>
			</node>
			<node>
				<identifier>	MP_JM058_Deck_Hatch_7_INDEX_5	</identifier>
				<transform>
					<row0>	0.0000 0.0000 1.2188 0.0000	</row0>
					<row1>	0.0000 1.2188 0.0000 0.0000	</row1>
					<row2>	-1.2188 0.0000 0.0000 0.0000	</row2>
					<row3>	0.1955 0.5000 1.6509 1.0000	</row3>
				</transform>
			</node>
			<node>
				<identifier>	MP_JM058_Deck_Hatch_7_INDEX_6	</identifier>
				<transform>
					<row0>	0.0000 0.0000 -1.2188 0.0000	</row0>
					<row1>	0.0000 1.2188 0.0000 0.0000	</row1>
					<row2>	1.2188 0.0000 0.0000 0.0000	</row2>
					<row3>	-0.1955 0.5000 1.6509 1.0000	</row3>
				</transform>
			</node>
			<node>
				<identifier>	MP_JM058_Deck_Hatch_7_INDEX_7	</identifier>
				<transform>
					<row0>	0.3008 0.0000 -1.1811 0.0000	</row0>
					<row1>	0.0000 1.2188 0.0000 0.0000	</row1>
					<row2>	1.1811 0.0000 0.3008 0.0000	</row2>
					<row3>	-0.1655 0.5000 1.4896 1.0000	</row3>
				</transform>
			</node>
			<node>
				<identifier>	MP_JM058_Deck_Hatch_7_INDEX_8	</identifier>
				<transform>
					<row0>	0.2996 0.0000 1.1814 0.0000	</row0>
					<row1>	0.0000 1.2188 0.0000 0.0000	</row1>
					<row2>	-1.1814 0.0000 0.2996 0.0000	</row2>
					<row3>	0.1655 0.5000 1.4902 1.0000	</row3>
				</transform>
			</node>
			<node>
				<identifier>	MP_JM058_Deck_Hatch_7_INDEX_9	</identifier>
				<transform>
					<row0>	1.2188 0.0000 0.0000 0.0000	</row0>
					<row1>	0.0000 1.2188 0.0000 0.0000	</row1>
					<row2>	0.0000 0.0000 1.2188 0.0000	</row2>
					<row3>	-0.1147 0.4231 -0.0905 1.0000	</row3>
				</transform>
			</node>
			<node>
				<identifier>	MP_JM059_Deck_Hatch_8	</identifier>
				<transform>
					<row0>	0.0000 0.0000 1.0000 0.0000	</row0>
					<row1>	0.0000 1.0000 0.0000 0.0000	</row1>
					<row2>	-1.0000 0.0000 0.0000 0.0000	</row2>
					<row3>	-0.0241 0.3264 2.0835 1.0000	</row3>
				</transform>
			</node>
			<node>
				<identifier>	MP_JM059_Deck_Hatch_8_INDEX_1	</identifier>
				<transform>
					<row0>	0.4278 0.0000 0.9039 0.0000	</row0>
					<row1>	0.0000 1.0000 0.0000 0.0000	</row1>
					<row2>	-0.9039 0.0000 0.4278 0.0000	</row2>
					<row3>	0.1426 0.3264 2.1580 1.0000	</row3>
				</transform>
			</node>
			<node>
				<identifier>	MP_JM059_Deck_Hatch_8_INDEX_2	</identifier>
				<transform>
					<row0>	-0.4323 0.0000 0.9017 0.0000	</row0>
					<row1>	0.0000 1.0000 0.0000 0.0000	</row1>
					<row2>	-0.9017 0.0000 -0.4323 0.0000	</row2>
					<row3>	-0.1699 0.3264 2.2151 1.0000	</row3>
				</transform>
			</node>
			<node>
				<identifier>	MP_JM059_Deck_Hatch_8_INDEX_3	</identifier>
				<transform>
					<row0>	0.2428 0.0000 0.9701 0.0000	</row0>
					<row1>	0.0000 1.0000 0.0000 0.0000	</row1>
					<row2>	-0.9701 0.0000 0.2428 0.0000	</row2>
					<row3>	-0.1899 0.3264 2.5492 1.0000	</row3>
				</transform>
			</node>
			<node>
				<identifier>	MP_JM059_Deck_Hatch_8_INDEX_4	</identifier>
				<transform>
					<row0>	-0.2562 0.0000 0.9666 0.0000	</row0>
					<row1>	0.0000 1.0000 0.0000 0.0000	</row1>
					<row2>	-0.9666 0.0000 -0.2562 0.0000	</row2>
					<row3>	0.1899 0.3264 2.5492 1.0000	</row3>
				</transform>
			</node>
			<node>
				<identifier>	MP_JM059_Deck_Hatch_8_INDEX_5	</identifier>
				<transform>
					<row0>	0.4278 0.0000 0.9039 0.0000	</row0>
					<row1>	0.0000 1.0000 0.0000 0.0000	</row1>
					<row2>	-0.9039 0.0000 0.4278 0.0000	</row2>
					<row3>	0.1700 0.3264 2.2151 1.0000	</row3>
				</transform>
			</node>
			<node>
				<identifier>	MP_JM062_Deck_Hatch_11	</identifier>
				<transform>
					<row0>	-0.7363 0.0000 0.0000 0.0000	</row0>
					<row1>	0.0000 0.7363 0.0000 0.0000	</row1>
					<row2>	0.0000 0.0000 -0.7363 0.0000	</row2>
					<row3>	-0.1834 0.3257 2.1485 1.0000	</row3>
				</transform>
			</node>
			<node>
				<identifier>	MP_JM064_Bollards_2	</identifier>
				<transform>
					<row0>	-0.0284 0.0000 -0.5284 0.0000	</row0>
					<row1>	0.0000 0.5291 0.0000 0.0000	</row1>
					<row2>	0.5284 0.0000 -0.0284 0.0000	</row2>
					<row3>	-0.2983 0.3269 2.6516 1.0000	</row3>
				</transform>
			</node>
			<node>
				<identifier>	MP_JM064_Bollards_2_INDEX_1	</identifier>
				<transform>
					<row0>	0.0365 0.0000 -0.5279 0.0000	</row0>
					<row1>	0.0000 0.5291 0.0000 0.0000	</row1>
					<row2>	0.5279 0.0000 0.0365 0.0000	</row2>
					<row3>	0.2983 0.3269 2.6516 1.0000	</row3>
				</transform>
			</node>
			<node>
				<identifier>	MP_JM078_Deck_Winch_2	</identifier>
				<transform>
					<row0>	-0.3006 0.0000 -0.4473 0.0000	</row0>
					<row1>	0.0000 0.5389 0.0000 0.0000	</row1>
					<row2>	0.4473 0.0000 -0.3006 0.0000	</row2>
					<row3>	0.1372 0.3268 1.8292 1.0000	</row3>
				</transform>
			</node>
			<node>
				<identifier>	MP_JM078_Deck_Winch_2_INDEX_1	</identifier>
				<transform>
					<row0>	0.5389 0.0000 0.0000 0.0000	</row0>
					<row1>	0.0000 0.0000 -0.5389 0.0000	</row1>
					<row2>	0.0000 0.5389 0.0000 0.0000	</row2>
					<row3>	0.0392 0.4070 2.1429 1.0000	</row3>
				</transform>
			</node>
			<node>
				<identifier>	MP_JM078_Deck_Winch_2_INDEX_2	</identifier>
				<transform>
					<row0>	-0.0019 0.0000 -0.6612 0.0000	</row0>
					<row1>	0.0000 0.6612 0.0000 0.0000	</row1>
					<row2>	0.6612 0.0000 -0.0019 0.0000	</row2>
					<row3>	0.0000 0.3268 1.8540 1.0000	</row3>
				</transform>
			</node>
			<node>
				<identifier>	MP_JM078_Deck_Winch_2_INDEX_3	</identifier>
				<transform>
					<row0>	0.5389 0.0000 0.0000 0.0000	</row0>
					<row1>	0.0000 0.0000 -0.5389 0.0000	</row1>
					<row2>	0.0000 0.5389 0.0000 0.0000	</row2>
					<row3>	0.0864 0.4070 2.1429 1.0000	</row3>
				</transform>
			</node>
			<node>
				<identifier>	MP_JM078_Deck_Winch_2_INDEX_4	</identifier>
				<transform>
					<row0>	0.2898 0.0000 -0.4543 0.0000	</row0>
					<row1>	0.0000 0.5389 0.0000 0.0000	</row1>
					<row2>	0.4543 0.0000 0.2898 0.0000	</row2>
					<row3>	-0.1390 0.3268 1.8292 1.0000	</row3>
				</transform>
			</node>
			<node>
				<identifier>	MP_JM090_Signal_Platform_2	</identifier>
				<transform>
					<row0>	-0.1449 0.0000 0.9894 0.0000	</row0>
					<row1>	0.0000 1.0000 0.0000 0.0000	</row1>
					<row2>	-0.9894 0.0000 -0.1449 0.0000	</row2>
					<row3>	-0.1978 0.6216 1.5112 1.0000	</row3>
				</transform>
			</node>
			<node>
				<identifier>	MP_JM090_Signal_Platform_2_INDEX_1	</identifier>
				<transform>
					<row0>	-0.9616 0.0000 -0.2743 0.0000	</row0>
					<row1>	0.0000 1.0000 0.0000 0.0000	</row1>
					<row2>	0.2743 0.0000 -0.9616 0.0000	</row2>
					<row3>	0.1399 0.7898 1.3873 1.0000	</row3>
				</transform>
			</node>
			<node>
				<identifier>	MP_JM090_Signal_Platform_2_INDEX_2	</identifier>
				<transform>
					<row0>	0.0000 0.0000 -1.0000 0.0000	</row0>
					<row1>	0.0000 1.0000 0.0000 0.0000	</row1>
					<row2>	1.0000 0.0000 0.0000 0.0000	</row2>
					<row3>	0.1598 0.7857 1.7297 1.0000	</row3>
				</transform>
			</node>
			<node>
				<identifier>	MP_JM090_Signal_Platform_2_INDEX_3	</identifier>
				<transform>
					<row0>	-0.1176 0.0000 -0.9931 0.0000	</row0>
					<row1>	0.0000 1.0000 0.0000 0.0000	</row1>
					<row2>	0.9931 0.0000 -0.1176 0.0000	</row2>
					<row3>	0.1978 0.6216 1.5112 1.0000	</row3>
				</transform>
			</node>
			<node>
				<identifier>	MP_JM090_Signal_Platform_2_INDEX_4	</identifier>
				<transform>
					<row0>	-0.9676 0.0000 0.2523 0.0000	</row0>
					<row1>	0.0000 1.0000 0.0000 0.0000	</row1>
					<row2>	-0.2523 0.0000 -0.9676 0.0000	</row2>
					<row3>	-0.1399 0.7898 1.3873 1.0000	</row3>
				</transform>
			</node>
			<node>
				<identifier>	MP_JM090_Signal_Platform_2_INDEX_5	</identifier>
				<transform>
					<row0>	0.0000 0.0000 1.0000 0.0000	</row0>
					<row1>	0.0000 1.0000 0.0000 0.0000	</row1>
					<row2>	-1.0000 0.0000 0.0000 0.0000	</row2>
					<row3>	-0.1598 0.7857 1.7297 1.0000	</row3>
				</transform>
			</node>
			<node>
				<identifier>	MP_JM092_Running_Lights_R	</identifier>
				<transform>
					<row0>	0.7997 0.0000 -0.0267 0.0000	</row0>
					<row1>	0.0000 0.8001 0.0000 0.0000	</row1>
					<row2>	0.0267 0.0000 0.7997 0.0000	</row2>
					<row3>	0.1753 0.6825 1.6378 1.0000	</row3>
				</transform>
			</node>
			<node>
				<identifier>	MP_JM093_Running_Lights_L	</identifier>
				<transform>
					<row0>	0.8000 0.0000 0.0168 0.0000	</row0>
					<row1>	0.0000 0.8001 0.0000 0.0000	</row1>
					<row2>	-0.0168 0.0000 0.8000 0.0000	</row2>
					<row3>	-0.1730 0.6825 1.6378 1.0000	</row3>
				</transform>
			</node>
			<node>
				<identifier>	MP_JM107_Binocular_2	</identifier>
				<transform>
					<row0>	0.6563 0.0000 -0.7545 0.0000	</row0>
					<row1>	0.0000 1.0000 0.0000 0.0000	</row1>
					<row2>	0.7545 0.0000 0.6563 0.0000	</row2>
					<row3>	0.1453 0.7902 1.4308 1.0000	</row3>
				</transform>
			</node>
			<node>
				<identifier>	MP_JM107_Binocular_2_INDEX_1	</identifier>
				<transform>
					<row0>	0.8205 0.0000 0.5716 0.0000	</row0>
					<row1>	0.0000 1.0000 0.0000 0.0000	</row1>
					<row2>	-0.5716 0.0000 0.8205 0.0000	</row2>
					<row3>	0.1477 0.7898 1.5175 1.0000	</row3>
				</transform>
			</node>
			<node>
				<identifier>	MP_JM107_Binocular_2_INDEX_2	</identifier>
				<transform>
					<row0>	-0.6082 0.0000 -0.7938 0.0000	</row0>
					<row1>	0.0000 1.0000 0.0000 0.0000	</row1>
					<row2>	0.7938 0.0000 -0.6082 0.0000	</row2>
					<row3>	-0.1453 0.7902 1.4308 1.0000	</row3>
				</transform>
			</node>
			<node>
				<identifier>	MP_JM107_Binocular_2_INDEX_3	</identifier>
				<transform>
					<row0>	-0.6959 0.0000 0.7181 0.0000	</row0>
					<row1>	0.0000 1.0000 0.0000 0.0000	</row1>
					<row2>	-0.7181 0.0000 -0.6959 0.0000	</row2>
					<row3>	-0.1775 0.6291 1.5506 1.0000	</row3>
				</transform>
			</node>
			<node>
				<identifier>	MP_JM107_Binocular_2_INDEX_4	</identifier>
				<transform>
					<row0>	0.8205 0.0000 0.5716 0.0000	</row0>
					<row1>	0.0000 1.0000 0.0000 0.0000	</row1>
					<row2>	-0.5716 0.0000 0.8205 0.0000	</row2>
					<row3>	0.1766 0.6291 1.5506 1.0000	</row3>
				</transform>
			</node>
			<node>
				<identifier>	MP_JM107_Binocular_2_INDEX_5	</identifier>
				<transform>
					<row0>	-0.7209 0.0000 0.6930 0.0000	</row0>
					<row1>	0.0000 1.0000 0.0000 0.0000	</row1>
					<row2>	-0.6930 0.0000 -0.7209 0.0000	</row2>
					<row3>	-0.1470 0.7898 1.5175 1.0000	</row3>
				</transform>
			</node>
			<node>
				<identifier>	MP_JM107_Binocular_2_INDEX_6	</identifier>
				<transform>
					<row0>	0.0000 0.0000 1.0000 0.0000	</row0>
					<row1>	0.0000 1.0000 0.0000 0.0000	</row1>
					<row2>	-1.0000 0.0000 0.0000 0.0000	</row2>
					<row3>	0.0000 0.8071 1.6406 1.0000	</row3>
				</transform>
			</node>
			<node>
				<identifier>	MP_JM125_Signal_Lamp_3	</identifier>
				<transform>
					<row0>	1.0000 0.0000 0.0000 0.0000	</row0>
					<row1>	0.0000 1.0000 0.0000 0.0000	</row1>
					<row2>	0.0000 0.0000 1.0000 0.0000	</row2>
					<row3>	0.0000 1.4548 0.9819 1.0000	</row3>
				</transform>
			</node>
			<node>
				<identifier>	MP_JM144_Motor_Boats_8m	</identifier>
				<transform>
					<row0>	1.0000 0.0000 0.0000 0.0000	</row0>
					<row1>	0.0000 1.0000 0.0000 0.0000	</row1>
					<row2>	0.0000 0.0000 1.0000 0.0000	</row2>
					<row3>	-0.2615 0.2172 0.2193 1.0000	</row3>
				</transform>
			</node>
			<node>
				<identifier>	MP_JM144_Motor_Boats_8m_INDEX_1	</identifier>
				<transform>
					<row0>	1.0000 0.0000 0.0000 0.0000	</row0>
					<row1>	0.0000 1.0000 0.0000 0.0000	</row1>
					<row2>	0.0000 0.0000 1.0000 0.0000	</row2>
					<row3>	0.2615 0.2172 0.2193 1.0000	</row3>
				</transform>
			</node>
			<node>
				<identifier>	MP_JM158_Main_Wheel	</identifier>
				<transform>
					<row0>	1.0000 0.0000 0.0000 0.0000	</row0>
					<row1>	0.0000 1.0000 0.0000 0.0000	</row1>
					<row2>	0.0000 0.0000 1.0000 0.0000	</row2>
					<row3>	0.0000 0.6549 1.7391 1.0000	</row3>
				</transform>
			</node>
			<node>
				<identifier>	MP_JM164_Turning_Indicator	</identifier>
				<transform>
					<row0>	0.8660 0.0000 0.5000 0.0000	</row0>
					<row1>	0.0000 1.0000 0.0000 0.0000	</row1>
