<VSC009_Coronel_Bolognesi_1960_MidBack_ports.visual>
	<node>
		<identifier>	Scene Root	</identifier>
		<transform>
			<row0>	1.0000 0.0000 0.0000 0.0000	</row0>
			<row1>	0.0000 1.0000 0.0000 0.0000	</row1>
			<row2>	0.0000 0.0000 1.0000 0.0000	</row2>
			<row3>	0.0000 0.0000 0.0000 1.0000	</row3>
		</transform>
		<node>
			<identifier>	MidBack_ports	</identifier>
			<transform>
				<row0>	1.0000 0.0000 0.0000 0.0000	</row0>
				<row1>	0.0000 1.0000 0.0000 0.0000	</row1>
				<row2>	0.0000 0.0000 1.0000 0.0000	</row2>
				<row3>	0.0000 0.0000 0.0000 1.0000	</row3>
			</transform>
			<node>
				<identifier>	HP_FX_Fire_3	</identifier>
				<transform>
					<row0>	1.0000 0.0000 0.0000 0.0000	</row0>
					<row1>	0.0000 1.0000 0.0000 0.0000	</row1>
					<row2>	0.0000 0.0000 1.0000 0.0000	</row2>
					<row3>	0.0000 0.4650 -1.4640 1.0000	</row3>
				</transform>
			</node>
			<node>
				<identifier>	HP_FX_Fire_3_side_1	</identifier>
				<transform>
					<row0>	1.0000 0.0000 0.0000 0.0000	</row0>
					<row1>	0.0000 1.0000 0.0000 0.0000	</row1>
					<row2>	0.0000 0.0000 1.0000 0.0000	</row2>
					<row3>	-0.2847 0.4650 -0.1657 1.0000	</row3>
				</transform>
			</node>
			<node>
				<identifier>	HP_FX_Fire_3_side_2	</identifier>
				<transform>
					<row0>	1.0000 0.0000 0.0000 0.0000	</row0>
					<row1>	0.0000 1.0000 0.0000 0.0000	</row1>
					<row2>	0.0000 0.0000 1.0000 0.0000	</row2>
					<row3>	0.2837 0.4581 -2.8493 1.0000	</row3>
				</transform>
			</node>
			<node>
				<identifier>	HP_FX_FloodLight_left_2	</identifier>
				<transform>
					<row0>	-0.7555 0.0000 -0.6551 0.0000	</row0>
					<row1>	0.0000 1.0000 0.0000 0.0000	</row1>
					<row2>	0.6551 0.0000 -0.7555 0.0000	</row2>
					<row3>	-0.2706 0.4189 -3.2367 1.0000	</row3>
				</transform>
			</node>
			<node>
				<identifier>	HP_FX_FloodLight_right_2	</identifier>
				<transform>
					<row0>	0.7506 0.0000 -0.6607 0.0000	</row0>
					<row1>	0.0000 1.0000 0.0000 0.0000	</row1>
					<row2>	0.6607 0.0000 0.7506 0.0000	</row2>
					<row3>	0.2268 0.4352 -3.2905 1.0000	</row3>
				</transform>
			</node>
			<node>
				<identifier>	HP_FX_Flood_steam_2	</identifier>
				<transform>
					<row0>	1.0000 0.0000 0.0000 0.0000	</row0>
					<row1>	0.0000 0.9431 -0.3324 0.0000	</row1>
					<row2>	0.0000 0.3324 0.9431 0.0000	</row2>
					<row3>	-0.0308 1.3172 -0.5421 1.0000	</row3>
				</transform>
			</node>
			<node>
				<identifier>	HP_FX_Flood_steam_right	</identifier>
				<transform>
					<row0>	0.9967 0.0000 -0.0811 0.0000	</row0>
					<row1>	0.0000 1.0000 0.0000 0.0000	</row1>
					<row2>	0.0811 0.0000 0.9967 0.0000	</row2>
					<row3>	0.4857 0.2324 -3.4188 1.0000	</row3>
				</transform>
			</node>
			<node>
				<identifier>	HP_FX_Flood_water_left_2	</identifier>
				<transform>
					<row0>	-0.8327 -0.5536 0.0000 0.0000	</row0>
					<row1>	-0.5536 0.8327 0.0000 0.0000	</row1>
					<row2>	0.0000 0.0000 -1.0000 0.0000	</row2>
					<row3>	-0.6167 0.1338 0.2571 1.0000	</row3>
				</transform>
			</node>
			<node>
				<identifier>	HP_FX_Flood_water_right_2	</identifier>
				<transform>
					<row0>	0.8458 -0.5334 0.0000 0.0000	</row0>
					<row1>	0.5334 0.8458 0.0000 0.0000	</row1>
					<row2>	0.0000 0.0000 1.0000 0.0000	</row2>
					<row3>	0.6164 0.1354 0.2574 1.0000	</row3>
				</transform>
			</node>
			<node>
				<identifier>	HP_FX_RepairLight_left_2	</identifier>
				<transform>
					<row0>	-0.0876 0.0000 0.9962 0.0000	</row0>
					<row1>	0.0000 1.0000 0.0000 0.0000	</row1>
					<row2>	-0.9962 0.0000 -0.0876 0.0000	</row2>
					<row3>	-0.4912 0.2955 -3.4391 1.0000	</row3>
				</transform>
			</node>
			<node>
				<identifier>	HP_FX_RepairLight_right_1	</identifier>
				<transform>
					<row0>	-0.0456 0.0000 -0.9990 0.0000	</row0>
					<row1>	0.0000 1.0000 0.0000 0.0000	</row1>
					<row2>	0.9990 0.0000 -0.0456 0.0000	</row2>
					<row3>	0.5607 0.2959 -2.3791 1.0000	</row3>
				</transform>
			</node>
			<node>
				<identifier>	HP_FX_Smoke_2	</identifier>
				<transform>
					<row0>	0.9986 -0.0521 0.0000 0.0000	</row0>
					<row1>	0.0521 0.9986 0.0000 0.0000	</row1>
					<row2>	0.0000 0.0000 1.0000 0.0000	</row2>
					<row3>	0.0000 1.2127 -0.5653 1.0000	</row3>
				</transform>
			</node>
			<node>
				<identifier>	HP_VD_6	</identifier>
				<transform>
					<row0>	-1.0000 0.0000 0.0000 0.0000	</row0>
					<row1>	0.0000 1.0000 0.0000 0.0000	</row1>
					<row2>	0.0000 0.0000 -1.0000 0.0000	</row2>
					<row3>	-0.0907 0.8074 -2.4773 1.0000	</row3>
				</transform>
			</node>
			<node>
				<identifier>	HP_VD_7	</identifier>
				<transform>
					<row0>	-1.0000 0.0000 0.0000 0.0000	</row0>
					<row1>	0.0000 1.0000 0.0000 0.0000	</row1>
					<row2>	0.0000 0.0000 -1.0000 0.0000	</row2>
					<row3>	0.0907 0.8074 -2.4773 1.0000	</row3>
				</transform>
			</node>
			<node>
				<identifier>	HP_VD_8	</identifier>
				<transform>
					<row0>	-1.0000 0.0000 0.0000 0.0000	</row0>
					<row1>	0.0000 1.0000 0.0000 0.0000	</row1>
					<row2>	0.0000 0.0000 -1.0000 0.0000	</row2>
					<row3>	-0.0568 0.6302 -2.8271 1.0000	</row3>
				</transform>
			</node>
			<node>
				<identifier>	HP_VD_9	</identifier>
				<transform>
					<row0>	-1.0000 0.0000 0.0000 0.0000	</row0>
					<row1>	0.0000 1.0000 0.0000 0.0000	</row1>
					<row2>	0.0000 0.0000 -1.0000 0.0000	</row2>
					<row3>	0.0568 0.6302 -2.8271 1.0000	</row3>
				</transform>
			</node>
			<node>
				<identifier>	HP_VGA_10	</identifier>
				<transform>
					<row0>	0.0000 0.0000 1.0000 0.0000	</row0>
					<row1>	0.0000 1.0000 0.0000 0.0000	</row1>
					<row2>	-1.0000 0.0000 0.0000 0.0000	</row2>
					<row3>	-0.2308 0.6310 -2.2364 1.0000	</row3>
				</transform>
			</node>
			<node>
				<identifier>	HP_VGA_11	</identifier>
				<transform>
					<row0>	0.0000 0.0000 -1.0000 0.0000	</row0>
					<row1>	0.0000 1.0000 0.0000 0.0000	</row1>
					<row2>	1.0000 0.0000 0.0000 0.0000	</row2>
					<row3>	0.2308 0.6310 -2.2364 1.0000	</row3>
				</transform>
			</node>
			<node>
				<identifier>	HP_VGA_12	</identifier>
				<transform>
					<row0>	0.0000 0.0000 1.0000 0.0000	</row0>
					<row1>	0.0000 1.0000 0.0000 0.0000	</row1>
					<row2>	-1.0000 0.0000 0.0000 0.0000	</row2>
					<row3>	-0.2330 0.6310 -2.6135 1.0000	</row3>
				</transform>
			</node>
			<node>
				<identifier>	HP_VGA_13	</identifier>
				<transform>
					<row0>	0.0000 0.0000 -1.0000 0.0000	</row0>
					<row1>	0.0000 1.0000 0.0000 0.0000	</row1>
					<row2>	1.0000 0.0000 0.0000 0.0000	</row2>
					<row3>	0.2330 0.6310 -2.6135 1.0000	</row3>
				</transform>
			</node>
			<node>
				<identifier>	HP_VGA_14	</identifier>
				<transform>
					<row0>	-0.7071 0.0000 0.7071 0.0000	</row0>
					<row1>	0.0000 1.0000 0.0000 0.0000	</row1>
					<row2>	-0.7071 0.0000 -0.7071 0.0000	</row2>
					<row3>	-0.2355 0.4555 -3.0978 1.0000	</row3>
				</transform>
			</node>
			<node>
				<identifier>	HP_VGA_15	</identifier>
				<transform>
					<row0>	-0.7071 0.0000 -0.7071 0.0000	</row0>
					<row1>	0.0000 1.0000 0.0000 0.0000	</row1>
					<row2>	0.7071 0.0000 -0.7071 0.0000	</row2>
					<row3>	0.2355 0.4555 -3.0978 1.0000	</row3>
				</transform>
			</node>
			<node>
				<identifier>	HP_VGA_16	</identifier>
				<transform>
					<row0>	-1.0000 0.0000 0.0000 0.0000	</row0>
					<row1>	0.0000 1.0000 0.0000 0.0000	</row1>
					<row2>	0.0000 0.0000 -1.0000 0.0000	</row2>
					<row3>	0.0000 0.4622 -3.2722 1.0000	</row3>
				</transform>
			</node>
			<node>
				<identifier>	HP_VGA_7	</identifier>
				<transform>
					<row0>	1.0000 0.0000 0.0000 0.0000	</row0>
					<row1>	0.0000 1.0000 0.0000 0.0000	</row1>
					<row2>	0.0000 0.0000 1.0000 0.0000	</row2>
					<row3>	0.0000 0.6310 -1.5787 1.0000	</row3>
				</transform>
			</node>
			<node>
				<identifier>	HP_VGA_8	</identifier>
				<transform>
					<row0>	0.0000 0.0000 1.0000 0.0000	</row0>
					<row1>	0.0000 1.0000 0.0000 0.0000	</row1>
					<row2>	-1.0000 0.0000 0.0000 0.0000	</row2>
					<row3>	-0.1076 0.6310 -1.5892 1.0000	</row3>
				</transform>
			</node>
			<node>
				<identifier>	HP_VGA_9	</identifier>
				<transform>
					<row0>	0.0000 0.0000 -1.0000 0.0000	</row0>
					<row1>	0.0000 1.0000 0.0000 0.0000	</row1>
					<row2>	1.0000 0.0000 0.0000 0.0000	</row2>
					<row3>	0.1076 0.6310 -1.5892 1.0000	</row3>
				</transform>
			</node>
			<node>
				<identifier>	HP_VGS_1	</identifier>
				<transform>
					<row0>	0.0000 0.0000 1.0000 0.0000	</row0>
					<row1>	0.0000 1.0000 0.0000 0.0000	</row1>
					<row2>	-1.0000 0.0000 0.0000 0.0000	</row2>
					<row3>	-0.4456 0.4608 -0.8706 1.0000	</row3>
				</transform>
			</node>
			<node>
				<identifier>	HP_VGS_2	</identifier>
				<transform>
					<row0>	0.0000 0.0000 -1.0000 0.0000	</row0>
					<row1>	0.0000 1.0000 0.0000 0.0000	</row1>
					<row2>	1.0000 0.0000 0.0000 0.0000	</row2>
					<row3>	0.4456 0.4608 -0.8706 1.0000	</row3>
				</transform>
			</node>
			<node>
				<identifier>	HP_VGS_3	</identifier>
				<transform>
					<row0>	0.0000 0.0000 1.0000 0.0000	</row0>
					<row1>	0.0000 1.0000 0.0000 0.0000	</row1>
					<row2>	-1.0000 0.0000 0.0000 0.0000	</row2>
					<row3>	-0.4187 0.4608 -1.7638 1.0000	</row3>
				</transform>
			</node>
			<node>
				<identifier>	HP_VGS_4	</identifier>
				<transform>
					<row0>	0.0000 0.0000 -1.0000 0.0000	</row0>
					<row1>	0.0000 1.0000 0.0000 0.0000	</row1>
					<row2>	1.0000 0.0000 0.0000 0.0000	</row2>
					<row3>	0.4187 0.4608 -1.7638 1.0000	</row3>
				</transform>
			</node>
			<node>
				<identifier>	HP_VGT_1	</identifier>
				<transform>
					<row0>	-1.0000 0.0000 0.0000 0.0000	</row0>
					<row1>	0.0000 1.0000 0.0000 0.0000	</row1>
					<row2>	0.0000 0.0000 -1.0000 0.0000	</row2>
					<row3>	-0.5085 0.3071 -1.2092 1.0000	</row3>
				</transform>
			</node>
			<node>
				<identifier>	HP_VGT_2	</identifier>
				<transform>
					<row0>	-1.0000 0.0000 0.0000 0.0000	</row0>
					<row1>	0.0000 1.0000 0.0000 0.0000	</row1>
					<row2>	0.0000 0.0000 -1.0000 0.0000	</row2>
					<row3>	0.5085 0.3071 -1.2092 1.0000	</row3>
				</transform>
			</node>
			<node>
				<identifier>	HP_VRS_4	</identifier>
				<transform>
					<row0>	1.0000 0.0000 0.0000 0.0000	</row0>
					<row1>	0.0000 1.0000 0.0000 0.0000	</row1>
					<row2>	0.0000 0.0000 1.0000 0.0000	</row2>
					<row3>	0.0000 1.8530 -2.0932 1.0000	</row3>
				</transform>
			</node>
			<node>
				<identifier>	HP_flag_nation	</identifier>
				<transform>
					<row0>	0.9998 0.0195 -0.0013 0.0000	</row0>
					<row1>	-0.0195 0.9909 -0.1333 0.0000	</row1>
					<row2>	-0.0013 0.1333 0.9911 0.0000	</row2>
					<row3>	0.0001 1.9021 -2.2630 1.0000	</row3>
				</transform>
			</node>
			<node>
				<identifier>	MP_CM011_Fire_Fighting_Gear	</identifier>
				<transform>
					<row0>	-0.1677 0.0000 -0.9858 0.0000	</row0>
					<row1>	0.0000 1.0000 0.0000 0.0000	</row1>
					<row2>	0.9858 0.0000 -0.1677 0.0000	</row2>
					<row3>	-0.1905 0.2991 -1.2130 1.0000	</row3>
				</transform>
			</node>
			<node>
				<identifier>	MP_CM011_Fire_Fighting_Gear_INDEX_1	</identifier>
				<transform>
					<row0>	-1.0000 0.0000 0.0000 0.0000	</row0>
					<row1>	0.0000 1.0000 0.0000 0.0000	</row1>
					<row2>	0.0000 0.0000 -1.0000 0.0000	</row2>
					<row3>	-0.1436 0.4655 -1.4681 1.0000	</row3>
				</transform>
			</node>
			<node>
				<identifier>	MP_CM011_Fire_Fighting_Gear_INDEX_2	</identifier>
				<transform>
					<row0>	-0.1677 0.0000 0.9858 0.0000	</row0>
					<row1>	0.0000 1.0000 0.0000 0.0000	</row1>
					<row2>	-0.9858 0.0000 -0.1677 0.0000	</row2>
					<row3>	0.1839 0.2989 -1.1807 1.0000	</row3>
				</transform>
			</node>
			<node>
				<identifier>	MP_CM011_Fire_Fighting_Gear_INDEX_3	</identifier>
				<transform>
					<row0>	0.6533 0.0000 -0.7571 0.0000	</row0>
					<row1>	0.0000 1.0000 0.0000 0.0000	</row1>
					<row2>	0.7571 0.0000 0.6533 0.0000	</row2>
					<row3>	-0.2998 0.2951 -3.2179 1.0000	</row3>
				</transform>
			</node>
			<node>
				<identifier>	MP_CM011_Fire_Fighting_Gear_INDEX_4	</identifier>
				<transform>
					<row0>	0.6533 0.0000 0.7571 0.0000	</row0>
					<row1>	0.0000 1.0000 0.0000 0.0000	</row1>
					<row2>	-0.7571 0.0000 0.6533 0.0000	</row2>
					<row3>	0.3561 0.2937 -3.1551 1.0000	</row3>
				</transform>
			</node>
			<node>
				<identifier>	MP_CM011_Fire_Fighting_Gear_INDEX_5	</identifier>
				<transform>
					<row0>	0.0000 0.0000 -1.0000 0.0000	</row0>
					<row1>	0.0000 1.0000 0.0000 0.0000	</row1>
					<row2>	1.0000 0.0000 0.0000 0.0000	</row2>
					<row3>	-0.4145 0.2918 -0.2164 1.0000	</row3>
				</transform>
			</node>
			<node>
				<identifier>	MP_CM011_Fire_Fighting_Gear_INDEX_6	</identifier>
				<transform>
					<row0>	0.8518 0.0000 0.5238 0.0000	</row0>
					<row1>	0.0000 1.0000 0.0000 0.0000	</row1>
					<row2>	-0.5238 0.0000 0.8518 0.0000	</row2>
					<row3>	0.1407 0.4653 -2.8252 1.0000	</row3>
				</transform>
			</node>
			<node>
				<identifier>	MP_CM011_Fire_Fighting_Gear_INDEX_7	</identifier>
				<transform>
					<row0>	0.8518 0.0000 -0.5238 0.0000	</row0>
					<row1>	0.0000 1.0000 0.0000 0.0000	</row1>
					<row2>	0.5238 0.0000 0.8518 0.0000	</row2>
					<row3>	-0.1348 0.4649 -2.8287 1.0000	</row3>
				</transform>
			</node>
			<node>
				<identifier>	MP_CM011_Fire_Fighting_Gear_INDEX_8	</identifier>
				<transform>
					<row0>	0.0000 0.0000 1.0000 0.0000	</row0>
					<row1>	0.0000 1.0000 0.0000 0.0000	</row1>
					<row2>	-1.0000 0.0000 0.0000 0.0000	</row2>
					<row3>	0.4145 0.2926 -0.0837 1.0000	</row3>
				</transform>
			</node>
			<node>
				<identifier>	MP_CM012_Fire_Hose_Rack_1	</identifier>
				<transform>
					<row0>	1.0000 0.0000 0.0000 0.0000	</row0>
					<row1>	0.0000 1.0000 0.0000 0.0000	</row1>
					<row2>	0.0000 0.0000 1.0000 0.0000	</row2>
					<row3>	-0.4018 0.3700 -0.2142 1.0000	</row3>
				</transform>
			</node>
			<node>
				<identifier>	MP_CM012_Fire_Hose_Rack_1_INDEX_1	</identifier>
				<transform>
					<row0>	-1.0000 0.0000 0.0000 0.0000	</row0>
					<row1>	0.0000 1.0000 0.0000 0.0000	</row1>
					<row2>	0.0000 0.0000 -1.0000 0.0000	</row2>
					<row3>	0.4018 0.3700 -0.0549 1.0000	</row3>
				</transform>
			</node>
			<node>
				<identifier>	MP_CM012_Fire_Hose_Rack_1_INDEX_2	</identifier>
				<transform>
					<row0>	-0.9858 0.0000 -0.1677 0.0000	</row0>
					<row1>	0.0000 1.0000 0.0000 0.0000	</row1>
					<row2>	0.1677 0.0000 -0.9858 0.0000	</row2>
					<row3>	0.1693 0.3708 -1.1824 1.0000	</row3>
				</transform>
			</node>
			<node>
				<identifier>	MP_CM012_Fire_Hose_Rack_1_INDEX_3	</identifier>
				<transform>
					<row0>	0.0000 0.0000 -1.0000 0.0000	</row0>
					<row1>	0.0000 1.0000 0.0000 0.0000	</row1>
					<row2>	1.0000 0.0000 0.0000 0.0000	</row2>
					<row3>	-0.1436 0.5446 -1.4845 1.0000	</row3>
				</transform>
			</node>
			<node>
				<identifier>	MP_CM012_Fire_Hose_Rack_1_INDEX_4	</identifier>
				<transform>
					<row0>	0.9858 0.0000 -0.1677 0.0000	</row0>
					<row1>	0.0000 1.0000 0.0000 0.0000	</row1>
					<row2>	0.1677 0.0000 0.9858 0.0000	</row2>
					<row3>	-0.1761 0.3700 -1.2221 1.0000	</row3>
				</transform>
			</node>
			<node>
				<identifier>	MP_CM012_Fire_Hose_Rack_1_INDEX_5	</identifier>
				<transform>
					<row0>	-0.7571 0.0000 0.6533 0.0000	</row0>
					<row1>	0.0000 1.0000 0.0000 0.0000	</row1>
					<row2>	-0.6533 0.0000 -0.7571 0.0000	</row2>
					<row3>	0.3402 0.3553 -3.1499 1.0000	</row3>
				</transform>
			</node>
			<node>
				<identifier>	MP_CM012_Fire_Hose_Rack_1_INDEX_6	</identifier>
				<transform>
					<row0>	0.7571 0.0000 0.6533 0.0000	</row0>
					<row1>	0.0000 1.0000 0.0000 0.0000	</row1>
					<row2>	-0.6533 0.0000 0.7571 0.0000	</row2>
					<row3>	-0.2700 0.3685 -3.2339 1.0000	</row3>
				</transform>
			</node>
			<node>
				<identifier>	MP_CM012_Fire_Hose_Rack_1_INDEX_7	</identifier>
				<transform>
					<row0>	0.5430 0.0000 0.8397 0.0000	</row0>
					<row1>	0.0000 1.0000 0.0000 0.0000	</row1>
					<row2>	-0.8397 0.0000 0.5430 0.0000	</row2>
					<row3>	-0.1405 0.5329 -2.8171 1.0000	</row3>
				</transform>
			</node>
			<node>
				<identifier>	MP_CM012_Fire_Hose_Rack_1_INDEX_8	</identifier>
				<transform>
					<row0>	-0.5430 0.0000 0.8397 0.0000	</row0>
					<row1>	0.0000 1.0000 0.0000 0.0000	</row1>
					<row2>	-0.8397 0.0000 -0.5430 0.0000	</row2>
					<row3>	0.1646 0.5113 -2.8018 1.0000	</row3>
				</transform>
			</node>
			<node>
				<identifier>	MP_CM014_Fuel_Oil_Hose	</identifier>
				<transform>
					<row0>	1.0000 0.0000 0.0000 0.0000	</row0>
					<row1>	0.0000 1.0000 0.0000 0.0000	</row1>
					<row2>	0.0000 0.0000 1.0000 0.0000	</row2>
					<row3>	-0.3045 0.3503 -1.6394 1.0000	</row3>
				</transform>
			</node>
			<node>
				<identifier>	MP_CM014_Fuel_Oil_Hose_INDEX_1	</identifier>
				<transform>
					<row0>	-1.0000 0.0000 0.0000 0.0000	</row0>
					<row1>	0.0000 1.0000 0.0000 0.0000	</row1>
					<row2>	0.0000 0.0000 -1.0000 0.0000	</row2>
					<row3>	0.3045 0.3708 -1.6602 1.0000	</row3>
				</transform>
			</node>
			<node>
				<identifier>	MP_CM015_Bundle_1	</identifier>
				<transform>
					<row0>	0.7882 0.0000 0.6154 0.0000	</row0>
					<row1>	0.0000 1.0000 0.0000 0.0000	</row1>
					<row2>	-0.6154 0.0000 0.7882 0.0000	</row2>
					<row3>	0.3817 0.6221 -1.1551 1.0000	</row3>
				</transform>
			</node>
			<node>
				<identifier>	MP_CM015_Bundle_1_INDEX_1	</identifier>
				<transform>
					<row0>	1.0000 0.0000 0.0000 0.0000	</row0>
					<row1>	0.0000 1.0000 0.0000 0.0000	</row1>
					<row2>	0.0000 0.0000 1.0000 0.0000	</row2>
					<row3>	-0.4472 0.6217 -1.5421 1.0000	</row3>
				</transform>
			</node>
			<node>
				<identifier>	MP_CM015_Bundle_1_INDEX_2	</identifier>
				<transform>
					<row0>	-0.2732 0.0000 -0.9620 0.0000	</row0>
					<row1>	0.0000 1.0000 0.0000 0.0000	</row1>
					<row2>	0.9620 0.0000 -0.2732 0.0000	</row2>
					<row3>	-0.4004 0.6217 -1.5050 1.0000	</row3>
				</transform>
			</node>
			<node>
				<identifier>	MP_CM029_Emergency_Box	</identifier>
				<transform>
					<row0>	0.0616 0.0000 -0.9981 0.0000	</row0>
					<row1>	0.0000 1.0000 0.0000 0.0000	</row1>
					<row2>	0.9981 0.0000 0.0616 0.0000	</row2>
					<row3>	-0.4040 0.3719 -2.8093 1.0000	</row3>
				</transform>
			</node>
			<node>
				<identifier>	MP_CM029_Emergency_Box_INDEX_1	</identifier>
				<transform>
					<row0>	0.0616 0.0000 0.9981 0.0000	</row0>
					<row1>	0.0000 1.0000 0.0000 0.0000	</row1>
					<row2>	-0.9981 0.0000 0.0616 0.0000	</row2>
					<row3>	0.4109 0.3719 -2.7009 1.0000	</row3>
				</transform>
			</node>
			<node>
				<identifier>	MP_CM029_Emergency_Box_INDEX_2	</identifier>
				<transform>
					<row0>	0.3004 -0.0016 0.9538 0.0000	</row0>
					<row1>	-0.0016 1.0000 0.0021 0.0000	</row1>
					<row2>	-0.9538 -0.0021 0.3004 0.0000	</row2>
					<row3>	0.4132 0.3703 -0.6085 1.0000	</row3>
				</transform>
			</node>
			<node>
				<identifier>	MP_CM029_Emergency_Box_INDEX_3	</identifier>
				<transform>
					<row0>	0.3004 0.0016 -0.9538 0.0000	</row0>
					<row1>	0.0016 1.0000 0.0021 0.0000	</row1>
					<row2>	0.9538 -0.0021 0.3004 0.0000	</row2>
					<row3>	-0.4148 0.3703 -0.6066 1.0000	</row3>
				</transform>
			</node>
			<node>
				<identifier>	MP_CM029_Emergency_Box_INDEX_4	</identifier>
				<transform>
					<row0>	1.0000 0.0000 0.0000 0.0000	</row0>
					<row1>	0.0000 1.0000 0.0000 0.0000	</row1>
					<row2>	0.0000 0.0000 1.0000 0.0000	</row2>
					<row3>	-0.0963 0.5559 -2.8349 1.0000	</row3>
				</transform>
			</node>
			<node>
				<identifier>	MP_CM029_Emergency_Box_INDEX_5	</identifier>
				<transform>
					<row0>	-1.0000 0.0000 0.0000 0.0000	</row0>
					<row1>	0.0000 1.0000 0.0000 0.0000	</row1>
					<row2>	0.0000 0.0000 -1.0000 0.0000	</row2>
					<row3>	0.1097 0.5559 -1.4777 1.0000	</row3>
				</transform>
			</node>
			<node>
				<identifier>	MP_CM029_Emergency_Box_INDEX_6	</identifier>
				<transform>
					<row0>	-1.0000 0.0000 0.0000 0.0000	</row0>
					<row1>	0.0000 1.0000 0.0000 0.0000	</row1>
					<row2>	0.0000 0.0000 -1.0000 0.0000	</row2>
					<row3>	0.0938 0.5559 -0.9922 1.0000	</row3>
				</transform>
			</node>
			<node>
				<identifier>	MP_CM052_Fender	</identifier>
				<transform>
					<row0>	-0.0340 0.0000 -0.6873 0.0000	</row0>
					<row1>	0.0000 0.6882 0.0000 0.0000	</row1>
					<row2>	0.6873 0.0000 -0.0340 0.0000	</row2>
					<row3>	0.4697 0.2918 -2.0518 1.0000	</row3>
				</transform>
			</node>
			<node>
				<identifier>	MP_CM052_Fender_INDEX_1	</identifier>
				<transform>
					<row0>	-0.3861 0.0000 -0.5697 0.0000	</row0>
					<row1>	0.0000 0.6882 0.0000 0.0000	</row1>
					<row2>	0.5697 0.0000 -0.3861 0.0000	</row2>
					<row3>	0.3893 0.2923 -3.1213 1.0000	</row3>
				</transform>
			</node>
			<node>
				<identifier>	MP_CM052_Fender_INDEX_2	</identifier>
				<transform>
					<row0>	-0.0340 0.0000 0.6873 0.0000	</row0>
					<row1>	0.0000 0.6882 0.0000 0.0000	</row1>
					<row2>	-0.6873 0.0000 -0.0340 0.0000	</row2>
					<row3>	-0.4697 0.2918 -2.0503 1.0000	</row3>
				</transform>
			</node>
			<node>
				<identifier>	MP_CM052_Fender_INDEX_3	</identifier>
				<transform>
					<row0>	-0.5754 0.0000 0.3775 0.0000	</row0>
					<row1>	0.0000 0.6882 0.0000 0.0000	</row1>
					<row2>	-0.3775 0.0000 -0.5754 0.0000	</row2>
					<row3>	-0.1742 0.2956 -3.3729 1.0000	</row3>
				</transform>
			</node>
			<node>
				<identifier>	MP_CM052_Fender_INDEX_4	</identifier>
				<transform>
					<row0>	-0.0340 0.0000 -0.6873 0.0000	</row0>
					<row1>	0.0000 0.6882 0.0000 0.0000	</row1>
					<row2>	0.6873 0.0000 -0.0340 0.0000	</row2>
					<row3>	0.4251 0.2924 -0.3133 1.0000	</row3>
				</transform>
			</node>
			<node>
				<identifier>	MP_CM052_Fender_INDEX_5	</identifier>
				<transform>
					<row0>	-0.0340 0.0000 0.6873 0.0000	</row0>
					<row1>	0.0000 0.6882 0.0000 0.0000	</row1>
					<row2>	-0.6873 0.0000 -0.0340 0.0000	</row2>
					<row3>	-0.4251 0.2917 -0.3117 1.0000	</row3>
				</transform>
			</node>
			<node>
				<identifier>	MP_CM056_Ships_bell	</identifier>
				<transform>
					<row0>	0.8671 0.0000 0.4982 0.0000	</row0>
					<row1>	0.0000 1.0000 0.0000 0.0000	</row1>
					<row2>	-0.4982 0.0000 0.8671 0.0000	</row2>
					<row3>	0.1738 0.4287 -3.3814 1.0000	</row3>
				</transform>
			</node>
			<node>
				<identifier>	MP_CM082_Rope	</identifier>
				<transform>
					<row0>	0.0000 0.0000 0.5201 0.0000	</row0>
					<row1>	0.0000 0.5201 0.0000 0.0000	</row1>
					<row2>	-0.5201 0.0000 0.0000 0.0000	</row2>
					<row3>	0.0052 0.8147 -2.1153 1.0000	</row3>
				</transform>
			</node>
			<node>
				<identifier>	MP_CM082_Rope_INDEX_1	</identifier>
				<transform>
					<row0>	0.0000 0.0000 0.5201 0.0000	</row0>
					<row1>	0.0000 0.5201 0.0000 0.0000	</row1>
					<row2>	-0.5201 0.0000 0.0000 0.0000	</row2>
					<row3>	0.0207 0.8147 -2.1153 1.0000	</row3>
				</transform>
			</node>
			<node>
				<identifier>	MP_CM082_Rope_INDEX_2	</identifier>
				<transform>
					<row0>	0.0000 0.0000 0.5201 0.0000	</row0>
					<row1>	0.0000 0.5201 0.0000 0.0000	</row1>
					<row2>	-0.5201 0.0000 0.0000 0.0000	</row2>
					<row3>	0.0346 0.8147 -2.1153 1.0000	</row3>
				</transform>
			</node>
			<node>
				<identifier>	MP_CM088_Swab_Rack	</identifier>
				<transform>
					<row0>	0.0000 0.0000 -1.0000 0.0000	</row0>
					<row1>	0.0000 1.0000 0.0000 0.0000	</row1>
					<row2>	1.0000 0.0000 0.0000 0.0000	</row2>
					<row3>	0.2688 0.4586 -2.5380 1.0000	</row3>
				</transform>
			</node>
			<node>
				<identifier>	MP_CM088_Swab_Rack_INDEX_1	</identifier>
				<transform>
					<row0>	0.0000 0.0000 -1.0000 0.0000	</row0>
					<row1>	0.0000 1.0000 0.0000 0.0000	</row1>
					<row2>	1.0000 0.0000 0.0000 0.0000	</row2>
					<row3>	0.2019 0.2970 -1.4087 1.0000	</row3>
				</transform>
			</node>
			<node>
				<identifier>	MP_CM088_Swab_Rack_INDEX_2	</identifier>
				<transform>
					<row0>	0.0000 0.0000 1.0000 0.0000	</row0>
					<row1>	0.0000 1.0000 0.0000 0.0000	</row1>
					<row2>	-1.0000 0.0000 0.0000 0.0000	</row2>
					<row3>	-0.2684 0.4586 -2.5001 1.0000	</row3>
				</transform>
			</node>
			<node>
				<identifier>	MP_CM088_Swab_Rack_INDEX_3	</identifier>
				<transform>
					<row0>	0.0000 0.0000 1.0000 0.0000	</row0>
					<row1>	0.0000 1.0000 0.0000 0.0000	</row1>
					<row2>	-1.0000 0.0000 0.0000 0.0000	</row2>
					<row3>	-0.2564 0.2962 -1.5221 1.0000	</row3>
				</transform>
			</node>
			<node>
				<identifier>	MP_CM088_Swab_Rack_INDEX_4	</identifier>
				<transform>
					<row0>	1.0000 0.0000 0.0000 0.0000	</row0>
					<row1>	0.0000 1.0000 0.0000 0.0000	</row1>
					<row2>	0.0000 0.0000 1.0000 0.0000	</row2>
					<row3>	0.0000 0.4604 -0.3953 1.0000	</row3>
				</transform>
			</node>
			<node>
				<identifier>	MP_CM104_Life_Buoy	</identifier>
				<transform>
					<row0>	0.0608 0.0000 -0.9982 0.0000	</row0>
					<row1>	0.0000 1.0000 0.0000 0.0000	</row1>
					<row2>	0.9982 0.0000 0.0608 0.0000	</row2>
					<row3>	-0.3944 0.5210 -2.8207 1.0000	</row3>
				</transform>
			</node>
			<node>
				<identifier>	MP_CM104_Life_Buoy_INDEX_1	</identifier>
				<transform>
					<row0>	0.0608 0.0000 0.9982 0.0000	</row0>
					<row1>	0.0000 1.0000 0.0000 0.0000	</row1>
					<row2>	-0.9982 0.0000 0.0608 0.0000	</row2>
					<row3>	0.3944 0.5210 -2.8207 1.0000	</row3>
				</transform>
			</node>
			<node>
				<identifier>	MP_CM104_Life_Buoy_INDEX_2	</identifier>
				<transform>
					<row0>	0.0000 0.0000 -1.0000 0.0000	</row0>
					<row1>	0.0000 1.0000 0.0000 0.0000	</row1>
					<row2>	1.0000 0.0000 0.0000 0.0000	</row2>
					<row3>	-0.4519 0.5204 -0.2317 1.0000	</row3>
				</transform>
			</node>
			<node>
				<identifier>	MP_CM104_Life_Buoy_INDEX_3	</identifier>
				<transform>
					<row0>	0.0000 0.0000 1.0000 0.0000	</row0>
					<row1>	0.0000 1.0000 0.0000 0.0000	</row1>
					<row2>	-1.0000 0.0000 0.0000 0.0000	</row2>
					<row3>	0.4519 0.5204 -0.2317 1.0000	</row3>
				</transform>
			</node>
			<node>
				<identifier>	MP_CM112_Fire_Extinguisher	</identifier>
				<transform>
					<row0>	1.0000 0.0000 0.0000 0.0000	</row0>
					<row1>	0.0000 1.0000 0.0000 0.0000	</row1>
					<row2>	0.0000 0.0000 1.0000 0.0000	</row2>
					<row3>	-0.0673 0.4772 -0.8634 1.0000	</row3>
				</transform>
			</node>
			<node>
				<identifier>	MP_CM117_Ladder_Cruiser_L	</identifier>
				<transform>
					<row0>	0.0000 -1.0000 0.0000 0.0000	</row0>
					<row1>	0.9980 0.0000 0.0640 0.0000	</row1>
					<row2>	-0.0640 0.0000 0.9980 0.0000	</row2>
					<row3>	-0.4464 0.3263 -2.2496 1.0000	</row3>
				</transform>
			</node>
			<node>
				<identifier>	MP_CM117_Ladder_Cruiser_L_INDEX_1	</identifier>
				<transform>
					<row0>	0.0000 -1.0000 0.0000 0.0000	</row0>
					<row1>	0.9981 0.0000 -0.0624 0.0000	</row1>
					<row2>	0.0624 0.0000 0.9981 0.0000	</row2>
					<row3>	0.4202 0.3266 -2.4615 1.0000	</row3>
				</transform>
			</node>
			<node>
				<identifier>	MP_VM014_Filling_Connection	</identifier>
				<transform>
					<row0>	-0.9984 0.0000 -0.0572 0.0000	</row0>
					<row1>	0.0000 1.0000 0.0000 0.0000	</row1>
					<row2>	0.0572 0.0000 -0.9984 0.0000	</row2>
					<row3>	-0.4270 0.2933 -0.5448 1.0000	</row3>
				</transform>
			</node>
			<node>
				<identifier>	MP_VM014_Filling_Connection_INDEX_1	</identifier>
				<transform>
					<row0>	0.9984 0.0000 -0.0572 0.0000	</row0>
					<row1>	0.0000 1.0000 0.0000 0.0000	</row1>
					<row2>	0.0572 0.0000 0.9984 0.0000	</row2>
					<row3>	0.4270 0.2933 -0.5448 1.0000	</row3>
				</transform>
			</node>
			<node>
				<identifier>	MP_VM014_Filling_Connection_INDEX_2	</identifier>
				<transform>
					<row0>	-0.9984 0.0000 -0.0572 0.0000	</row0>
					<row1>	0.0000 1.0000 0.0000 0.0000	</row1>
					<row2>	0.0572 0.0000 -0.9984 0.0000	</row2>
					<row3>	-0.4135 0.2928 -2.7363 1.0000	</row3>
				</transform>
			</node>
			<node>
				<identifier>	MP_VM014_Filling_Connection_INDEX_3	</identifier>
				<transform>
					<row0>	0.9984 0.0000 -0.0572 0.0000	</row0>
					<row1>	0.0000 1.0000 0.0000 0.0000	</row1>
					<row2>	0.0572 0.0000 0.9984 0.0000	</row2>
					<row3>	0.4389 0.2928 -2.3456 1.0000	</row3>
				</transform>
			</node>
			<node>
				<identifier>	MP_VM016_Reels	</identifier>
				<transform>
					<row0>	0.6521 0.0000 -0.7581 0.0000	</row0>
					<row1>	0.0000 1.0000 0.0000 0.0000	</row1>
					<row2>	0.7581 0.0000 0.6521 0.0000	</row2>
					<row3>	-0.2363 0.2930 -3.3275 1.0000	</row3>
				</transform>
			</node>
			<node>
				<identifier>	MP_VM016_Reels_INDEX_1	</identifier>
				<transform>
					<row0>	0.6521 0.0000 0.7581 0.0000	</row0>
					<row1>	0.0000 1.0000 0.0000 0.0000	</row1>
					<row2>	-0.7581 0.0000 0.6521 0.0000	</row2>
					<row3>	0.3315 0.2912 -3.2116 1.0000	</row3>
				</transform>
			</node>
			<node>
				<identifier>	MP_VM016_Reels_INDEX_2	</identifier>
				<transform>
					<row0>	0.0000 0.0000 1.0000 0.0000	</row0>
					<row1>	0.0000 1.0000 0.0000 0.0000	</row1>
					<row2>	-1.0000 0.0000 0.0000 0.0000	</row2>
					<row3>	0.2996 0.4555 -2.6093 1.0000	</row3>
				</transform>
			</node>
			<node>
				<identifier>	MP_VM016_Reels_INDEX_3	</identifier>
				<transform>
					<row0>	0.0000 0.0000 -1.0000 0.0000	</row0>
					<row1>	0.0000 1.0000 0.0000 0.0000	</row1>
					<row2>	1.0000 0.0000 0.0000 0.0000	</row2>
					<row3>	0.4040 0.4519 -0.3359 1.0000	</row3>
				</transform>
			</node>
			<node>
				<identifier>	MP_VM016_Reels_INDEX_4	</identifier>
				<transform>
					<row0>	0.0000 0.0000 -1.0000 0.0000	</row0>
					<row1>	0.0000 1.0000 0.0000 0.0000	</row1>
					<row2>	1.0000 0.0000 0.0000 0.0000	</row2>
					<row3>	0.4040 0.4519 -0.1604 1.0000	</row3>
				</transform>
			</node>
			<node>
				<identifier>	MP_VM016_Reels_INDEX_5	</identifier>
				<transform>
					<row0>	-1.0000 0.0000 0.0000 0.0000	</row0>
					<row1>	0.0000 1.0000 0.0000 0.0000	</row1>
					<row2>	0.0000 0.0000 -1.0000 0.0000	</row2>
					<row3>	0.1000 0.5820 -0.7487 1.0000	</row3>
				</transform>
			</node>
			<node>
				<identifier>	MP_VM016_Reels_INDEX_6	</identifier>
				<transform>
					<row0>	0.0000 0.0000 -1.0000 0.0000	</row0>
					<row1>	0.0000 1.0000 0.0000 0.0000	</row1>
					<row2>	1.0000 0.0000 0.0000 0.0000	</row2>
					<row3>	-0.2996 0.4555 -2.6093 1.0000	</row3>
				</transform>
			</node>
			<node>
				<identifier>	MP_VM026_Reels	</identifier>
				<transform>
					<row0>	0.6051 0.0224 0.0000 0.0000	</row0>
					<row1>	-0.0224 0.6051 0.0000 0.0000	</row1>
					<row2>	0.0000 0.0000 0.6055 0.0000	</row2>
					<row3>	-0.4147 0.4526 -0.2520 1.0000	</row3>
				</transform>
			</node>
			<node>
				<identifier>	MP_VM057_Helmets_Rack	</identifier>
				<transform>
					<row0>	-1.0000 0.0000 0.0000 0.0000	</row0>
					<row1>	0.0000 1.0000 0.0000 0.0000	</row1>
					<row2>	0.0000 0.0000 -1.0000 0.0000	</row2>
					<row3>	0.0729 0.3366 -3.3685 1.0000	</row3>
				</transform>
			</node>
			<node>
				<identifier>	MP_VM057_Helmets_Rack_INDEX_1	</identifier>
				<transform>
					<row0>	1.0000 0.0000 0.0000 0.0000	</row0>
					<row1>	0.0000 1.0000 0.0000 0.0000	</row1>
					<row2>	0.0000 0.0000 1.0000 0.0000	</row2>
					<row3>	0.1493 0.5128 -1.4839 1.0000	</row3>
				</transform>
			</node>
			<node>
				<identifier>	MP_VM057_Helmets_Rack_INDEX_2	</identifier>
				<transform>
					<row0>	-1.0000 0.0000 0.0000 0.0000	</row0>
					<row1>	0.0000 1.0000 0.0000 0.0000	</row1>
					<row2>	0.0000 0.0000 -1.0000 0.0000	</row2>
					<row3>	-0.0539 0.5128 -1.1213 1.0000	</row3>
				</transform>
			</node>
			<node>
				<identifier>	MP_VM057_Helmets_Rack_INDEX_3	</identifier>
				<transform>
					<row0>	-1.0000 0.0000 0.0000 0.0000	</row0>
					<row1>	0.0000 1.0000 0.0000 0.0000	</row1>
					<row2>	0.0000 0.0000 -1.0000 0.0000	</row2>
					<row3>	0.0000 0.5128 -2.8291 1.0000	</row3>
				</transform>
			</node>
			<node>
				<identifier>	MP_VM057_Helmets_Rack_INDEX_4	</identifier>
				<transform>
					<row0>	-0.3004 0.0016 -0.9538 0.0000	</row0>
					<row1>	-0.0016 1.0000 0.0021 0.0000	</row1>
					<row2>	0.9538 0.0021 -0.3004 0.0000	</row2>
					<row3>	0.3002 0.3488 -0.9510 1.0000	</row3>
				</transform>
			</node>
			<node>
				<identifier>	MP_VM057_Helmets_Rack_INDEX_5	</identifier>
				<transform>
					<row0>	-0.6619 0.0000 0.7496 0.0000	</row0>
					<row1>	0.0000 1.0000 0.0000 0.0000	</row1>
					<row2>	-0.7496 0.0000 -0.6619 0.0000	</row2>
					<row3>	-0.3313 0.3358 -3.1621 1.0000	</row3>
				</transform>
			</node>
			<node>
				<identifier>	MP_VM057_Helmets_Rack_INDEX_6	</identifier>
				<transform>
					<row0>	-0.3004 -0.0016 0.9538 0.0000	</row0>
					<row1>	0.0016 1.0000 0.0021 0.0000	</row1>
					<row2>	-0.9538 0.0021 -0.3004 0.0000	</row2>
					<row3>	-0.3007 0.3488 -0.9506 1.0000	</row3>
				</transform>
			</node>
			<node>
				<identifier>	MP_VM503_Cutter_32ft	</identifier>
				<transform>
					<row0>	1.0000 0.0000 0.0000 0.0000	</row0>
					<row1>	0.0000 1.0000 0.0000 0.0000	</row1>
					<row2>	0.0000 0.0000 1.0000 0.0000	</row2>
					<row3>	-0.1072 0.4600 -0.0168 1.0000	</row3>
				</transform>
			</node>
			<node>
				<identifier>	MP_VM511_Motor_Boat_25ft	</identifier>
				<transform>
					<row0>	0.9929 0.0000 -0.1191 0.0000	</row0>
					<row1>	0.0000 1.0000 0.0000 0.0000	</row1>
					<row2>	0.1191 0.0000 0.9929 0.0000	</row2>
					<row3>	-0.2610 0.5082 0.2083 1.0000	</row3>
				</transform>
			</node>
			<node>
				<identifier>	MP_VM512_Motor_Whaler_27ft	</identifier>
				<transform>
					<row0>	1.0000 0.0000 0.0000 0.0000	</row0>
					<row1>	0.0000 1.0000 0.0000 0.0000	</row1>
					<row2>	0.0000 0.0000 1.0000 0.0000	</row2>
					<row3>	-0.5266 0.4116 -0.2415 1.0000	</row3>
				</transform>
			</node>
			<node>
				<identifier>	MP_VM512_Motor_Whaler_27ft_INDEX_1	</identifier>
				<transform>
					<row0>	1.0000 0.0000 0.0000 0.0000	</row0>
					<row1>	0.0000 1.0000 0.0000 0.0000	</row1>
					<row2>	0.0000 0.0000 1.0000 0.0000	</row2>
					<row3>	0.5266 0.4116 -0.2415 1.0000	</row3>
				</transform>
			</node>
			<node>
				<identifier>	MP_VM514_Liferaft_type_20_8ft	</identifier>
				<transform>
					<row0>	0.0000 0.0000 -1.0000 0.0000	</row0>
					<row1>	0.0000 1.0000 0.0000 0.0000	</row1>
					<row2>	1.0000 0.0000 0.0000 0.0000	</row2>
					<row3>	-0.4673 0.6248 -1.2105 1.0000	</row3>
				</transform>
			</node>
			<node>
				<identifier>	MP_VM514_Liferaft_type_20_8ft_INDEX_1	</identifier>
				<transform>
					<row0>	0.0000 0.0000 -1.0000 0.0000	</row0>
					<row1>	0.0000 1.0000 0.0000 0.0000	</row1>
					<row2>	1.0000 0.0000 0.0000 0.0000	</row2>
					<row3>	-0.4673 0.6495 -1.2105 1.0000	</row3>
				</transform>
			</node>
			<node>
				<identifier>	MP_VM514_Liferaft_type_20_8ft_INDEX_10	</identifier>
				<transform>
					<row0>	0.0000 0.0000 1.0000 0.0000	</row0>
					<row1>	0.0000 1.0000 0.0000 0.0000	</row1>
					<row2>	-1.0000 0.0000 0.0000 0.0000	</row2>
					<row3>	0.4673 0.6248 -1.3159 1.0000	</row3>
				</transform>
			</node>
			<node>
				<identifier>	MP_VM514_Liferaft_type_20_8ft_INDEX_11	</identifier>
				<transform>
					<row0>	0.0000 0.0000 1.0000 0.0000	</row0>
					<row1>	0.0000 1.0000 0.0000 0.0000	</row1>
					<row2>	-1.0000 0.0000 0.0000 0.0000	</row2>
					<row3>	0.4673 0.6495 -1.2105 1.0000	</row3>
				</transform>
			</node>
			<node>
				<identifier>	MP_VM514_Liferaft_type_20_8ft_INDEX_2	</identifier>
				<transform>
					<row0>	0.0000 0.0000 -1.0000 0.0000	</row0>
					<row1>	0.0000 1.0000 0.0000 0.0000	</row1>
					<row2>	1.0000 0.0000 0.0000 0.0000	</row2>
					<row3>	-0.4673 0.6495 -1.4216 1.0000	</row3>
				</transform>
			</node>
			<node>
				<identifier>	MP_VM514_Liferaft_type_20_8ft_INDEX_3	</identifier>
				<transform>
					<row0>	0.0000 0.0000 -1.0000 0.0000	</row0>
					<row1>	0.0000 1.0000 0.0000 0.0000	</row1>
					<row2>	1.0000 0.0000 0.0000 0.0000	</row2>
					<row3>	-0.4673 0.6248 -1.3159 1.0000	</row3>
				</transform>
			</node>
			<node>
				<identifier>	MP_VM514_Liferaft_type_20_8ft_INDEX_4	</identifier>
				<transform>
					<row0>	0.0000 0.0000 1.0000 0.0000	</row0>
					<row1>	0.0000 1.0000 0.0000 0.0000	</row1>
					<row2>	-1.0000 0.0000 0.0000 0.0000	</row2>
					<row3>	0.4673 0.6495 -1.3159 1.0000	</row3>
				</transform>
			</node>
			<node>
				<identifier>	MP_VM514_Liferaft_type_20_8ft_INDEX_5	</identifier>
				<transform>
					<row0>	0.0000 0.0000 1.0000 0.0000	</row0>
					<row1>	0.0000 1.0000 0.0000 0.0000	</row1>
					<row2>	-1.0000 0.0000 0.0000 0.0000	</row2>
					<row3>	0.4673 0.6248 -1.2105 1.0000	</row3>
				</transform>
			</node>
			<node>
				<identifier>	MP_VM514_Liferaft_type_20_8ft_INDEX_6	</identifier>
				<transform>
					<row0>	0.0000 0.0000 -1.0000 0.0000	</row0>
					<row1>	0.0000 1.0000 0.0000 0.0000	</row1>
					<row2>	1.0000 0.0000 0.0000 0.0000	</row2>
					<row3>	-0.4673 0.6248 -1.4216 1.0000	</row3>
				</transform>
			</node>
			<node>
				<identifier>	MP_VM514_Liferaft_type_20_8ft_INDEX_7	</identifier>
				<transform>
					<row0>	0.0000 0.0000 1.0000 0.0000	</row0>
					<row1>	0.0000 1.0000 0.0000 0.0000	</row1>
					<row2>	-1.0000 0.0000 0.0000 0.0000	</row2>
					<row3>	0.4673 0.6495 -1.4216 1.0000	</row3>
				</transform>
			</node>
			<node>
				<identifier>	MP_VM514_Liferaft_type_20_8ft_INDEX_8	</identifier>
				<transform>
					<row0>	0.0000 0.0000 1.0000 0.0000	</row0>
					<row1>	0.0000 1.0000 0.0000 0.0000	</row1>
					<row2>	-1.0000 0.0000 0.0000 0.0000	</row2>
					<row3>	0.4673 0.6248 -1.4216 1.0000	</row3>
				</transform>
			</node>
			<node>
				<identifier>	MP_VM514_Liferaft_type_20_8ft_INDEX_9	</identifier>
				<transform>
					<row0>	0.0000 0.0000 -1.0000 0.0000	</row0>
					<row1>	0.0000 1.0000 0.0000 0.0000	</row1>
					<row2>	1.0000 0.0000 0.0000 0.0000	</row2>
					<row3>	-0.4673 0.6495 -1.3159 1.0000	</row3>
				</transform>
			</node>
			<node>
				<identifier>	MP_VM526_Motor_Pinnace_35ft	</identifier>
				<transform>
					<row0>	1.0000 0.0000 0.0000 0.0000	</row0>
					<row1>	0.0000 1.0000 0.0000 0.0000	</row1>
					<row2>	0.0000 0.0000 1.0000 0.0000	</row2>
					<row3>	0.1040 0.4617 -0.0168 1.0000	</row3>
				</transform>
			</node>
			<node>
				<identifier>	MP_VM527_Motor_Boat_16ft	</identifier>
				<transform>
					<row0>	0.9896 0.0000 0.1436 0.0000	</row0>
					<row1>	0.0000 1.0000 0.0000 0.0000	</row1>
					<row2>	-0.1436 0.0000 0.9896 0.0000	</row2>
					<row3>	0.2616 0.4873 0.0578 1.0000	</row3>
				</transform>
			</node>
			<node>
				<identifier>	MP_VM604_Telephone	</identifier>
				<transform>
					<row0>	-1.0000 0.0000 0.0000 0.0000	</row0>
					<row1>	0.0000 1.0000 0.0000 0.0000	</row1>
					<row2>	0.0000 0.0000 -1.0000 0.0000	</row2>
					<row3>	-0.0772 0.5446 -1.4843 1.0000	</row3>
				</transform>
			</node>
			<node>
				<identifier>	MP_VM604_Telephone_INDEX_1	</identifier>
				<transform>
					<row0>	1.0000 0.0000 0.0000 0.0000	</row0>
					<row1>	0.0000 1.0000 0.0000 0.0000	</row1>
					<row2>	0.0000 0.0000 1.0000 0.0000	</row2>
					<row3>	0.0846 0.5567 -2.8284 1.0000	</row3>
				</transform>
			</node>
			<node>
				<identifier>	MP_VM604_Telephone_INDEX_2	</identifier>
				<transform>
					<row0>	1.0000 0.0000 0.0000 0.0000	</row0>
					<row1>	0.0000 1.0000 0.0000 0.0000	</row1>
					<row2>	0.0000 0.0000 1.0000 0.0000	</row2>
					<row3>	0.0301 0.3920 -3.3681 1.0000	</row3>
				</transform>
			</node>
			<node>
				<identifier>	MP_VM604_Telephone_INDEX_3	</identifier>
				<transform>
					<row0>	0.3011 0.0000 0.9536 0.0000	</row0>
					<row1>	0.0000 1.0000 0.0000 0.0000	</row1>
					<row2>	-0.9536 0.0000 0.3011 0.0000	</row2>
					<row3>	0.2873 0.3849 -0.9868 1.0000	</row3>
				</transform>
			</node>
			<node>
				<identifier>	MP_VM604_Telephone_INDEX_4	</identifier>
				<transform>
					<row0>	-1.0000 0.0000 0.0000 0.0000	</row0>
					<row1>	0.0000 1.0000 0.0000 0.0000	</row1>
					<row2>	0.0000 0.0000 -1.0000 0.0000	</row2>
					<row3>	-0.0625 0.6945 -2.2611 1.0000	</row3>
				</transform>
			</node>
			<node>
				<identifier>	MP_VM604_Telephone_INDEX_5	</identifier>
				<transform>
					<row0>	0.3011 0.0000 -0.9536 0.0000	</row0>
					<row1>	0.0000 1.0000 0.0000 0.0000	</row1>
					<row2>	0.9536 0.0000 0.3011 0.0000	</row2>
					<row3>	-0.2873 0.3829 -0.9877 1.0000	</row3>
				</transform>
			</node>
			<node>
				<identifier>	MP_VM605_Elec_Panel	</identifier>
				<transform>
