<ISB006_Cristoforo_Colombo_1945_MidFront_ports.visual>
	<node>
		<identifier>	Scene Root	</identifier>
		<transform>
			<row0>	1.0000 0.0000 0.0000 0.0000	</row0>
			<row1>	0.0000 1.0000 0.0000 0.0000	</row1>
			<row2>	0.0000 0.0000 1.0000 0.0000	</row2>
			<row3>	0.0000 0.0000 0.0000 1.0000	</row3>
		</transform>
		<node>
			<identifier>	MidFront_ports	</identifier>
			<transform>
				<row0>	1.0000 0.0000 0.0000 0.0000	</row0>
				<row1>	0.0000 1.0000 0.0000 0.0000	</row1>
				<row2>	0.0000 0.0000 1.0000 0.0000	</row2>
				<row3>	0.0000 0.0000 0.0000 1.0000	</row3>
			</transform>
			<node>
				<identifier>	HP_FX_Death_1	</identifier>
				<transform>
					<row0>	1.0000 0.0000 0.0000 0.0000	</row0>
					<row1>	0.0000 1.0000 0.0000 0.0000	</row1>
					<row2>	0.0000 0.0000 1.0000 0.0000	</row2>
					<row3>	0.0000 0.0000 4.6104 1.0000	</row3>
				</transform>
			</node>
			<node>
				<identifier>	HP_FX_Death_2	</identifier>
				<transform>
					<row0>	1.0000 0.0000 0.0000 0.0000	</row0>
					<row1>	0.0000 1.0000 0.0000 0.0000	</row1>
					<row2>	0.0000 0.0000 1.0000 0.0000	</row2>
					<row3>	0.0000 0.0000 -0.2469 1.0000	</row3>
				</transform>
			</node>
			<node>
				<identifier>	HP_FX_Fire_2	</identifier>
				<transform>
					<row0>	1.0000 0.0000 0.0000 0.0000	</row0>
					<row1>	0.0000 1.0000 0.0000 0.0000	</row1>
					<row2>	0.0000 0.0000 1.0000 0.0000	</row2>
					<row3>	0.0000 1.2166 1.6265 1.0000	</row3>
				</transform>
			</node>
			<node>
				<identifier>	HP_FX_Fire_2_side_1	</identifier>
				<transform>
					<row0>	0.9986 0.0000 -0.0531 0.0000	</row0>
					<row1>	0.0000 1.0000 0.0000 0.0000	</row1>
					<row2>	0.0531 0.0000 0.9986 0.0000	</row2>
					<row3>	-0.6444 0.5821 2.6381 1.0000	</row3>
				</transform>
			</node>
			<node>
				<identifier>	HP_FX_Fire_2_side_2	</identifier>
				<transform>
					<row0>	0.9971 0.0000 0.0763 0.0000	</row0>
					<row1>	0.0000 1.0000 0.0000 0.0000	</row1>
					<row2>	-0.0763 0.0000 0.9971 0.0000	</row2>
					<row3>	0.6224 1.3096 1.0870 1.0000	</row3>
				</transform>
			</node>
			<node>
				<identifier>	HP_FX_Fire_2_side_3	</identifier>
				<transform>
					<row0>	1.0000 0.0000 0.0000 0.0000	</row0>
					<row1>	0.0000 1.0000 0.0000 0.0000	</row1>
					<row2>	0.0000 0.0000 1.0000 0.0000	</row2>
					<row3>	-0.8600 0.6380 0.3840 1.0000	</row3>
				</transform>
			</node>
			<node>
				<identifier>	HP_FX_Fire_5	</identifier>
				<transform>
					<row0>	1.0000 0.0000 0.0000 0.0000	</row0>
					<row1>	0.0000 1.0000 0.0000 0.0000	</row1>
					<row2>	0.0000 0.0000 1.0000 0.0000	</row2>
					<row3>	-0.1368 0.6022 0.4782 1.0000	</row3>
				</transform>
			</node>
			<node>
				<identifier>	HP_FX_Fire_5_2	</identifier>
				<transform>
					<row0>	1.0000 0.0000 0.0000 0.0000	</row0>
					<row1>	0.0000 1.0000 0.0000 0.0000	</row1>
					<row2>	0.0000 0.0000 1.0000 0.0000	</row2>
					<row3>	-0.1368 0.5368 0.0142 1.0000	</row3>
				</transform>
			</node>
			<node>
				<identifier>	HP_FX_FloodLight_left_2	</identifier>
				<transform>
					<row0>	-1.0000 0.0000 0.0000 0.0000	</row0>
					<row1>	0.0000 1.0000 0.0000 0.0000	</row1>
					<row2>	0.0000 0.0000 -1.0000 0.0000	</row2>
					<row3>	-0.1720 1.2940 1.7330 1.0000	</row3>
				</transform>
			</node>
			<node>
				<identifier>	HP_FX_FloodLight_right_2	</identifier>
				<transform>
					<row0>	1.0000 0.0000 0.0000 0.0000	</row0>
					<row1>	0.0000 1.0000 0.0000 0.0000	</row1>
					<row2>	0.0000 0.0000 1.0000 0.0000	</row2>
					<row3>	0.1720 1.2940 1.7330 1.0000	</row3>
				</transform>
			</node>
			<node>
				<identifier>	HP_FX_Flood_steam_1	</identifier>
				<transform>
					<row0>	0.9297 0.3660 -0.0406 0.0000	</row0>
					<row1>	-0.3680 0.9193 -0.1395 0.0000	</row1>
					<row2>	-0.0137 0.1446 0.9894 0.0000	</row2>
					<row3>	-0.0840 1.8460 0.6930 1.0000	</row3>
				</transform>
			</node>
			<node>
				<identifier>	HP_FX_Flood_steam_exhaust_1	</identifier>
				<transform>
					<row0>	0.9274 -0.3643 0.0854 0.0000	</row0>
					<row1>	0.3734 0.8862 -0.2745 0.0000	</row1>
					<row2>	0.0243 0.2864 0.9578 0.0000	</row2>
					<row3>	0.0840 1.8460 0.6930 1.0000	</row3>
				</transform>
			</node>
			<node>
				<identifier>	HP_FX_Flood_steam_left	</identifier>
				<transform>
					<row0>	-1.0000 0.0000 0.0000 0.0000	</row0>
					<row1>	0.0000 1.0000 0.0000 0.0000	</row1>
					<row2>	0.0000 0.0000 -1.0000 0.0000	</row2>
					<row3>	-0.5436 0.6880 2.0796 1.0000	</row3>
				</transform>
			</node>
			<node>
				<identifier>	HP_FX_RepairLight_left_1	</identifier>
				<transform>
					<row0>	0.1230 0.0000 0.9924 0.0000	</row0>
					<row1>	0.0000 1.0000 0.0000 0.0000	</row1>
					<row2>	-0.9924 0.0000 0.1230 0.0000	</row2>
					<row3>	-0.9994 0.4410 4.7189 1.0000	</row3>
				</transform>
			</node>
			<node>
				<identifier>	HP_FX_RepairLight_right_1	</identifier>
				<transform>
					<row0>	0.0457 0.0000 -0.9990 0.0000	</row0>
					<row1>	0.0000 1.0000 0.0000 0.0000	</row1>
					<row2>	0.9990 0.0000 0.0457 0.0000	</row2>
					<row3>	1.2365 0.4356 2.0583 1.0000	</row3>
				</transform>
			</node>
			<node>
				<identifier>	HP_FX_Smoke_1	</identifier>
				<transform>
					<row0>	1.0000 0.0000 0.0000 0.0000	</row0>
					<row1>	0.0000 0.9936 -0.1128 0.0000	</row1>
					<row2>	0.0000 0.1128 0.9936 0.0000	</row2>
					<row3>	0.0000 1.8656 0.9353 1.0000	</row3>
				</transform>
			</node>
			<node>
				<identifier>	HP_Flagpole	</identifier>
				<transform>
					<row0>	0.0921 0.0000 0.0000 0.0000	</row0>
					<row1>	0.0000 0.0921 0.0000 0.0000	</row1>
					<row2>	0.0000 0.0000 0.0921 0.0000	</row2>
					<row3>	0.0000 3.1120 1.4818 1.0000	</row3>
				</transform>
			</node>
			<node>
				<identifier>	HP_ID_1	</identifier>
				<transform>
					<row0>	1.0000 0.0000 0.0000 0.0000	</row0>
					<row1>	0.0000 1.0000 0.0000 0.0000	</row1>
					<row2>	0.0000 0.0000 1.0000 0.0000	</row2>
					<row3>	0.0000 1.3544 2.5222 1.0000	</row3>
				</transform>
			</node>
			<node>
				<identifier>	HP_ID_2	</identifier>
				<transform>
					<row0>	1.0000 0.0000 0.0000 0.0000	</row0>
					<row1>	0.0000 1.0000 0.0000 0.0000	</row1>
					<row2>	0.0000 0.0000 1.0000 0.0000	</row2>
					<row3>	0.0000 2.0546 2.0816 1.0000	</row3>
				</transform>
			</node>
			<node>
				<identifier>	HP_ID_3	</identifier>
				<transform>
					<row0>	1.0000 0.0000 0.0000 0.0000	</row0>
					<row1>	0.0000 1.0000 0.0000 0.0000	</row1>
					<row2>	0.0000 0.0000 1.0000 0.0000	</row2>
					<row3>	0.0056 1.8724 2.0816 1.0000	</row3>
				</transform>
			</node>
			<node>
				<identifier>	HP_ID_4	</identifier>
				<transform>
					<row0>	0.0000 0.0000 1.0000 0.0000	</row0>
					<row1>	0.0000 1.0000 0.0000 0.0000	</row1>
					<row2>	-1.0000 0.0000 0.0000 0.0000	</row2>
					<row3>	-0.6216 1.1455 1.0813 1.0000	</row3>
				</transform>
			</node>
			<node>
				<identifier>	HP_ID_5	</identifier>
				<transform>
					<row0>	0.0000 0.0000 -1.0000 0.0000	</row0>
					<row1>	0.0000 1.0000 0.0000 0.0000	</row1>
					<row2>	1.0000 0.0000 0.0000 0.0000	</row2>
					<row3>	0.6216 1.1455 1.0813 1.0000	</row3>
				</transform>
			</node>
			<node>
				<identifier>	HP_IGA_10	</identifier>
				<transform>
					<row0>	0.7071 0.0000 -0.7071 0.0000	</row0>
					<row1>	0.0000 1.0000 0.0000 0.0000	</row1>
					<row2>	0.7071 0.0000 0.7071 0.0000	</row2>
					<row3>	0.7893 0.4344 3.5035 1.0000	</row3>
				</transform>
			</node>
			<node>
				<identifier>	HP_IGA_11	</identifier>
				<transform>
					<row0>	0.7071 0.0000 0.7071 0.0000	</row0>
					<row1>	0.0000 1.0000 0.0000 0.0000	</row1>
					<row2>	-0.7071 0.0000 0.7071 0.0000	</row2>
					<row3>	-0.5980 0.5791 2.8458 1.0000	</row3>
				</transform>
			</node>
			<node>
				<identifier>	HP_IGA_12	</identifier>
				<transform>
					<row0>	0.7071 0.0000 -0.7071 0.0000	</row0>
					<row1>	0.0000 1.0000 0.0000 0.0000	</row1>
					<row2>	0.7071 0.0000 0.7071 0.0000	</row2>
					<row3>	0.5980 0.5791 2.8458 1.0000	</row3>
				</transform>
			</node>
			<node>
				<identifier>	HP_IGA_13	</identifier>
				<transform>
					<row0>	0.0000 0.0000 1.0000 0.0000	</row0>
					<row1>	0.0000 1.0000 0.0000 0.0000	</row1>
					<row2>	-1.0000 0.0000 0.0000 0.0000	</row2>
					<row3>	-0.4338 0.7281 1.9243 1.0000	</row3>
				</transform>
			</node>
			<node>
				<identifier>	HP_IGA_14	</identifier>
				<transform>
					<row0>	0.0000 0.0000 -1.0000 0.0000	</row0>
					<row1>	0.0000 1.0000 0.0000 0.0000	</row1>
					<row2>	1.0000 0.0000 0.0000 0.0000	</row2>
					<row3>	0.4338 0.7281 1.9243 1.0000	</row3>
				</transform>
			</node>
			<node>
				<identifier>	HP_IGA_15	</identifier>
				<transform>
					<row0>	0.0000 0.0000 1.0000 0.0000	</row0>
					<row1>	0.0000 1.0000 0.0000 0.0000	</row1>
					<row2>	-1.0000 0.0000 0.0000 0.0000	</row2>
					<row3>	-0.6675 0.7281 0.6403 1.0000	</row3>
				</transform>
			</node>
			<node>
				<identifier>	HP_IGA_16	</identifier>
				<transform>
					<row0>	0.0000 0.0000 -1.0000 0.0000	</row0>
					<row1>	0.0000 1.0000 0.0000 0.0000	</row1>
					<row2>	1.0000 0.0000 0.0000 0.0000	</row2>
					<row3>	0.6675 0.7281 0.6403 1.0000	</row3>
				</transform>
			</node>
			<node>
				<identifier>	HP_IGA_17	</identifier>
				<transform>
					<row0>	0.0000 0.0000 1.0000 0.0000	</row0>
					<row1>	0.0000 1.0000 0.0000 0.0000	</row1>
					<row2>	-1.0000 0.0000 0.0000 0.0000	</row2>
					<row3>	-0.1678 1.4626 0.6011 1.0000	</row3>
				</transform>
			</node>
			<node>
				<identifier>	HP_IGA_18	</identifier>
				<transform>
					<row0>	0.0000 0.0000 -1.0000 0.0000	</row0>
					<row1>	0.0000 1.0000 0.0000 0.0000	</row1>
					<row2>	1.0000 0.0000 0.0000 0.0000	</row2>
					<row3>	0.1678 1.4626 0.6011 1.0000	</row3>
				</transform>
			</node>
			<node>
				<identifier>	HP_IGA_5	</identifier>
				<transform>
					<row0>	0.7071 0.0000 0.7071 0.0000	</row0>
					<row1>	0.0000 1.0000 0.0000 0.0000	</row1>
					<row2>	-0.7071 0.0000 0.7071 0.0000	</row2>
					<row3>	-0.7006 0.4365 4.2824 1.0000	</row3>
				</transform>
			</node>
			<node>
				<identifier>	HP_IGA_6	</identifier>
				<transform>
					<row0>	0.7071 0.0000 -0.7071 0.0000	</row0>
					<row1>	0.0000 1.0000 0.0000 0.0000	</row1>
					<row2>	0.7071 0.0000 0.7071 0.0000	</row2>
					<row3>	0.7006 0.4365 4.2824 1.0000	</row3>
				</transform>
			</node>
			<node>
				<identifier>	HP_IGA_7	</identifier>
				<transform>
					<row0>	0.7071 0.0000 0.7071 0.0000	</row0>
					<row1>	0.0000 1.0000 0.0000 0.0000	</row1>
					<row2>	-0.7071 0.0000 0.7071 0.0000	</row2>
					<row3>	-0.7415 0.4337 3.9431 1.0000	</row3>
				</transform>
			</node>
			<node>
				<identifier>	HP_IGA_8	</identifier>
				<transform>
					<row0>	0.7071 0.0000 -0.7071 0.0000	</row0>
					<row1>	0.0000 1.0000 0.0000 0.0000	</row1>
					<row2>	0.7071 0.0000 0.7071 0.0000	</row2>
					<row3>	0.7415 0.4337 3.9431 1.0000	</row3>
				</transform>
			</node>
			<node>
				<identifier>	HP_IGA_9	</identifier>
				<transform>
					<row0>	0.7071 0.0000 0.7071 0.0000	</row0>
					<row1>	0.0000 1.0000 0.0000 0.0000	</row1>
					<row2>	-0.7071 0.0000 0.7071 0.0000	</row2>
					<row3>	-0.7893 0.4344 3.5035 1.0000	</row3>
				</transform>
			</node>
			<node>
				<identifier>	HP_IGM_1	</identifier>
				<transform>
					<row0>	1.0000 0.0000 0.0000 0.0000	</row0>
					<row1>	0.0000 1.0000 0.0000 0.0000	</row1>
					<row2>	0.0000 0.0000 1.0000 0.0000	</row2>
					<row3>	0.0000 0.4815 4.8442 1.0000	</row3>
				</transform>
			</node>
			<node>
				<identifier>	HP_IGM_2	</identifier>
				<transform>
					<row0>	1.0000 0.0000 0.0000 0.0000	</row0>
					<row1>	0.0000 1.0000 0.0000 0.0000	</row1>
					<row2>	0.0000 0.0000 1.0000 0.0000	</row2>
					<row3>	0.0000 0.7236 3.4031 1.0000	</row3>
				</transform>
			</node>
			<node>
				<identifier>	HP_IGS_1	</identifier>
				<transform>
					<row0>	1.0000 0.0000 0.0000 0.0000	</row0>
					<row1>	0.0000 1.0000 0.0000 0.0000	</row1>
					<row2>	0.0000 0.0000 1.0000 0.0000	</row2>
					<row3>	-1.0009 0.4584 2.2811 1.0000	</row3>
				</transform>
			</node>
			<node>
				<identifier>	HP_IGS_10	</identifier>
				<transform>
					<row0>	-1.0000 0.0000 0.0000 0.0000	</row0>
					<row1>	0.0000 1.0000 0.0000 0.0000	</row1>
					<row2>	0.0000 0.0000 -1.0000 0.0000	</row2>
					<row3>	1.0971 0.4565 -0.1189 1.0000	</row3>
				</transform>
			</node>
			<node>
				<identifier>	HP_IGS_2	</identifier>
				<transform>
					<row0>	1.0000 0.0000 0.0000 0.0000	</row0>
					<row1>	0.0000 1.0000 0.0000 0.0000	</row1>
					<row2>	0.0000 0.0000 1.0000 0.0000	</row2>
					<row3>	1.0009 0.4584 2.2811 1.0000	</row3>
				</transform>
			</node>
			<node>
				<identifier>	HP_IGS_3	</identifier>
				<transform>
					<row0>	0.0000 0.0000 1.0000 0.0000	</row0>
					<row1>	0.0000 1.0000 0.0000 0.0000	</row1>
					<row2>	-1.0000 0.0000 0.0000 0.0000	</row2>
					<row3>	-0.8016 0.6246 1.7230 1.0000	</row3>
				</transform>
			</node>
			<node>
				<identifier>	HP_IGS_4	</identifier>
				<transform>
					<row0>	0.0000 0.0000 -1.0000 0.0000	</row0>
					<row1>	0.0000 1.0000 0.0000 0.0000	</row1>
					<row2>	1.0000 0.0000 0.0000 0.0000	</row2>
					<row3>	0.8016 0.6246 1.7230 1.0000	</row3>
				</transform>
			</node>
			<node>
				<identifier>	HP_IGS_5	</identifier>
				<transform>
					<row0>	0.0000 0.0000 1.0000 0.0000	</row0>
					<row1>	0.0000 1.0000 0.0000 0.0000	</row1>
					<row2>	-1.0000 0.0000 0.0000 0.0000	</row2>
					<row3>	-0.8684 0.6246 1.3223 1.0000	</row3>
				</transform>
			</node>
			<node>
				<identifier>	HP_IGS_6	</identifier>
				<transform>
					<row0>	0.0000 0.0000 -1.0000 0.0000	</row0>
					<row1>	0.0000 1.0000 0.0000 0.0000	</row1>
					<row2>	1.0000 0.0000 0.0000 0.0000	</row2>
					<row3>	0.8684 0.6246 1.3223 1.0000	</row3>
				</transform>
			</node>
			<node>
				<identifier>	HP_IGS_7	</identifier>
				<transform>
					<row0>	0.0000 0.0000 1.0000 0.0000	</row0>
					<row1>	0.0000 1.0000 0.0000 0.0000	</row1>
					<row2>	-1.0000 0.0000 0.0000 0.0000	</row2>
					<row3>	-0.9346 0.6246 0.9224 1.0000	</row3>
				</transform>
			</node>
			<node>
				<identifier>	HP_IGS_8	</identifier>
				<transform>
					<row0>	0.0000 0.0000 -1.0000 0.0000	</row0>
					<row1>	0.0000 1.0000 0.0000 0.0000	</row1>
					<row2>	1.0000 0.0000 0.0000 0.0000	</row2>
					<row3>	0.9346 0.6246 0.9224 1.0000	</row3>
				</transform>
			</node>
			<node>
				<identifier>	HP_IGS_9	</identifier>
				<transform>
					<row0>	-1.0000 0.0000 0.0000 0.0000	</row0>
					<row1>	0.0000 1.0000 0.0000 0.0000	</row1>
					<row2>	0.0000 0.0000 -1.0000 0.0000	</row2>
					<row3>	-1.0971 0.4565 -0.1189 1.0000	</row3>
				</transform>
			</node>
			<node>
				<identifier>	HP_IRS_1	</identifier>
				<transform>
					<row0>	1.0000 0.0000 0.0000 0.0000	</row0>
					<row1>	0.0000 1.0000 0.0000 0.0000	</row1>
					<row2>	0.0000 0.0000 1.0000 0.0000	</row2>
					<row3>	0.0056 2.5160 1.9689 1.0000	</row3>
				</transform>
			</node>
			<node>
				<identifier>	HP_flag_1	</identifier>
				<transform>
					<row0>	0.9515 -0.3074 0.0094 0.0000	</row0>
					<row1>	0.3074 0.9497 -0.0596 0.0000	</row1>
					<row2>	0.0094 0.0596 0.9982 0.0000	</row2>
					<row3>	0.4613 2.3074 1.2954 1.0000	</row3>
				</transform>
			</node>
			<node>
				<identifier>	HP_flag_2	</identifier>
				<transform>
					<row0>	0.9515 0.3074 -0.0094 0.0000	</row0>
					<row1>	-0.3074 0.9497 -0.0596 0.0000	</row1>
					<row2>	-0.0094 0.0596 0.9982 0.0000	</row2>
					<row3>	-0.4613 2.3074 1.2954 1.0000	</row3>
				</transform>
			</node>
			<node>
				<identifier>	HP_flag_3	</identifier>
				<transform>
					<row0>	0.9771 -0.2130 -0.0029 0.0000	</row0>
					<row1>	0.2130 0.9767 0.0268 0.0000	</row1>
					<row2>	-0.0029 -0.0268 0.9996 0.0000	</row2>
					<row3>	0.2967 2.2843 1.3903 1.0000	</row3>
				</transform>
			</node>
			<node>
				<identifier>	HP_flag_4	</identifier>
				<transform>
					<row0>	0.9771 0.2130 0.0029 0.0000	</row0>
					<row1>	-0.2130 0.9767 0.0268 0.0000	</row1>
					<row2>	0.0029 -0.0268 0.9996 0.0000	</row2>
					<row3>	-0.2967 2.2843 1.3903 1.0000	</row3>
				</transform>
			</node>
			<node>
				<identifier>	MP_CM014_Fuel_Oil_Hose	</identifier>
				<transform>
					<row0>	-1.2357 0.0000 -0.1492 0.0000	</row0>
					<row1>	0.0000 1.2446 0.0000 0.0000	</row1>
					<row2>	0.1492 0.0000 -1.2357 0.0000	</row2>
					<row3>	0.6921 0.4971 3.2326 1.0000	</row3>
				</transform>
			</node>
			<node>
				<identifier>	MP_CM014_Fuel_Oil_Hose_INDEX_1	</identifier>
				<transform>
					<row0>	1.2357 0.0000 -0.1492 0.0000	</row0>
					<row1>	0.0000 1.2446 0.0000 0.0000	</row1>
					<row2>	0.1492 0.0000 1.2357 0.0000	</row2>
					<row3>	-0.6921 0.4971 3.2326 1.0000	</row3>
				</transform>
			</node>
			<node>
				<identifier>	MP_CM014_Fuel_Oil_Hose_INDEX_2	</identifier>
				<transform>
					<row0>	1.2357 0.0000 -0.1492 0.0000	</row0>
					<row1>	0.0000 1.2446 0.0000 0.0000	</row1>
					<row2>	0.1492 0.0000 1.2357 0.0000	</row2>
					<row3>	-0.6921 0.4621 3.2326 1.0000	</row3>
				</transform>
			</node>
			<node>
				<identifier>	MP_CM014_Fuel_Oil_Hose_INDEX_3	</identifier>
				<transform>
					<row0>	-1.2357 0.0000 -0.1492 0.0000	</row0>
					<row1>	0.0000 1.2446 0.0000 0.0000	</row1>
					<row2>	0.1492 0.0000 -1.2357 0.0000	</row2>
					<row3>	0.6921 0.4621 3.2326 1.0000	</row3>
				</transform>
			</node>
			<node>
				<identifier>	MP_CM029_Emergency_Box	</identifier>
				<transform>
					<row0>	-0.5797 0.0000 0.8148 0.0000	</row0>
					<row1>	0.0000 1.0000 0.0000 0.0000	</row1>
					<row2>	-0.8148 0.0000 -0.5797 0.0000	</row2>
					<row3>	0.6023 0.5181 3.4619 1.0000	</row3>
				</transform>
			</node>
			<node>
				<identifier>	MP_CM029_Emergency_Box_INDEX_1	</identifier>
				<transform>
					<row0>	0.0000 0.0000 -1.0000 0.0000	</row0>
					<row1>	0.0000 1.0000 0.0000 0.0000	</row1>
					<row2>	1.0000 0.0000 0.0000 0.0000	</row2>
					<row3>	-0.1728 1.2520 1.9080 1.0000	</row3>
				</transform>
			</node>
			<node>
				<identifier>	MP_CM029_Emergency_Box_INDEX_10	</identifier>
				<transform>
					<row0>	-0.6121 0.0000 0.7908 0.0000	</row0>
					<row1>	0.0000 1.0000 0.0000 0.0000	</row1>
					<row2>	-0.7908 0.0000 -0.6121 0.0000	</row2>
					<row3>	0.3795 0.6637 2.9293 1.0000	</row3>
				</transform>
			</node>
			<node>
				<identifier>	MP_CM029_Emergency_Box_INDEX_11	</identifier>
				<transform>
					<row0>	-1.0000 0.0000 0.0000 0.0000	</row0>
					<row1>	0.0000 1.0000 0.0000 0.0000	</row1>
					<row2>	0.0000 0.0000 -1.0000 0.0000	</row2>
					<row3>	-0.1007 1.5122 0.4746 1.0000	</row3>
				</transform>
			</node>
			<node>
				<identifier>	MP_CM029_Emergency_Box_INDEX_12	</identifier>
				<transform>
					<row0>	0.0000 0.0000 -1.0000 0.0000	</row0>
					<row1>	0.0000 1.0000 0.0000 0.0000	</row1>
					<row2>	1.0000 0.0000 0.0000 0.0000	</row2>
					<row3>	-1.0122 0.5290 0.3296 1.0000	</row3>
				</transform>
			</node>
			<node>
				<identifier>	MP_CM029_Emergency_Box_INDEX_2	</identifier>
				<transform>
					<row0>	0.9207 0.0148 -0.3900 0.0000	</row0>
					<row1>	0.0311 0.9933 0.1110 0.0000	</row1>
					<row2>	0.3891 -0.1143 0.9141 0.0000	</row2>
					<row3>	-0.0867 1.3950 1.8812 1.0000	</row3>
				</transform>
			</node>
			<node>
				<identifier>	MP_CM029_Emergency_Box_INDEX_3	</identifier>
				<transform>
					<row0>	0.0000 0.0000 1.0000 0.0000	</row0>
					<row1>	0.0000 1.0000 0.0000 0.0000	</row1>
					<row2>	-1.0000 0.0000 0.0000 0.0000	</row2>
					<row3>	0.4059 0.8120 0.7976 1.0000	</row3>
				</transform>
			</node>
			<node>
				<identifier>	MP_CM029_Emergency_Box_INDEX_4	</identifier>
				<transform>
					<row0>	0.0000 0.0000 1.0000 0.0000	</row0>
					<row1>	0.0000 1.0000 0.0000 0.0000	</row1>
					<row2>	-1.0000 0.0000 0.0000 0.0000	</row2>
					<row3>	0.1728 1.2520 1.9080 1.0000	</row3>
				</transform>
			</node>
			<node>
				<identifier>	MP_CM029_Emergency_Box_INDEX_5	</identifier>
				<transform>
					<row0>	0.0000 0.0000 1.0000 0.0000	</row0>
					<row1>	0.0000 1.0000 0.0000 0.0000	</row1>
					<row2>	-1.0000 0.0000 0.0000 0.0000	</row2>
					<row3>	1.0122 0.5290 0.3296 1.0000	</row3>
				</transform>
			</node>
			<node>
				<identifier>	MP_CM029_Emergency_Box_INDEX_6	</identifier>
				<transform>
					<row0>	-0.6121 0.0000 -0.7908 0.0000	</row0>
					<row1>	0.0000 1.0000 0.0000 0.0000	</row1>
					<row2>	0.7908 0.0000 -0.6121 0.0000	</row2>
					<row3>	-0.3795 0.6637 2.9293 1.0000	</row3>
				</transform>
			</node>
			<node>
				<identifier>	MP_CM029_Emergency_Box_INDEX_7	</identifier>
				<transform>
					<row0>	-0.9902 0.0000 0.1396 0.0000	</row0>
					<row1>	0.0000 1.0000 0.0000 0.0000	</row1>
					<row2>	-0.1396 0.0000 -0.9902 0.0000	</row2>
					<row3>	0.0273 1.1002 2.3073 1.0000	</row3>
				</transform>
			</node>
			<node>
				<identifier>	MP_CM029_Emergency_Box_INDEX_8	</identifier>
				<transform>
					<row0>	-0.5797 0.0000 -0.8148 0.0000	</row0>
					<row1>	0.0000 1.0000 0.0000 0.0000	</row1>
					<row2>	0.8148 0.0000 -0.5797 0.0000	</row2>
					<row3>	-0.6023 0.5181 3.4619 1.0000	</row3>
				</transform>
			</node>
			<node>
				<identifier>	MP_CM029_Emergency_Box_INDEX_9	</identifier>
				<transform>
					<row0>	0.0000 0.0000 -1.0000 0.0000	</row0>
					<row1>	0.0000 1.0000 0.0000 0.0000	</row1>
					<row2>	1.0000 0.0000 0.0000 0.0000	</row2>
					<row3>	-0.4059 0.8120 0.7976 1.0000	</row3>
				</transform>
			</node>
			<node>
				<identifier>	MP_CM030_Swab_Rack_2	</identifier>
				<transform>
					<row0>	-1.0000 0.0000 0.0000 0.0000	</row0>
					<row1>	0.0000 1.0000 0.0000 0.0000	</row1>
					<row2>	0.0000 0.0000 -1.0000 0.0000	</row2>
					<row3>	0.1542 0.7289 0.7603 1.0000	</row3>
				</transform>
			</node>
			<node>
				<identifier>	MP_CM030_Swab_Rack_2_INDEX_1	</identifier>
				<transform>
					<row0>	0.4717 0.0000 -0.8818 0.0000	</row0>
					<row1>	0.0000 1.0000 0.0000 0.0000	</row1>
					<row2>	0.8818 0.0000 0.4717 0.0000	</row2>
					<row3>	0.3831 0.4343 3.6054 1.0000	</row3>
				</transform>
			</node>
			<node>
				<identifier>	MP_CM030_Swab_Rack_2_INDEX_2	</identifier>
				<transform>
					<row0>	1.0000 0.0000 0.0000 0.0000	</row0>
					<row1>	0.0000 1.0000 0.0000 0.0000	</row1>
					<row2>	0.0000 0.0000 1.0000 0.0000	</row2>
					<row3>	0.6246 0.5814 1.1611 1.0000	</row3>
				</transform>
			</node>
			<node>
				<identifier>	MP_CM030_Swab_Rack_2_INDEX_3	</identifier>
				<transform>
					<row0>	0.4717 0.0000 0.8818 0.0000	</row0>
					<row1>	0.0000 1.0000 0.0000 0.0000	</row1>
					<row2>	-0.8818 0.0000 0.4717 0.0000	</row2>
					<row3>	-0.3831 0.4343 3.6054 1.0000	</row3>
				</transform>
			</node>
			<node>
				<identifier>	MP_CM030_Swab_Rack_2_INDEX_4	</identifier>
				<transform>
					<row0>	1.0000 0.0000 0.0000 0.0000	</row0>
					<row1>	0.0000 1.0000 0.0000 0.0000	</row1>
					<row2>	0.0000 0.0000 1.0000 0.0000	</row2>
					<row3>	-0.6246 0.5814 1.1611 1.0000	</row3>
				</transform>
			</node>
			<node>
				<identifier>	MP_CM040_Steering_Wheel	</identifier>
				<transform>
					<row0>	1.0000 0.0000 0.0000 0.0000	</row0>
					<row1>	0.0000 1.0000 0.0000 0.0000	</row1>
					<row2>	0.0000 0.0000 1.0000 0.0000	</row2>
					<row3>	-0.0316 1.0231 2.6130 1.0000	</row3>
				</transform>
			</node>
			<node>
				<identifier>	MP_CM052_Fender	</identifier>
				<transform>
					<row0>	0.0000 0.0000 -0.9744 0.0000	</row0>
					<row1>	0.0000 0.9744 0.0000 0.0000	</row1>
					<row2>	0.9744 0.0000 0.0000 0.0000	</row2>
					<row3>	1.0347 0.4351 0.5597 1.0000	</row3>
				</transform>
			</node>
			<node>
				<identifier>	MP_CM052_Fender_INDEX_1	</identifier>
				<transform>
					<row0>	0.0420 0.0000 -0.9735 0.0000	</row0>
					<row1>	0.0000 0.9744 0.0000 0.0000	</row1>
					<row2>	0.9735 0.0000 0.0420 0.0000	</row2>
					<row3>	1.0214 0.4351 1.1816 1.0000	</row3>
				</transform>
			</node>
			<node>
				<identifier>	MP_CM052_Fender_INDEX_2	</identifier>
				<transform>
					<row0>	0.1169 0.0000 -0.9674 0.0000	</row0>
					<row1>	0.0000 0.9744 0.0000 0.0000	</row1>
					<row2>	0.9674 0.0000 0.1169 0.0000	</row2>
					<row3>	0.7430 0.4351 3.0393 1.0000	</row3>
				</transform>
			</node>
			<node>
				<identifier>	MP_CM052_Fender_INDEX_3	</identifier>
				<transform>
					<row0>	0.0000 0.0000 0.9744 0.0000	</row0>
					<row1>	0.0000 0.9744 0.0000 0.0000	</row1>
					<row2>	-0.9744 0.0000 0.0000 0.0000	</row2>
					<row3>	-1.0347 0.4351 0.5597 1.0000	</row3>
				</transform>
			</node>
			<node>
				<identifier>	MP_CM052_Fender_INDEX_4	</identifier>
				<transform>
					<row0>	0.1169 0.0000 0.9674 0.0000	</row0>
					<row1>	0.0000 0.9744 0.0000 0.0000	</row1>
					<row2>	-0.9674 0.0000 0.1169 0.0000	</row2>
					<row3>	-0.7430 0.4351 3.0393 1.0000	</row3>
				</transform>
			</node>
			<node>
				<identifier>	MP_CM052_Fender_INDEX_5	</identifier>
				<transform>
					<row0>	0.1169 0.0000 -0.9674 0.0000	</row0>
					<row1>	0.0000 0.9744 0.0000 0.0000	</row1>
					<row2>	0.9674 0.0000 0.1169 0.0000	</row2>
					<row3>	0.7605 0.4351 2.8946 1.0000	</row3>
				</transform>
			</node>
			<node>
				<identifier>	MP_CM052_Fender_INDEX_6	</identifier>
				<transform>
					<row0>	0.1169 0.0000 0.9674 0.0000	</row0>
					<row1>	0.0000 0.9744 0.0000 0.0000	</row1>
					<row2>	-0.9674 0.0000 0.1169 0.0000	</row2>
					<row3>	-0.7605 0.4351 2.8946 1.0000	</row3>
				</transform>
			</node>
			<node>
				<identifier>	MP_CM052_Fender_INDEX_7	</identifier>
				<transform>
					<row0>	0.0420 0.0000 0.9735 0.0000	</row0>
					<row1>	0.0000 0.9744 0.0000 0.0000	</row1>
					<row2>	-0.9735 0.0000 0.0420 0.0000	</row2>
					<row3>	-1.0214 0.4351 1.1803 1.0000	</row3>
				</transform>
			</node>
			<node>
				<identifier>	MP_CM082_Rope	</identifier>
				<transform>
					<row0>	0.0289 0.0000 -0.5838 0.0000	</row0>
					<row1>	0.0000 0.5845 0.0000 0.0000	</row1>
					<row2>	0.5838 0.0000 0.0289 0.0000	</row2>
					<row3>	-0.0677 1.2488 1.3624 1.0000	</row3>
				</transform>
			</node>
			<node>
				<identifier>	MP_CM082_Rope_INDEX_1	</identifier>
				<transform>
					<row0>	0.0289 0.0000 0.5838 0.0000	</row0>
					<row1>	0.0000 0.5845 0.0000 0.0000	</row1>
					<row2>	-0.5838 0.0000 0.0289 0.0000	</row2>
					<row3>	0.0677 1.2488 1.3624 1.0000	</row3>
				</transform>
			</node>
			<node>
				<identifier>	MP_CM082_Rope_INDEX_2	</identifier>
				<transform>
					<row0>	0.0336 0.0000 0.6768 0.0000	</row0>
					<row1>	0.0000 0.6776 0.0000 0.0000	</row1>
					<row2>	-0.6768 0.0000 0.0336 0.0000	</row2>
					<row3>	-0.0035 1.2484 1.3624 1.0000	</row3>
				</transform>
			</node>
			<node>
				<identifier>	MP_CM082_Rope_INDEX_3	</identifier>
				<transform>
					<row0>	-0.0281 0.0000 -0.5663 0.0000	</row0>
					<row1>	0.0000 0.5670 0.0000 0.0000	</row1>
					<row2>	0.5663 0.0000 -0.0281 0.0000	</row2>
					<row3>	0.0959 1.2491 1.3624 1.0000	</row3>
				</transform>
			</node>
			<node>
				<identifier>	MP_CM082_Rope_INDEX_4	</identifier>
				<transform>
					<row0>	-0.0281 0.0000 0.5663 0.0000	</row0>
					<row1>	0.0000 0.5670 0.0000 0.0000	</row1>
					<row2>	-0.5663 0.0000 -0.0281 0.0000	</row2>
					<row3>	-0.0475 1.2491 1.3624 1.0000	</row3>
				</transform>
			</node>
			<node>
				<identifier>	MP_CM082_Rope_INDEX_5	</identifier>
				<transform>
					<row0>	0.0336 0.0000 -0.6768 0.0000	</row0>
					<row1>	0.0000 0.6776 0.0000 0.0000	</row1>
					<row2>	0.6768 0.0000 0.0336 0.0000	</row2>
					<row3>	-0.1184 1.2484 1.3624 1.0000	</row3>
				</transform>
			</node>
			<node>
				<identifier>	MP_CM082_Rope_INDEX_6	</identifier>
				<transform>
					<row0>	-0.0281 0.0000 -0.5663 0.0000	</row0>
					<row1>	0.0000 0.5670 0.0000 0.0000	</row1>
					<row2>	0.5663 0.0000 -0.0281 0.0000	</row2>
					<row3>	0.0475 1.2491 1.3624 1.0000	</row3>
				</transform>
			</node>
			<node>
				<identifier>	MP_CM082_Rope_INDEX_7	</identifier>
				<transform>
					<row0>	-0.0281 0.0000 0.5663 0.0000	</row0>
					<row1>	0.0000 0.5670 0.0000 0.0000	</row1>
					<row2>	-0.5663 0.0000 -0.0281 0.0000	</row2>
					<row3>	-0.0959 1.2491 1.3624 1.0000	</row3>
				</transform>
			</node>
			<node>
				<identifier>	MP_CM082_Rope_INDEX_8	</identifier>
				<transform>
					<row0>	0.0336 0.0000 0.6768 0.0000	</row0>
					<row1>	0.0000 0.6776 0.0000 0.0000	</row1>
					<row2>	-0.6768 0.0000 0.0336 0.0000	</row2>
					<row3>	0.1184 1.2484 1.3624 1.0000	</row3>
				</transform>
			</node>
			<node>
				<identifier>	MP_CM090_Accommodation_Ladder	</identifier>
				<transform>
					<row0>	0.0000 -1.0000 0.0000 0.0000	</row0>
					<row1>	0.9964 0.0000 0.0844 0.0000	</row1>
					<row2>	-0.0844 0.0000 0.9964 0.0000	</row2>
					<row3>	1.1746 0.4845 3.0426 1.0000	</row3>
				</transform>
			</node>
			<node>
				<identifier>	MP_CM090_Accommodation_Ladder_INDEX_1	</identifier>
				<transform>
					<row0>	0.0000 1.0000 0.0000 0.0000	</row0>
					<row1>	-0.9964 0.0000 0.0844 0.0000	</row1>
					<row2>	0.0844 0.0000 0.9964 0.0000	</row2>
					<row3>	-1.1746 0.4845 3.0426 1.0000	</row3>
				</transform>
			</node>
			<node>
				<identifier>	MP_CM092_Siren	</identifier>
				<transform>
					<row0>	1.2659 0.0000 0.0000 0.0000	</row0>
					<row1>	0.0000 1.2659 0.0000 0.0000	</row1>
					<row2>	0.0000 0.0000 1.2659 0.0000	</row2>
					<row3>	0.0375 1.7313 1.1756 1.0000	</row3>
				</transform>
			</node>
			<node>
				<identifier>	MP_CM092_Siren_INDEX_1	</identifier>
				<transform>
					<row0>	1.2659 0.0000 0.0000 0.0000	</row0>
					<row1>	0.0000 1.2659 0.0000 0.0000	</row1>
					<row2>	0.0000 0.0000 1.2659 0.0000	</row2>
					<row3>	-0.0375 1.7313 1.1756 1.0000	</row3>
				</transform>
			</node>
			<node>
				<identifier>	MP_CM127_Jacobs_ladder	</identifier>
				<transform>
					<row0>	0.9969 0.0038 0.0791 0.0000	</row0>
					<row1>	0.0000 0.9988 -0.0487 0.0000	</row1>
					<row2>	-0.0792 0.0485 0.9957 0.0000	</row2>
					<row3>	0.8900 0.4541 5.4158 1.0000	</row3>
				</transform>
			</node>
			<node>
				<identifier>	MP_CM127_Jacobs_ladder_INDEX_1	</identifier>
				<transform>
					<row0>	0.9969 -0.0038 -0.0791 0.0000	</row0>
					<row1>	0.0000 0.9988 -0.0487 0.0000	</row1>
					<row2>	0.0792 0.0485 0.9957 0.0000	</row2>
					<row3>	-0.8900 0.4541 5.4157 1.0000	</row3>
				</transform>
			</node>
			<node>
				<identifier>	MP_IM026_Reels	</identifier>
				<transform>
					<row0>	0.9004 0.0014 0.4899 0.0000	</row0>
					<row1>	0.0000 0.7376 -0.0021 0.0000	</row1>
					<row2>	-0.3525 0.0018 0.6480 0.0000	</row2>
					<row3>	-0.3572 0.4340 3.9131 1.0000	</row3>
				</transform>
			</node>
			<node>
				<identifier>	MP_IM026_Reels_INDEX_1	</identifier>
				<transform>
					<row0>	0.9004 -0.0014 -0.4899 0.0000	</row0>
					<row1>	0.0000 0.7376 -0.0021 0.0000	</row1>
					<row2>	0.3525 0.0018 0.6480 0.0000	</row2>
					<row3>	0.3572 0.4340 3.9131 1.0000	</row3>
				</transform>
			</node>
			<node>
				<identifier>	MP_IM026_Reels_INDEX_2	</identifier>
				<transform>
					<row0>	0.9581 -0.0014 -0.3644 0.0000	</row0>
					<row1>	0.0003 0.7376 -0.0020 0.0000	</row1>
					<row2>	0.2623 0.0018 0.6894 0.0000	</row2>
					<row3>	0.2501 0.4339 3.9686 1.0000	</row3>
				</transform>
			</node>
			<node>
				<identifier>	MP_IM026_Reels_INDEX_3	</identifier>
				<transform>
					<row0>	0.9581 0.0014 0.3644 0.0000	</row0>
					<row1>	-0.0003 0.7376 -0.0020 0.0000	</row1>
					<row2>	-0.2623 0.0018 0.6894 0.0000	</row2>
					<row3>	-0.2501 0.4339 3.9686 1.0000	</row3>
				</transform>
			</node>
			<node>
				<identifier>	MP_IM031_Fire_Fighting	</identifier>
				<transform>
					<row0>	0.0000 0.0000 1.0000 0.0000	</row0>
					<row1>	0.0000 1.0000 0.0000 0.0000	</row1>
					<row2>	-1.0000 0.0000 0.0000 0.0000	</row2>
					<row3>	-0.4129 0.7286 1.6496 1.0000	</row3>
				</transform>
			</node>
			<node>
				<identifier>	MP_IM031_Fire_Fighting_INDEX_1	</identifier>
				<transform>
					<row0>	0.7072 0.0000 -0.7070 0.0000	</row0>
					<row1>	0.0000 1.0000 0.0000 0.0000	</row1>
					<row2>	0.7070 0.0000 0.7072 0.0000	</row2>
					<row3>	-0.8398 0.5814 0.2746 1.0000	</row3>
				</transform>
			</node>
			<node>
				<identifier>	MP_IM031_Fire_Fighting_INDEX_2	</identifier>
				<transform>
					<row0>	0.0000 0.0000 1.0000 0.0000	</row0>
					<row1>	0.0000 1.0000 0.0000 0.0000	</row1>
					<row2>	-1.0000 0.0000 0.0000 0.0000	</row2>
					<row3>	1.0165 0.4343 0.7048 1.0000	</row3>
				</transform>
			</node>
			<node>
				<identifier>	MP_IM031_Fire_Fighting_INDEX_3	</identifier>
				<transform>
					<row0>	0.0838 0.0000 0.9965 0.0000	</row0>
					<row1>	0.0000 1.0000 0.0000 0.0000	</row1>
					<row2>	-0.9965 0.0000 0.0838 0.0000	</row2>
					<row3>	-0.5646 0.5814 1.8920 1.0000	</row3>
				</transform>
			</node>
			<node>
				<identifier>	MP_IM031_Fire_Fighting_INDEX_4	</identifier>
				<transform>
					<row0>	1.0000 0.0000 0.0000 0.0000	</row0>
					<row1>	0.0000 1.0000 0.0000 0.0000	</row1>
					<row2>	0.0000 0.0000 1.0000 0.0000	</row2>
					<row3>	0.5079 0.4341 3.5775 1.0000	</row3>
				</transform>
			</node>
			<node>
				<identifier>	MP_IM031_Fire_Fighting_INDEX_5	</identifier>
				<transform>
					<row0>	1.0000 0.0000 0.0000 0.0000	</row0>
					<row1>	0.0000 1.0000 0.0000 0.0000	</row1>
					<row2>	0.0000 0.0000 1.0000 0.0000	</row2>
					<row3>	-0.5079 0.4341 3.5775 1.0000	</row3>
				</transform>
			</node>
			<node>
				<identifier>	MP_IM031_Fire_Fighting_INDEX_6	</identifier>
				<transform>
					<row0>	0.0000 0.0000 -1.0000 0.0000	</row0>
					<row1>	0.0000 1.0000 0.0000 0.0000	</row1>
					<row2>	1.0000 0.0000 0.0000 0.0000	</row2>
					<row3>	-1.0165 0.4343 0.7048 1.0000	</row3>
				</transform>
			</node>
			<node>
				<identifier>	MP_IM031_Fire_Fighting_INDEX_7	</identifier>
				<transform>
					<row0>	0.0000 0.0000 -1.0000 0.0000	</row0>
					<row1>	0.0000 1.0000 0.0000 0.0000	</row1>
					<row2>	1.0000 0.0000 0.0000 0.0000	</row2>
					<row3>	0.4129 0.7286 1.6496 1.0000	</row3>
				</transform>
			</node>
			<node>
				<identifier>	MP_IM031_Fire_Fighting_INDEX_8	</identifier>
				<transform>
					<row0>	0.0838 0.0000 -0.9965 0.0000	</row0>
					<row1>	0.0000 1.0000 0.0000 0.0000	</row1>
					<row2>	0.9965 0.0000 0.0838 0.0000	</row2>
					<row3>	0.5646 0.5814 1.8920 1.0000	</row3>
				</transform>
			</node>
			<node>
				<identifier>	MP_IM031_Fire_Fighting_INDEX_9	</identifier>
				<transform>
					<row0>	0.7072 0.0000 0.7070 0.0000	</row0>
					<row1>	0.0000 1.0000 0.0000 0.0000	</row1>
					<row2>	-0.7070 0.0000 0.7072 0.0000	</row2>
					<row3>	0.8398 0.5814 0.2746 1.0000	</row3>
				</transform>
			</node>
			<node>
				<identifier>	MP_IM032_Fire_Hose	</identifier>
				<transform>
					<row0>	-0.8354 0.0000 -0.5496 0.0000	</row0>
					<row1>	0.0000 1.0000 0.0000 0.0000	</row1>
					<row2>	0.5496 0.0000 -0.8354 0.0000	</row2>
					<row3>	0.7372 0.6450 0.5381 1.0000	</row3>
				</transform>
			</node>
			<node>
				<identifier>	MP_IM032_Fire_Hose_INDEX_1	</identifier>
				<transform>
					<row0>	0.0000 0.0000 1.0000 0.0000	</row0>
					<row1>	0.0000 1.0000 0.0000 0.0000	</row1>
					<row2>	-1.0000 0.0000 0.0000 0.0000	</row2>
					<row3>	-0.4014 0.7860 1.6890 1.0000	</row3>
				</transform>
			</node>
			<node>
				<identifier>	MP_IM032_Fire_Hose_INDEX_2	</identifier>
				<transform>
					<row0>	0.0693 0.0000 -0.9976 0.0000	</row0>
					<row1>	0.0000 1.0000 0.0000 0.0000	</row1>
					<row2>	0.9976 0.0000 0.0693 0.0000	</row2>
					<row3>	0.5513 0.6316 1.9393 1.0000	</row3>
				</transform>
			</node>
			<node>
				<identifier>	MP_IM032_Fire_Hose_INDEX_3	</identifier>
				<transform>
					<row0>	0.5687 0.0000 -0.8225 0.0000	</row0>
					<row1>	0.0000 1.0000 0.0000 0.0000	</row1>
					<row2>	0.8225 0.0000 0.5687 0.0000	</row2>
					<row3>	0.5381 0.4798 3.5459 1.0000	</row3>
				</transform>
			</node>
			<node>
				<identifier>	MP_IM032_Fire_Hose_INDEX_4	</identifier>
				<transform>
					<row0>	0.0008 0.0000 -1.0000 0.0000	</row0>
					<row1>	0.0000 1.0000 0.0000 0.0000	</row1>
					<row2>	1.0000 0.0000 0.0008 0.0000	</row2>
					<row3>	1.0082 0.4801 0.7450 1.0000	</row3>
				</transform>
			</node>
			<node>
				<identifier>	MP_IM032_Fire_Hose_INDEX_5	</identifier>
				<transform>
					<row0>	0.0008 0.0000 1.0000 0.0000	</row0>
					<row1>	0.0000 1.0000 0.0000 0.0000	</row1>
					<row2>	-1.0000 0.0000 0.0008 0.0000	</row2>
					<row3>	-1.0082 0.4801 0.7450 1.0000	</row3>
				</transform>
			</node>
			<node>
				<identifier>	MP_IM032_Fire_Hose_INDEX_6	</identifier>
				<transform>
					<row0>	-0.8354 0.0000 0.5496 0.0000	</row0>
					<row1>	0.0000 1.0000 0.0000 0.0000	</row1>
					<row2>	-0.5496 0.0000 -0.8354 0.0000	</row2>
					<row3>	-0.7372 0.6450 0.5381 1.0000	</row3>
				</transform>
			</node>
			<node>
				<identifier>	MP_IM032_Fire_Hose_INDEX_7	</identifier>
				<transform>
					<row0>	0.0000 0.0000 -1.0000 0.0000	</row0>
					<row1>	0.0000 1.0000 0.0000 0.0000	</row1>
					<row2>	1.0000 0.0000 0.0000 0.0000	</row2>
					<row3>	0.4014 0.7860 1.6890 1.0000	</row3>
				</transform>
			</node>
			<node>
				<identifier>	MP_IM032_Fire_Hose_INDEX_8	</identifier>
				<transform>
					<row0>	0.0693 0.0000 0.9976 0.0000	</row0>
					<row1>	0.0000 1.0000 0.0000 0.0000	</row1>
					<row2>	-0.9976 0.0000 0.0693 0.0000	</row2>
					<row3>	-0.5513 0.6316 1.9393 1.0000	</row3>
				</transform>
			</node>
			<node>
				<identifier>	MP_IM032_Fire_Hose_INDEX_9	</identifier>
				<transform>
					<row0>	0.5687 0.0000 0.8225 0.0000	</row0>
					<row1>	0.0000 1.0000 0.0000 0.0000	</row1>
					<row2>	-0.8225 0.0000 0.5687 0.0000	</row2>
					<row3>	-0.5381 0.4798 3.5459 1.0000	</row3>
				</transform>
			</node>
			<node>
				<identifier>	MP_IM048_Sheep	</identifier>
				<transform>
					<row0>	-0.6328 0.0000 0.7743 0.0000	</row0>
					<row1>	0.0000 1.0000 0.0000 0.0000	</row1>
					<row2>	-0.7743 0.0000 -0.6328 0.0000	</row2>
					<row3>	-0.0145 1.0797 2.3139 1.0000	</row3>
				</transform>
			</node>
			<node>
				<identifier>	MP_IM226_Motoscafi_10m_Clean	</identifier>
				<transform>
					<row0>	1.0000 0.0000 0.0000 0.0000	</row0>
					<row1>	0.0000 1.0000 0.0000 0.0000	</row1>
					<row2>	0.0000 0.0000 1.0000 0.0000	</row2>
					<row3>	-0.4937 0.7791 0.2048 1.0000	</row3>
				</transform>
			</node>
			<node>
				<identifier>	MP_IM226_Motoscafi_10m_Clean_INDEX_1	</identifier>
				<transform>
					<row0>	1.0000 0.0000 0.0000 0.0000	</row0>
					<row1>	0.0000 1.0000 0.0000 0.0000	</row1>
					<row2>	0.0000 0.0000 1.0000 0.0000	</row2>
					<row3>	0.4937 0.7791 0.2048 1.0000	</row3>
				</transform>
			</node>
			<node>
				<identifier>	MP_IM227_Paramine_Tipo_C_Clean	</identifier>
				<transform>
					<row0>	0.0000 -1.0000 0.0024 0.0000	</row0>
					<row1>	0.6656 -0.0018 -0.7463 0.0000	</row1>
					<row2>	0.7463 0.0016 0.6656 0.0000	</row2>
					<row3>	-0.3165 0.5130 3.7745 1.0000	</row3>
				</transform>
			</node>
			<node>
				<identifier>	MP_IM227_Paramine_Tipo_C_Clean_INDEX_1	</identifier>
				<transform>
					<row0>	0.0000 1.0000 -0.0024 0.0000	</row0>
					<row1>	-0.6656 -0.0018 -0.7463 0.0000	</row1>
					<row2>	-0.7463 0.0016 0.6656 0.0000	</row2>
					<row3>	0.3165 0.5130 3.7745 1.0000	</row3>
				</transform>
			</node>
			<node>
				<identifier>	MP_IM506_Boat_8_6m	</identifier>
				<transform>
					<row0>	1.0436 0.0000 -0.0004 0.0000	</row0>
					<row1>	0.0000 1.0436 -0.0029 0.0000	</row1>
					<row2>	0.0004 0.0029 1.0436 0.0000	</row2>
					<row3>	-0.3127 0.7460 0.1732 1.0000	</row3>
				</transform>
			</node>
			<node>
				<identifier>	MP_IM506_Boat_8_6m_INDEX_1	</identifier>
				<transform>
					<row0>	1.0436 0.0000 0.0004 0.0000	</row0>
					<row1>	0.0000 1.0436 -0.0029 0.0000	</row1>
					<row2>	-0.0004 0.0029 1.0436 0.0000	</row2>
					<row3>	0.3127 0.7460 0.1732 1.0000	</row3>
				</transform>
			</node>
			<node>
				<identifier>	MP_IM510_Moto_Lancie_13m	</identifier>
				<transform>
					<row0>	1.0000 0.0000 0.0000 0.0000	</row0>
					<row1>	0.0000 1.0000 0.0000 0.0000	</row1>
					<row2>	0.0000 0.0000 1.0000 0.0000	</row2>
					<row3>	-0.1183 0.7431 0.0065 1.0000	</row3>
				</transform>
			</node>
			<node>
				<identifier>	MP_IM510_Moto_Lancie_13m_INDEX_1	</identifier>
				<transform>
					<row0>	1.0000 0.0000 0.0000 0.0000	</row0>
