<RSD014_Pr_48_Kiev_1944_Stern_ports.visual>
	<node>
		<identifier>	Scene Root	</identifier>
		<transform>
			<row0>	1.0000 0.0000 0.0000 0.0000	</row0>
			<row1>	0.0000 1.0000 0.0000 0.0000	</row1>
			<row2>	0.0000 0.0000 1.0000 0.0000	</row2>
			<row3>	0.0000 0.0000 0.0000 1.0000	</row3>
		</transform>
		<node>
			<identifier>	Stern_ports	</identifier>
			<transform>
				<row0>	1.0000 0.0000 0.0000 0.0000	</row0>
				<row1>	0.0000 1.0000 0.0000 0.0000	</row1>
				<row2>	0.0000 0.0000 1.0000 0.0000	</row2>
				<row3>	0.0000 0.0000 0.0000 1.0000	</row3>
			</transform>
			<node>
				<identifier>	HP_FX_Death_3	</identifier>
				<transform>
					<row0>	1.0000 0.0000 0.0000 0.0000	</row0>
					<row1>	0.0000 1.0000 0.0000 0.0000	</row1>
					<row2>	0.0000 0.0000 1.0000 0.0000	</row2>
					<row3>	0.0000 0.0000 -2.6930 1.0000	</row3>
				</transform>
			</node>
			<node>
				<identifier>	HP_FX_Fire_4	</identifier>
				<transform>
					<row0>	1.0000 0.0000 0.0000 0.0000	</row0>
					<row1>	0.0000 1.0000 0.0000 0.0000	</row1>
					<row2>	0.0000 0.0000 1.0000 0.0000	</row2>
					<row3>	0.0000 0.1980 -3.5607 1.0000	</row3>
				</transform>
			</node>
			<node>
				<identifier>	HP_FX_WakeTraceBack	</identifier>
				<transform>
					<row0>	1.0000 0.0000 0.0000 0.0000	</row0>
					<row1>	0.0000 1.0000 0.0000 0.0000	</row1>
					<row2>	0.0000 0.0000 1.0000 0.0000	</row2>
					<row3>	0.0000 0.0000 -4.1153 1.0000	</row3>
				</transform>
			</node>
			<node>
				<identifier>	HP_FX_WakeTrace_screw_1	</identifier>
				<transform>
					<row0>	1.0000 0.0000 0.0000 0.0000	</row0>
					<row1>	0.0000 1.0000 0.0000 0.0000	</row1>
					<row2>	0.0000 0.0000 1.0000 0.0000	</row2>
					<row3>	-0.1892 -0.1648 -3.4148 1.0000	</row3>
				</transform>
			</node>
			<node>
				<identifier>	HP_FX_WakeTrace_screw_2	</identifier>
				<transform>
					<row0>	1.0000 0.0000 0.0000 0.0000	</row0>
					<row1>	0.0000 1.0000 0.0000 0.0000	</row1>
					<row2>	0.0000 0.0000 1.0000 0.0000	</row2>
					<row3>	0.1892 -0.1648 -3.4148 1.0000	</row3>
				</transform>
			</node>
			<node>
				<identifier>	HP_FX_WakeTrace_screw_3	</identifier>
				<transform>
					<row0>	1.0000 0.0000 0.0000 0.0000	</row0>
					<row1>	0.0000 1.0000 0.0000 0.0000	</row1>
					<row2>	0.0000 0.0000 1.0000 0.0000	</row2>
					<row3>	0.0000 -0.1710 -3.7318 1.0000	</row3>
				</transform>
			</node>
			<node>
				<identifier>	HP_RGB_1	</identifier>
				<transform>
					<row0>	-0.1096 0.0000 0.9940 0.0000	</row0>
					<row1>	0.0000 1.0000 0.0000 0.0000	</row1>
					<row2>	-0.9940 0.0000 -0.1096 0.0000	</row2>
					<row3>	-0.2030 0.1938 -4.0247 1.0000	</row3>
				</transform>
			</node>
			<node>
				<identifier>	HP_RGB_2	</identifier>
				<transform>
					<row0>	-0.1096 0.0000 -0.9940 0.0000	</row0>
					<row1>	0.0000 1.0000 0.0000 0.0000	</row1>
					<row2>	0.9940 0.0000 -0.1096 0.0000	</row2>
					<row3>	0.2030 0.1938 -4.0247 1.0000	</row3>
				</transform>
			</node>
			<node>
				<identifier>	HP_RGB_3	</identifier>
				<transform>
					<row0>	-1.0000 0.0000 0.0000 0.0000	</row0>
					<row1>	0.0000 0.9958 -0.0919 0.0000	</row1>
					<row2>	0.0000 -0.0919 -0.9958 0.0000	</row2>
					<row3>	-0.0438 0.1494 -4.1608 1.0000	</row3>
				</transform>
			</node>
			<node>
				<identifier>	HP_RGB_4	</identifier>
				<transform>
					<row0>	-1.0000 0.0000 0.0000 0.0000	</row0>
					<row1>	0.0000 0.9958 -0.0919 0.0000	</row1>
					<row2>	0.0000 -0.0919 -0.9958 0.0000	</row2>
					<row3>	0.0438 0.1494 -4.1608 1.0000	</row3>
				</transform>
			</node>
			<node>
				<identifier>	HP_RGM_3	</identifier>
				<transform>
					<row0>	-1.0000 0.0000 0.0000 0.0000	</row0>
					<row1>	0.0000 1.0000 0.0000 0.0000	</row1>
					<row2>	0.0000 0.0000 -1.0000 0.0000	</row2>
					<row3>	0.0000 0.2407 -2.9374 1.0000	</row3>
				</transform>
			</node>
			<node>
				<identifier>	HP_Ship_death_3	</identifier>
				<transform>
					<row0>	1.0000 0.0000 0.0000 0.0000	</row0>
					<row1>	0.0000 1.0000 0.0000 0.0000	</row1>
					<row2>	0.0000 0.0000 1.0000 0.0000	</row2>
					<row3>	0.0000 0.0000 -2.6804 1.0000	</row3>
				</transform>
			</node>
			<node>
				<identifier>	MP_CM001_Propeller3_L	</identifier>
				<transform>
					<row0>	0.6714 -0.1798 0.0000 0.0000	</row0>
					<row1>	0.1797 0.6712 -0.0147 0.0000	</row1>
					<row2>	0.0037 0.0142 0.6948 0.0000	</row2>
					<row3>	-0.1892 -0.1648 -3.4148 1.0000	</row3>
				</transform>
			</node>
			<node>
				<identifier>	MP_CM032_Propeller3_R	</identifier>
				<transform>
					<row0>	0.6709 0.1803 -0.0038 0.0000	</row0>
					<row1>	-0.1803 0.6707 -0.0141 0.0000	</row1>
					<row2>	0.0000 0.0146 0.6945 0.0000	</row2>
					<row3>	0.1892 -0.1648 -3.4148 1.0000	</row3>
				</transform>
			</node>
			<node>
				<identifier>	MP_CM032_Propeller3_R_INDEX_1	</identifier>
				<transform>
					<row0>	0.6947 0.0000 0.0000 0.0000	</row0>
					<row1>	0.0000 0.6945 -0.0146 0.0000	</row1>
					<row2>	0.0000 0.0146 0.6945 0.0000	</row2>
					<row3>	0.0000 -0.1710 -3.7318 1.0000	</row3>
				</transform>
			</node>
			<node>
				<identifier>	MP_CM057_Accommodation_Ladder_Closed	</identifier>
				<transform>
					<row0>	0.0000 0.8400 -0.0016 0.0000	</row0>
					<row1>	-0.8393 0.0000 -0.0349 0.0000	</row1>
					<row2>	-0.0349 0.0016 0.8393 0.0000	</row2>
					<row3>	-0.3409 0.2249 -2.5268 1.0000	</row3>
				</transform>
			</node>
			<node>
				<identifier>	MP_CM057_Accommodation_Ladder_Closed_INDEX_1	</identifier>
				<transform>
					<row0>	0.0000 -0.8400 0.0037 0.0000	</row0>
					<row1>	0.8393 0.0000 -0.0349 0.0000	</row1>
					<row2>	0.0349 0.0037 0.8393 0.0000	</row2>
					<row3>	0.3409 0.2231 -2.5268 1.0000	</row3>
				</transform>
			</node>
			<node>
				<identifier>	MP_RM016_Fairlead	</identifier>
				<transform>
					<row0>	0.0000 0.0000 -0.4335 0.0000	</row0>
					<row1>	0.0000 0.4335 0.0000 0.0000	</row1>
					<row2>	0.4335 0.0000 0.0000 0.0000	</row2>
					<row3>	0.0000 0.1878 -3.9254 1.0000	</row3>
				</transform>
			</node>
			<node>
				<identifier>	MP_RM019_Reels	</identifier>
				<transform>
					<row0>	0.0000 0.0000 1.0000 0.0000	</row0>
					<row1>	0.0000 -1.0000 0.0000 0.0000	</row1>
					<row2>	1.0000 0.0000 0.0000 0.0000	</row2>
					<row3>	0.0760 0.1873 -3.2582 1.0000	</row3>
				</transform>
			</node>
			<node>
				<identifier>	MP_RM019_Reels_INDEX_1	</identifier>
				<transform>
					<row0>	0.0000 0.0000 -1.0000 0.0000	</row0>
					<row1>	0.0000 -1.0000 0.0000 0.0000	</row1>
					<row2>	-1.0000 0.0000 0.0000 0.0000	</row2>
					<row3>	-0.0760 0.1873 -3.2582 1.0000	</row3>
				</transform>
			</node>
			<node>
				<identifier>	MP_RM021_Screened_speed_light	</identifier>
				<transform>
					<row0>	-0.5810 0.0000 0.0000 0.0000	</row0>
					<row1>	0.0000 0.5810 0.0000 0.0000	</row1>
					<row2>	0.0000 0.0000 -0.5810 0.0000	</row2>
					<row3>	0.0000 0.1930 -4.2231 1.0000	</row3>
				</transform>
			</node>
			<node>
				<identifier>	MP_RM061_Basket_Rope	</identifier>
				<transform>
					<row0>	0.0000 0.0000 -1.0000 0.0000	</row0>
					<row1>	0.0000 1.0000 0.0000 0.0000	</row1>
					<row2>	1.0000 0.0000 0.0000 0.0000	</row2>
					<row3>	0.0000 0.1869 -3.1984 1.0000	</row3>
				</transform>
			</node>
			<node>
				<identifier>	MP_RM183_Depth_Charge_BM1	</identifier>
				<transform>
					<row0>	0.9936 0.0000 0.1126 0.0000	</row0>
					<row1>	0.0000 1.0000 0.0000 0.0000	</row1>
					<row2>	-0.1126 0.0000 0.9936 0.0000	</row2>
					<row3>	-0.2087 0.1877 -3.8019 1.0000	</row3>
				</transform>
			</node>
			<node>
				<identifier>	MP_RM183_Depth_Charge_BM1_INDEX_1	</identifier>
				<transform>
					<row0>	0.9936 0.0000 0.1126 0.0000	</row0>
					<row1>	0.0000 1.0000 0.0000 0.0000	</row1>
					<row2>	-0.1126 0.0000 0.9936 0.0000	</row2>
					<row3>	-0.2039 0.1877 -3.8440 1.0000	</row3>
				</transform>
			</node>
			<node>
				<identifier>	MP_RM183_Depth_Charge_BM1_INDEX_10	</identifier>
				<transform>
					<row0>	0.9936 0.0000 -0.1126 0.0000	</row0>
					<row1>	0.0000 1.0000 0.0000 0.0000	</row1>
					<row2>	0.1126 0.0000 0.9936 0.0000	</row2>
					<row3>	0.2016 0.1877 -3.8651 1.0000	</row3>
				</transform>
			</node>
			<node>
				<identifier>	MP_RM183_Depth_Charge_BM1_INDEX_11	</identifier>
				<transform>
					<row0>	0.9936 0.0000 -0.1126 0.0000	</row0>
					<row1>	0.0000 1.0000 0.0000 0.0000	</row1>
					<row2>	0.1126 0.0000 0.9936 0.0000	</row2>
					<row3>	0.2063 0.1877 -3.8230 1.0000	</row3>
				</transform>
			</node>
			<node>
				<identifier>	MP_RM183_Depth_Charge_BM1_INDEX_2	</identifier>
				<transform>
					<row0>	0.9936 0.0000 0.1126 0.0000	</row0>
					<row1>	0.0000 1.0000 0.0000 0.0000	</row1>
					<row2>	-0.1126 0.0000 0.9936 0.0000	</row2>
					<row3>	-0.2111 0.1877 -3.7809 1.0000	</row3>
				</transform>
			</node>
			<node>
				<identifier>	MP_RM183_Depth_Charge_BM1_INDEX_3	</identifier>
				<transform>
					<row0>	0.9936 0.0000 -0.1126 0.0000	</row0>
					<row1>	0.0000 1.0000 0.0000 0.0000	</row1>
					<row2>	0.1126 0.0000 0.9936 0.0000	</row2>
					<row3>	0.2111 0.1877 -3.7809 1.0000	</row3>
				</transform>
			</node>
			<node>
				<identifier>	MP_RM183_Depth_Charge_BM1_INDEX_4	</identifier>
				<transform>
					<row0>	0.9936 0.0000 0.1126 0.0000	</row0>
					<row1>	0.0000 1.0000 0.0000 0.0000	</row1>
					<row2>	-0.1126 0.0000 0.9936 0.0000	</row2>
					<row3>	-0.2016 0.1877 -3.8651 1.0000	</row3>
				</transform>
			</node>
			<node>
				<identifier>	MP_RM183_Depth_Charge_BM1_INDEX_5	</identifier>
				<transform>
					<row0>	0.9936 0.0000 0.1126 0.0000	</row0>
					<row1>	0.0000 1.0000 0.0000 0.0000	</row1>
					<row2>	-0.1126 0.0000 0.9936 0.0000	</row2>
					<row3>	-0.2063 0.1877 -3.8230 1.0000	</row3>
				</transform>
			</node>
			<node>
				<identifier>	MP_RM183_Depth_Charge_BM1_INDEX_6	</identifier>
				<transform>
					<row0>	0.9936 0.0000 -0.1126 0.0000	</row0>
					<row1>	0.0000 1.0000 0.0000 0.0000	</row1>
					<row2>	0.1126 0.0000 0.9936 0.0000	</row2>
					<row3>	0.2087 0.1877 -3.8019 1.0000	</row3>
				</transform>
			</node>
			<node>
				<identifier>	MP_RM183_Depth_Charge_BM1_INDEX_7	</identifier>
				<transform>
					<row0>	0.9936 0.0000 0.1126 0.0000	</row0>
					<row1>	0.0000 1.0000 0.0000 0.0000	</row1>
					<row2>	-0.1126 0.0000 0.9936 0.0000	</row2>
					<row3>	-0.1992 0.1877 -3.8862 1.0000	</row3>
				</transform>
			</node>
			<node>
				<identifier>	MP_RM183_Depth_Charge_BM1_INDEX_8	</identifier>
				<transform>
					<row0>	0.9936 0.0000 -0.1126 0.0000	</row0>
					<row1>	0.0000 1.0000 0.0000 0.0000	</row1>
					<row2>	0.1126 0.0000 0.9936 0.0000	</row2>
					<row3>	0.1992 0.1877 -3.8862 1.0000	</row3>
				</transform>
			</node>
			<node>
				<identifier>	MP_RM183_Depth_Charge_BM1_INDEX_9	</identifier>
				<transform>
					<row0>	0.9936 0.0000 -0.1126 0.0000	</row0>
					<row1>	0.0000 1.0000 0.0000 0.0000	</row1>
					<row2>	0.1126 0.0000 0.9936 0.0000	</row2>
					<row3>	0.2039 0.1877 -3.8440 1.0000	</row3>
				</transform>
			</node>
			<node>
				<identifier>	MP_RM200_Running_Lights_B	</identifier>
				<transform>
					<row0>	-1.0000 0.0000 0.0000 0.0000	</row0>
					<row1>	0.0000 1.0000 0.0000 0.0000	</row1>
					<row2>	0.0000 0.0000 -1.0000 0.0000	</row2>
					<row3>	0.0000 0.2133 -4.2231 1.0000	</row3>
				</transform>
			</node>
			<node>
				<identifier>	MP_RM202_Screen_Smoke_DA2	</identifier>
				<transform>
					<row0>	-0.1133 0.0000 -0.9936 0.0000	</row0>
					<row1>	0.0000 1.0000 0.0000 0.0000	</row1>
					<row2>	0.9936 0.0000 -0.1133 0.0000	</row2>
					<row3>	0.1870 0.1865 -3.9548 1.0000	</row3>
				</transform>
			</node>
			<node>
				<identifier>	MP_RM202_Screen_Smoke_DA2_INDEX_1	</identifier>
				<transform>
					<row0>	-0.1133 0.0000 0.9936 0.0000	</row0>
					<row1>	0.0000 1.0000 0.0000 0.0000	</row1>
					<row2>	-0.9936 0.0000 -0.1133 0.0000	</row2>
					<row3>	-0.1870 0.1865 -3.9548 1.0000	</row3>
				</transform>
			</node>
			<node>
				<identifier>	MP_RM212_Anchor_Capstan_Stern	</identifier>
				<transform>
					<row0>	1.0000 0.0000 0.0000 0.0000	</row0>
					<row1>	0.0000 1.0000 0.0000 0.0000	</row1>
					<row2>	0.0000 0.0000 1.0000 0.0000	</row2>
					<row3>	0.0000 0.1865 -3.5085 1.0000	</row3>
				</transform>
			</node>
			<node>
				<identifier>	MP_RM214_Life_Buoy	</identifier>
				<transform>
					<row0>	0.0977 0.0000 0.9952 0.0000	</row0>
					<row1>	0.0000 1.0000 0.0000 0.0000	</row1>
					<row2>	-0.9952 0.0000 0.0977 0.0000	</row2>
					<row3>	0.2544 0.2512 -3.5084 1.0000	</row3>
				</transform>
			</node>
			<node>
				<identifier>	MP_RM214_Life_Buoy_INDEX_1	</identifier>
				<transform>
					<row0>	0.0977 0.0000 -0.9952 0.0000	</row0>
					<row1>	0.0000 1.0000 0.0000 0.0000	</row1>
					<row2>	0.9952 0.0000 0.0977 0.0000	</row2>
					<row3>	-0.2544 0.2512 -3.5084 1.0000	</row3>
				</transform>
			</node>
			<node>
				<identifier>	MP_RM217_Ventilation_Mushroom	</identifier>
				<transform>
					<row0>	1.2097 0.0000 0.0000 0.0000	</row0>
					<row1>	0.0000 1.2097 0.0000 0.0000	</row1>
					<row2>	0.0000 0.0000 1.2097 0.0000	</row2>
					<row3>	-0.0779 0.1912 -3.7116 1.0000	</row3>
				</transform>
			</node>
			<node>
				<identifier>	MP_RM217_Ventilation_Mushroom_INDEX_1	</identifier>
				<transform>
					<row0>	1.0000 0.0000 0.0000 0.0000	</row0>
					<row1>	0.0000 1.0000 0.0000 0.0000	</row1>
					<row2>	0.0000 0.0000 1.0000 0.0000	</row2>
					<row3>	0.1094 0.1903 -3.4435 1.0000	</row3>
				</transform>
			</node>
			<node>
				<identifier>	MP_RM217_Ventilation_Mushroom_INDEX_10	</identifier>
				<transform>
					<row0>	1.0000 0.0000 0.0000 0.0000	</row0>
					<row1>	0.0000 1.0000 0.0000 0.0000	</row1>
					<row2>	0.0000 0.0000 1.0000 0.0000	</row2>
					<row3>	0.0953 0.1947 -2.7503 1.0000	</row3>
				</transform>
			</node>
			<node>
				<identifier>	MP_RM217_Ventilation_Mushroom_INDEX_11	</identifier>
				<transform>
					<row0>	0.5671 0.0000 0.0000 0.0000	</row0>
					<row1>	0.0000 0.5671 0.0000 0.0000	</row1>
					<row2>	0.0000 0.0000 0.5671 0.0000	</row2>
					<row3>	-0.1729 0.1877 -4.1547 1.0000	</row3>
				</transform>
			</node>
			<node>
				<identifier>	MP_RM217_Ventilation_Mushroom_INDEX_12	</identifier>
				<transform>
					<row0>	0.0000 -0.4575 0.0000 0.0000	</row0>
					<row1>	0.4575 0.0000 0.0000 0.0000	</row1>
					<row2>	0.0000 0.0000 0.4575 0.0000	</row2>
					<row3>	0.0272 0.2524 -3.2890 1.0000	</row3>
				</transform>
			</node>
			<node>
				<identifier>	MP_RM217_Ventilation_Mushroom_INDEX_2	</identifier>
				<transform>
					<row0>	1.0000 0.0000 0.0000 0.0000	</row0>
					<row1>	0.0000 1.0000 0.0000 0.0000	</row1>
					<row2>	0.0000 0.0000 1.0000 0.0000	</row2>
					<row3>	0.1870 0.1899 -3.9219 1.0000	</row3>
				</transform>
			</node>
			<node>
				<identifier>	MP_RM217_Ventilation_Mushroom_INDEX_3	</identifier>
				<transform>
					<row0>	0.0000 0.8670 0.0000 0.0000	</row0>
					<row1>	-0.8670 0.0000 0.0000 0.0000	</row1>
					<row2>	0.0000 0.0000 0.8670 0.0000	</row2>
					<row3>	-0.0272 0.2553 -3.3089 1.0000	</row3>
				</transform>
			</node>
			<node>
				<identifier>	MP_RM217_Ventilation_Mushroom_INDEX_4	</identifier>
				<transform>
					<row0>	1.0000 0.0000 0.0000 0.0000	</row0>
					<row1>	0.0000 1.0000 0.0000 0.0000	</row1>
					<row2>	0.0000 0.0000 1.0000 0.0000	</row2>
					<row3>	0.1429 0.1924 -3.0800 1.0000	</row3>
				</transform>
			</node>
			<node>
				<identifier>	MP_RM217_Ventilation_Mushroom_INDEX_5	</identifier>
				<transform>
					<row0>	1.0000 0.0000 0.0000 0.0000	</row0>
					<row1>	0.0000 1.0000 0.0000 0.0000	</row1>
					<row2>	0.0000 0.0000 1.0000 0.0000	</row2>
					<row3>	-0.1429 0.1924 -3.0800 1.0000	</row3>
				</transform>
			</node>
			<node>
				<identifier>	MP_RM217_Ventilation_Mushroom_INDEX_6	</identifier>
				<transform>
					<row0>	1.0000 0.0000 0.0000 0.0000	</row0>
					<row1>	0.0000 1.0000 0.0000 0.0000	</row1>
					<row2>	0.0000 0.0000 1.0000 0.0000	</row2>
					<row3>	0.0920 0.1903 -3.6147 1.0000	</row3>
				</transform>
			</node>
			<node>
				<identifier>	MP_RM217_Ventilation_Mushroom_INDEX_7	</identifier>
				<transform>
					<row0>	0.0000 -0.8670 0.0000 0.0000	</row0>
					<row1>	0.8670 0.0000 0.0000 0.0000	</row1>
					<row2>	0.0000 0.0000 0.8670 0.0000	</row2>
					<row3>	0.0272 0.2606 -3.3060 1.0000	</row3>
				</transform>
			</node>
			<node>
				<identifier>	MP_RM217_Ventilation_Mushroom_INDEX_8	</identifier>
				<transform>
					<row0>	0.0000 -0.6347 0.0000 0.0000	</row0>
					<row1>	0.6347 0.0000 0.0000 0.0000	</row1>
					<row2>	0.0000 0.0000 0.6347 0.0000	</row2>
					<row3>	0.0272 0.2329 -3.2750 1.0000	</row3>
				</transform>
			</node>
			<node>
				<identifier>	MP_RM217_Ventilation_Mushroom_INDEX_9	</identifier>
				<transform>
					<row0>	1.4657 0.0000 0.0000 0.0000	</row0>
					<row1>	0.0000 1.4657 0.0000 0.0000	</row1>
					<row2>	0.0000 0.0000 1.4657 0.0000	</row2>
					<row3>	-0.0973 0.1961 -2.7622 1.0000	</row3>
				</transform>
			</node>
			<node>
				<identifier>	MP_RM218_Deck_Hatch	</identifier>
				<transform>
					<row0>	1.0000 0.0000 0.0000 0.0000	</row0>
					<row1>	0.0000 1.0000 0.0000 0.0000	</row1>
					<row2>	0.0000 0.0000 1.0000 0.0000	</row2>
					<row3>	0.1597 0.1906 -2.7454 1.0000	</row3>
				</transform>
			</node>
			<node>
				<identifier>	MP_RM219_Fairlead	</identifier>
				<transform>
					<row0>	0.9958 0.0356 0.0847 0.0000	</row0>
					<row1>	-0.0355 0.9994 -0.0025 0.0000	</row1>
					<row2>	-0.0848 -0.0005 0.9964 0.0000	</row2>
					<row3>	-0.3000 0.1911 -2.9550 1.0000	</row3>
				</transform>
			</node>
			<node>
				<identifier>	MP_RM219_Fairlead_INDEX_1	</identifier>
				<transform>
					<row0>	0.9958 -0.0356 -0.0847 0.0000	</row0>
					<row1>	0.0355 0.9994 -0.0025 0.0000	</row1>
					<row2>	0.0848 -0.0005 0.9964 0.0000	</row2>
					<row3>	0.3000 0.1911 -2.9550 1.0000	</row3>
				</transform>
			</node>
			<node>
				<identifier>	MP_RM219_Fairlead_INDEX_2	</identifier>
				<transform>
					<row0>	0.9940 0.0036 -0.1091 0.0000	</row0>
					<row1>	-0.0037 1.0000 -0.0009 0.0000	</row1>
					<row2>	0.1091 0.0013 0.9940 0.0000	</row2>
					<row3>	0.1833 0.1906 -4.1057 1.0000	</row3>
				</transform>
			</node>
			<node>
				<identifier>	MP_RM219_Fairlead_INDEX_3	</identifier>
				<transform>
					<row0>	0.9940 -0.0036 0.1091 0.0000	</row0>
					<row1>	0.0037 1.0000 -0.0009 0.0000	</row1>
					<row2>	-0.1091 0.0013 0.9940 0.0000	</row2>
					<row3>	-0.1833 0.1906 -4.1057 1.0000	</row3>
				</transform>
			</node>
			<node>
				<identifier>	MP_RM220_Bollard	</identifier>
				<transform>
					<row0>	0.9936 -0.0024 0.1128 0.0000	</row0>
					<row1>	0.0024 1.0000 0.0000 0.0000	</row1>
					<row2>	-0.1128 0.0003 0.9936 0.0000	</row2>
					<row3>	-0.2291 0.1875 -3.6616 1.0000	</row3>
				</transform>
			</node>
			<node>
				<identifier>	MP_RM220_Bollard_INDEX_1	</identifier>
				<transform>
					<row0>	0.9936 0.0024 -0.1128 0.0000	</row0>
					<row1>	-0.0024 1.0000 0.0000 0.0000	</row1>
					<row2>	0.1128 0.0003 0.9936 0.0000	</row2>
					<row3>	0.2291 0.1875 -3.6616 1.0000	</row3>
				</transform>
			</node>
			<node>
				<identifier>	MP_RM249_Coat_of_Arms_USSR	</identifier>
				<transform>
					<row0>	-1.0000 0.0000 0.0000 0.0000	</row0>
					<row1>	0.0000 0.9691 -0.2465 0.0000	</row1>
					<row2>	0.0000 -0.2465 -0.9691 0.0000	</row2>
					<row3>	0.0000 0.1074 -4.2192 1.0000	</row3>
				</transform>
			</node>
			<node>
				<identifier>	SP_YMS011_YHWL_M_1	</identifier>
				<transform>
					<row0>	0.7160 0.0531 0.0540 0.0000	</row0>
					<row1>	-0.0530 0.7180 -0.0039 0.0000	</row1>
					<row2>	-0.0542 0.0000 0.7180 0.0000	</row2>
					<row3>	-0.2713 -0.0008 -3.4780 1.0000	</row3>
				</transform>
			</node>
			<node>
				<identifier>	SP_YMS011_YHWL_M_1_INDEX_3	</identifier>
				<transform>
					<row0>	0.7156 0.0531 0.0591 0.0000	</row0>
					<row1>	-0.0530 0.7180 -0.0039 0.0000	</row1>
					<row2>	-0.0592 -0.0004 0.7176 0.0000	</row2>
					<row3>	-0.3143 0.0000 -2.8707 1.0000	</row3>
				</transform>
			</node>
			<node>
				<identifier>	SP_YMS012_YHWR_M_1_INDEX_6	</identifier>
				<transform>
					<row0>	0.7156 -0.0531 -0.0591 0.0000	</row0>
					<row1>	0.0530 0.7180 -0.0039 0.0000	</row1>
					<row2>	0.0592 -0.0004 0.7176 0.0000	</row2>
					<row3>	0.3143 0.0000 -2.8707 1.0000	</row3>
				</transform>
			</node>
			<node>
				<identifier>	SP_YMS012_YHWR_M_1_INDEX_9	</identifier>
				<transform>
					<row0>	0.7160 -0.0531 -0.0540 0.0000	</row0>
					<row1>	0.0530 0.7180 -0.0039 0.0000	</row1>
					<row2>	0.0542 0.0000 0.7180 0.0000	</row2>
					<row3>	0.2713 -0.0008 -3.4780 1.0000	</row3>
				</transform>
			</node>
			<node>
				<identifier>	SP_YMS023_YHUC_L_1	</identifier>
				<transform>
					<row0>	0.3864 -0.1035 0.0000 0.0000	</row0>
					<row1>	0.1034 0.3863 -0.0084 0.0000	</row1>
					<row2>	0.0021 0.0082 0.3999 0.0000	</row2>
					<row3>	-0.1892 -0.1648 -3.4148 1.0000	</row3>
				</transform>
			</node>
			<node>
				<identifier>	SP_YMS023_YHUC_L_1_INDEX_1	</identifier>
				<transform>
					<row0>	0.3864 0.1035 0.0000 0.0000	</row0>
					<row1>	-0.1034 0.3863 -0.0084 0.0000	</row1>
					<row2>	-0.0021 0.0082 0.3999 0.0000	</row2>
					<row3>	0.1892 -0.1648 -3.4148 1.0000	</row3>
				</transform>
			</node>
			<node>
				<identifier>	SP_YMS023_YHUC_L_1_INDEX_2	</identifier>
				<transform>
					<row0>	0.4000 0.0000 0.0000 0.0000	</row0>
					<row1>	0.0000 0.3999 -0.0084 0.0000	</row1>
					<row2>	0.0000 0.0084 0.3999 0.0000	</row2>
					<row3>	0.0000 -0.1710 -3.7318 1.0000	</row3>
				</transform>
			</node>
			<node>
				<identifier>	SP_YMS030_YHAM_M_1	</identifier>
				<transform>
					<row0>	0.2353 0.0000 0.0000 0.0000	</row0>
					<row1>	0.0000 0.2353 0.0000 0.0000	</row1>
					<row2>	0.0000 0.0000 0.2353 0.0000	</row2>
					<row3>	-0.1286 0.0983 -4.2409 1.0000	</row3>
				</transform>
			</node>
			<node>
				<identifier>	SP_YMS030_YHAM_M_1_INDEX_1	</identifier>
				<transform>
					<row0>	0.2353 0.0000 0.0000 0.0000	</row0>
					<row1>	0.0000 0.2353 0.0000 0.0000	</row1>
					<row2>	0.0000 0.0000 0.2353 0.0000	</row2>
					<row3>	0.1286 0.0983 -4.2409 1.0000	</row3>
				</transform>
			</node>
			<node>
				<identifier>	SP_YMS031_YHAL_M_1	</identifier>
				<transform>
					<row0>	0.7000 0.0000 0.0000 0.0000	</row0>
					<row1>	0.0000 0.7000 0.0000 0.0000	</row1>
					<row2>	0.0000 0.0000 0.7000 0.0000	</row2>
					<row3>	-0.2249 0.1013 -4.0247 1.0000	</row3>
				</transform>
			</node>
			<node>
				<identifier>	SP_YMS032_YHAR_M_1	</identifier>
				<transform>
					<row0>	0.7000 0.0000 0.0000 0.0000	</row0>
					<row1>	0.0000 0.7000 0.0000 0.0000	</row1>
					<row2>	0.0000 0.0000 0.7000 0.0000	</row2>
					<row3>	0.2249 0.1013 -4.0247 1.0000	</row3>
				</transform>
			</node>
			<node>
				<identifier>	SP_YMS053_YHDC_S_1_INDEX_7	</identifier>
				<transform>
					<row0>	0.5623 0.0083 0.0000 0.0000	</row0>
					<row1>	-0.0083 0.5623 0.0000 0.0000	</row1>
					<row2>	0.0000 0.0000 0.5623 0.0000	</row2>
					<row3>	-0.1660 0.1928 -2.8203 1.0000	</row3>
				</transform>
			</node>
			<node>
				<identifier>	SP_YMS053_YHDC_S_1_INDEX_8	</identifier>
				<transform>
					<row0>	0.5623 -0.0083 0.0000 0.0000	</row0>
					<row1>	0.0083 0.5623 0.0000 0.0000	</row1>
					<row2>	0.0000 0.0000 0.5623 0.0000	</row2>
					<row3>	0.1660 0.1928 -2.8203 1.0000	</row3>
				</transform>
			</node>
			<node>
				<identifier>	SP_YMS053_YHDC_S_1_INDEX_9	</identifier>
				<transform>
					<row0>	0.5623 0.0000 0.0000 0.0000	</row0>
					<row1>	0.0000 0.5623 -0.0049 0.0000	</row1>
					<row2>	0.0000 0.0049 0.5623 0.0000	</row2>
					<row3>	0.0000 0.1886 -3.6682 1.0000	</row3>
				</transform>
			</node>
			<node>
				<identifier>	SP_YMS080_YHSL_M_1_INDEX_2	</identifier>
				<transform>
					<row0>	0.4447 0.0273 0.0336 0.0000	</row0>
					<row1>	-0.0272 0.4459 -0.0021 0.0000	</row1>
					<row2>	-0.0337 0.0000 0.4455 0.0000	</row2>
					<row3>	-0.3054 0.1053 -2.8364 1.0000	</row3>
				</transform>
			</node>
			<node>
				<identifier>	SP_YMS080_YHSL_M_1_INDEX_4	</identifier>
				<transform>
					<row0>	0.4450 -0.0069 0.0394 0.0000	</row0>
					<row1>	0.0069 0.4467 0.0007 0.0000	</row1>
					<row2>	-0.0394 0.0000 0.4450 0.0000	</row2>
					<row3>	-0.2374 0.1112 -3.5797 1.0000	</row3>
				</transform>
			</node>
			<node>
				<identifier>	SP_YMS081_YHSR_M_1_INDEX_2	</identifier>
				<transform>
					<row0>	0.4447 -0.0273 -0.0336 0.0000	</row0>
					<row1>	0.0272 0.4459 -0.0021 0.0000	</row1>
					<row2>	0.0337 0.0000 0.4455 0.0000	</row2>
					<row3>	0.3054 0.1053 -2.8364 1.0000	</row3>
				</transform>
			</node>
			<node>
				<identifier>	SP_YMS081_YHSR_M_1_INDEX_4	</identifier>
				<transform>
					<row0>	0.4450 0.0069 -0.0394 0.0000	</row0>
					<row1>	-0.0069 0.4467 0.0007 0.0000	</row1>
					<row2>	0.0394 0.0000 0.4450 0.0000	</row2>
					<row3>	0.2374 0.1112 -3.5797 1.0000	</row3>
				</transform>
			</node>
		</node>
	</node>
	<boundingBox>
		<min>	-0.0667 -0.0667 -0.0667	</min>
		<max>	0.0667 0.0667 0.0667	</max>
	</boundingBox>
</RSD014_Pr_48_Kiev_1944_Stern_ports.visual>
