<BSD014_Vampire_1942_Stern_ports.visual>
	<node>
		<identifier>	Scene Root	</identifier>
		<transform>
			<row0>	1.0000 0.0000 0.0000 0.0000	</row0>
			<row1>	0.0000 1.0000 0.0000 0.0000	</row1>
			<row2>	0.0000 0.0000 1.0000 0.0000	</row2>
			<row3>	0.0000 0.0000 0.0000 1.0000	</row3>
		</transform>
		<node>
			<identifier>	Stern_ports	</identifier>
			<transform>
				<row0>	1.0000 0.0000 0.0000 0.0000	</row0>
				<row1>	0.0000 1.0000 0.0000 0.0000	</row1>
				<row2>	0.0000 0.0000 1.0000 0.0000	</row2>
				<row3>	0.0000 0.0000 0.0000 1.0000	</row3>
			</transform>
			<node>
				<identifier>	HP_BGM_4	</identifier>
				<transform>
					<row0>	-1.0000 0.0000 0.0000 0.0000	</row0>
					<row1>	0.0000 1.0000 0.0000 0.0000	</row1>
					<row2>	0.0000 0.0000 -1.0000 0.0000	</row2>
					<row3>	0.0000 0.1197 -2.5703 1.0000	</row3>
				</transform>
			</node>
			<node>
				<identifier>	HP_FX_Fire_4	</identifier>
				<transform>
					<row0>	1.0000 0.0000 0.0000 0.0000	</row0>
					<row1>	0.0000 1.0000 0.0000 0.0000	</row1>
					<row2>	0.0000 0.0000 1.0000 0.0000	</row2>
					<row3>	0.0000 0.1127 -2.7875 1.0000	</row3>
				</transform>
			</node>
			<node>
				<identifier>	HP_FX_WakeTraceBack	</identifier>
				<transform>
					<row0>	1.0000 0.0000 0.0000 0.0000	</row0>
					<row1>	0.0000 1.0000 0.0000 0.0000	</row1>
					<row2>	0.0000 0.0000 1.0000 0.0000	</row2>
					<row3>	0.0000 0.0000 -3.1551 1.0000	</row3>
				</transform>
			</node>
			<node>
				<identifier>	HP_FX_WakeTrace_screw_1	</identifier>
				<transform>
					<row0>	1.0000 0.0000 0.0000 0.0000	</row0>
					<row1>	0.0000 1.0000 0.0000 0.0000	</row1>
					<row2>	0.0000 0.0000 1.0000 0.0000	</row2>
					<row3>	-0.1139 -0.2526 -2.8268 1.0000	</row3>
				</transform>
			</node>
			<node>
				<identifier>	HP_FX_WakeTrace_screw_2	</identifier>
				<transform>
					<row0>	1.0000 0.0000 0.0000 0.0000	</row0>
					<row1>	0.0000 1.0000 0.0000 0.0000	</row1>
					<row2>	0.0000 0.0000 1.0000 0.0000	</row2>
					<row3>	0.1139 -0.2527 -2.8267 1.0000	</row3>
				</transform>
			</node>
			<node>
				<identifier>	HP_Ship_death_3	</identifier>
				<transform>
					<row0>	1.0000 0.0000 0.0000 0.0000	</row0>
					<row1>	0.0000 1.0000 0.0000 0.0000	</row1>
					<row2>	0.0000 0.0000 1.0000 0.0000	</row2>
					<row3>	0.0000 0.0000 -2.3449 1.0000	</row3>
				</transform>
			</node>
			<node>
				<identifier>	MP_BM009_Depth_Charge	</identifier>
				<transform>
					<row0>	0.0000 -0.8660 0.5000 0.0000	</row0>
					<row1>	1.0000 0.0000 0.0000 0.0000	</row1>
					<row2>	0.0000 0.5000 0.8660 0.0000	</row2>
					<row3>	0.0489 0.1446 -3.0662 1.0000	</row3>
				</transform>
			</node>
			<node>
				<identifier>	MP_BM009_Depth_Charge_INDEX_1	</identifier>
				<transform>
					<row0>	0.0000 0.0000 -1.0000 0.0000	</row0>
					<row1>	-1.0000 0.0000 0.0000 0.0000	</row1>
					<row2>	0.0000 1.0000 0.0000 0.0000	</row2>
					<row3>	-0.0487 0.1300 -3.1094 1.0000	</row3>
				</transform>
			</node>
			<node>
				<identifier>	MP_BM009_Depth_Charge_INDEX_2	</identifier>
				<transform>
					<row0>	0.0000 0.8660 0.5000 0.0000	</row0>
					<row1>	1.0000 0.0000 0.0000 0.0000	</row1>
					<row2>	0.0000 0.5000 -0.8660 0.0000	</row2>
					<row3>	0.0488 0.1426 -3.0695 1.0000	</row3>
				</transform>
			</node>
			<node>
				<identifier>	MP_BM009_Depth_Charge_INDEX_3	</identifier>
				<transform>
					<row0>	0.0000 1.0000 0.0000 0.0000	</row0>
					<row1>	-1.0000 0.0000 0.0000 0.0000	</row1>
					<row2>	0.0000 0.0000 1.0000 0.0000	</row2>
					<row3>	-0.0489 0.1518 -3.0393 1.0000	</row3>
				</transform>
			</node>
			<node>
				<identifier>	MP_BM009_Depth_Charge_INDEX_4	</identifier>
				<transform>
					<row0>	0.0000 -0.8660 -0.5000 0.0000	</row0>
					<row1>	-1.0000 0.0000 0.0000 0.0000	</row1>
					<row2>	0.0000 0.5000 -0.8660 0.0000	</row2>
					<row3>	-0.0489 0.1446 -2.9836 1.0000	</row3>
				</transform>
			</node>
			<node>
				<identifier>	MP_BM009_Depth_Charge_INDEX_5	</identifier>
				<transform>
					<row0>	0.0000 1.0000 0.0000 0.0000	</row0>
					<row1>	1.0000 0.0000 0.0000 0.0000	</row1>
					<row2>	0.0000 0.0000 -1.0000 0.0000	</row2>
					<row3>	0.0487 0.1444 -3.0950 1.0000	</row3>
				</transform>
			</node>
			<node>
				<identifier>	MP_BM009_Depth_Charge_INDEX_6	</identifier>
				<transform>
					<row0>	0.0000 -0.8660 -0.5000 0.0000	</row0>
					<row1>	-1.0000 0.0000 0.0000 0.0000	</row1>
					<row2>	0.0000 0.5000 -0.8660 0.0000	</row2>
					<row3>	-0.0488 0.1426 -3.0695 1.0000	</row3>
				</transform>
			</node>
			<node>
				<identifier>	MP_BM009_Depth_Charge_INDEX_7	</identifier>
				<transform>
					<row0>	0.0000 -1.0000 0.0000 0.0000	</row0>
					<row1>	1.0000 0.0000 0.0000 0.0000	</row1>
					<row2>	0.0000 0.0000 1.0000 0.0000	</row2>
					<row3>	0.0489 0.1518 -3.0393 1.0000	</row3>
				</transform>
			</node>
			<node>
				<identifier>	MP_BM009_Depth_Charge_INDEX_8	</identifier>
				<transform>
					<row0>	0.0000 0.8660 0.5000 0.0000	</row0>
					<row1>	1.0000 0.0000 0.0000 0.0000	</row1>
					<row2>	0.0000 0.5000 -0.8660 0.0000	</row2>
					<row3>	0.0489 0.1446 -2.9836 1.0000	</row3>
				</transform>
			</node>
			<node>
				<identifier>	MP_BM009_Depth_Charge_INDEX_9	</identifier>
				<transform>
					<row0>	0.0000 0.8660 -0.5000 0.0000	</row0>
					<row1>	-1.0000 0.0000 0.0000 0.0000	</row1>
					<row2>	0.0000 0.5000 0.8660 0.0000	</row2>
					<row3>	-0.0489 0.1446 -3.0662 1.0000	</row3>
				</transform>
			</node>
			<node>
				<identifier>	MP_BM011_Depth_Charge_Shelving_5	</identifier>
				<transform>
					<row0>	-1.0000 0.0000 0.0000 0.0000	</row0>
					<row1>	0.0000 1.0000 0.0000 0.0000	</row1>
					<row2>	0.0000 0.0000 -1.0000 0.0000	</row2>
					<row3>	0.0717 0.1161 -3.0538 1.0000	</row3>
				</transform>
			</node>
			<node>
				<identifier>	MP_BM050_Depth_Charge_Shelving_5_L	</identifier>
				<transform>
					<row0>	-1.0000 0.0000 0.0000 0.0000	</row0>
					<row1>	0.0000 1.0000 0.0000 0.0000	</row1>
					<row2>	0.0000 0.0000 -1.0000 0.0000	</row2>
					<row3>	-0.0717 0.1161 -3.0538 1.0000	</row3>
				</transform>
			</node>
			<node>
				<identifier>	MP_BM054_Artillery_shell_102mm	</identifier>
				<transform>
					<row0>	-0.9955 0.0000 -0.0947 0.0000	</row0>
					<row1>	0.0000 1.0000 0.0000 0.0000	</row1>
					<row2>	0.0947 0.0000 -0.9955 0.0000	</row2>
					<row3>	-0.2030 0.1109 -2.6803 1.0000	</row3>
				</transform>
			</node>
			<node>
				<identifier>	MP_BM054_Artillery_shell_102mm_INDEX_1	</identifier>
				<transform>
					<row0>	-0.9955 0.0000 -0.0947 0.0000	</row0>
					<row1>	0.0000 1.0000 0.0000 0.0000	</row1>
					<row2>	0.0947 0.0000 -0.9955 0.0000	</row2>
					<row3>	-0.2185 0.1090 -2.5118 1.0000	</row3>
				</transform>
			</node>
			<node>
				<identifier>	MP_BM054_Artillery_shell_102mm_INDEX_10	</identifier>
				<transform>
					<row0>	0.9955 0.0000 -0.0947 0.0000	</row0>
					<row1>	0.0000 1.0000 0.0000 0.0000	</row1>
					<row2>	0.0947 0.0000 0.9955 0.0000	</row2>
					<row3>	0.2145 0.1094 -2.5593 1.0000	</row3>
				</transform>
			</node>
			<node>
				<identifier>	MP_BM054_Artillery_shell_102mm_INDEX_11	</identifier>
				<transform>
					<row0>	0.9913 0.0000 -0.1318 0.0000	</row0>
					<row1>	0.0000 1.0000 0.0000 0.0000	</row1>
					<row2>	0.1318 0.0000 0.9913 0.0000	</row2>
					<row3>	0.1969 0.1114 -2.7390 1.0000	</row3>
				</transform>
			</node>
			<node>
				<identifier>	MP_BM054_Artillery_shell_102mm_INDEX_12	</identifier>
				<transform>
					<row0>	0.9955 0.0000 -0.0947 0.0000	</row0>
					<row1>	0.0000 1.0000 0.0000 0.0000	</row1>
					<row2>	0.0947 0.0000 0.9955 0.0000	</row2>
					<row3>	0.2234 0.1088 -2.4602 1.0000	</row3>
				</transform>
			</node>
			<node>
				<identifier>	MP_BM054_Artillery_shell_102mm_INDEX_13	</identifier>
				<transform>
					<row0>	-0.9955 0.0000 -0.0947 0.0000	</row0>
					<row1>	0.0000 1.0000 0.0000 0.0000	</row1>
					<row2>	0.0947 0.0000 -0.9955 0.0000	</row2>
					<row3>	-0.2086 0.1101 -2.6274 1.0000	</row3>
				</transform>
			</node>
			<node>
				<identifier>	MP_BM054_Artillery_shell_102mm_INDEX_2	</identifier>
				<transform>
					<row0>	-0.9955 0.0000 -0.0947 0.0000	</row0>
					<row1>	0.0000 1.0000 0.0000 0.0000	</row1>
					<row2>	0.0947 0.0000 -0.9955 0.0000	</row2>
					<row3>	-0.2134 0.1094 -2.5730 1.0000	</row3>
				</transform>
			</node>
			<node>
				<identifier>	MP_BM054_Artillery_shell_102mm_INDEX_3	</identifier>
				<transform>
					<row0>	-0.9981 0.0000 -0.0611 0.0000	</row0>
					<row1>	0.0000 1.0000 0.0000 0.0000	</row1>
					<row2>	0.0611 0.0000 -0.9981 0.0000	</row2>
					<row3>	-0.2264 0.1087 -2.4151 1.0000	</row3>
				</transform>
			</node>
			<node>
				<identifier>	MP_BM054_Artillery_shell_102mm_INDEX_4	</identifier>
				<transform>
					<row0>	0.9955 0.0000 -0.0947 0.0000	</row0>
					<row1>	0.0000 1.0000 0.0000 0.0000	</row1>
					<row2>	0.0947 0.0000 0.9955 0.0000	</row2>
					<row3>	0.2193 0.1090 -2.5070 1.0000	</row3>
				</transform>
			</node>
			<node>
				<identifier>	MP_BM054_Artillery_shell_102mm_INDEX_5	</identifier>
				<transform>
					<row0>	0.9981 0.0000 -0.0611 0.0000	</row0>
					<row1>	0.0000 1.0000 0.0000 0.0000	</row1>
					<row2>	0.0611 0.0000 0.9981 0.0000	</row2>
					<row3>	0.2272 0.1086 -2.3931 1.0000	</row3>
				</transform>
			</node>
			<node>
				<identifier>	MP_BM054_Artillery_shell_102mm_INDEX_6	</identifier>
				<transform>
					<row0>	0.9955 0.0000 -0.0947 0.0000	</row0>
					<row1>	0.0000 1.0000 0.0000 0.0000	</row1>
					<row2>	0.0947 0.0000 0.9955 0.0000	</row2>
					<row3>	0.2015 0.1109 -2.6931 1.0000	</row3>
				</transform>
			</node>
			<node>
				<identifier>	MP_BM054_Artillery_shell_102mm_INDEX_7	</identifier>
				<transform>
					<row0>	-0.9955 0.0000 -0.0947 0.0000	</row0>
					<row1>	0.0000 1.0000 0.0000 0.0000	</row1>
					<row2>	0.0947 0.0000 -0.9955 0.0000	</row2>
					<row3>	-0.2226 0.1088 -2.4699 1.0000	</row3>
				</transform>
			</node>
			<node>
				<identifier>	MP_BM054_Artillery_shell_102mm_INDEX_8	</identifier>
				<transform>
					<row0>	0.9955 0.0000 -0.0947 0.0000	</row0>
					<row1>	0.0000 1.0000 0.0000 0.0000	</row1>
					<row2>	0.0947 0.0000 0.9955 0.0000	</row2>
					<row3>	0.2078 0.1101 -2.6301 1.0000	</row3>
				</transform>
			</node>
			<node>
				<identifier>	MP_BM054_Artillery_shell_102mm_INDEX_9	</identifier>
				<transform>
					<row0>	-0.9913 0.0000 -0.1318 0.0000	</row0>
					<row1>	0.0000 1.0000 0.0000 0.0000	</row1>
					<row2>	0.1318 0.0000 -0.9913 0.0000	</row2>
					<row3>	-0.1971 0.1114 -2.7358 1.0000	</row3>
				</transform>
			</node>
			<node>
				<identifier>	MP_BM765_24in_round_hatch	</identifier>
				<transform>
					<row0>	-1.0000 0.0000 0.0000 0.0000	</row0>
					<row1>	0.0000 1.0000 0.0000 0.0000	</row1>
					<row2>	0.0000 0.0000 -1.0000 0.0000	</row2>
					<row3>	-0.0862 0.1207 -2.7787 1.0000	</row3>
				</transform>
			</node>
			<node>
				<identifier>	MP_BM765_24in_round_hatch_INDEX_1	</identifier>
				<transform>
					<row0>	-1.0000 0.0000 0.0000 0.0000	</row0>
					<row1>	0.0000 1.0000 0.0000 0.0000	</row1>
					<row2>	0.0000 0.0000 -1.0000 0.0000	</row2>
					<row3>	0.0000 0.1131 -2.7164 1.0000	</row3>
				</transform>
			</node>
			<node>
				<identifier>	MP_BM877_Running_Lights_B	</identifier>
				<transform>
					<row0>	1.0000 0.0000 0.0000 0.0000	</row0>
					<row1>	0.0000 1.0000 0.0000 0.0000	</row1>
					<row2>	0.0000 0.0000 1.0000 0.0000	</row2>
					<row3>	0.0000 0.1276 -3.1558 1.0000	</row3>
				</transform>
			</node>
			<node>
				<identifier>	MP_BM877_Running_Lights_B_INDEX_1	</identifier>
				<transform>
					<row0>	1.0000 0.0000 0.0000 0.0000	</row0>
					<row1>	0.0000 1.0000 0.0000 0.0000	</row1>
					<row2>	0.0000 0.0000 1.0000 0.0000	</row2>
					<row3>	0.0000 0.1913 -3.1562 1.0000	</row3>
				</transform>
			</node>
			<node>
				<identifier>	MP_BM966_Fairlead	</identifier>
				<transform>
					<row0>	0.5523 0.0205 0.1271 0.0000	</row0>
					<row1>	-0.0199 0.5668 -0.0051 0.0000	</row1>
					<row2>	-0.1272 0.0006 0.5527 0.0000	</row2>
					<row3>	-0.1647 0.1145 -2.9308 1.0000	</row3>
				</transform>
			</node>
			<node>
				<identifier>	MP_BM966_Fairlead_INDEX_1	</identifier>
				<transform>
					<row0>	0.5523 -0.0205 -0.1271 0.0000	</row0>
					<row1>	0.0199 0.5668 -0.0051 0.0000	</row1>
					<row2>	0.1272 0.0006 0.5527 0.0000	</row2>
					<row3>	0.1647 0.1145 -2.9308 1.0000	</row3>
				</transform>
			</node>
			<node>
				<identifier>	MP_BM967_Bollard	</identifier>
				<transform>
					<row0>	0.4459 0.0143 0.0540 0.0000	</row0>
					<row1>	-0.0153 0.4491 0.0076 0.0000	</row1>
					<row2>	-0.0537 -0.0094 0.4461 0.0000	</row2>
					<row3>	-0.1833 0.1129 -2.8165 1.0000	</row3>
				</transform>
			</node>
			<node>
				<identifier>	MP_BM967_Bollard_INDEX_1	</identifier>
				<transform>
					<row0>	0.4459 -0.0143 -0.0540 0.0000	</row0>
					<row1>	0.0153 0.4491 0.0076 0.0000	</row1>
					<row2>	0.0537 -0.0094 0.4461 0.0000	</row2>
					<row3>	0.1819 0.1129 -2.8165 1.0000	</row3>
				</transform>
			</node>
			<node>
				<identifier>	MP_CM057_Accommodation_Ladder_Closed	</identifier>
				<transform>
					<row0>	0.0012 0.8039 0.0189 0.0000	</row0>
					<row1>	-0.8023 0.0000 0.0542 0.0000	</row1>
					<row2>	0.0542 -0.0189 0.8021 0.0000	</row2>
					<row3>	0.2481 0.1372 -2.3393 1.0000	</row3>
				</transform>
			</node>
			<node>
				<identifier>	MP_CM094_Propeller3_L	</identifier>
				<transform>
					<row0>	0.4859 0.0003 0.0089 0.0000	</row0>
					<row1>	0.0003 0.4848 -0.0341 0.0000	</row1>
					<row2>	-0.0089 0.0341 0.4847 0.0000	</row2>
					<row3>	-0.1139 -0.2526 -2.8268 1.0000	</row3>
				</transform>
			</node>
			<node>
				<identifier>	MP_CM095_Propeller3_R	</identifier>
				<transform>
					<row0>	0.4857 -0.0003 -0.0089 0.0000	</row0>
					<row1>	-0.0003 0.4846 -0.0341 0.0000	</row1>
					<row2>	0.0089 0.0341 0.4845 0.0000	</row2>
					<row3>	0.1139 -0.2527 -2.8267 1.0000	</row3>
				</transform>
			</node>
		</node>
	</node>
	<boundingBox>
		<min>	-0.0667 -0.0667 -0.0667	</min>
		<max>	0.0667 0.0667 0.0667	</max>
	</boundingBox>
</BSD014_Vampire_1942_Stern_ports.visual>
