<JSA032_Ryujo_1944_MidFront_ports.visual>
	<node>
		<identifier>	Scene Root	</identifier>
		<transform>
			<row0>	1.0000 0.0000 0.0000 0.0000	</row0>
			<row1>	0.0000 1.0000 0.0000 0.0000	</row1>
			<row2>	0.0000 0.0000 1.0000 0.0000	</row2>
			<row3>	0.0000 0.0000 0.0000 1.0000	</row3>
		</transform>
		<node>
			<identifier>	MidFront_ports	</identifier>
			<transform>
				<row0>	1.0000 0.0000 0.0000 0.0000	</row0>
				<row1>	0.0000 1.0000 0.0000 0.0000	</row1>
				<row2>	0.0000 0.0000 1.0000 0.0000	</row2>
				<row3>	0.0000 0.0000 0.0000 1.0000	</row3>
			</transform>
			<node>
				<identifier>	HP_DeckStart	</identifier>
				<transform>
					<row0>	1.0000 0.0000 0.0000 0.0000	</row0>
					<row1>	0.0000 1.0000 0.0000 0.0000	</row1>
					<row2>	0.0000 0.0000 1.0000 0.0000	</row2>
					<row3>	0.0042 1.0484 1.6541 1.0000	</row3>
				</transform>
			</node>
			<node>
				<identifier>	HP_FX_Death_1	</identifier>
				<transform>
					<row0>	1.0000 0.0000 0.0000 0.0000	</row0>
					<row1>	0.0000 1.0000 0.0000 0.0000	</row1>
					<row2>	0.0000 0.0000 1.0000 0.0000	</row2>
					<row3>	0.0000 0.0000 2.7156 1.0000	</row3>
				</transform>
			</node>
			<node>
				<identifier>	HP_FX_Fire_2	</identifier>
				<transform>
					<row0>	0.8330 -0.1409 0.5351 0.0000	</row0>
					<row1>	0.1668 0.9860 0.0000 0.0000	</row1>
					<row2>	-0.5276 0.0893 0.8448 0.0000	</row2>
					<row3>	0.0453 1.0475 3.8580 1.0000	</row3>
				</transform>
			</node>
			<node>
				<identifier>	HP_FX_Fire_2_side_1	</identifier>
				<transform>
					<row0>	1.0000 0.0000 0.0000 0.0000	</row0>
					<row1>	0.0000 1.0000 0.0000 0.0000	</row1>
					<row2>	0.0000 0.0000 1.0000 0.0000	</row2>
					<row3>	-0.8629 0.9025 3.6735 1.0000	</row3>
				</transform>
			</node>
			<node>
				<identifier>	HP_FX_Fire_2_side_2	</identifier>
				<transform>
					<row0>	1.0000 0.0000 0.0000 0.0000	</row0>
					<row1>	0.0000 1.0000 0.0000 0.0000	</row1>
					<row2>	0.0000 0.0000 1.0000 0.0000	</row2>
					<row3>	1.0154 0.9448 1.8050 1.0000	</row3>
				</transform>
			</node>
			<node>
				<identifier>	HP_FX_Fire_2_side_3	</identifier>
				<transform>
					<row0>	1.0000 0.0000 0.0000 0.0000	</row0>
					<row1>	0.0000 1.0000 0.0000 0.0000	</row1>
					<row2>	0.0000 0.0000 1.0000 0.0000	</row2>
					<row3>	-0.8304 1.0274 0.1316 1.0000	</row3>
				</transform>
			</node>
			<node>
				<identifier>	HP_FX_FloodLight_left_1	</identifier>
				<transform>
					<row0>	-1.0000 0.0000 0.0000 0.0000	</row0>
					<row1>	0.0000 1.0000 0.0000 0.0000	</row1>
					<row2>	0.0000 0.0000 -1.0000 0.0000	</row2>
					<row3>	-0.5100 0.5200 4.2240 1.0000	</row3>
				</transform>
			</node>
			<node>
				<identifier>	HP_FX_FloodLight_right_1	</identifier>
				<transform>
					<row0>	1.0000 0.0000 0.0000 0.0000	</row0>
					<row1>	0.0000 1.0000 0.0000 0.0000	</row1>
					<row2>	0.0000 0.0000 1.0000 0.0000	</row2>
					<row3>	0.5180 0.5150 4.2040 1.0000	</row3>
				</transform>
			</node>
			<node>
				<identifier>	HP_FX_Flood_steam_exhaust_2	</identifier>
				<transform>
					<row0>	0.5230 -0.5288 -0.6685 0.0000	</row0>
					<row1>	0.1641 0.8321 -0.5298 0.0000	</row1>
					<row2>	0.8364 0.1674 0.5219 0.0000	</row2>
					<row3>	1.2092 0.6131 -0.5577 1.0000	</row3>
				</transform>
			</node>
			<node>
				<identifier>	HP_FX_Flood_steam_left	</identifier>
				<transform>
					<row0>	-1.0000 0.0000 0.0000 0.0000	</row0>
					<row1>	0.0000 1.0000 0.0000 0.0000	</row1>
					<row2>	0.0000 0.0000 -1.0000 0.0000	</row2>
					<row3>	-0.4891 0.4813 4.3923 1.0000	</row3>
				</transform>
			</node>
			<node>
				<identifier>	HP_FX_Flood_water_left_2	</identifier>
				<transform>
					<row0>	-0.8440 -0.5364 0.0000 0.0000	</row0>
					<row1>	-0.5364 0.8440 0.0000 0.0000	</row1>
					<row2>	0.0000 0.0000 -1.0000 0.0000	</row2>
					<row3>	-0.6488 0.1563 1.1743 1.0000	</row3>
				</transform>
			</node>
			<node>
				<identifier>	HP_FX_Flood_water_left_3	</identifier>
				<transform>
					<row0>	-0.8300 -0.5578 0.0000 0.0000	</row0>
					<row1>	-0.5578 0.8300 0.0000 0.0000	</row1>
					<row2>	0.0000 0.0000 -1.0000 0.0000	</row2>
					<row3>	-0.4242 0.1408 3.3286 1.0000	</row3>
				</transform>
			</node>
			<node>
				<identifier>	HP_FX_Flood_water_right_2	</identifier>
				<transform>
					<row0>	0.8230 -0.5681 0.0000 0.0000	</row0>
					<row1>	0.5681 0.8230 0.0000 0.0000	</row1>
					<row2>	0.0000 0.0000 1.0000 0.0000	</row2>
					<row3>	0.6486 0.1564 1.1718 1.0000	</row3>
				</transform>
			</node>
			<node>
				<identifier>	HP_FX_Flood_water_right_3	</identifier>
				<transform>
					<row0>	0.8129 -0.5824 0.0000 0.0000	</row0>
					<row1>	0.5824 0.8129 0.0000 0.0000	</row1>
					<row2>	0.0000 0.0000 1.0000 0.0000	</row2>
					<row3>	0.4233 0.1408 3.3287 1.0000	</row3>
				</transform>
			</node>
			<node>
				<identifier>	HP_FX_Horn_1	</identifier>
				<transform>
					<row0>	0.0000 -1.0000 0.0000 0.0000	</row0>
					<row1>	0.8354 0.0000 -0.5497 0.0000	</row1>
					<row2>	0.5497 0.0000 0.8354 0.0000	</row2>
					<row3>	1.0670 0.6610 -0.7470 1.0000	</row3>
				</transform>
			</node>
			<node>
				<identifier>	HP_FX_Smoke_1	</identifier>
				<transform>
					<row0>	0.0128 -0.9990 0.0438 0.0000	</row0>
					<row1>	0.8655 -0.0109 -0.5008 0.0000	</row1>
					<row2>	0.5007 0.0443 0.8645 0.0000	</row2>
					<row3>	1.0599 0.6610 -0.6973 1.0000	</row3>
				</transform>
			</node>
			<node>
				<identifier>	HP_Flagpole	</identifier>
				<transform>
					<row0>	0.3000 0.0000 0.0000 0.0000	</row0>
					<row1>	0.0000 0.3000 0.0000 0.0000	</row1>
					<row2>	0.0000 0.0000 0.3000 0.0000	</row2>
					<row3>	-0.8355 0.8752 2.6491 1.0000	</row3>
				</transform>
			</node>
			<node>
				<identifier>	HP_JD_1	</identifier>
				<transform>
					<row0>	1.0000 0.0000 0.0000 0.0000	</row0>
					<row1>	0.0000 1.0000 0.0000 0.0000	</row1>
					<row2>	0.0000 0.0000 1.0000 0.0000	</row2>
					<row3>	0.0000 0.7995 4.8342 1.0000	</row3>
				</transform>
			</node>
			<node>
				<identifier>	HP_JD_2	</identifier>
				<transform>
					<row0>	0.0000 0.0000 1.0000 0.0000	</row0>
					<row1>	0.0000 1.0000 0.0000 0.0000	</row1>
					<row2>	-1.0000 0.0000 0.0000 0.0000	</row2>
					<row3>	-0.8737 0.8349 3.3529 1.0000	</row3>
				</transform>
			</node>
			<node>
				<identifier>	HP_JD_3	</identifier>
				<transform>
					<row0>	0.0000 0.0000 -1.0000 0.0000	</row0>
					<row1>	0.0000 1.0000 0.0000 0.0000	</row1>
					<row2>	1.0000 0.0000 0.0000 0.0000	</row2>
					<row3>	0.8737 0.8349 3.3529 1.0000	</row3>
				</transform>
			</node>
			<node>
				<identifier>	HP_JD_4	</identifier>
				<transform>
					<row0>	0.0000 0.0000 1.0000 0.0000	</row0>
					<row1>	0.0000 1.0000 0.0000 0.0000	</row1>
					<row2>	-1.0000 0.0000 0.0000 0.0000	</row2>
					<row3>	-0.8371 0.9259 2.7889 1.0000	</row3>
				</transform>
			</node>
			<node>
				<identifier>	HP_JD_5	</identifier>
				<transform>
					<row0>	0.0000 0.0000 -1.0000 0.0000	</row0>
					<row1>	0.0000 1.0000 0.0000 0.0000	</row1>
					<row2>	1.0000 0.0000 0.0000 0.0000	</row2>
					<row3>	0.8371 0.9259 2.7889 1.0000	</row3>
				</transform>
			</node>
			<node>
				<identifier>	HP_JF_1	</identifier>
				<transform>
					<row0>	0.5000 0.0000 0.8660 0.0000	</row0>
					<row1>	0.0000 1.0000 0.0000 0.0000	</row1>
					<row2>	-0.8660 0.0000 0.5000 0.0000	</row2>
					<row3>	-0.4989 0.8365 4.4571 1.0000	</row3>
				</transform>
			</node>
			<node>
				<identifier>	HP_JF_2	</identifier>
				<transform>
					<row0>	0.5000 0.0000 -0.8660 0.0000	</row0>
					<row1>	0.0000 1.0000 0.0000 0.0000	</row1>
					<row2>	0.8660 0.0000 0.5000 0.0000	</row2>
					<row3>	0.4989 0.8365 4.4571 1.0000	</row3>
				</transform>
			</node>
			<node>
				<identifier>	HP_JF_3	</identifier>
				<transform>
					<row0>	0.0000 0.0000 1.0000 0.0000	</row0>
					<row1>	0.0000 1.0000 0.0000 0.0000	</row1>
					<row2>	-1.0000 0.0000 0.0000 0.0000	</row2>
					<row3>	-0.8378 0.9519 3.1551 1.0000	</row3>
				</transform>
			</node>
			<node>
				<identifier>	HP_JF_4	</identifier>
				<transform>
					<row0>	0.0000 0.0000 -1.0000 0.0000	</row0>
					<row1>	0.0000 1.0000 0.0000 0.0000	</row1>
					<row2>	1.0000 0.0000 0.0000 0.0000	</row2>
					<row3>	0.8378 0.9519 3.1551 1.0000	</row3>
				</transform>
			</node>
			<node>
				<identifier>	HP_JGA_10	</identifier>
				<transform>
					<row0>	0.0000 0.0000 -1.0000 0.0000	</row0>
					<row1>	0.0000 1.0000 0.0000 0.0000	</row1>
					<row2>	1.0000 0.0000 0.0000 0.0000	</row2>
					<row3>	0.6730 0.9576 3.4668 1.0000	</row3>
				</transform>
			</node>
			<node>
				<identifier>	HP_JGA_3	</identifier>
				<transform>
					<row0>	1.0000 0.0000 0.0000 0.0000	</row0>
					<row1>	0.0000 1.0000 0.0000 0.0000	</row1>
					<row2>	0.0000 0.0000 1.0000 0.0000	</row2>
					<row3>	-0.2253 0.7303 4.7359 1.0000	</row3>
				</transform>
			</node>
			<node>
				<identifier>	HP_JGA_4	</identifier>
				<transform>
					<row0>	1.0000 0.0000 0.0000 0.0000	</row0>
					<row1>	0.0000 1.0000 0.0000 0.0000	</row1>
					<row2>	0.0000 0.0000 1.0000 0.0000	</row2>
					<row3>	0.2253 0.7303 4.7359 1.0000	</row3>
				</transform>
			</node>
			<node>
				<identifier>	HP_JGA_5	</identifier>
				<transform>
					<row0>	0.0000 0.0000 1.0000 0.0000	</row0>
					<row1>	0.0000 1.0000 0.0000 0.0000	</row1>
					<row2>	-1.0000 0.0000 0.0000 0.0000	</row2>
					<row3>	-0.7259 0.7591 4.0476 1.0000	</row3>
				</transform>
			</node>
			<node>
				<identifier>	HP_JGA_6	</identifier>
				<transform>
					<row0>	0.0000 0.0000 -1.0000 0.0000	</row0>
					<row1>	0.0000 1.0000 0.0000 0.0000	</row1>
					<row2>	1.0000 0.0000 0.0000 0.0000	</row2>
					<row3>	0.7259 0.7591 4.0476 1.0000	</row3>
				</transform>
			</node>
			<node>
				<identifier>	HP_JGA_7	</identifier>
				<transform>
					<row0>	0.0000 0.0000 1.0000 0.0000	</row0>
					<row1>	0.0000 1.0000 0.0000 0.0000	</row1>
					<row2>	-1.0000 0.0000 0.0000 0.0000	</row2>
					<row3>	-0.6730 0.9576 3.6520 1.0000	</row3>
				</transform>
			</node>
			<node>
				<identifier>	HP_JGA_8	</identifier>
				<transform>
					<row0>	0.0000 0.0000 -1.0000 0.0000	</row0>
					<row1>	0.0000 1.0000 0.0000 0.0000	</row1>
					<row2>	1.0000 0.0000 0.0000 0.0000	</row2>
					<row3>	0.6730 0.9576 3.6520 1.0000	</row3>
				</transform>
			</node>
			<node>
				<identifier>	HP_JGA_9	</identifier>
				<transform>
					<row0>	0.0000 0.0000 1.0000 0.0000	</row0>
					<row1>	0.0000 1.0000 0.0000 0.0000	</row1>
					<row2>	-1.0000 0.0000 0.0000 0.0000	</row2>
					<row3>	-0.6730 0.9576 3.4668 1.0000	</row3>
				</transform>
			</node>
			<node>
				<identifier>	HP_JGS_1	</identifier>
				<transform>
					<row0>	0.0000 0.0000 1.0000 0.0000	</row0>
					<row1>	0.0000 1.0000 0.0000 0.0000	</row1>
					<row2>	-1.0000 0.0000 0.0000 0.0000	</row2>
					<row3>	-1.0204 0.8348 1.8962 1.0000	</row3>
				</transform>
			</node>
			<node>
				<identifier>	HP_JGS_2	</identifier>
				<transform>
					<row0>	0.0000 0.0000 -1.0000 0.0000	</row0>
					<row1>	0.0000 1.0000 0.0000 0.0000	</row1>
					<row2>	1.0000 0.0000 0.0000 0.0000	</row2>
					<row3>	1.0204 0.8348 1.8962 1.0000	</row3>
				</transform>
			</node>
			<node>
				<identifier>	HP_JGS_3	</identifier>
				<transform>
					<row0>	0.0000 0.0000 -1.0000 0.0000	</row0>
					<row1>	0.0000 1.0000 0.0000 0.0000	</row1>
					<row2>	1.0000 0.0000 0.0000 0.0000	</row2>
					<row3>	1.0204 0.8347 1.0058 1.0000	</row3>
				</transform>
			</node>
			<node>
				<identifier>	HP_JGS_4	</identifier>
				<transform>
					<row0>	0.0000 0.0000 1.0000 0.0000	</row0>
					<row1>	0.0000 1.0000 0.0000 0.0000	</row1>
					<row2>	-1.0000 0.0000 0.0000 0.0000	</row2>
					<row3>	-1.0204 0.8348 0.4863 1.0000	</row3>
				</transform>
			</node>
			<node>
				<identifier>	HP_JGS_5	</identifier>
				<transform>
					<row0>	0.0000 0.0000 -1.0000 0.0000	</row0>
					<row1>	0.0000 1.0000 0.0000 0.0000	</row1>
					<row2>	1.0000 0.0000 0.0000 0.0000	</row2>
					<row3>	1.0204 0.8348 0.0269 1.0000	</row3>
				</transform>
			</node>
			<node>
				<identifier>	HP_flag_courtesy	</identifier>
				<transform>
					<row0>	1.0000 -0.0018 0.0000 0.0000	</row0>
					<row1>	0.0018 1.0000 -0.0008 0.0000	</row1>
					<row2>	0.0000 0.0008 1.0000 0.0000	</row2>
					<row3>	1.0970 0.8081 2.7490 1.0000	</row3>
				</transform>
			</node>
			<node>
				<identifier>	HP_flag_house	</identifier>
				<transform>
					<row0>	1.0000 0.0018 0.0000 0.0000	</row0>
					<row1>	-0.0018 1.0000 -0.0008 0.0000	</row1>
					<row2>	0.0000 0.0008 1.0000 0.0000	</row2>
					<row3>	-1.0970 0.8081 2.7490 1.0000	</row3>
				</transform>
			</node>
			<node>
				<identifier>	MP_CM009_Life_Buoy_2	</identifier>
				<transform>
					<row0>	-0.1212 -0.0021 -0.9926 0.0000	</row0>
					<row1>	-0.1650 0.9861 0.0180 0.0000	</row1>
					<row2>	0.9788 0.1660 -0.1199 0.0000	</row2>
					<row3>	-0.5429 0.4307 3.8274 1.0000	</row3>
				</transform>
			</node>
			<node>
				<identifier>	MP_CM009_Life_Buoy_2_INDEX_1	</identifier>
				<transform>
					<row0>	-0.1155 0.0225 0.9931 0.0000	</row0>
					<row1>	0.1676 0.9858 -0.0028 0.0000	</row1>
					<row2>	-0.9791 0.1661 -0.1176 0.0000	</row2>
					<row3>	0.5307 0.4307 3.9271 1.0000	</row3>
				</transform>
			</node>
			<node>
				<identifier>	MP_CM009_Life_Buoy_2_INDEX_2	</identifier>
				<transform>
					<row0>	-0.0037 0.0163 -0.9999 0.0000	</row0>
					<row1>	-0.1853 0.9825 0.0167 0.0000	</row1>
					<row2>	0.9827 0.1853 -0.0006 0.0000	</row2>
					<row3>	-0.6791 0.4307 1.6664 1.0000	</row3>
				</transform>
			</node>
			<node>
				<identifier>	MP_CM009_Life_Buoy_2_INDEX_3	</identifier>
				<transform>
					<row0>	0.0000 0.0000 1.0000 0.0000	</row0>
					<row1>	0.0000 1.0000 0.0000 0.0000	</row1>
					<row2>	-1.0000 0.0000 0.0000 0.0000	</row2>
					<row3>	0.7335 0.8939 -0.8708 1.0000	</row3>
				</transform>
			</node>
			<node>
				<identifier>	MP_CM009_Life_Buoy_2_INDEX_4	</identifier>
				<transform>
					<row0>	0.0000 0.0000 1.0000 0.0000	</row0>
					<row1>	0.1956 0.9807 0.0000 0.0000	</row1>
					<row2>	-0.9807 0.1956 0.0000 0.0000	</row2>
					<row3>	0.6789 0.4307 1.6952 1.0000	</row3>
				</transform>
			</node>
			<node>
				<identifier>	MP_CM009_Life_Buoy_2_INDEX_5	</identifier>
				<transform>
					<row0>	-0.1521 0.0000 0.9884 0.0000	</row0>
					<row1>	0.0000 1.0000 0.0000 0.0000	</row1>
					<row2>	-0.9884 0.0000 -0.1521 0.0000	</row2>
					<row3>	0.7477 0.8939 2.7427 1.0000	</row3>
				</transform>
			</node>
			<node>
				<identifier>	MP_CM009_Life_Buoy_2_INDEX_6	</identifier>
				<transform>
					<row0>	0.0000 0.0000 1.0000 0.0000	</row0>
					<row1>	0.0000 1.0000 0.0000 0.0000	</row1>
					<row2>	-1.0000 0.0000 0.0000 0.0000	</row2>
					<row3>	0.7012 0.8939 3.6619 1.0000	</row3>
				</transform>
			</node>
			<node>
				<identifier>	MP_CM009_Life_Buoy_2_INDEX_7	</identifier>
				<transform>
					<row0>	0.0000 0.0000 1.0000 0.0000	</row0>
					<row1>	0.1956 0.9807 0.0000 0.0000	</row1>
					<row2>	-0.9807 0.1956 0.0000 0.0000	</row2>
					<row3>	0.6800 0.4307 -0.2146 1.0000	</row3>
				</transform>
			</node>
			<node>
				<identifier>	MP_CM010_Fire_Hose_Reel	</identifier>
				<transform>
					<row0>	-0.9766 0.1655 -0.1376 0.0000	</row0>
					<row1>	-0.1640 -0.9862 -0.0222 0.0000	</row1>
					<row2>	-0.1394 0.0009 0.9902 0.0000	</row2>
					<row3>	0.5453 0.4560 3.8206 1.0000	</row3>
				</transform>
			</node>
			<node>
				<identifier>	MP_CM010_Fire_Hose_Reel_INDEX_1	</identifier>
				<transform>
					<row0>	-0.9877 0.1564 0.0000 0.0000	</row0>
					<row1>	-0.1564 -0.9877 0.0000 0.0000	</row1>
					<row2>	0.0000 0.0000 1.0000 0.0000	</row2>
					<row3>	0.7301 0.9006 -0.8204 1.0000	</row3>
				</transform>
			</node>
			<node>
				<identifier>	MP_CM011_Fire_Fighting_Gear	</identifier>
				<transform>
					<row0>	0.0000 0.0000 1.0000 0.0000	</row0>
					<row1>	0.0000 1.0000 0.0000 0.0000	</row1>
					<row2>	-1.0000 0.0000 0.0000 0.0000	</row2>
					<row3>	0.7102 0.8348 3.3853 1.0000	</row3>
				</transform>
			</node>
			<node>
				<identifier>	MP_CM011_Fire_Fighting_Gear_INDEX_1	</identifier>
				<transform>
					<row0>	0.0000 0.0000 -1.0000 0.0000	</row0>
					<row1>	0.0000 1.0000 0.0000 0.0000	</row1>
					<row2>	1.0000 0.0000 0.0000 0.0000	</row2>
					<row3>	-0.4625 0.8342 2.9555 1.0000	</row3>
				</transform>
			</node>
			<node>
				<identifier>	MP_CM011_Fire_Fighting_Gear_INDEX_2	</identifier>
				<transform>
					<row0>	0.0000 0.0000 1.0000 0.0000	</row0>
					<row1>	0.0000 1.0000 0.0000 0.0000	</row1>
					<row2>	-1.0000 0.0000 0.0000 0.0000	</row2>
					<row3>	0.7446 0.8348 1.8528 1.0000	</row3>
				</transform>
			</node>
			<node>
				<identifier>	MP_CM011_Fire_Fighting_Gear_INDEX_3	</identifier>
				<transform>
					<row0>	0.0000 0.0000 1.0000 0.0000	</row0>
					<row1>	-1.0000 0.0000 0.0000 0.0000	</row1>
					<row2>	0.0000 -1.0000 0.0000 0.0000	</row2>
					<row3>	-0.7372 0.8831 -0.1443 1.0000	</row3>
				</transform>
			</node>
			<node>
				<identifier>	MP_CM012_Fire_Hose_Rack_1	</identifier>
				<transform>
					<row0>	-0.9813 0.1661 -0.0971 0.0000	</row0>
					<row1>	0.1658 0.9861 0.0104 0.0000	</row1>
					<row2>	0.0975 -0.0059 -0.9952 0.0000	</row2>
					<row3>	0.6031 0.4417 3.3227 1.0000	</row3>
				</transform>
			</node>
			<node>
				<identifier>	MP_CM012_Fire_Hose_Rack_1_INDEX_1	</identifier>
				<transform>
					<row0>	1.0000 0.0000 0.0000 0.0000	</row0>
					<row1>	0.0000 1.0000 0.0000 0.0000	</row1>
					<row2>	0.0000 0.0000 1.0000 0.0000	</row2>
					<row3>	-0.7304 0.4282 -0.2639 1.0000	</row3>
				</transform>
			</node>
			<node>
				<identifier>	MP_CM012_Fire_Hose_Rack_1_INDEX_2	</identifier>
				<transform>
					<row0>	0.9823 0.1694 -0.0797 0.0000	</row0>
					<row1>	-0.1692 0.9855 0.0099 0.0000	</row1>
					<row2>	0.0803 0.0038 0.9968 0.0000	</row2>
					<row3>	-0.6030 0.4417 3.3227 1.0000	</row3>
				</transform>
			</node>
			<node>
				<identifier>	MP_CM013_Fire_Hose_Rack_2	</identifier>
				<transform>
					<row0>	-1.0000 0.0000 0.0000 0.0000	</row0>
					<row1>	0.0000 1.0000 0.0000 0.0000	</row1>
					<row2>	0.0000 0.0000 -1.0000 0.0000	</row2>
					<row3>	0.7275 0.8844 1.8237 1.0000	</row3>
				</transform>
			</node>
			<node>
				<identifier>	MP_CM013_Fire_Hose_Rack_2_INDEX_1	</identifier>
				<transform>
					<row0>	1.0000 0.0000 0.0000 0.0000	</row0>
					<row1>	0.0000 1.0000 0.0000 0.0000	</row1>
					<row2>	0.0000 0.0000 1.0000 0.0000	</row2>
					<row3>	-0.7344 0.8844 -0.1120 1.0000	</row3>
				</transform>
			</node>
			<node>
				<identifier>	MP_CM013_Fire_Hose_Rack_2_INDEX_2	</identifier>
				<transform>
					<row0>	-1.0000 0.0000 0.0000 0.0000	</row0>
					<row1>	0.0000 1.0000 0.0000 0.0000	</row1>
					<row2>	0.0000 0.0000 -1.0000 0.0000	</row2>
					<row3>	0.7008 0.8844 3.3566 1.0000	</row3>
				</transform>
			</node>
			<node>
				<identifier>	MP_CM013_Fire_Hose_Rack_2_INDEX_3	</identifier>
				<transform>
					<row0>	1.0000 0.0000 0.0000 0.0000	</row0>
					<row1>	0.0000 1.0000 0.0000 0.0000	</row1>
					<row2>	0.0000 0.0000 1.0000 0.0000	</row2>
					<row3>	-0.4537 0.8844 2.9845 1.0000	</row3>
				</transform>
			</node>
			<node>
				<identifier>	MP_CM014_Fuel_Oil_Hose	</identifier>
				<transform>
					<row0>	-0.9644 0.2646 0.0000 0.0000	</row0>
					<row1>	0.2646 0.9644 0.0000 0.0000	</row1>
					<row2>	0.0000 0.0000 -1.0000 0.0000	</row2>
					<row3>	0.6894 0.4332 0.4345 1.0000	</row3>
				</transform>
			</node>
			<node>
				<identifier>	MP_CM014_Fuel_Oil_Hose_INDEX_1	</identifier>
				<transform>
					<row0>	-0.9644 0.2646 0.0000 0.0000	</row0>
					<row1>	0.2646 0.9644 0.0000 0.0000	</row1>
					<row2>	0.0000 0.0000 -1.0000 0.0000	</row2>
					<row3>	0.6866 0.4332 1.4801 1.0000	</row3>
				</transform>
			</node>
			<node>
				<identifier>	MP_CM014_Fuel_Oil_Hose_INDEX_2	</identifier>
				<transform>
					<row0>	1.0000 0.0000 0.0000 0.0000	</row0>
					<row1>	0.0000 -1.0000 0.0000 0.0000	</row1>
					<row2>	0.0000 0.0000 -1.0000 0.0000	</row2>
					<row3>	-0.7394 0.3889 -0.4413 1.0000	</row3>
				</transform>
			</node>
			<node>
				<identifier>	MP_CM014_Fuel_Oil_Hose_INDEX_3	</identifier>
				<transform>
					<row0>	-0.9605 0.2636 -0.0887 0.0000	</row0>
					<row1>	0.2646 0.9644 0.0000 0.0000	</row1>
					<row2>	0.0855 -0.0235 -0.9961 0.0000	</row2>
					<row3>	0.6285 0.4332 3.1160 1.0000	</row3>
				</transform>
			</node>
			<node>
				<identifier>	MP_CM014_Fuel_Oil_Hose_INDEX_4	</identifier>
				<transform>
					<row0>	0.9627 0.2704 0.0000 0.0000	</row0>
					<row1>	0.2704 -0.9627 0.0000 0.0000	</row1>
					<row2>	0.0000 0.0000 -1.0000 0.0000	</row2>
					<row3>	-0.6866 0.4332 1.2451 1.0000	</row3>
				</transform>
			</node>
			<node>
				<identifier>	MP_CM014_Fuel_Oil_Hose_INDEX_5	</identifier>
				<transform>
					<row0>	0.9859 0.1430 -0.0866 0.0000	</row0>
					<row1>	0.1425 -0.9897 -0.0125 0.0000	</row1>
					<row2>	-0.0875 0.0000 -0.9962 0.0000	</row2>
					<row3>	-0.6405 0.4332 2.9866 1.0000	</row3>
				</transform>
			</node>
			<node>
				<identifier>	MP_CM023_Accommodation_Ladder_Closed	</identifier>
				<transform>
					<row0>	-0.1779 -0.9839 -0.0171 0.0000	</row0>
					<row1>	0.9727 -0.1785 0.1483 0.0000	</row1>
					<row2>	-0.1489 0.0097 0.9888 0.0000	</row2>
					<row3>	0.4394 0.4433 4.6048 1.0000	</row3>
				</transform>
			</node>
			<node>
				<identifier>	MP_CM028_Swab_Rack	</identifier>
				<transform>
					<row0>	0.0000 0.0000 -1.0000 0.0000	</row0>
					<row1>	0.0000 1.0000 0.0000 0.0000	</row1>
					<row2>	1.0000 0.0000 0.0000 0.0000	</row2>
					<row3>	0.6868 0.8337 3.0197 1.0000	</row3>
				</transform>
			</node>
			<node>
				<identifier>	MP_CM028_Swab_Rack_INDEX_1	</identifier>
				<transform>
					<row0>	0.0000 0.0000 1.0000 0.0000	</row0>
					<row1>	0.0000 1.0000 0.0000 0.0000	</row1>
					<row2>	-1.0000 0.0000 0.0000 0.0000	</row2>
					<row3>	-0.6868 0.8337 3.0197 1.0000	</row3>
				</transform>
			</node>
			<node>
				<identifier>	MP_CM029_Emergency_Box	</identifier>
				<transform>
					<row0>	0.0000 0.0000 -1.0000 0.0000	</row0>
					<row1>	0.0000 1.0000 0.0000 0.0000	</row1>
					<row2>	1.0000 0.0000 0.0000 0.0000	</row2>
					<row3>	-0.7296 0.9013 2.0248 1.0000	</row3>
				</transform>
			</node>
			<node>
				<identifier>	MP_CM029_Emergency_Box_INDEX_1	</identifier>
				<transform>
					<row0>	0.0000 0.0000 1.0000 0.0000	</row0>
					<row1>	0.0000 1.0000 0.0000 0.0000	</row1>
					<row2>	-1.0000 0.0000 0.0000 0.0000	</row2>
					<row3>	0.4569 0.9027 4.0665 1.0000	</row3>
				</transform>
			</node>
			<node>
				<identifier>	MP_CM029_Emergency_Box_INDEX_2	</identifier>
				<transform>
					<row0>	0.0000 0.0000 1.0000 0.0000	</row0>
					<row1>	0.0000 1.0000 0.0000 0.0000	</row1>
					<row2>	-1.0000 0.0000 0.0000 0.0000	</row2>
					<row3>	0.7064 0.8791 3.4720 1.0000	</row3>
				</transform>
			</node>
			<node>
				<identifier>	MP_CM029_Emergency_Box_INDEX_3	</identifier>
				<transform>
					<row0>	0.0000 0.0000 -1.0000 0.0000	</row0>
					<row1>	0.0000 1.0000 0.0000 0.0000	</row1>
					<row2>	1.0000 0.0000 0.0000 0.0000	</row2>
					<row3>	-0.7409 0.9013 -0.9703 1.0000	</row3>
				</transform>
			</node>
			<node>
				<identifier>	MP_CM029_Emergency_Box_INDEX_4	</identifier>
				<transform>
					<row0>	-0.0250 0.0000 -0.9997 0.0000	</row0>
					<row1>	-0.1719 0.9851 0.0043 0.0000	</row1>
					<row2>	0.9848 0.1719 -0.0246 0.0000	</row2>
					<row3>	-0.6784 0.4370 2.2808 1.0000	</row3>
				</transform>
			</node>
			<node>
				<identifier>	MP_CM029_Emergency_Box_INDEX_5	</identifier>
				<transform>
					<row0>	0.0000 0.0000 -1.0000 0.0000	</row0>
					<row1>	0.0000 1.0000 0.0000 0.0000	</row1>
					<row2>	1.0000 0.0000 0.0000 0.0000	</row2>
					<row3>	-0.7079 0.9013 3.4893 1.0000	</row3>
				</transform>
			</node>
			<node>
				<identifier>	MP_CM029_Emergency_Box_INDEX_6	</identifier>
				<transform>
					<row0>	0.0000 0.0000 -1.0000 0.0000	</row0>
					<row1>	0.0000 1.0000 0.0000 0.0000	</row1>
					<row2>	1.0000 0.0000 0.0000 0.0000	</row2>
					<row3>	-0.7409 0.9013 0.5927 1.0000	</row3>
				</transform>
			</node>
			<node>
				<identifier>	MP_CM029_Emergency_Box_INDEX_7	</identifier>
				<transform>
					<row0>	0.0000 0.0000 1.0000 0.0000	</row0>
					<row1>	0.0000 1.0000 0.0000 0.0000	</row1>
					<row2>	-1.0000 0.0000 0.0000 0.0000	</row2>
					<row3>	0.7330 0.8937 1.7871 1.0000	</row3>
				</transform>
			</node>
			<node>
				<identifier>	MP_CM035_Accommodation_Ladder_Closed_L	</identifier>
				<transform>
					<row0>	-0.1736 0.9846 0.0226 0.0000	</row0>
					<row1>	-0.9732 -0.1751 0.1488 0.0000	</row1>
					<row2>	0.1505 0.0038 0.9886 0.0000	</row2>
					<row3>	-0.4416 0.4460 4.6016 1.0000	</row3>
				</transform>
			</node>
			<node>
				<identifier>	MP_CM051_Fire_Fighting_Gear	</identifier>
				<transform>
					<row0>	1.0000 0.0000 0.0000 0.0000	</row0>
					<row1>	0.0000 1.0000 0.0000 0.0000	</row1>
					<row2>	0.0000 0.0000 1.0000 0.0000	</row2>
					<row3>	0.5942 0.4146 3.3709 1.0000	</row3>
				</transform>
			</node>
			<node>
				<identifier>	MP_CM051_Fire_Fighting_Gear_INDEX_1	</identifier>
				<transform>
					<row0>	-1.0000 0.0000 0.0000 0.0000	</row0>
					<row1>	0.0000 0.0000 1.0000 0.0000	</row1>
					<row2>	0.0000 1.0000 0.0000 0.0000	</row2>
					<row3>	-0.7345 0.3879 -0.2953 1.0000	</row3>
				</transform>
			</node>
			<node>
				<identifier>	MP_CM051_Fire_Fighting_Gear_INDEX_2	</identifier>
				<transform>
					<row0>	-1.0000 0.0000 0.0000 0.0000	</row0>
					<row1>	0.0000 -1.0000 0.0000 0.0000	</row1>
					<row2>	0.0000 0.0000 1.0000 0.0000	</row2>
					<row3>	-0.6042 0.4195 3.2754 1.0000	</row3>
				</transform>
			</node>
			<node>
				<identifier>	MP_JM002_Paravane	</identifier>
				<transform>
					<row0>	-0.0243 -0.0147 -0.9996 0.0000	</row0>
					<row1>	-0.9833 -0.1803 0.0266 0.0000	</row1>
					<row2>	-0.1806 0.9835 -0.0101 0.0000	</row2>
					<row3>	-0.6803 0.5663 2.6366 1.0000	</row3>
				</transform>
			</node>
			<node>
				<identifier>	MP_JM002_Paravane_INDEX_1	</identifier>
				<transform>
					<row0>	-0.0180 0.0136 0.9997 0.0000	</row0>
					<row1>	0.9834 -0.1804 0.0202 0.0000	</row1>
					<row2>	0.1806 0.9835 -0.0101 0.0000	</row2>
					<row3>	0.6957 0.5663 2.1874 1.0000	</row3>
				</transform>
			</node>
			<node>
				<identifier>	MP_JM005_Freon_Cylinder_acetylene	</identifier>
				<transform>
					<row0>	0.0000 0.0000 1.0000 0.0000	</row0>
					<row1>	0.0000 1.0000 0.0000 0.0000	</row1>
					<row2>	-1.0000 0.0000 0.0000 0.0000	</row2>
					<row3>	0.7097 0.8344 3.5669 1.0000	</row3>
				</transform>
			</node>
			<node>
				<identifier>	MP_JM005_Freon_Cylinder_acetylene_INDEX_1	</identifier>
				<transform>
					<row0>	0.0000 0.0000 1.0000 0.0000	</row0>
					<row1>	0.0000 1.0000 0.0000 0.0000	</row1>
					<row2>	-1.0000 0.0000 0.0000 0.0000	</row2>
					<row3>	0.7097 0.8344 3.4238 1.0000	</row3>
				</transform>
			</node>
			<node>
				<identifier>	MP_JM005_Freon_Cylinder_acetylene_INDEX_2	</identifier>
				<transform>
					<row0>	-0.0031 0.0000 1.0000 0.0000	</row0>
					<row1>	0.0000 1.0000 0.0000 0.0000	</row1>
					<row2>	-1.0000 0.0000 -0.0031 0.0000	</row2>
					<row3>	-0.7450 0.3675 -0.2152 1.0000	</row3>
				</transform>
			</node>
			<node>
				<identifier>	MP_JM009_Signal_Lamp	</identifier>
				<transform>
					<row0>	1.1699 0.0000 0.0000 0.0000	</row0>
					<row1>	0.0000 1.1699 0.0000 0.0000	</row1>
					<row2>	0.0000 0.0000 1.1699 0.0000	</row2>
					<row3>	-0.7988 0.8860 3.8839 1.0000	</row3>
				</transform>
			</node>
			<node>
				<identifier>	MP_JM009_Signal_Lamp_INDEX_1	</identifier>
				<transform>
					<row0>	1.1699 0.0000 0.0000 0.0000	</row0>
					<row1>	0.0000 1.1699 0.0000 0.0000	</row1>
					<row2>	0.0000 0.0000 1.1699 0.0000	</row2>
					<row3>	0.7988 0.8860 3.8839 1.0000	</row3>
				</transform>
			</node>
			<node>
				<identifier>	MP_JM010_Deck_Lamp	</identifier>
				<transform>
					<row0>	0.7071 0.0000 0.7071 0.0000	</row0>
					<row1>	0.0000 1.0000 0.0000 0.0000	</row1>
					<row2>	-0.7071 0.0000 0.7071 0.0000	</row2>
					<row3>	-0.8858 0.8953 3.4570 1.0000	</row3>
				</transform>
			</node>
			<node>
				<identifier>	MP_JM014_Reels_2	</identifier>
				<transform>
					<row0>	0.0000 0.0000 -1.0000 0.0000	</row0>
					<row1>	0.0000 1.0000 0.0000 0.0000	</row1>
					<row2>	1.0000 0.0000 0.0000 0.0000	</row2>
					<row3>	0.6595 0.8337 3.1649 1.0000	</row3>
				</transform>
			</node>
			<node>
				<identifier>	MP_JM014_Reels_2_INDEX_1	</identifier>
				<transform>
					<row0>	0.0000 0.0000 1.0000 0.0000	</row0>
					<row1>	0.0000 1.0000 0.0000 0.0000	</row1>
					<row2>	-1.0000 0.0000 0.0000 0.0000	</row2>
					<row3>	-0.6595 0.8337 3.1649 1.0000	</row3>
				</transform>
			</node>
			<node>
				<identifier>	MP_JM028_Deck_Winch_1	</identifier>
				<transform>
					<row0>	-0.1073 0.6107 0.0050 0.0000	</row0>
					<row1>	-0.6100 -0.1074 0.0285 0.0000	</row1>
					<row2>	0.0290 0.0000 0.6194 0.0000	</row2>
					<row3>	-0.6518 0.4401 2.8052 1.0000	</row3>
				</transform>
			</node>
			<node>
				<identifier>	MP_JM028_Deck_Winch_1_INDEX_1	</identifier>
				<transform>
					<row0>	-0.1073 -0.6107 -0.0050 0.0000	</row0>
					<row1>	0.6100 -0.1074 0.0285 0.0000	</row1>
					<row2>	-0.0290 0.0000 0.6194 0.0000	</row2>
					<row3>	0.6776 0.4682 2.3560 1.0000	</row3>
				</transform>
			</node>
			<node>
				<identifier>	MP_JM029_Leadsman_Platform	</identifier>
				<transform>
					<row0>	0.7032 0.0000 0.1092 0.0000	</row0>
					<row1>	0.0000 0.7117 0.0000 0.0000	</row1>
					<row2>	-0.1092 0.0000 0.7032 0.0000	</row2>
					<row3>	0.5288 0.3690 4.5104 1.0000	</row3>
				</transform>
			</node>
			<node>
				<identifier>	MP_JM029_Leadsman_Platform_INDEX_1	</identifier>
				<transform>
					<row0>	-0.7023 0.0000 0.1150 0.0000	</row0>
					<row1>	0.0000 0.7117 0.0000 0.0000	</row1>
					<row2>	-0.1150 0.0000 -0.7023 0.0000	</row2>
					<row3>	-0.5288 0.3690 4.5104 1.0000	</row3>
				</transform>
			</node>
			<node>
				<identifier>	MP_JM035_Dinghy_6m	</identifier>
				<transform>
					<row0>	1.0000 0.0000 0.0000 0.0000	</row0>
					<row1>	0.0000 1.0000 0.0000 0.0000	</row1>
					<row2>	0.0000 0.0000 1.0000 0.0000	</row2>
					<row3>	-0.8383 0.5369 0.8505 1.0000	</row3>
				</transform>
			</node>
			<node>
				<identifier>	MP_JM037_Cutter_9m	</identifier>
				<transform>
					<row0>	1.0000 0.0000 0.0000 0.0000	</row0>
					<row1>	0.0000 0.9999 -0.0168 0.0000	</row1>
					<row2>	0.0000 0.0168 0.9999 0.0000	</row2>
					<row3>	0.8421 0.5382 1.4490 1.0000	</row3>
				</transform>
			</node>
			<node>
				<identifier>	MP_JM037_Cutter_9m_INDEX_1	</identifier>
				<transform>
					<row0>	1.0000 0.0000 0.0000 0.0000	</row0>
					<row1>	0.0000 0.9996 -0.0284 0.0000	</row1>
					<row2>	0.0000 0.0284 0.9996 0.0000	</row2>
					<row3>	-0.8030 0.5375 1.4488 1.0000	</row3>
				</transform>
			</node>
			<node>
				<identifier>	MP_JM058_Deck_Hatch_7	</identifier>
				<transform>
					<row0>	-0.9255 0.0000 -0.3787 0.0000	</row0>
					<row1>	0.0000 1.0000 0.0000 0.0000	</row1>
					<row2>	0.3787 0.0000 -0.9255 0.0000	</row2>
					<row3>	-0.1331 0.7333 4.5946 1.0000	</row3>
				</transform>
			</node>
			<node>
				<identifier>	MP_JM058_Deck_Hatch_7_INDEX_1	</identifier>
				<transform>
					<row0>	-0.9255 0.0000 -0.3787 0.0000	</row0>
					<row1>	0.0000 1.0000 0.0000 0.0000	</row1>
					<row2>	0.3787 0.0000 -0.9255 0.0000	</row2>
					<row3>	-0.2401 0.7333 4.5509 1.0000	</row3>
				</transform>
			</node>
			<node>
				<identifier>	MP_JM058_Deck_Hatch_7_INDEX_10	</identifier>
				<transform>
					<row0>	0.0000 0.0000 1.0000 0.0000	</row0>
					<row1>	0.0000 1.0000 0.0000 0.0000	</row1>
					<row2>	-1.0000 0.0000 0.0000 0.0000	</row2>
					<row3>	-0.6768 0.9578 3.4036 1.0000	</row3>
				</transform>
			</node>
			<node>
				<identifier>	MP_JM058_Deck_Hatch_7_INDEX_11	</identifier>
				<transform>
					<row0>	-0.9255 0.0000 0.3787 0.0000	</row0>
					<row1>	0.0000 1.0000 0.0000 0.0000	</row1>
					<row2>	-0.3787 0.0000 -0.9255 0.0000	</row2>
					<row3>	0.1331 0.7333 4.5946 1.0000	</row3>
				</transform>
			</node>
			<node>
				<identifier>	MP_JM058_Deck_Hatch_7_INDEX_2	</identifier>
				<transform>
					<row0>	-0.9255 0.0000 0.3787 0.0000	</row0>
					<row1>	0.0000 1.0000 0.0000 0.0000	</row1>
					<row2>	-0.3787 0.0000 -0.9255 0.0000	</row2>
					<row3>	0.2401 0.7333 4.5509 1.0000	</row3>
				</transform>
			</node>
			<node>
				<identifier>	MP_JM058_Deck_Hatch_7_INDEX_3	</identifier>
				<transform>
					<row0>	-0.1206 0.0000 -0.9927 0.0000	</row0>
					<row1>	0.0000 1.0000 0.0000 0.0000	</row1>
					<row2>	0.9927 0.0000 -0.1206 0.0000	</row2>
					<row3>	-0.5714 0.7601 4.1148 1.0000	</row3>
				</transform>
			</node>
			<node>
				<identifier>	MP_JM058_Deck_Hatch_7_INDEX_4	</identifier>
				<transform>
					<row0>	-0.1206 0.0000 -0.9927 0.0000	</row0>
					<row1>	0.0000 1.0000 0.0000 0.0000	</row1>
					<row2>	0.9927 0.0000 -0.1206 0.0000	</row2>
					<row3>	-0.5783 0.7601 4.0553 1.0000	</row3>
				</transform>
			</node>
			<node>
				<identifier>	MP_JM058_Deck_Hatch_7_INDEX_5	</identifier>
				<transform>
					<row0>	-0.1206 0.0000 0.9927 0.0000	</row0>
					<row1>	0.0000 1.0000 0.0000 0.0000	</row1>
					<row2>	-0.9927 0.0000 -0.1206 0.0000	</row2>
					<row3>	0.5713 0.7601 4.1148 1.0000	</row3>
				</transform>
			</node>
			<node>
				<identifier>	MP_JM058_Deck_Hatch_7_INDEX_6	</identifier>
				<transform>
					<row0>	-0.1206 0.0000 0.9927 0.0000	</row0>
					<row1>	0.0000 1.0000 0.0000 0.0000	</row1>
					<row2>	-0.9927 0.0000 -0.1206 0.0000	</row2>
					<row3>	0.5785 0.7601 4.0553 1.0000	</row3>
				</transform>
			</node>
			<node>
				<identifier>	MP_JM058_Deck_Hatch_7_INDEX_7	</identifier>
				<transform>
					<row0>	0.0000 0.0000 -1.0000 0.0000	</row0>
					<row1>	0.0000 1.0000 0.0000 0.0000	</row1>
					<row2>	1.0000 0.0000 0.0000 0.0000	</row2>
					<row3>	0.6768 0.9578 3.5849 1.0000	</row3>
				</transform>
			</node>
			<node>
				<identifier>	MP_JM058_Deck_Hatch_7_INDEX_8	</identifier>
				<transform>
					<row0>	0.0000 0.0000 -1.0000 0.0000	</row0>
					<row1>	0.0000 1.0000 0.0000 0.0000	</row1>
					<row2>	1.0000 0.0000 0.0000 0.0000	</row2>
					<row3>	0.6768 0.9578 3.4036 1.0000	</row3>
				</transform>
			</node>
			<node>
				<identifier>	MP_JM058_Deck_Hatch_7_INDEX_9	</identifier>
				<transform>
					<row0>	0.0000 0.0000 1.0000 0.0000	</row0>
					<row1>	0.0000 1.0000 0.0000 0.0000	</row1>
					<row2>	-1.0000 0.0000 0.0000 0.0000	</row2>
					<row3>	-0.6768 0.9578 3.5849 1.0000	</row3>
				</transform>
			</node>
			<node>
				<identifier>	MP_JM078_Deck_Winch_2	</identifier>
				<transform>
					<row0>	-0.0039 0.6591 0.0024 0.0000	</row0>
					<row1>	-0.5633 -0.0046 0.3423 0.0000	</row1>
					<row2>	0.3423 0.0000 0.5633 0.0000	</row2>
					<row3>	-0.4236 0.5879 4.4044 1.0000	</row3>
				</transform>
			</node>
			<node>
				<identifier>	MP_JM078_Deck_Winch_2_INDEX_1	</identifier>
				<transform>
					<row0>	-0.0062 -0.6591 -0.0038 0.0000	</row0>
					<row1>	0.5649 -0.0073 0.3396 0.0000	</row1>
					<row2>	-0.3396 0.0000 0.5649 0.0000	</row2>
					<row3>	0.4236 0.5879 4.4044 1.0000	</row3>
				</transform>
			</node>
			<node>
				<identifier>	MP_JM092_Running_Lights_R	</identifier>
				<transform>
					<row0>	1.0000 0.0000 0.0000 0.0000	</row0>
					<row1>	0.0000 1.0000 0.0000 0.0000	</row1>
					<row2>	0.0000 0.0000 1.0000 0.0000	</row2>
					<row3>	0.8406 0.7817 4.0628 1.0000	</row3>
				</transform>
			</node>
			<node>
				<identifier>	MP_JM093_Running_Lights_L	</identifier>
				<transform>
					<row0>	1.0000 0.0000 0.0000 0.0000	</row0>
					<row1>	0.0000 1.0000 0.0000 0.0000	</row1>
					<row2>	0.0000 0.0000 1.0000 0.0000	</row2>
					<row3>	-0.8375 0.7816 4.0628 1.0000	</row3>
				</transform>
			</node>
			<node>
				<identifier>	MP_JM099_Signal_Lamp_1	</identifier>
				<transform>
					<row0>	0.5538 0.0000 -0.8327 0.0000	</row0>
					<row1>	0.0000 1.0000 0.0000 0.0000	</row1>
					<row2>	0.8327 0.0000 0.5538 0.0000	</row2>
					<row3>	0.4771 1.0449 4.4281 1.0000	</row3>
				</transform>
			</node>
			<node>
				<identifier>	MP_JM099_Signal_Lamp_1_INDEX_1	</identifier>
				<transform>
					<row0>	0.5538 0.0000 0.8327 0.0000	</row0>
					<row1>	0.0000 1.0000 0.0000 0.0000	</row1>
					<row2>	-0.8327 0.0000 0.5538 0.0000	</row2>
					<row3>	-0.4771 1.0449 4.4281 1.0000	</row3>
				</transform>
			</node>
			<node>
				<identifier>	MP_JM099_Signal_Lamp_1_INDEX_10	</identifier>
				<transform>
					<row0>	0.0000 0.0000 -1.0000 0.0000	</row0>
					<row1>	0.0000 1.0000 0.0000 0.0000	</row1>
					<row2>	1.0000 0.0000 0.0000 0.0000	</row2>
					<row3>	0.7841 1.0449 1.7495 1.0000	</row3>
				</transform>
			</node>
			<node>
				<identifier>	MP_JM099_Signal_Lamp_1_INDEX_11	</identifier>
				<transform>
					<row0>	0.0000 0.0000 -1.0000 0.0000	</row0>
					<row1>	0.0000 1.0000 0.0000 0.0000	</row1>
					<row2>	1.0000 0.0000 0.0000 0.0000	</row2>
					<row3>	0.7841 1.0449 -0.5574 1.0000	</row3>
				</transform>
			</node>
			<node>
				<identifier>	MP_JM099_Signal_Lamp_1_INDEX_12	</identifier>
				<transform>
					<row0>	0.0000 0.0000 -1.0000 0.0000	</row0>
					<row1>	0.0000 1.0000 0.0000 0.0000	</row1>
					<row2>	1.0000 0.0000 0.0000 0.0000	</row2>
					<row3>	0.7841 1.0449 0.9781 1.0000	</row3>
				</transform>
			</node>
			<node>
				<identifier>	MP_JM099_Signal_Lamp_1_INDEX_13	</identifier>
				<transform>
					<row0>	0.0000 0.0000 -1.0000 0.0000	</row0>
					<row1>	0.0000 1.0000 0.0000 0.0000	</row1>
					<row2>	1.0000 0.0000 0.0000 0.0000	</row2>
					<row3>	0.7841 1.0449 0.2047 1.0000	</row3>
				</transform>
			</node>
			<node>
				<identifier>	MP_JM099_Signal_Lamp_1_INDEX_2	</identifier>
				<transform>
					<row0>	0.0000 0.0000 1.0000 0.0000	</row0>
					<row1>	0.0000 1.0000 0.0000 0.0000	</row1>
					<row2>	-1.0000 0.0000 0.0000 0.0000	</row2>
					<row3>	-0.7841 1.0449 0.2047 1.0000	</row3>
				</transform>
			</node>
			<node>
				<identifier>	MP_JM099_Signal_Lamp_1_INDEX_3	</identifier>
				<transform>
					<row0>	0.0000 0.0000 1.0000 0.0000	</row0>
					<row1>	0.0000 1.0000 0.0000 0.0000	</row1>
					<row2>	-1.0000 0.0000 0.0000 0.0000	</row2>
					<row3>	-0.7841 1.0449 -0.5674 1.0000	</row3>
				</transform>
			</node>
			<node>
				<identifier>	MP_JM099_Signal_Lamp_1_INDEX_4	</identifier>
				<transform>
					<row0>	0.0000 0.0000 1.0000 0.0000	</row0>
					<row1>	0.0000 1.0000 0.0000 0.0000	</row1>
					<row2>	-1.0000 0.0000 0.0000 0.0000	</row2>
					<row3>	-0.7841 1.0449 1.7495 1.0000	</row3>
				</transform>
			</node>
			<node>
				<identifier>	MP_JM099_Signal_Lamp_1_INDEX_5	</identifier>
				<transform>
					<row0>	0.1496 0.0000 -0.9888 0.0000	</row0>
					<row1>	0.0000 1.0000 0.0000 0.0000	</row1>
					<row2>	0.9888 0.0000 0.1496 0.0000	</row2>
					<row3>	0.6755 1.0449 3.0580 1.0000	</row3>
				</transform>
			</node>
			<node>
				<identifier>	MP_JM099_Signal_Lamp_1_INDEX_6	</identifier>
				<transform>
					<row0>	0.0000 0.0000 1.0000 0.0000	</row0>
					<row1>	0.0000 1.0000 0.0000 0.0000	</row1>
					<row2>	-1.0000 0.0000 0.0000 0.0000	</row2>
					<row3>	-0.7841 1.0449 0.9781 1.0000	</row3>
				</transform>
			</node>
			<node>
				<identifier>	MP_JM099_Signal_Lamp_1_INDEX_7	</identifier>
				<transform>
					<row0>	0.0000 0.0000 -1.0000 0.0000	</row0>
					<row1>	0.0000 1.0000 0.0000 0.0000	</row1>
					<row2>	1.0000 0.0000 0.0000 0.0000	</row2>
					<row3>	0.5980 1.0449 3.8295 1.0000	</row3>
				</transform>
			</node>
			<node>
				<identifier>	MP_JM099_Signal_Lamp_1_INDEX_8	</identifier>
				<transform>
					<row0>	0.0000 0.0000 1.0000 0.0000	</row0>
					<row1>	0.0000 1.0000 0.0000 0.0000	</row1>
					<row2>	-1.0000 0.0000 0.0000 0.0000	</row2>
					<row3>	-0.5980 1.0449 3.8295 1.0000	</row3>
				</transform>
			</node>
			<node>
				<identifier>	MP_JM099_Signal_Lamp_1_INDEX_9	</identifier>
				<transform>
					<row0>	0.1411 0.0000 0.9900 0.0000	</row0>
					<row1>	0.0000 1.0000 0.0000 0.0000	</row1>
					<row2>	-0.9900 0.0000 0.1411 0.0000	</row2>
