<ASC026_Alaska_1944_Bow_ports.visual>
	<node>
		<identifier>	Scene Root	</identifier>
		<transform>
			<row0>	1.0000 0.0000 0.0000 0.0000	</row0>
			<row1>	0.0000 1.0000 0.0000 0.0000	</row1>
			<row2>	0.0000 0.0000 1.0000 0.0000	</row2>
			<row3>	0.0000 0.0000 0.0000 1.0000	</row3>
		</transform>
		<node>
			<identifier>	Bow_ports	</identifier>
			<transform>
				<row0>	1.0000 0.0000 0.0000 0.0000	</row0>
				<row1>	0.0000 1.0000 0.0000 0.0000	</row1>
				<row2>	0.0000 0.0000 1.0000 0.0000	</row2>
				<row3>	0.0000 0.0000 0.0000 1.0000	</row3>
			</transform>
			<node>
				<identifier>	HP_AD_1	</identifier>
				<transform>
					<row0>	1.0000 0.0000 0.0000 0.0000	</row0>
					<row1>	0.0000 1.0000 0.0000 0.0000	</row1>
					<row2>	0.0000 0.0000 1.0000 0.0000	</row2>
					<row3>	0.0000 0.7463 7.4209 1.0000	</row3>
				</transform>
			</node>
			<node>
				<identifier>	HP_AGA_1	</identifier>
				<transform>
					<row0>	1.0000 0.0000 0.0000 0.0000	</row0>
					<row1>	0.0000 1.0000 0.0000 0.0000	</row1>
					<row2>	0.0000 0.0000 1.0000 0.0000	</row2>
					<row3>	0.0000 0.6162 7.8184 1.0000	</row3>
				</transform>
			</node>
			<node>
				<identifier>	HP_AGA_2	</identifier>
				<transform>
					<row0>	0.7071 0.0000 0.7071 0.0000	</row0>
					<row1>	0.0000 1.0000 0.0000 0.0000	</row1>
					<row2>	-0.7071 0.0000 0.7071 0.0000	</row2>
					<row3>	-0.3303 0.4399 6.1293 1.0000	</row3>
				</transform>
			</node>
			<node>
				<identifier>	HP_AGA_3	</identifier>
				<transform>
					<row0>	0.7071 0.0000 -0.7071 0.0000	</row0>
					<row1>	0.0000 1.0000 0.0000 0.0000	</row1>
					<row2>	0.7071 0.0000 0.7071 0.0000	</row2>
					<row3>	0.3303 0.4407 6.1293 1.0000	</row3>
				</transform>
			</node>
			<node>
				<identifier>	HP_AGA_4	</identifier>
				<transform>
					<row0>	0.7071 0.0000 0.7071 0.0000	</row0>
					<row1>	0.0000 1.0000 0.0000 0.0000	</row1>
					<row2>	-0.7071 0.0000 0.7071 0.0000	</row2>
					<row3>	-0.3469 0.4297 5.9347 1.0000	</row3>
				</transform>
			</node>
			<node>
				<identifier>	HP_AGA_5	</identifier>
				<transform>
					<row0>	0.7071 0.0000 -0.7071 0.0000	</row0>
					<row1>	0.0000 1.0000 0.0000 0.0000	</row1>
					<row2>	0.7071 0.0000 0.7071 0.0000	</row2>
					<row3>	0.3469 0.4297 5.9347 1.0000	</row3>
				</transform>
			</node>
			<node>
				<identifier>	HP_AGM_1	</identifier>
				<transform>
					<row0>	1.0000 0.0000 0.0000 0.0000	</row0>
					<row1>	0.0000 1.0000 0.0000 0.0000	</row1>
					<row2>	0.0000 0.0000 1.0000 0.0000	</row2>
					<row3>	0.0000 0.3972 4.0471 1.0000	</row3>
				</transform>
			</node>
			<node>
				<identifier>	HP_FX_Death_1	</identifier>
				<transform>
					<row0>	1.0000 0.0000 0.0000 0.0000	</row0>
					<row1>	0.0000 1.0000 0.0000 0.0000	</row1>
					<row2>	0.0000 0.0000 1.0000 0.0000	</row2>
					<row3>	0.0000 0.0000 4.9266 1.0000	</row3>
				</transform>
			</node>
			<node>
				<identifier>	HP_FX_Fire_1	</identifier>
				<transform>
					<row0>	1.0000 0.0000 0.0000 0.0000	</row0>
					<row1>	0.0000 1.0000 0.0000 0.0000	</row1>
					<row2>	0.0000 0.0000 1.0000 0.0000	</row2>
					<row3>	0.0000 0.4374 5.7744 1.0000	</row3>
				</transform>
			</node>
			<node>
				<identifier>	HP_FX_RepairLight_left_1	</identifier>
				<transform>
					<row0>	0.0933 0.0000 0.9956 0.0000	</row0>
					<row1>	-0.2714 0.9621 0.0254 0.0000	</row1>
					<row2>	-0.9579 -0.2726 0.0897 0.0000	</row2>
					<row3>	-0.7285 0.3340 3.6111 1.0000	</row3>
				</transform>
			</node>
			<node>
				<identifier>	HP_FX_RepairLight_right_2	</identifier>
				<transform>
					<row0>	0.1195 0.0000 -0.9928 0.0000	</row0>
					<row1>	0.5932 0.8019 0.0714 0.0000	</row1>
					<row2>	0.7961 -0.5975 0.0958 0.0000	</row2>
					<row3>	0.6695 0.3619 4.2842 1.0000	</row3>
				</transform>
			</node>
			<node>
				<identifier>	HP_FX_WakeTrace	</identifier>
				<transform>
					<row0>	1.0000 0.0000 0.0000 0.0000	</row0>
					<row1>	0.0000 1.0000 0.0000 0.0000	</row1>
					<row2>	0.0000 0.0000 1.0000 0.0000	</row2>
					<row3>	0.0000 0.0000 8.0297 1.0000	</row3>
				</transform>
			</node>
			<node>
				<identifier>	HP_Ship_death_1	</identifier>
				<transform>
					<row0>	1.0000 0.0000 0.0000 0.0000	</row0>
					<row1>	0.0000 1.0000 0.0000 0.0000	</row1>
					<row2>	0.0000 0.0000 1.0000 0.0000	</row2>
					<row3>	0.0000 0.0000 3.4537 1.0000	</row3>
				</transform>
			</node>
			<node>
				<identifier>	MP_AM006_Reels_1	</identifier>
				<transform>
					<row0>	0.0000 0.0000 -0.6305 0.0000	</row0>
					<row1>	-0.6305 0.0000 0.0000 0.0000	</row1>
					<row2>	0.0000 0.6305 0.0000 0.0000	</row2>
					<row3>	-0.0209 0.4725 6.0038 1.0000	</row3>
				</transform>
			</node>
			<node>
				<identifier>	MP_AM024_Hatch_2	</identifier>
				<transform>
					<row0>	1.0000 0.0000 0.0000 0.0000	</row0>
					<row1>	0.0000 1.0000 0.0000 0.0000	</row1>
					<row2>	0.0000 0.0000 1.0000 0.0000	</row2>
					<row3>	0.1309 0.3851 5.1750 1.0000	</row3>
				</transform>
			</node>
			<node>
				<identifier>	MP_AM024_Hatch_2_INDEX_1	</identifier>
				<transform>
					<row0>	1.0000 0.0000 0.0000 0.0000	</row0>
					<row1>	0.0000 1.0000 0.0000 0.0000	</row1>
					<row2>	0.0000 0.0000 1.0000 0.0000	</row2>
					<row3>	-0.0426 0.3851 5.1750 1.0000	</row3>
				</transform>
			</node>
			<node>
				<identifier>	MP_AM029_Ammunition_Box3	</identifier>
				<transform>
					<row0>	1.0000 0.0000 0.0000 0.0000	</row0>
					<row1>	0.0000 1.0000 0.0000 0.0000	</row1>
					<row2>	0.0000 0.0000 1.0000 0.0000	</row2>
					<row3>	-0.3234 0.4207 5.7734 1.0000	</row3>
				</transform>
			</node>
			<node>
				<identifier>	MP_AM029_Ammunition_Box3_INDEX_1	</identifier>
				<transform>
					<row0>	0.7817 0.0000 0.6237 0.0000	</row0>
					<row1>	0.0000 1.0000 0.0000 0.0000	</row1>
					<row2>	-0.6237 0.0000 0.7817 0.0000	</row2>
					<row3>	0.2343 0.4446 6.2327 1.0000	</row3>
				</transform>
			</node>
			<node>
				<identifier>	MP_AM029_Ammunition_Box3_INDEX_2	</identifier>
				<transform>
					<row0>	0.7817 0.0000 -0.6237 0.0000	</row0>
					<row1>	0.0000 1.0000 0.0000 0.0000	</row1>
					<row2>	0.6237 0.0000 0.7817 0.0000	</row2>
					<row3>	-0.2343 0.4446 6.2327 1.0000	</row3>
				</transform>
			</node>
			<node>
				<identifier>	MP_AM029_Ammunition_Box3_INDEX_3	</identifier>
				<transform>
					<row0>	1.0000 0.0000 0.0000 0.0000	</row0>
					<row1>	0.0000 1.0000 0.0000 0.0000	</row1>
					<row2>	0.0000 0.0000 1.0000 0.0000	</row2>
					<row3>	0.3234 0.4207 5.7734 1.0000	</row3>
				</transform>
			</node>
			<node>
				<identifier>	MP_AM071_Signal_Lamp_2	</identifier>
				<transform>
					<row0>	1.0000 0.0000 0.0000 0.0000	</row0>
					<row1>	0.0000 1.0000 0.0000 0.0000	</row1>
					<row2>	0.0000 0.0000 1.0000 0.0000	</row2>
					<row3>	0.0000 1.0824 8.3253 1.0000	</row3>
				</transform>
			</node>
			<node>
				<identifier>	MP_AM071_Signal_Lamp_2_INDEX_1	</identifier>
				<transform>
					<row0>	1.0000 0.0000 0.0000 0.0000	</row0>
					<row1>	0.0000 1.0000 0.0000 0.0000	</row1>
					<row2>	0.0000 0.0000 1.0000 0.0000	</row2>
					<row3>	0.0000 0.7352 8.3376 1.0000	</row3>
				</transform>
			</node>
			<node>
				<identifier>	MP_AM077_Paravane	</identifier>
				<transform>
					<row0>	0.9914 0.0000 0.1305 0.0000	</row0>
					<row1>	0.0000 1.0000 0.0000 0.0000	</row1>
					<row2>	-0.1305 0.0000 0.9914 0.0000	</row2>
					<row3>	0.4569 0.4108 5.2548 1.0000	</row3>
				</transform>
			</node>
			<node>
				<identifier>	MP_AM077_Paravane_INDEX_1	</identifier>
				<transform>
					<row0>	0.9914 0.0000 -0.1305 0.0000	</row0>
					<row1>	0.0000 1.0000 0.0000 0.0000	</row1>
					<row2>	0.1305 0.0000 0.9914 0.0000	</row2>
					<row3>	-0.4569 0.4108 5.2548 1.0000	</row3>
				</transform>
			</node>
			<node>
				<identifier>	MP_AM108_Reels_4	</identifier>
				<transform>
					<row0>	1.0000 0.0000 0.0000 0.0000	</row0>
					<row1>	0.0000 0.9985 -0.0539 0.0000	</row1>
					<row2>	0.0000 0.0539 0.9985 0.0000	</row2>
					<row3>	-0.0287 0.4017 5.3625 1.0000	</row3>
				</transform>
			</node>
			<node>
				<identifier>	MP_AM108_Reels_4_INDEX_1	</identifier>
				<transform>
					<row0>	0.9410 0.0182 0.3379 0.0000	</row0>
					<row1>	0.0000 0.9985 -0.0539 0.0000	</row1>
					<row2>	-0.3384 0.0507 0.9397 0.0000	</row2>
					<row3>	0.2222 0.4007 5.3578 1.0000	</row3>
				</transform>
			</node>
			<node>
				<identifier>	MP_AM108_Reels_4_INDEX_2	</identifier>
				<transform>
					<row0>	0.9410 -0.0182 -0.3379 0.0000	</row0>
					<row1>	0.0000 0.9985 -0.0539 0.0000	</row1>
					<row2>	0.3384 0.0507 0.9397 0.0000	</row2>
					<row3>	-0.2222 0.4007 5.3578 1.0000	</row3>
				</transform>
			</node>
			<node>
				<identifier>	MP_AM108_Reels_4_INDEX_3	</identifier>
				<transform>
					<row0>	1.0000 0.0000 0.0000 0.0000	</row0>
					<row1>	0.0000 0.9985 -0.0539 0.0000	</row1>
					<row2>	0.0000 0.0539 0.9985 0.0000	</row2>
					<row3>	0.1081 0.4017 5.3625 1.0000	</row3>
				</transform>
			</node>
			<node>
				<identifier>	MP_AM129_Turtles_box	</identifier>
				<transform>
					<row0>	0.0000 0.0000 -1.0000 0.0000	</row0>
					<row1>	0.0000 1.0000 0.0000 0.0000	</row1>
					<row2>	1.0000 0.0000 0.0000 0.0000	</row2>
					<row3>	0.0504 0.5753 7.5496 1.0000	</row3>
				</transform>
			</node>
			<node>
				<identifier>	MP_AM129_Turtles_box_INDEX_1	</identifier>
				<transform>
					<row0>	0.0000 0.0000 -1.0000 0.0000	</row0>
					<row1>	0.0000 1.0000 0.0000 0.0000	</row1>
					<row2>	1.0000 0.0000 0.0000 0.0000	</row2>
					<row3>	0.1036 0.4495 5.8710 1.0000	</row3>
				</transform>
			</node>
			<node>
				<identifier>	MP_AM161_Anchor_top	</identifier>
				<transform>
					<row0>	-0.9463 -0.3990 -0.4985 0.0000	</row0>
					<row1>	0.3339 0.4503 -0.9944 0.0000	</row1>
					<row2>	0.5443 -0.9702 -0.2566 0.0000	</row2>
					<row3>	-0.2077 0.4192 7.7767 1.0000	</row3>
				</transform>
			</node>
			<node>
				<identifier>	MP_AM161_Anchor_top_INDEX_1	</identifier>
				<transform>
					<row0>	-0.9463 0.3990 0.4985 0.0000	</row0>
					<row1>	-0.3339 0.4503 -0.9944 0.0000	</row1>
					<row2>	-0.5443 -0.9702 -0.2566 0.0000	</row2>
					<row3>	0.2077 0.4192 7.7767 1.0000	</row3>
				</transform>
			</node>
			<node>
				<identifier>	MP_AM162_Anchor_down	</identifier>
				<transform>
					<row0>	-1.1126 0.6138 0.0456 0.0000	</row0>
					<row1>	0.1282 0.3234 -1.2230 0.0000	</row1>
					<row2>	-0.6020 -1.0655 -0.3448 0.0000	</row2>
					<row3>	0.2085 0.4246 7.7575 1.0000	</row3>
				</transform>
			</node>
			<node>
				<identifier>	MP_AM162_Anchor_down_INDEX_1	</identifier>
				<transform>
					<row0>	-1.1126 -0.6138 -0.0456 0.0000	</row0>
					<row1>	-0.1282 0.3234 -1.2230 0.0000	</row1>
					<row2>	0.6020 -1.0655 -0.3448 0.0000	</row2>
					<row3>	-0.2085 0.4246 7.7575 1.0000	</row3>
				</transform>
			</node>
			<node>
				<identifier>	MP_AM217_Hatch	</identifier>
				<transform>
					<row0>	1.0000 0.0000 0.0000 0.0000	</row0>
					<row1>	0.0000 1.0000 0.0000 0.0000	</row1>
					<row2>	0.0000 0.0000 1.0000 0.0000	</row2>
					<row3>	-0.0414 0.4153 5.6751 1.0000	</row3>
				</transform>
			</node>
			<node>
				<identifier>	MP_AM247_Ammunition_Box	</identifier>
				<transform>
					<row0>	1.0000 0.0000 0.0000 0.0000	</row0>
					<row1>	0.0000 0.9986 -0.0535 0.0000	</row1>
					<row2>	0.0000 0.0535 0.9986 0.0000	</row2>
					<row3>	0.1271 0.4318 5.9420 1.0000	</row3>
				</transform>
			</node>
			<node>
				<identifier>	MP_AM247_Ammunition_Box_INDEX_1	</identifier>
				<transform>
					<row0>	1.0000 0.0000 0.0000 0.0000	</row0>
					<row1>	0.0000 0.9984 -0.0561 0.0000	</row1>
					<row2>	0.0000 0.0561 0.9984 0.0000	</row2>
					<row3>	-0.0452 0.4399 6.0861 1.0000	</row3>
				</transform>
			</node>
			<node>
				<identifier>	MP_AM303_Hatch	</identifier>
				<transform>
					<row0>	1.0000 0.0000 0.0000 0.0000	</row0>
					<row1>	0.0000 1.0000 0.0000 0.0000	</row1>
					<row2>	0.0000 0.0000 1.0000 0.0000	</row2>
					<row3>	0.2250 0.3265 3.6780 1.0000	</row3>
				</transform>
			</node>
			<node>
				<identifier>	MP_AM442_Multipole_Switch	</identifier>
				<transform>
					<row0>	0.9191 0.0000 -0.3939 0.0000	</row0>
					<row1>	0.0000 1.0000 0.0000 0.0000	</row1>
					<row2>	0.3939 0.0000 0.9191 0.0000	</row2>
					<row3>	-0.0627 0.6706 7.6482 1.0000	</row3>
				</transform>
			</node>
			<node>
				<identifier>	MP_AM442_Multipole_Switch_INDEX_1	</identifier>
				<transform>
					<row0>	-0.1947 0.0000 -0.9809 0.0000	</row0>
					<row1>	0.0000 1.0000 0.0000 0.0000	</row1>
					<row2>	0.9809 0.0000 -0.1947 0.0000	</row2>
					<row3>	-0.0617 0.7807 7.4362 1.0000	</row3>
				</transform>
			</node>
			<node>
				<identifier>	MP_AM606_Floater_Net_Basket	</identifier>
				<transform>
					<row0>	0.9143 -0.0185 -0.4046 0.0000	</row0>
					<row1>	0.0021 0.9992 -0.0410 0.0000	</row1>
					<row2>	0.4050 0.0366 0.9136 0.0000	</row2>
					<row3>	0.2552 0.3797 4.6570 1.0000	</row3>
				</transform>
			</node>
			<node>
				<identifier>	MP_AM606_Floater_Net_Basket_INDEX_1	</identifier>
				<transform>
					<row0>	0.9143 0.0185 0.4046 0.0000	</row0>
					<row1>	-0.0021 0.9992 -0.0410 0.0000	</row1>
					<row2>	-0.4050 0.0366 0.9136 0.0000	</row2>
					<row3>	-0.2552 0.3797 4.6570 1.0000	</row3>
				</transform>
			</node>
			<node>
				<identifier>	MP_AM686_Floater_Net_Basket_Wide	</identifier>
				<transform>
					<row0>	0.9161 0.0141 0.4007 0.0000	</row0>
					<row1>	0.0030 0.9991 -0.0421 0.0000	</row1>
					<row2>	-0.4009 0.0398 0.9152 0.0000	</row2>
					<row3>	-0.2899 0.3722 4.7355 1.0000	</row3>
				</transform>
			</node>
			<node>
				<identifier>	MP_AM686_Floater_Net_Basket_Wide_INDEX_1	</identifier>
				<transform>
					<row0>	0.9998 -0.0168 0.0128 0.0000	</row0>
					<row1>	0.0172 0.9993 -0.0324 0.0000	</row1>
					<row2>	-0.0122 0.0326 0.9994 0.0000	</row2>
					<row3>	0.0000 0.3686 4.7562 1.0000	</row3>
				</transform>
			</node>
			<node>
				<identifier>	MP_AM686_Floater_Net_Basket_Wide_INDEX_2	</identifier>
				<transform>
					<row0>	0.9161 -0.0141 -0.4007 0.0000	</row0>
					<row1>	-0.0030 0.9991 -0.0421 0.0000	</row1>
					<row2>	0.4009 0.0398 0.9152 0.0000	</row2>
					<row3>	0.2899 0.3722 4.7355 1.0000	</row3>
				</transform>
			</node>
			<node>
				<identifier>	MP_CM011_Fire_Fighting_Gear	</identifier>
				<transform>
					<row0>	1.0000 0.0000 0.0000 0.0000	</row0>
					<row1>	0.0000 1.0000 0.0000 0.0000	</row1>
					<row2>	0.0000 0.0000 1.0000 0.0000	</row2>
					<row3>	0.0393 0.4254 5.8315 1.0000	</row3>
				</transform>
			</node>
			<node>
				<identifier>	MP_CM012_Fire_Hose_Rack_1	</identifier>
				<transform>
					<row0>	0.0000 0.0000 1.0000 0.0000	</row0>
					<row1>	0.0000 1.0000 0.0000 0.0000	</row1>
					<row2>	-1.0000 0.0000 0.0000 0.0000	</row2>
					<row3>	0.0105 0.4742 5.8387 1.0000	</row3>
				</transform>
			</node>
			<node>
				<identifier>	MP_CM029_Emergency_Box	</identifier>
				<transform>
					<row0>	0.0000 0.0000 1.0000 0.0000	</row0>
					<row1>	0.0000 1.0000 0.0000 0.0000	</row1>
					<row2>	-1.0000 0.0000 0.0000 0.0000	</row2>
					<row3>	0.0548 0.6065 7.5044 1.0000	</row3>
				</transform>
			</node>
			<node>
				<identifier>	MP_CM029_Emergency_Box_INDEX_1	</identifier>
				<transform>
					<row0>	-1.0000 0.0000 0.0000 0.0000	</row0>
					<row1>	0.0000 1.0000 0.0000 0.0000	</row1>
					<row2>	0.0000 0.0000 -1.0000 0.0000	</row2>
					<row3>	0.0422 0.4797 6.1723 1.0000	</row3>
				</transform>
			</node>
			<node>
				<identifier>	SP_YMS001_YHBM_M_1	</identifier>
				<transform>
					<row0>	1.0500 0.0000 0.0000 0.0000	</row0>
					<row1>	0.0000 1.0461 0.0908 0.0000	</row1>
					<row2>	0.0000 -0.0908 1.0461 0.0000	</row2>
					<row3>	0.0000 0.5853 8.3050 1.0000	</row3>
				</transform>
			</node>
			<node>
				<identifier>	SP_YMS002_YHBL_M_1	</identifier>
				<transform>
					<row0>	0.9997 0.0000 -0.0237 0.0000	</row0>
					<row1>	-0.0016 0.9979 -0.0645 0.0000	</row1>
					<row2>	0.0236 0.0645 0.9976 0.0000	</row2>
					<row3>	0.0020 0.5905 8.2744 1.0000	</row3>
				</transform>
			</node>
			<node>
				<identifier>	SP_YMS003_YHBR_M_1	</identifier>
				<transform>
					<row0>	0.9997 0.0000 0.0237 0.0000	</row0>
					<row1>	0.0016 0.9979 -0.0645 0.0000	</row1>
					<row2>	-0.0236 0.0645 0.9976 0.0000	</row2>
					<row3>	0.0020 0.5905 8.2745 1.0000	</row3>
				</transform>
			</node>
			<node>
				<identifier>	SP_YMS004_YHXL_L_1	</identifier>
				<transform>
					<row0>	0.8587 0.4852 -0.1651 0.0000	</row0>
					<row1>	-0.4585 0.8712 0.1754 0.0000	</row1>
					<row2>	0.2289 -0.0749 0.9706 0.0000	</row2>
					<row3>	-0.1465 0.4226 7.7517 1.0000	</row3>
				</transform>
			</node>
			<node>
				<identifier>	SP_YMS005_YHXR_L_1	</identifier>
				<transform>
					<row0>	0.8587 -0.4852 0.1651 0.0000	</row0>
					<row1>	0.4585 0.8712 0.1754 0.0000	</row1>
					<row2>	-0.2289 -0.0749 0.9706 0.0000	</row2>
					<row3>	0.1465 0.4226 7.7517 1.0000	</row3>
				</transform>
			</node>
			<node>
				<identifier>	SP_YMS010_YHWM_L_1	</identifier>
				<transform>
					<row0>	1.0178 0.0000 0.0000 0.0000	</row0>
					<row1>	0.0000 1.0178 0.0000 0.0000	</row1>
					<row2>	0.0000 0.0000 1.0178 0.0000	</row2>
					<row3>	0.0000 0.0000 8.0363 1.0000	</row3>
				</transform>
			</node>
			<node>
				<identifier>	SP_YMS011_YHWL_M_1	</identifier>
				<transform>
					<row0>	0.9884 0.0000 -0.1517 0.0000	</row0>
					<row1>	0.0000 1.0000 0.0000 0.0000	</row1>
					<row2>	0.1517 0.0000 0.9884 0.0000	</row2>
					<row3>	-0.2358 0.0000 6.3609 1.0000	</row3>
				</transform>
			</node>
			<node>
				<identifier>	SP_YMS011_YHWL_M_1_INDEX_1	</identifier>
				<transform>
					<row0>	0.9860 0.0000 -0.1667 0.0000	</row0>
					<row1>	0.0000 1.0000 0.0000 0.0000	</row1>
					<row2>	0.1667 0.0000 0.9860 0.0000	</row2>
					<row3>	-0.3669 0.0000 5.5213 1.0000	</row3>
				</transform>
			</node>
			<node>
				<identifier>	SP_YMS011_YHWL_M_1_INDEX_2	</identifier>
				<transform>
					<row0>	0.9838 0.0000 -0.1791 0.0000	</row0>
					<row1>	0.0000 1.0000 0.0000 0.0000	</row1>
					<row2>	0.1791 0.0000 0.9838 0.0000	</row2>
					<row3>	-0.5167 0.0000 4.6849 1.0000	</row3>
				</transform>
			</node>
			<node>
				<identifier>	SP_YMS011_YHWL_M_1_INDEX_3	</identifier>
				<transform>
					<row0>	0.9892 0.0000 -0.1468 0.0000	</row0>
					<row1>	0.0000 1.0000 0.0000 0.0000	</row1>
					<row2>	0.1468 0.0000 0.9892 0.0000	</row2>
					<row3>	-0.6561 0.0000 3.8463 1.0000	</row3>
				</transform>
			</node>
			<node>
				<identifier>	SP_YMS012_YHWR_M_1	</identifier>
				<transform>
					<row0>	0.9884 0.0000 0.1517 0.0000	</row0>
					<row1>	0.0000 1.0000 0.0000 0.0000	</row1>
					<row2>	-0.1517 0.0000 0.9884 0.0000	</row2>
					<row3>	0.2358 0.0000 6.3609 1.0000	</row3>
				</transform>
			</node>
			<node>
				<identifier>	SP_YMS012_YHWR_M_1_INDEX_1	</identifier>
				<transform>
					<row0>	0.9860 0.0000 0.1667 0.0000	</row0>
					<row1>	0.0000 1.0000 0.0000 0.0000	</row1>
					<row2>	-0.1667 0.0000 0.9860 0.0000	</row2>
					<row3>	0.3669 0.0000 5.5213 1.0000	</row3>
				</transform>
			</node>
			<node>
				<identifier>	SP_YMS012_YHWR_M_1_INDEX_2	</identifier>
				<transform>
					<row0>	0.9838 0.0000 0.1791 0.0000	</row0>
					<row1>	0.0000 1.0000 0.0000 0.0000	</row1>
					<row2>	-0.1791 0.0000 0.9838 0.0000	</row2>
					<row3>	0.5167 0.0000 4.6849 1.0000	</row3>
				</transform>
			</node>
			<node>
				<identifier>	SP_YMS012_YHWR_M_1_INDEX_3	</identifier>
				<transform>
					<row0>	0.9892 0.0000 0.1468 0.0000	</row0>
					<row1>	0.0000 1.0000 0.0000 0.0000	</row1>
					<row2>	-0.1468 0.0000 0.9892 0.0000	</row2>
					<row3>	0.6561 0.0000 3.8463 1.0000	</row3>
				</transform>
			</node>
			<node>
				<identifier>	SP_YMS020_YHBU_M_1	</identifier>
				<transform>
					<row0>	1.6255 0.0000 0.0000 0.0000	</row0>
					<row1>	0.0000 1.6233 -0.0851 0.0000	</row1>
					<row2>	0.0000 0.0851 1.6233 0.0000	</row2>
					<row3>	0.0000 0.0000 7.9346 1.0000	</row3>
				</transform>
			</node>
			<node>
				<identifier>	SP_YMS051_YHDL_L_1	</identifier>
				<transform>
					<row0>	0.9899 0.0000 -0.0984 0.0000	</row0>
					<row1>	-0.0037 0.9941 -0.0368 0.0000	</row1>
					<row2>	0.0984 0.0370 0.9892 0.0000	</row2>
					<row3>	-0.6321 0.3742 4.7126 1.0000	</row3>
				</transform>
			</node>
			<node>
				<identifier>	SP_YMS052_YHDR_L_1	</identifier>
				<transform>
					<row0>	0.9899 0.0000 0.0984 0.0000	</row0>
					<row1>	0.0037 0.9941 -0.0368 0.0000	</row1>
					<row2>	-0.0984 0.0370 0.9892 0.0000	</row2>
					<row3>	0.6321 0.3742 4.7126 1.0000	</row3>
				</transform>
			</node>
			<node>
				<identifier>	SP_YMS053_YHDC_S_1	</identifier>
				<transform>
					<row0>	1.0000 0.0000 0.0000 0.0000	</row0>
					<row1>	0.0000 0.9987 -0.0502 0.0000	</row1>
					<row2>	0.0000 0.0502 0.9987 0.0000	</row2>
					<row3>	0.0000 0.5174 7.1106 1.0000	</row3>
				</transform>
			</node>
			<node>
				<identifier>	SP_YMS064_YHGQ_M_1	</identifier>
				<transform>
					<row0>	0.0000 0.0000 0.4100 0.0000	</row0>
					<row1>	0.0000 0.4100 0.0000 0.0000	</row1>
					<row2>	-0.4100 0.0000 0.0000 0.0000	</row2>
					<row3>	0.0000 0.8055 7.4209 1.0000	</row3>
				</transform>
			</node>
			<node>
				<identifier>	SP_YMS064_YHGQ_M_1_INDEX_1	</identifier>
				<transform>
					<row0>	0.4100 0.0000 0.0000 0.0000	</row0>
					<row1>	0.0000 0.4100 0.0000 0.0000	</row1>
					<row2>	0.0000 0.0000 0.4100 0.0000	</row2>
					<row3>	0.0000 0.8055 7.4209 1.0000	</row3>
				</transform>
			</node>
			<node>
				<identifier>	SP_YMS064_YHGQ_M_1_INDEX_2	</identifier>
				<transform>
					<row0>	0.0000 0.0000 -0.4100 0.0000	</row0>
					<row1>	0.0000 0.4100 0.0000 0.0000	</row1>
					<row2>	0.4100 0.0000 0.0000 0.0000	</row2>
					<row3>	0.0000 0.8055 7.4209 1.0000	</row3>
				</transform>
			</node>
			<node>
				<identifier>	SP_YMS071_YHHC_S_1	</identifier>
				<transform>
					<row0>	-0.3125 0.9499 -0.0038 0.0000	</row0>
					<row1>	-0.9431 -0.3098 0.1204 0.0000	</row1>
					<row2>	0.1132 0.0412 0.9927 0.0000	</row2>
					<row3>	-0.6790 0.2498 3.8868 1.0000	</row3>
				</transform>
			</node>
			<node>
				<identifier>	SP_YMS071_YHHC_S_1_INDEX_1	</identifier>
				<transform>
					<row0>	-0.3125 -0.9499 0.0038 0.0000	</row0>
					<row1>	0.9431 -0.3098 0.1204 0.0000	</row1>
					<row2>	-0.1132 0.0412 0.9927 0.0000	</row2>
					<row3>	0.6790 0.2498 3.8868 1.0000	</row3>
				</transform>
			</node>
			<node>
				<identifier>	SP_YMS080_YHSL_M_1	</identifier>
				<transform>
					<row0>	0.8265 0.5584 -0.0718 0.0000	</row0>
					<row1>	-0.5524 0.8290 0.0874 0.0000	</row1>
					<row2>	0.1083 -0.0326 0.9936 0.0000	</row2>
					<row3>	-0.2871 0.2955 6.3487 1.0000	</row3>
				</transform>
			</node>
			<node>
				<identifier>	SP_YMS080_YHSL_M_1_INDEX_1	</identifier>
				<transform>
					<row0>	0.9007 0.4163 -0.1246 0.0000	</row0>
					<row1>	-0.4106 0.9092 0.0696 0.0000	</row1>
					<row2>	0.1422 -0.0115 0.9898 0.0000	</row2>
					<row3>	-0.5163 0.2511 4.7985 1.0000	</row3>
				</transform>
			</node>
			<node>
				<identifier>	SP_YMS081_YHSR_M_1	</identifier>
				<transform>
					<row0>	0.8265 -0.5584 0.0718 0.0000	</row0>
					<row1>	0.5524 0.8290 0.0874 0.0000	</row1>
					<row2>	-0.1083 -0.0326 0.9936 0.0000	</row2>
					<row3>	0.2871 0.2955 6.3487 1.0000	</row3>
				</transform>
			</node>
			<node>
				<identifier>	SP_YMS081_YHSR_M_1_INDEX_1	</identifier>
				<transform>
					<row0>	0.9007 -0.4163 0.1246 0.0000	</row0>
					<row1>	0.4106 0.9092 0.0696 0.0000	</row1>
					<row2>	-0.1422 -0.0115 0.9898 0.0000	</row2>
					<row3>	0.5163 0.2511 4.7985 1.0000	</row3>
				</transform>
			</node>
		</node>
	</node>
	<boundingBox>
		<min>	-0.0667 -0.0667 -0.0667	</min>
		<max>	0.0667 0.0667 0.0667	</max>
	</boundingBox>
</ASC026_Alaska_1944_Bow_ports.visual>
