<ASD049_Benson_1944_MidFront_ports.visual>
	<node>
		<identifier>	Scene Root	</identifier>
		<transform>
			<row0>	1.0000 0.0000 0.0000 0.0000	</row0>
			<row1>	0.0000 1.0000 0.0000 0.0000	</row1>
			<row2>	0.0000 0.0000 1.0000 0.0000	</row2>
			<row3>	0.0000 0.0000 0.0000 1.0000	</row3>
		</transform>
		<node>
			<identifier>	MidFront_ports	</identifier>
			<transform>
				<row0>	1.0000 0.0000 0.0000 0.0000	</row0>
				<row1>	0.0000 1.0000 0.0000 0.0000	</row1>
				<row2>	0.0000 0.0000 1.0000 0.0000	</row2>
				<row3>	0.0000 0.0000 0.0000 1.0000	</row3>
			</transform>
			<node>
				<identifier>	HP_AD_1	</identifier>
				<transform>
					<row0>	1.0000 0.0000 0.0000 0.0000	</row0>
					<row1>	0.0000 1.0000 0.0000 0.0000	</row1>
					<row2>	0.0000 0.0000 1.0000 0.0000	</row2>
					<row3>	0.0000 0.8206 1.4181 1.0000	</row3>
				</transform>
			</node>
			<node>
				<identifier>	HP_AD_2	</identifier>
				<transform>
					<row0>	1.0000 0.0000 0.0000 0.0000	</row0>
					<row1>	0.0000 1.0000 0.0000 0.0000	</row1>
					<row2>	0.0000 0.0000 1.0000 0.0000	</row2>
					<row3>	0.0000 0.9760 1.1777 1.0000	</row3>
				</transform>
			</node>
			<node>
				<identifier>	HP_AGA_1	</identifier>
				<transform>
					<row0>	0.7071 0.0000 0.7071 0.0000	</row0>
					<row1>	0.0000 1.0000 0.0000 0.0000	</row1>
					<row2>	-0.7071 0.0000 0.7071 0.0000	</row2>
					<row3>	-0.1740 0.4714 1.5547 1.0000	</row3>
				</transform>
			</node>
			<node>
				<identifier>	HP_AGA_2	</identifier>
				<transform>
					<row0>	0.7071 0.0000 -0.7071 0.0000	</row0>
					<row1>	0.0000 1.0000 0.0000 0.0000	</row1>
					<row2>	0.7071 0.0000 0.7071 0.0000	</row2>
					<row3>	0.1740 0.4714 1.5547 1.0000	</row3>
				</transform>
			</node>
			<node>
				<identifier>	HP_AGM_1	</identifier>
				<transform>
					<row0>	1.0000 0.0000 0.0000 0.0000	</row0>
					<row1>	0.0000 1.0000 0.0000 0.0000	</row1>
					<row2>	0.0000 0.0000 1.0000 0.0000	</row2>
					<row3>	-0.0041 0.3565 2.3652 1.0000	</row3>
				</transform>
			</node>
			<node>
				<identifier>	HP_AGM_2	</identifier>
				<transform>
					<row0>	1.0000 0.0000 0.0000 0.0000	</row0>
					<row1>	0.0000 1.0000 0.0000 0.0000	</row1>
					<row2>	0.0000 0.0000 1.0000 0.0000	</row2>
					<row3>	0.0000 0.4897 1.9048 1.0000	</row3>
				</transform>
			</node>
			<node>
				<identifier>	HP_AGT_1	</identifier>
				<transform>
					<row0>	1.0000 0.0000 0.0000 0.0000	</row0>
					<row1>	0.0000 1.0000 0.0000 0.0000	</row1>
					<row2>	0.0000 0.0000 1.0000 0.0000	</row2>
					<row3>	0.0000 0.3158 0.1246 1.0000	</row3>
				</transform>
			</node>
			<node>
				<identifier>	HP_ARS_1	</identifier>
				<transform>
					<row0>	1.0000 0.0000 0.0000 0.0000	</row0>
					<row1>	0.0000 1.0000 0.0000 0.0000	</row1>
					<row2>	0.0000 0.0000 1.0000 0.0000	</row2>
					<row3>	0.0000 1.5895 0.8576 1.0000	</row3>
				</transform>
			</node>
			<node>
				<identifier>	HP_ARS_2	</identifier>
				<transform>
					<row0>	1.0000 0.0000 0.0000 0.0000	</row0>
					<row1>	0.0000 1.0000 0.0000 0.0000	</row1>
					<row2>	0.0000 0.0000 1.0000 0.0000	</row2>
					<row3>	0.0000 1.6727 0.8010 1.0000	</row3>
				</transform>
			</node>
			<node>
				<identifier>	HP_FX_Fire_2	</identifier>
				<transform>
					<row0>	1.0000 0.0000 0.0000 0.0000	</row0>
					<row1>	0.0000 1.0000 0.0000 0.0000	</row1>
					<row2>	0.0000 0.0000 1.0000 0.0000	</row2>
					<row3>	0.0000 0.8493 1.1618 1.0000	</row3>
				</transform>
			</node>
			<node>
				<identifier>	HP_FX_Fire_2_side_1	</identifier>
				<transform>
					<row0>	1.0000 0.0000 0.0000 0.0000	</row0>
					<row1>	0.0000 1.0000 0.0000 0.0000	</row1>
					<row2>	0.0000 0.0000 1.0000 0.0000	</row2>
					<row3>	-0.2591 0.3761 0.8382 1.0000	</row3>
				</transform>
			</node>
			<node>
				<identifier>	HP_FX_FloodLight_left_1	</identifier>
				<transform>
					<row0>	-1.0000 0.0000 0.0000 0.0000	</row0>
					<row1>	0.0000 1.0000 0.0000 0.0000	</row1>
					<row2>	0.0000 0.0000 -1.0000 0.0000	</row2>
					<row3>	-0.1651 0.5621 1.1277 1.0000	</row3>
				</transform>
			</node>
			<node>
				<identifier>	HP_FX_FloodLight_right_1	</identifier>
				<transform>
					<row0>	1.0000 0.0000 0.0000 0.0000	</row0>
					<row1>	0.0000 1.0000 0.0000 0.0000	</row1>
					<row2>	0.0000 0.0000 1.0000 0.0000	</row2>
					<row3>	0.1614 0.5660 1.2447 1.0000	</row3>
				</transform>
			</node>
			<node>
				<identifier>	HP_FX_Flood_steam_1	</identifier>
				<transform>
					<row0>	1.0000 0.0000 0.0000 0.0000	</row0>
					<row1>	0.0000 0.9648 -0.2630 0.0000	</row1>
					<row2>	0.0000 0.2630 0.9648 0.0000	</row2>
					<row3>	0.0033 0.8747 0.3885 1.0000	</row3>
				</transform>
			</node>
			<node>
				<identifier>	HP_FX_Flood_steam_left	</identifier>
				<transform>
					<row0>	-1.0000 0.0000 0.0000 0.0000	</row0>
					<row1>	0.0000 1.0000 0.0000 0.0000	</row1>
					<row2>	0.0000 0.0000 -1.0000 0.0000	</row2>
					<row3>	-0.3125 0.2531 1.5631 1.0000	</row3>
				</transform>
			</node>
			<node>
				<identifier>	HP_FX_Flood_water_left_2	</identifier>
				<transform>
					<row0>	-0.9977 0.0000 0.0671 0.0000	</row0>
					<row1>	0.0000 1.0000 0.0000 0.0000	</row1>
					<row2>	-0.0671 0.0000 -0.9977 0.0000	</row2>
					<row3>	-0.2863 0.0312 1.5271 1.0000	</row3>
				</transform>
			</node>
			<node>
				<identifier>	HP_FX_Flood_water_right_2	</identifier>
				<transform>
					<row0>	0.9972 0.0000 0.0749 0.0000	</row0>
					<row1>	0.0000 1.0000 0.0000 0.0000	</row1>
					<row2>	-0.0749 0.0000 0.9972 0.0000	</row2>
					<row3>	0.2862 0.0311 1.5277 1.0000	</row3>
				</transform>
			</node>
			<node>
				<identifier>	HP_FX_Smoke_1	</identifier>
				<transform>
					<row0>	1.0000 0.0000 0.0000 0.0000	</row0>
					<row1>	0.0000 1.0000 0.0000 0.0000	</row1>
					<row2>	0.0000 0.0000 1.0000 0.0000	</row2>
					<row3>	0.0000 0.9121 0.4816 1.0000	</row3>
				</transform>
			</node>
			<node>
				<identifier>	HP_Ship_death_2	</identifier>
				<transform>
					<row0>	1.0000 0.0000 0.0000 0.0000	</row0>
					<row1>	0.0000 1.0000 0.0000 0.0000	</row1>
					<row2>	0.0000 0.0000 1.0000 0.0000	</row2>
					<row3>	0.0000 0.0000 0.1394 1.0000	</row3>
				</transform>
			</node>
			<node>
				<identifier>	HP_flag_1	</identifier>
				<transform>
					<row0>	0.9998 -0.0206 0.0014 0.0000	</row0>
					<row1>	0.0206 0.9905 -0.1359 0.0000	</row1>
					<row2>	0.0014 0.1359 0.9907 0.0000	</row2>
					<row3>	0.2014 1.4572 0.8050 1.0000	</row3>
				</transform>
			</node>
			<node>
				<identifier>	HP_flag_2	</identifier>
				<transform>
					<row0>	0.9998 0.0206 -0.0014 0.0000	</row0>
					<row1>	-0.0206 0.9905 -0.1359 0.0000	</row1>
					<row2>	-0.0014 0.1359 0.9907 0.0000	</row2>
					<row3>	-0.2014 1.4572 0.8050 1.0000	</row3>
				</transform>
			</node>
			<node>
				<identifier>	HP_flag_3	</identifier>
				<transform>
					<row0>	0.9991 0.0425 -0.0029 0.0000	</row0>
					<row1>	-0.0425 0.9898 -0.1358 0.0000	</row1>
					<row2>	-0.0029 0.1358 0.9907 0.0000	</row2>
					<row3>	0.1139 1.4572 0.8050 1.0000	</row3>
				</transform>
			</node>
			<node>
				<identifier>	HP_flag_4	</identifier>
				<transform>
					<row0>	0.9991 -0.0425 0.0029 0.0000	</row0>
					<row1>	0.0425 0.9898 -0.1358 0.0000	</row1>
					<row2>	0.0029 0.1358 0.9907 0.0000	</row2>
					<row3>	-0.1139 1.4572 0.8050 1.0000	</row3>
				</transform>
			</node>
			<node>
				<identifier>	HP_flag_courtesy	</identifier>
				<transform>
					<row0>	0.9998 -0.0206 0.0014 0.0000	</row0>
					<row1>	0.0206 0.9905 -0.1359 0.0000	</row1>
					<row2>	0.0014 0.1359 0.9907 0.0000	</row2>
					<row3>	0.2212 1.4932 0.8000 1.0000	</row3>
				</transform>
			</node>
			<node>
				<identifier>	HP_flag_house	</identifier>
				<transform>
					<row0>	0.9998 0.0206 -0.0014 0.0000	</row0>
					<row1>	-0.0206 0.9905 -0.1359 0.0000	</row1>
					<row2>	-0.0014 0.1359 0.9907 0.0000	</row2>
					<row3>	-0.2212 1.4932 0.8000 1.0000	</row3>
				</transform>
			</node>
			<node>
				<identifier>	HP_flag_rank	</identifier>
				<transform>
					<row0>	1.0000 0.0000 0.0000 0.0000	</row0>
					<row1>	0.0000 0.9895 0.1446 0.0000	</row1>
					<row2>	0.0000 -0.1446 0.9895 0.0000	</row2>
					<row3>	0.0006 1.4325 0.7384 1.0000	</row3>
				</transform>
			</node>
			<node>
				<identifier>	MP_AM010_Speaker_1	</identifier>
				<transform>
					<row0>	-1.0000 0.0000 0.0000 0.0000	</row0>
					<row1>	0.0000 1.0000 0.0000 0.0000	</row1>
					<row2>	0.0000 0.0000 -1.0000 0.0000	</row2>
					<row3>	0.0000 0.9577 1.2849 1.0000	</row3>
				</transform>
			</node>
			<node>
				<identifier>	MP_AM010_Speaker_1_INDEX_1	</identifier>
				<transform>
					<row0>	-1.0000 0.0000 0.0000 0.0000	</row0>
					<row1>	0.0000 1.0000 0.0000 0.0000	</row1>
					<row2>	0.0000 0.0000 -1.0000 0.0000	</row2>
					<row3>	0.0000 0.7431 1.4886 1.0000	</row3>
				</transform>
			</node>
			<node>
				<identifier>	MP_AM010_Speaker_1_INDEX_2	</identifier>
				<transform>
					<row0>	1.0000 0.0000 0.0000 0.0000	</row0>
					<row1>	0.0000 1.0000 0.0000 0.0000	</row1>
					<row2>	0.0000 0.0000 1.0000 0.0000	</row2>
					<row3>	-0.0522 0.4418 1.0279 1.0000	</row3>
				</transform>
			</node>
			<node>
				<identifier>	MP_AM018_Compass_Binnacle	</identifier>
				<transform>
					<row0>	1.0000 0.0000 0.0000 0.0000	</row0>
					<row1>	0.0000 1.0000 0.0000 0.0000	</row1>
					<row2>	0.0000 0.0000 1.0000 0.0000	</row2>
					<row3>	0.0000 0.6659 1.4048 1.0000	</row3>
				</transform>
			</node>
			<node>
				<identifier>	MP_AM025_Pelorus_Mk7	</identifier>
				<transform>
					<row0>	-1.0000 0.0000 0.0000 0.0000	</row0>
					<row1>	0.0000 1.0000 0.0000 0.0000	</row1>
					<row2>	0.0000 0.0000 -1.0000 0.0000	</row2>
					<row3>	-0.2521 0.6869 1.2739 1.0000	</row3>
				</transform>
			</node>
			<node>
				<identifier>	MP_AM025_Pelorus_Mk7_INDEX_1	</identifier>
				<transform>
					<row0>	-1.0000 0.0000 0.0000 0.0000	</row0>
					<row1>	0.0000 1.0000 0.0000 0.0000	</row1>
					<row2>	0.0000 0.0000 -1.0000 0.0000	</row2>
					<row3>	0.2521 0.6869 1.2739 1.0000	</row3>
				</transform>
			</node>
			<node>
				<identifier>	MP_AM047_Running_Lights_R	</identifier>
				<transform>
					<row0>	1.0000 0.0000 0.0000 0.0000	</row0>
					<row1>	0.0000 1.0000 0.0000 0.0000	</row1>
					<row2>	0.0000 0.0000 1.0000 0.0000	</row2>
					<row3>	0.2312 0.5881 1.1856 1.0000	</row3>
				</transform>
			</node>
			<node>
				<identifier>	MP_AM048_Running_Lights_L	</identifier>
				<transform>
					<row0>	1.0000 0.0000 0.0000 0.0000	</row0>
					<row1>	0.0000 1.0000 0.0000 0.0000	</row1>
					<row2>	0.0000 0.0000 1.0000 0.0000	</row2>
					<row3>	-0.2312 0.5881 1.1856 1.0000	</row3>
				</transform>
			</node>
			<node>
				<identifier>	MP_AM049_Signal_Lamp_1	</identifier>
				<transform>
					<row0>	0.7280 0.0000 0.0000 0.0000	</row0>
					<row1>	0.0000 0.7280 0.0000 0.0000	</row1>
					<row2>	0.0000 0.0000 0.7280 0.0000	</row2>
					<row3>	-0.0403 1.3001 0.7903 1.0000	</row3>
				</transform>
			</node>
			<node>
				<identifier>	MP_AM050_Fightin_Light	</identifier>
				<transform>
					<row0>	-1.0000 0.0000 0.0000 0.0000	</row0>
					<row1>	0.0000 1.0000 0.0000 0.0000	</row1>
					<row2>	0.0000 0.0000 -1.0000 0.0000	</row2>
					<row3>	0.0629 1.2260 0.8380 1.0000	</row3>
				</transform>
			</node>
			<node>
				<identifier>	MP_AM050_Fightin_Light_INDEX_1	</identifier>
				<transform>
					<row0>	1.0000 0.0000 0.0000 0.0000	</row0>
					<row1>	0.0000 1.0000 0.0000 0.0000	</row1>
					<row2>	0.0000 0.0000 1.0000 0.0000	</row2>
					<row3>	-0.0630 1.2260 0.8380 1.0000	</row3>
				</transform>
			</node>
			<node>
				<identifier>	MP_AM050_Fightin_Light_INDEX_2	</identifier>
				<transform>
					<row0>	-1.0000 0.0000 0.0000 0.0000	</row0>
					<row1>	0.0000 1.0000 0.0000 0.0000	</row1>
					<row2>	0.0000 0.0000 -1.0000 0.0000	</row2>
					<row3>	0.2930 0.7040 0.9760 1.0000	</row3>
				</transform>
			</node>
			<node>
				<identifier>	MP_AM050_Fightin_Light_INDEX_3	</identifier>
				<transform>
					<row0>	1.0000 0.0000 0.0000 0.0000	</row0>
					<row1>	0.0000 1.0000 0.0000 0.0000	</row1>
					<row2>	0.0000 0.0000 1.0000 0.0000	</row2>
					<row3>	-0.2930 0.7040 0.9760 1.0000	</row3>
				</transform>
			</node>
			<node>
				<identifier>	MP_AM055_Boat_1	</identifier>
				<transform>
					<row0>	-0.9556 -0.2945 0.0000 0.0000	</row0>
					<row1>	-0.2945 0.9556 0.0000 0.0000	</row1>
					<row2>	0.0000 0.0000 -1.0000 0.0000	</row2>
					<row3>	-0.2683 0.4516 1.2408 1.0000	</row3>
				</transform>
			</node>
			<node>
				<identifier>	MP_AM055_Boat_1_INDEX_1	</identifier>
				<transform>
					<row0>	0.0852 -0.9964 -0.0046 0.0000	</row0>
					<row1>	-0.9952 -0.0853 0.0482 0.0000	</row1>
					<row2>	-0.0484 0.0005 -0.9988 0.0000	</row2>
					<row3>	-0.2945 0.2104 0.7939 1.0000	</row3>
				</transform>
			</node>
			<node>
				<identifier>	MP_AM055_Boat_1_INDEX_2	</identifier>
				<transform>
					<row0>	-0.9556 0.2945 0.0000 0.0000	</row0>
					<row1>	0.2945 0.9556 0.0000 0.0000	</row1>
					<row2>	0.0000 0.0000 -1.0000 0.0000	</row2>
					<row3>	0.2683 0.4516 1.2408 1.0000	</row3>
				</transform>
			</node>
			<node>
				<identifier>	MP_AM055_Boat_1_INDEX_3	</identifier>
				<transform>
					<row0>	0.0852 0.9964 0.0046 0.0000	</row0>
					<row1>	0.9952 -0.0853 0.0482 0.0000	</row1>
					<row2>	0.0484 0.0005 -0.9988 0.0000	</row2>
					<row3>	0.2945 0.2104 0.7939 1.0000	</row3>
				</transform>
			</node>
			<node>
				<identifier>	MP_AM061_Sky_Lookout_1	</identifier>
				<transform>
					<row0>	1.0000 0.0000 0.0000 0.0000	</row0>
					<row1>	0.0000 1.0000 0.0000 0.0000	</row1>
					<row2>	0.0000 0.0000 1.0000 0.0000	</row2>
					<row3>	0.1148 0.8206 1.3328 1.0000	</row3>
				</transform>
			</node>
			<node>
				<identifier>	MP_AM061_Sky_Lookout_1_INDEX_1	</identifier>
				<transform>
					<row0>	1.0000 0.0000 0.0000 0.0000	</row0>
					<row1>	0.0000 1.0000 0.0000 0.0000	</row1>
					<row2>	0.0000 0.0000 1.0000 0.0000	</row2>
					<row3>	-0.1148 0.8206 1.3328 1.0000	</row3>
				</transform>
			</node>
			<node>
				<identifier>	MP_AM062_IFF_Antenna	</identifier>
				<transform>
					<row0>	1.0000 0.0000 0.0000 0.0000	</row0>
					<row1>	0.0000 1.0000 0.0000 0.0000	</row1>
					<row2>	0.0000 0.0000 1.0000 0.0000	</row2>
					<row3>	0.2212 1.5061 0.7996 1.0000	</row3>
				</transform>
			</node>
			<node>
				<identifier>	MP_AM062_IFF_Antenna_INDEX_1	</identifier>
				<transform>
					<row0>	1.0000 0.0000 0.0000 0.0000	</row0>
					<row1>	0.0000 1.0000 0.0000 0.0000	</row1>
					<row2>	0.0000 0.0000 1.0000 0.0000	</row2>
					<row3>	-0.2212 1.5061 0.7996 1.0000	</row3>
				</transform>
			</node>
			<node>
				<identifier>	MP_AM074_Floater_Net_Basket_2	</identifier>
				<transform>
					<row0>	0.0000 0.0000 -1.0000 0.0000	</row0>
					<row1>	0.0000 1.0000 0.0000 0.0000	</row1>
					<row2>	1.0000 0.0000 0.0000 0.0000	</row2>
					<row3>	0.1726 0.3000 0.2364 1.0000	</row3>
				</transform>
			</node>
			<node>
				<identifier>	MP_AM074_Floater_Net_Basket_2_INDEX_1	</identifier>
				<transform>
					<row0>	0.0000 0.0000 1.0000 0.0000	</row0>
					<row1>	0.0000 1.0000 0.0000 0.0000	</row1>
					<row2>	-1.0000 0.0000 0.0000 0.0000	</row2>
					<row3>	-0.1750 0.2761 0.0812 1.0000	</row3>
				</transform>
			</node>
			<node>
				<identifier>	MP_AM079_24in_SearchLight	</identifier>
				<transform>
					<row0>	0.0000 0.0000 1.0000 0.0000	</row0>
					<row1>	0.0000 1.0000 0.0000 0.0000	</row1>
					<row2>	-1.0000 0.0000 0.0000 0.0000	</row2>
					<row3>	-0.2345 0.7115 0.9754 1.0000	</row3>
				</transform>
			</node>
			<node>
				<identifier>	MP_AM079_24in_SearchLight_INDEX_1	</identifier>
				<transform>
					<row0>	0.0000 0.0000 -1.0000 0.0000	</row0>
					<row1>	0.0000 1.0000 0.0000 0.0000	</row1>
					<row2>	1.0000 0.0000 0.0000 0.0000	</row2>
					<row3>	0.2345 0.7115 0.9754 1.0000	</row3>
				</transform>
			</node>
			<node>
				<identifier>	MP_AM085_TBS_Antenna	</identifier>
				<transform>
					<row0>	0.7071 0.0000 0.7071 0.0000	</row0>
					<row1>	0.0000 1.0000 0.0000 0.0000	</row1>
					<row2>	-0.7071 0.0000 0.7071 0.0000	</row2>
					<row3>	-0.1217 1.5067 0.7992 1.0000	</row3>
				</transform>
			</node>
			<node>
				<identifier>	MP_AM086_TBS_Antenna_2	</identifier>
				<transform>
					<row0>	1.0000 0.0000 0.0000 0.0000	</row0>
					<row1>	0.0000 1.0000 0.0000 0.0000	</row1>
					<row2>	0.0000 0.0000 1.0000 0.0000	</row2>
					<row3>	0.1194 1.5060 0.7996 1.0000	</row3>
				</transform>
			</node>
			<node>
				<identifier>	MP_AM114_Freon_Cylinder_acetylene	</identifier>
				<transform>
					<row0>	0.0000 0.0000 1.0000 0.0000	</row0>
					<row1>	0.0000 1.0000 0.0000 0.0000	</row1>
					<row2>	-1.0000 0.0000 0.0000 0.0000	</row2>
					<row3>	-0.1852 0.1385 0.1917 1.0000	</row3>
				</transform>
			</node>
			<node>
				<identifier>	MP_AM114_Freon_Cylinder_acetylene_INDEX_1	</identifier>
				<transform>
					<row0>	0.0000 0.0000 -1.0000 0.0000	</row0>
					<row1>	0.0000 1.0000 0.0000 0.0000	</row1>
					<row2>	1.0000 0.0000 0.0000 0.0000	</row2>
					<row3>	0.1445 0.1385 0.7794 1.0000	</row3>
				</transform>
			</node>
			<node>
				<identifier>	MP_AM157_Telephone	</identifier>
				<transform>
					<row0>	1.0000 0.0000 0.0000 0.0000	</row0>
					<row1>	0.0000 1.0000 0.0000 0.0000	</row1>
					<row2>	0.0000 0.0000 1.0000 0.0000	</row2>
					<row3>	-0.1189 0.5866 1.0422 1.0000	</row3>
				</transform>
			</node>
			<node>
				<identifier>	MP_AM157_Telephone_INDEX_1	</identifier>
				<transform>
					<row0>	0.4078 0.0000 0.9131 0.0000	</row0>
					<row1>	0.0000 1.0000 0.0000 0.0000	</row1>
					<row2>	-0.9131 0.0000 0.4078 0.0000	</row2>
					<row3>	-0.1398 0.7573 1.3828 1.0000	</row3>
				</transform>
			</node>
			<node>
				<identifier>	MP_AM157_Telephone_INDEX_2	</identifier>
				<transform>
					<row0>	-1.0000 0.0000 0.0000 0.0000	</row0>
					<row1>	0.0000 1.0000 0.0000 0.0000	</row1>
					<row2>	0.0000 0.0000 -1.0000 0.0000	</row2>
					<row3>	-0.0457 0.7573 1.2510 1.0000	</row3>
				</transform>
			</node>
			<node>
				<identifier>	MP_AM157_Telephone_INDEX_3	</identifier>
				<transform>
					<row0>	1.0000 0.0000 0.0000 0.0000	</row0>
					<row1>	0.0000 1.0000 0.0000 0.0000	</row1>
					<row2>	0.0000 0.0000 1.0000 0.0000	</row2>
					<row3>	-0.0671 0.4049 1.0420 1.0000	</row3>
				</transform>
			</node>
			<node>
				<identifier>	MP_AM157_Telephone_INDEX_4	</identifier>
				<transform>
					<row0>	-0.9569 0.0000 0.2903 0.0000	</row0>
					<row1>	0.0000 1.0000 0.0000 0.0000	</row1>
					<row2>	-0.2903 0.0000 -0.9569 0.0000	</row2>
					<row3>	0.0648 0.4215 2.0379 1.0000	</row3>
				</transform>
			</node>
			<node>
				<identifier>	MP_AM157_Telephone_INDEX_5	</identifier>
				<transform>
					<row0>	-0.9808 0.0000 -0.1951 0.0000	</row0>
					<row1>	0.0000 1.0000 0.0000 0.0000	</row1>
					<row2>	0.1951 0.0000 -0.9808 0.0000	</row2>
					<row3>	-0.0148 0.9375 1.2700 1.0000	</row3>
				</transform>
			</node>
			<node>
				<identifier>	MP_AM157_Telephone_INDEX_6	</identifier>
				<transform>
					<row0>	-0.7641 0.0000 -0.6451 0.0000	</row0>
					<row1>	0.0000 1.0000 0.0000 0.0000	</row1>
					<row2>	0.6451 0.0000 -0.7641 0.0000	</row2>
					<row3>	-0.1074 0.5862 1.4651 1.0000	</row3>
				</transform>
			</node>
			<node>
				<identifier>	MP_AM157_Telephone_INDEX_7	</identifier>
				<transform>
					<row0>	0.8067 0.0000 -0.5910 0.0000	</row0>
					<row1>	0.0000 1.0000 0.0000 0.0000	</row1>
					<row2>	0.5910 0.0000 0.8067 0.0000	</row2>
					<row3>	0.0878 0.7573 1.4458 1.0000	</row3>
				</transform>
			</node>
			<node>
				<identifier>	MP_AM157_Telephone_INDEX_8	</identifier>
				<transform>
					<row0>	0.1334 0.0000 -0.9911 0.0000	</row0>
					<row1>	0.0000 1.0000 0.0000 0.0000	</row1>
					<row2>	0.9911 0.0000 0.1334 0.0000	</row2>
					<row3>	-0.1566 0.7816 1.0831 1.0000	</row3>
				</transform>
			</node>
			<node>
				<identifier>	MP_AM159_Voice_Tube	</identifier>
				<transform>
					<row0>	0.7071 0.0000 0.7071 0.0000	</row0>
					<row1>	0.0000 1.0000 0.0000 0.0000	</row1>
					<row2>	-0.7071 0.0000 0.7071 0.0000	</row2>
					<row3>	-0.1019 0.6659 1.3450 1.0000	</row3>
				</transform>
			</node>
			<node>
				<identifier>	MP_AM159_Voice_Tube_INDEX_1	</identifier>
				<transform>
					<row0>	0.8570 0.0000 -0.5154 0.0000	</row0>
					<row1>	0.0000 1.0000 0.0000 0.0000	</row1>
					<row2>	0.5154 0.0000 0.8570 0.0000	</row2>
					<row3>	0.0375 0.6659 1.3761 1.0000	</row3>
				</transform>
			</node>
			<node>
				<identifier>	MP_AM159_Voice_Tube_INDEX_2	</identifier>
				<transform>
					<row0>	0.8570 0.0000 -0.5154 0.0000	</row0>
					<row1>	0.0000 1.0000 0.0000 0.0000	</row1>
					<row2>	0.5154 0.0000 0.8570 0.0000	</row2>
					<row3>	-0.0209 0.6659 1.3761 1.0000	</row3>
				</transform>
			</node>
			<node>
				<identifier>	MP_AM161_Anchor_top	</identifier>
				<transform>
					<row0>	0.5736 0.0444 -0.1704 0.0000	</row0>
					<row1>	-0.1620 0.3602 -0.4516 0.0000	</row1>
					<row2>	0.0689 0.4778 0.3564 0.0000	</row2>
					<row3>	0.0993 0.2645 3.3324 1.0000	</row3>
				</transform>
			</node>
			<node>
				<identifier>	MP_AM161_Anchor_top_INDEX_1	</identifier>
				<transform>
					<row0>	0.5736 -0.0444 0.1704 0.0000	</row0>
					<row1>	0.1620 0.3602 -0.4516 0.0000	</row1>
					<row2>	-0.0689 0.4778 0.3564 0.0000	</row2>
					<row3>	-0.0995 0.2645 3.3324 1.0000	</row3>
				</transform>
			</node>
			<node>
				<identifier>	MP_AM162_Anchor_down	</identifier>
				<transform>
					<row0>	0.5849 -0.1235 0.0509 0.0000	</row0>
					<row1>	0.1141 0.3430 -0.4789 0.0000	</row1>
					<row2>	0.0695 0.4766 0.3579 0.0000	</row2>
					<row3>	0.0993 0.2645 3.3324 1.0000	</row3>
				</transform>
			</node>
			<node>
				<identifier>	MP_AM162_Anchor_down_INDEX_1	</identifier>
				<transform>
					<row0>	0.5849 0.1235 -0.0509 0.0000	</row0>
					<row1>	-0.1141 0.3430 -0.4789 0.0000	</row1>
					<row2>	-0.0695 0.4766 0.3579 0.0000	</row2>
					<row3>	-0.0995 0.2645 3.3324 1.0000	</row3>
				</transform>
			</node>
			<node>
				<identifier>	MP_AM2040_Whaleboat_26ft	</identifier>
				<transform>
					<row0>	0.9758 0.0000 0.2188 0.0000	</row0>
					<row1>	0.0000 1.0000 0.0000 0.0000	</row1>
					<row2>	-0.2188 0.0000 0.9758 0.0000	</row2>
					<row3>	-0.2472 0.3287 0.7996 1.0000	</row3>
				</transform>
			</node>
			<node>
				<identifier>	MP_AM2040_Whaleboat_26ft_INDEX_1	</identifier>
				<transform>
					<row0>	0.9758 0.0000 -0.2188 0.0000	</row0>
					<row1>	0.0000 1.0000 0.0000 0.0000	</row1>
					<row2>	0.2188 0.0000 0.9758 0.0000	</row2>
					<row3>	0.2472 0.3287 0.7996 1.0000	</row3>
				</transform>
			</node>
			<node>
				<identifier>	MP_AM246_Hatch	</identifier>
				<transform>
					<row0>	0.0000 0.0000 -1.0000 0.0000	</row0>
					<row1>	0.0000 1.0000 0.0000 0.0000	</row1>
					<row2>	1.0000 0.0000 0.0000 0.0000	</row2>
					<row3>	0.1700 0.1744 0.7174 1.0000	</row3>
				</transform>
			</node>
			<node>
				<identifier>	MP_AM316_Bollard	</identifier>
				<transform>
					<row0>	0.9897 0.0456 -0.1359 0.0000	</row0>
					<row1>	-0.0499 0.9983 -0.0287 0.0000	</row1>
					<row2>	0.1343 0.0352 0.9903 0.0000	</row2>
					<row3>	-0.1574 0.3370 2.8271 1.0000	</row3>
				</transform>
			</node>
			<node>
				<identifier>	MP_AM316_Bollard_INDEX_1	</identifier>
				<transform>
					<row0>	0.9897 -0.0456 0.1359 0.0000	</row0>
					<row1>	0.0499 0.9983 -0.0287 0.0000	</row1>
					<row2>	-0.1343 0.0352 0.9903 0.0000	</row2>
					<row3>	0.1574 0.3370 2.8271 1.0000	</row3>
				</transform>
			</node>
			<node>
				<identifier>	MP_AM316_Bollard_INDEX_2	</identifier>
				<transform>
					<row0>	0.9969 0.0500 -0.0600 0.0000	</row0>
					<row1>	-0.0510 0.9986 -0.0151 0.0000	</row1>
					<row2>	0.0592 0.0181 0.9981 0.0000	</row2>
					<row3>	-0.2516 0.3119 1.8985 1.0000	</row3>
				</transform>
			</node>
			<node>
				<identifier>	MP_AM316_Bollard_INDEX_3	</identifier>
				<transform>
					<row0>	0.9969 -0.0500 0.0600 0.0000	</row0>
					<row1>	0.0510 0.9986 -0.0151 0.0000	</row1>
					<row2>	-0.0592 0.0181 0.9981 0.0000	</row2>
					<row3>	0.2516 0.3119 1.8985 1.0000	</row3>
				</transform>
			</node>
			<node>
				<identifier>	MP_AM435_Rudder_Ind	</identifier>
				<transform>
					<row0>	-0.4423 0.0000 -0.8968 0.0000	</row0>
					<row1>	0.0000 1.0000 0.0000 0.0000	</row1>
					<row2>	0.8968 0.0000 -0.4423 0.0000	</row2>
					<row3>	-0.0790 0.6659 1.3562 1.0000	</row3>
				</transform>
			</node>
			<node>
				<identifier>	MP_AM465_Fire_Extinguisher	</identifier>
				<transform>
					<row0>	-0.2588 0.0000 -0.9659 0.0000	</row0>
					<row1>	0.0000 1.0000 0.0000 0.0000	</row1>
					<row2>	0.9659 0.0000 -0.2588 0.0000	</row2>
					<row3>	0.0277 0.4849 1.5128 1.0000	</row3>
				</transform>
			</node>
			<node>
				<identifier>	MP_AM465_Fire_Extinguisher_INDEX_1	</identifier>
				<transform>
					<row0>	-0.2588 0.0000 -0.9659 0.0000	</row0>
					<row1>	0.0000 1.0000 0.0000 0.0000	</row1>
					<row2>	0.9659 0.0000 -0.2588 0.0000	</row2>
					<row3>	0.0277 0.8339 1.2733 1.0000	</row3>
				</transform>
			</node>
			<node>
				<identifier>	MP_AM465_Fire_Extinguisher_INDEX_2	</identifier>
				<transform>
					<row0>	-0.3640 0.0000 0.9314 0.0000	</row0>
					<row1>	0.0000 1.0000 0.0000 0.0000	</row1>
					<row2>	-0.9314 0.0000 -0.3640 0.0000	</row2>
					<row3>	0.0896 0.6797 0.9644 1.0000	</row3>
				</transform>
			</node>
			<node>
				<identifier>	MP_AM485_Fairlead	</identifier>
				<transform>
					<row0>	0.7657 0.0009 -0.0040 0.0000	</row0>
					<row1>	-0.0010 0.7655 -0.0186 0.0000	</row1>
					<row2>	0.0040 0.0187 0.7655 0.0000	</row2>
					<row3>	-0.3452 0.1262 0.5082 1.0000	</row3>
				</transform>
			</node>
			<node>
				<identifier>	MP_AM485_Fairlead_INDEX_1	</identifier>
				<transform>
					<row0>	0.7615 -0.0542 0.0592 0.0000	</row0>
					<row1>	0.0555 0.7636 -0.0145 0.0000	</row1>
					<row2>	-0.0580 0.0187 0.7633 0.0000	</row2>
					<row3>	0.2508 0.3076 2.0628 1.0000	</row3>
				</transform>
			</node>
			<node>
				<identifier>	MP_AM485_Fairlead_INDEX_10	</identifier>
				<transform>
					<row0>	0.7560 0.0368 -0.1161 0.0000	</row0>
					<row1>	-0.0418 0.7640 -0.0304 0.0000	</row1>
					<row2>	0.1143 0.0363 0.7562 0.0000	</row2>
					<row3>	-0.1500 0.3361 2.9843 1.0000	</row3>
				</transform>
			</node>
			<node>
				<identifier>	MP_AM485_Fairlead_INDEX_11	</identifier>
				<transform>
					<row0>	0.7598 -0.0279 0.0908 0.0000	</row0>
					<row1>	0.0299 0.7650 -0.0153 0.0000	</row1>
					<row2>	-0.0902 0.0187 0.7601 0.0000	</row2>
					<row3>	0.1871 0.3256 2.7232 1.0000	</row3>
				</transform>
			</node>
			<node>
				<identifier>	MP_AM485_Fairlead_INDEX_2	</identifier>
				<transform>
					<row0>	0.7657 0.0009 -0.0040 0.0000	</row0>
					<row1>	-0.0010 0.7655 -0.0186 0.0000	</row1>
					<row2>	0.0040 0.0187 0.7655 0.0000	</row2>
					<row3>	0.3452 0.1262 0.5082 1.0000	</row3>
				</transform>
			</node>
			<node>
				<identifier>	MP_AM485_Fairlead_INDEX_3	</identifier>
				<transform>
					<row0>	0.7031 0.0008 -0.3033 0.0000	</row0>
					<row1>	-0.0189 0.7643 -0.0419 0.0000	</row1>
					<row2>	0.3027 0.0460 0.7018 0.0000	</row2>
					<row3>	-0.0458 0.3653 3.4433 1.0000	</row3>
				</transform>
			</node>
			<node>
				<identifier>	MP_AM485_Fairlead_INDEX_4	</identifier>
				<transform>
					<row0>	0.7598 0.0279 -0.0908 0.0000	</row0>
					<row1>	-0.0299 0.7650 -0.0153 0.0000	</row1>
					<row2>	0.0902 0.0187 0.7601 0.0000	</row2>
					<row3>	-0.1872 0.3256 2.7232 1.0000	</row3>
				</transform>
			</node>
			<node>
				<identifier>	MP_AM485_Fairlead_INDEX_5	</identifier>
				<transform>
					<row0>	0.7031 -0.0008 0.3033 0.0000	</row0>
					<row1>	0.0189 0.7643 -0.0419 0.0000	</row1>
					<row2>	-0.3027 0.0460 0.7018 0.0000	</row2>
					<row3>	0.0458 0.3653 3.4433 1.0000	</row3>
				</transform>
			</node>
			<node>
				<identifier>	MP_AM485_Fairlead_INDEX_6	</identifier>
				<transform>
					<row0>	0.7646 0.0000 0.0409 0.0000	</row0>
					<row1>	0.0010 0.7655 -0.0186 0.0000	</row1>
					<row2>	-0.0409 0.0187 0.7644 0.0000	</row2>
					<row3>	0.2803 0.3019 1.7644 1.0000	</row3>
				</transform>
			</node>
			<node>
				<identifier>	MP_AM485_Fairlead_INDEX_7	</identifier>
				<transform>
					<row0>	0.7615 0.0542 -0.0592 0.0000	</row0>
					<row1>	-0.0555 0.7636 -0.0145 0.0000	</row1>
					<row2>	0.0580 0.0187 0.7633 0.0000	</row2>
					<row3>	-0.2508 0.3076 2.0628 1.0000	</row3>
				</transform>
			</node>
			<node>
				<identifier>	MP_AM485_Fairlead_INDEX_8	</identifier>
				<transform>
					<row0>	0.7646 0.0000 -0.0409 0.0000	</row0>
					<row1>	-0.0010 0.7655 -0.0186 0.0000	</row1>
					<row2>	0.0409 0.0187 0.7644 0.0000	</row2>
					<row3>	-0.2803 0.3019 1.7644 1.0000	</row3>
				</transform>
			</node>
			<node>
				<identifier>	MP_AM485_Fairlead_INDEX_9	</identifier>
				<transform>
					<row0>	0.7560 -0.0368 0.1161 0.0000	</row0>
					<row1>	0.0418 0.7640 -0.0304 0.0000	</row1>
					<row2>	-0.1143 0.0363 0.7562 0.0000	</row2>
					<row3>	0.1500 0.3361 2.9843 1.0000	</row3>
				</transform>
			</node>
			<node>
				<identifier>	MP_AM534_Insulator	</identifier>
				<transform>
					<row0>	0.3301 0.0000 -0.1583 0.0000	</row0>
					<row1>	-0.1583 -0.0002 -0.3301 0.0000	</row1>
					<row2>	0.0000 0.3660 -0.0002 0.0000	</row2>
					<row3>	-0.0387 0.9439 1.0842 1.0000	</row3>
				</transform>
			</node>
			<node>
				<identifier>	MP_AM534_Insulator_INDEX_1	</identifier>
				<transform>
					<row0>	0.3301 0.0000 -0.1583 0.0000	</row0>
					<row1>	-0.1583 -0.0002 -0.3301 0.0000	</row1>
					<row2>	0.0000 0.3660 -0.0002 0.0000	</row2>
					<row3>	-0.0509 0.9439 1.0901 1.0000	</row3>
				</transform>
			</node>
			<node>
				<identifier>	MP_AM534_Insulator_INDEX_2	</identifier>
				<transform>
					<row0>	0.6756 0.0000 0.0000 0.0000	</row0>
					<row1>	0.0000 0.4228 -0.5269 0.0000	</row1>
					<row2>	0.0000 0.5269 0.4228 0.0000	</row2>
					<row3>	0.0951 0.4668 0.8813 1.0000	</row3>
				</transform>
			</node>
			<node>
				<identifier>	MP_AM534_Insulator_INDEX_3	</identifier>
				<transform>
					<row0>	0.6756 0.0000 0.0000 0.0000	</row0>
					<row1>	0.0000 0.4228 -0.5269 0.0000	</row1>
					<row2>	0.0000 0.5269 0.4228 0.0000	</row2>
					<row3>	0.0351 0.4668 0.8813 1.0000	</row3>
				</transform>
			</node>
			<node>
				<identifier>	MP_AM534_Insulator_INDEX_4	</identifier>
				<transform>
					<row0>	0.3301 0.0000 0.1583 0.0000	</row0>
					<row1>	0.1583 -0.0002 -0.3301 0.0000	</row1>
					<row2>	0.0000 0.3660 -0.0002 0.0000	</row2>
					<row3>	0.0387 0.9439 1.0842 1.0000	</row3>
				</transform>
			</node>
			<node>
				<identifier>	MP_AM534_Insulator_INDEX_5	</identifier>
				<transform>
					<row0>	0.3301 0.0000 0.1583 0.0000	</row0>
					<row1>	0.1583 -0.0002 -0.3301 0.0000	</row1>
					<row2>	0.0000 0.3660 -0.0002 0.0000	</row2>
					<row3>	0.0509 0.9439 1.0901 1.0000	</row3>
				</transform>
			</node>
			<node>
				<identifier>	MP_AM558_Telegraph	</identifier>
				<transform>
					<row0>	1.0000 0.0000 0.0000 0.0000	</row0>
					<row1>	0.0000 1.0000 0.0000 0.0000	</row1>
					<row2>	0.0000 0.0000 1.0000 0.0000	</row2>
					<row3>	-0.0522 0.6657 1.3758 1.0000	</row3>
				</transform>
			</node>
			<node>
				<identifier>	MP_AM719_RDF	</identifier>
				<transform>
					<row0>	0.0000 0.0000 1.0000 0.0000	</row0>
					<row1>	0.0000 1.0000 0.0000 0.0000	</row1>
					<row2>	-1.0000 0.0000 0.0000 0.0000	</row2>
					<row3>	-0.0006 0.8195 0.9261 1.0000	</row3>
				</transform>
			</node>
			<node>
				<identifier>	MP_AM720_Helmets_Rack	</identifier>
				<transform>
					<row0>	0.8808 -0.0009 0.4735 0.0000	</row0>
					<row1>	0.0010 1.0000 0.0000 0.0000	</row1>
					<row2>	-0.4735 0.0005 0.8808 0.0000	</row2>
					<row3>	-0.0955 0.3871 2.0258 1.0000	</row3>
				</transform>
			</node>
			<node>
				<identifier>	MP_AM720_Helmets_Rack_INDEX_1	</identifier>
				<transform>
					<row0>	-0.8742 0.0000 -0.4856 0.0000	</row0>
					<row1>	0.0000 1.0000 0.0000 0.0000	</row1>
					<row2>	0.4856 0.0000 -0.8742 0.0000	</row2>
					<row3>	0.0910 0.7494 0.9708 1.0000	</row3>
				</transform>
			</node>
			<node>
				<identifier>	MP_AM720_Helmets_Rack_INDEX_2	</identifier>
				<transform>
					<row0>	0.5584 0.0000 -0.8295 0.0000	</row0>
					<row1>	0.0000 1.0000 0.0000 0.0000	</row1>
					<row2>	0.8295 0.0000 0.5584 0.0000	</row2>
					<row3>	0.0774 0.9118 1.2309 1.0000	</row3>
				</transform>
			</node>
			<node>
				<identifier>	MP_AM721_Talker_Helmets_Rack	</identifier>
				<transform>
					<row0>	-1.0000 0.0000 0.0000 0.0000	</row0>
					<row1>	0.0000 1.0000 0.0000 0.0000	</row1>
					<row2>	0.0000 0.0000 -1.0000 0.0000	</row2>
					<row3>	0.0665 0.3750 1.0425 1.0000	</row3>
				</transform>
			</node>
			<node>
				<identifier>	MP_AM721_Talker_Helmets_Rack_INDEX_1	</identifier>
				<transform>
					<row0>	0.9102 0.0000 0.4142 0.0000	</row0>
					<row1>	0.0000 1.0000 0.0000 0.0000	</row1>
					<row2>	-0.4142 0.0000 0.9102 0.0000	</row2>
					<row3>	-0.0668 0.5052 1.4942 1.0000	</row3>
				</transform>
			</node>
			<node>
				<identifier>	MP_AM721_Talker_Helmets_Rack_INDEX_2	</identifier>
				<transform>
					<row0>	0.5467 0.0000 0.8373 0.0000	</row0>
					<row1>	0.0000 1.0000 0.0000 0.0000	</row1>
					<row2>	-0.8373 0.0000 0.5467 0.0000	</row2>
					<row3>	-0.0786 0.8486 1.2293 1.0000	</row3>
				</transform>
			</node>
			<node>
				<identifier>	MP_AM729_Searchlight_12inch	</identifier>
				<transform>
					<row0>	-0.8660 0.0000 -0.5000 0.0000	</row0>
					<row1>	0.0000 1.0000 0.0000 0.0000	</row1>
					<row2>	0.5000 0.0000 -0.8660 0.0000	</row2>
					<row3>	0.1510 0.8930 1.1397 1.0000	</row3>
				</transform>
			</node>
			<node>
				<identifier>	MP_AM729_Searchlight_12inch_INDEX_1	</identifier>
				<transform>
					<row0>	0.7071 0.0000 0.7071 0.0000	</row0>
					<row1>	0.0000 1.0000 0.0000 0.0000	</row1>
					<row2>	-0.7071 0.0000 0.7071 0.0000	</row2>
					<row3>	-0.1510 0.8923 1.1397 1.0000	</row3>
				</transform>
			</node>
			<node>
				<identifier>	MP_AM729_Searchlight_12inch_INDEX_2	</identifier>
				<transform>
					<row0>	-1.0000 0.0000 0.0000 0.0000	</row0>
					<row1>	0.0000 1.0000 0.0000 0.0000	</row1>
					<row2>	0.0000 0.0000 -1.0000 0.0000	</row2>
					<row3>	-0.1943 0.5368 0.9409 1.0000	</row3>
				</transform>
			</node>
			<node>
				<identifier>	MP_AM729_Searchlight_12inch_INDEX_3	</identifier>
				<transform>
					<row0>	-1.0000 0.0000 0.0000 0.0000	</row0>
					<row1>	0.0000 1.0000 0.0000 0.0000	</row1>
					<row2>	0.0000 0.0000 -1.0000 0.0000	</row2>
					<row3>	-0.3106 0.7513 0.9058 1.0000	</row3>
				</transform>
			</node>
			<node>
				<identifier>	MP_AM729_Searchlight_12inch_INDEX_4	</identifier>
				<transform>
					<row0>	-1.0000 0.0000 0.0000 0.0000	</row0>
					<row1>	0.0000 1.0000 0.0000 0.0000	</row1>
					<row2>	0.0000 0.0000 -1.0000 0.0000	</row2>
					<row3>	0.1943 0.5368 0.9409 1.0000	</row3>
				</transform>
			</node>
			<node>
				<identifier>	MP_AM729_Searchlight_12inch_INDEX_5	</identifier>
				<transform>
					<row0>	-1.0000 0.0000 0.0000 0.0000	</row0>
					<row1>	0.0000 1.0000 0.0000 0.0000	</row1>
					<row2>	0.0000 0.0000 -1.0000 0.0000	</row2>
					<row3>	0.3106 0.7513 0.9058 1.0000	</row3>
				</transform>
			</node>
			<node>
				<identifier>	MP_AM730_Winch	</identifier>
				<transform>
					<row0>	1.0000 0.0000 0.0000 0.0000	</row0>
					<row1>	0.0000 1.0000 0.0000 0.0000	</row1>
					<row2>	0.0000 0.0000 1.0000 0.0000	</row2>
					<row3>	0.2744 0.1441 0.4558 1.0000	</row3>
				</transform>
			</node>
			<node>
				<identifier>	MP_AM738_Hatch	</identifier>
				<transform>
					<row0>	0.0001 -0.0339 0.9994 0.0000	</row0>
					<row1>	0.0129 0.9993 0.0339 0.0000	</row1>
					<row2>	-0.9999 0.0128 0.0005 0.0000	</row2>
					<row3>	0.0952 0.3527 3.1270 1.0000	</row3>
				</transform>
			</node>
			<node>
				<identifier>	MP_AM749_Hatch	</identifier>
				<transform>
					<row0>	1.0000 0.0000 0.0000 0.0000	</row0>
					<row1>	0.0000 1.0000 0.0000 0.0000	</row1>
					<row2>	0.0000 0.0000 1.0000 0.0000	</row2>
					<row3>	-0.0305 0.3354 2.8489 1.0000	</row3>
				</transform>
			</node>
			<node>
				<identifier>	MP_CM011_Fire_Fighting_Gear	</identifier>
				<transform>
					<row0>	-0.0016 0.0000 1.0000 0.0000	</row0>
					<row1>	0.0000 1.0000 0.0000 0.0000	</row1>
					<row2>	-1.0000 0.0000 -0.0016 0.0000	</row2>
					<row3>	0.1800 0.1454 0.3380 1.0000	</row3>
				</transform>
			</node>
			<node>
				<identifier>	MP_CM011_Fire_Fighting_Gear_INDEX_1	</identifier>
				<transform>
					<row0>	-0.0016 0.0000 1.0000 0.0000	</row0>
					<row1>	0.0000 1.0000 0.0000 0.0000	</row1>
					<row2>	-1.0000 0.0000 -0.0016 0.0000	</row2>
					<row3>	0.2190 0.3060 1.1776 1.0000	</row3>
				</transform>
			</node>
			<node>
				<identifier>	MP_CM011_Fire_Fighting_Gear_INDEX_2	</identifier>
				<transform>
					<row0>	-0.0016 0.0000 -1.0000 0.0000	</row0>
					<row1>	0.0000 1.0000 0.0000 0.0000	</row1>
					<row2>	1.0000 0.0000 -0.0016 0.0000	</row2>
					<row3>	-0.2190 0.3060 1.1776 1.0000	</row3>
				</transform>
			</node>
			<node>
				<identifier>	MP_CM011_Fire_Fighting_Gear_INDEX_3	</identifier>
				<transform>
					<row0>	-0.7742 0.0000 -0.6329 0.0000	</row0>
					<row1>	0.0000 1.0000 0.0000 0.0000	</row1>
					<row2>	0.6329 0.0000 -0.7742 0.0000	</row2>
					<row3>	-0.1384 0.3213 2.0054 1.0000	</row3>
				</transform>
			</node>
			<node>
				<identifier>	MP_CM011_Fire_Fighting_Gear_INDEX_4	</identifier>
				<transform>
					<row0>	-0.7654 0.0000 0.6435 0.0000	</row0>
					<row1>	0.0000 1.0000 0.0000 0.0000	</row1>
					<row2>	-0.6435 0.0000 -0.7654 0.0000	</row2>
					<row3>	0.1142 0.4732 1.4712 1.0000	</row3>
				</transform>
			</node>
			<node>
				<identifier>	MP_CM011_Fire_Fighting_Gear_INDEX_5	</identifier>
				<transform>
					<row0>	-0.0016 0.0000 -1.0000 0.0000	</row0>
					<row1>	0.0000 1.0000 0.0000 0.0000	</row1>
					<row2>	1.0000 0.0000 -0.0016 0.0000	</row2>
					<row3>	-0.1800 0.1454 0.4005 1.0000	</row3>
				</transform>
			</node>
			<node>
				<identifier>	MP_CM011_Fire_Fighting_Gear_INDEX_6	</identifier>
				<transform>
					<row0>	1.0000 0.0000 0.0000 0.0000	</row0>
					<row1>	0.0000 1.0000 0.0000 0.0000	</row1>
					<row2>	0.0000 0.0000 1.0000 0.0000	</row2>
					<row3>	-0.0805 0.3106 1.0333 1.0000	</row3>
				</transform>
			</node>
			<node>
				<identifier>	MP_CM012_Fire_Hose_Rack_1	</identifier>
				<transform>
					<row0>	0.0016 0.0000 1.0000 0.0000	</row0>
					<row1>	0.0000 1.0000 0.0000 0.0000	</row1>
					<row2>	-1.0000 0.0000 0.0016 0.0000	</row2>
					<row3>	-0.1165 0.3367 1.0418 1.0000	</row3>
				</transform>
			</node>
			<node>
				<identifier>	MP_CM012_Fire_Hose_Rack_1_INDEX_1	</identifier>
				<transform>
					<row0>	-1.0000 0.0000 0.0000 0.0000	</row0>
					<row1>	0.0000 1.0000 0.0000 0.0000	</row1>
					<row2>	0.0000 0.0000 -1.0000 0.0000	</row2>
					<row3>	0.1724 0.1823 0.3118 1.0000	</row3>
				</transform>
			</node>
			<node>
				<identifier>	MP_CM012_Fire_Hose_Rack_1_INDEX_2	</identifier>
				<transform>
					<row0>	1.0000 0.0000 0.0000 0.0000	</row0>
					<row1>	0.0000 1.0000 0.0000 0.0000	</row1>
					<row2>	0.0000 0.0000 1.0000 0.0000	</row2>
					<row3>	-0.2117 0.3976 1.1413 1.0000	</row3>
				</transform>
			</node>
			<node>
				<identifier>	MP_CM012_Fire_Hose_Rack_1_INDEX_3	</identifier>
				<transform>
					<row0>	-0.8320 0.0000 -0.5548 0.0000	</row0>
					<row1>	0.0000 1.0000 0.0000 0.0000	</row1>
					<row2>	0.5548 0.0000 -0.8320 0.0000	</row2>
					<row3>	0.1259 0.5142 1.4423 1.0000	</row3>
				</transform>
			</node>
			<node>
				<identifier>	MP_CM012_Fire_Hose_Rack_1_INDEX_4	</identifier>
				<transform>
					<row0>	-0.9275 0.0000 -0.3738 0.0000	</row0>
					<row1>	0.0000 1.0000 0.0000 0.0000	</row1>
					<row2>	0.3738 0.0000 -0.9275 0.0000	</row2>
					<row3>	0.1893 0.4153 1.9180 1.0000	</row3>
				</transform>
			</node>
			<node>
				<identifier>	MP_CM012_Fire_Hose_Rack_1_INDEX_5	</identifier>
				<transform>
					<row0>	0.6342 0.0000 -0.7732 0.0000	</row0>
					<row1>	0.0000 1.0000 0.0000 0.0000	</row1>
