<RSD001_Gremyashchy_1942_Stern_ports.visual>
	<node>
		<identifier>	Scene Root	</identifier>
		<transform>
			<row0>	1.0000 0.0000 0.0000 0.0000	</row0>
			<row1>	0.0000 1.0000 0.0000 0.0000	</row1>
			<row2>	0.0000 0.0000 1.0000 0.0000	</row2>
			<row3>	0.0000 0.0000 0.0000 1.0000	</row3>
		</transform>
		<node>
			<identifier>	Stern_ports	</identifier>
			<transform>
				<row0>	1.0000 0.0000 0.0000 0.0000	</row0>
				<row1>	0.0000 1.0000 0.0000 0.0000	</row1>
				<row2>	0.0000 0.0000 1.0000 0.0000	</row2>
				<row3>	0.0000 0.0000 0.0000 1.0000	</row3>
			</transform>
			<node>
				<identifier>	HP_FX_Fire_4	</identifier>
				<transform>
					<row0>	1.0000 0.0000 0.0000 0.0000	</row0>
					<row1>	0.0000 1.0000 0.0000 0.0000	</row1>
					<row2>	0.0000 0.0000 1.0000 0.0000	</row2>
					<row3>	0.0000 0.1510 -3.0770 1.0000	</row3>
				</transform>
			</node>
			<node>
				<identifier>	HP_FX_WakeTraceBack	</identifier>
				<transform>
					<row0>	1.0000 0.0000 0.0000 0.0000	</row0>
					<row1>	0.0000 1.0000 0.0000 0.0000	</row1>
					<row2>	0.0000 0.0000 1.0000 0.0000	</row2>
					<row3>	0.0000 0.0000 -3.6458 1.0000	</row3>
				</transform>
			</node>
			<node>
				<identifier>	HP_FX_WakeTrace_screw_1	</identifier>
				<transform>
					<row0>	1.0000 0.0000 0.0000 0.0000	</row0>
					<row1>	0.0000 1.0000 0.0000 0.0000	</row1>
					<row2>	0.0000 0.0000 1.0000 0.0000	</row2>
					<row3>	-0.1556 -0.2066 -3.3054 1.0000	</row3>
				</transform>
			</node>
			<node>
				<identifier>	HP_FX_WakeTrace_screw_2	</identifier>
				<transform>
					<row0>	1.0000 0.0000 0.0000 0.0000	</row0>
					<row1>	0.0000 1.0000 0.0000 0.0000	</row1>
					<row2>	0.0000 0.0000 1.0000 0.0000	</row2>
					<row3>	0.1556 -0.2066 -3.3054 1.0000	</row3>
				</transform>
			</node>
			<node>
				<identifier>	HP_RGA_10	</identifier>
				<transform>
					<row0>	-1.0000 0.0000 0.0000 0.0000	</row0>
					<row1>	0.0000 1.0000 0.0000 0.0000	</row1>
					<row2>	0.0000 0.0000 -1.0000 0.0000	</row2>
					<row3>	0.0000 0.1654 -3.3195 1.0000	</row3>
				</transform>
			</node>
			<node>
				<identifier>	HP_RGB_1	</identifier>
				<transform>
					<row0>	-0.1056 0.0000 0.9944 0.0000	</row0>
					<row1>	0.0828 0.9965 0.0088 0.0000	</row1>
					<row2>	-0.9910 0.0833 -0.1053 0.0000	</row2>
					<row3>	-0.1836 0.1506 -3.4954 1.0000	</row3>
				</transform>
			</node>
			<node>
				<identifier>	HP_RGB_2	</identifier>
				<transform>
					<row0>	-0.1056 0.0000 -0.9944 0.0000	</row0>
					<row1>	-0.0828 0.9965 0.0088 0.0000	</row1>
					<row2>	0.9910 0.0833 -0.1053 0.0000	</row2>
					<row3>	0.1836 0.1506 -3.4954 1.0000	</row3>
				</transform>
			</node>
			<node>
				<identifier>	HP_RGB_3	</identifier>
				<transform>
					<row0>	-1.0000 0.0000 0.0000 0.0000	</row0>
					<row1>	0.0000 0.9992 -0.0411 0.0000	</row1>
					<row2>	0.0000 -0.0411 -0.9992 0.0000	</row2>
					<row3>	-0.0522 0.1181 -3.6612 1.0000	</row3>
				</transform>
			</node>
			<node>
				<identifier>	HP_RGB_4	</identifier>
				<transform>
					<row0>	-1.0000 0.0000 0.0000 0.0000	</row0>
					<row1>	0.0000 0.9992 -0.0411 0.0000	</row1>
					<row2>	0.0000 -0.0411 -0.9992 0.0000	</row2>
					<row3>	0.0522 0.1181 -3.6612 1.0000	</row3>
				</transform>
			</node>
			<node>
				<identifier>	HP_RGM_4	</identifier>
				<transform>
					<row0>	-1.0000 0.0000 0.0000 0.0000	</row0>
					<row1>	0.0000 1.0000 0.0000 0.0000	</row1>
					<row2>	0.0000 0.0000 -1.0000 0.0000	</row2>
					<row3>	0.0000 0.1544 -2.4930 1.0000	</row3>
				</transform>
			</node>
			<node>
				<identifier>	HP_Ship_death_3	</identifier>
				<transform>
					<row0>	1.0000 0.0000 0.0000 0.0000	</row0>
					<row1>	0.0000 1.0000 0.0000 0.0000	</row1>
					<row2>	0.0000 0.0000 1.0000 0.0000	</row2>
					<row3>	0.0000 0.0000 -2.4789 1.0000	</row3>
				</transform>
			</node>
			<node>
				<identifier>	MP_CM001_Propeller3_L	</identifier>
				<transform>
					<row0>	0.7628 -0.0036 -0.0422 0.0000	</row0>
					<row1>	0.0002 0.7616 -0.0605 0.0000	</row1>
					<row2>	0.0424 0.0604 0.7604 0.0000	</row2>
					<row3>	-0.1556 -0.2066 -3.3054 1.0000	</row3>
				</transform>
			</node>
			<node>
				<identifier>	MP_CM032_Propeller3_R	</identifier>
				<transform>
					<row0>	0.7631 0.0028 0.0377 0.0000	</row0>
					<row1>	0.0002 0.7616 -0.0605 0.0000	</row1>
					<row2>	-0.0378 0.0604 0.7607 0.0000	</row2>
					<row3>	0.1556 -0.2066 -3.3054 1.0000	</row3>
				</transform>
			</node>
			<node>
				<identifier>	MP_RM019_Reels	</identifier>
				<transform>
					<row0>	0.0000 0.0000 -1.0500 0.0000	</row0>
					<row1>	0.0000 -1.0500 0.0000 0.0000	</row1>
					<row2>	-1.0500 0.0000 0.0000 0.0000	</row2>
					<row3>	-0.0474 0.1490 -2.9477 1.0000	</row3>
				</transform>
			</node>
			<node>
				<identifier>	MP_RM019_Reels_INDEX_1	</identifier>
				<transform>
					<row0>	0.0000 0.0000 1.0500 0.0000	</row0>
					<row1>	0.0000 -1.0500 0.0000 0.0000	</row1>
					<row2>	1.0500 0.0000 0.0000 0.0000	</row2>
					<row3>	0.0474 0.1490 -2.9477 1.0000	</row3>
				</transform>
			</node>
			<node>
				<identifier>	MP_RM025_Signal_Lamp	</identifier>
				<transform>
					<row0>	1.0000 0.0000 0.0000 0.0000	</row0>
					<row1>	0.0000 1.0000 0.0000 0.0000	</row1>
					<row2>	0.0000 0.0000 1.0000 0.0000	</row2>
					<row3>	0.0000 0.4391 -3.8161 1.0000	</row3>
				</transform>
			</node>
			<node>
				<identifier>	MP_RM060_Hatch	</identifier>
				<transform>
					<row0>	1.0000 0.0000 0.0000 0.0000	</row0>
					<row1>	0.0000 1.0000 0.0000 0.0000	</row1>
					<row2>	0.0000 0.0000 1.0000 0.0000	</row2>
					<row3>	0.0906 0.1498 -2.7828 1.0000	</row3>
				</transform>
			</node>
			<node>
				<identifier>	MP_RM066_Ammunition_Box	</identifier>
				<transform>
					<row0>	0.1436 0.0000 1.3437 0.0000	</row0>
					<row1>	0.0000 0.2781 0.0000 0.0000	</row1>
					<row2>	-0.6830 0.0000 0.0730 0.0000	</row2>
					<row3>	0.1766 0.1456 -3.4015 1.0000	</row3>
				</transform>
			</node>
			<node>
				<identifier>	MP_RM066_Ammunition_Box_INDEX_1	</identifier>
				<transform>
					<row0>	0.1436 0.0000 -1.3437 0.0000	</row0>
					<row1>	0.0000 0.2781 0.0000 0.0000	</row1>
					<row2>	0.6830 0.0000 0.0730 0.0000	</row2>
					<row3>	-0.1766 0.1456 -3.4015 1.0000	</row3>
				</transform>
			</node>
			<node>
				<identifier>	MP_RM068_Sky_Light	</identifier>
				<transform>
					<row0>	-1.2000 0.0000 0.0000 0.0000	</row0>
					<row1>	0.0000 1.2000 0.0000 0.0000	</row1>
					<row2>	0.0000 0.0000 -1.2000 0.0000	</row2>
					<row3>	0.0318 0.1231 -2.7757 1.0000	</row3>
				</transform>
			</node>
			<node>
				<identifier>	MP_RM068_Sky_Light_INDEX_1	</identifier>
				<transform>
					<row0>	-1.2000 0.0000 0.0000 0.0000	</row0>
					<row1>	0.0000 1.2000 0.0000 0.0000	</row1>
					<row2>	0.0000 0.0000 -1.2000 0.0000	</row2>
					<row3>	0.0723 0.1231 -3.1863 1.0000	</row3>
				</transform>
			</node>
			<node>
				<identifier>	MP_RM068_Sky_Light_INDEX_2	</identifier>
				<transform>
					<row0>	-1.2000 0.0000 0.0000 0.0000	</row0>
					<row1>	0.0000 1.2000 0.0000 0.0000	</row1>
					<row2>	0.0000 0.0000 -1.2000 0.0000	</row2>
					<row3>	0.0349 0.1231 -2.6378 1.0000	</row3>
				</transform>
			</node>
			<node>
				<identifier>	MP_RM183_Depth_Charge_BM1	</identifier>
				<transform>
					<row0>	0.9939 0.0000 -0.1099 0.0000	</row0>
					<row1>	0.0000 1.0000 0.0000 0.0000	</row1>
					<row2>	0.1099 0.0000 0.9939 0.0000	</row2>
					<row3>	0.1807 0.1525 -3.3694 1.0000	</row3>
				</transform>
			</node>
			<node>
				<identifier>	MP_RM183_Depth_Charge_BM1_INDEX_1	</identifier>
				<transform>
					<row0>	0.9939 0.0000 -0.1099 0.0000	</row0>
					<row1>	0.0000 1.0000 0.0000 0.0000	</row1>
					<row2>	0.1099 0.0000 0.9939 0.0000	</row2>
					<row3>	0.1733 0.1525 -3.4342 1.0000	</row3>
				</transform>
			</node>
			<node>
				<identifier>	MP_RM183_Depth_Charge_BM1_INDEX_2	</identifier>
				<transform>
					<row0>	0.9939 0.0000 -0.1099 0.0000	</row0>
					<row1>	0.0000 1.0000 0.0000 0.0000	</row1>
					<row2>	0.1099 0.0000 0.9939 0.0000	</row2>
					<row3>	0.1783 0.1525 -3.3911 1.0000	</row3>
				</transform>
			</node>
			<node>
				<identifier>	MP_RM183_Depth_Charge_BM1_INDEX_3	</identifier>
				<transform>
					<row0>	0.9939 0.0000 -0.1099 0.0000	</row0>
					<row1>	0.0000 1.0000 0.0000 0.0000	</row1>
					<row2>	0.1099 0.0000 0.9939 0.0000	</row2>
					<row3>	0.1759 0.1525 -3.4129 1.0000	</row3>
				</transform>
			</node>
			<node>
				<identifier>	MP_RM183_Depth_Charge_BM1_INDEX_4	</identifier>
				<transform>
					<row0>	0.9939 0.0000 0.1099 0.0000	</row0>
					<row1>	0.0000 1.0000 0.0000 0.0000	</row1>
					<row2>	-0.1099 0.0000 0.9939 0.0000	</row2>
					<row3>	-0.1807 0.1525 -3.3694 1.0000	</row3>
				</transform>
			</node>
			<node>
				<identifier>	MP_RM183_Depth_Charge_BM1_INDEX_5	</identifier>
				<transform>
					<row0>	0.9939 0.0000 0.1099 0.0000	</row0>
					<row1>	0.0000 1.0000 0.0000 0.0000	</row1>
					<row2>	-0.1099 0.0000 0.9939 0.0000	</row2>
					<row3>	-0.1783 0.1525 -3.3911 1.0000	</row3>
				</transform>
			</node>
			<node>
				<identifier>	MP_RM183_Depth_Charge_BM1_INDEX_6	</identifier>
				<transform>
					<row0>	0.9939 0.0000 0.1099 0.0000	</row0>
					<row1>	0.0000 1.0000 0.0000 0.0000	</row1>
					<row2>	-0.1099 0.0000 0.9939 0.0000	</row2>
					<row3>	-0.1759 0.1525 -3.4129 1.0000	</row3>
				</transform>
			</node>
			<node>
				<identifier>	MP_RM183_Depth_Charge_BM1_INDEX_7	</identifier>
				<transform>
					<row0>	0.9939 0.0000 0.1099 0.0000	</row0>
					<row1>	0.0000 1.0000 0.0000 0.0000	</row1>
					<row2>	-0.1099 0.0000 0.9939 0.0000	</row2>
					<row3>	-0.1733 0.1525 -3.4342 1.0000	</row3>
				</transform>
			</node>
			<node>
				<identifier>	MP_RM202_Screen_Smoke_DA2	</identifier>
				<transform>
					<row0>	-0.1111 0.0000 -0.9938 0.0000	</row0>
					<row1>	0.0176 0.9998 -0.0020 0.0000	</row1>
					<row2>	0.9936 -0.0177 -0.1111 0.0000	</row2>
					<row3>	0.1532 0.1455 -3.5674 1.0000	</row3>
				</transform>
			</node>
			<node>
				<identifier>	MP_RM202_Screen_Smoke_DA2_INDEX_1	</identifier>
				<transform>
					<row0>	-0.1111 0.0000 0.9938 0.0000	</row0>
					<row1>	-0.0176 0.9998 -0.0020 0.0000	</row1>
					<row2>	-0.9936 -0.0177 -0.1111 0.0000	</row2>
					<row3>	-0.1532 0.1455 -3.5674 1.0000	</row3>
				</transform>
			</node>
			<node>
				<identifier>	MP_RM214_Life_Buoy	</identifier>
				<transform>
					<row0>	0.0809 0.0000 0.9967 0.0000	</row0>
					<row1>	0.0000 1.0000 0.0000 0.0000	</row1>
					<row2>	-0.9967 0.0000 0.0809 0.0000	</row2>
					<row3>	0.2280 0.2145 -3.0132 1.0000	</row3>
				</transform>
			</node>
			<node>
				<identifier>	MP_RM214_Life_Buoy_INDEX_1	</identifier>
				<transform>
					<row0>	0.0809 0.0000 -0.9967 0.0000	</row0>
					<row1>	0.0000 1.0000 0.0000 0.0000	</row1>
					<row2>	0.9967 0.0000 0.0809 0.0000	</row2>
					<row3>	-0.2280 0.2145 -3.0132 1.0000	</row3>
				</transform>
			</node>
			<node>
				<identifier>	MP_RM219_Fairlead	</identifier>
				<transform>
					<row0>	0.9965 -0.0002 0.0841 0.0000	</row0>
					<row1>	0.0000 1.0000 0.0030 0.0000	</row1>
					<row2>	-0.0841 -0.0030 0.9965 0.0000	</row2>
					<row3>	-0.1962 0.1485 -3.2318 1.0000	</row3>
				</transform>
			</node>
			<node>
				<identifier>	MP_RM219_Fairlead_INDEX_1	</identifier>
				<transform>
					<row0>	0.9975 0.0001 -0.0704 0.0000	</row0>
					<row1>	0.0000 1.0000 0.0030 0.0000	</row1>
					<row2>	0.0704 -0.0030 0.9975 0.0000	</row2>
					<row3>	0.2339 0.1487 -2.8011 1.0000	</row3>
				</transform>
			</node>
			<node>
				<identifier>	MP_RM219_Fairlead_INDEX_2	</identifier>
				<transform>
					<row0>	0.9965 0.0002 -0.0841 0.0000	</row0>
					<row1>	0.0000 1.0000 0.0030 0.0000	</row1>
					<row2>	0.0841 -0.0030 0.9965 0.0000	</row2>
					<row3>	0.1962 0.1485 -3.2318 1.0000	</row3>
				</transform>
			</node>
			<node>
				<identifier>	MP_RM219_Fairlead_INDEX_3	</identifier>
				<transform>
					<row0>	0.9975 -0.0001 0.0704 0.0000	</row0>
					<row1>	0.0000 1.0000 0.0030 0.0000	</row1>
					<row2>	-0.0704 -0.0030 0.9975 0.0000	</row2>
					<row3>	-0.2339 0.1487 -2.8011 1.0000	</row3>
				</transform>
			</node>
			<node>
				<identifier>	MP_RM220_Bollard	</identifier>
				<transform>
					<row0>	0.9958 0.0000 -0.0912 0.0000	</row0>
					<row1>	0.0000 1.0000 0.0000 0.0000	</row1>
					<row2>	0.0912 0.0000 0.9958 0.0000	</row2>
					<row3>	0.2031 0.1450 -3.1433 1.0000	</row3>
				</transform>
			</node>
			<node>
				<identifier>	MP_RM220_Bollard_INDEX_1	</identifier>
				<transform>
					<row0>	0.9958 0.0000 0.0912 0.0000	</row0>
					<row1>	0.0000 1.0000 0.0000 0.0000	</row1>
					<row2>	-0.0912 0.0000 0.9958 0.0000	</row2>
					<row3>	-0.2031 0.1450 -3.1433 1.0000	</row3>
				</transform>
			</node>
			<node>
				<identifier>	MP_RM249_Coat_of_Arms_USSR	</identifier>
				<transform>
					<row0>	-1.2948 0.0000 0.0000 0.0000	</row0>
					<row1>	0.0000 1.2553 -0.3175 0.0000	</row1>
					<row2>	0.0000 -0.3175 -1.2553 0.0000	</row2>
					<row3>	0.0000 0.0893 -3.7342 1.0000	</row3>
				</transform>
			</node>
		</node>
	</node>
	<boundingBox>
		<min>	-0.0667 -0.0667 -0.0667	</min>
		<max>	0.0667 0.0667 0.0667	</max>
	</boundingBox>
</RSD001_Gremyashchy_1942_Stern_ports.visual>
