<WSD301_Stord_prem_1943_Stern_ports.visual>
	<node>
		<identifier>	Scene Root	</identifier>
		<transform>
			<row0>	1.0000 0.0000 0.0000 0.0000	</row0>
			<row1>	0.0000 1.0000 0.0000 0.0000	</row1>
			<row2>	0.0000 0.0000 1.0000 0.0000	</row2>
			<row3>	0.0000 0.0000 0.0000 1.0000	</row3>
		</transform>
		<node>
			<identifier>	Stern_ports	</identifier>
			<transform>
				<row0>	1.0000 0.0000 0.0000 0.0000	</row0>
				<row1>	0.0000 1.0000 0.0000 0.0000	</row1>
				<row2>	0.0000 0.0000 1.0000 0.0000	</row2>
				<row3>	0.0000 0.0000 0.0000 1.0000	</row3>
			</transform>
			<node>
				<identifier>	HP_FX_Fire_4	</identifier>
				<transform>
					<row0>	1.0000 0.0000 0.0000 0.0000	</row0>
					<row1>	0.0000 1.0000 0.0000 0.0000	</row1>
					<row2>	0.0000 0.0000 1.0000 0.0000	</row2>
					<row3>	0.0000 0.1831 -3.2781 1.0000	</row3>
				</transform>
			</node>
			<node>
				<identifier>	HP_FX_Flood_water_left_2	</identifier>
				<transform>
					<row0>	-1.0000 0.0000 0.0099 0.0000	</row0>
					<row1>	0.0000 1.0000 0.0000 0.0000	</row1>
					<row2>	-0.0099 0.0000 -1.0000 0.0000	</row2>
					<row3>	-0.2996 0.0370 -2.6775 1.0000	</row3>
				</transform>
			</node>
			<node>
				<identifier>	HP_FX_WakeTraceBack	</identifier>
				<transform>
					<row0>	1.0000 0.0000 0.0000 0.0000	</row0>
					<row1>	0.0000 1.0000 0.0000 0.0000	</row1>
					<row2>	0.0000 0.0000 1.0000 0.0000	</row2>
					<row3>	0.0000 0.0000 -3.5925 1.0000	</row3>
				</transform>
			</node>
			<node>
				<identifier>	HP_FX_WakeTrace_screw_1	</identifier>
				<transform>
					<row0>	1.0000 0.0000 0.0000 0.0000	</row0>
					<row1>	0.0000 1.0000 0.0000 0.0000	</row1>
					<row2>	0.0000 0.0000 1.0000 0.0000	</row2>
					<row3>	-0.1466 -0.2164 -3.1977 1.0000	</row3>
				</transform>
			</node>
			<node>
				<identifier>	HP_FX_WakeTrace_screw_2	</identifier>
				<transform>
					<row0>	1.0000 0.0000 0.0000 0.0000	</row0>
					<row1>	0.0000 1.0000 0.0000 0.0000	</row1>
					<row2>	0.0000 0.0000 1.0000 0.0000	</row2>
					<row3>	0.1466 -0.2164 -3.1977 1.0000	</row3>
				</transform>
			</node>
			<node>
				<identifier>	HP_Ship_death_3	</identifier>
				<transform>
					<row0>	1.0000 0.0000 0.0000 0.0000	</row0>
					<row1>	0.0000 1.0000 0.0000 0.0000	</row1>
					<row2>	0.0000 0.0000 1.0000 0.0000	</row2>
					<row3>	0.0000 0.0000 -2.4301 1.0000	</row3>
				</transform>
			</node>
			<node>
				<identifier>	MP_BM009_Depth_Charge	</identifier>
				<transform>
					<row0>	-0.2384 0.0246 -0.9708 0.0000	</row0>
					<row1>	-0.9691 0.0591 0.2395 0.0000	</row1>
					<row2>	0.0632 0.9980 0.0098 0.0000	</row2>
					<row3>	0.1878 0.1716 -3.5164 1.0000	</row3>
				</transform>
			</node>
			<node>
				<identifier>	MP_BM009_Depth_Charge_INDEX_1	</identifier>
				<transform>
					<row0>	-0.2384 0.0246 -0.9708 0.0000	</row0>
					<row1>	-0.9691 0.0591 0.2395 0.0000	</row1>
					<row2>	0.0632 0.9980 0.0098 0.0000	</row2>
					<row3>	0.2053 0.1709 -3.4455 1.0000	</row3>
				</transform>
			</node>
			<node>
				<identifier>	MP_BM009_Depth_Charge_INDEX_2	</identifier>
				<transform>
					<row0>	-0.2384 0.0246 -0.9708 0.0000	</row0>
					<row1>	-0.9691 0.0591 0.2395 0.0000	</row1>
					<row2>	0.0632 0.9980 0.0098 0.0000	</row2>
					<row3>	0.1966 0.1712 -3.4808 1.0000	</row3>
				</transform>
			</node>
			<node>
				<identifier>	MP_BM009_Depth_Charge_INDEX_3	</identifier>
				<transform>
					<row0>	-0.1721 -0.0246 0.9848 0.0000	</row0>
					<row1>	0.9831 0.0591 0.1733 0.0000	</row1>
					<row2>	-0.0624 0.9980 0.0141 0.0000	</row2>
					<row3>	-0.2141 0.1701 -3.4271 1.0000	</row3>
				</transform>
			</node>
			<node>
				<identifier>	MP_BM009_Depth_Charge_INDEX_4	</identifier>
				<transform>
					<row0>	-0.1721 -0.0246 0.9848 0.0000	</row0>
					<row1>	0.9831 0.0591 0.1733 0.0000	</row1>
					<row2>	-0.0624 0.9980 0.0141 0.0000	</row2>
					<row3>	-0.2205 0.1698 -3.3909 1.0000	</row3>
				</transform>
			</node>
			<node>
				<identifier>	MP_BM009_Depth_Charge_INDEX_5	</identifier>
				<transform>
					<row0>	-0.1721 -0.0246 0.9848 0.0000	</row0>
					<row1>	0.9831 0.0591 0.1733 0.0000	</row1>
					<row2>	-0.0624 0.9980 0.0141 0.0000	</row2>
					<row3>	-0.2268 0.1695 -3.3553 1.0000	</row3>
				</transform>
			</node>
			<node>
				<identifier>	MP_BM045_Smoke_Apparatus	</identifier>
				<transform>
					<row0>	1.0000 0.0000 0.0000 0.0000	</row0>
					<row1>	0.0000 1.0000 0.0000 0.0000	</row1>
					<row2>	0.0000 0.0000 1.0000 0.0000	</row2>
					<row3>	0.0456 0.1818 -3.1570 1.0000	</row3>
				</transform>
			</node>
			<node>
				<identifier>	MP_CM161_Propeller_4_8m_BB_R	</identifier>
				<transform>
					<row0>	0.7456 -0.0001 -0.0034 0.0000	</row0>
					<row1>	-0.0001 0.7440 -0.0493 0.0000	</row1>
					<row2>	0.0034 0.0493 0.7440 0.0000	</row2>
					<row3>	0.1467 -0.2164 -3.1977 1.0000	</row3>
				</transform>
			</node>
			<node>
				<identifier>	MP_CM162_Propeller_4_8m_BB_L	</identifier>
				<transform>
					<row0>	0.7456 0.0001 0.0034 0.0000	</row0>
					<row1>	0.0001 0.7440 -0.0493 0.0000	</row1>
					<row2>	-0.0034 0.0493 0.7440 0.0000	</row2>
					<row3>	-0.1467 -0.2164 -3.1977 1.0000	</row3>
				</transform>
			</node>
			<node>
				<identifier>	MP_WM020_Reels	</identifier>
				<transform>
					<row0>	0.9653 0.0295 -0.2594 0.0000	</row0>
					<row1>	-0.0348 0.9993 -0.0158 0.0000	</row1>
					<row2>	0.2587 0.0243 0.9656 0.0000	</row2>
					<row3>	-0.1405 0.1730 -3.1724 1.0000	</row3>
				</transform>
			</node>
			<node>
				<identifier>	MP_WM020_Reels_INDEX_1	</identifier>
				<transform>
					<row0>	0.9653 -0.0295 0.2594 0.0000	</row0>
					<row1>	0.0348 0.9993 -0.0158 0.0000	</row1>
					<row2>	-0.2587 0.0243 0.9656 0.0000	</row2>
					<row3>	0.1405 0.1730 -3.1724 1.0000	</row3>
				</transform>
			</node>
			<node>
				<identifier>	MP_WM047_Smoke_floats	</identifier>
				<transform>
					<row0>	0.9977 -0.0681 0.0000 0.0000	</row0>
					<row1>	0.0681 0.9977 0.0000 0.0000	</row1>
					<row2>	0.0000 0.0000 1.0000 0.0000	</row2>
					<row3>	0.2268 0.1703 -3.2524 1.0000	</row3>
				</transform>
			</node>
			<node>
				<identifier>	MP_WM047_Smoke_floats_INDEX_1	</identifier>
				<transform>
					<row0>	0.9977 -0.0681 0.0000 0.0000	</row0>
					<row1>	0.0681 0.9977 0.0000 0.0000	</row1>
					<row2>	0.0000 0.0000 1.0000 0.0000	</row2>
					<row3>	0.2193 0.1709 -3.3030 1.0000	</row3>
				</transform>
			</node>
			<node>
				<identifier>	MP_WM047_Smoke_floats_INDEX_2	</identifier>
				<transform>
					<row0>	0.9977 -0.0681 0.0000 0.0000	</row0>
					<row1>	0.0681 0.9977 0.0000 0.0000	</row1>
					<row2>	0.0000 0.0000 1.0000 0.0000	</row2>
					<row3>	0.2135 0.1715 -3.3459 1.0000	</row3>
				</transform>
			</node>
			<node>
				<identifier>	MP_WM047_Smoke_floats_INDEX_3	</identifier>
				<transform>
					<row0>	0.9978 0.0658 0.0008 0.0000	</row0>
					<row1>	-0.0658 0.9978 -0.0010 0.0000	</row1>
					<row2>	-0.0009 0.0009 1.0000 0.0000	</row2>
					<row3>	-0.1748 0.1732 -3.5000 1.0000	</row3>
				</transform>
			</node>
			<node>
				<identifier>	MP_WM047_Smoke_floats_INDEX_4	</identifier>
				<transform>
					<row0>	0.9978 0.0658 0.0008 0.0000	</row0>
					<row1>	-0.0658 0.9978 -0.0010 0.0000	</row1>
					<row2>	-0.0009 0.0009 1.0000 0.0000	</row2>
					<row3>	-0.1883 0.1727 -3.4589 1.0000	</row3>
				</transform>
			</node>
			<node>
				<identifier>	MP_WM047_Smoke_floats_INDEX_5	</identifier>
				<transform>
					<row0>	0.9978 0.0658 0.0008 0.0000	</row0>
					<row1>	-0.0658 0.9978 -0.0010 0.0000	</row1>
					<row2>	-0.0009 0.0009 1.0000 0.0000	</row2>
					<row3>	-0.2194 0.1708 -3.3074 1.0000	</row3>
				</transform>
			</node>
			<node>
				<identifier>	MP_WM047_Smoke_floats_INDEX_6	</identifier>
				<transform>
					<row0>	0.9978 0.0658 0.0008 0.0000	</row0>
					<row1>	-0.0658 0.9978 -0.0010 0.0000	</row1>
					<row2>	-0.0009 0.0009 1.0000 0.0000	</row2>
					<row3>	-0.2268 0.1700 -3.2511 1.0000	</row3>
				</transform>
			</node>
			<node>
				<identifier>	MP_WM758_24in_round_hatch	</identifier>
				<transform>
					<row0>	-1.0000 0.0000 0.0000 0.0000	</row0>
					<row1>	0.0000 1.0000 0.0000 0.0000	</row1>
					<row2>	0.0000 0.0000 -1.0000 0.0000	</row2>
					<row3>	-0.0397 0.1863 -3.2141 1.0000	</row3>
				</transform>
			</node>
			<node>
				<identifier>	MP_WM758_24in_round_hatch_INDEX_1	</identifier>
				<transform>
					<row0>	-1.1361 0.0000 0.0000 0.0000	</row0>
					<row1>	0.0000 1.1361 0.0000 0.0000	</row1>
					<row2>	0.0000 0.0000 -1.1361 0.0000	</row2>
					<row3>	-0.0309 0.1751 -3.1207 1.0000	</row3>
				</transform>
			</node>
			<node>
				<identifier>	MP_WM804_Ventilators_mushroom	</identifier>
				<transform>
					<row0>	1.0000 0.0000 0.0000 0.0000	</row0>
					<row1>	0.0000 1.0000 0.0000 0.0000	</row1>
					<row2>	0.0000 0.0000 1.0000 0.0000	</row2>
					<row3>	0.0149 0.1634 -3.1099 1.0000	</row3>
				</transform>
			</node>
			<node>
				<identifier>	MP_WM872_Running_Lights_B	</identifier>
				<transform>
					<row0>	0.5665 0.0000 0.0000 0.0000	</row0>
					<row1>	0.0000 0.5665 0.0000 0.0000	</row1>
					<row2>	0.0000 0.0000 0.5665 0.0000	</row2>
					<row3>	-0.0001 0.3621 -3.5703 1.0000	</row3>
				</transform>
			</node>
		</node>
	</node>
	<boundingBox>
		<min>	-0.0667 -0.0667 -0.0667	</min>
		<max>	0.0667 0.0667 0.0667	</max>
	</boundingBox>
</WSD301_Stord_prem_1943_Stern_ports.visual>
