<FSC004_Duguay_Trouin_1929_Bow_ports.visual>
	<node>
		<identifier>	Scene Root	</identifier>
		<transform>
			<row0>	1.0000 0.0000 0.0000 0.0000	</row0>
			<row1>	0.0000 1.0000 0.0000 0.0000	</row1>
			<row2>	0.0000 0.0000 1.0000 0.0000	</row2>
			<row3>	0.0000 0.0000 0.0000 1.0000	</row3>
		</transform>
		<node>
			<identifier>	Bow_ports	</identifier>
			<transform>
				<row0>	1.0000 0.0000 0.0000 0.0000	</row0>
				<row1>	0.0000 1.0000 0.0000 0.0000	</row1>
				<row2>	0.0000 0.0000 1.0000 0.0000	</row2>
				<row3>	0.0000 0.0000 0.0000 1.0000	</row3>
			</transform>
			<node>
				<identifier>	HP_FGM_1	</identifier>
				<transform>
					<row0>	1.0000 0.0000 0.0000 0.0000	</row0>
					<row1>	0.0000 1.0000 0.0000 0.0000	</row1>
					<row2>	0.0000 0.0000 1.0000 0.0000	</row2>
					<row3>	0.0000 0.6103 3.4452 1.0000	</row3>
				</transform>
			</node>
			<node>
				<identifier>	HP_FX_Death_1	</identifier>
				<transform>
					<row0>	1.0000 0.0000 0.0000 0.0000	</row0>
					<row1>	0.0000 1.0000 0.0000 0.0000	</row1>
					<row2>	0.0000 0.0000 1.0000 0.0000	</row2>
					<row3>	0.0000 0.0000 3.1594 1.0000	</row3>
				</transform>
			</node>
			<node>
				<identifier>	HP_FX_Fire_1	</identifier>
				<transform>
					<row0>	1.0000 0.0000 0.0000 0.0000	</row0>
					<row1>	0.0000 1.0000 0.0000 0.0000	</row1>
					<row2>	0.0000 0.0000 1.0000 0.0000	</row2>
					<row3>	0.0000 0.6172 4.4107 1.0000	</row3>
				</transform>
			</node>
			<node>
				<identifier>	HP_FX_Flood_water_left_3	</identifier>
				<transform>
					<row0>	-1.0000 0.0000 0.0000 0.0000	</row0>
					<row1>	0.0000 1.0000 0.0000 0.0000	</row1>
					<row2>	0.0000 0.0000 -1.0000 0.0000	</row2>
					<row3>	-0.3272 0.1401 3.8416 1.0000	</row3>
				</transform>
			</node>
			<node>
				<identifier>	HP_FX_Flood_water_right_3	</identifier>
				<transform>
					<row0>	1.0000 0.0000 0.0000 0.0000	</row0>
					<row1>	0.0000 1.0000 0.0000 0.0000	</row1>
					<row2>	0.0000 0.0000 1.0000 0.0000	</row2>
					<row3>	0.3260 0.1365 3.8427 1.0000	</row3>
				</transform>
			</node>
			<node>
				<identifier>	HP_FX_WakeTrace	</identifier>
				<transform>
					<row0>	1.0000 0.0000 0.0000 0.0000	</row0>
					<row1>	0.0000 1.0000 0.0000 0.0000	</row1>
					<row2>	0.0000 0.0000 1.0000 0.0000	</row2>
					<row3>	0.0000 0.0000 5.8721 1.0000	</row3>
				</transform>
			</node>
			<node>
				<identifier>	HP_Ship_death_1	</identifier>
				<transform>
					<row0>	1.0000 0.0000 0.0000 0.0000	</row0>
					<row1>	0.0000 1.0000 0.0000 0.0000	</row1>
					<row2>	0.0000 0.0000 1.0000 0.0000	</row2>
					<row3>	0.0000 0.0000 3.1594 1.0000	</row3>
				</transform>
			</node>
			<node>
				<identifier>	MP_FM015_Life_Buoy	</identifier>
				<transform>
					<row0>	-0.0745 0.0000 -0.9972 0.0000	</row0>
					<row1>	0.0000 1.0000 0.0000 0.0000	</row1>
					<row2>	0.9972 0.0000 -0.0745 0.0000	</row2>
					<row3>	-0.4685 0.6528 3.9130 1.0000	</row3>
				</transform>
			</node>
			<node>
				<identifier>	MP_FM015_Life_Buoy_INDEX_1	</identifier>
				<transform>
					<row0>	-0.0745 0.0000 0.9972 0.0000	</row0>
					<row1>	0.0000 1.0000 0.0000 0.0000	</row1>
					<row2>	-0.9972 0.0000 -0.0745 0.0000	</row2>
					<row3>	0.4685 0.6528 3.9130 1.0000	</row3>
				</transform>
			</node>
			<node>
				<identifier>	MP_FM800_Ventilation	</identifier>
				<transform>
					<row0>	0.9547 0.0000 0.0000 0.0000	</row0>
					<row1>	0.0000 0.9547 0.0000 0.0000	</row1>
					<row2>	0.0000 0.0000 0.9547 0.0000	</row2>
					<row3>	-0.1011 0.5792 3.6806 1.0000	</row3>
				</transform>
			</node>
			<node>
				<identifier>	MP_FM800_Ventilation_INDEX_1	</identifier>
				<transform>
					<row0>	0.9184 0.0000 0.0000 0.0000	</row0>
					<row1>	0.0000 0.9184 0.0000 0.0000	</row1>
					<row2>	0.0000 0.0000 0.9184 0.0000	</row2>
					<row3>	0.1503 0.5792 3.7135 1.0000	</row3>
				</transform>
			</node>
			<node>
				<identifier>	MP_FM800_Ventilation_INDEX_2	</identifier>
				<transform>
					<row0>	1.0000 0.0000 0.0000 0.0000	</row0>
					<row1>	0.0000 1.0000 0.0000 0.0000	</row1>
					<row2>	0.0000 0.0000 1.0000 0.0000	</row2>
					<row3>	-0.0389 0.5881 4.5895 1.0000	</row3>
				</transform>
			</node>
			<node>
				<identifier>	MP_FM800_Ventilation_INDEX_3	</identifier>
				<transform>
					<row0>	1.0000 0.0000 0.0000 0.0000	</row0>
					<row1>	0.0000 1.0000 0.0000 0.0000	</row1>
					<row2>	0.0000 0.0000 1.0000 0.0000	</row2>
					<row3>	-0.1879 0.5844 4.2927 1.0000	</row3>
				</transform>
			</node>
			<node>
				<identifier>	MP_FM800_Ventilation_INDEX_4	</identifier>
				<transform>
					<row0>	1.1269 0.0000 0.0000 0.0000	</row0>
					<row1>	0.0000 1.1269 0.0000 0.0000	</row1>
					<row2>	0.0000 0.0000 1.1269 0.0000	</row2>
					<row3>	-0.0051 0.5988 5.3220 1.0000	</row3>
				</transform>
			</node>
			<node>
				<identifier>	MP_FM950_Anchor_bottom	</identifier>
				<transform>
					<row0>	-0.3246 0.8145 0.4810 0.0000	</row0>
					<row1>	-0.2104 0.4336 -0.8762 0.0000	</row1>
					<row2>	-0.9222 -0.3856 0.0306 0.0000	</row2>
					<row3>	-0.2042 0.4838 5.5539 1.0000	</row3>
				</transform>
			</node>
			<node>
				<identifier>	MP_FM950_Anchor_bottom_INDEX_1	</identifier>
				<transform>
					<row0>	-0.2119 -0.8155 -0.5385 0.0000	</row0>
					<row1>	0.3207 0.4625 -0.8266 0.0000	</row1>
					<row2>	0.9232 -0.3479 0.1635 0.0000	</row2>
					<row3>	0.1118 0.4845 5.8578 1.0000	</row3>
				</transform>
			</node>
			<node>
				<identifier>	MP_FM950_Anchor_bottom_INDEX_2	</identifier>
				<transform>
					<row0>	-0.3246 -0.8145 -0.4810 0.0000	</row0>
					<row1>	0.2104 0.4336 -0.8762 0.0000	</row1>
					<row2>	0.9222 -0.3856 0.0306 0.0000	</row2>
					<row3>	0.2042 0.4838 5.5539 1.0000	</row3>
				</transform>
			</node>
			<node>
				<identifier>	MP_FM951_Anchor_up	</identifier>
				<transform>
					<row0>	-0.2119 -0.8155 -0.5385 0.0000	</row0>
					<row1>	0.0039 0.5504 -0.8349 0.0000	</row1>
					<row2>	0.9773 -0.1790 -0.1135 0.0000	</row2>
					<row3>	0.1118 0.4845 5.8578 1.0000	</row3>
				</transform>
			</node>
			<node>
				<identifier>	MP_FM951_Anchor_up_INDEX_1	</identifier>
				<transform>
					<row0>	-0.3246 0.8145 0.4810 0.0000	</row0>
					<row1>	0.1736 0.5511 -0.8161 0.0000	</row1>
					<row2>	-0.9298 -0.1814 -0.3203 0.0000	</row2>
					<row3>	-0.2042 0.4838 5.5539 1.0000	</row3>
				</transform>
			</node>
			<node>
				<identifier>	MP_FM951_Anchor_up_INDEX_2	</identifier>
				<transform>
					<row0>	-0.3246 -0.8145 -0.4810 0.0000	</row0>
					<row1>	-0.1736 0.5511 -0.8161 0.0000	</row1>
					<row2>	0.9298 -0.1814 -0.3203 0.0000	</row2>
					<row3>	0.2042 0.4838 5.5539 1.0000	</row3>
				</transform>
			</node>
			<node>
				<identifier>	MP_FM955_Bollard	</identifier>
				<transform>
					<row0>	0.9928 0.0000 0.1194 0.0000	</row0>
					<row1>	0.0000 1.0000 0.0000 0.0000	</row1>
					<row2>	-0.1194 0.0000 0.9928 0.0000	</row2>
					<row3>	0.3790 0.5945 4.5479 1.0000	</row3>
				</transform>
			</node>
			<node>
				<identifier>	MP_FM955_Bollard_INDEX_1	</identifier>
				<transform>
					<row0>	1.5896 0.0000 -0.1579 0.0000	</row0>
					<row1>	0.0000 1.5974 0.0000 0.0000	</row1>
					<row2>	0.1579 0.0000 1.5896 0.0000	</row2>
					<row3>	-0.3368 0.5879 4.1373 1.0000	</row3>
				</transform>
			</node>
			<node>
				<identifier>	MP_FM955_Bollard_INDEX_2	</identifier>
				<transform>
					<row0>	1.5896 0.0000 0.1579 0.0000	</row0>
					<row1>	0.0000 1.5974 0.0000 0.0000	</row1>
					<row2>	-0.1579 0.0000 1.5896 0.0000	</row2>
					<row3>	0.3368 0.5886 4.1373 1.0000	</row3>
				</transform>
			</node>
			<node>
				<identifier>	MP_FM955_Bollard_INDEX_3	</identifier>
				<transform>
					<row0>	0.9928 0.0000 -0.1194 0.0000	</row0>
					<row1>	0.0000 1.0000 0.0000 0.0000	</row1>
					<row2>	0.1194 0.0000 0.9928 0.0000	</row2>
					<row3>	-0.3790 0.5945 4.5479 1.0000	</row3>
				</transform>
			</node>
		</node>
	</node>
	<boundingBox>
		<min>	-0.0667 -0.0667 -0.0667	</min>
		<max>	0.0667 0.0667 0.0667	</max>
	</boundingBox>
</FSC004_Duguay_Trouin_1929_Bow_ports.visual>
