<ASA007_Hornet_1942_Bow_ports.visual>
	<node>
		<identifier>	Scene Root	</identifier>
		<transform>
			<row0>	1.0000 0.0000 0.0000 0.0000	</row0>
			<row1>	0.0000 1.0000 0.0000 0.0000	</row1>
			<row2>	0.0000 0.0000 1.0000 0.0000	</row2>
			<row3>	0.0000 0.0000 0.0000 1.0000	</row3>
		</transform>
		<node>
			<identifier>	Bow_ports	</identifier>
			<transform>
				<row0>	1.0000 0.0000 0.0000 0.0000	</row0>
				<row1>	0.0000 1.0000 0.0000 0.0000	</row1>
				<row2>	0.0000 0.0000 1.0000 0.0000	</row2>
				<row3>	0.0000 0.0000 0.0000 1.0000	</row3>
			</transform>
			<node>
				<identifier>	HP_AGA_1	</identifier>
				<transform>
					<row0>	1.0000 0.0000 0.0000 0.0000	</row0>
					<row1>	0.0000 1.0000 0.0000 0.0000	</row1>
					<row2>	0.0000 0.0000 1.0000 0.0000	</row2>
					<row3>	-0.1202 0.8635 8.0271 1.0000	</row3>
				</transform>
			</node>
			<node>
				<identifier>	HP_AGA_2	</identifier>
				<transform>
					<row0>	1.0000 0.0000 0.0000 0.0000	</row0>
					<row1>	0.0000 1.0000 0.0000 0.0000	</row1>
					<row2>	0.0000 0.0000 1.0000 0.0000	</row2>
					<row3>	0.1202 0.8635 8.0271 1.0000	</row3>
				</transform>
			</node>
			<node>
				<identifier>	HP_DeckStart	</identifier>
				<transform>
					<row0>	1.0000 0.0000 0.0000 0.0000	</row0>
					<row1>	0.0000 1.0000 0.0000 0.0000	</row1>
					<row2>	0.0000 0.0000 1.0000 0.0000	</row2>
					<row3>	0.0000 1.0994 5.7540 1.0000	</row3>
				</transform>
			</node>
			<node>
				<identifier>	HP_FX_Fire_1	</identifier>
				<transform>
					<row0>	1.0000 0.0000 0.0000 0.0000	</row0>
					<row1>	0.0000 1.0000 0.0000 0.0000	</row1>
					<row2>	0.0000 0.0000 1.0000 0.0000	</row2>
					<row3>	0.2797 1.0674 5.2503 1.0000	</row3>
				</transform>
			</node>
			<node>
				<identifier>	HP_FX_Fire_1_side_1	</identifier>
				<transform>
					<row0>	1.0000 0.0000 0.0000 0.0000	</row0>
					<row1>	0.0000 1.0000 0.0000 0.0000	</row1>
					<row2>	0.0000 0.0000 1.0000 0.0000	</row2>
					<row3>	-0.9194 0.9737 5.6556 1.0000	</row3>
				</transform>
			</node>
			<node>
				<identifier>	HP_FX_Fire_1_side_2	</identifier>
				<transform>
					<row0>	1.0000 0.0000 0.0000 0.0000	</row0>
					<row1>	0.0000 1.0000 0.0000 0.0000	</row1>
					<row2>	0.0000 0.0000 1.0000 0.0000	</row2>
					<row3>	0.4602 1.0990 6.5504 1.0000	</row3>
				</transform>
			</node>
			<node>
				<identifier>	HP_FX_FloodLight_left_1	</identifier>
				<transform>
					<row0>	-0.9901 0.0000 0.1401 0.0000	</row0>
					<row1>	0.0000 1.0000 0.0000 0.0000	</row1>
					<row2>	-0.1401 0.0000 -0.9901 0.0000	</row2>
					<row3>	-0.6495 0.8351 6.5271 1.0000	</row3>
				</transform>
			</node>
			<node>
				<identifier>	HP_FX_FloodLight_right_1	</identifier>
				<transform>
					<row0>	1.0000 0.0000 0.0000 0.0000	</row0>
					<row1>	0.0000 1.0000 0.0000 0.0000	</row1>
					<row2>	0.0000 0.0000 1.0000 0.0000	</row2>
					<row3>	0.6488 0.8780 6.5277 1.0000	</row3>
				</transform>
			</node>
			<node>
				<identifier>	HP_FX_Flood_water_left_4	</identifier>
				<transform>
					<row0>	-0.9892 0.0000 0.1464 0.0000	</row0>
					<row1>	0.0000 1.0000 0.0000 0.0000	</row1>
					<row2>	-0.1464 0.0000 -0.9892 0.0000	</row2>
					<row3>	-0.2951 0.1110 5.6795 1.0000	</row3>
				</transform>
			</node>
			<node>
				<identifier>	HP_FX_Flood_water_right_4	</identifier>
				<transform>
					<row0>	0.9872 0.0000 0.1595 0.0000	</row0>
					<row1>	0.0000 1.0000 0.0000 0.0000	</row1>
					<row2>	-0.1595 0.0000 0.9872 0.0000	</row2>
					<row3>	0.2950 0.1098 5.6799 1.0000	</row3>
				</transform>
			</node>
			<node>
				<identifier>	HP_FX_WakeTrace	</identifier>
				<transform>
					<row0>	1.0000 0.0000 0.0000 0.0000	</row0>
					<row1>	0.0000 1.0000 0.0000 0.0000	</row1>
					<row2>	0.0000 0.0000 1.0000 0.0000	</row2>
					<row3>	0.0000 0.0000 7.7960 1.0000	</row3>
				</transform>
			</node>
			<node>
				<identifier>	HP_LiftOffPoint	</identifier>
				<transform>
					<row0>	1.0000 0.0000 0.0000 0.0000	</row0>
					<row1>	0.0000 1.0000 0.0000 0.0000	</row1>
					<row2>	0.0000 0.0000 1.0000 0.0000	</row2>
					<row3>	0.0000 1.1022 7.9854 1.0000	</row3>
				</transform>
			</node>
			<node>
				<identifier>	MP_AM024_Hatch_2	</identifier>
				<transform>
					<row0>	0.0000 0.0000 1.0000 0.0000	</row0>
					<row1>	0.0000 1.0000 0.0000 0.0000	</row1>
					<row2>	-1.0000 0.0000 0.0000 0.0000	</row2>
					<row3>	-0.2073 0.7311 6.7228 1.0000	</row3>
				</transform>
			</node>
			<node>
				<identifier>	MP_AM045_Running_Lights_F	</identifier>
				<transform>
					<row0>	1.0000 0.0000 0.0000 0.0000	</row0>
					<row1>	0.0000 1.0000 0.0000 0.0000	</row1>
					<row2>	0.0000 0.0000 1.0000 0.0000	</row2>
					<row3>	0.0000 1.0018 7.9617 1.0000	</row3>
				</transform>
			</node>
			<node>
				<identifier>	MP_AM057_Boat_3	</identifier>
				<transform>
					<row0>	0.9063 -0.4226 0.0000 0.0000	</row0>
					<row1>	0.4226 0.9063 0.0000 0.0000	</row1>
					<row2>	0.0000 0.0000 1.0000 0.0000	</row2>
					<row3>	0.6635 0.8645 6.9697 1.0000	</row3>
				</transform>
			</node>
			<node>
				<identifier>	MP_AM077_Paravane	</identifier>
				<transform>
					<row0>	-1.0000 0.0000 0.0000 0.0000	</row0>
					<row1>	0.0000 1.0000 0.0000 0.0000	</row1>
					<row2>	0.0000 0.0000 -1.0000 0.0000	</row2>
					<row3>	0.5658 0.7476 6.8515 1.0000	</row3>
				</transform>
			</node>
			<node>
				<identifier>	MP_AM077_Paravane_INDEX_1	</identifier>
				<transform>
					<row0>	-1.0000 0.0000 0.0000 0.0000	</row0>
					<row1>	0.0000 1.0000 0.0000 0.0000	</row1>
					<row2>	0.0000 0.0000 -1.0000 0.0000	</row2>
					<row3>	-0.5658 0.7476 6.8515 1.0000	</row3>
				</transform>
			</node>
			<node>
				<identifier>	MP_AM108_Reels_4	</identifier>
				<transform>
					<row0>	1.0000 0.0000 0.0000 0.0000	</row0>
					<row1>	0.0000 1.0000 0.0000 0.0000	</row1>
					<row2>	0.0000 0.0000 1.0000 0.0000	</row2>
					<row3>	-0.3355 0.7349 7.3656 1.0000	</row3>
				</transform>
			</node>
			<node>
				<identifier>	MP_AM108_Reels_4_INDEX_1	</identifier>
				<transform>
					<row0>	1.0000 0.0000 0.0000 0.0000	</row0>
					<row1>	0.0000 1.0000 0.0000 0.0000	</row1>
					<row2>	0.0000 0.0000 1.0000 0.0000	</row2>
					<row3>	0.3355 0.7349 7.3656 1.0000	</row3>
				</transform>
			</node>
			<node>
				<identifier>	MP_AM157_Telephone	</identifier>
				<transform>
					<row0>	-0.0341 0.0000 0.9994 0.0000	</row0>
					<row1>	0.0000 1.0000 0.0000 0.0000	</row1>
					<row2>	-0.9994 0.0000 -0.0341 0.0000	</row2>
					<row3>	0.8465 1.0697 3.5380 1.0000	</row3>
				</transform>
			</node>
			<node>
				<identifier>	MP_AM157_Telephone_INDEX_1	</identifier>
				<transform>
					<row0>	-0.0341 0.0000 0.9994 0.0000	</row0>
					<row1>	0.0000 1.0000 0.0000 0.0000	</row1>
					<row2>	-0.9994 0.0000 -0.0341 0.0000	</row2>
					<row3>	0.8194 1.0697 4.3770 1.0000	</row3>
				</transform>
			</node>
			<node>
				<identifier>	MP_AM157_Telephone_INDEX_2	</identifier>
				<transform>
					<row0>	0.0000 0.0000 1.0000 0.0000	</row0>
					<row1>	0.0000 1.0000 0.0000 0.0000	</row1>
					<row2>	-1.0000 0.0000 0.0000 0.0000	</row2>
					<row3>	0.5070 0.9871 5.5089 1.0000	</row3>
				</transform>
			</node>
			<node>
				<identifier>	MP_AM157_Telephone_INDEX_3	</identifier>
				<transform>
					<row0>	-0.0341 0.0000 0.9994 0.0000	</row0>
					<row1>	0.0000 1.0000 0.0000 0.0000	</row1>
					<row2>	-0.9994 0.0000 -0.0341 0.0000	</row2>
					<row3>	0.8264 1.0697 4.1590 1.0000	</row3>
				</transform>
			</node>
			<node>
				<identifier>	MP_AM157_Telephone_INDEX_4	</identifier>
				<transform>
					<row0>	0.0000 0.0000 -1.0000 0.0000	</row0>
					<row1>	0.0000 1.0000 0.0000 0.0000	</row1>
					<row2>	1.0000 0.0000 0.0000 0.0000	</row2>
					<row3>	-0.8316 1.0184 4.0087 1.0000	</row3>
				</transform>
			</node>
			<node>
				<identifier>	MP_AM157_Telephone_INDEX_5	</identifier>
				<transform>
					<row0>	0.0000 0.0000 -1.0000 0.0000	</row0>
					<row1>	0.0000 1.0000 0.0000 0.0000	</row1>
					<row2>	1.0000 0.0000 0.0000 0.0000	</row2>
					<row3>	-0.5070 0.9871 5.5088 1.0000	</row3>
				</transform>
			</node>
			<node>
				<identifier>	MP_AM157_Telephone_INDEX_6	</identifier>
				<transform>
					<row0>	0.0000 0.0000 -1.0000 0.0000	</row0>
					<row1>	0.0000 1.0000 0.0000 0.0000	</row1>
					<row2>	1.0000 0.0000 0.0000 0.0000	</row2>
					<row3>	-0.8182 1.0184 4.4177 1.0000	</row3>
				</transform>
			</node>
			<node>
				<identifier>	MP_AM161_Anchor_top	</identifier>
				<transform>
					<row0>	0.9626 -0.0530 -0.7145 0.0000	</row0>
					<row1>	-0.3680 0.7432 -0.5509 0.0000	</row1>
					<row2>	0.5992 0.8485 0.7443 0.0000	</row2>
					<row3>	0.3066 0.5365 7.7203 1.0000	</row3>
				</transform>
			</node>
			<node>
				<identifier>	MP_AM161_Anchor_top_INDEX_1	</identifier>
				<transform>
					<row0>	0.9626 0.0530 0.7145 0.0000	</row0>
					<row1>	0.3680 0.7432 -0.5509 0.0000	</row1>
					<row2>	-0.5992 0.8485 0.7443 0.0000	</row2>
					<row3>	-0.3066 0.5365 7.7203 1.0000	</row3>
				</transform>
			</node>
			<node>
				<identifier>	MP_AM162_Anchor_down	</identifier>
				<transform>
					<row0>	0.9419 0.7388 -0.0840 0.0000	</row0>
					<row1>	-0.4861 0.5092 -0.9718 0.0000	</row1>
					<row2>	-0.5626 0.7968 0.6990 0.0000	</row2>
					<row3>	-0.3061 0.5375 7.7196 1.0000	</row3>
				</transform>
			</node>
			<node>
				<identifier>	MP_AM162_Anchor_down_INDEX_1	</identifier>
				<transform>
					<row0>	0.9419 -0.7388 0.0840 0.0000	</row0>
					<row1>	0.4861 0.5092 -0.9718 0.0000	</row1>
					<row2>	0.5626 0.7968 0.6990 0.0000	</row2>
					<row3>	0.3061 0.5375 7.7196 1.0000	</row3>
				</transform>
			</node>
			<node>
				<identifier>	MP_AM221_Hatch	</identifier>
				<transform>
					<row0>	0.0000 0.0000 -1.0000 0.0000	</row0>
					<row1>	0.0000 1.0000 0.0000 0.0000	</row1>
					<row2>	1.0000 0.0000 0.0000 0.0000	</row2>
					<row3>	0.0000 0.7339 7.4596 1.0000	</row3>
				</transform>
			</node>
			<node>
				<identifier>	MP_AM221_Hatch_INDEX_1	</identifier>
				<transform>
					<row0>	0.0000 0.0000 -1.0000 0.0000	</row0>
					<row1>	0.0000 1.0000 0.0000 0.0000	</row1>
					<row2>	1.0000 0.0000 0.0000 0.0000	</row2>
					<row3>	0.0000 0.7339 7.3697 1.0000	</row3>
				</transform>
			</node>
			<node>
				<identifier>	MP_AM344_Running_Lights_R	</identifier>
				<transform>
					<row0>	1.0000 0.0000 0.0000 0.0000	</row0>
					<row1>	0.0000 1.0000 0.0000 0.0000	</row1>
					<row2>	0.0000 0.0000 1.0000 0.0000	</row2>
					<row3>	0.7596 0.9855 7.8814 1.0000	</row3>
				</transform>
			</node>
			<node>
				<identifier>	MP_AM345_Runnng_Lights_L	</identifier>
				<transform>
					<row0>	1.0000 0.0000 0.0000 0.0000	</row0>
					<row1>	0.0000 1.0000 0.0000 0.0000	</row1>
					<row2>	0.0000 0.0000 1.0000 0.0000	</row2>
					<row3>	-0.7596 0.9855 7.8814 1.0000	</row3>
				</transform>
			</node>
			<node>
				<identifier>	MP_AM508_5in_Ammo_Hoist	</identifier>
				<transform>
					<row0>	0.0000 0.0000 -1.0000 0.0000	</row0>
					<row1>	0.0000 1.0000 0.0000 0.0000	</row1>
					<row2>	1.0000 0.0000 0.0000 0.0000	</row2>
					<row3>	0.5379 0.9055 5.2951 1.0000	</row3>
				</transform>
			</node>
			<node>
				<identifier>	MP_AM508_5in_Ammo_Hoist_INDEX_1	</identifier>
				<transform>
					<row0>	0.0000 0.0000 -1.0000 0.0000	</row0>
					<row1>	0.0000 1.0000 0.0000 0.0000	</row1>
					<row2>	1.0000 0.0000 0.0000 0.0000	</row2>
					<row3>	0.5379 0.9055 5.5894 1.0000	</row3>
				</transform>
			</node>
			<node>
				<identifier>	MP_AM508_5in_Ammo_Hoist_INDEX_2	</identifier>
				<transform>
					<row0>	0.0000 0.0000 1.0000 0.0000	</row0>
					<row1>	0.0000 1.0000 0.0000 0.0000	</row1>
					<row2>	-1.0000 0.0000 0.0000 0.0000	</row2>
					<row3>	-0.5379 0.9055 5.2951 1.0000	</row3>
				</transform>
			</node>
			<node>
				<identifier>	MP_AM508_5in_Ammo_Hoist_INDEX_3	</identifier>
				<transform>
					<row0>	0.0000 0.0000 1.0000 0.0000	</row0>
					<row1>	0.0000 1.0000 0.0000 0.0000	</row1>
					<row2>	-1.0000 0.0000 0.0000 0.0000	</row2>
					<row3>	-0.5379 0.9055 5.5894 1.0000	</row3>
				</transform>
			</node>
			<node>
				<identifier>	MP_AM559_Alarm_Tool	</identifier>
				<transform>
					<row0>	1.0000 0.0000 0.0000 0.0000	</row0>
					<row1>	0.0000 1.0000 0.0000 0.0000	</row1>
					<row2>	0.0000 0.0000 1.0000 0.0000	</row2>
					<row3>	-0.1874 0.8377 6.6903 1.0000	</row3>
				</transform>
			</node>
			<node>
				<identifier>	MP_AM559_Alarm_Tool_INDEX_1	</identifier>
				<transform>
					<row0>	1.0000 0.0000 0.0000 0.0000	</row0>
					<row1>	0.0000 1.0000 0.0000 0.0000	</row1>
					<row2>	0.0000 0.0000 1.0000 0.0000	</row2>
					<row3>	0.1874 0.8377 6.6903 1.0000	</row3>
				</transform>
			</node>
			<node>
				<identifier>	MP_AM559_Alarm_Tool_INDEX_2	</identifier>
				<transform>
					<row0>	0.0367 0.0000 0.9993 0.0000	</row0>
					<row1>	0.0000 1.0000 0.0000 0.0000	</row1>
					<row2>	-0.9993 0.0000 0.0367 0.0000	</row2>
					<row3>	-0.8431 1.0428 3.6951 1.0000	</row3>
				</transform>
			</node>
			<node>
				<identifier>	MP_AM559_Alarm_Tool_INDEX_3	</identifier>
				<transform>
					<row0>	0.0000 0.0000 -1.0000 0.0000	</row0>
					<row1>	0.0000 1.0000 0.0000 0.0000	</row1>
					<row2>	1.0000 0.0000 0.0000 0.0000	</row2>
					<row3>	0.5085 1.0154 4.9074 1.0000	</row3>
				</transform>
			</node>
			<node>
				<identifier>	MP_AM559_Alarm_Tool_INDEX_4	</identifier>
				<transform>
					<row0>	0.0000 0.0000 1.0000 0.0000	</row0>
					<row1>	0.0000 1.0000 0.0000 0.0000	</row1>
					<row2>	-1.0000 0.0000 0.0000 0.0000	</row2>
					<row3>	-0.5085 1.0154 4.9074 1.0000	</row3>
				</transform>
			</node>
			<node>
				<identifier>	MP_AM559_Alarm_Tool_INDEX_5	</identifier>
				<transform>
					<row0>	0.0353 0.0000 -0.9994 0.0000	</row0>
					<row1>	0.0000 1.0000 0.0000 0.0000	</row1>
					<row2>	0.9994 0.0000 0.0353 0.0000	</row2>
					<row3>	0.8300 1.0431 4.0977 1.0000	</row3>
				</transform>
			</node>
			<node>
				<identifier>	MP_AM607_Steern_Light	</identifier>
				<transform>
					<row0>	-1.0000 0.0000 0.0000 0.0000	</row0>
					<row1>	0.0000 1.0000 0.0000 0.0000	</row1>
					<row2>	0.0000 0.0000 -1.0000 0.0000	</row2>
					<row3>	0.7223 1.2583 7.4832 1.0000	</row3>
				</transform>
			</node>
			<node>
				<identifier>	MP_AM719_RDF	</identifier>
				<transform>
					<row0>	0.0000 0.0000 1.0000 0.0000	</row0>
					<row1>	0.0000 1.0000 0.0000 0.0000	</row1>
					<row2>	-1.0000 0.0000 0.0000 0.0000	</row2>
					<row3>	-0.8269 0.9583 7.6200 1.0000	</row3>
				</transform>
			</node>
			<node>
				<identifier>	MP_AM720_Helmets_Rack	</identifier>
				<transform>
					<row0>	-1.0000 0.0000 0.0000 0.0000	</row0>
					<row1>	0.0000 1.0000 0.0000 0.0000	</row1>
					<row2>	0.0000 0.0000 -1.0000 0.0000	</row2>
					<row3>	-0.0122 0.8809 8.1209 1.0000	</row3>
				</transform>
			</node>
			<node>
				<identifier>	MP_AM720_Helmets_Rack_INDEX_1	</identifier>
				<transform>
					<row0>	0.0323 0.0000 0.9995 0.0000	</row0>
					<row1>	0.0000 1.0000 0.0000 0.0000	</row1>
					<row2>	-0.9995 0.0000 0.0323 0.0000	</row2>
					<row3>	-0.8415 0.9768 3.7154 1.0000	</row3>
				</transform>
			</node>
			<node>
				<identifier>	MP_AM720_Helmets_Rack_INDEX_2	</identifier>
				<transform>
					<row0>	-1.0000 0.0000 0.0000 0.0000	</row0>
					<row1>	0.0000 1.0000 0.0000 0.0000	</row1>
					<row2>	0.0000 0.0000 -1.0000 0.0000	</row2>
					<row3>	0.7134 0.9391 5.8627 1.0000	</row3>
				</transform>
			</node>
			<node>
				<identifier>	MP_AM720_Helmets_Rack_INDEX_3	</identifier>
				<transform>
					<row0>	0.0323 0.0000 0.9995 0.0000	</row0>
					<row1>	0.0000 1.0000 0.0000 0.0000	</row1>
					<row2>	-0.9995 0.0000 0.0323 0.0000	</row2>
					<row3>	-0.8269 0.9768 4.1713 1.0000	</row3>
				</transform>
			</node>
			<node>
				<identifier>	MP_AM720_Helmets_Rack_INDEX_4	</identifier>
				<transform>
					<row0>	-1.0000 0.0000 0.0000 0.0000	</row0>
					<row1>	0.0000 1.0000 0.0000 0.0000	</row1>
					<row2>	0.0000 0.0000 -1.0000 0.0000	</row2>
					<row3>	-0.7134 0.9391 5.8627 1.0000	</row3>
				</transform>
			</node>
			<node>
				<identifier>	MP_AM720_Helmets_Rack_INDEX_5	</identifier>
				<transform>
					<row0>	0.0275 0.0000 -0.9996 0.0000	</row0>
					<row1>	0.0000 1.0000 0.0000 0.0000	</row1>
					<row2>	0.9996 0.0000 0.0275 0.0000	</row2>
					<row3>	0.8348 1.0295 3.9254 1.0000	</row3>
				</transform>
			</node>
			<node>
				<identifier>	MP_AM720_Helmets_Rack_INDEX_6	</identifier>
				<transform>
					<row0>	0.0275 0.0000 -0.9996 0.0000	</row0>
					<row1>	0.0000 1.0000 0.0000 0.0000	</row1>
					<row2>	0.9996 0.0000 0.0275 0.0000	</row2>
					<row3>	0.8214 1.0295 4.3383 1.0000	</row3>
				</transform>
			</node>
			<node>
				<identifier>	MP_AM722_Ammobox_big	</identifier>
				<transform>
					<row0>	1.0000 0.0000 0.0000 0.0000	</row0>
					<row1>	0.0000 1.0000 0.0000 0.0000	</row1>
					<row2>	0.0000 0.0000 1.0000 0.0000	</row2>
					<row3>	0.0000 0.8640 7.9614 1.0000	</row3>
				</transform>
			</node>
			<node>
				<identifier>	MP_AM723_Ammobox	</identifier>
				<transform>
					<row0>	0.0318 0.0000 -0.9995 0.0000	</row0>
					<row1>	0.0000 1.0000 0.0000 0.0000	</row1>
					<row2>	0.9995 0.0000 0.0318 0.0000	</row2>
					<row3>	0.8630 1.0146 3.7086 1.0000	</row3>
				</transform>
			</node>
			<node>
				<identifier>	MP_AM723_Ammobox_INDEX_1	</identifier>
				<transform>
					<row0>	0.0351 0.0000 -0.9994 0.0000	</row0>
					<row1>	0.0000 1.0000 0.0000 0.0000	</row1>
					<row2>	0.9994 0.0000 0.0351 0.0000	</row2>
					<row3>	0.8544 1.0145 3.9823 1.0000	</row3>
				</transform>
			</node>
			<node>
				<identifier>	MP_AM723_Ammobox_INDEX_2	</identifier>
				<transform>
					<row0>	-0.0590 0.0000 -0.9983 0.0000	</row0>
					<row1>	0.0000 1.0000 0.0000 0.0000	</row1>
					<row2>	0.9983 0.0000 -0.0590 0.0000	</row2>
					<row3>	-0.9479 1.0092 3.9040 1.0000	</row3>
				</transform>
			</node>
			<node>
				<identifier>	MP_AM723_Ammobox_INDEX_3	</identifier>
				<transform>
					<row0>	-0.0297 0.0000 -0.9996 0.0000	</row0>
					<row1>	0.0000 1.0000 0.0000 0.0000	</row1>
					<row2>	0.9996 0.0000 -0.0297 0.0000	</row2>
					<row3>	-0.9400 1.0092 4.1394 1.0000	</row3>
				</transform>
			</node>
			<node>
				<identifier>	MP_AM723_Ammobox_INDEX_4	</identifier>
				<transform>
					<row0>	0.0351 0.0000 -0.9994 0.0000	</row0>
					<row1>	0.0000 1.0000 0.0000 0.0000	</row1>
					<row2>	0.9994 0.0000 0.0351 0.0000	</row2>
					<row3>	0.8379 1.0145 4.4706 1.0000	</row3>
				</transform>
			</node>
			<node>
				<identifier>	MP_AM723_Ammobox_INDEX_5	</identifier>
				<transform>
					<row0>	0.0351 0.0000 -0.9994 0.0000	</row0>
					<row1>	0.0000 1.0000 0.0000 0.0000	</row1>
					<row2>	0.9994 0.0000 0.0351 0.0000	</row2>
					<row3>	0.8447 1.0145 4.2776 1.0000	</row3>
				</transform>
			</node>
			<node>
				<identifier>	MP_AM723_Ammobox_INDEX_6	</identifier>
				<transform>
					<row0>	-0.0590 0.0000 -0.9983 0.0000	</row0>
					<row1>	0.0000 1.0000 0.0000 0.0000	</row1>
					<row2>	0.9983 0.0000 -0.0590 0.0000	</row2>
					<row3>	-0.9684 1.0092 3.4816 1.0000	</row3>
				</transform>
			</node>
			<node>
				<identifier>	MP_AM723_Ammobox_INDEX_7	</identifier>
				<transform>
					<row0>	-0.0339 0.0000 -0.9994 0.0000	</row0>
					<row1>	0.0000 1.0000 0.0000 0.0000	</row1>
					<row2>	0.9994 0.0000 -0.0339 0.0000	</row2>
					<row3>	-0.9455 1.0092 3.9798 1.0000	</row3>
				</transform>
			</node>
			<node>
				<identifier>	MP_AM723_Ammobox_INDEX_8	</identifier>
				<transform>
					<row0>	0.0351 0.0000 -0.9994 0.0000	</row0>
					<row1>	0.0000 1.0000 0.0000 0.0000	</row1>
					<row2>	0.9994 0.0000 0.0351 0.0000	</row2>
					<row3>	0.8590 1.0145 3.8311 1.0000	</row3>
				</transform>
			</node>
			<node>
				<identifier>	MP_AM723_Ammobox_INDEX_9	</identifier>
				<transform>
					<row0>	-0.0372 0.0000 -0.9993 0.0000	</row0>
					<row1>	0.0000 1.0000 0.0000 0.0000	</row1>
					<row2>	0.9993 0.0000 -0.0372 0.0000	</row2>
					<row3>	-0.9322 1.0092 4.3841 1.0000	</row3>
				</transform>
			</node>
			<node>
				<identifier>	MP_CM011_Fire_Fighting_Gear	</identifier>
				<transform>
					<row0>	0.0000 0.0000 -1.0000 0.0000	</row0>
					<row1>	0.0000 1.0000 0.0000 0.0000	</row1>
					<row2>	1.0000 0.0000 0.0000 0.0000	</row2>
					<row3>	-0.5737 0.9086 5.1445 1.0000	</row3>
				</transform>
			</node>
			<node>
				<identifier>	MP_CM011_Fire_Fighting_Gear_INDEX_1	</identifier>
				<transform>
					<row0>	-1.0000 0.0000 0.0000 0.0000	</row0>
					<row1>	0.0000 1.0000 0.0000 0.0000	</row1>
					<row2>	0.0000 0.0000 -1.0000 0.0000	</row2>
					<row3>	0.4881 0.7334 6.7016 1.0000	</row3>
				</transform>
			</node>
			<node>
				<identifier>	MP_CM011_Fire_Fighting_Gear_INDEX_2	</identifier>
				<transform>
					<row0>	-1.0000 0.0000 0.0000 0.0000	</row0>
					<row1>	0.0000 1.0000 0.0000 0.0000	</row1>
					<row2>	0.0000 0.0000 -1.0000 0.0000	</row2>
					<row3>	-0.4881 0.7334 6.7016 1.0000	</row3>
				</transform>
			</node>
			<node>
				<identifier>	MP_CM011_Fire_Fighting_Gear_INDEX_3	</identifier>
				<transform>
					<row0>	0.0000 0.0000 1.0000 0.0000	</row0>
					<row1>	0.0000 1.0000 0.0000 0.0000	</row1>
					<row2>	-1.0000 0.0000 0.0000 0.0000	</row2>
					<row3>	0.5737 0.9086 5.1445 1.0000	</row3>
				</transform>
			</node>
			<node>
				<identifier>	MP_CM012_Fire_Hose_Rack_1	</identifier>
				<transform>
					<row0>	-1.0000 0.0000 0.0000 0.0000	</row0>
					<row1>	0.0000 1.0000 0.0000 0.0000	</row1>
					<row2>	0.0000 0.0000 -1.0000 0.0000	</row2>
					<row3>	0.5619 0.9718 5.1117 1.0000	</row3>
				</transform>
			</node>
			<node>
				<identifier>	MP_CM012_Fire_Hose_Rack_1_INDEX_1	</identifier>
				<transform>
					<row0>	0.0000 0.0000 -1.0000 0.0000	</row0>
					<row1>	0.0000 1.0000 0.0000 0.0000	</row1>
					<row2>	1.0000 0.0000 0.0000 0.0000	</row2>
					<row3>	0.4522 0.7945 6.6895 1.0000	</row3>
				</transform>
			</node>
			<node>
				<identifier>	MP_CM012_Fire_Hose_Rack_1_INDEX_2	</identifier>
				<transform>
					<row0>	0.0000 0.0000 -1.0000 0.0000	</row0>
					<row1>	0.0000 1.0000 0.0000 0.0000	</row1>
					<row2>	1.0000 0.0000 0.0000 0.0000	</row2>
					<row3>	-0.4522 0.7945 6.6895 1.0000	</row3>
				</transform>
			</node>
			<node>
				<identifier>	MP_CM012_Fire_Hose_Rack_1_INDEX_3	</identifier>
				<transform>
					<row0>	1.0000 0.0000 0.0000 0.0000	</row0>
					<row1>	0.0000 1.0000 0.0000 0.0000	</row1>
					<row2>	0.0000 0.0000 1.0000 0.0000	</row2>
					<row3>	-0.5623 0.9751 5.0976 1.0000	</row3>
				</transform>
			</node>
			<node>
				<identifier>	MP_CM029_Emergency_Box	</identifier>
				<transform>
					<row0>	-0.0377 0.0000 -0.9993 0.0000	</row0>
					<row1>	0.0000 1.0000 0.0000 0.0000	</row1>
					<row2>	0.9993 0.0000 -0.0377 0.0000	</row2>
					<row3>	-0.8396 1.0089 3.9677 1.0000	</row3>
				</transform>
			</node>
			<node>
				<identifier>	MP_CM029_Emergency_Box_INDEX_1	</identifier>
				<transform>
					<row0>	-0.0327 0.0000 0.9995 0.0000	</row0>
					<row1>	0.0000 1.0000 0.0000 0.0000	</row1>
					<row2>	-0.9995 0.0000 -0.0327 0.0000	</row2>
					<row3>	0.8248 1.0617 4.4122 1.0000	</row3>
				</transform>
			</node>
			<node>
				<identifier>	MP_CM029_Emergency_Box_INDEX_10	</identifier>
				<transform>
					<row0>	-1.0000 0.0000 0.0000 0.0000	</row0>
					<row1>	0.0000 1.0000 0.0000 0.0000	</row1>
					<row2>	0.0000 0.0000 -1.0000 0.0000	</row2>
					<row3>	-0.3751 0.8025 6.6957 1.0000	</row3>
				</transform>
			</node>
			<node>
				<identifier>	MP_CM029_Emergency_Box_INDEX_2	</identifier>
				<transform>
					<row0>	1.0000 0.0000 0.0000 0.0000	</row0>
					<row1>	0.0000 1.0000 0.0000 0.0000	</row1>
					<row2>	0.0000 0.0000 1.0000 0.0000	</row2>
					<row3>	0.0164 0.9102 8.1152 1.0000	</row3>
				</transform>
			</node>
			<node>
				<identifier>	MP_CM029_Emergency_Box_INDEX_3	</identifier>
				<transform>
					<row0>	-0.0327 0.0000 0.9995 0.0000	</row0>
					<row1>	0.0000 1.0000 0.0000 0.0000	</row1>
					<row2>	-0.9995 0.0000 -0.0327 0.0000	</row2>
					<row3>	0.8540 1.0617 3.5105 1.0000	</row3>
				</transform>
			</node>
			<node>
				<identifier>	MP_CM029_Emergency_Box_INDEX_4	</identifier>
				<transform>
					<row0>	-0.0377 0.0000 -0.9993 0.0000	</row0>
					<row1>	0.0000 1.0000 0.0000 0.0000	</row1>
					<row2>	0.9993 0.0000 -0.0377 0.0000	</row2>
					<row3>	-0.8546 1.0089 3.5064 1.0000	</row3>
				</transform>
			</node>
			<node>
				<identifier>	MP_CM029_Emergency_Box_INDEX_5	</identifier>
				<transform>
					<row0>	-1.0000 0.0000 0.0000 0.0000	</row0>
					<row1>	0.0000 1.0000 0.0000 0.0000	</row1>
					<row2>	0.0000 0.0000 -1.0000 0.0000	</row2>
					<row3>	0.3751 0.8025 6.6957 1.0000	</row3>
				</transform>
			</node>
			<node>
				<identifier>	MP_CM029_Emergency_Box_INDEX_6	</identifier>
				<transform>
					<row0>	-0.0377 0.0000 -0.9993 0.0000	</row0>
					<row1>	0.0000 1.0000 0.0000 0.0000	</row1>
					<row2>	0.9993 0.0000 -0.0377 0.0000	</row2>
					<row3>	-0.8298 1.0089 4.2724 1.0000	</row3>
				</transform>
			</node>
			<node>
				<identifier>	MP_CM029_Emergency_Box_INDEX_7	</identifier>
				<transform>
					<row0>	-0.0377 0.0000 -0.9993 0.0000	</row0>
					<row1>	0.0000 1.0000 0.0000 0.0000	</row1>
					<row2>	0.9993 0.0000 -0.0377 0.0000	</row2>
					<row3>	-0.8159 1.0527 4.6884 1.0000	</row3>
				</transform>
			</node>
			<node>
				<identifier>	MP_CM029_Emergency_Box_INDEX_8	</identifier>
				<transform>
					<row0>	1.0000 0.0000 0.0000 0.0000	</row0>
					<row1>	0.0000 1.0000 0.0000 0.0000	</row1>
					<row2>	0.0000 0.0000 1.0000 0.0000	</row2>
					<row3>	0.7137 0.9965 5.8562 1.0000	</row3>
				</transform>
			</node>
			<node>
				<identifier>	MP_CM029_Emergency_Box_INDEX_9	</identifier>
				<transform>
					<row0>	1.0000 0.0000 0.0000 0.0000	</row0>
					<row1>	0.0000 1.0000 0.0000 0.0000	</row1>
					<row2>	0.0000 0.0000 1.0000 0.0000	</row2>
					<row3>	-0.7137 0.9965 5.8562 1.0000	</row3>
				</transform>
			</node>
			<node>
				<identifier>	MP_CM126_Cleat	</identifier>
				<transform>
					<row0>	0.1344 0.0000 0.9909 0.0000	</row0>
					<row1>	-0.9909 0.0000 0.1344 0.0000	</row1>
					<row2>	0.0000 -1.0000 0.0000 0.0000	</row2>
					<row3>	-0.6797 0.8084 6.2778 1.0000	</row3>
				</transform>
			</node>
			<node>
				<identifier>	MP_CM126_Cleat_INDEX_1	</identifier>
				<transform>
					<row0>	0.1344 0.0000 -0.9909 0.0000	</row0>
					<row1>	0.9909 0.0000 0.1344 0.0000	</row1>
					<row2>	0.0000 -1.0000 0.0000 0.0000	</row2>
					<row3>	0.6796 0.8084 6.2778 1.0000	</row3>
				</transform>
			</node>
			<node>
				<identifier>	MP_CM126_Cleat_INDEX_2	</identifier>
				<transform>
					<row0>	-0.8742 0.0000 0.4857 0.0000	</row0>
					<row1>	0.4857 0.0000 0.8742 0.0000	</row1>
					<row2>	0.0000 1.0000 0.0000 0.0000	</row2>
					<row3>	0.9863 0.9635 5.8805 1.0000	</row3>
				</transform>
			</node>
			<node>
				<identifier>	MP_CM126_Cleat_INDEX_3	</identifier>
				<transform>
					<row0>	-0.8742 0.0000 -0.4857 0.0000	</row0>
					<row1>	-0.4857 0.0000 0.8742 0.0000	</row1>
					<row2>	0.0000 1.0000 0.0000 0.0000	</row2>
					<row3>	-0.9863 0.9635 5.8806 1.0000	</row3>
				</transform>
			</node>
			<node>
				<identifier>	SP_YMS004_YHXL_L_1	</identifier>
				<transform>
					<row0>	0.7982 0.9506 -0.3060 0.0000	</row0>
					<row1>	-0.9750 0.8266 0.0245 0.0000	</row1>
					<row2>	0.2161 0.2181 1.2411 0.0000	</row2>
					<row3>	-0.2744 0.5636 7.6594 1.0000	</row3>
				</transform>
			</node>
			<node>
				<identifier>	SP_YMS005_YHXR_L_1	</identifier>
				<transform>
					<row0>	0.7982 -0.9506 0.3060 0.0000	</row0>
					<row1>	0.9750 0.8266 0.0245 0.0000	</row1>
					<row2>	-0.2161 0.2181 1.2411 0.0000	</row2>
					<row3>	0.2744 0.5636 7.6594 1.0000	</row3>
				</transform>
			</node>
			<node>
				<identifier>	SP_YMS006_YHBM_L_1	</identifier>
				<transform>
					<row0>	1.0000 0.0000 0.0000 0.0000	</row0>
					<row1>	0.0000 1.0000 0.0000 0.0000	</row1>
					<row2>	0.0000 0.0000 1.0000 0.0000	</row2>
					<row3>	0.0000 0.7402 8.2013 1.0000	</row3>
				</transform>
			</node>
			<node>
				<identifier>	SP_YMS007_YHBL_L_1	</identifier>
				<transform>
					<row0>	0.9406 0.0000 -0.3396 0.0000	</row0>
					<row1>	0.0000 1.0000 0.0000 0.0000	</row1>
					<row2>	0.3396 0.0000 0.9406 0.0000	</row2>
					<row3>	0.0000 0.6803 8.2232 1.0000	</row3>
				</transform>
			</node>
			<node>
				<identifier>	SP_YMS008_YHBR_L_1	</identifier>
				<transform>
					<row0>	0.9406 0.0000 0.3396 0.0000	</row0>
					<row1>	0.0000 1.0000 0.0000 0.0000	</row1>
					<row2>	-0.3396 0.0000 0.9406 0.0000	</row2>
					<row3>	0.0000 0.6803 8.2232 1.0000	</row3>
				</transform>
			</node>
			<node>
				<identifier>	SP_YMS011_YHWL_M_1_INDEX_11	</identifier>
				<transform>
					<row0>	0.9835 0.1319 -0.1242 0.0000	</row0>
					<row1>	-0.1307 0.9913 0.0177 0.0000	</row1>
					<row2>	0.1254 -0.0012 0.9921 0.0000	</row2>
					<row3>	-0.6144 -0.0015 3.4220 1.0000	</row3>
				</transform>
			</node>
			<node>
				<identifier>	SP_YMS011_YHWL_M_1_INDEX_13	</identifier>
				<transform>
					<row0>	0.9766 0.1626 -0.1404 0.0000	</row0>
					<row1>	-0.1611 0.9867 0.0221 0.0000	</row1>
					<row2>	0.1421 0.0011 0.9898 0.0000	</row2>
					<row3>	-0.3763 -0.0014 5.1000 1.0000	</row3>
				</transform>
			</node>
			<node>
				<identifier>	SP_YMS011_YHWL_M_1_INDEX_7	</identifier>
				<transform>
					<row0>	0.9766 0.1626 -0.1404 0.0000	</row0>
					<row1>	-0.1611 0.9867 0.0221 0.0000	</row1>
					<row2>	0.1421 0.0011 0.9898 0.0000	</row2>
					<row3>	-0.2529 -0.0026 5.9391 1.0000	</row3>
				</transform>
			</node>
			<node>
				<identifier>	SP_YMS011_YHWL_M_1_INDEX_8	</identifier>
				<transform>
					<row0>	0.9818 0.1319 -0.1363 0.0000	</row0>
					<row1>	-0.1307 0.9913 0.0177 0.0000	</row1>
					<row2>	0.1374 0.0004 0.9905 0.0000	</row2>
					<row3>	-0.5017 -0.0017 4.2615 1.0000	</row3>
				</transform>
			</node>
			<node>
				<identifier>	SP_YMS012_YHWR_M_1_INDEX_11	</identifier>
				<transform>
					<row0>	0.9818 -0.1319 0.1363 0.0000	</row0>
					<row1>	0.1307 0.9913 0.0177 0.0000	</row1>
					<row2>	-0.1374 0.0004 0.9905 0.0000	</row2>
					<row3>	0.5017 -0.0017 4.2615 1.0000	</row3>
				</transform>
			</node>
			<node>
				<identifier>	SP_YMS012_YHWR_M_1_INDEX_12	</identifier>
				<transform>
					<row0>	0.9766 -0.1626 0.1404 0.0000	</row0>
					<row1>	0.1611 0.9867 0.0221 0.0000	</row1>
					<row2>	-0.1421 0.0011 0.9898 0.0000	</row2>
					<row3>	0.3763 -0.0014 5.1000 1.0000	</row3>
				</transform>
			</node>
			<node>
				<identifier>	SP_YMS012_YHWR_M_1_INDEX_5	</identifier>
				<transform>
					<row0>	0.9835 -0.1319 0.1242 0.0000	</row0>
					<row1>	0.1307 0.9913 0.0177 0.0000	</row1>
					<row2>	-0.1254 -0.0012 0.9921 0.0000	</row2>
					<row3>	0.6144 -0.0015 3.4220 1.0000	</row3>
				</transform>
			</node>
			<node>
				<identifier>	SP_YMS012_YHWR_M_1_INDEX_6	</identifier>
				<transform>
					<row0>	0.9766 -0.1626 0.1404 0.0000	</row0>
					<row1>	0.1611 0.9867 0.0221 0.0000	</row1>
					<row2>	-0.1421 0.0011 0.9898 0.0000	</row2>
					<row3>	0.2529 -0.0026 5.9391 1.0000	</row3>
				</transform>
			</node>
			<node>
				<identifier>	SP_YMS013_YHWM_M_1	</identifier>
				<transform>
					<row0>	1.0000 0.0000 0.0000 0.0000	</row0>
					<row1>	0.0000 1.0000 0.0000 0.0000	</row1>
					<row2>	0.0000 0.0000 1.0000 0.0000	</row2>
					<row3>	0.0000 0.0000 8.0344 1.0000	</row3>
				</transform>
			</node>
			<node>
				<identifier>	SP_YMS020_YHBU_M_1	</identifier>
				<transform>
					<row0>	1.0000 0.0000 0.0000 0.0000	</row0>
					<row1>	0.0000 1.0000 0.0000 0.0000	</row1>
					<row2>	0.0000 0.0000 1.0000 0.0000	</row2>
					<row3>	0.0000 -0.1473 7.7813 1.0000	</row3>
				</transform>
			</node>
			<node>
				<identifier>	SP_YMS022_YHUS_L_1	</identifier>
				<transform>
					<row0>	-0.1974 0.0054 -1.4525 0.0000	</row0>
					<row1>	-0.7638 1.2465 0.1084 0.0000	</row1>
					<row2>	1.2355 0.7714 -0.1651 0.0000	</row2>
					<row3>	-0.0986 -0.4627 5.0622 1.0000	</row3>
				</transform>
			</node>
			<node>
				<identifier>	SP_YMS022_YHUS_L_1_INDEX_1	</identifier>
				<transform>
					<row0>	-0.1815 0.0044 -1.4546 0.0000	</row0>
					<row1>	-0.7649 1.2466 0.0992 0.0000	</row1>
					<row2>	1.2373 0.7713 -0.1520 0.0000	</row2>
					<row3>	-0.2436 -0.4588 3.9952 1.0000	</row3>
				</transform>
			</node>
			<node>
				<identifier>	SP_YMS022_YHUS_L_1_INDEX_2	</identifier>
				<transform>
					<row0>	-0.1815 -0.0044 1.4546 0.0000	</row0>
					<row1>	0.7649 1.2466 0.0992 0.0000	</row1>
					<row2>	-1.2373 0.7713 -0.1520 0.0000	</row2>
					<row3>	0.2436 -0.4588 3.9952 1.0000	</row3>
				</transform>
			</node>
			<node>
				<identifier>	SP_YMS022_YHUS_L_1_INDEX_3	</identifier>
				<transform>
					<row0>	-0.1974 -0.0054 1.4525 0.0000	</row0>
					<row1>	0.7638 1.2465 0.1084 0.0000	</row1>
					<row2>	-1.2355 0.7714 -0.1651 0.0000	</row2>
					<row3>	0.0986 -0.4627 5.0622 1.0000	</row3>
				</transform>
			</node>
			<node>
				<identifier>	SP_YMS055_YHDB_M_1	</identifier>
				<transform>
					<row0>	0.7982 0.0000 0.0000 0.0000	</row0>
					<row1>	0.0000 0.7982 0.0000 0.0000	</row1>
					<row2>	0.0000 0.0000 0.7982 0.0000	</row2>
					<row3>	0.0000 1.0990 7.9032 1.0000	</row3>
				</transform>
			</node>
			<node>
				<identifier>	SP_YMS057_YHDH_M_1_INDEX_2	</identifier>
				<transform>
					<row0>	1.3644 0.0000 0.0000 0.0000	</row0>
					<row1>	0.0000 0.9482 0.0000 0.0000	</row1>
					<row2>	0.0000 0.0000 1.2633 0.0000	</row2>
					<row3>	0.0021 1.0990 5.2211 1.0000	</row3>
				</transform>
			</node>
			<node>
				<identifier>	SP_YMS063_YHGQ_S_1	</identifier>
				<transform>
					<row0>	0.0000 0.0000 -0.8921 0.0000	</row0>
					<row1>	0.0000 0.8921 0.0000 0.0000	</row1>
					<row2>	0.8921 0.0000 0.0000 0.0000	</row2>
					<row3>	-0.9051 0.9790 5.6694 1.0000	</row3>
				</transform>
			</node>
			<node>
				<identifier>	SP_YMS063_YHGQ_S_1_INDEX_10	</identifier>
				<transform>
					<row0>	0.0000 0.0000 -0.6115 0.0000	</row0>
					<row1>	0.0000 0.6115 0.0000 0.0000	</row1>
					<row2>	0.6115 0.0000 0.0000 0.0000	</row2>
					<row3>	-1.0350 1.0872 4.0599 1.0000	</row3>
				</transform>
			</node>
			<node>
				<identifier>	SP_YMS063_YHGQ_S_1_INDEX_12	</identifier>
				<transform>
					<row0>	0.0000 0.0000 0.6442 0.0000	</row0>
					<row1>	0.0000 0.6442 0.0000 0.0000	</row1>
					<row2>	-0.6442 0.0000 0.0000 0.0000	</row2>
					<row3>	0.9798 1.0925 3.5195 1.0000	</row3>
				</transform>
			</node>
			<node>
				<identifier>	SP_YMS063_YHGQ_S_1_INDEX_17	</identifier>
				<transform>
					<row0>	0.0000 0.0000 0.6442 0.0000	</row0>
					<row1>	0.0000 0.6442 0.0000 0.0000	</row1>
					<row2>	-0.6442 0.0000 0.0000 0.0000	</row2>
					<row3>	0.9744 1.0925 3.7312 1.0000	</row3>
				</transform>
			</node>
			<node>
				<identifier>	SP_YMS063_YHGQ_S_1_INDEX_18	</identifier>
				<transform>
					<row0>	0.0000 0.0000 -0.8921 0.0000	</row0>
					<row1>	0.0000 0.8921 0.0000 0.0000	</row1>
					<row2>	0.8921 0.0000 0.0000 0.0000	</row2>
					<row3>	-0.9051 0.9790 5.1013 1.0000	</row3>
				</transform>
			</node>
			<node>
				<identifier>	SP_YMS063_YHGQ_S_1_INDEX_19	</identifier>
				<transform>
					<row0>	0.0000 0.0000 0.8921 0.0000	</row0>
					<row1>	0.0000 0.8921 0.0000 0.0000	</row1>
					<row2>	-0.8921 0.0000 0.0000 0.0000	</row2>
					<row3>	0.9051 0.9790 5.6694 1.0000	</row3>
				</transform>
			</node>
			<node>
				<identifier>	SP_YMS063_YHGQ_S_1_INDEX_20	</identifier>
				<transform>
					<row0>	0.0000 0.0000 -0.6115 0.0000	</row0>
					<row1>	0.0000 0.6115 0.0000 0.0000	</row1>
					<row2>	0.6115 0.0000 0.0000 0.0000	</row2>
					<row3>	-1.0417 1.0872 3.8290 1.0000	</row3>
				</transform>
			</node>
			<node>
				<identifier>	SP_YMS063_YHGQ_S_1_INDEX_23	</identifier>
				<transform>
					<row0>	0.0000 0.0000 0.6442 0.0000	</row0>
					<row1>	0.0000 0.6442 0.0000 0.0000	</row1>
					<row2>	-0.6442 0.0000 0.0000 0.0000	</row2>
					<row3>	0.9598 1.0925 4.1547 1.0000	</row3>
				</transform>
			</node>
			<node>
				<identifier>	SP_YMS063_YHGQ_S_1_INDEX_27	</identifier>
				<transform>
					<row0>	0.0000 0.0000 -0.6115 0.0000	</row0>
					<row1>	0.0000 0.6115 0.0000 0.0000	</row1>
					<row2>	0.6115 0.0000 0.0000 0.0000	</row2>
					<row3>	-1.0497 1.0872 3.5970 1.0000	</row3>
				</transform>
			</node>
			<node>
				<identifier>	SP_YMS063_YHGQ_S_1_INDEX_28	</identifier>
				<transform>
					<row0>	-0.1405 0.0000 -0.6287 0.0000	</row0>
					<row1>	0.0000 0.6442 0.0000 0.0000	</row1>
					<row2>	0.6287 0.0000 -0.1405 0.0000	</row2>
					<row3>	-1.0105 1.0925 4.5212 1.0000	</row3>
				</transform>
			</node>
			<node>
				<identifier>	SP_YMS063_YHGQ_S_1_INDEX_29	</identifier>
				<transform>
					<row0>	0.0000 0.0000 0.8921 0.0000	</row0>
					<row1>	0.0000 0.8921 0.0000 0.0000	</row1>
					<row2>	-0.8921 0.0000 0.0000 0.0000	</row2>
					<row3>	0.9051 0.9790 5.1013 1.0000	</row3>
				</transform>
			</node>
			<node>
				<identifier>	SP_YMS063_YHGQ_S_1_INDEX_30	</identifier>
				<transform>
					<row0>	0.0000 0.0000 -0.6115 0.0000	</row0>
					<row1>	0.0000 0.6115 0.0000 0.0000	</row1>
					<row2>	0.6115 0.0000 0.0000 0.0000	</row2>
					<row3>	-1.0257 1.0872 4.2931 1.0000	</row3>
				</transform>
			</node>
			<node>
				<identifier>	SP_YMS063_YHGQ_S_1_INDEX_8	</identifier>
				<transform>
					<row0>	0.0000 0.0000 0.6442 0.0000	</row0>
					<row1>	0.0000 0.6442 0.0000 0.0000	</row1>
					<row2>	-0.6442 0.0000 0.0000 0.0000	</row2>
					<row3>	0.9664 1.0925 3.9430 1.0000	</row3>
				</transform>
			</node>
			<node>
				<identifier>	SP_YMS072_YHHC_M_1_INDEX_11	</identifier>
				<transform>
					<row0>	-0.1605 0.0000 -0.9870 0.0000	</row0>
					<row1>	-0.3484 0.9356 0.0566 0.0000	</row1>
					<row2>	0.9235 0.3529 -0.1502 0.0000	</row2>
					<row3>	-0.5289 0.2406 4.3520 1.0000	</row3>
				</transform>
			</node>
			<node>
				<identifier>	SP_YMS072_YHHC_M_1_INDEX_2	</identifier>
				<transform>
					<row0>	-0.1069 0.0000 -0.9943 0.0000	</row0>
					<row1>	-0.3913 0.9193 0.0421 0.0000	</row1>
					<row2>	0.9140 0.3936 -0.0982 0.0000	</row2>
					<row3>	-0.6008 0.2467 3.8168 1.0000	</row3>
				</transform>
			</node>
			<node>
				<identifier>	SP_YMS072_YHHC_M_1_INDEX_6	</identifier>
				<transform>
					<row0>	-0.1605 0.0000 0.9870 0.0000	</row0>
					<row1>	0.3484 0.9356 0.0566 0.0000	</row1>
					<row2>	-0.9235 0.3529 -0.1502 0.0000	</row2>
					<row3>	0.5236 0.2201 4.3700 1.0000	</row3>
				</transform>
			</node>
			<node>
				<identifier>	SP_YMS072_YHHC_M_1_INDEX_9	</identifier>
				<transform>
					<row0>	-0.1069 0.0000 0.9943 0.0000	</row0>
					<row1>	0.3913 0.9193 0.0421 0.0000	</row1>
					<row2>	-0.9140 0.3936 -0.0982 0.0000	</row2>
					<row3>	0.6020 0.2235 3.8357 1.0000	</row3>
				</transform>
			</node>
			<node>
				<identifier>	SP_YMS073_YHHC_M_2_INDEX_5	</identifier>
				<transform>
					<row0>	-0.1464 0.0000 0.9892 0.0000	</row0>
					<row1>	0.3025 0.9521 0.0448 0.0000	</row1>
					<row2>	-0.9418 0.3058 -0.1394 0.0000	</row2>
					<row3>	0.5650 0.2192 4.1031 1.0000	</row3>
				</transform>
			</node>
			<node>
				<identifier>	SP_YMS073_YHHC_M_2_INDEX_6	</identifier>
				<transform>
					<row0>	-0.1464 0.0000 -0.9892 0.0000	</row0>
					<row1>	-0.3025 0.9521 0.0448 0.0000	</row1>
					<row2>	0.9418 0.3058 -0.1394 0.0000	</row2>
					<row3>	-0.5690 0.2399 4.0849 1.0000	</row3>
				</transform>
			</node>
			<node>
				<identifier>	SP_YMS080_YHSL_M_1	</identifier>
				<transform>
					<row0>	0.6479 0.7532 -0.1133 0.0000	</row0>
					<row1>	-0.7529 0.6558 0.0548 0.0000	</row1>
					<row2>	0.1156 0.0498 0.9920 0.0000	</row2>
					<row3>	-0.5113 0.5972 7.0258 1.0000	</row3>
				</transform>
			</node>
			<node>
				<identifier>	SP_YMS081_YHSR_M_1_INDEX_1	</identifier>
				<transform>
					<row0>	0.6479 -0.7532 0.1133 0.0000	</row0>
					<row1>	0.7529 0.6558 0.0548 0.0000	</row1>
					<row2>	-0.1156 0.0498 0.9920 0.0000	</row2>
					<row3>	0.5054 0.5920 7.0186 1.0000	</row3>
				</transform>
			</node>
			<node>
				<identifier>	SP_YMS083_YHSC_L_1_INDEX_2	</identifier>
				<transform>
					<row0>	-0.1824 0.0042 1.3225 0.0000	</row0>
