<FSB009_Bretagne_1944_MidFront_ports.visual>
	<node>
		<identifier>	Scene Root	</identifier>
		<transform>
			<row0>	1.0000 0.0000 0.0000 0.0000	</row0>
			<row1>	0.0000 1.0000 0.0000 0.0000	</row1>
			<row2>	0.0000 0.0000 1.0000 0.0000	</row2>
			<row3>	0.0000 0.0000 0.0000 1.0000	</row3>
		</transform>
		<node>
			<identifier>	MidFront_ports	</identifier>
			<transform>
				<row0>	1.0000 0.0000 0.0000 0.0000	</row0>
				<row1>	0.0000 1.0000 0.0000 0.0000	</row1>
				<row2>	0.0000 0.0000 1.0000 0.0000	</row2>
				<row3>	0.0000 0.0000 0.0000 1.0000	</row3>
			</transform>
			<node>
				<identifier>	HP_FD_1	</identifier>
				<transform>
					<row0>	1.0000 0.0000 0.0000 0.0000	</row0>
					<row1>	0.0000 1.0000 0.0000 0.0000	</row1>
					<row2>	0.0000 0.0000 1.0000 0.0000	</row2>
					<row3>	0.0000 1.0890 2.1903 1.0000	</row3>
				</transform>
			</node>
			<node>
				<identifier>	HP_FD_2	</identifier>
				<transform>
					<row0>	1.0000 0.0000 0.0000 0.0000	</row0>
					<row1>	0.0000 1.0000 0.0000 0.0000	</row1>
					<row2>	0.0000 0.0000 1.0000 0.0000	</row2>
					<row3>	0.0000 1.1972 2.1903 1.0000	</row3>
				</transform>
			</node>
			<node>
				<identifier>	HP_FD_3	</identifier>
				<transform>
					<row0>	1.0000 0.0000 0.0000 0.0000	</row0>
					<row1>	0.0000 1.0000 0.0000 0.0000	</row1>
					<row2>	0.0000 0.0000 1.0000 0.0000	</row2>
					<row3>	0.0000 2.4997 1.8322 1.0000	</row3>
				</transform>
			</node>
			<node>
				<identifier>	HP_FF_1	</identifier>
				<transform>
					<row0>	1.0000 0.0000 0.0000 0.0000	</row0>
					<row1>	0.0000 1.0000 0.0000 0.0000	</row1>
					<row2>	0.0000 0.0000 1.0000 0.0000	</row2>
					<row3>	0.0000 1.6953 1.9588 1.0000	</row3>
				</transform>
			</node>
			<node>
				<identifier>	HP_FF_2	</identifier>
				<transform>
					<row0>	1.0000 0.0000 0.0000 0.0000	</row0>
					<row1>	0.0000 1.0000 0.0000 0.0000	</row1>
					<row2>	0.0000 0.0000 1.0000 0.0000	</row2>
					<row3>	-0.2835 0.9165 1.8672 1.0000	</row3>
				</transform>
			</node>
			<node>
				<identifier>	HP_FF_3	</identifier>
				<transform>
					<row0>	1.0000 0.0000 0.0000 0.0000	</row0>
					<row1>	0.0000 1.0000 0.0000 0.0000	</row1>
					<row2>	0.0000 0.0000 1.0000 0.0000	</row2>
					<row3>	0.2835 0.9165 1.8672 1.0000	</row3>
				</transform>
			</node>
			<node>
				<identifier>	HP_FF_4	</identifier>
				<transform>
					<row0>	0.0000 0.0000 1.0000 0.0000	</row0>
					<row1>	0.0000 1.0000 0.0000 0.0000	</row1>
					<row2>	-1.0000 0.0000 0.0000 0.0000	</row2>
					<row3>	-0.3562 1.2205 1.3746 1.0000	</row3>
				</transform>
			</node>
			<node>
				<identifier>	HP_FF_5	</identifier>
				<transform>
					<row0>	0.0000 0.0000 -1.0000 0.0000	</row0>
					<row1>	0.0000 1.0000 0.0000 0.0000	</row1>
					<row2>	1.0000 0.0000 0.0000 0.0000	</row2>
					<row3>	0.3562 1.2205 1.3746 1.0000	</row3>
				</transform>
			</node>
			<node>
				<identifier>	HP_FGA_1	</identifier>
				<transform>
					<row0>	0.0000 0.0000 1.0000 0.0000	</row0>
					<row1>	0.0000 1.0000 0.0000 0.0000	</row1>
					<row2>	-1.0000 0.0000 0.0000 0.0000	</row2>
					<row3>	-0.6448 0.3998 2.1082 1.0000	</row3>
				</transform>
			</node>
			<node>
				<identifier>	HP_FGA_10	</identifier>
				<transform>
					<row0>	0.0000 0.0000 -1.0000 0.0000	</row0>
					<row1>	0.0000 1.0000 0.0000 0.0000	</row1>
					<row2>	1.0000 0.0000 0.0000 0.0000	</row2>
					<row3>	0.7743 0.3990 -0.1768 1.0000	</row3>
				</transform>
			</node>
			<node>
				<identifier>	HP_FGA_2	</identifier>
				<transform>
					<row0>	0.0000 0.0000 -1.0000 0.0000	</row0>
					<row1>	0.0000 1.0000 0.0000 0.0000	</row1>
					<row2>	1.0000 0.0000 0.0000 0.0000	</row2>
					<row3>	0.6448 0.3998 2.1082 1.0000	</row3>
				</transform>
			</node>
			<node>
				<identifier>	HP_FGA_3	</identifier>
				<transform>
					<row0>	0.0000 0.0000 1.0000 0.0000	</row0>
					<row1>	0.0000 1.0000 0.0000 0.0000	</row1>
					<row2>	-1.0000 0.0000 0.0000 0.0000	</row2>
					<row3>	-0.7137 0.4001 1.8287 1.0000	</row3>
				</transform>
			</node>
			<node>
				<identifier>	HP_FGA_4	</identifier>
				<transform>
					<row0>	0.0000 0.0000 -1.0000 0.0000	</row0>
					<row1>	0.0000 1.0000 0.0000 0.0000	</row1>
					<row2>	1.0000 0.0000 0.0000 0.0000	</row2>
					<row3>	0.7137 0.4001 1.8287 1.0000	</row3>
				</transform>
			</node>
			<node>
				<identifier>	HP_FGA_5	</identifier>
				<transform>
					<row0>	0.0000 0.0000 1.0000 0.0000	</row0>
					<row1>	0.0000 1.0000 0.0000 0.0000	</row1>
					<row2>	-1.0000 0.0000 0.0000 0.0000	</row2>
					<row3>	-0.6355 0.3990 0.8017 1.0000	</row3>
				</transform>
			</node>
			<node>
				<identifier>	HP_FGA_6	</identifier>
				<transform>
					<row0>	0.0000 0.0000 -1.0000 0.0000	</row0>
					<row1>	0.0000 1.0000 0.0000 0.0000	</row1>
					<row2>	1.0000 0.0000 0.0000 0.0000	</row2>
					<row3>	0.6355 0.3990 0.8017 1.0000	</row3>
				</transform>
			</node>
			<node>
				<identifier>	HP_FGA_7	</identifier>
				<transform>
					<row0>	0.0000 0.0000 1.0000 0.0000	</row0>
					<row1>	0.0000 1.0000 0.0000 0.0000	</row1>
					<row2>	-1.0000 0.0000 0.0000 0.0000	</row2>
					<row3>	-0.7526 0.3990 0.2675 1.0000	</row3>
				</transform>
			</node>
			<node>
				<identifier>	HP_FGA_8	</identifier>
				<transform>
					<row0>	0.0000 0.0000 -1.0000 0.0000	</row0>
					<row1>	0.0000 1.0000 0.0000 0.0000	</row1>
					<row2>	1.0000 0.0000 0.0000 0.0000	</row2>
					<row3>	0.7526 0.3990 0.2675 1.0000	</row3>
				</transform>
			</node>
			<node>
				<identifier>	HP_FGA_9	</identifier>
				<transform>
					<row0>	0.0000 0.0000 1.0000 0.0000	</row0>
					<row1>	0.0000 1.0000 0.0000 0.0000	</row1>
					<row2>	-1.0000 0.0000 0.0000 0.0000	</row2>
					<row3>	-0.7749 0.3990 -0.1768 1.0000	</row3>
				</transform>
			</node>
			<node>
				<identifier>	HP_FGM_2	</identifier>
				<transform>
					<row0>	1.0000 0.0000 0.0000 0.0000	</row0>
					<row1>	0.0000 1.0000 0.0000 0.0000	</row1>
					<row2>	0.0000 0.0000 1.0000 0.0000	</row2>
					<row3>	0.0000 0.6909 2.6999 1.0000	</row3>
				</transform>
			</node>
			<node>
				<identifier>	HP_FGM_3	</identifier>
				<transform>
					<row0>	1.0000 0.0000 0.0000 0.0000	</row0>
					<row1>	0.0000 1.0000 0.0000 0.0000	</row1>
					<row2>	0.0000 0.0000 1.0000 0.0000	</row2>
					<row3>	0.0000 0.6369 0.1666 1.0000	</row3>
				</transform>
			</node>
			<node>
				<identifier>	HP_FGS_10	</identifier>
				<transform>
					<row0>	0.9063 0.0000 -0.4226 0.0000	</row0>
					<row1>	0.0000 1.0000 0.0000 0.0000	</row1>
					<row2>	0.4226 0.0000 0.9063 0.0000	</row2>
					<row3>	0.7645 0.2981 0.9453 1.0000	</row3>
				</transform>
			</node>
			<node>
				<identifier>	HP_FGS_11	</identifier>
				<transform>
					<row0>	1.0000 0.0000 0.0000 0.0000	</row0>
					<row1>	0.0000 1.0000 0.0000 0.0000	</row1>
					<row2>	0.0000 0.0000 1.0000 0.0000	</row2>
					<row3>	-0.6970 0.4001 0.8048 1.0000	</row3>
				</transform>
			</node>
			<node>
				<identifier>	HP_FGS_12	</identifier>
				<transform>
					<row0>	1.0000 0.0000 0.0000 0.0000	</row0>
					<row1>	0.0000 1.0000 0.0000 0.0000	</row1>
					<row2>	0.0000 0.0000 1.0000 0.0000	</row2>
					<row3>	0.6970 0.4001 0.8048 1.0000	</row3>
				</transform>
			</node>
			<node>
				<identifier>	HP_FGS_13	</identifier>
				<transform>
					<row0>	0.9063 0.0000 0.4226 0.0000	</row0>
					<row1>	0.0000 1.0000 0.0000 0.0000	</row1>
					<row2>	-0.4226 0.0000 0.9063 0.0000	</row2>
					<row3>	-0.7850 0.2981 0.6712 1.0000	</row3>
				</transform>
			</node>
			<node>
				<identifier>	HP_FGS_14	</identifier>
				<transform>
					<row0>	0.9063 0.0000 -0.4226 0.0000	</row0>
					<row1>	0.0000 1.0000 0.0000 0.0000	</row1>
					<row2>	0.4226 0.0000 0.9063 0.0000	</row2>
					<row3>	0.7850 0.2981 0.6712 1.0000	</row3>
				</transform>
			</node>
			<node>
				<identifier>	HP_FGS_15	</identifier>
				<transform>
					<row0>	0.8660 0.0000 0.5000 0.0000	</row0>
					<row1>	0.0000 1.0000 0.0000 0.0000	</row1>
					<row2>	-0.5000 0.0000 0.8660 0.0000	</row2>
					<row3>	-0.8003 0.2981 0.4152 1.0000	</row3>
				</transform>
			</node>
			<node>
				<identifier>	HP_FGS_16	</identifier>
				<transform>
					<row0>	0.8660 0.0000 -0.5000 0.0000	</row0>
					<row1>	0.0000 1.0000 0.0000 0.0000	</row1>
					<row2>	0.5000 0.0000 0.8660 0.0000	</row2>
					<row3>	0.8003 0.2981 0.4152 1.0000	</row3>
				</transform>
			</node>
			<node>
				<identifier>	HP_FGS_3	</identifier>
				<transform>
					<row0>	1.0000 0.0000 0.0000 0.0000	</row0>
					<row1>	0.0000 1.0000 0.0000 0.0000	</row1>
					<row2>	0.0000 0.0000 1.0000 0.0000	</row2>
					<row3>	-0.6149 0.3051 3.0184 1.0000	</row3>
				</transform>
			</node>
			<node>
				<identifier>	HP_FGS_4	</identifier>
				<transform>
					<row0>	1.0000 0.0000 0.0000 0.0000	</row0>
					<row1>	0.0000 1.0000 0.0000 0.0000	</row1>
					<row2>	0.0000 0.0000 1.0000 0.0000	</row2>
					<row3>	0.6149 0.3051 3.0184 1.0000	</row3>
				</transform>
			</node>
			<node>
				<identifier>	HP_FGS_5	</identifier>
				<transform>
					<row0>	0.9659 0.0000 0.2588 0.0000	</row0>
					<row1>	0.0000 1.0000 0.0000 0.0000	</row1>
					<row2>	-0.2588 0.0000 0.9659 0.0000	</row2>
					<row3>	-0.6519 0.3093 2.1161 1.0000	</row3>
				</transform>
			</node>
			<node>
				<identifier>	HP_FGS_6	</identifier>
				<transform>
					<row0>	0.9659 0.0000 -0.2588 0.0000	</row0>
					<row1>	0.0000 1.0000 0.0000 0.0000	</row1>
					<row2>	0.2588 0.0000 0.9659 0.0000	</row2>
					<row3>	0.6519 0.3093 2.1161 1.0000	</row3>
				</transform>
			</node>
			<node>
				<identifier>	HP_FGS_7	</identifier>
				<transform>
					<row0>	0.9659 0.0000 0.2588 0.0000	</row0>
					<row1>	0.0000 1.0000 0.0000 0.0000	</row1>
					<row2>	-0.2588 0.0000 0.9659 0.0000	</row2>
					<row3>	-0.7265 0.3072 1.8506 1.0000	</row3>
				</transform>
			</node>
			<node>
				<identifier>	HP_FGS_8	</identifier>
				<transform>
					<row0>	0.9659 0.0000 -0.2588 0.0000	</row0>
					<row1>	0.0000 1.0000 0.0000 0.0000	</row1>
					<row2>	0.2588 0.0000 0.9659 0.0000	</row2>
					<row3>	0.7265 0.3072 1.8506 1.0000	</row3>
				</transform>
			</node>
			<node>
				<identifier>	HP_FGS_9	</identifier>
				<transform>
					<row0>	0.9063 0.0000 0.4226 0.0000	</row0>
					<row1>	0.0000 1.0000 0.0000 0.0000	</row1>
					<row2>	-0.4226 0.0000 0.9063 0.0000	</row2>
					<row3>	-0.7645 0.2981 0.9453 1.0000	</row3>
				</transform>
			</node>
			<node>
				<identifier>	HP_FX_Death_2	</identifier>
				<transform>
					<row0>	1.0000 0.0000 0.0000 0.0000	</row0>
					<row1>	0.0000 1.0000 0.0000 0.0000	</row1>
					<row2>	0.0000 0.0000 1.0000 0.0000	</row2>
					<row3>	0.0000 0.0000 -0.2588 1.0000	</row3>
				</transform>
			</node>
			<node>
				<identifier>	HP_FX_Fire_2	</identifier>
				<transform>
					<row0>	1.0000 0.0000 0.0000 0.0000	</row0>
					<row1>	0.0000 1.0000 0.0000 0.0000	</row1>
					<row2>	0.0000 0.0000 1.0000 0.0000	</row2>
					<row3>	0.0000 1.0141 1.9396 1.0000	</row3>
				</transform>
			</node>
			<node>
				<identifier>	HP_FX_Fire_2_side_1	</identifier>
				<transform>
					<row0>	0.9986 0.0000 -0.0531 0.0000	</row0>
					<row1>	0.0000 1.0000 0.0000 0.0000	</row1>
					<row2>	0.0531 0.0000 0.9986 0.0000	</row2>
					<row3>	-0.5961 0.4006 2.1713 1.0000	</row3>
				</transform>
			</node>
			<node>
				<identifier>	HP_FX_Fire_2_side_2	</identifier>
				<transform>
					<row0>	0.9971 0.0000 0.0763 0.0000	</row0>
					<row1>	0.0000 1.0000 0.0000 0.0000	</row1>
					<row2>	-0.0763 0.0000 0.9971 0.0000	</row2>
					<row3>	0.3812 0.5843 0.8594 1.0000	</row3>
				</transform>
			</node>
			<node>
				<identifier>	HP_FX_FloodLight_left_1	</identifier>
				<transform>
					<row0>	-1.0000 0.0000 0.0000 0.0000	</row0>
					<row1>	0.0000 1.0000 0.0000 0.0000	</row1>
					<row2>	0.0000 0.0000 -1.0000 0.0000	</row2>
					<row3>	-0.5177 0.4608 0.4368 1.0000	</row3>
				</transform>
			</node>
			<node>
				<identifier>	HP_FX_FloodLight_left_2	</identifier>
				<transform>
					<row0>	-1.0000 0.0000 0.0000 0.0000	</row0>
					<row1>	0.0000 1.0000 0.0000 0.0000	</row1>
					<row2>	0.0000 0.0000 -1.0000 0.0000	</row2>
					<row3>	-0.1859 0.7326 2.1000 1.0000	</row3>
				</transform>
			</node>
			<node>
				<identifier>	HP_FX_FloodLight_right_1	</identifier>
				<transform>
					<row0>	1.0000 0.0000 0.0000 0.0000	</row0>
					<row1>	0.0000 1.0000 0.0000 0.0000	</row1>
					<row2>	0.0000 0.0000 1.0000 0.0000	</row2>
					<row3>	0.5167 0.4688 0.4748 1.0000	</row3>
				</transform>
			</node>
			<node>
				<identifier>	HP_FX_FloodLight_right_2	</identifier>
				<transform>
					<row0>	1.0000 0.0000 0.0000 0.0000	</row0>
					<row1>	0.0000 1.0000 0.0000 0.0000	</row1>
					<row2>	0.0000 0.0000 1.0000 0.0000	</row2>
					<row3>	0.1859 0.7346 2.0960 1.0000	</row3>
				</transform>
			</node>
			<node>
				<identifier>	HP_FX_Flood_steam_exhaust_2	</identifier>
				<transform>
					<row0>	1.0000 0.0000 0.0000 0.0000	</row0>
					<row1>	0.0000 1.0000 0.0000 0.0000	</row1>
					<row2>	0.0000 0.0000 1.0000 0.0000	</row2>
					<row3>	-0.0060 1.5552 1.2524 1.0000	</row3>
				</transform>
			</node>
			<node>
				<identifier>	HP_FX_Flood_steam_left	</identifier>
				<transform>
					<row0>	-1.0000 0.0000 0.0000 0.0000	</row0>
					<row1>	0.0000 1.0000 0.0000 0.0000	</row1>
					<row2>	0.0000 0.0000 -1.0000 0.0000	</row2>
					<row3>	-0.4518 0.5527 2.3168 1.0000	</row3>
				</transform>
			</node>
			<node>
				<identifier>	HP_FX_Smoke_1	</identifier>
				<transform>
					<row0>	1.0000 0.0000 0.0000 0.0000	</row0>
					<row1>	0.0000 1.0000 0.0000 0.0000	</row1>
					<row2>	0.0000 0.0000 1.0000 0.0000	</row2>
					<row3>	0.0000 1.5608 1.3660 1.0000	</row3>
				</transform>
			</node>
			<node>
				<identifier>	HP_flag_1	</identifier>
				<transform>
					<row0>	0.9378 -0.3423 -0.0583 0.0000	</row0>
					<row1>	0.3423 0.8832 0.3206 0.0000	</row1>
					<row2>	-0.0583 -0.3206 0.9454 0.0000	</row2>
					<row3>	0.6713 2.3191 1.8293 1.0000	</row3>
				</transform>
			</node>
			<node>
				<identifier>	HP_flag_2	</identifier>
				<transform>
					<row0>	0.9372 0.3438 0.0586 0.0000	</row0>
					<row1>	-0.3438 0.8825 0.3208 0.0000	</row1>
					<row2>	0.0586 -0.3208 0.9453 0.0000	</row2>
					<row3>	-0.6713 2.3192 1.8292 1.0000	</row3>
				</transform>
			</node>
			<node>
				<identifier>	HP_flag_3	</identifier>
				<transform>
					<row0>	0.9937 -0.1110 -0.0176 0.0000	</row0>
					<row1>	0.1110 0.9448 0.3083 0.0000	</row1>
					<row2>	-0.0176 -0.3083 0.9511 0.0000	</row2>
					<row3>	0.4085 2.3181 1.8281 1.0000	</row3>
				</transform>
			</node>
			<node>
				<identifier>	HP_flag_4	</identifier>
				<transform>
					<row0>	0.9937 0.1110 0.0176 0.0000	</row0>
					<row1>	-0.1110 0.9448 0.3083 0.0000	</row1>
					<row2>	0.0176 -0.3083 0.9511 0.0000	</row2>
					<row3>	-0.4085 2.3181 1.8281 1.0000	</row3>
				</transform>
			</node>
			<node>
				<identifier>	HP_flag_courtesy	</identifier>
				<transform>
					<row0>	0.8962 -0.4370 -0.0761 0.0000	</row0>
					<row1>	0.4370 0.8405 0.3203 0.0000	</row1>
					<row2>	-0.0761 -0.3203 0.9442 0.0000	</row2>
					<row3>	0.7966 2.3151 1.8308 1.0000	</row3>
				</transform>
			</node>
			<node>
				<identifier>	HP_flag_house	</identifier>
				<transform>
					<row0>	0.8962 0.4370 0.0761 0.0000	</row0>
					<row1>	-0.4370 0.8405 0.3203 0.0000	</row1>
					<row2>	0.0761 -0.3203 0.9442 0.0000	</row2>
					<row3>	-0.7966 2.3151 1.8308 1.0000	</row3>
				</transform>
			</node>
			<node>
				<identifier>	MP_BM619_Telegraph	</identifier>
				<transform>
					<row0>	0.5455 0.0000 0.8381 0.0000	</row0>
					<row1>	0.0000 1.0000 0.0000 0.0000	</row1>
					<row2>	-0.8381 0.0000 0.5455 0.0000	</row2>
					<row3>	-0.0681 1.3165 1.9154 1.0000	</row3>
				</transform>
			</node>
			<node>
				<identifier>	MP_BM619_Telegraph_INDEX_1	</identifier>
				<transform>
					<row0>	0.5455 0.0000 -0.8381 0.0000	</row0>
					<row1>	0.0000 1.0000 0.0000 0.0000	</row1>
					<row2>	0.8381 0.0000 0.5455 0.0000	</row2>
					<row3>	0.0681 1.3165 1.9154 1.0000	</row3>
				</transform>
			</node>
			<node>
				<identifier>	MP_CM011_Fire_Fighting_Gear	</identifier>
				<transform>
					<row0>	0.0000 0.0000 1.0000 0.0000	</row0>
					<row1>	0.0000 1.0000 0.0000 0.0000	</row1>
					<row2>	-1.0000 0.0000 0.0000 0.0000	</row2>
					<row3>	0.5191 0.4000 0.6425 1.0000	</row3>
				</transform>
			</node>
			<node>
				<identifier>	MP_CM011_Fire_Fighting_Gear_INDEX_1	</identifier>
				<transform>
					<row0>	0.0005 0.0000 -1.0000 0.0000	</row0>
					<row1>	0.0000 1.0000 0.0000 0.0000	</row1>
					<row2>	1.0000 0.0000 0.0005 0.0000	</row2>
					<row3>	-0.1312 0.5837 1.3336 1.0000	</row3>
				</transform>
			</node>
			<node>
				<identifier>	MP_CM011_Fire_Fighting_Gear_INDEX_2	</identifier>
				<transform>
					<row0>	0.0005 0.0000 1.0000 0.0000	</row0>
					<row1>	0.0000 1.0000 0.0000 0.0000	</row1>
					<row2>	-1.0000 0.0000 0.0005 0.0000	</row2>
					<row3>	0.1312 0.5837 1.3336 1.0000	</row3>
				</transform>
			</node>
			<node>
				<identifier>	MP_CM011_Fire_Fighting_Gear_INDEX_3	</identifier>
				<transform>
					<row0>	-0.7669 0.0000 0.6418 0.0000	</row0>
					<row1>	0.0000 1.0000 0.0000 0.0000	</row1>
					<row2>	-0.6418 0.0000 -0.7669 0.0000	</row2>
					<row3>	-0.3984 0.3997 2.5805 1.0000	</row3>
				</transform>
			</node>
			<node>
				<identifier>	MP_CM011_Fire_Fighting_Gear_INDEX_4	</identifier>
				<transform>
					<row0>	0.0000 0.0000 -1.0000 0.0000	</row0>
					<row1>	0.0000 1.0000 0.0000 0.0000	</row1>
					<row2>	1.0000 0.0000 0.0000 0.0000	</row2>
					<row3>	-0.5191 0.4000 0.0263 1.0000	</row3>
				</transform>
			</node>
			<node>
				<identifier>	MP_CM011_Fire_Fighting_Gear_INDEX_5	</identifier>
				<transform>
					<row0>	0.0005 0.0000 -1.0000 0.0000	</row0>
					<row1>	0.0000 1.0000 0.0000 0.0000	</row1>
					<row2>	1.0000 0.0000 0.0005 0.0000	</row2>
					<row3>	-0.1438 0.8988 1.7974 1.0000	</row3>
				</transform>
			</node>
			<node>
				<identifier>	MP_CM011_Fire_Fighting_Gear_INDEX_6	</identifier>
				<transform>
					<row0>	-0.7669 0.0000 -0.6418 0.0000	</row0>
					<row1>	0.0000 1.0000 0.0000 0.0000	</row1>
					<row2>	0.6418 0.0000 -0.7669 0.0000	</row2>
					<row3>	0.3984 0.3997 2.5805 1.0000	</row3>
				</transform>
			</node>
			<node>
				<identifier>	MP_CM013_Fire_Hose_Rack_2	</identifier>
				<transform>
					<row0>	-1.0000 0.0000 -0.0044 0.0000	</row0>
					<row1>	0.0000 1.0000 0.0000 0.0000	</row1>
					<row2>	0.0044 0.0000 -1.0000 0.0000	</row2>
					<row3>	0.1265 0.6641 1.3292 1.0000	</row3>
				</transform>
			</node>
			<node>
				<identifier>	MP_CM013_Fire_Hose_Rack_2_INDEX_1	</identifier>
				<transform>
					<row0>	-0.5232 0.0000 -0.8522 0.0000	</row0>
					<row1>	0.0000 1.0000 0.0000 0.0000	</row1>
					<row2>	0.8522 0.0000 -0.5232 0.0000	</row2>
					<row3>	-0.3807 0.4586 2.5628 1.0000	</row3>
				</transform>
			</node>
			<node>
				<identifier>	MP_CM013_Fire_Hose_Rack_2_INDEX_2	</identifier>
				<transform>
					<row0>	-1.0000 0.0000 0.0000 0.0000	</row0>
					<row1>	0.0000 1.0000 0.0000 0.0000	</row1>
					<row2>	0.0000 0.0000 -1.0000 0.0000	</row2>
					<row3>	0.5128 0.5049 0.6425 1.0000	</row3>
				</transform>
			</node>
			<node>
				<identifier>	MP_CM013_Fire_Hose_Rack_2_INDEX_3	</identifier>
				<transform>
					<row0>	1.0000 0.0000 -0.0044 0.0000	</row0>
					<row1>	0.0000 1.0000 0.0000 0.0000	</row1>
					<row2>	0.0044 0.0000 1.0000 0.0000	</row2>
					<row3>	-0.1342 0.9792 1.7930 1.0000	</row3>
				</transform>
			</node>
			<node>
				<identifier>	MP_CM013_Fire_Hose_Rack_2_INDEX_4	</identifier>
				<transform>
					<row0>	1.0000 0.0000 -0.0044 0.0000	</row0>
					<row1>	0.0000 1.0000 0.0000 0.0000	</row1>
					<row2>	0.0044 0.0000 1.0000 0.0000	</row2>
					<row3>	-0.1265 0.6641 1.3292 1.0000	</row3>
				</transform>
			</node>
			<node>
				<identifier>	MP_CM013_Fire_Hose_Rack_2_INDEX_5	</identifier>
				<transform>
					<row0>	1.0000 0.0000 0.0000 0.0000	</row0>
					<row1>	0.0000 1.0000 0.0000 0.0000	</row1>
					<row2>	0.0000 0.0000 1.0000 0.0000	</row2>
					<row3>	-0.5128 0.5049 0.0263 1.0000	</row3>
				</transform>
			</node>
			<node>
				<identifier>	MP_CM013_Fire_Hose_Rack_2_INDEX_6	</identifier>
				<transform>
					<row0>	0.5232 0.0000 -0.8522 0.0000	</row0>
					<row1>	0.0000 1.0000 0.0000 0.0000	</row1>
					<row2>	0.8522 0.0000 0.5232 0.0000	</row2>
					<row3>	0.3807 0.4586 2.5628 1.0000	</row3>
				</transform>
			</node>
			<node>
				<identifier>	MP_CM014_Fuel_Oil_Hose	</identifier>
				<transform>
					<row0>	-0.9999 -0.0121 0.0000 0.0000	</row0>
					<row1>	0.0121 -0.9999 0.0000 0.0000	</row1>
					<row2>	0.0000 0.0000 1.0000 0.0000	</row2>
					<row3>	0.5140 0.4993 0.8688 1.0000	</row3>
				</transform>
			</node>
			<node>
				<identifier>	MP_CM014_Fuel_Oil_Hose_INDEX_1	</identifier>
				<transform>
					<row0>	-0.9999 -0.0121 0.0000 0.0000	</row0>
					<row1>	0.0121 -0.9999 0.0000 0.0000	</row1>
					<row2>	0.0000 0.0000 1.0000 0.0000	</row2>
					<row3>	0.5140 0.4644 0.8688 1.0000	</row3>
				</transform>
			</node>
			<node>
				<identifier>	MP_CM014_Fuel_Oil_Hose_INDEX_2	</identifier>
				<transform>
					<row0>	0.0000 -0.0134 -0.9999 0.0000	</row0>
					<row1>	0.0000 -0.9999 0.0134 0.0000	</row1>
					<row2>	-1.0000 0.0000 0.0000 0.0000	</row2>
					<row3>	-0.4191 0.5365 0.6460 1.0000	</row3>
				</transform>
			</node>
			<node>
				<identifier>	MP_CM014_Fuel_Oil_Hose_INDEX_3	</identifier>
				<transform>
					<row0>	0.0000 -0.0134 -0.9999 0.0000	</row0>
					<row1>	0.0000 -0.9999 0.0134 0.0000	</row1>
					<row2>	-1.0000 0.0000 0.0000 0.0000	</row2>
					<row3>	-0.4191 0.4993 0.6460 1.0000	</row3>
				</transform>
			</node>
			<node>
				<identifier>	MP_CM014_Fuel_Oil_Hose_INDEX_4	</identifier>
				<transform>
					<row0>	-0.9999 -0.0121 0.0000 0.0000	</row0>
					<row1>	0.0121 -0.9999 0.0000 0.0000	</row1>
					<row2>	0.0000 0.0000 1.0000 0.0000	</row2>
					<row3>	0.5140 0.5360 0.8688 1.0000	</row3>
				</transform>
			</node>
			<node>
				<identifier>	MP_CM014_Fuel_Oil_Hose_INDEX_5	</identifier>
				<transform>
					<row0>	0.0000 -0.0134 -0.9999 0.0000	</row0>
					<row1>	0.0000 -0.9999 0.0134 0.0000	</row1>
					<row2>	-1.0000 0.0000 0.0000 0.0000	</row2>
					<row3>	-0.4191 0.4644 0.6460 1.0000	</row3>
				</transform>
			</node>
			<node>
				<identifier>	MP_CM029_Emergency_Box	</identifier>
				<transform>
					<row0>	0.0000 0.0000 1.0000 0.0000	</row0>
					<row1>	0.0000 1.0000 0.0000 0.0000	</row1>
					<row2>	-1.0000 0.0000 0.0000 0.0000	</row2>
					<row3>	0.5187 0.5026 0.5952 1.0000	</row3>
				</transform>
			</node>
			<node>
				<identifier>	MP_CM029_Emergency_Box_INDEX_1	</identifier>
				<transform>
					<row0>	0.0000 0.0000 -1.0000 0.0000	</row0>
					<row1>	0.0000 1.0000 0.0000 0.0000	</row1>
					<row2>	1.0000 0.0000 0.0000 0.0000	</row2>
					<row3>	-0.1402 0.9694 1.8383 1.0000	</row3>
				</transform>
			</node>
			<node>
				<identifier>	MP_CM029_Emergency_Box_INDEX_2	</identifier>
				<transform>
					<row0>	0.0000 0.0000 -1.0000 0.0000	</row0>
					<row1>	0.0000 1.0000 0.0000 0.0000	</row1>
					<row2>	1.0000 0.0000 0.0000 0.0000	</row2>
					<row3>	-0.1325 0.6544 1.3745 1.0000	</row3>
				</transform>
			</node>
			<node>
				<identifier>	MP_CM029_Emergency_Box_INDEX_3	</identifier>
				<transform>
					<row0>	0.0000 0.0000 -1.0000 0.0000	</row0>
					<row1>	0.0000 1.0000 0.0000 0.0000	</row1>
					<row2>	1.0000 0.0000 0.0000 0.0000	</row2>
					<row3>	-0.5191 0.5026 0.2196 1.0000	</row3>
				</transform>
			</node>
			<node>
				<identifier>	MP_CM029_Emergency_Box_INDEX_4	</identifier>
				<transform>
					<row0>	0.0000 0.0000 1.0000 0.0000	</row0>
					<row1>	0.0000 1.0000 0.0000 0.0000	</row1>
					<row2>	-1.0000 0.0000 0.0000 0.0000	</row2>
					<row3>	0.1325 0.6544 1.3745 1.0000	</row3>
				</transform>
			</node>
			<node>
				<identifier>	MP_CM040_Steering_Wheel	</identifier>
				<transform>
					<row0>	1.0000 0.0000 0.0000 0.0000	</row0>
					<row1>	0.0000 1.0000 0.0000 0.0000	</row1>
					<row2>	0.0000 0.0000 1.0000 0.0000	</row2>
					<row3>	0.0000 1.3165 1.9103 1.0000	</row3>
				</transform>
			</node>
			<node>
				<identifier>	MP_CM052_Fender	</identifier>
				<transform>
					<row0>	-1.0000 0.0000 0.0000 0.0000	</row0>
					<row1>	0.0000 1.0000 0.0000 0.0000	</row1>
					<row2>	0.0000 0.0000 -1.0000 0.0000	</row2>
					<row3>	-0.3611 0.4091 1.8680 1.0000	</row3>
				</transform>
			</node>
			<node>
				<identifier>	MP_CM052_Fender_INDEX_1	</identifier>
				<transform>
					<row0>	-1.0000 0.0000 0.0000 0.0000	</row0>
					<row1>	0.0000 1.0000 0.0000 0.0000	</row1>
					<row2>	0.0000 0.0000 -1.0000 0.0000	</row2>
					<row3>	0.3611 0.4091 1.8680 1.0000	</row3>
				</transform>
			</node>
			<node>
				<identifier>	MP_CM056_Ships_bell	</identifier>
				<transform>
					<row0>	1.0000 0.0000 0.0000 0.0000	</row0>
					<row1>	0.0000 1.0000 0.0000 0.0000	</row1>
					<row2>	0.0000 0.0000 1.0000 0.0000	</row2>
					<row3>	0.0664 1.6143 1.5820 1.0000	</row3>
				</transform>
			</node>
			<node>
				<identifier>	MP_CM082_Rope	</identifier>
				<transform>
					<row0>	-0.6461 0.0000 0.3730 0.0000	</row0>
					<row1>	0.0000 0.7460 0.0000 0.0000	</row1>
					<row2>	-0.3730 0.0000 -0.6461 0.0000	</row2>
					<row3>	-0.3039 1.4102 1.5310 1.0000	</row3>
				</transform>
			</node>
			<node>
				<identifier>	MP_CM082_Rope_INDEX_1	</identifier>
				<transform>
					<row0>	-0.6461 0.0000 -0.3730 0.0000	</row0>
					<row1>	0.0000 0.7460 0.0000 0.0000	</row1>
					<row2>	0.3730 0.0000 -0.6461 0.0000	</row2>
					<row3>	0.3276 1.4102 1.4854 1.0000	</row3>
				</transform>
			</node>
			<node>
				<identifier>	MP_CM082_Rope_INDEX_2	</identifier>
				<transform>
					<row0>	-0.6461 0.0000 0.3730 0.0000	</row0>
					<row1>	0.0000 0.7460 0.0000 0.0000	</row1>
					<row2>	-0.3730 0.0000 -0.6461 0.0000	</row2>
					<row3>	-0.3115 1.4102 1.5163 1.0000	</row3>
				</transform>
			</node>
			<node>
				<identifier>	MP_CM082_Rope_INDEX_3	</identifier>
				<transform>
					<row0>	-0.6461 0.0000 -0.3730 0.0000	</row0>
					<row1>	0.0000 0.7460 0.0000 0.0000	</row1>
					<row2>	0.3730 0.0000 -0.6461 0.0000	</row2>
					<row3>	0.3196 1.4102 1.5008 1.0000	</row3>
				</transform>
			</node>
			<node>
				<identifier>	MP_CM082_Rope_INDEX_4	</identifier>
				<transform>
					<row0>	-0.6461 0.0000 0.3730 0.0000	</row0>
					<row1>	0.0000 0.7460 0.0000 0.0000	</row1>
					<row2>	-0.3730 0.0000 -0.6461 0.0000	</row2>
					<row3>	-0.3196 1.4102 1.5008 1.0000	</row3>
				</transform>
			</node>
			<node>
				<identifier>	MP_CM082_Rope_INDEX_5	</identifier>
				<transform>
					<row0>	-0.6461 0.0000 -0.3730 0.0000	</row0>
					<row1>	0.0000 0.7460 0.0000 0.0000	</row1>
					<row2>	0.3730 0.0000 -0.6461 0.0000	</row2>
					<row3>	0.3115 1.4102 1.5163 1.0000	</row3>
				</transform>
			</node>
			<node>
				<identifier>	MP_CM082_Rope_INDEX_6	</identifier>
				<transform>
					<row0>	-0.6461 0.0000 -0.3730 0.0000	</row0>
					<row1>	0.0000 0.7460 0.0000 0.0000	</row1>
					<row2>	0.3730 0.0000 -0.6461 0.0000	</row2>
					<row3>	0.2956 1.4102 1.5454 1.0000	</row3>
				</transform>
			</node>
			<node>
				<identifier>	MP_CM082_Rope_INDEX_7	</identifier>
				<transform>
					<row0>	-0.6461 0.0000 0.3730 0.0000	</row0>
					<row1>	0.0000 0.7460 0.0000 0.0000	</row1>
					<row2>	-0.3730 0.0000 -0.6461 0.0000	</row2>
					<row3>	-0.2956 1.4102 1.5454 1.0000	</row3>
				</transform>
			</node>
			<node>
				<identifier>	MP_CM082_Rope_INDEX_8	</identifier>
				<transform>
					<row0>	-0.6461 0.0000 0.3730 0.0000	</row0>
					<row1>	0.0000 0.7460 0.0000 0.0000	</row1>
					<row2>	-0.3730 0.0000 -0.6461 0.0000	</row2>
					<row3>	-0.3276 1.4102 1.4854 1.0000	</row3>
				</transform>
			</node>
			<node>
				<identifier>	MP_CM082_Rope_INDEX_9	</identifier>
				<transform>
					<row0>	-0.6461 0.0000 -0.3730 0.0000	</row0>
					<row1>	0.0000 0.7460 0.0000 0.0000	</row1>
					<row2>	0.3730 0.0000 -0.6461 0.0000	</row2>
					<row3>	0.3039 1.4102 1.5310 1.0000	</row3>
				</transform>
			</node>
			<node>
				<identifier>	MP_CM088_Swab_Rack	</identifier>
				<transform>
					<row0>	0.0000 0.0000 -1.0000 0.0000	</row0>
					<row1>	0.0000 1.0000 0.0000 0.0000	</row1>
					<row2>	1.0000 0.0000 0.0000 0.0000	</row2>
					<row3>	0.1964 0.3999 1.2967 1.0000	</row3>
				</transform>
			</node>
			<node>
				<identifier>	MP_CM088_Swab_Rack_INDEX_1	</identifier>
				<transform>
					<row0>	0.0000 0.0000 1.0000 0.0000	</row0>
					<row1>	0.0000 1.0000 0.0000 0.0000	</row1>
					<row2>	-1.0000 0.0000 0.0000 0.0000	</row2>
					<row3>	0.2844 0.3999 -0.2156 1.0000	</row3>
				</transform>
			</node>
			<node>
				<identifier>	MP_FM001_Pelorus	</identifier>
				<transform>
					<row0>	1.0000 0.0000 0.0000 0.0000	</row0>
					<row1>	0.0000 1.0000 0.0000 0.0000	</row1>
					<row2>	0.0000 0.0000 1.0000 0.0000	</row2>
					<row3>	-0.1937 0.9232 2.3064 1.0000	</row3>
				</transform>
			</node>
			<node>
				<identifier>	MP_FM001_Pelorus_INDEX_1	</identifier>
				<transform>
					<row0>	1.0000 0.0000 0.0000 0.0000	</row0>
					<row1>	0.0000 1.0000 0.0000 0.0000	</row1>
					<row2>	0.0000 0.0000 1.0000 0.0000	</row2>
					<row3>	0.1937 0.9232 2.3064 1.0000	</row3>
				</transform>
			</node>
			<node>
				<identifier>	MP_FM002_Binoculars	</identifier>
				<transform>
					<row0>	1.0000 0.0000 0.0000 0.0000	</row0>
					<row1>	0.0000 1.0000 0.0000 0.0000	</row1>
					<row2>	0.0000 0.0000 1.0000 0.0000	</row2>
					<row3>	0.0391 2.3759 1.9924 1.0000	</row3>
				</transform>
			</node>
			<node>
				<identifier>	MP_FM002_Binoculars_INDEX_1	</identifier>
				<transform>
					<row0>	0.5455 0.0000 -0.8381 0.0000	</row0>
					<row1>	0.0000 1.0000 0.0000 0.0000	</row1>
					<row2>	0.8381 0.0000 0.5455 0.0000	</row2>
					<row3>	0.0982 1.3313 1.8754 1.0000	</row3>
				</transform>
			</node>
			<node>
				<identifier>	MP_FM002_Binoculars_INDEX_2	</identifier>
				<transform>
					<row0>	-0.8521 0.0000 -0.5234 0.0000	</row0>
					<row1>	0.0000 1.0000 0.0000 0.0000	</row1>
					<row2>	0.5234 0.0000 -0.8521 0.0000	</row2>
					<row3>	0.0726 2.3759 1.6949 1.0000	</row3>
				</transform>
			</node>
			<node>
				<identifier>	MP_FM002_Binoculars_INDEX_3	</identifier>
				<transform>
					<row0>	0.8192 0.0000 0.5736 0.0000	</row0>
					<row1>	0.0000 1.0000 0.0000 0.0000	</row1>
					<row2>	-0.5736 0.0000 0.8192 0.0000	</row2>
					<row3>	-0.1547 0.9232 2.3290 1.0000	</row3>
				</transform>
			</node>
			<node>
				<identifier>	MP_FM002_Binoculars_INDEX_4	</identifier>
				<transform>
					<row0>	-0.8521 0.0000 0.5234 0.0000	</row0>
					<row1>	0.0000 1.0000 0.0000 0.0000	</row1>
					<row2>	-0.5234 0.0000 -0.8521 0.0000	</row2>
					<row3>	-0.0726 2.3759 1.6949 1.0000	</row3>
				</transform>
			</node>
			<node>
				<identifier>	MP_FM002_Binoculars_INDEX_5	</identifier>
				<transform>
					<row0>	0.8192 0.0000 -0.5736 0.0000	</row0>
					<row1>	0.0000 1.0000 0.0000 0.0000	</row1>
					<row2>	0.5736 0.0000 0.8192 0.0000	</row2>
					<row3>	0.1547 0.9232 2.3290 1.0000	</row3>
				</transform>
			</node>
			<node>
				<identifier>	MP_FM002_Binoculars_INDEX_6	</identifier>
				<transform>
					<row0>	1.0000 0.0000 0.0000 0.0000	</row0>
					<row1>	0.0000 1.0000 0.0000 0.0000	</row1>
					<row2>	0.0000 0.0000 1.0000 0.0000	</row2>
					<row3>	-0.0391 2.3759 1.9924 1.0000	</row3>
				</transform>
			</node>
			<node>
				<identifier>	MP_FM002_Binoculars_INDEX_7	</identifier>
				<transform>
					<row0>	1.0000 0.0000 0.0000 0.0000	</row0>
					<row1>	0.0000 1.0000 0.0000 0.0000	</row1>
					<row2>	0.0000 0.0000 1.0000 0.0000	</row2>
					<row3>	0.0761 0.9232 2.3388 1.0000	</row3>
				</transform>
			</node>
			<node>
				<identifier>	MP_FM002_Binoculars_INDEX_8	</identifier>
				<transform>
					<row0>	1.0000 0.0000 0.0000 0.0000	</row0>
					<row1>	0.0000 1.0000 0.0000 0.0000	</row1>
					<row2>	0.0000 0.0000 1.0000 0.0000	</row2>
					<row3>	-0.0761 0.9232 2.3388 1.0000	</row3>
				</transform>
			</node>
			<node>
				<identifier>	MP_FM002_Binoculars_INDEX_9	</identifier>
				<transform>
					<row0>	0.5455 0.0000 0.8381 0.0000	</row0>
					<row1>	0.0000 1.0000 0.0000 0.0000	</row1>
					<row2>	-0.8381 0.0000 0.5455 0.0000	</row2>
					<row3>	-0.0982 1.3313 1.8754 1.0000	</row3>
				</transform>
			</node>
			<node>
				<identifier>	MP_FM008_Binoculars	</identifier>
				<transform>
					<row0>	0.0000 0.0000 -1.0000 0.0000	</row0>
					<row1>	0.0000 1.0000 0.0000 0.0000	</row1>
					<row2>	1.0000 0.0000 0.0000 0.0000	</row2>
					<row3>	0.1200 0.8993 1.9451 1.0000	</row3>
				</transform>
			</node>
			<node>
				<identifier>	MP_FM008_Binoculars_INDEX_1	</identifier>
				<transform>
					<row0>	0.0000 0.0000 1.0000 0.0000	</row0>
					<row1>	0.0000 1.0000 0.0000 0.0000	</row1>
					<row2>	-1.0000 0.0000 0.0000 0.0000	</row2>
					<row3>	-0.1200 0.8993 1.9451 1.0000	</row3>
				</transform>
			</node>
			<node>
				<identifier>	MP_FM008_Binoculars_INDEX_2	</identifier>
				<transform>
					<row0>	0.6428 0.0000 0.7660 0.0000	</row0>
					<row1>	0.0000 1.0000 0.0000 0.0000	</row1>
					<row2>	-0.7660 0.0000 0.6428 0.0000	</row2>
					<row3>	-0.2064 1.0608 1.6576 1.0000	</row3>
				</transform>
			</node>
			<node>
				<identifier>	MP_FM008_Binoculars_INDEX_3	</identifier>
				<transform>
					<row0>	0.6428 0.0000 -0.7660 0.0000	</row0>
					<row1>	0.0000 1.0000 0.0000 0.0000	</row1>
					<row2>	0.7660 0.0000 0.6428 0.0000	</row2>
					<row3>	0.2064 1.0608 1.6576 1.0000	</row3>
				</transform>
			</node>
			<node>
				<identifier>	MP_FM009_Range_Concentration_Dials	</identifier>
				<transform>
					<row0>	1.0000 0.0000 0.0000 0.0000	</row0>
					<row1>	0.0000 1.0000 0.0000 0.0000	</row1>
					<row2>	0.0000 0.0000 1.0000 0.0000	</row2>
					<row3>	0.0000 2.3904 2.0262 1.0000	</row3>
				</transform>
			</node>
			<node>
				<identifier>	MP_FM010_Paravane	</identifier>
				<transform>
					<row0>	0.0000 -1.0000 0.0000 0.0000	</row0>
					<row1>	0.9972 0.0000 0.0742 0.0000	</row1>
					<row2>	-0.0742 0.0000 0.9972 0.0000	</row2>
					<row3>	-0.2301 0.8298 1.3105 1.0000	</row3>
				</transform>
			</node>
			<node>
				<identifier>	MP_FM010_Paravane_INDEX_1	</identifier>
				<transform>
					<row0>	0.0000 -1.0000 0.0000 0.0000	</row0>
					<row1>	0.9899 0.0000 -0.1418 0.0000	</row1>
					<row2>	0.1418 0.0000 0.9899 0.0000	</row2>
					<row3>	-0.3163 0.6739 1.9531 1.0000	</row3>
				</transform>
			</node>
			<node>
				<identifier>	MP_FM010_Paravane_INDEX_2	</identifier>
				<transform>
					<row0>	0.0000 1.0000 0.0000 0.0000	</row0>
					<row1>	-0.9972 0.0000 0.0742 0.0000	</row1>
					<row2>	0.0742 0.0000 0.9972 0.0000	</row2>
					<row3>	0.2301 0.8298 1.3105 1.0000	</row3>
				</transform>
			</node>
			<node>
				<identifier>	MP_FM010_Paravane_INDEX_3	</identifier>
				<transform>
					<row0>	0.0000 1.0000 0.0000 0.0000	</row0>
					<row1>	-0.9899 0.0000 -0.1418 0.0000	</row1>
					<row2>	-0.1418 0.0000 0.9899 0.0000	</row2>
					<row3>	0.3163 0.6739 1.9531 1.0000	</row3>
				</transform>
			</node>
			<node>
				<identifier>	MP_FM011_Reels	</identifier>
				<transform>
					<row0>	0.0000 0.0000 1.2000 0.0000	</row0>
					<row1>	0.0000 1.2000 0.0000 0.0000	</row1>
					<row2>	-1.2000 0.0000 0.0000 0.0000	</row2>
					<row3>	-0.4382 0.3999 1.4152 1.0000	</row3>
				</transform>
			</node>
			<node>
				<identifier>	MP_FM011_Reels_INDEX_1	</identifier>
				<transform>
					<row0>	0.7000 0.0000 -1.2124 0.0000	</row0>
					<row1>	0.0000 1.4000 0.0000 0.0000	</row1>
					<row2>	1.2124 0.0000 0.7000 0.0000	</row2>
					<row3>	0.2905 0.3999 2.9005 1.0000	</row3>
				</transform>
			</node>
			<node>
				<identifier>	MP_FM011_Reels_INDEX_2	</identifier>
				<transform>
					<row0>	0.6000 0.0000 1.0392 0.0000	</row0>
					<row1>	0.0000 1.2000 0.0000 0.0000	</row1>
					<row2>	-1.0392 0.0000 0.6000 0.0000	</row2>
					<row3>	-0.3126 0.3999 2.9172 1.0000	</row3>
				</transform>
			</node>
			<node>
				<identifier>	MP_FM011_Reels_INDEX_3	</identifier>
				<transform>
					<row0>	0.0000 0.0000 -1.2000 0.0000	</row0>
					<row1>	0.0000 1.2000 0.0000 0.0000	</row1>
					<row2>	1.2000 0.0000 0.0000 0.0000	</row2>
					<row3>	0.4382 0.3999 1.4152 1.0000	</row3>
				</transform>
			</node>
			<node>
				<identifier>	MP_FM014_Telephone	</identifier>
				<transform>
					<row0>	-0.6833 0.0000 0.7302 0.0000	</row0>
					<row1>	0.0000 1.0000 0.0000 0.0000	</row1>
					<row2>	-0.7302 0.0000 -0.6833 0.0000	</row2>
					<row3>	0.3036 1.2725 1.3333 1.0000	</row3>
				</transform>
			</node>
			<node>
				<identifier>	MP_FM014_Telephone_INDEX_1	</identifier>
				<transform>
					<row0>	0.5405 0.0000 0.8413 0.0000	</row0>
					<row1>	0.0000 1.0000 0.0000 0.0000	</row1>
					<row2>	-0.8413 0.0000 0.5405 0.0000	</row2>
					<row3>	-0.0978 1.3881 1.9060 1.0000	</row3>
				</transform>
			</node>
			<node>
				<identifier>	MP_FM014_Telephone_INDEX_2	</identifier>
				<transform>
					<row0>	0.0000 0.0000 1.0000 0.0000	</row0>
					<row1>	0.0000 1.0000 0.0000 0.0000	</row1>
					<row2>	-1.0000 0.0000 0.0000 0.0000	</row2>
					<row3>	0.4013 1.1158 1.3109 1.0000	</row3>
				</transform>
			</node>
			<node>
				<identifier>	MP_FM014_Telephone_INDEX_3	</identifier>
				<transform>
					<row0>	0.0000 0.0000 1.0000 0.0000	</row0>
					<row1>	0.0000 1.0000 0.0000 0.0000	</row1>
					<row2>	-1.0000 0.0000 0.0000 0.0000	</row2>
					<row3>	0.1037 1.1381 1.6361 1.0000	</row3>
				</transform>
			</node>
			<node>
				<identifier>	MP_FM014_Telephone_INDEX_4	</identifier>
				<transform>
					<row0>	0.0000 0.0000 -1.0000 0.0000	</row0>
					<row1>	0.0000 1.0000 0.0000 0.0000	</row1>
					<row2>	1.0000 0.0000 0.0000 0.0000	</row2>
					<row3>	-0.4013 1.1158 1.3109 1.0000	</row3>
				</transform>
			</node>
			<node>
				<identifier>	MP_FM014_Telephone_INDEX_5	</identifier>
				<transform>
					<row0>	0.0000 0.0000 -1.0000 0.0000	</row0>
					<row1>	0.0000 1.0000 0.0000 0.0000	</row1>
					<row2>	1.0000 0.0000 0.0000 0.0000	</row2>
					<row3>	-0.1037 1.1381 1.6361 1.0000	</row3>
				</transform>
			</node>
			<node>
				<identifier>	MP_FM014_Telephone_INDEX_6	</identifier>
				<transform>
					<row0>	-1.0000 0.0000 0.0000 0.0000	</row0>
					<row1>	0.0000 1.0000 0.0000 0.0000	</row1>
					<row2>	0.0000 0.0000 -1.0000 0.0000	</row2>
					<row3>	0.0000 1.7615 1.8616 1.0000	</row3>
				</transform>
			</node>
			<node>
				<identifier>	MP_FM014_Telephone_INDEX_7	</identifier>
				<transform>
					<row0>	0.5405 0.0000 -0.8413 0.0000	</row0>
					<row1>	0.0000 1.0000 0.0000 0.0000	</row1>
					<row2>	0.8413 0.0000 0.5405 0.0000	</row2>
					<row3>	0.0978 1.3881 1.9060 1.0000	</row3>
				</transform>
			</node>
			<node>
				<identifier>	MP_FM014_Telephone_INDEX_8	</identifier>
				<transform>
					<row0>	-0.6833 0.0000 -0.7302 0.0000	</row0>
					<row1>	0.0000 1.0000 0.0000 0.0000	</row1>
					<row2>	0.7302 0.0000 -0.6833 0.0000	</row2>
					<row3>	-0.3036 1.2725 1.3333 1.0000	</row3>
				</transform>
			</node>
			<node>
				<identifier>	MP_FM015_Life_Buoy	</identifier>
				<transform>
					<row0>	0.0000 0.0000 -1.0000 0.0000	</row0>
					<row1>	0.0000 1.0000 0.0000 0.0000	</row1>
					<row2>	1.0000 0.0000 0.0000 0.0000	</row2>
					<row3>	-0.4241 0.5205 0.8470 1.0000	</row3>
				</transform>
			</node>
			<node>
				<identifier>	MP_FM015_Life_Buoy_INDEX_1	</identifier>
				<transform>
					<row0>	-1.0000 0.0000 0.0000 0.0000	</row0>
					<row1>	0.0000 1.0000 0.0000 0.0000	</row1>
					<row2>	0.0000 0.0000 -1.0000 0.0000	</row2>
					<row3>	-0.2545 0.5550 1.7133 1.0000	</row3>
				</transform>
			</node>
			<node>
				<identifier>	MP_FM015_Life_Buoy_INDEX_2	</identifier>
				<transform>
					<row0>	-1.0000 0.0000 0.0000 0.0000	</row0>
					<row1>	0.0000 1.0000 0.0000 0.0000	</row1>
					<row2>	0.0000 0.0000 -1.0000 0.0000	</row2>
					<row3>	0.2545 0.5550 1.7133 1.0000	</row3>
				</transform>
			</node>
			<node>
				<identifier>	MP_FM015_Life_Buoy_INDEX_3	</identifier>
				<transform>
					<row0>	0.0000 0.0000 1.0000 0.0000	</row0>
