<JSB010_Nagato_1944_Stern_ports.visual>
	<node>
		<identifier>	Scene Root	</identifier>
		<transform>
			<row0>	1.0000 0.0000 0.0000 0.0000	</row0>
			<row1>	0.0000 1.0000 0.0000 0.0000	</row1>
			<row2>	0.0000 0.0000 1.0000 0.0000	</row2>
			<row3>	0.0000 0.0000 0.0000 1.0000	</row3>
		</transform>
		<node>
			<identifier>	Stern_ports	</identifier>
			<transform>
				<row0>	1.0000 0.0000 0.0000 0.0000	</row0>
				<row1>	0.0000 1.0000 0.0000 0.0000	</row1>
				<row2>	0.0000 0.0000 1.0000 0.0000	</row2>
				<row3>	0.0000 0.0000 0.0000 1.0000	</row3>
			</transform>
			<node>
				<identifier>	HP_FX_Fire_4	</identifier>
				<transform>
					<row0>	1.0000 0.0000 0.0000 0.0000	</row0>
					<row1>	0.0000 1.0000 0.0000 0.0000	</row1>
					<row2>	0.0000 0.0000 1.0000 0.0000	</row2>
					<row3>	0.0000 0.2875 -5.9255 1.0000	</row3>
				</transform>
			</node>
			<node>
				<identifier>	HP_FX_Flood_steam_right	</identifier>
				<transform>
					<row0>	1.0000 0.0000 0.0000 0.0000	</row0>
					<row1>	0.0000 1.0000 0.0000 0.0000	</row1>
					<row2>	0.0000 0.0000 1.0000 0.0000	</row2>
					<row3>	0.6390 0.1940 -5.1780 1.0000	</row3>
				</transform>
			</node>
			<node>
				<identifier>	HP_FX_WakeTraceBack	</identifier>
				<transform>
					<row0>	1.0000 0.0000 0.0000 0.0000	</row0>
					<row1>	0.0000 1.0000 0.0000 0.0000	</row1>
					<row2>	0.0000 0.0000 1.0000 0.0000	</row2>
					<row3>	0.0000 0.0000 -7.1582 1.0000	</row3>
				</transform>
			</node>
			<node>
				<identifier>	HP_FX_WakeTrace_screw_1	</identifier>
				<transform>
					<row0>	1.0000 0.0000 0.0000 0.0000	</row0>
					<row1>	0.0000 1.0000 0.0000 0.0000	</row1>
					<row2>	0.0000 0.0000 1.0000 0.0000	</row2>
					<row3>	-0.6240 -0.3487 -5.1642 1.0000	</row3>
				</transform>
			</node>
			<node>
				<identifier>	HP_FX_WakeTrace_screw_2	</identifier>
				<transform>
					<row0>	1.0000 0.0000 0.0000 0.0000	</row0>
					<row1>	0.0000 1.0000 0.0000 0.0000	</row1>
					<row2>	0.0000 0.0000 1.0000 0.0000	</row2>
					<row3>	-0.3440 -0.4734 -5.7004 1.0000	</row3>
				</transform>
			</node>
			<node>
				<identifier>	HP_FX_WakeTrace_screw_3	</identifier>
				<transform>
					<row0>	1.0000 0.0000 0.0000 0.0000	</row0>
					<row1>	0.0000 1.0000 0.0000 0.0000	</row1>
					<row2>	0.0000 0.0000 1.0000 0.0000	</row2>
					<row3>	0.3482 -0.4734 -5.7004 1.0000	</row3>
				</transform>
			</node>
			<node>
				<identifier>	HP_FX_WakeTrace_screw_4	</identifier>
				<transform>
					<row0>	1.0000 0.0000 0.0000 0.0000	</row0>
					<row1>	0.0000 1.0000 0.0000 0.0000	</row1>
					<row2>	0.0000 0.0000 1.0000 0.0000	</row2>
					<row3>	0.6282 -0.3487 -5.1642 1.0000	</row3>
				</transform>
			</node>
			<node>
				<identifier>	HP_JGA_38	</identifier>
				<transform>
					<row0>	-0.7071 0.0000 0.7071 0.0000	</row0>
					<row1>	0.0000 1.0000 0.0000 0.0000	</row1>
					<row2>	-0.7071 0.0000 -0.7071 0.0000	</row2>
					<row3>	-0.3629 0.2882 -5.7431 1.0000	</row3>
				</transform>
			</node>
			<node>
				<identifier>	HP_JGA_39	</identifier>
				<transform>
					<row0>	-0.7071 0.0000 -0.7071 0.0000	</row0>
					<row1>	0.0000 1.0000 0.0000 0.0000	</row1>
					<row2>	0.7071 0.0000 -0.7071 0.0000	</row2>
					<row3>	0.3596 0.2874 -5.7428 1.0000	</row3>
				</transform>
			</node>
			<node>
				<identifier>	HP_JGA_40	</identifier>
				<transform>
					<row0>	-0.7071 0.0000 0.7071 0.0000	</row0>
					<row1>	0.0000 1.0000 0.0000 0.0000	</row1>
					<row2>	-0.7071 0.0000 -0.7071 0.0000	</row2>
					<row3>	-0.3295 0.2894 -5.9224 1.0000	</row3>
				</transform>
			</node>
			<node>
				<identifier>	HP_JGA_41	</identifier>
				<transform>
					<row0>	-0.7071 0.0000 -0.7071 0.0000	</row0>
					<row1>	0.0000 1.0000 0.0000 0.0000	</row1>
					<row2>	0.7071 0.0000 -0.7071 0.0000	</row2>
					<row3>	0.3262 0.2892 -5.9221 1.0000	</row3>
				</transform>
			</node>
			<node>
				<identifier>	HP_JGA_42	</identifier>
				<transform>
					<row0>	-0.7071 0.0000 0.7071 0.0000	</row0>
					<row1>	0.0000 1.0000 0.0000 0.0000	</row1>
					<row2>	-0.7071 0.0000 -0.7071 0.0000	</row2>
					<row3>	-0.2974 0.2902 -6.0945 1.0000	</row3>
				</transform>
			</node>
			<node>
				<identifier>	HP_JGA_43	</identifier>
				<transform>
					<row0>	-0.7071 0.0000 -0.7071 0.0000	</row0>
					<row1>	0.0000 1.0000 0.0000 0.0000	</row1>
					<row2>	0.7071 0.0000 -0.7071 0.0000	</row2>
					<row3>	0.2941 0.2923 -6.0942 1.0000	</row3>
				</transform>
			</node>
			<node>
				<identifier>	HP_JGA_44	</identifier>
				<transform>
					<row0>	-0.7071 0.0000 0.7071 0.0000	</row0>
					<row1>	0.0000 1.0000 0.0000 0.0000	</row1>
					<row2>	-0.7071 0.0000 -0.7071 0.0000	</row2>
					<row3>	-0.1611 0.2922 -6.4330 1.0000	</row3>
				</transform>
			</node>
			<node>
				<identifier>	HP_JGA_45	</identifier>
				<transform>
					<row0>	-0.7071 0.0000 -0.7071 0.0000	</row0>
					<row1>	0.0000 1.0000 0.0000 0.0000	</row1>
					<row2>	0.7071 0.0000 -0.7071 0.0000	</row2>
					<row3>	0.1611 0.2922 -6.4330 1.0000	</row3>
				</transform>
			</node>
			<node>
				<identifier>	HP_JGA_46	</identifier>
				<transform>
					<row0>	-1.0000 0.0000 0.0000 0.0000	</row0>
					<row1>	0.0000 1.0000 0.0000 0.0000	</row1>
					<row2>	0.0000 0.0000 -1.0000 0.0000	</row2>
					<row3>	0.0000 0.2939 -6.6059 1.0000	</row3>
				</transform>
			</node>
			<node>
				<identifier>	HP_Ship_death_3	</identifier>
				<transform>
					<row0>	1.0000 0.0000 0.0000 0.0000	</row0>
					<row1>	0.0000 1.0000 0.0000 0.0000	</row1>
					<row2>	0.0000 0.0000 1.0000 0.0000	</row2>
					<row3>	0.0000 0.0000 -4.6642 1.0000	</row3>
				</transform>
			</node>
			<node>
				<identifier>	MP_CM001_Propeller3_L	</identifier>
				<transform>
					<row0>	1.0000 0.0000 0.0000 0.0000	</row0>
					<row1>	0.0000 1.0000 0.0027 0.0000	</row1>
					<row2>	0.0000 -0.0027 1.0000 0.0000	</row2>
					<row3>	-0.6240 -0.3487 -5.1642 1.0000	</row3>
				</transform>
			</node>
			<node>
				<identifier>	MP_CM001_Propeller3_L_INDEX_1	</identifier>
				<transform>
					<row0>	1.0000 0.0000 0.0000 0.0000	</row0>
					<row1>	0.0000 0.9992 -0.0411 0.0000	</row1>
					<row2>	0.0000 0.0411 0.9992 0.0000	</row2>
					<row3>	-0.3440 -0.4734 -5.7004 1.0000	</row3>
				</transform>
			</node>
			<node>
				<identifier>	MP_CM005_Anchor_1	</identifier>
				<transform>
					<row0>	0.3043 0.0000 0.9526 0.0000	</row0>
					<row1>	-0.0638 0.9978 0.0204 0.0000	</row1>
					<row2>	-0.9504 -0.0670 0.3037 0.0000	</row2>
					<row3>	0.3132 0.2655 -6.4139 1.0000	</row3>
				</transform>
			</node>
			<node>
				<identifier>	MP_CM005_Anchor_1_INDEX_1	</identifier>
				<transform>
					<row0>	0.2753 0.0000 -0.9613 0.0000	</row0>
					<row1>	0.0644 0.9978 0.0184 0.0000	</row1>
					<row2>	0.9592 -0.0670 0.2747 0.0000	</row2>
					<row3>	-0.3090 0.2655 -6.4139 1.0000	</row3>
				</transform>
			</node>
			<node>
				<identifier>	MP_CM032_Propeller3_R	</identifier>
				<transform>
					<row0>	1.0000 0.0000 0.0000 0.0000	</row0>
					<row1>	0.0000 0.9992 -0.0411 0.0000	</row1>
					<row2>	0.0000 0.0411 0.9992 0.0000	</row2>
					<row3>	0.3482 -0.4734 -5.7004 1.0000	</row3>
				</transform>
			</node>
			<node>
				<identifier>	MP_CM032_Propeller3_R_INDEX_1	</identifier>
				<transform>
					<row0>	1.0000 0.0000 0.0000 0.0000	</row0>
					<row1>	0.0000 1.0000 0.0027 0.0000	</row1>
					<row2>	0.0000 -0.0027 1.0000 0.0000	</row2>
					<row3>	0.6282 -0.3487 -5.1642 1.0000	</row3>
				</transform>
			</node>
			<node>
				<identifier>	MP_JM007_Life_Buoy_box	</identifier>
				<transform>
					<row0>	0.2661 -0.0273 0.9636 0.0000	</row0>
					<row1>	0.1021 0.9948 0.0000 0.0000	</row1>
					<row2>	-0.9585 0.0984 0.2675 0.0000	</row2>
					<row3>	0.3871 0.2832 -6.1382 1.0000	</row3>
				</transform>
			</node>
			<node>
				<identifier>	MP_JM007_Life_Buoy_box_INDEX_1	</identifier>
				<transform>
					<row0>	0.2661 0.0273 -0.9636 0.0000	</row0>
					<row1>	-0.1021 0.9948 0.0000 0.0000	</row1>
					<row2>	0.9585 0.0984 0.2675 0.0000	</row2>
					<row3>	-0.3830 0.2832 -6.1382 1.0000	</row3>
				</transform>
			</node>
			<node>
				<identifier>	MP_JM014_Reels_2	</identifier>
				<transform>
					<row0>	0.0004 -0.0191 0.9998 0.0000	</row0>
					<row1>	-0.0017 0.9998 0.0191 0.0000	</row1>
					<row2>	-1.0000 -0.0017 0.0004 0.0000	</row2>
					<row3>	-0.1695 0.2668 -4.6455 1.0000	</row3>
				</transform>
			</node>
			<node>
				<identifier>	MP_JM014_Reels_2_INDEX_1	</identifier>
				<transform>
					<row0>	0.0004 -0.0191 0.9998 0.0000	</row0>
					<row1>	-0.0017 0.9998 0.0191 0.0000	</row1>
					<row2>	-1.0000 -0.0017 0.0004 0.0000	</row2>
					<row3>	0.1737 0.2668 -4.6455 1.0000	</row3>
				</transform>
			</node>
			<node>
				<identifier>	MP_JM018_Ventilators_2	</identifier>
				<transform>
					<row0>	0.5000 0.0000 0.0000 0.0000	</row0>
					<row1>	0.0000 0.5000 0.0000 0.0000	</row1>
					<row2>	0.0000 0.0000 0.5000 0.0000	</row2>
					<row3>	0.0021 0.2814 -5.4473 1.0000	</row3>
				</transform>
			</node>
			<node>
				<identifier>	MP_JM018_Ventilators_2_INDEX_1	</identifier>
				<transform>
					<row0>	-0.7000 0.0000 0.0000 0.0000	</row0>
					<row1>	0.0000 0.7000 0.0000 0.0000	</row1>
					<row2>	0.0000 0.0000 -0.7000 0.0000	</row2>
					<row3>	0.2832 0.2736 -4.9627 1.0000	</row3>
				</transform>
			</node>
			<node>
				<identifier>	MP_JM018_Ventilators_2_INDEX_2	</identifier>
				<transform>
					<row0>	-0.7000 0.0000 0.0000 0.0000	</row0>
					<row1>	0.0000 0.7000 0.0000 0.0000	</row1>
					<row2>	0.0000 0.0000 -0.7000 0.0000	</row2>
					<row3>	-0.2790 0.2736 -4.9627 1.0000	</row3>
				</transform>
			</node>
			<node>
				<identifier>	MP_JM018_Ventilators_2_INDEX_3	</identifier>
				<transform>
					<row0>	-0.7000 0.0000 0.0000 0.0000	</row0>
					<row1>	0.0000 0.7000 0.0000 0.0000	</row1>
					<row2>	0.0000 0.0000 -0.7000 0.0000	</row2>
					<row3>	-0.0961 0.2830 -5.5605 1.0000	</row3>
				</transform>
			</node>
			<node>
				<identifier>	MP_JM020_Ventilators_4	</identifier>
				<transform>
					<row0>	-0.8000 0.0000 0.0000 0.0000	</row0>
					<row1>	0.0000 0.8000 0.0000 0.0000	</row1>
					<row2>	0.0000 0.0000 -0.8000 0.0000	</row2>
					<row3>	-0.0754 0.2786 -5.3021 1.0000	</row3>
				</transform>
			</node>
			<node>
				<identifier>	MP_JM022_Ventilators_6	</identifier>
				<transform>
					<row0>	0.5000 0.0000 0.0000 0.0000	</row0>
					<row1>	0.0000 0.5000 0.0000 0.0000	</row1>
					<row2>	0.0000 0.0000 0.5000 0.0000	</row2>
					<row3>	0.1384 0.2840 -5.5837 1.0000	</row3>
				</transform>
			</node>
			<node>
				<identifier>	MP_JM022_Ventilators_6_INDEX_1	</identifier>
				<transform>
					<row0>	0.5000 0.0000 0.0000 0.0000	</row0>
					<row1>	0.0000 0.5000 0.0000 0.0000	</row1>
					<row2>	0.0000 0.0000 0.5000 0.0000	</row2>
					<row3>	0.2033 0.2781 -5.2090 1.0000	</row3>
				</transform>
			</node>
			<node>
				<identifier>	MP_JM026_Bollards	</identifier>
				<transform>
					<row0>	0.2605 0.0162 -0.9653 0.0000	</row0>
					<row1>	0.0000 0.9999 0.0168 0.0000	</row1>
					<row2>	0.9655 -0.0044 0.2605 0.0000	</row2>
					<row3>	-0.4665 0.2796 -5.6260 1.0000	</row3>
				</transform>
			</node>
			<node>
				<identifier>	MP_JM026_Bollards_INDEX_1	</identifier>
				<transform>
					<row0>	0.2605 -0.0162 0.9653 0.0000	</row0>
					<row1>	0.0000 0.9999 0.0168 0.0000	</row1>
					<row2>	-0.9655 -0.0044 0.2605 0.0000	</row2>
					<row3>	0.4707 0.2796 -5.6260 1.0000	</row3>
				</transform>
			</node>
			<node>
				<identifier>	MP_JM026_Bollards_INDEX_2	</identifier>
				<transform>
					<row0>	0.0000 0.0000 1.0000 0.0000	</row0>
					<row1>	0.0000 1.0000 0.0000 0.0000	</row1>
					<row2>	-1.0000 0.0000 0.0000 0.0000	</row2>
					<row3>	0.0021 0.2917 -7.0208 1.0000	</row3>
				</transform>
			</node>
			<node>
				<identifier>	MP_JM027_Fairlead_2	</identifier>
				<transform>
					<row0>	1.1495 0.0005 -0.3446 0.0000	</row0>
					<row1>	0.0035 0.9999 0.0131 0.0000	</row1>
					<row2>	0.2871 -0.0135 0.9578 0.0000	</row2>
					<row3>	0.1989 0.3040 -6.7318 1.0000	</row3>
				</transform>
			</node>
			<node>
				<identifier>	MP_JM027_Fairlead_2_INDEX_1	</identifier>
				<transform>
					<row0>	1.1824 0.0005 -0.2047 0.0000	</row0>
					<row1>	0.0019 0.9999 0.0134 0.0000	</row1>
					<row2>	0.1705 -0.0135 0.9853 0.0000	</row2>
					<row3>	0.6995 0.2801 -4.7836 1.0000	</row3>
				</transform>
			</node>
			<node>
				<identifier>	MP_JM027_Fairlead_2_INDEX_2	</identifier>
				<transform>
					<row0>	1.1824 -0.0005 0.2047 0.0000	</row0>
					<row1>	-0.0019 0.9999 0.0134 0.0000	</row1>
					<row2>	-0.1705 -0.0135 0.9853 0.0000	</row2>
					<row3>	-0.6953 0.2801 -4.7836 1.0000	</row3>
				</transform>
			</node>
			<node>
				<identifier>	MP_JM027_Fairlead_2_INDEX_3	</identifier>
				<transform>
					<row0>	1.1495 -0.0005 0.3446 0.0000	</row0>
					<row1>	-0.0035 0.9999 0.0131 0.0000	</row1>
					<row2>	-0.2871 -0.0135 0.9578 0.0000	</row2>
					<row3>	-0.1947 0.3040 -6.7318 1.0000	</row3>
				</transform>
			</node>
			<node>
				<identifier>	MP_JM044_After_Capstan	</identifier>
				<transform>
					<row0>	2.0000 0.0000 0.0000 0.0000	</row0>
					<row1>	0.0000 1.5000 0.0000 0.0000	</row1>
					<row2>	0.0000 0.0000 2.0000 0.0000	</row2>
					<row3>	0.0021 0.2732 -5.0965 1.0000	</row3>
				</transform>
			</node>
			<node>
				<identifier>	MP_JM055_Deck_Hatch_4	</identifier>
				<transform>
					<row0>	1.0000 0.0002 -0.0033 0.0000	</row0>
					<row1>	-0.0002 0.9999 0.0130 0.0000	</row1>
					<row2>	0.0033 -0.0130 0.9999 0.0000	</row2>
					<row3>	0.0819 0.2700 -4.7578 1.0000	</row3>
				</transform>
			</node>
			<node>
				<identifier>	MP_JM058_Deck_Hatch_7	</identifier>
				<transform>
					<row0>	0.0000 0.0000 -1.0000 0.0000	</row0>
					<row1>	0.0000 1.0000 0.0000 0.0000	</row1>
					<row2>	1.0000 0.0000 0.0000 0.0000	</row2>
					<row3>	-0.0306 0.2910 -6.4412 1.0000	</row3>
				</transform>
			</node>
			<node>
				<identifier>	MP_JM058_Deck_Hatch_7_INDEX_1	</identifier>
				<transform>
					<row0>	0.0000 0.0000 -1.0000 0.0000	</row0>
					<row1>	0.0000 1.0000 0.0000 0.0000	</row1>
					<row2>	1.0000 0.0000 0.0000 0.0000	</row2>
					<row3>	-0.2131 0.2893 -5.9706 1.0000	</row3>
				</transform>
			</node>
			<node>
				<identifier>	MP_JM058_Deck_Hatch_7_INDEX_2	</identifier>
				<transform>
					<row0>	1.0000 0.0000 0.0000 0.0000	</row0>
					<row1>	0.0000 1.0000 0.0000 0.0000	</row1>
					<row2>	0.0000 0.0000 1.0000 0.0000	</row2>
					<row3>	0.1100 0.2910 -6.2966 1.0000	</row3>
				</transform>
			</node>
			<node>
				<identifier>	MP_JM058_Deck_Hatch_7_INDEX_3	</identifier>
				<transform>
					<row0>	0.0000 0.0000 1.0000 0.0000	</row0>
					<row1>	0.0000 1.0000 0.0000 0.0000	</row1>
					<row2>	-1.0000 0.0000 0.0000 0.0000	</row2>
					<row3>	0.2099 0.2893 -5.9703 1.0000	</row3>
				</transform>
			</node>
			<node>
				<identifier>	MP_JM058_Deck_Hatch_7_INDEX_4	</identifier>
				<transform>
					<row0>	0.0000 0.0000 1.0000 0.0000	</row0>
					<row1>	0.0000 1.0000 0.0000 0.0000	</row1>
					<row2>	-1.0000 0.0000 0.0000 0.0000	</row2>
					<row3>	0.2325 0.2852 -5.7746 1.0000	</row3>
				</transform>
			</node>
			<node>
				<identifier>	MP_JM058_Deck_Hatch_7_INDEX_5	</identifier>
				<transform>
					<row0>	1.0000 0.0000 0.0000 0.0000	</row0>
					<row1>	0.0000 1.0000 0.0000 0.0000	</row1>
					<row2>	0.0000 0.0000 1.0000 0.0000	</row2>
					<row3>	-0.1100 0.2910 -6.2966 1.0000	</row3>
				</transform>
			</node>
			<node>
				<identifier>	MP_JM058_Deck_Hatch_7_INDEX_6	</identifier>
				<transform>
					<row0>	0.0000 0.0000 -1.0000 0.0000	</row0>
					<row1>	0.0000 1.0000 0.0000 0.0000	</row1>
					<row2>	1.0000 0.0000 0.0000 0.0000	</row2>
					<row3>	-0.2358 0.2881 -5.7749 1.0000	</row3>
				</transform>
			</node>
			<node>
				<identifier>	MP_JM059_Deck_Hatch_8	</identifier>
				<transform>
					<row0>	0.0000 0.0121 -0.9999 0.0000	</row0>
					<row1>	0.0000 0.9999 0.0121 0.0000	</row1>
					<row2>	1.0000 0.0000 0.0000 0.0000	</row2>
					<row3>	0.1541 0.2837 -5.7498 1.0000	</row3>
				</transform>
			</node>
			<node>
				<identifier>	MP_JM059_Deck_Hatch_8_INDEX_1	</identifier>
				<transform>
					<row0>	1.3000 -0.0005 -0.0039 0.0000	</row0>
					<row1>	0.0006 1.2999 0.0115 0.0000	</row1>
					<row2>	0.0039 -0.0115 1.2999 0.0000	</row2>
					<row3>	0.0227 0.2895 -6.4414 1.0000	</row3>
				</transform>
			</node>
			<node>
				<identifier>	MP_JM059_Deck_Hatch_8_INDEX_2	</identifier>
				<transform>
					<row0>	-0.0012 0.0228 -0.9997 0.0000	</row0>
					<row1>	-0.0022 0.9997 0.0228 0.0000	</row1>
					<row2>	1.0000 0.0023 -0.0012 0.0000	</row2>
					<row3>	0.2387 0.2804 -5.5030 1.0000	</row3>
				</transform>
			</node>
			<node>
				<identifier>	MP_JM059_Deck_Hatch_8_INDEX_3	</identifier>
				<transform>
					<row0>	1.0000 0.0000 0.0000 0.0000	</row0>
					<row1>	0.0000 1.0000 0.0000 0.0000	</row1>
					<row2>	0.0000 0.0000 1.0000 0.0000	</row2>
					<row3>	0.0021 0.2878 -5.8876 1.0000	</row3>
				</transform>
			</node>
			<node>
				<identifier>	MP_JM059_Deck_Hatch_8_INDEX_4	</identifier>
				<transform>
					<row0>	0.0000 0.0000 1.0000 0.0000	</row0>
					<row1>	0.0000 1.0000 0.0000 0.0000	</row1>
					<row2>	-1.0000 0.0000 0.0000 0.0000	</row2>
					<row3>	-0.1097 0.2837 -5.7639 1.0000	</row3>
				</transform>
			</node>
			<node>
				<identifier>	MP_JM061_Deck_Hatch_10	</identifier>
				<transform>
					<row0>	1.0000 -0.0012 -0.0054 0.0000	</row0>
					<row1>	0.0013 0.9998 0.0178 0.0000	</row1>
					<row2>	0.0054 -0.0178 0.9998 0.0000	</row2>
					<row3>	-0.0948 0.2777 -5.2123 1.0000	</row3>
				</transform>
			</node>
			<node>
				<identifier>	MP_JM061_Deck_Hatch_10_INDEX_1	</identifier>
				<transform>
					<row0>	-1.0000 0.0000 0.0006 0.0000	</row0>
					<row1>	0.0000 1.0000 0.0047 0.0000	</row1>
					<row2>	-0.0006 0.0047 -1.0000 0.0000	</row2>
					<row3>	0.0021 0.2882 -6.0660 1.0000	</row3>
				</transform>
			</node>
			<node>
				<identifier>	MP_JM062_Deck_Hatch_11	</identifier>
				<transform>
					<row0>	1.2000 0.0000 0.0000 0.0000	</row0>
					<row1>	0.0000 1.2000 0.0000 0.0000	</row1>
					<row2>	0.0000 0.0000 1.2000 0.0000	</row2>
					<row3>	-0.0699 0.2731 -4.9860 1.0000	</row3>
				</transform>
			</node>
			<node>
				<identifier>	MP_JM062_Deck_Hatch_11_INDEX_1	</identifier>
				<transform>
					<row0>	1.2000 0.0000 0.0000 0.0000	</row0>
					<row1>	0.0000 1.2000 0.0000 0.0000	</row1>
					<row2>	0.0000 0.0000 1.2000 0.0000	</row2>
					<row3>	0.0021 0.2936 -6.8075 1.0000	</row3>
				</transform>
			</node>
			<node>
				<identifier>	MP_JM081_Gun_Deck_1	</identifier>
				<transform>
					<row0>	0.0000 0.0000 1.0000 0.0000	</row0>
					<row1>	0.0000 1.0000 0.0000 0.0000	</row1>
					<row2>	-1.0000 0.0000 0.0000 0.0000	</row2>
					<row3>	0.2092 0.2907 -6.4324 1.0000	</row3>
				</transform>
			</node>
			<node>
				<identifier>	MP_JM081_Gun_Deck_1_INDEX_1	</identifier>
				<transform>
					<row0>	0.0000 0.0000 -1.0000 0.0000	</row0>
					<row1>	0.0000 1.0000 0.0000 0.0000	</row1>
					<row2>	1.0000 0.0000 0.0000 0.0000	</row2>
					<row3>	-0.2092 0.2907 -6.4324 1.0000	</row3>
				</transform>
			</node>
			<node>
				<identifier>	MP_JM081_Gun_Deck_1_INDEX_2	</identifier>
				<transform>
					<row0>	1.0000 0.0000 0.0000 0.0000	</row0>
					<row1>	0.0000 1.0000 0.0000 0.0000	</row1>
					<row2>	0.0000 0.0000 1.0000 0.0000	</row2>
					<row3>	0.0000 0.2940 -6.6525 1.0000	</row3>
				</transform>
			</node>
			<node>
				<identifier>	MP_JM125_Signal_Lamp_3	</identifier>
				<transform>
					<row0>	1.5000 0.0000 0.0000 0.0000	</row0>
					<row1>	0.0000 1.4859 -0.2055 0.0000	</row1>
					<row2>	0.0000 0.2055 1.4859 0.0000	</row2>
					<row3>	0.0021 0.4480 -7.3078 1.0000	</row3>
				</transform>
			</node>
			<node>
				<identifier>	MP_JM161_Ventilation	</identifier>
				<transform>
					<row0>	0.8000 -0.0035 0.0015 0.0000	</row0>
					<row1>	0.0034 0.7999 0.0088 0.0000	</row1>
					<row2>	-0.0015 -0.0088 0.8000 0.0000	</row2>
					<row3>	0.0021 0.2506 -5.7063 1.0000	</row3>
				</transform>
			</node>
		</node>
	</node>
	<boundingBox>
		<min>	-0.0667 -0.0667 -0.0667	</min>
		<max>	0.0667 0.0667 0.0667	</max>
	</boundingBox>
</JSB010_Nagato_1944_Stern_ports.visual>
