<SGB012_Depth_Charge_Shelving_lod3.visual>
	<node>
		<identifier>	Scene Root	</identifier>
		<transform>
			<row0>	1.0000 0.0000 0.0000 0.0000	</row0>
			<row1>	0.0000 1.0000 0.0000 0.0000	</row1>
			<row2>	0.0000 0.0000 1.0000 0.0000	</row2>
			<row3>	0.0000 0.0000 0.0000 1.0000	</row3>
		</transform>
		<node>
			<identifier>	Root	</identifier>
			<transform>
				<row0>	1.0000 0.0000 0.0000 0.0000	</row0>
				<row1>	0.0000 1.0000 0.0000 0.0000	</row1>
				<row2>	0.0000 0.0000 1.0000 0.0000	</row2>
				<row3>	0.0000 0.0000 0.0000 1.0000	</row3>
			</transform>
			<node>
				<identifier>	Cap1	</identifier>
				<transform>
					<row0>	-0.8192 -0.5736 0.0000 0.0000	</row0>
					<row1>	0.5736 -0.8192 0.0000 0.0000	</row1>
					<row2>	0.0000 0.0000 1.0000 0.0000	</row2>
					<row3>	-0.0321 0.0147 0.0470 1.0000	</row3>
				</transform>
				<node>
					<identifier>	Cap1_BlendBone	</identifier>
					<transform>
						<row0>	-0.8192 0.5736 0.0000 0.0000	</row0>
						<row1>	-0.5736 -0.8192 0.0000 0.0000	</row1>
						<row2>	0.0000 0.0000 -1.0000 0.0000	</row2>
						<row3>	-0.0178 0.0305 -0.0470 1.0000	</row3>
					</transform>
				</node>
			</node>
			<node>
				<identifier>	Cap2	</identifier>
				<transform>
					<row0>	-0.8192 -0.5736 0.0000 0.0000	</row0>
					<row1>	0.5736 -0.8192 0.0000 0.0000	</row1>
					<row2>	0.0000 0.0000 1.0000 0.0000	</row2>
					<row3>	-0.0321 0.0147 0.0157 1.0000	</row3>
				</transform>
				<node>
					<identifier>	Cap2_BlendBone	</identifier>
					<transform>
						<row0>	-0.8192 0.5736 0.0000 0.0000	</row0>
						<row1>	-0.5736 -0.8192 0.0000 0.0000	</row1>
						<row2>	0.0000 0.0000 -1.0000 0.0000	</row2>
						<row3>	-0.0178 0.0305 -0.0157 1.0000	</row3>
					</transform>
				</node>
			</node>
			<node>
				<identifier>	Cap3	</identifier>
				<transform>
					<row0>	-0.8192 -0.5736 0.0000 0.0000	</row0>
					<row1>	0.5736 -0.8192 0.0000 0.0000	</row1>
					<row2>	0.0000 0.0000 1.0000 0.0000	</row2>
					<row3>	-0.0321 0.0147 -0.0157 1.0000	</row3>
				</transform>
				<node>
					<identifier>	Cap3_BlendBone	</identifier>
					<transform>
						<row0>	-0.8192 0.5736 0.0000 0.0000	</row0>
						<row1>	-0.5736 -0.8192 0.0000 0.0000	</row1>
						<row2>	0.0000 0.0000 -1.0000 0.0000	</row2>
						<row3>	-0.0178 0.0305 0.0157 1.0000	</row3>
					</transform>
				</node>
			</node>
			<node>
				<identifier>	Cap4	</identifier>
				<transform>
					<row0>	-0.8192 -0.5736 0.0000 0.0000	</row0>
					<row1>	0.5736 -0.8192 0.0000 0.0000	</row1>
					<row2>	0.0000 0.0000 1.0000 0.0000	</row2>
					<row3>	-0.0321 0.0147 -0.0470 1.0000	</row3>
				</transform>
				<node>
					<identifier>	Cap4_BlendBone	</identifier>
					<transform>
						<row0>	-0.8192 0.5736 0.0000 0.0000	</row0>
						<row1>	-0.5736 -0.8192 0.0000 0.0000	</row1>
						<row2>	0.0000 0.0000 -1.0000 0.0000	</row2>
						<row3>	-0.0178 0.0305 0.0470 1.0000	</row3>
					</transform>
				</node>
			</node>
			<node>
				<identifier>	HP_gunFire1	</identifier>
				<transform>
					<row0>	0.0000 0.0000 1.0000 0.0000	</row0>
					<row1>	-0.5736 0.8192 0.0000 0.0000	</row1>
					<row2>	-0.8192 -0.5736 0.0000 0.0000	</row2>
					<row3>	-0.0409 0.0302 0.0470 1.0000	</row3>
				</transform>
			</node>
			<node>
				<identifier>	HP_gunFire2	</identifier>
				<transform>
					<row0>	0.0000 0.0000 1.0000 0.0000	</row0>
					<row1>	-0.5736 0.8192 0.0000 0.0000	</row1>
					<row2>	-0.8192 -0.5736 0.0000 0.0000	</row2>
					<row3>	-0.0409 0.0302 0.0157 1.0000	</row3>
				</transform>
			</node>
			<node>
				<identifier>	HP_gunFire3	</identifier>
				<transform>
					<row0>	0.0000 0.0000 1.0000 0.0000	</row0>
					<row1>	-0.5736 0.8192 0.0000 0.0000	</row1>
					<row2>	-0.8192 -0.5736 0.0000 0.0000	</row2>
					<row3>	-0.0409 0.0302 -0.0157 1.0000	</row3>
				</transform>
			</node>
			<node>
				<identifier>	HP_gunFire4	</identifier>
				<transform>
					<row0>	0.0000 0.0000 1.0000 0.0000	</row0>
					<row1>	-0.5736 0.8192 0.0000 0.0000	</row1>
					<row2>	-0.8192 -0.5736 0.0000 0.0000	</row2>
					<row3>	-0.0409 0.0302 -0.0470 1.0000	</row3>
				</transform>
			</node>
			<node>
				<identifier>	Root_BlendBone	</identifier>
				<transform>
					<row0>	1.0000 0.0000 0.0000 0.0000	</row0>
					<row1>	0.0000 1.0000 0.0000 0.0000	</row1>
					<row2>	0.0000 0.0000 -1.0000 0.0000	</row2>
					<row3>	0.0000 0.0000 0.0000 1.0000	</row3>
				</transform>
			</node>
		</node>
		<node>
			<identifier>	Turret	</identifier>
			<transform>
				<row0>	1.0000 0.0000 0.0000 0.0000	</row0>
				<row1>	0.0000 1.0000 0.0000 0.0000	</row1>
				<row2>	0.0000 0.0000 1.0000 0.0000	</row2>
				<row3>	0.0000 0.0000 0.0000 1.0000	</row3>
			</transform>
		</node>
	</node>
	<renderSet>
		<treatAsWorldSpaceObject>	true	</treatAsWorldSpaceObject>
		<node>	Root_BlendBone	</node>
		<node>	Cap3_BlendBone	</node>
		<geometry>
			<vertices>	Turret_lod3Shape.vertices	</vertices>
			<primitive>	Turret_lod3Shape.indices	</primitive>
			<primitiveGroup>	0
				<material>
					<identifier>	TL2_SHIPMAT_PBS_Gun_skinned	</identifier>
					<mfm>	PnFMods/ModsSDK.zip/SSD510_Alvaro_de_Bazan/gun/SGB012_Depth_Charge_Shelving_skinned.mfm	</mfm>
				</material>
			</primitiveGroup>
		</geometry>
	</renderSet>
	<boundingBox>
		<min>	-0.0375 0.0101 -0.0654	</min>
		<max>	0.0125 0.0529 0.0654	</max>
	</boundingBox>
</SGB012_Depth_Charge_Shelving_lod3.visual>
