<ASB079_Illinois_1953_Bow_ports.visual>
	<node>
		<identifier>	Scene Root	</identifier>
		<transform>
			<row0>	1.0000 0.0000 0.0000 0.0000	</row0>
			<row1>	0.0000 1.0000 0.0000 0.0000	</row1>
			<row2>	0.0000 0.0000 1.0000 0.0000	</row2>
			<row3>	0.0000 0.0000 0.0000 1.0000	</row3>
		</transform>
		<node>
			<identifier>	Bow_ports	</identifier>
			<transform>
				<row0>	1.0000 0.0000 0.0000 0.0000	</row0>
				<row1>	0.0000 1.0000 0.0000 0.0000	</row1>
				<row2>	0.0000 0.0000 1.0000 0.0000	</row2>
				<row3>	0.0000 0.0000 0.0000 1.0000	</row3>
			</transform>
			<node>
				<identifier>	HP_AD_1	</identifier>
				<transform>
					<row0>	0.7071 0.0000 0.7071 0.0000	</row0>
					<row1>	0.0000 1.0000 0.0000 0.0000	</row1>
					<row2>	-0.7071 0.0000 0.7071 0.0000	</row2>
					<row3>	-0.1268 0.5152 5.7668 1.0000	</row3>
				</transform>
			</node>
			<node>
				<identifier>	HP_AD_2	</identifier>
				<transform>
					<row0>	0.7071 0.0000 -0.7071 0.0000	</row0>
					<row1>	0.0000 1.0000 0.0000 0.0000	</row1>
					<row2>	0.7071 0.0000 0.7071 0.0000	</row2>
					<row3>	0.1268 0.5152 5.7668 1.0000	</row3>
				</transform>
			</node>
			<node>
				<identifier>	HP_AGA_1	</identifier>
				<transform>
					<row0>	0.7071 0.0000 0.7071 0.0000	</row0>
					<row1>	0.0000 1.0000 0.0000 0.0000	</row1>
					<row2>	-0.7071 0.0000 0.7071 0.0000	</row2>
					<row3>	-0.2929 0.3930 5.9436 1.0000	</row3>
				</transform>
			</node>
			<node>
				<identifier>	HP_AGA_2	</identifier>
				<transform>
					<row0>	0.7071 0.0000 -0.7071 0.0000	</row0>
					<row1>	0.0000 1.0000 0.0000 0.0000	</row1>
					<row2>	0.7071 0.0000 0.7071 0.0000	</row2>
					<row3>	0.2929 0.3930 5.9436 1.0000	</row3>
				</transform>
			</node>
			<node>
				<identifier>	HP_AGM_1	</identifier>
				<transform>
					<row0>	1.0000 0.0000 0.0000 0.0000	</row0>
					<row1>	0.0000 1.0000 0.0000 0.0000	</row1>
					<row2>	0.0000 0.0000 1.0000 0.0000	</row2>
					<row3>	0.0000 0.3684 4.1706 1.0000	</row3>
				</transform>
			</node>
			<node>
				<identifier>	HP_FX_Death_1	</identifier>
				<transform>
					<row0>	1.0000 0.0000 0.0000 0.0000	</row0>
					<row1>	0.0000 1.0000 0.0000 0.0000	</row1>
					<row2>	0.0000 0.0000 1.0000 0.0000	</row2>
					<row3>	0.0000 0.0000 4.2995 1.0000	</row3>
				</transform>
			</node>
			<node>
				<identifier>	HP_FX_Fire_1	</identifier>
				<transform>
					<row0>	1.0000 0.0000 0.0000 0.0000	</row0>
					<row1>	0.0000 1.0000 0.0000 0.0000	</row1>
					<row2>	0.0000 0.0000 1.0000 0.0000	</row2>
					<row3>	0.0000 0.4025 5.9772 1.0000	</row3>
				</transform>
			</node>
			<node>
				<identifier>	HP_FX_Flood_water_left_4	</identifier>
				<transform>
					<row0>	-0.9781 0.0000 0.2080 0.0000	</row0>
					<row1>	0.0000 1.0000 0.0000 0.0000	</row1>
					<row2>	-0.2080 0.0000 -0.9781 0.0000	</row2>
					<row3>	-0.5345 0.0707 5.1407 1.0000	</row3>
				</transform>
			</node>
			<node>
				<identifier>	HP_FX_Flood_water_right_4	</identifier>
				<transform>
					<row0>	0.9789 0.0000 0.2045 0.0000	</row0>
					<row1>	0.0000 1.0000 0.0000 0.0000	</row1>
					<row2>	-0.2045 0.0000 0.9789 0.0000	</row2>
					<row3>	0.5350 0.0728 5.1404 1.0000	</row3>
				</transform>
			</node>
			<node>
				<identifier>	HP_FX_RepairLight_left_1	</identifier>
				<transform>
					<row0>	0.1370 0.0000 0.9906 0.0000	</row0>
					<row1>	-0.1881 0.9818 0.0260 0.0000	</row1>
					<row2>	-0.9725 -0.1899 0.1345 0.0000	</row2>
					<row3>	-0.8439 0.3276 3.7122 1.0000	</row3>
				</transform>
			</node>
			<node>
				<identifier>	HP_FX_RepairLight_right_2	</identifier>
				<transform>
					<row0>	0.1634 0.0000 -0.9866 0.0000	</row0>
					<row1>	0.1949 0.9803 0.0323 0.0000	</row1>
					<row2>	0.9671 -0.1975 0.1602 0.0000	</row2>
					<row3>	0.7752 0.3364 4.2075 1.0000	</row3>
				</transform>
			</node>
			<node>
				<identifier>	HP_FX_WakeTrace	</identifier>
				<transform>
					<row0>	1.0000 0.0000 0.0000 0.0000	</row0>
					<row1>	0.0000 1.0000 0.0000 0.0000	</row1>
					<row2>	0.0000 0.0000 1.0000 0.0000	</row2>
					<row3>	0.0000 0.0000 8.7122 1.0000	</row3>
				</transform>
			</node>
			<node>
				<identifier>	HP_Ship_death_1	</identifier>
				<transform>
					<row0>	1.0000 0.0000 0.0000 0.0000	</row0>
					<row1>	0.0000 1.0000 0.0000 0.0000	</row1>
					<row2>	0.0000 0.0000 1.0000 0.0000	</row2>
					<row3>	0.0000 0.0000 3.6908 1.0000	</row3>
				</transform>
			</node>
			<node>
				<identifier>	MP_AM010_Speaker_1	</identifier>
				<transform>
					<row0>	1.0000 0.0000 0.0000 0.0000	</row0>
					<row1>	0.0000 1.0000 0.0000 0.0000	</row1>
					<row2>	0.0000 0.0000 1.0000 0.0000	</row2>
					<row3>	-0.2919 0.4927 5.7424 1.0000	</row3>
				</transform>
			</node>
			<node>
				<identifier>	MP_AM010_Speaker_1_INDEX_1	</identifier>
				<transform>
					<row0>	1.0000 0.0000 0.0000 0.0000	</row0>
					<row1>	0.0000 1.0000 0.0000 0.0000	</row1>
					<row2>	0.0000 0.0000 1.0000 0.0000	</row2>
					<row3>	0.2919 0.4927 5.7424 1.0000	</row3>
				</transform>
			</node>
			<node>
				<identifier>	MP_AM021_Ventilators_3	</identifier>
				<transform>
					<row0>	0.8426 0.0000 0.0000 0.0000	</row0>
					<row1>	0.0000 0.8426 0.0000 0.0000	</row1>
					<row2>	0.0000 0.0000 0.8426 0.0000	</row2>
					<row3>	0.1443 0.4052 6.1127 1.0000	</row3>
				</transform>
			</node>
			<node>
				<identifier>	MP_AM021_Ventilators_3_INDEX_1	</identifier>
				<transform>
					<row0>	0.5322 0.0000 0.0000 0.0000	</row0>
					<row1>	0.0000 0.5322 0.0000 0.0000	</row1>
					<row2>	0.0000 0.0000 0.5322 0.0000	</row2>
					<row3>	0.0815 0.4166 6.2648 1.0000	</row3>
				</transform>
			</node>
			<node>
				<identifier>	MP_AM021_Ventilators_3_INDEX_2	</identifier>
				<transform>
					<row0>	1.0000 0.0000 0.0000 0.0000	</row0>
					<row1>	0.0000 1.0000 0.0000 0.0000	</row1>
					<row2>	0.0000 0.0000 1.0000 0.0000	</row2>
					<row3>	-0.0405 0.4189 6.3378 1.0000	</row3>
				</transform>
			</node>
			<node>
				<identifier>	MP_AM023_Hatch_1	</identifier>
				<transform>
					<row0>	0.0000 0.0000 -1.0000 0.0000	</row0>
					<row1>	0.0000 1.0000 0.0000 0.0000	</row1>
					<row2>	1.0000 0.0000 0.0000 0.0000	</row2>
					<row3>	-0.1376 0.5710 8.3029 1.0000	</row3>
				</transform>
			</node>
			<node>
				<identifier>	MP_AM023_Hatch_1_INDEX_1	</identifier>
				<transform>
					<row0>	0.0000 0.0000 -1.0000 0.0000	</row0>
					<row1>	0.0000 1.0000 0.0000 0.0000	</row1>
					<row2>	1.0000 0.0000 0.0000 0.0000	</row2>
					<row3>	0.1199 0.5304 7.8145 1.0000	</row3>
				</transform>
			</node>
			<node>
				<identifier>	MP_AM023_Hatch_1_INDEX_2	</identifier>
				<transform>
					<row0>	0.0000 0.0000 -1.0000 0.0000	</row0>
					<row1>	0.0000 1.0000 0.0000 0.0000	</row1>
					<row2>	1.0000 0.0000 0.0000 0.0000	</row2>
					<row3>	0.0460 0.4322 6.5065 1.0000	</row3>
				</transform>
			</node>
			<node>
				<identifier>	MP_AM077_Paravane	</identifier>
				<transform>
					<row0>	1.0000 0.0000 0.0000 0.0000	</row0>
					<row1>	0.0000 1.0000 0.0000 0.0000	</row1>
					<row2>	0.0000 0.0000 1.0000 0.0000	</row2>
					<row3>	-0.3290 0.3911 5.6411 1.0000	</row3>
				</transform>
			</node>
			<node>
				<identifier>	MP_AM077_Paravane_INDEX_1	</identifier>
				<transform>
					<row0>	1.0000 0.0000 0.0000 0.0000	</row0>
					<row1>	0.0000 1.0000 0.0000 0.0000	</row1>
					<row2>	0.0000 0.0000 1.0000 0.0000	</row2>
					<row3>	0.3290 0.3911 5.6411 1.0000	</row3>
				</transform>
			</node>
			<node>
				<identifier>	MP_AM108_Reels_4	</identifier>
				<transform>
					<row0>	0.4000 0.0016 -0.0002 0.0000	</row0>
					<row1>	-0.0016 0.3998 -0.0112 0.0000	</row1>
					<row2>	0.0001 0.0112 0.3998 0.0000	</row2>
					<row3>	0.2439 0.3510 5.0228 1.0000	</row3>
				</transform>
			</node>
			<node>
				<identifier>	MP_AM108_Reels_4_INDEX_1	</identifier>
				<transform>
					<row0>	0.4000 0.0016 -0.0002 0.0000	</row0>
					<row1>	-0.0016 0.3998 -0.0112 0.0000	</row1>
					<row2>	0.0001 0.0112 0.3998 0.0000	</row2>
					<row3>	0.1708 0.3524 5.0617 1.0000	</row3>
				</transform>
			</node>
			<node>
				<identifier>	MP_AM108_Reels_4_INDEX_2	</identifier>
				<transform>
					<row0>	0.4000 -0.0007 0.0002 0.0000	</row0>
					<row1>	0.0007 0.3998 -0.0112 0.0000	</row1>
					<row2>	-0.0001 0.0112 0.3998 0.0000	</row2>
					<row3>	-0.1475 0.3521 5.0518 1.0000	</row3>
				</transform>
			</node>
			<node>
				<identifier>	MP_AM108_Reels_4_INDEX_3	</identifier>
				<transform>
					<row0>	0.4000 0.0016 -0.0002 0.0000	</row0>
					<row1>	-0.0016 0.3998 -0.0129 0.0000	</row1>
					<row2>	0.0001 0.0129 0.3998 0.0000	</row2>
					<row3>	-0.3500 0.3509 5.0126 1.0000	</row3>
				</transform>
			</node>
			<node>
				<identifier>	MP_AM157_Telephone	</identifier>
				<transform>
					<row0>	-0.6841 0.0000 0.7294 0.0000	</row0>
					<row1>	0.0000 1.0000 0.0000 0.0000	</row1>
					<row2>	-0.7294 0.0000 -0.6841 0.0000	</row2>
					<row3>	-0.1750 0.5776 5.7390 1.0000	</row3>
				</transform>
			</node>
			<node>
				<identifier>	MP_AM157_Telephone_INDEX_1	</identifier>
				<transform>
					<row0>	-0.6841 0.0000 -0.7294 0.0000	</row0>
					<row1>	0.0000 1.0000 0.0000 0.0000	</row1>
					<row2>	0.7294 0.0000 -0.6841 0.0000	</row2>
					<row3>	0.1750 0.5776 5.7390 1.0000	</row3>
				</transform>
			</node>
			<node>
				<identifier>	MP_AM161_Anchor_top	</identifier>
				<transform>
					<row0>	0.9171 -0.0782 -0.3936 0.0000	</row0>
					<row1>	-0.2729 0.5982 -0.7548 0.0000	</row1>
					<row2>	0.3785 1.0278 0.6777 0.0000	</row2>
					<row3>	0.1580 0.4813 8.9765 1.0000	</row3>
				</transform>
			</node>
			<node>
				<identifier>	MP_AM161_Anchor_top_INDEX_1	</identifier>
				<transform>
					<row0>	0.9171 0.0782 0.3936 0.0000	</row0>
					<row1>	0.2729 0.5982 -0.7548 0.0000	</row1>
					<row2>	-0.3785 1.0278 0.6777 0.0000	</row2>
					<row3>	-0.1580 0.4813 8.9765 1.0000	</row3>
				</transform>
			</node>
			<node>
				<identifier>	MP_AM162_Anchor_down	</identifier>
				<transform>
					<row0>	1.2077 0.4476 -0.0043 0.0000	</row0>
					<row1>	-0.2389 0.6342 -1.0953 0.0000	</row1>
					<row2>	-0.3785 1.0278 0.6777 0.0000	</row2>
					<row3>	-0.1581 0.4913 8.9614 1.0000	</row3>
				</transform>
			</node>
			<node>
				<identifier>	MP_AM162_Anchor_down_INDEX_1	</identifier>
				<transform>
					<row0>	1.2077 -0.4476 0.0043 0.0000	</row0>
					<row1>	0.2389 0.6342 -1.0953 0.0000	</row1>
					<row2>	0.3785 1.0278 0.6777 0.0000	</row2>
					<row3>	0.1581 0.4913 8.9614 1.0000	</row3>
				</transform>
			</node>
			<node>
				<identifier>	MP_AM2026_Ammunition_Box	</identifier>
				<transform>
					<row0>	-0.9180 0.0179 0.3961 0.0000	</row0>
					<row1>	-0.0059 0.9983 -0.0587 0.0000	</row1>
					<row2>	-0.3965 -0.0562 -0.9163 0.0000	</row2>
					<row3>	-0.2028 0.4111 6.1520 1.0000	</row3>
				</transform>
			</node>
			<node>
				<identifier>	MP_AM2026_Ammunition_Box_INDEX_1	</identifier>
				<transform>
					<row0>	-0.9180 -0.0179 -0.3961 0.0000	</row0>
					<row1>	0.0059 0.9983 -0.0587 0.0000	</row1>
					<row2>	0.3965 -0.0562 -0.9163 0.0000	</row2>
					<row3>	0.2028 0.4111 6.1520 1.0000	</row3>
				</transform>
			</node>
			<node>
				<identifier>	MP_AM2026_Ammunition_Box_INDEX_2	</identifier>
				<transform>
					<row0>	-0.9180 -0.0179 -0.3961 0.0000	</row0>
					<row1>	0.0059 0.9983 -0.0587 0.0000	</row1>
					<row2>	0.3965 -0.0562 -0.9163 0.0000	</row2>
					<row3>	0.2515 0.4121 6.1730 1.0000	</row3>
				</transform>
			</node>
			<node>
				<identifier>	MP_AM2026_Ammunition_Box_INDEX_3	</identifier>
				<transform>
					<row0>	-0.9180 0.0179 0.3961 0.0000	</row0>
					<row1>	-0.0059 0.9983 -0.0587 0.0000	</row1>
					<row2>	-0.3965 -0.0562 -0.9163 0.0000	</row2>
					<row3>	-0.2515 0.4121 6.1730 1.0000	</row3>
				</transform>
			</node>
			<node>
				<identifier>	MP_AM219_Bollard	</identifier>
				<transform>
					<row0>	-1.1690 -0.0072 -0.0806 0.0000	</row0>
					<row1>	0.0000 1.1672 -0.1043 0.0000	</row1>
					<row2>	0.0809 -0.1041 -1.1644 0.0000	</row2>
					<row3>	0.1799 0.5920 8.4919 1.0000	</row3>
				</transform>
			</node>
			<node>
				<identifier>	MP_AM219_Bollard_INDEX_1	</identifier>
				<transform>
					<row0>	-1.1542 0.0035 0.2026 0.0000	</row0>
					<row1>	-0.0038 1.1711 -0.0422 0.0000	</row1>
					<row2>	-0.2026 -0.0422 -1.1534 0.0000	</row2>
					<row3>	-0.6312 0.3371 4.6651 1.0000	</row3>
				</transform>
			</node>
			<node>
				<identifier>	MP_AM219_Bollard_INDEX_2	</identifier>
				<transform>
					<row0>	1.1676 0.0036 0.0999 0.0000	</row0>
					<row1>	0.0039 1.1685 -0.0884 0.0000	</row1>
					<row2>	-0.0999 0.0884 1.1642 0.0000	</row2>
					<row3>	0.2977 0.4736 7.0459 1.0000	</row3>
				</transform>
			</node>
			<node>
				<identifier>	MP_AM219_Bollard_INDEX_3	</identifier>
				<transform>
					<row0>	1.1676 -0.0036 -0.0999 0.0000	</row0>
					<row1>	-0.0039 1.1685 -0.0884 0.0000	</row1>
					<row2>	0.0999 0.0884 1.1642 0.0000	</row2>
					<row3>	-0.2977 0.4736 7.0459 1.0000	</row3>
				</transform>
			</node>
			<node>
				<identifier>	MP_AM219_Bollard_INDEX_4	</identifier>
				<transform>
					<row0>	-1.1690 0.0072 0.0806 0.0000	</row0>
					<row1>	0.0000 1.1672 -0.1043 0.0000	</row1>
					<row2>	-0.0809 -0.1041 -1.1644 0.0000	</row2>
					<row3>	-0.1799 0.5920 8.4919 1.0000	</row3>
				</transform>
			</node>
			<node>
				<identifier>	MP_AM219_Bollard_INDEX_5	</identifier>
				<transform>
					<row0>	-1.1542 -0.0035 -0.2026 0.0000	</row0>
					<row1>	0.0038 1.1711 -0.0422 0.0000	</row1>
					<row2>	0.2026 -0.0422 -1.1534 0.0000	</row2>
					<row3>	0.6312 0.3371 4.6651 1.0000	</row3>
				</transform>
			</node>
			<node>
				<identifier>	MP_AM442_Multipole_Switch	</identifier>
				<transform>
					<row0>	0.6859 0.0000 0.7277 0.0000	</row0>
					<row1>	0.0000 1.0000 0.0000 0.0000	</row1>
					<row2>	-0.7277 0.0000 0.6859 0.0000	</row2>
					<row3>	0.1960 0.5725 5.7615 1.0000	</row3>
				</transform>
			</node>
			<node>
				<identifier>	MP_AM442_Multipole_Switch_INDEX_1	</identifier>
				<transform>
					<row0>	0.1265 0.0000 0.9920 0.0000	</row0>
					<row1>	0.0000 1.0000 0.0000 0.0000	</row1>
					<row2>	-0.9920 0.0000 0.1265 0.0000	</row2>
					<row3>	-0.1087 0.4570 5.9269 1.0000	</row3>
				</transform>
			</node>
			<node>
				<identifier>	MP_AM442_Multipole_Switch_INDEX_2	</identifier>
				<transform>
					<row0>	0.1265 0.0000 -0.9920 0.0000	</row0>
					<row1>	0.0000 1.0000 0.0000 0.0000	</row1>
					<row2>	0.9920 0.0000 0.1265 0.0000	</row2>
					<row3>	0.1087 0.4570 5.9269 1.0000	</row3>
				</transform>
			</node>
			<node>
				<identifier>	MP_AM442_Multipole_Switch_INDEX_3	</identifier>
				<transform>
					<row0>	0.6859 0.0000 -0.7277 0.0000	</row0>
					<row1>	0.0000 1.0000 0.0000 0.0000	</row1>
					<row2>	0.7277 0.0000 0.6859 0.0000	</row2>
					<row3>	-0.1960 0.5725 5.7615 1.0000	</row3>
				</transform>
			</node>
			<node>
				<identifier>	MP_AM720_Helmets_Rack	</identifier>
				<transform>
					<row0>	-0.1310 0.0000 -0.9914 0.0000	</row0>
					<row1>	0.0000 1.0000 0.0000 0.0000	</row1>
					<row2>	0.9914 0.0000 -0.1310 0.0000	</row2>
					<row3>	-0.1061 0.4353 5.9296 1.0000	</row3>
				</transform>
			</node>
			<node>
				<identifier>	MP_AM720_Helmets_Rack_INDEX_1	</identifier>
				<transform>
					<row0>	-0.1310 0.0000 0.9914 0.0000	</row0>
					<row1>	0.0000 1.0000 0.0000 0.0000	</row1>
					<row2>	-0.9914 0.0000 -0.1310 0.0000	</row2>
					<row3>	0.1061 0.4353 5.9296 1.0000	</row3>
				</transform>
			</node>
			<node>
				<identifier>	MP_AM749_Hatch	</identifier>
				<transform>
					<row0>	1.0000 0.0000 0.0000 0.0000	</row0>
					<row1>	0.0000 1.0000 0.0000 0.0000	</row1>
					<row2>	0.0000 0.0000 1.0000 0.0000	</row2>
					<row3>	-0.0508 0.4040 6.2313 1.0000	</row3>
				</transform>
			</node>
			<node>
				<identifier>	MP_CM011_Fire_Fighting_Gear	</identifier>
				<transform>
					<row0>	-1.0000 0.0000 0.0000 0.0000	</row0>
					<row1>	0.0000 1.0000 0.0000 0.0000	</row1>
					<row2>	0.0000 0.0000 -1.0000 0.0000	</row2>
					<row3>	-0.1579 0.5800 8.3513 1.0000	</row3>
				</transform>
			</node>
			<node>
				<identifier>	MP_CM011_Fire_Fighting_Gear_INDEX_1	</identifier>
				<transform>
					<row0>	-1.0000 0.0000 0.0000 0.0000	</row0>
					<row1>	0.0000 1.0000 0.0000 0.0000	</row1>
					<row2>	0.0000 0.0000 -1.0000 0.0000	</row2>
					<row3>	0.0971 0.5382 7.8584 1.0000	</row3>
				</transform>
			</node>
			<node>
				<identifier>	MP_CM012_Fire_Hose_Rack_1	</identifier>
				<transform>
					<row0>	0.1050 -0.8471 0.5209 0.0000	</row0>
					<row1>	0.1734 0.5314 0.8292 0.0000	</row1>
					<row2>	-0.9792 0.0032 0.2026 0.0000	</row2>
					<row3>	0.1369 0.3930 5.1500 1.0000	</row3>
				</transform>
			</node>
			<node>
				<identifier>	MP_CM012_Fire_Hose_Rack_1_INDEX_1	</identifier>
				<transform>
					<row0>	-0.1050 -0.8471 0.5209 0.0000	</row0>
					<row1>	-0.1734 0.5314 0.8292 0.0000	</row1>
					<row2>	-0.9792 -0.0032 -0.2026 0.0000	</row2>
					<row3>	-0.1361 0.3930 5.1502 1.0000	</row3>
				</transform>
			</node>
			<node>
				<identifier>	MP_CM012_Fire_Hose_Rack_1_INDEX_2	</identifier>
				<transform>
					<row0>	0.0039 -0.8456 0.5339 0.0000	</row0>
					<row1>	-0.0029 0.5339 0.8456 0.0000	</row1>
					<row2>	-1.0000 -0.0049 -0.0004 0.0000	</row2>
					<row3>	0.0015 0.3932 5.1622 1.0000	</row3>
				</transform>
			</node>
			<node>
				<identifier>	MP_CM029_Emergency_Box	</identifier>
				<transform>
					<row0>	-0.1387 0.0000 0.9903 0.0000	</row0>
					<row1>	0.0000 1.0000 0.0000 0.0000	</row1>
					<row2>	-0.9903 0.0000 -0.1387 0.0000	</row2>
					<row3>	-0.1019 0.4742 5.9669 1.0000	</row3>
				</transform>
			</node>
			<node>
				<identifier>	MP_CM029_Emergency_Box_INDEX_1	</identifier>
				<transform>
					<row0>	-0.1387 0.0000 -0.9903 0.0000	</row0>
					<row1>	0.0000 1.0000 0.0000 0.0000	</row1>
					<row2>	0.9903 0.0000 -0.1387 0.0000	</row2>
					<row3>	0.1019 0.4742 5.9669 1.0000	</row3>
				</transform>
			</node>
			<node>
				<identifier>	MP_CM104_Life_Buoy	</identifier>
				<transform>
					<row0>	0.6855 0.0000 -0.7281 0.0000	</row0>
					<row1>	0.0000 1.0000 0.0000 0.0000	</row1>
					<row2>	0.7281 0.0000 0.6855 0.0000	</row2>
					<row3>	-0.1828 0.5661 5.7435 1.0000	</row3>
				</transform>
			</node>
			<node>
				<identifier>	MP_CM104_Life_Buoy_INDEX_1	</identifier>
				<transform>
					<row0>	0.6855 0.0000 0.7281 0.0000	</row0>
					<row1>	0.0000 1.0000 0.0000 0.0000	</row1>
					<row2>	-0.7281 0.0000 0.6855 0.0000	</row2>
					<row3>	0.1828 0.5661 5.7435 1.0000	</row3>
				</transform>
			</node>
			<node>
				<identifier>	SP_YMS001_YHBM_M_1	</identifier>
				<transform>
					<row0>	1.0000 0.0000 0.0000 0.0000	</row0>
					<row1>	0.0000 1.0000 0.0000 0.0000	</row1>
					<row2>	0.0000 0.0000 1.0000 0.0000	</row2>
					<row3>	0.0000 0.6544 9.2261 1.0000	</row3>
				</transform>
			</node>
			<node>
				<identifier>	SP_YMS002_YHBL_M_1	</identifier>
				<transform>
					<row0>	1.1196 0.0000 0.0458 0.0000	</row0>
					<row1>	0.0042 1.1159 -0.1027 0.0000	</row1>
					<row2>	-0.0456 0.1028 1.1149 0.0000	</row2>
					<row3>	0.0000 0.6544 9.1534 1.0000	</row3>
				</transform>
			</node>
			<node>
				<identifier>	SP_YMS003_YHBR_M_1	</identifier>
				<transform>
					<row0>	1.1201 0.0000 -0.0458 0.0000	</row0>
					<row1>	-0.0042 1.1163 -0.1028 0.0000	</row1>
					<row2>	0.0456 0.1028 1.1153 0.0000	</row2>
					<row3>	0.0000 0.6544 9.1534 1.0000	</row3>
				</transform>
			</node>
			<node>
				<identifier>	SP_YMS004_YHXL_L_1	</identifier>
				<transform>
					<row0>	0.8900 0.4450 -0.0992 0.0000	</row0>
					<row1>	-0.4541 0.8846 -0.1063 0.0000	</row1>
					<row2>	0.0404 0.1396 0.9894 0.0000	</row2>
					<row3>	-0.1390 0.4875 8.5743 1.0000	</row3>
				</transform>
			</node>
			<node>
				<identifier>	SP_YMS005_YHXR_L_1	</identifier>
				<transform>
					<row0>	0.8900 -0.4450 0.0992 0.0000	</row0>
					<row1>	0.4541 0.8846 -0.1063 0.0000	</row1>
					<row2>	-0.0404 0.1396 0.9894 0.0000	</row2>
					<row3>	0.1390 0.4875 8.5743 1.0000	</row3>
				</transform>
			</node>
			<node>
				<identifier>	SP_YMS010_YHWM_L_1	</identifier>
				<transform>
					<row0>	1.1000 0.0000 0.0000 0.0000	</row0>
					<row1>	0.0000 1.1000 0.0000 0.0000	</row1>
					<row2>	0.0000 0.0000 1.1000 0.0000	</row2>
					<row3>	0.0000 0.0000 8.9751 1.0000	</row3>
				</transform>
			</node>
			<node>
				<identifier>	SP_YMS011_YHWL_M_1_INDEX_1	</identifier>
				<transform>
					<row0>	1.2356 -0.1057 -0.1569 0.0000	</row0>
					<row1>	0.1062 1.2455 -0.0032 0.0000	</row1>
					<row2>	0.1566 -0.0102 1.2401 0.0000	</row2>
					<row3>	-0.1460 0.0000 7.4355 1.0000	</row3>
				</transform>
			</node>
			<node>
				<identifier>	SP_YMS011_YHWL_M_1_INDEX_11	</identifier>
				<transform>
					<row0>	1.2176 0.1550 -0.2364 0.0000	</row0>
					<row1>	-0.1547 1.2403 0.0162 0.0000	</row1>
					<row2>	0.2366 0.0135 1.2273 0.0000	</row2>
					<row3>	-0.4941 -0.0127 5.3335 1.0000	</row3>
				</transform>
			</node>
			<node>
				<identifier>	SP_YMS011_YHWL_M_1_INDEX_4	</identifier>
				<transform>
					<row0>	1.2324 0.0241 -0.2074 0.0000	</row0>
					<row1>	-0.0270 1.2496 -0.0152 0.0000	</row1>
					<row2>	0.2071 0.0195 1.2326 0.0000	</row2>
					<row3>	-0.3015 0.0000 6.3835 1.0000	</row3>
				</transform>
			</node>
			<node>
				<identifier>	SP_YMS011_YHWL_M_1_INDEX_8	</identifier>
				<transform>
					<row0>	1.2151 0.1966 -0.2175 0.0000	</row0>
					<row1>	-0.1940 1.2344 0.0321 0.0000	</row1>
					<row2>	0.2199 0.0025 1.2305 0.0000	</row2>
					<row3>	-0.6901 -0.0127 4.2889 1.0000	</row3>
				</transform>
			</node>
			<node>
				<identifier>	SP_YMS012_YHWR_M_1_INDEX_1	</identifier>
				<transform>
					<row0>	1.2324 -0.0241 0.2074 0.0000	</row0>
					<row1>	0.0270 1.2496 -0.0152 0.0000	</row1>
					<row2>	-0.2071 0.0195 1.2326 0.0000	</row2>
					<row3>	0.3015 0.0000 6.3835 1.0000	</row3>
				</transform>
			</node>
			<node>
				<identifier>	SP_YMS012_YHWR_M_1_INDEX_11	</identifier>
				<transform>
					<row0>	1.2176 -0.1550 0.2364 0.0000	</row0>
					<row1>	0.1547 1.2403 0.0162 0.0000	</row1>
					<row2>	-0.2366 0.0135 1.2273 0.0000	</row2>
					<row3>	0.4941 -0.0127 5.3335 1.0000	</row3>
				</transform>
			</node>
			<node>
				<identifier>	SP_YMS012_YHWR_M_1_INDEX_8	</identifier>
				<transform>
					<row0>	1.2356 0.1057 0.1569 0.0000	</row0>
					<row1>	-0.1062 1.2455 -0.0032 0.0000	</row1>
					<row2>	-0.1566 -0.0102 1.2401 0.0000	</row2>
					<row3>	0.1460 0.0000 7.4355 1.0000	</row3>
				</transform>
			</node>
			<node>
				<identifier>	SP_YMS012_YHWR_M_1_INDEX_9	</identifier>
				<transform>
					<row0>	1.2151 -0.1966 0.2175 0.0000	</row0>
					<row1>	0.1940 1.2344 0.0321 0.0000	</row1>
					<row2>	-0.2199 0.0025 1.2305 0.0000	</row2>
					<row3>	0.6901 -0.0127 4.2889 1.0000	</row3>
				</transform>
			</node>
			<node>
				<identifier>	SP_YMS020_YHBU_M_1	</identifier>
				<transform>
					<row0>	1.9683 0.0000 0.0000 0.0000	</row0>
					<row1>	0.0000 1.9683 0.0000 0.0000	</row1>
					<row2>	0.0000 0.0000 1.9683 0.0000	</row2>
					<row3>	0.0000 0.0000 8.4880 1.0000	</row3>
				</transform>
			</node>
			<node>
				<identifier>	SP_YMS022_YHUS_L_1	</identifier>
				<transform>
					<row0>	-0.3271 -0.0020 -1.9170 0.0000	</row0>
					<row1>	-0.5077 1.8753 0.0847 0.0000	</row1>
					<row2>	1.8485 0.5147 -0.3159 0.0000	</row2>
					<row3>	-0.4567 -0.6623 4.1022 1.0000	</row3>
				</transform>
			</node>
			<node>
				<identifier>	SP_YMS022_YHUS_L_1_INDEX_1	</identifier>
				<transform>
					<row0>	-0.3271 0.0020 1.9170 0.0000	</row0>
					<row1>	0.5077 1.8753 0.0847 0.0000	</row1>
					<row2>	-1.8485 0.5147 -0.3159 0.0000	</row2>
					<row3>	0.4567 -0.6623 4.1022 1.0000	</row3>
				</transform>
			</node>
			<node>
				<identifier>	SP_YMS051_YHDL_L_1	</identifier>
				<transform>
					<row0>	1.0833 -0.0039 -0.1911 0.0000	</row0>
					<row1>	0.0000 1.0998 -0.0224 0.0000	</row1>
					<row2>	0.1912 0.0221 1.0830 0.0000	</row2>
					<row3>	-0.6754 0.3454 5.0267 1.0000	</row3>
				</transform>
			</node>
			<node>
				<identifier>	SP_YMS052_YHDR_L_1	</identifier>
				<transform>
					<row0>	1.0833 0.0039 0.1911 0.0000	</row0>
					<row1>	0.0000 1.0998 -0.0224 0.0000	</row1>
					<row2>	-0.1912 0.0221 1.0830 0.0000	</row2>
					<row3>	0.6858 0.3451 5.0110 1.0000	</row3>
				</transform>
			</node>
			<node>
				<identifier>	SP_YMS053_YHDC_S_1	</identifier>
				<transform>
					<row0>	1.0000 0.0000 0.0000 0.0000	</row0>
					<row1>	0.0000 1.0000 0.0000 0.0000	</row1>
					<row2>	0.0000 0.0000 1.0000 0.0000	</row2>
					<row3>	-0.2504 0.4485 6.5228 1.0000	</row3>
				</transform>
			</node>
			<node>
				<identifier>	SP_YMS053_YHDC_S_1_INDEX_1	</identifier>
				<transform>
					<row0>	1.0000 0.0000 0.0000 0.0000	</row0>
					<row1>	0.0000 1.0000 0.0000 0.0000	</row1>
					<row2>	0.0000 0.0000 1.0000 0.0000	</row2>
					<row3>	0.2504 0.4485 6.5228 1.0000	</row3>
				</transform>
			</node>
			<node>
				<identifier>	SP_YMS053_YHDC_S_1_INDEX_2	</identifier>
				<transform>
					<row0>	0.0000 0.0000 -1.0000 0.0000	</row0>
					<row1>	0.0000 1.0000 0.0000 0.0000	</row1>
					<row2>	1.0000 0.0000 0.0000 0.0000	</row2>
					<row3>	0.0000 0.3774 5.3524 1.0000	</row3>
				</transform>
			</node>
			<node>
				<identifier>	SP_YMS080_YHSL_M_1	</identifier>
				<transform>
					<row0>	0.9218 0.3503 -0.1660 0.0000	</row0>
					<row1>	-0.3571 0.9340 -0.0122 0.0000	</row1>
					<row2>	0.1507 0.0705 0.9861 0.0000	</row2>
					<row3>	-0.3379 0.2640 6.3855 1.0000	</row3>
				</transform>
			</node>
			<node>
				<identifier>	SP_YMS081_YHSR_M_1_INDEX_1	</identifier>
				<transform>
					<row0>	0.9218 -0.3503 0.1660 0.0000	</row0>
					<row1>	0.3571 0.9340 -0.0122 0.0000	</row1>
					<row2>	-0.1507 0.0705 0.9861 0.0000	</row2>
					<row3>	0.3379 0.2640 6.3855 1.0000	</row3>
				</transform>
			</node>
			<node>
				<identifier>	SP_YMS082_YHSC_M_1	</identifier>
				<transform>
					<row0>	-0.1893 -0.0153 -0.9818 0.0000	</row0>
					<row1>	-0.2278 0.9733 0.0288 0.0000	</row1>
					<row2>	0.9551 0.2291 -0.1877 0.0000	</row2>
					<row3>	-0.4410 0.2147 5.7705 1.0000	</row3>
				</transform>
			</node>
			<node>
				<identifier>	SP_YMS082_YHSC_M_1_INDEX_1	</identifier>
				<transform>
					<row0>	-0.1893 0.0153 0.9818 0.0000	</row0>
					<row1>	0.2278 0.9733 0.0288 0.0000	</row1>
					<row2>	-0.9551 0.2291 -0.1877 0.0000	</row2>
					<row3>	0.4410 0.2147 5.7706 1.0000	</row3>
				</transform>
			</node>
		</node>
	</node>
	<boundingBox>
		<min>	-0.0667 -0.0667 -0.0667	</min>
		<max>	0.0667 0.0667 0.0667	</max>
	</boundingBox>
</ASB079_Illinois_1953_Bow_ports.visual>
