<VSB002_Atlantico_1945_MidBack_ports.visual>
	<node>
		<identifier>	Scene Root	</identifier>
		<transform>
			<row0>	1.0000 0.0000 0.0000 0.0000	</row0>
			<row1>	0.0000 1.0000 0.0000 0.0000	</row1>
			<row2>	0.0000 0.0000 1.0000 0.0000	</row2>
			<row3>	0.0000 0.0000 0.0000 1.0000	</row3>
		</transform>
		<node>
			<identifier>	MidBack_ports	</identifier>
			<transform>
				<row0>	1.0000 0.0000 0.0000 0.0000	</row0>
				<row1>	0.0000 1.0000 0.0000 0.0000	</row1>
				<row2>	0.0000 0.0000 1.0000 0.0000	</row2>
				<row3>	0.0000 0.0000 0.0000 1.0000	</row3>
			</transform>
			<node>
				<identifier>	HP_FX_Death_2	</identifier>
				<transform>
					<row0>	1.0000 0.0000 0.0000 0.0000	</row0>
					<row1>	0.0000 1.0000 0.0000 0.0000	</row1>
					<row2>	0.0000 0.0000 1.0000 0.0000	</row2>
					<row3>	0.0000 0.0000 0.0933 1.0000	</row3>
				</transform>
			</node>
			<node>
				<identifier>	HP_FX_Death_3	</identifier>
				<transform>
					<row0>	1.0000 0.0000 0.0000 0.0000	</row0>
					<row1>	0.0000 1.0000 0.0000 0.0000	</row1>
					<row2>	0.0000 0.0000 1.0000 0.0000	</row2>
					<row3>	0.0000 0.0000 -4.2453 1.0000	</row3>
				</transform>
			</node>
			<node>
				<identifier>	HP_FX_Fire_3	</identifier>
				<transform>
					<row0>	1.0000 0.0000 0.0000 0.0000	</row0>
					<row1>	0.0000 1.0000 0.0000 0.0000	</row1>
					<row2>	0.0000 0.0000 1.0000 0.0000	</row2>
					<row3>	0.0000 0.3319 -2.2786 1.0000	</row3>
				</transform>
			</node>
			<node>
				<identifier>	HP_FX_Fire_3_side_1	</identifier>
				<transform>
					<row0>	0.9981 0.0000 -0.0623 0.0000	</row0>
					<row1>	0.0000 1.0000 0.0000 0.0000	</row1>
					<row2>	0.0623 0.0000 0.9981 0.0000	</row2>
					<row3>	0.8243 0.4706 -0.0915 1.0000	</row3>
				</transform>
			</node>
			<node>
				<identifier>	HP_FX_Fire_3_side_2	</identifier>
				<transform>
					<row0>	0.9981 0.0000 0.0623 0.0000	</row0>
					<row1>	0.0000 1.0000 0.0000 0.0000	</row1>
					<row2>	-0.0623 0.0000 0.9981 0.0000	</row2>
					<row3>	-0.5718 0.4879 -2.7790 1.0000	</row3>
				</transform>
			</node>
			<node>
				<identifier>	HP_FX_Fire_3_side_3	</identifier>
				<transform>
					<row0>	0.9981 0.0000 0.0623 0.0000	</row0>
					<row1>	0.0000 1.0000 0.0000 0.0000	</row1>
					<row2>	-0.0623 0.0000 0.9981 0.0000	</row2>
					<row3>	0.8222 0.3323 -3.6922 1.0000	</row3>
				</transform>
			</node>
			<node>
				<identifier>	HP_FX_Fire_5	</identifier>
				<transform>
					<row0>	1.0000 0.0000 0.0000 0.0000	</row0>
					<row1>	0.0000 1.0000 0.0000 0.0000	</row1>
					<row2>	0.0000 0.0000 1.0000 0.0000	</row2>
					<row3>	0.1370 0.6240 0.2610 1.0000	</row3>
				</transform>
			</node>
			<node>
				<identifier>	HP_FX_Fire_5_2	</identifier>
				<transform>
					<row0>	1.0000 0.0000 0.0000 0.0000	</row0>
					<row1>	0.0000 1.0000 0.0000 0.0000	</row1>
					<row2>	0.0000 0.0000 1.0000 0.0000	</row2>
					<row3>	-0.1368 0.6447 -0.3782 1.0000	</row3>
				</transform>
			</node>
			<node>
				<identifier>	HP_FX_FloodLight_left_1	</identifier>
				<transform>
					<row0>	-1.0000 0.0000 0.0000 0.0000	</row0>
					<row1>	0.0000 1.0000 0.0000 0.0000	</row1>
					<row2>	0.0000 0.0000 -1.0000 0.0000	</row2>
					<row3>	-0.2976 0.5306 -3.4144 1.0000	</row3>
				</transform>
			</node>
			<node>
				<identifier>	HP_FX_FloodLight_right_1	</identifier>
				<transform>
					<row0>	0.9999 0.0000 0.0131 0.0000	</row0>
					<row1>	0.0000 1.0000 0.0000 0.0000	</row1>
					<row2>	-0.0131 0.0000 0.9999 0.0000	</row2>
					<row3>	0.2979 0.5317 -3.4168 1.0000	</row3>
				</transform>
			</node>
			<node>
				<identifier>	HP_FX_Flood_steam_3	</identifier>
				<transform>
					<row0>	0.9301 -0.3574 0.0855 0.0000	</row0>
					<row1>	0.3492 0.7873 -0.5082 0.0000	</row1>
					<row2>	0.1144 0.5025 0.8570 0.0000	</row2>
					<row3>	0.0320 1.1863 -0.3248 1.0000	</row3>
				</transform>
			</node>
			<node>
				<identifier>	HP_FX_Flood_steam_4	</identifier>
				<transform>
					<row0>	0.9024 0.4223 0.0854 0.0000	</row0>
					<row1>	-0.3251 0.7975 -0.5082 0.0000	</row1>
					<row2>	-0.2828 0.4308 0.8570 0.0000	</row2>
					<row3>	-0.0462 1.1860 -0.3250 1.0000	</row3>
				</transform>
			</node>
			<node>
				<identifier>	HP_FX_Flood_steam_right	</identifier>
				<transform>
					<row0>	1.0000 0.0000 0.0000 0.0000	</row0>
					<row1>	0.0000 1.0000 0.0000 0.0000	</row1>
					<row2>	0.0000 0.0000 1.0000 0.0000	</row2>
					<row3>	0.9140 0.1947 -4.0167 1.0000	</row3>
				</transform>
			</node>
			<node>
				<identifier>	HP_FX_Flood_water_left	</identifier>
				<transform>
					<row0>	-0.9973 0.0000 -0.0737 0.0000	</row0>
					<row1>	0.0000 1.0000 0.0000 0.0000	</row1>
					<row2>	0.0737 0.0000 -0.9973 0.0000	</row2>
					<row3>	-0.9716 0.0511 -3.3145 1.0000	</row3>
				</transform>
			</node>
			<node>
				<identifier>	HP_FX_Flood_water_left_1	</identifier>
				<transform>
					<row0>	-0.9998 0.0000 -0.0194 0.0000	</row0>
					<row1>	0.0000 1.0000 0.0000 0.0000	</row1>
					<row2>	0.0194 0.0000 -0.9998 0.0000	</row2>
					<row3>	-1.0145 0.0553 -1.3390 1.0000	</row3>
				</transform>
			</node>
			<node>
				<identifier>	HP_FX_Flood_water_right	</identifier>
				<transform>
					<row0>	0.9980 0.0000 -0.0644 0.0000	</row0>
					<row1>	0.0000 1.0000 0.0000 0.0000	</row1>
					<row2>	0.0644 0.0000 0.9980 0.0000	</row2>
					<row3>	0.9716 0.0493 -3.3143 1.0000	</row3>
				</transform>
			</node>
			<node>
				<identifier>	HP_FX_Flood_water_right_1	</identifier>
				<transform>
					<row0>	0.9999 0.0000 -0.0144 0.0000	</row0>
					<row1>	0.0000 1.0000 0.0000 0.0000	</row1>
					<row2>	0.0144 0.0000 0.9999 0.0000	</row2>
					<row3>	1.0137 0.0534 -1.3385 1.0000	</row3>
				</transform>
			</node>
			<node>
				<identifier>	HP_FX_Smoke_2	</identifier>
				<transform>
					<row0>	1.0000 0.0000 0.0000 0.0000	</row0>
					<row1>	0.0000 0.9984 -0.0558 0.0000	</row1>
					<row2>	0.0000 0.0558 0.9984 0.0000	</row2>
					<row3>	0.0000 1.3852 -0.0490 1.0000	</row3>
				</transform>
			</node>
			<node>
				<identifier>	HP_VD_10	</identifier>
				<transform>
					<row0>	0.0000 0.0000 1.0000 0.0000	</row0>
					<row1>	0.0000 1.0000 0.0000 0.0000	</row1>
					<row2>	-1.0000 0.0000 0.0000 0.0000	</row2>
					<row3>	-0.1780 0.9018 -0.6668 1.0000	</row3>
				</transform>
			</node>
			<node>
				<identifier>	HP_VD_11	</identifier>
				<transform>
					<row0>	0.0000 0.0000 -1.0000 0.0000	</row0>
					<row1>	0.0000 1.0000 0.0000 0.0000	</row1>
					<row2>	1.0000 0.0000 0.0000 0.0000	</row2>
					<row3>	0.1780 0.9018 -0.6668 1.0000	</row3>
				</transform>
			</node>
			<node>
				<identifier>	HP_VD_12	</identifier>
				<transform>
					<row0>	-1.0000 0.0000 0.0000 0.0000	</row0>
					<row1>	0.0000 1.0000 0.0000 0.0000	</row1>
					<row2>	0.0000 0.0000 -1.0000 0.0000	</row2>
					<row3>	0.0000 0.9580 -0.8894 1.0000	</row3>
				</transform>
			</node>
			<node>
				<identifier>	HP_VD_13	</identifier>
				<transform>
					<row0>	-1.0000 0.0000 0.0000 0.0000	</row0>
					<row1>	0.0000 1.0000 0.0000 0.0000	</row1>
					<row2>	0.0000 0.0000 -1.0000 0.0000	</row2>
					<row3>	0.0000 1.2642 -3.0019 1.0000	</row3>
				</transform>
			</node>
			<node>
				<identifier>	HP_VD_14	</identifier>
				<transform>
					<row0>	0.0000 0.0000 1.0000 0.0000	</row0>
					<row1>	0.0000 1.0000 0.0000 0.0000	</row1>
					<row2>	-1.0000 0.0000 0.0000 0.0000	</row2>
					<row3>	-0.1788 0.9015 -3.0654 1.0000	</row3>
				</transform>
			</node>
			<node>
				<identifier>	HP_VD_15	</identifier>
				<transform>
					<row0>	0.0000 0.0000 -1.0000 0.0000	</row0>
					<row1>	0.0000 1.0000 0.0000 0.0000	</row1>
					<row2>	1.0000 0.0000 0.0000 0.0000	</row2>
					<row3>	0.1788 0.9015 -3.0654 1.0000	</row3>
				</transform>
			</node>
			<node>
				<identifier>	HP_VD_16	</identifier>
				<transform>
					<row0>	-0.7071 0.0000 0.7071 0.0000	</row0>
					<row1>	0.0000 1.0000 0.0000 0.0000	</row1>
					<row2>	-0.7071 0.0000 -0.7071 0.0000	</row2>
					<row3>	-0.5178 0.3622 -3.2285 1.0000	</row3>
				</transform>
			</node>
			<node>
				<identifier>	HP_VD_17	</identifier>
				<transform>
					<row0>	-0.7071 0.0000 -0.7071 0.0000	</row0>
					<row1>	0.0000 1.0000 0.0000 0.0000	</row1>
					<row2>	0.7071 0.0000 -0.7071 0.0000	</row2>
					<row3>	0.5178 0.3611 -3.2285 1.0000	</row3>
				</transform>
			</node>
			<node>
				<identifier>	HP_VD_18	</identifier>
				<transform>
					<row0>	-1.0000 0.0000 0.0000 0.0000	</row0>
					<row1>	0.0000 1.0000 0.0000 0.0000	</row1>
					<row2>	0.0000 0.0000 -1.0000 0.0000	</row2>
					<row3>	0.0000 1.0813 -3.3093 1.0000	</row3>
				</transform>
			</node>
			<node>
				<identifier>	HP_VD_19	</identifier>
				<transform>
					<row0>	-1.0000 0.0000 0.0000 0.0000	</row0>
					<row1>	0.0000 1.0000 0.0000 0.0000	</row1>
					<row2>	0.0000 0.0000 -1.0000 0.0000	</row2>
					<row3>	0.0000 0.9580 -3.4503 1.0000	</row3>
				</transform>
			</node>
			<node>
				<identifier>	HP_VD_20	</identifier>
				<transform>
					<row0>	-0.7071 0.0000 0.7071 0.0000	</row0>
					<row1>	0.0000 1.0000 0.0000 0.0000	</row1>
					<row2>	-0.7071 0.0000 -0.7071 0.0000	</row2>
					<row3>	-0.3723 0.3622 -3.5947 1.0000	</row3>
				</transform>
			</node>
			<node>
				<identifier>	HP_VD_21	</identifier>
				<transform>
					<row0>	-0.7071 0.0000 -0.7071 0.0000	</row0>
					<row1>	0.0000 1.0000 0.0000 0.0000	</row1>
					<row2>	0.7071 0.0000 -0.7071 0.0000	</row2>
					<row3>	0.3723 0.3623 -3.5947 1.0000	</row3>
				</transform>
			</node>
			<node>
				<identifier>	HP_VD_9	</identifier>
				<transform>
					<row0>	-1.0000 0.0000 0.0000 0.0000	</row0>
					<row1>	0.0000 1.0000 0.0000 0.0000	</row1>
					<row2>	0.0000 0.0000 -1.0000 0.0000	</row2>
					<row3>	0.0000 1.0351 -0.6045 1.0000	</row3>
				</transform>
			</node>
			<node>
				<identifier>	HP_VGA_14	</identifier>
				<transform>
					<row0>	0.0000 0.0000 1.0000 0.0000	</row0>
					<row1>	0.0000 1.0000 0.0000 0.0000	</row1>
					<row2>	-1.0000 0.0000 0.0000 0.0000	</row2>
					<row3>	-0.2166 0.8056 0.2270 1.0000	</row3>
				</transform>
			</node>
			<node>
				<identifier>	HP_VGA_15	</identifier>
				<transform>
					<row0>	0.0000 0.0000 -1.0000 0.0000	</row0>
					<row1>	0.0000 1.0000 0.0000 0.0000	</row1>
					<row2>	1.0000 0.0000 0.0000 0.0000	</row2>
					<row3>	0.2166 0.8056 0.2270 1.0000	</row3>
				</transform>
			</node>
			<node>
				<identifier>	HP_VGA_16	</identifier>
				<transform>
					<row0>	0.0000 0.0000 1.0000 0.0000	</row0>
					<row1>	0.0000 1.0000 0.0000 0.0000	</row1>
					<row2>	-1.0000 0.0000 0.0000 0.0000	</row2>
					<row3>	-0.2166 0.8056 0.0653 1.0000	</row3>
				</transform>
			</node>
			<node>
				<identifier>	HP_VGA_17	</identifier>
				<transform>
					<row0>	0.0000 0.0000 -1.0000 0.0000	</row0>
					<row1>	0.0000 1.0000 0.0000 0.0000	</row1>
					<row2>	1.0000 0.0000 0.0000 0.0000	</row2>
					<row3>	0.2166 0.8056 0.0653 1.0000	</row3>
				</transform>
			</node>
			<node>
				<identifier>	HP_VGA_18	</identifier>
				<transform>
					<row0>	0.0000 0.0000 1.0000 0.0000	</row0>
					<row1>	0.0000 1.0000 0.0000 0.0000	</row1>
					<row2>	-1.0000 0.0000 0.0000 0.0000	</row2>
					<row3>	-0.2166 0.8056 -0.0973 1.0000	</row3>
				</transform>
			</node>
			<node>
				<identifier>	HP_VGA_19	</identifier>
				<transform>
					<row0>	0.0000 0.0000 -1.0000 0.0000	</row0>
					<row1>	0.0000 1.0000 0.0000 0.0000	</row1>
					<row2>	1.0000 0.0000 0.0000 0.0000	</row2>
					<row3>	0.2166 0.8056 -0.0973 1.0000	</row3>
				</transform>
			</node>
			<node>
				<identifier>	HP_VGA_20	</identifier>
				<transform>
					<row0>	0.0000 0.0000 1.0000 0.0000	</row0>
					<row1>	0.0000 1.0000 0.0000 0.0000	</row1>
					<row2>	-1.0000 0.0000 0.0000 0.0000	</row2>
					<row3>	-0.2166 0.8056 -0.2608 1.0000	</row3>
				</transform>
			</node>
			<node>
				<identifier>	HP_VGA_21	</identifier>
				<transform>
					<row0>	0.0000 0.0000 -1.0000 0.0000	</row0>
					<row1>	0.0000 1.0000 0.0000 0.0000	</row1>
					<row2>	1.0000 0.0000 0.0000 0.0000	</row2>
					<row3>	0.2166 0.8056 -0.2608 1.0000	</row3>
				</transform>
			</node>
			<node>
				<identifier>	HP_VGA_22	</identifier>
				<transform>
					<row0>	0.0000 0.0000 1.0000 0.0000	</row0>
					<row1>	0.0000 1.0000 0.0000 0.0000	</row1>
					<row2>	-1.0000 0.0000 0.0000 0.0000	</row2>
					<row3>	-0.2166 0.8056 -0.4226 1.0000	</row3>
				</transform>
			</node>
			<node>
				<identifier>	HP_VGA_23	</identifier>
				<transform>
					<row0>	0.0000 0.0000 -1.0000 0.0000	</row0>
					<row1>	0.0000 1.0000 0.0000 0.0000	</row1>
					<row2>	1.0000 0.0000 0.0000 0.0000	</row2>
					<row3>	0.2166 0.8056 -0.4226 1.0000	</row3>
				</transform>
			</node>
			<node>
				<identifier>	HP_VGA_24	</identifier>
				<transform>
					<row0>	0.0000 0.0000 1.0000 0.0000	</row0>
					<row1>	0.0000 1.0000 0.0000 0.0000	</row1>
					<row2>	-1.0000 0.0000 0.0000 0.0000	</row2>
					<row3>	-0.2741 0.7309 -0.6702 1.0000	</row3>
				</transform>
			</node>
			<node>
				<identifier>	HP_VGA_25	</identifier>
				<transform>
					<row0>	0.0000 0.0000 -1.0000 0.0000	</row0>
					<row1>	0.0000 1.0000 0.0000 0.0000	</row1>
					<row2>	1.0000 0.0000 0.0000 0.0000	</row2>
					<row3>	0.2741 0.7309 -0.6702 1.0000	</row3>
				</transform>
			</node>
			<node>
				<identifier>	HP_VGA_26	</identifier>
				<transform>
					<row0>	-1.0000 0.0000 0.0000 0.0000	</row0>
					<row1>	0.0000 1.0000 0.0000 0.0000	</row1>
					<row2>	0.0000 0.0000 -1.0000 0.0000	</row2>
					<row3>	0.0000 0.8819 -1.1132 1.0000	</row3>
				</transform>
			</node>
			<node>
				<identifier>	HP_VGA_27	</identifier>
				<transform>
					<row0>	0.0000 0.0000 1.0000 0.0000	</row0>
					<row1>	0.0000 1.0000 0.0000 0.0000	</row1>
					<row2>	-1.0000 0.0000 0.0000 0.0000	</row2>
					<row3>	-0.1497 0.8819 -2.6664 1.0000	</row3>
				</transform>
			</node>
			<node>
				<identifier>	HP_VGA_28	</identifier>
				<transform>
					<row0>	0.0000 0.0000 -1.0000 0.0000	</row0>
					<row1>	0.0000 1.0000 0.0000 0.0000	</row1>
					<row2>	1.0000 0.0000 0.0000 0.0000	</row2>
					<row3>	0.1497 0.8819 -2.6664 1.0000	</row3>
				</transform>
			</node>
			<node>
				<identifier>	HP_VGA_29	</identifier>
				<transform>
					<row0>	0.0000 0.0000 1.0000 0.0000	</row0>
					<row1>	0.0000 1.0000 0.0000 0.0000	</row1>
					<row2>	-1.0000 0.0000 0.0000 0.0000	</row2>
					<row3>	-0.2520 0.7317 -3.2765 1.0000	</row3>
				</transform>
			</node>
			<node>
				<identifier>	HP_VGA_30	</identifier>
				<transform>
					<row0>	0.0000 0.0000 -1.0000 0.0000	</row0>
					<row1>	0.0000 1.0000 0.0000 0.0000	</row1>
					<row2>	1.0000 0.0000 0.0000 0.0000	</row2>
					<row3>	0.2520 0.7317 -3.2765 1.0000	</row3>
				</transform>
			</node>
			<node>
				<identifier>	HP_VGA_31	</identifier>
				<transform>
					<row0>	0.0000 0.0000 1.0000 0.0000	</row0>
					<row1>	0.0000 1.0000 0.0000 0.0000	</row1>
					<row2>	-1.0000 0.0000 0.0000 0.0000	</row2>
					<row3>	-0.5173 0.2591 -3.4510 1.0000	</row3>
				</transform>
			</node>
			<node>
				<identifier>	HP_VGA_32	</identifier>
				<transform>
					<row0>	0.0000 0.0000 -1.0000 0.0000	</row0>
					<row1>	0.0000 1.0000 0.0000 0.0000	</row1>
					<row2>	1.0000 0.0000 0.0000 0.0000	</row2>
					<row3>	0.5173 0.2591 -3.4510 1.0000	</row3>
				</transform>
			</node>
			<node>
				<identifier>	HP_VGA_33	</identifier>
				<transform>
					<row0>	-1.0000 0.0000 0.0000 0.0000	</row0>
					<row1>	0.0000 1.0000 0.0000 0.0000	</row1>
					<row2>	0.0000 0.0000 -1.0000 0.0000	</row2>
					<row3>	0.0000 0.8819 -3.6733 1.0000	</row3>
				</transform>
			</node>
			<node>
				<identifier>	HP_VGA_34	</identifier>
				<transform>
					<row0>	0.0000 0.0000 1.0000 0.0000	</row0>
					<row1>	0.0000 1.0000 0.0000 0.0000	</row1>
					<row2>	-1.0000 0.0000 0.0000 0.0000	</row2>
					<row3>	-0.5173 0.2591 -3.7788 1.0000	</row3>
				</transform>
			</node>
			<node>
				<identifier>	HP_VGA_35	</identifier>
				<transform>
					<row0>	0.0000 0.0000 -1.0000 0.0000	</row0>
					<row1>	0.0000 1.0000 0.0000 0.0000	</row1>
					<row2>	1.0000 0.0000 0.0000 0.0000	</row2>
					<row3>	0.5173 0.2591 -3.7788 1.0000	</row3>
				</transform>
			</node>
			<node>
				<identifier>	HP_VGM_3	</identifier>
				<transform>
					<row0>	-1.0000 0.0000 0.0000 0.0000	</row0>
					<row1>	0.0000 1.0000 0.0000 0.0000	</row1>
					<row2>	0.0000 0.0000 -1.0000 0.0000	</row2>
					<row3>	0.0000 0.4824 -1.6414 1.0000	</row3>
				</transform>
			</node>
			<node>
				<identifier>	HP_VGM_4	</identifier>
				<transform>
					<row0>	-1.0000 0.0000 0.0000 0.0000	</row0>
					<row1>	0.0000 1.0000 0.0000 0.0000	</row1>
					<row2>	0.0000 0.0000 -1.0000 0.0000	</row2>
					<row3>	0.0000 0.5376 -4.2034 1.0000	</row3>
				</transform>
			</node>
			<node>
				<identifier>	HP_VGS_10	</identifier>
				<transform>
					<row0>	0.0000 0.0000 -1.0000 0.0000	</row0>
					<row1>	0.0000 1.0000 0.0000 0.0000	</row1>
					<row2>	1.0000 0.0000 0.0000 0.0000	</row2>
					<row3>	0.4081 0.5783 0.3875 1.0000	</row3>
				</transform>
			</node>
			<node>
				<identifier>	HP_VGS_11	</identifier>
				<transform>
					<row0>	0.0000 0.0000 1.0000 0.0000	</row0>
					<row1>	0.0000 1.0000 0.0000 0.0000	</row1>
					<row2>	-1.0000 0.0000 0.0000 0.0000	</row2>
					<row3>	-0.4081 0.5783 0.0036 1.0000	</row3>
				</transform>
			</node>
			<node>
				<identifier>	HP_VGS_12	</identifier>
				<transform>
					<row0>	0.0000 0.0000 -1.0000 0.0000	</row0>
					<row1>	0.0000 1.0000 0.0000 0.0000	</row1>
					<row2>	1.0000 0.0000 0.0000 0.0000	</row2>
					<row3>	0.4081 0.5783 0.0036 1.0000	</row3>
				</transform>
			</node>
			<node>
				<identifier>	HP_VGS_13	</identifier>
				<transform>
					<row0>	0.0000 0.0000 1.0000 0.0000	</row0>
					<row1>	0.0000 1.0000 0.0000 0.0000	</row1>
					<row2>	-1.0000 0.0000 0.0000 0.0000	</row2>
					<row3>	-0.4081 0.5783 -0.3825 1.0000	</row3>
				</transform>
			</node>
			<node>
				<identifier>	HP_VGS_14	</identifier>
				<transform>
					<row0>	0.0000 0.0000 -1.0000 0.0000	</row0>
					<row1>	0.0000 1.0000 0.0000 0.0000	</row1>
					<row2>	1.0000 0.0000 0.0000 0.0000	</row2>
					<row3>	0.4081 0.5783 -0.3825 1.0000	</row3>
				</transform>
			</node>
			<node>
				<identifier>	HP_VGS_15	</identifier>
				<transform>
					<row0>	-0.9848 0.0000 0.1736 0.0000	</row0>
					<row1>	0.0000 1.0000 0.0000 0.0000	</row1>
					<row2>	-0.1736 0.0000 -0.9848 0.0000	</row2>
					<row3>	-0.7635 0.3038 -0.9906 1.0000	</row3>
				</transform>
			</node>
			<node>
				<identifier>	HP_VGS_16	</identifier>
				<transform>
					<row0>	-0.9848 0.0000 -0.1736 0.0000	</row0>
					<row1>	0.0000 1.0000 0.0000 0.0000	</row1>
					<row2>	0.1736 0.0000 -0.9848 0.0000	</row2>
					<row3>	0.7635 0.3038 -0.9906 1.0000	</row3>
				</transform>
			</node>
			<node>
				<identifier>	HP_VGS_17	</identifier>
				<transform>
					<row0>	-1.0000 0.0000 0.0000 0.0000	</row0>
					<row1>	0.0000 1.0000 0.0000 0.0000	</row1>
					<row2>	0.0000 0.0000 -1.0000 0.0000	</row2>
					<row3>	-0.7561 0.3038 -2.3733 1.0000	</row3>
				</transform>
			</node>
			<node>
				<identifier>	HP_VGS_18	</identifier>
				<transform>
					<row0>	-1.0000 0.0000 0.0000 0.0000	</row0>
					<row1>	0.0000 1.0000 0.0000 0.0000	</row1>
					<row2>	0.0000 0.0000 -1.0000 0.0000	</row2>
					<row3>	0.7561 0.3038 -2.3733 1.0000	</row3>
				</transform>
			</node>
			<node>
				<identifier>	HP_VGS_7	</identifier>
				<transform>
					<row0>	0.9848 0.0000 0.1736 0.0000	</row0>
					<row1>	0.0000 1.0000 0.0000 0.0000	</row1>
					<row2>	-0.1736 0.0000 0.9848 0.0000	</row2>
					<row3>	-0.7231 0.4622 0.7978 1.0000	</row3>
				</transform>
			</node>
			<node>
				<identifier>	HP_VGS_8	</identifier>
				<transform>
					<row0>	0.9848 0.0000 -0.1736 0.0000	</row0>
					<row1>	0.0000 1.0000 0.0000 0.0000	</row1>
					<row2>	0.1736 0.0000 0.9848 0.0000	</row2>
					<row3>	0.7231 0.4622 0.7978 1.0000	</row3>
				</transform>
			</node>
			<node>
				<identifier>	HP_VGS_9	</identifier>
				<transform>
					<row0>	0.0000 0.0000 1.0000 0.0000	</row0>
					<row1>	0.0000 1.0000 0.0000 0.0000	</row1>
					<row2>	-1.0000 0.0000 0.0000 0.0000	</row2>
					<row3>	-0.4081 0.5783 0.3875 1.0000	</row3>
				</transform>
			</node>
			<node>
				<identifier>	HP_VRS_3	</identifier>
				<transform>
					<row0>	1.0000 0.0000 0.0000 0.0000	</row0>
					<row1>	0.0000 1.0000 0.0000 0.0000	</row1>
					<row2>	0.0000 0.0000 1.0000 0.0000	</row2>
					<row3>	0.0000 1.8035 -2.6988 1.0000	</row3>
				</transform>
			</node>
			<node>
				<identifier>	HP_flag_courtesy	</identifier>
				<transform>
					<row0>	0.9066 -0.4198 -0.0439 0.0000	</row0>
					<row1>	0.4198 0.8860 0.1971 0.0000	</row1>
					<row2>	-0.0439 -0.1971 0.9794 0.0000	</row2>
					<row3>	0.4006 1.4031 -2.7016 1.0000	</row3>
				</transform>
			</node>
			<node>
				<identifier>	HP_flag_house	</identifier>
				<transform>
					<row0>	0.9066 0.4198 0.0439 0.0000	</row0>
					<row1>	-0.4198 0.8860 0.1971 0.0000	</row1>
					<row2>	0.0439 -0.1971 0.9794 0.0000	</row2>
					<row3>	-0.4015 1.4025 -2.7013 1.0000	</row3>
				</transform>
			</node>
			<node>
				<identifier>	HP_flag_nation	</identifier>
				<transform>
					<row0>	0.9894 -0.1452 0.0088 0.0000	</row0>
					<row1>	0.1452 0.9820 -0.1204 0.0000	</row1>
					<row2>	0.0088 0.1204 0.9927 0.0000	</row2>
					<row3>	-0.0017 1.7281 -2.8404 1.0000	</row3>
				</transform>
			</node>
			<node>
				<identifier>	MP_CM012_Fire_Hose_Rack_1	</identifier>
				<transform>
					<row0>	0.9405 0.0000 0.3398 0.0000	</row0>
					<row1>	0.0000 1.0000 0.0000 0.0000	</row1>
					<row2>	-0.3398 0.0000 0.9405 0.0000	</row2>
					<row3>	0.3228 0.7704 -2.9208 1.0000	</row3>
				</transform>
			</node>
			<node>
				<identifier>	MP_CM012_Fire_Hose_Rack_1_INDEX_1	</identifier>
				<transform>
					<row0>	0.0000 0.0000 1.0000 0.0000	</row0>
					<row1>	0.0000 1.0000 0.0000 0.0000	</row1>
					<row2>	-1.0000 0.0000 0.0000 0.0000	</row2>
					<row3>	-0.3308 0.6323 0.1943 1.0000	</row3>
				</transform>
			</node>
			<node>
				<identifier>	MP_CM012_Fire_Hose_Rack_1_INDEX_10	</identifier>
				<transform>
					<row0>	-0.9991 0.0000 0.0415 0.0000	</row0>
					<row1>	0.0000 1.0000 0.0000 0.0000	</row1>
					<row2>	-0.0415 0.0000 -0.9991 0.0000	</row2>
					<row3>	0.6360 0.3102 -2.9134 1.0000	</row3>
				</transform>
			</node>
			<node>
				<identifier>	MP_CM012_Fire_Hose_Rack_1_INDEX_11	</identifier>
				<transform>
					<row0>	-1.0000 0.0000 0.0000 0.0000	</row0>
					<row1>	0.0000 1.0000 0.0000 0.0000	</row1>
					<row2>	0.0000 0.0000 -1.0000 0.0000	</row2>
					<row3>	0.3263 0.4722 0.9072 1.0000	</row3>
				</transform>
			</node>
			<node>
				<identifier>	MP_CM012_Fire_Hose_Rack_1_INDEX_12	</identifier>
				<transform>
					<row0>	0.6352 0.0000 -0.7723 0.0000	</row0>
					<row1>	0.0000 1.0000 0.0000 0.0000	</row1>
					<row2>	0.7723 0.0000 0.6352 0.0000	</row2>
					<row3>	-0.2017 0.4711 -3.9569 1.0000	</row3>
				</transform>
			</node>
			<node>
				<identifier>	MP_CM012_Fire_Hose_Rack_1_INDEX_13	</identifier>
				<transform>
					<row0>	1.0000 0.0000 0.0000 0.0000	</row0>
					<row1>	0.0000 1.0000 0.0000 0.0000	</row1>
					<row2>	0.0000 0.0000 1.0000 0.0000	</row2>
					<row3>	-0.3263 0.4722 0.9072 1.0000	</row3>
				</transform>
			</node>
			<node>
				<identifier>	MP_CM012_Fire_Hose_Rack_1_INDEX_14	</identifier>
				<transform>
					<row0>	1.0000 0.0000 0.0000 0.0000	</row0>
					<row1>	0.0000 1.0000 0.0000 0.0000	</row1>
					<row2>	0.0000 0.0000 1.0000 0.0000	</row2>
					<row3>	-0.5699 0.4754 -0.0180 1.0000	</row3>
				</transform>
			</node>
			<node>
				<identifier>	MP_CM012_Fire_Hose_Rack_1_INDEX_15	</identifier>
				<transform>
					<row0>	0.9991 0.0000 0.0415 0.0000	</row0>
					<row1>	0.0000 1.0000 0.0000 0.0000	</row1>
					<row2>	-0.0415 0.0000 0.9991 0.0000	</row2>
					<row3>	-0.6360 0.3102 -2.9134 1.0000	</row3>
				</transform>
			</node>
			<node>
				<identifier>	MP_CM012_Fire_Hose_Rack_1_INDEX_16	</identifier>
				<transform>
					<row0>	-0.8167 0.0000 0.5771 0.0000	</row0>
					<row1>	0.0000 1.0000 0.0000 0.0000	</row1>
					<row2>	-0.5771 0.0000 -0.8167 0.0000	</row2>
					<row3>	0.4834 0.3184 -0.6816 1.0000	</row3>
				</transform>
			</node>
			<node>
				<identifier>	MP_CM012_Fire_Hose_Rack_1_INDEX_17	</identifier>
				<transform>
					<row0>	-0.6352 0.0000 -0.7723 0.0000	</row0>
					<row1>	0.0000 1.0000 0.0000 0.0000	</row1>
					<row2>	0.7723 0.0000 -0.6352 0.0000	</row2>
					<row3>	0.2017 0.4711 -3.9569 1.0000	</row3>
				</transform>
			</node>
			<node>
				<identifier>	MP_CM012_Fire_Hose_Rack_1_INDEX_18	</identifier>
				<transform>
					<row0>	-0.9991 0.0000 0.0415 0.0000	</row0>
					<row1>	0.0000 1.0000 0.0000 0.0000	</row1>
					<row2>	-0.0415 0.0000 -0.9991 0.0000	</row2>
					<row3>	0.6375 0.3102 -2.8722 1.0000	</row3>
				</transform>
			</node>
			<node>
				<identifier>	MP_CM012_Fire_Hose_Rack_1_INDEX_19	</identifier>
				<transform>
					<row0>	0.0000 0.0000 1.0000 0.0000	</row0>
					<row1>	0.0000 1.0000 0.0000 0.0000	</row1>
					<row2>	-1.0000 0.0000 0.0000 0.0000	</row2>
					<row3>	0.3308 0.6323 0.1943 1.0000	</row3>
				</transform>
			</node>
			<node>
				<identifier>	MP_CM012_Fire_Hose_Rack_1_INDEX_2	</identifier>
				<transform>
					<row0>	0.9991 0.0000 0.0415 0.0000	</row0>
					<row1>	0.0000 1.0000 0.0000 0.0000	</row1>
					<row2>	-0.0415 0.0000 0.9991 0.0000	</row2>
					<row3>	-0.6375 0.3102 -2.8722 1.0000	</row3>
				</transform>
			</node>
			<node>
				<identifier>	MP_CM012_Fire_Hose_Rack_1_INDEX_20	</identifier>
				<transform>
					<row0>	0.9366 0.0000 -0.3505 0.0000	</row0>
					<row1>	0.0000 1.0000 0.0000 0.0000	</row1>
					<row2>	0.3505 0.0000 0.9366 0.0000	</row2>
					<row3>	-0.3008 0.4837 -2.8419 1.0000	</row3>
				</transform>
			</node>
			<node>
				<identifier>	MP_CM012_Fire_Hose_Rack_1_INDEX_21	</identifier>
				<transform>
					<row0>	-1.0000 0.0000 0.0000 0.0000	</row0>
					<row1>	0.0000 1.0000 0.0000 0.0000	</row1>
					<row2>	0.0000 0.0000 -1.0000 0.0000	</row2>
					<row3>	0.5699 0.4754 0.0213 1.0000	</row3>
				</transform>
			</node>
			<node>
				<identifier>	MP_CM012_Fire_Hose_Rack_1_INDEX_22	</identifier>
				<transform>
					<row0>	1.0000 0.0000 0.0000 0.0000	</row0>
					<row1>	0.0000 1.0000 0.0000 0.0000	</row1>
					<row2>	0.0000 0.0000 1.0000 0.0000	</row2>
					<row3>	-0.5699 0.4754 -0.0563 1.0000	</row3>
				</transform>
			</node>
			<node>
				<identifier>	MP_CM012_Fire_Hose_Rack_1_INDEX_23	</identifier>
				<transform>
					<row0>	-1.0000 0.0000 0.0000 0.0000	</row0>
					<row1>	0.0000 1.0000 0.0000 0.0000	</row1>
					<row2>	0.0000 0.0000 -1.0000 0.0000	</row2>
					<row3>	0.3269 0.6323 -0.6831 1.0000	</row3>
				</transform>
			</node>
			<node>
				<identifier>	MP_CM012_Fire_Hose_Rack_1_INDEX_24	</identifier>
				<transform>
					<row0>	0.6379 0.0000 0.7701 0.0000	</row0>
					<row1>	0.0000 1.0000 0.0000 0.0000	</row1>
					<row2>	-0.7701 0.0000 0.6379 0.0000	</row2>
					<row3>	-0.2114 0.3195 -4.4413 1.0000	</row3>
				</transform>
			</node>
			<node>
				<identifier>	MP_CM012_Fire_Hose_Rack_1_INDEX_25	</identifier>
				<transform>
					<row0>	1.0000 0.0000 0.0000 0.0000	</row0>
					<row1>	0.0000 1.0000 0.0000 0.0000	</row1>
					<row2>	0.0000 0.0000 1.0000 0.0000	</row2>
					<row3>	-0.3269 0.6323 -0.6831 1.0000	</row3>
				</transform>
			</node>
			<node>
				<identifier>	MP_CM012_Fire_Hose_Rack_1_INDEX_26	</identifier>
				<transform>
					<row0>	1.0000 0.0000 0.0000 0.0000	</row0>
					<row1>	0.0000 1.0000 0.0000 0.0000	</row1>
					<row2>	0.0000 0.0000 1.0000 0.0000	</row2>
					<row3>	-0.5699 0.4754 0.0213 1.0000	</row3>
				</transform>
			</node>
			<node>
				<identifier>	MP_CM012_Fire_Hose_Rack_1_INDEX_27	</identifier>
				<transform>
					<row0>	0.8167 0.0000 0.5771 0.0000	</row0>
					<row1>	0.0000 1.0000 0.0000 0.0000	</row1>
					<row2>	-0.5771 0.0000 0.8167 0.0000	</row2>
					<row3>	-0.4398 0.3184 -0.7434 1.0000	</row3>
				</transform>
			</node>
			<node>
				<identifier>	MP_CM012_Fire_Hose_Rack_1_INDEX_28	</identifier>
				<transform>
					<row0>	0.9991 0.0000 0.0415 0.0000	</row0>
					<row1>	0.0000 1.0000 0.0000 0.0000	</row1>
					<row2>	-0.0415 0.0000 0.9991 0.0000	</row2>
					<row3>	-0.6393 0.3102 -2.8320 1.0000	</row3>
				</transform>
			</node>
			<node>
				<identifier>	MP_CM012_Fire_Hose_Rack_1_INDEX_29	</identifier>
				<transform>
					<row0>	-0.9366 0.0000 -0.3505 0.0000	</row0>
					<row1>	0.0000 1.0000 0.0000 0.0000	</row1>
					<row2>	0.3505 0.0000 -0.9366 0.0000	</row2>
					<row3>	0.3008 0.4837 -2.8419 1.0000	</row3>
				</transform>
			</node>
			<node>
				<identifier>	MP_CM012_Fire_Hose_Rack_1_INDEX_3	</identifier>
				<transform>
					<row0>	-1.0000 0.0000 0.0000 0.0000	</row0>
					<row1>	0.0000 1.0000 0.0000 0.0000	</row1>
					<row2>	0.0000 0.0000 -1.0000 0.0000	</row2>
					<row3>	0.5699 0.4754 -0.0180 1.0000	</row3>
				</transform>
			</node>
			<node>
				<identifier>	MP_CM012_Fire_Hose_Rack_1_INDEX_30	</identifier>
				<transform>
					<row0>	-1.0000 0.0000 0.0000 0.0000	</row0>
					<row1>	0.0000 1.0000 0.0000 0.0000	</row1>
					<row2>	0.0000 0.0000 -1.0000 0.0000	</row2>
					<row3>	0.5699 0.4754 -0.0563 1.0000	</row3>
				</transform>
			</node>
			<node>
				<identifier>	MP_CM012_Fire_Hose_Rack_1_INDEX_4	</identifier>
				<transform>
					<row0>	0.8167 0.0000 0.5771 0.0000	</row0>
					<row1>	0.0000 1.0000 0.0000 0.0000	</row1>
					<row2>	-0.5771 0.0000 0.8167 0.0000	</row2>
					<row3>	-0.4834 0.3184 -0.6816 1.0000	</row3>
				</transform>
			</node>
			<node>
				<identifier>	MP_CM012_Fire_Hose_Rack_1_INDEX_5	</identifier>
				<transform>
					<row0>	0.8167 0.0000 0.5771 0.0000	</row0>
					<row1>	0.0000 1.0000 0.0000 0.0000	</row1>
					<row2>	-0.5771 0.0000 0.8167 0.0000	</row2>
					<row3>	-0.4614 0.3184 -0.7128 1.0000	</row3>
				</transform>
			</node>
			<node>
				<identifier>	MP_CM012_Fire_Hose_Rack_1_INDEX_6	</identifier>
				<transform>
					<row0>	-0.8167 0.0000 0.5771 0.0000	</row0>
					<row1>	0.0000 1.0000 0.0000 0.0000	</row1>
					<row2>	-0.5771 0.0000 -0.8167 0.0000	</row2>
					<row3>	0.4614 0.3184 -0.7128 1.0000	</row3>
				</transform>
			</node>
			<node>
				<identifier>	MP_CM012_Fire_Hose_Rack_1_INDEX_7	</identifier>
				<transform>
					<row0>	-0.9405 0.0000 0.3398 0.0000	</row0>
					<row1>	0.0000 1.0000 0.0000 0.0000	</row1>
					<row2>	-0.3398 0.0000 -0.9405 0.0000	</row2>
					<row3>	-0.3220 0.7704 -2.9187 1.0000	</row3>
				</transform>
			</node>
			<node>
				<identifier>	MP_CM012_Fire_Hose_Rack_1_INDEX_8	</identifier>
				<transform>
					<row0>	-0.8167 0.0000 0.5771 0.0000	</row0>
					<row1>	0.0000 1.0000 0.0000 0.0000	</row1>
					<row2>	-0.5771 0.0000 -0.8167 0.0000	</row2>
					<row3>	0.4398 0.3184 -0.7434 1.0000	</row3>
				</transform>
			</node>
			<node>
				<identifier>	MP_CM012_Fire_Hose_Rack_1_INDEX_9	</identifier>
				<transform>
					<row0>	-0.9991 0.0000 0.0415 0.0000	</row0>
					<row1>	0.0000 1.0000 0.0000 0.0000	</row1>
					<row2>	-0.0415 0.0000 -0.9991 0.0000	</row2>
					<row3>	0.6393 0.3102 -2.8320 1.0000	</row3>
				</transform>
			</node>
			<node>
				<identifier>	MP_CM029_Emergency_Box	</identifier>
				<transform>
					<row0>	0.0000 0.0000 -1.0000 0.0000	</row0>
					<row1>	0.0000 1.0000 0.0000 0.0000	</row1>
					<row2>	1.0000 0.0000 0.0000 0.0000	</row2>
					<row3>	-0.1258 0.8055 -3.1872 1.0000	</row3>
				</transform>
			</node>
			<node>
				<identifier>	MP_CM029_Emergency_Box_INDEX_1	</identifier>
				<transform>
					<row0>	-1.0000 0.0000 0.0000 0.0000	</row0>
					<row1>	0.0000 1.0000 0.0000 0.0000	</row1>
					<row2>	0.0000 0.0000 -1.0000 0.0000	</row2>
					<row3>	0.1569 0.6522 -0.5797 1.0000	</row3>
				</transform>
			</node>
			<node>
				<identifier>	MP_CM029_Emergency_Box_INDEX_10	</identifier>
				<transform>
					<row0>	-1.0000 0.0000 0.0000 0.0000	</row0>
					<row1>	0.0000 1.0000 0.0000 0.0000	</row1>
					<row2>	0.0000 0.0000 -1.0000 0.0000	</row2>
					<row3>	0.0601 0.9586 -2.8969 1.0000	</row3>
				</transform>
			</node>
			<node>
				<identifier>	MP_CM029_Emergency_Box_INDEX_2	</identifier>
				<transform>
					<row0>	-1.0000 0.0000 0.0000 0.0000	</row0>
					<row1>	0.0000 1.0000 0.0000 0.0000	</row1>
					<row2>	0.0000 0.0000 -1.0000 0.0000	</row2>
					<row3>	-0.1569 0.6522 -0.5797 1.0000	</row3>
				</transform>
			</node>
			<node>
				<identifier>	MP_CM029_Emergency_Box_INDEX_3	</identifier>
				<transform>
					<row0>	-0.2225 0.0000 -0.9749 0.0000	</row0>
					<row1>	0.0000 1.0000 0.0000 0.0000	</row1>
					<row2>	0.9749 0.0000 -0.2225 0.0000	</row2>
					<row3>	-0.1242 0.8045 -0.7631 1.0000	</row3>
				</transform>
			</node>
			<node>
				<identifier>	MP_CM029_Emergency_Box_INDEX_4	</identifier>
				<transform>
					<row0>	-0.3160 0.0000 -0.9488 0.0000	</row0>
					<row1>	0.0000 1.0000 0.0000 0.0000	</row1>
					<row2>	0.9488 0.0000 -0.3160 0.0000	</row2>
					<row3>	-0.1126 0.8953 -0.0015 1.0000	</row3>
				</transform>
			</node>
			<node>
				<identifier>	MP_CM029_Emergency_Box_INDEX_5	</identifier>
				<transform>
					<row0>	-0.3160 0.0000 0.9488 0.0000	</row0>
					<row1>	0.0000 1.0000 0.0000 0.0000	</row1>
					<row2>	-0.9488 0.0000 -0.3160 0.0000	</row2>
					<row3>	0.1126 0.8953 -0.0015 1.0000	</row3>
				</transform>
			</node>
			<node>
				<identifier>	MP_CM029_Emergency_Box_INDEX_6	</identifier>
				<transform>
					<row0>	-0.0613 0.0000 -0.9981 0.0000	</row0>
					<row1>	0.0000 1.0000 0.0000 0.0000	</row1>
					<row2>	0.9981 0.0000 -0.0613 0.0000	</row2>
					<row3>	-0.3804 0.3529 -3.7103 1.0000	</row3>
				</transform>
			</node>
			<node>
				<identifier>	MP_CM029_Emergency_Box_INDEX_7	</identifier>
				<transform>
					<row0>	-0.2225 0.0000 0.9749 0.0000	</row0>
					<row1>	0.0000 1.0000 0.0000 0.0000	</row1>
					<row2>	-0.9749 0.0000 -0.2225 0.0000	</row2>
					<row3>	0.1242 0.8045 -0.7631 1.0000	</row3>
				</transform>
			</node>
			<node>
				<identifier>	MP_CM029_Emergency_Box_INDEX_8	</identifier>
				<transform>
					<row0>	-0.0613 0.0000 0.9981 0.0000	</row0>
					<row1>	0.0000 1.0000 0.0000 0.0000	</row1>
					<row2>	-0.9981 0.0000 -0.0613 0.0000	</row2>
					<row3>	0.3804 0.3529 -3.7103 1.0000	</row3>
				</transform>
			</node>
			<node>
				<identifier>	MP_CM029_Emergency_Box_INDEX_9	</identifier>
				<transform>
					<row0>	0.0000 0.0000 1.0000 0.0000	</row0>
					<row1>	0.0000 1.0000 0.0000 0.0000	</row1>
					<row2>	-1.0000 0.0000 0.0000 0.0000	</row2>
					<row3>	0.1258 0.8055 -3.1872 1.0000	</row3>
				</transform>
			</node>
			<node>
				<identifier>	MP_CM030_Swab_Rack_2	</identifier>
				<transform>
					<row0>	0.3420 0.0000 0.9397 0.0000	</row0>
					<row1>	0.0000 1.0000 0.0000 0.0000	</row1>
					<row2>	-0.9397 0.0000 0.3420 0.0000	</row2>
					<row3>	-0.2572 0.4243 -2.7231 1.0000	</row3>
				</transform>
			</node>
			<node>
				<identifier>	MP_CM030_Swab_Rack_2_INDEX_1	</identifier>
				<transform>
					<row0>	-1.0000 0.0000 0.0000 0.0000	</row0>
					<row1>	0.0000 1.0000 0.0000 0.0000	</row1>
					<row2>	0.0000 0.0000 -1.0000 0.0000	</row2>
					<row3>	0.3616 0.2665 -3.9981 1.0000	</row3>
				</transform>
			</node>
			<node>
				<identifier>	MP_CM030_Swab_Rack_2_INDEX_2	</identifier>
				<transform>
					<row0>	-1.0000 0.0000 0.0000 0.0000	</row0>
					<row1>	0.0000 1.0000 0.0000 0.0000	</row1>
					<row2>	0.0000 0.0000 -1.0000 0.0000	</row2>
					<row3>	-0.3616 0.2665 -3.9981 1.0000	</row3>
				</transform>
			</node>
			<node>
				<identifier>	MP_CM030_Swab_Rack_2_INDEX_3	</identifier>
				<transform>
					<row0>	0.3420 0.0000 -0.9397 0.0000	</row0>
					<row1>	0.0000 1.0000 0.0000 0.0000	</row1>
					<row2>	0.9397 0.0000 0.3420 0.0000	</row2>
					<row3>	0.2572 0.4243 -2.7231 1.0000	</row3>
				</transform>
			</node>
			<node>
				<identifier>	MP_CM052_Fender	</identifier>
				<transform>
					<row0>	0.0000 0.0000 1.0000 0.0000	</row0>
					<row1>	0.0000 1.0000 0.0000 0.0000	</row1>
					<row2>	-1.0000 0.0000 0.0000 0.0000	</row2>
					<row3>	-0.6799 0.2570 -1.6751 1.0000	</row3>
				</transform>
			</node>
			<node>
				<identifier>	MP_CM052_Fender_INDEX_1	</identifier>
				<transform>
					<row0>	-0.2903 0.0000 0.9569 0.0000	</row0>
					<row1>	0.0000 1.0000 0.0000 0.0000	</row1>
					<row2>	-0.9569 0.0000 -0.2903 0.0000	</row2>
					<row3>	-0.3364 0.2668 -4.2931 1.0000	</row3>
				</transform>
			</node>
			<node>
				<identifier>	MP_CM052_Fender_INDEX_2	</identifier>
				<transform>
					<row0>	0.0000 0.0000 1.0000 0.0000	</row0>
					<row1>	0.0000 1.0000 0.0000 0.0000	</row1>
					<row2>	-1.0000 0.0000 0.0000 0.0000	</row2>
					<row3>	-0.5994 0.4175 0.3626 1.0000	</row3>
				</transform>
			</node>
			<node>
				<identifier>	MP_CM052_Fender_INDEX_3	</identifier>
				<transform>
					<row0>	-0.6343 0.0000 -0.7731 0.0000	</row0>
					<row1>	0.0000 1.0000 0.0000 0.0000	</row1>
					<row2>	0.7731 0.0000 -0.6343 0.0000	</row2>
					<row3>	0.2697 0.2667 -4.4233 1.0000	</row3>
				</transform>
			</node>
			<node>
				<identifier>	MP_CM052_Fender_INDEX_4	</identifier>
				<transform>
					<row0>	0.0000 0.0000 -1.0000 0.0000	</row0>
					<row1>	0.0000 1.0000 0.0000 0.0000	</row1>
					<row2>	1.0000 0.0000 0.0000 0.0000	</row2>
					<row3>	0.5994 0.4175 0.3626 1.0000	</row3>
				</transform>
			</node>
			<node>
				<identifier>	MP_CM052_Fender_INDEX_5	</identifier>
				<transform>
					<row0>	0.0000 0.0000 -1.0000 0.0000	</row0>
					<row1>	0.0000 1.0000 0.0000 0.0000	</row1>
					<row2>	1.0000 0.0000 0.0000 0.0000	</row2>
					<row3>	0.6799 0.2570 -1.6751 1.0000	</row3>
				</transform>
			</node>
			<node>
				<identifier>	MP_CM104_Life_Buoy	</identifier>
				<transform>
					<row0>	0.0000 0.0000 1.0000 0.0000	</row0>
					<row1>	0.0000 1.0000 0.0000 0.0000	</row1>
					<row2>	-1.0000 0.0000 0.0000 0.0000	</row2>
					<row3>	0.9857 0.3118 -1.6171 1.0000	</row3>
				</transform>
			</node>
			<node>
				<identifier>	MP_CM104_Life_Buoy_INDEX_1	</identifier>
				<transform>
					<row0>	-0.0132 0.0000 0.9999 0.0000	</row0>
					<row1>	0.0000 1.0000 0.0000 0.0000	</row1>
					<row2>	-0.9999 0.0000 -0.0132 0.0000	</row2>
					<row3>	0.9578 0.4695 0.3125 1.0000	</row3>
				</transform>
			</node>
			<node>
				<identifier>	MP_CM104_Life_Buoy_INDEX_2	</identifier>
				<transform>
					<row0>	-0.0132 0.0000 -0.9999 0.0000	</row0>
					<row1>	0.0000 1.0000 0.0000 0.0000	</row1>
					<row2>	0.9999 0.0000 -0.0132 0.0000	</row2>
					<row3>	-0.9578 0.4695 0.3125 1.0000	</row3>
				</transform>
			</node>
			<node>
				<identifier>	MP_CM104_Life_Buoy_INDEX_3	</identifier>
				<transform>
					<row0>	0.0000 0.0000 -1.0000 0.0000	</row0>
					<row1>	0.0000 1.0000 0.0000 0.0000	</row1>
					<row2>	1.0000 0.0000 0.0000 0.0000	</row2>
					<row3>	-0.9857 0.3118 -1.6171 1.0000	</row3>
				</transform>
			</node>
			<node>
				<identifier>	MP_CM126_Cleat	</identifier>
				<transform>
					<row0>	0.3561 -0.4829 0.0000 0.0000	</row0>
					<row1>	0.0000 0.0000 0.6000 0.0000	</row1>
					<row2>	-0.4829 -0.3561 0.0000 0.0000	</row2>
					<row3>	-0.1337 0.9429 -2.8056 1.0000	</row3>
				</transform>
			</node>
			<node>
				<identifier>	MP_CM126_Cleat_INDEX_1	</identifier>
				<transform>
					<row0>	0.3561 -0.4829 0.0000 0.0000	</row0>
					<row1>	0.0000 0.0000 0.6000 0.0000	</row1>
					<row2>	-0.4829 -0.3561 0.0000 0.0000	</row2>
					<row3>	-0.1567 0.9429 -2.8056 1.0000	</row3>
				</transform>
			</node>
			<node>
				<identifier>	MP_CM126_Cleat_INDEX_2	</identifier>
				<transform>
					<row0>	0.3561 0.4829 0.0000 0.0000	</row0>
					<row1>	0.0000 0.0000 0.6000 0.0000	</row1>
					<row2>	0.4829 -0.3561 0.0000 0.0000	</row2>
					<row3>	0.1798 0.9429 -2.8056 1.0000	</row3>
				</transform>
			</node>
			<node>
				<identifier>	MP_CM126_Cleat_INDEX_3	</identifier>
				<transform>
					<row0>	0.3561 0.4829 0.0000 0.0000	</row0>
					<row1>	0.0000 0.0000 0.6000 0.0000	</row1>
					<row2>	0.4829 -0.3561 0.0000 0.0000	</row2>
					<row3>	0.1567 0.9429 -2.8056 1.0000	</row3>
				</transform>
			</node>
			<node>
