<ZGA094_2_pdr_MkVII_Quad.visual>
	<node>
		<identifier>	Scene Root	</identifier>
		<transform>
			<row0>	1.0000 0.0000 0.0000 0.0000	</row0>
			<row1>	0.0000 1.0000 0.0000 0.0000	</row1>
			<row2>	0.0000 0.0000 1.0000 0.0000	</row2>
			<row3>	0.0000 0.0000 0.0000 1.0000	</row3>
		</transform>
		<node>
			<identifier>	Turret	</identifier>
			<transform>
				<row0>	1.0000 0.0000 0.0000 0.0000	</row0>
				<row1>	0.0000 1.0000 0.0000 0.0000	</row1>
				<row2>	0.0000 0.0000 1.0000 0.0000	</row2>
				<row3>	0.0000 0.0000 0.0000 1.0000	</row3>
			</transform>
			<node>
				<identifier>	HP_gunFire1	</identifier>
				<transform>
					<row0>	1.0000 0.0000 0.0000 0.0000	</row0>
					<row1>	0.0000 0.8660 -0.5000 0.0000	</row1>
					<row2>	0.0000 0.5000 0.8660 0.0000	</row2>
					<row3>	0.0150 0.1486 0.0692 1.0000	</row3>
				</transform>
			</node>
			<node>
				<identifier>	HP_gunFire2	</identifier>
				<transform>
					<row0>	1.0000 0.0000 0.0000 0.0000	</row0>
					<row1>	0.0000 0.8660 -0.5000 0.0000	</row1>
					<row2>	0.0000 0.5000 0.8660 0.0000	</row2>
					<row3>	-0.0150 0.1486 0.0692 1.0000	</row3>
				</transform>
			</node>
			<node>
				<identifier>	HP_gunFire3	</identifier>
				<transform>
					<row0>	1.0000 0.0000 0.0000 0.0000	</row0>
					<row1>	0.0000 0.8660 -0.5000 0.0000	</row1>
					<row2>	0.0000 0.5000 0.8660 0.0000	</row2>
					<row3>	0.0150 0.1288 0.1040 1.0000	</row3>
				</transform>
			</node>
			<node>
				<identifier>	HP_gunFire4	</identifier>
				<transform>
					<row0>	1.0000 0.0000 0.0000 0.0000	</row0>
					<row1>	0.0000 0.8660 -0.5000 0.0000	</row1>
					<row2>	0.0000 0.5000 0.8660 0.0000	</row2>
					<row3>	-0.0150 0.1288 0.1040 1.0000	</row3>
				</transform>
			</node>
			<node>
				<identifier>	Turret_wire	</identifier>
				<transform>
					<row0>	1.0000 0.0000 0.0000 0.0000	</row0>
					<row1>	0.0000 1.0000 0.0000 0.0000	</row1>
					<row2>	0.0000 0.0000 1.0000 0.0000	</row2>
					<row3>	0.0000 0.0000 0.0000 1.0000	</row3>
				</transform>
			</node>
			<node>
				<identifier>	shield	</identifier>
				<transform>
					<row0>	1.0000 0.0000 0.0000 0.0000	</row0>
					<row1>	0.0000 1.0000 0.0000 0.0000	</row1>
					<row2>	0.0000 0.0000 1.0000 0.0000	</row2>
					<row3>	0.0000 0.0000 0.0000 1.0000	</row3>
				</transform>
			</node>
		</node>
	</node>
	<renderSet>
		<treatAsWorldSpaceObject>	false	</treatAsWorldSpaceObject>
		<node>	Turret	</node>
		<geometry>
			<vertices>	TurretShape.vertices	</vertices>
			<primitive>	TurretShape.indices	</primitive>
			<primitiveGroup>	0
				<material>
					<identifier>	TL2_SHIPMAT_PBS_Gun	</identifier>
					<mfm>	PnFMods/ModsSDK.zip/ZSC105_Chung_King/gun/ZGA024_2_pdr_MkVIII_8barrel.mfm	</mfm>
				</material>
			</primitiveGroup>
		</geometry>
	</renderSet>
	<renderSet>
		<treatAsWorldSpaceObject>	false	</treatAsWorldSpaceObject>
		<node>	Turret_wire	</node>
		<geometry>
			<vertices>	Turret_wireShape.vertices	</vertices>
			<primitive>	Turret_wireShape.indices	</primitive>
			<primitiveGroup>	0
				<material>
					<identifier>	TL2_SHIPWIRE_PBS_Gun	</identifier>
					<mfm>	PnFMods/ModsSDK.zip/ZSC105_Chung_King/gun/ZGA024_2_pdr_MkVIII_8barrel_wire.mfm	</mfm>
				</material>
			</primitiveGroup>
		</geometry>
	</renderSet>
	<renderSet>
		<treatAsWorldSpaceObject>	false	</treatAsWorldSpaceObject>
		<node>	shield	</node>
		<geometry>
			<vertices>	shieldShape.vertices	</vertices>
			<primitive>	shieldShape.indices	</primitive>
			<primitiveGroup>	0
				<material>
					<identifier>	TL2_SHIPMAT_PBS_Gun1	</identifier>
					<mfm>	PnFMods/ModsSDK.zip/ZSC105_Chung_King/gun/ZGA094_2_pdr_MkVII_Quad_Shield.mfm	</mfm>
				</material>
			</primitiveGroup>
		</geometry>
	</renderSet>
	<boundingBox>
		<min>	-0.0991 0.0000 -0.1227	</min>
		<max>	0.0991 0.2397 0.1951	</max>
	</boundingBox>
</ZGA094_2_pdr_MkVII_Quad.visual>
