<BSB040_St_Vincent_1944_MidFront_ports.visual>
	<node>
		<identifier>	Scene Root	</identifier>
		<transform>
			<row0>	1.0000 0.0000 0.0000 0.0000	</row0>
			<row1>	0.0000 1.0000 0.0000 0.0000	</row1>
			<row2>	0.0000 0.0000 1.0000 0.0000	</row2>
			<row3>	0.0000 0.0000 0.0000 1.0000	</row3>
		</transform>
		<node>
			<identifier>	MidFront_ports	</identifier>
			<transform>
				<row0>	1.0000 0.0000 0.0000 0.0000	</row0>
				<row1>	0.0000 1.0000 0.0000 0.0000	</row1>
				<row2>	0.0000 0.0000 1.0000 0.0000	</row2>
				<row3>	0.0000 0.0000 0.0000 1.0000	</row3>
			</transform>
			<node>
				<identifier>	HP_BD_1	</identifier>
				<transform>
					<row0>	1.0000 0.0000 0.0000 0.0000	</row0>
					<row1>	0.0000 1.0000 0.0000 0.0000	</row1>
					<row2>	0.0000 0.0000 1.0000 0.0000	</row2>
					<row3>	0.0000 1.2286 2.1746 1.0000	</row3>
				</transform>
			</node>
			<node>
				<identifier>	HP_BD_2	</identifier>
				<transform>
					<row0>	1.0000 0.0000 0.0000 0.0000	</row0>
					<row1>	0.0000 1.0000 0.0000 0.0000	</row1>
					<row2>	0.0000 0.0000 1.0000 0.0000	</row2>
					<row3>	0.0000 2.1604 1.7288 1.0000	</row3>
				</transform>
			</node>
			<node>
				<identifier>	HP_BD_3	</identifier>
				<transform>
					<row0>	0.0000 0.0000 1.0000 0.0000	</row0>
					<row1>	0.0000 1.0000 0.0000 0.0000	</row1>
					<row2>	-1.0000 0.0000 0.0000 0.0000	</row2>
					<row3>	-0.3553 1.7392 1.6887 1.0000	</row3>
				</transform>
			</node>
			<node>
				<identifier>	HP_BD_4	</identifier>
				<transform>
					<row0>	0.0000 0.0000 -1.0000 0.0000	</row0>
					<row1>	0.0000 1.0000 0.0000 0.0000	</row1>
					<row2>	1.0000 0.0000 0.0000 0.0000	</row2>
					<row3>	0.3553 1.7392 1.6887 1.0000	</row3>
				</transform>
			</node>
			<node>
				<identifier>	HP_BD_5	</identifier>
				<transform>
					<row0>	1.0000 0.0000 0.0000 0.0000	</row0>
					<row1>	0.0000 1.0000 0.0000 0.0000	</row1>
					<row2>	0.0000 0.0000 1.0000 0.0000	</row2>
					<row3>	-0.2428 1.9618 1.6472 1.0000	</row3>
				</transform>
			</node>
			<node>
				<identifier>	HP_BD_6	</identifier>
				<transform>
					<row0>	1.0000 0.0000 0.0000 0.0000	</row0>
					<row1>	0.0000 1.0000 0.0000 0.0000	</row1>
					<row2>	0.0000 0.0000 1.0000 0.0000	</row2>
					<row3>	0.2428 1.9618 1.6472 1.0000	</row3>
				</transform>
			</node>
			<node>
				<identifier>	HP_BD_7	</identifier>
				<transform>
					<row0>	1.0000 0.0000 0.0000 0.0000	</row0>
					<row1>	0.0000 1.0000 0.0000 0.0000	</row1>
					<row2>	0.0000 0.0000 1.0000 0.0000	</row2>
					<row3>	0.0000 2.6111 1.3231 1.0000	</row3>
				</transform>
			</node>
			<node>
				<identifier>	HP_BGA_10	</identifier>
				<transform>
					<row0>	0.7071 0.0000 -0.7071 0.0000	</row0>
					<row1>	0.0000 1.0000 0.0000 0.0000	</row1>
					<row2>	0.7071 0.0000 0.7071 0.0000	</row2>
					<row3>	0.7794 0.3866 3.1587 1.0000	</row3>
				</transform>
			</node>
			<node>
				<identifier>	HP_BGA_6	</identifier>
				<transform>
					<row0>	0.7071 0.0000 0.7071 0.0000	</row0>
					<row1>	0.0000 1.0000 0.0000 0.0000	</row1>
					<row2>	-0.7071 0.0000 0.7071 0.0000	</row2>
					<row3>	-0.5797 0.3991 5.3060 1.0000	</row3>
				</transform>
			</node>
			<node>
				<identifier>	HP_BGA_7	</identifier>
				<transform>
					<row0>	0.7071 0.0000 0.7071 0.0000	</row0>
					<row1>	0.0000 1.0000 0.0000 0.0000	</row1>
					<row2>	-0.7071 0.0000 0.7071 0.0000	</row2>
					<row3>	-0.7338 0.3873 3.5578 1.0000	</row3>
				</transform>
			</node>
			<node>
				<identifier>	HP_BGA_8	</identifier>
				<transform>
					<row0>	0.7071 0.0000 -0.7071 0.0000	</row0>
					<row1>	0.0000 1.0000 0.0000 0.0000	</row1>
					<row2>	0.7071 0.0000 0.7071 0.0000	</row2>
					<row3>	0.7338 0.3873 3.5578 1.0000	</row3>
				</transform>
			</node>
			<node>
				<identifier>	HP_BGA_9	</identifier>
				<transform>
					<row0>	0.7071 0.0000 0.7071 0.0000	</row0>
					<row1>	0.0000 1.0000 0.0000 0.0000	</row1>
					<row2>	-0.7071 0.0000 0.7071 0.0000	</row2>
					<row3>	-0.7794 0.3866 3.1587 1.0000	</row3>
				</transform>
			</node>
			<node>
				<identifier>	HP_BGM_1	</identifier>
				<transform>
					<row0>	1.0000 0.0000 0.0000 0.0000	</row0>
					<row1>	0.0000 1.0000 0.0000 0.0000	</row1>
					<row2>	0.0000 0.0000 1.0000 0.0000	</row2>
					<row3>	0.0000 0.4924 4.7377 1.0000	</row3>
				</transform>
			</node>
			<node>
				<identifier>	HP_BGM_2	</identifier>
				<transform>
					<row0>	1.0000 0.0000 0.0000 0.0000	</row0>
					<row1>	0.0000 1.0000 0.0000 0.0000	</row1>
					<row2>	0.0000 0.0000 1.0000 0.0000	</row2>
					<row3>	0.0000 0.7168 3.2724 1.0000	</row3>
				</transform>
			</node>
			<node>
				<identifier>	HP_BGM_3	</identifier>
				<transform>
					<row0>	-1.0000 0.0000 0.0000 0.0000	</row0>
					<row1>	0.0000 1.0000 0.0000 0.0000	</row1>
					<row2>	0.0000 0.0000 -1.0000 0.0000	</row2>
					<row3>	0.0000 0.4699 0.4281 1.0000	</row3>
				</transform>
			</node>
			<node>
				<identifier>	HP_BGS_1	</identifier>
				<transform>
					<row0>	1.0000 0.0000 0.0000 0.0000	</row0>
					<row1>	0.0000 1.0000 0.0000 0.0000	</row1>
					<row2>	0.0000 0.0000 1.0000 0.0000	</row2>
					<row3>	-0.5965 0.4518 2.4592 1.0000	</row3>
				</transform>
			</node>
			<node>
				<identifier>	HP_BGS_2	</identifier>
				<transform>
					<row0>	1.0000 0.0000 0.0000 0.0000	</row0>
					<row1>	0.0000 1.0000 0.0000 0.0000	</row1>
					<row2>	0.0000 0.0000 1.0000 0.0000	</row2>
					<row3>	0.5965 0.4518 2.4592 1.0000	</row3>
				</transform>
			</node>
			<node>
				<identifier>	HP_BRS_1	</identifier>
				<transform>
					<row0>	1.0000 0.0000 0.0000 0.0000	</row0>
					<row1>	0.0000 1.0000 0.0000 0.0000	</row1>
					<row2>	0.0000 0.0000 1.0000 0.0000	</row2>
					<row3>	0.0000 3.0338 0.9179 1.0000	</row3>
				</transform>
			</node>
			<node>
				<identifier>	HP_FX_Death_2	</identifier>
				<transform>
					<row0>	1.0000 0.0000 0.0000 0.0000	</row0>
					<row1>	0.0000 1.0000 0.0000 0.0000	</row1>
					<row2>	0.0000 0.0000 1.0000 0.0000	</row2>
					<row3>	0.0000 0.0000 0.0210 1.0000	</row3>
				</transform>
			</node>
			<node>
				<identifier>	HP_FX_Fire_2	</identifier>
				<transform>
					<row0>	1.0000 0.0000 0.0000 0.0000	</row0>
					<row1>	0.0000 1.0000 0.0000 0.0000	</row1>
					<row2>	0.0000 0.0000 1.0000 0.0000	</row2>
					<row3>	-0.5564 0.3816 1.2293 1.0000	</row3>
				</transform>
			</node>
			<node>
				<identifier>	HP_FX_Fire_2_side_1	</identifier>
				<transform>
					<row0>	0.9986 0.0000 -0.0531 0.0000	</row0>
					<row1>	0.0000 1.0000 0.0000 0.0000	</row1>
					<row2>	0.0531 0.0000 0.9986 0.0000	</row2>
					<row3>	-0.8087 0.3879 3.5592 1.0000	</row3>
				</transform>
			</node>
			<node>
				<identifier>	HP_FX_Fire_2_side_2	</identifier>
				<transform>
					<row0>	0.9971 0.0000 0.0763 0.0000	</row0>
					<row1>	0.0000 1.0000 0.0000 0.0000	</row1>
					<row2>	-0.0763 0.0000 0.9971 0.0000	</row2>
					<row3>	0.8848 0.3781 2.2134 1.0000	</row3>
				</transform>
			</node>
			<node>
				<identifier>	HP_FX_FloodLight_left_1	</identifier>
				<transform>
					<row0>	-1.0000 0.0000 0.0000 0.0000	</row0>
					<row1>	0.0000 1.0000 0.0000 0.0000	</row1>
					<row2>	0.0000 0.0000 -1.0000 0.0000	</row2>
					<row3>	-0.4835 0.5065 1.9568 1.0000	</row3>
				</transform>
			</node>
			<node>
				<identifier>	HP_FX_FloodLight_right_1	</identifier>
				<transform>
					<row0>	1.0000 0.0000 0.0000 0.0000	</row0>
					<row1>	0.0000 1.0000 0.0000 0.0000	</row1>
					<row2>	0.0000 0.0000 1.0000 0.0000	</row2>
					<row3>	0.4833 0.5053 1.9941 1.0000	</row3>
				</transform>
			</node>
			<node>
				<identifier>	HP_FX_Flood_steam_left	</identifier>
				<transform>
					<row0>	-1.0000 0.0000 0.0000 0.0000	</row0>
					<row1>	0.0000 1.0000 0.0000 0.0000	</row1>
					<row2>	0.0000 0.0000 -1.0000 0.0000	</row2>
					<row3>	-0.9162 0.3083 3.8373 1.0000	</row3>
				</transform>
			</node>
			<node>
				<identifier>	HP_FX_RepairLight_left_1	</identifier>
				<transform>
					<row0>	0.0905 0.0000 0.9959 0.0000	</row0>
					<row1>	-0.1347 0.9908 0.0122 0.0000	</row1>
					<row2>	-0.9867 -0.1353 0.0896 0.0000	</row2>
					<row3>	-0.8961 0.3663 4.1301 1.0000	</row3>
				</transform>
			</node>
			<node>
				<identifier>	HP_FX_RepairLight_right_1	</identifier>
				<transform>
					<row0>	0.0905 0.0000 -0.9959 0.0000	</row0>
					<row1>	0.1347 0.9908 0.0122 0.0000	</row1>
					<row2>	0.9867 -0.1353 0.0896 0.0000	</row2>
					<row3>	0.9331 0.3733 3.7337 1.0000	</row3>
				</transform>
			</node>
			<node>
				<identifier>	HP_Ship_death_2	</identifier>
				<transform>
					<row0>	1.0000 0.0000 0.0000 0.0000	</row0>
					<row1>	0.0000 1.0000 0.0000 0.0000	</row1>
					<row2>	0.0000 0.0000 1.0000 0.0000	</row2>
					<row3>	0.0000 0.0000 -0.4652 1.0000	</row3>
				</transform>
			</node>
			<node>
				<identifier>	HP_flag_nation	</identifier>
				<transform>
					<row0>	1.0000 0.0001 0.0000 0.0000	</row0>
					<row1>	-0.0001 0.9701 -0.2427 0.0000	</row1>
					<row2>	0.0000 0.2427 0.9701 0.0000	</row2>
					<row3>	0.0000 3.0868 0.7183 1.0000	</row3>
				</transform>
			</node>
			<node>
				<identifier>	MP_BM019_Reels_1	</identifier>
				<transform>
					<row0>	0.9952 0.0000 0.0976 0.0000	</row0>
					<row1>	0.0000 1.0000 0.0000 0.0000	</row1>
					<row2>	-0.0976 0.0000 0.9952 0.0000	</row2>
					<row3>	-0.0601 0.4029 5.2464 1.0000	</row3>
				</transform>
			</node>
			<node>
				<identifier>	MP_BM019_Reels_1_INDEX_1	</identifier>
				<transform>
					<row0>	-0.8498 0.0000 0.5271 0.0000	</row0>
					<row1>	0.0000 1.0000 0.0000 0.0000	</row1>
					<row2>	-0.5271 0.0000 -0.8498 0.0000	</row2>
					<row3>	-0.2564 0.3920 -0.0199 1.0000	</row3>
				</transform>
			</node>
			<node>
				<identifier>	MP_BM019_Reels_1_INDEX_2	</identifier>
				<transform>
					<row0>	0.0000 0.0000 1.0000 0.0000	</row0>
					<row1>	0.0000 1.0000 0.0000 0.0000	</row1>
					<row2>	-1.0000 0.0000 0.0000 0.0000	</row2>
					<row3>	0.5176 0.3892 0.4289 1.0000	</row3>
				</transform>
			</node>
			<node>
				<identifier>	MP_BM019_Reels_1_INDEX_3	</identifier>
				<transform>
					<row0>	-0.7398 0.0000 0.6728 0.0000	</row0>
					<row1>	0.0000 1.0000 0.0000 0.0000	</row1>
					<row2>	-0.6728 0.0000 -0.7398 0.0000	</row2>
					<row3>	-0.3330 0.3920 0.0325 1.0000	</row3>
				</transform>
			</node>
			<node>
				<identifier>	MP_BM019_Reels_1_INDEX_4	</identifier>
				<transform>
					<row0>	0.8782 0.0000 -0.4783 0.0000	</row0>
					<row1>	0.0000 1.0000 0.0000 0.0000	</row1>
					<row2>	0.4783 0.0000 0.8782 0.0000	</row2>
					<row3>	0.2114 0.3953 3.7479 1.0000	</row3>
				</transform>
			</node>
			<node>
				<identifier>	MP_BM019_Reels_1_INDEX_5	</identifier>
				<transform>
					<row0>	0.2357 0.0000 -0.9718 0.0000	</row0>
					<row1>	0.0000 1.0000 0.0000 0.0000	</row1>
					<row2>	0.9718 0.0000 0.2357 0.0000	</row2>
					<row3>	0.5007 0.3916 3.3940 1.0000	</row3>
				</transform>
			</node>
			<node>
				<identifier>	MP_BM019_Reels_1_INDEX_6	</identifier>
				<transform>
					<row0>	0.9622 0.0000 0.2723 0.0000	</row0>
					<row1>	0.0000 1.0000 0.0000 0.0000	</row1>
					<row2>	-0.2723 0.0000 0.9622 0.0000	</row2>
					<row3>	-0.1470 0.4029 5.2279 1.0000	</row3>
				</transform>
			</node>
			<node>
				<identifier>	MP_BM019_Reels_1_INDEX_7	</identifier>
				<transform>
					<row0>	0.8128 0.0000 0.5825 0.0000	</row0>
					<row1>	0.0000 1.0000 0.0000 0.0000	</row1>
					<row2>	-0.5825 0.0000 0.8128 0.0000	</row2>
					<row3>	-0.3088 0.3947 3.6825 1.0000	</row3>
				</transform>
			</node>
			<node>
				<identifier>	MP_BM019_Reels_1_INDEX_8	</identifier>
				<transform>
					<row0>	0.2376 -0.0022 0.9714 0.0000	</row0>
					<row1>	-0.0188 0.9998 0.0068 0.0000	</row1>
					<row2>	-0.9712 -0.0199 0.2375 0.0000	</row2>
					<row3>	-0.5007 0.3917 3.3940 1.0000	</row3>
				</transform>
			</node>
			<node>
				<identifier>	MP_BM019_Reels_1_INDEX_9	</identifier>
				<transform>
					<row0>	-0.8158 0.0000 -0.5783 0.0000	</row0>
					<row1>	0.0000 1.0000 0.0000 0.0000	</row1>
					<row2>	0.5783 0.0000 -0.8158 0.0000	</row2>
					<row3>	0.2818 0.3917 -0.0061 1.0000	</row3>
				</transform>
			</node>
			<node>
				<identifier>	MP_BM022_Flotanet	</identifier>
				<transform>
					<row0>	0.9999 -0.0111 0.0052 0.0000	</row0>
					<row1>	0.0111 0.9999 -0.0006 0.0000	</row1>
					<row2>	-0.0052 0.0007 1.0000 0.0000	</row2>
					<row3>	-0.2304 0.5788 2.4625 1.0000	</row3>
				</transform>
			</node>
			<node>
				<identifier>	MP_BM022_Flotanet_INDEX_1	</identifier>
				<transform>
					<row0>	0.9999 -0.0121 0.0000 0.0000	</row0>
					<row1>	0.0121 0.9999 0.0000 0.0000	</row1>
					<row2>	0.0000 0.0000 1.0000 0.0000	</row2>
					<row3>	0.4570 0.5788 2.0564 1.0000	</row3>
				</transform>
			</node>
			<node>
				<identifier>	MP_BM022_Flotanet_INDEX_2	</identifier>
				<transform>
					<row0>	-0.9999 -0.0121 0.0000 0.0000	</row0>
					<row1>	-0.0121 0.9999 0.0000 0.0000	</row1>
					<row2>	0.0000 0.0000 -1.0000 0.0000	</row2>
					<row3>	-0.4570 0.5788 2.0564 1.0000	</row3>
				</transform>
			</node>
			<node>
				<identifier>	MP_BM022_Flotanet_INDEX_3	</identifier>
				<transform>
					<row0>	-0.9999 -0.0111 0.0052 0.0000	</row0>
					<row1>	-0.0111 0.9999 0.0006 0.0000	</row1>
					<row2>	-0.0052 0.0006 -1.0000 0.0000	</row2>
					<row3>	0.2304 0.5788 2.4625 1.0000	</row3>
				</transform>
			</node>
			<node>
				<identifier>	MP_BM036_Hotchkiss_3pdr_47mm	</identifier>
				<transform>
					<row0>	0.5000 0.0000 0.8660 0.0000	</row0>
					<row1>	0.0000 1.0000 0.0000 0.0000	</row1>
					<row2>	-0.8660 0.0000 0.5000 0.0000	</row2>
					<row3>	-0.3132 1.0664 2.1057 1.0000	</row3>
				</transform>
			</node>
			<node>
				<identifier>	MP_BM036_Hotchkiss_3pdr_47mm_INDEX_1	</identifier>
				<transform>
					<row0>	0.5000 0.0000 -0.8660 0.0000	</row0>
					<row1>	0.0000 1.0000 0.0000 0.0000	</row1>
					<row2>	0.8660 0.0000 0.5000 0.0000	</row2>
					<row3>	0.3987 1.0664 1.9347 1.0000	</row3>
				</transform>
			</node>
			<node>
				<identifier>	MP_BM036_Hotchkiss_3pdr_47mm_INDEX_2	</identifier>
				<transform>
					<row0>	0.5000 0.0000 0.8660 0.0000	</row0>
					<row1>	0.0000 1.0000 0.0000 0.0000	</row1>
					<row2>	-0.8660 0.0000 0.5000 0.0000	</row2>
					<row3>	-0.4006 1.0664 1.9347 1.0000	</row3>
				</transform>
			</node>
			<node>
				<identifier>	MP_BM036_Hotchkiss_3pdr_47mm_INDEX_3	</identifier>
				<transform>
					<row0>	0.5000 0.0000 -0.8660 0.0000	</row0>
					<row1>	0.0000 1.0000 0.0000 0.0000	</row1>
					<row2>	0.8660 0.0000 0.5000 0.0000	</row2>
					<row3>	0.3126 1.0664 2.1057 1.0000	</row3>
				</transform>
			</node>
			<node>
				<identifier>	MP_BM038_Helmets	</identifier>
				<transform>
					<row0>	0.0000 0.0000 -1.0000 0.0000	</row0>
					<row1>	0.0000 1.0000 0.0000 0.0000	</row1>
					<row2>	1.0000 0.0000 0.0000 0.0000	</row2>
					<row3>	0.4805 0.4286 1.9883 1.0000	</row3>
				</transform>
			</node>
			<node>
				<identifier>	MP_BM038_Helmets_INDEX_1	</identifier>
				<transform>
					<row0>	0.0000 0.0000 1.0000 0.0000	</row0>
					<row1>	0.0000 1.0000 0.0000 0.0000	</row1>
					<row2>	-1.0000 0.0000 0.0000 0.0000	</row2>
					<row3>	-0.4805 0.4286 1.8788 1.0000	</row3>
				</transform>
			</node>
			<node>
				<identifier>	MP_BM038_Helmets_INDEX_2	</identifier>
				<transform>
					<row0>	-0.0954 0.0000 0.9954 0.0000	</row0>
					<row1>	0.0000 1.0000 0.0000 0.0000	</row1>
					<row2>	-0.9954 0.0000 -0.0954 0.0000	</row2>
					<row3>	-0.4739 0.4297 3.2172 1.0000	</row3>
				</transform>
			</node>
			<node>
				<identifier>	MP_BM038_Helmets_INDEX_3	</identifier>
				<transform>
					<row0>	1.0000 0.0000 0.0000 0.0000	</row0>
					<row1>	0.0000 1.0000 0.0000 0.0000	</row1>
					<row2>	0.0000 0.0000 1.0000 0.0000	</row2>
					<row3>	0.1341 1.0970 1.9339 1.0000	</row3>
				</transform>
			</node>
			<node>
				<identifier>	MP_BM038_Helmets_INDEX_4	</identifier>
				<transform>
					<row0>	-0.0954 0.0000 -0.9954 0.0000	</row0>
					<row1>	0.0000 1.0000 0.0000 0.0000	</row1>
					<row2>	0.9954 0.0000 -0.0954 0.0000	</row2>
					<row3>	0.4755 0.4297 3.2341 1.0000	</row3>
				</transform>
			</node>
			<node>
				<identifier>	MP_BM038_Helmets_INDEX_5	</identifier>
				<transform>
					<row0>	1.0000 0.0000 0.0000 0.0000	</row0>
					<row1>	0.0000 1.0000 0.0000 0.0000	</row1>
					<row2>	0.0000 0.0000 1.0000 0.0000	</row2>
					<row3>	-0.1355 1.0970 1.9339 1.0000	</row3>
				</transform>
			</node>
			<node>
				<identifier>	MP_BM600_Sky_lookout	</identifier>
				<transform>
					<row0>	0.9397 0.0000 -0.3420 0.0000	</row0>
					<row1>	0.0000 1.0000 0.0000 0.0000	</row1>
					<row2>	0.3420 0.0000 0.9397 0.0000	</row2>
					<row3>	-0.0621 2.4692 1.5421 1.0000	</row3>
				</transform>
			</node>
			<node>
				<identifier>	MP_BM600_Sky_lookout_INDEX_1	</identifier>
				<transform>
					<row0>	-0.7769 0.0000 -0.6297 0.0000	</row0>
					<row1>	0.0000 1.0000 0.0000 0.0000	</row1>
					<row2>	0.6297 0.0000 -0.7769 0.0000	</row2>
					<row3>	0.1832 1.8771 1.8943 1.0000	</row3>
				</transform>
			</node>
			<node>
				<identifier>	MP_BM600_Sky_lookout_INDEX_2	</identifier>
				<transform>
					<row0>	-0.9397 0.0000 -0.3420 0.0000	</row0>
					<row1>	0.0000 1.0000 0.0000 0.0000	</row1>
					<row2>	0.3420 0.0000 -0.9397 0.0000	</row2>
					<row3>	0.0947 2.4692 1.4328 1.0000	</row3>
				</transform>
			</node>
			<node>
				<identifier>	MP_BM600_Sky_lookout_INDEX_3	</identifier>
				<transform>
					<row0>	-0.9397 0.0000 -0.3420 0.0000	</row0>
					<row1>	0.0000 1.0000 0.0000 0.0000	</row1>
					<row2>	0.3420 0.0000 -0.9397 0.0000	</row2>
					<row3>	0.1280 2.4692 1.3252 1.0000	</row3>
				</transform>
			</node>
			<node>
				<identifier>	MP_BM600_Sky_lookout_INDEX_4	</identifier>
				<transform>
					<row0>	0.7769 0.0000 -0.6297 0.0000	</row0>
					<row1>	0.0000 1.0000 0.0000 0.0000	</row1>
					<row2>	0.6297 0.0000 0.7769 0.0000	</row2>
					<row3>	-0.2722 1.8771 1.8056 1.0000	</row3>
				</transform>
			</node>
			<node>
				<identifier>	MP_BM600_Sky_lookout_INDEX_5	</identifier>
				<transform>
					<row0>	0.9397 0.0000 -0.3420 0.0000	</row0>
					<row1>	0.0000 1.0000 0.0000 0.0000	</row1>
					<row2>	0.3420 0.0000 0.9397 0.0000	</row2>
					<row3>	-0.0952 2.4692 1.4328 1.0000	</row3>
				</transform>
			</node>
			<node>
				<identifier>	MP_BM600_Sky_lookout_INDEX_6	</identifier>
				<transform>
					<row0>	0.7769 0.0000 -0.6297 0.0000	</row0>
					<row1>	0.0000 1.0000 0.0000 0.0000	</row1>
					<row2>	0.6297 0.0000 0.7769 0.0000	</row2>
					<row3>	-0.1824 1.8771 1.8943 1.0000	</row3>
				</transform>
			</node>
			<node>
				<identifier>	MP_BM600_Sky_lookout_INDEX_7	</identifier>
				<transform>
					<row0>	0.9397 0.0000 -0.3420 0.0000	</row0>
					<row1>	0.0000 1.0000 0.0000 0.0000	</row1>
					<row2>	0.3420 0.0000 0.9397 0.0000	</row2>
					<row3>	-0.1288 2.4692 1.3249 1.0000	</row3>
				</transform>
			</node>
			<node>
				<identifier>	MP_BM600_Sky_lookout_INDEX_8	</identifier>
				<transform>
					<row0>	-0.7769 0.0000 -0.6297 0.0000	</row0>
					<row1>	0.0000 1.0000 0.0000 0.0000	</row1>
					<row2>	0.6297 0.0000 -0.7769 0.0000	</row2>
					<row3>	0.2731 1.8771 1.8056 1.0000	</row3>
				</transform>
			</node>
			<node>
				<identifier>	MP_BM600_Sky_lookout_INDEX_9	</identifier>
				<transform>
					<row0>	-0.9397 0.0000 -0.3420 0.0000	</row0>
					<row1>	0.0000 1.0000 0.0000 0.0000	</row1>
					<row2>	0.3420 0.0000 -0.9397 0.0000	</row2>
					<row3>	0.0613 2.4692 1.5421 1.0000	</row3>
				</transform>
			</node>
			<node>
				<identifier>	MP_BM602_Pelorus	</identifier>
				<transform>
					<row0>	1.0000 0.0000 0.0000 0.0000	</row0>
					<row1>	0.0000 1.0000 0.0000 0.0000	</row1>
					<row2>	0.0000 0.0000 1.0000 0.0000	</row2>
					<row3>	0.0000 1.7174 1.0925 1.0000	</row3>
				</transform>
			</node>
			<node>
				<identifier>	MP_BM602_Pelorus_INDEX_1	</identifier>
				<transform>
					<row0>	0.0000 0.0000 -1.0000 0.0000	</row0>
					<row1>	0.0000 1.0000 0.0000 0.0000	</row1>
					<row2>	1.0000 0.0000 0.0000 0.0000	</row2>
					<row3>	-0.0238 1.7408 1.8997 1.0000	</row3>
				</transform>
			</node>
			<node>
				<identifier>	MP_BM602_Pelorus_INDEX_2	</identifier>
				<transform>
					<row0>	1.0000 0.0000 0.0000 0.0000	</row0>
					<row1>	0.0000 1.0000 0.0000 0.0000	</row1>
					<row2>	0.0000 0.0000 1.0000 0.0000	</row2>
					<row3>	0.0000 1.5955 2.0195 1.0000	</row3>
				</transform>
			</node>
			<node>
				<identifier>	MP_BM603_Compass_Binnacle	</identifier>
				<transform>
					<row0>	1.0000 0.0000 0.0000 0.0000	</row0>
					<row1>	0.0000 1.0000 0.0000 0.0000	</row1>
					<row2>	0.0000 0.0000 1.0000 0.0000	</row2>
					<row3>	0.0000 1.5925 1.9574 1.0000	</row3>
				</transform>
			</node>
			<node>
				<identifier>	MP_BM604_Voice_Tube	</identifier>
				<transform>
					<row0>	0.6392 0.0000 0.7691 0.0000	</row0>
					<row1>	0.0000 1.0000 0.0000 0.0000	</row1>
					<row2>	-0.7691 0.0000 0.6392 0.0000	</row2>
					<row3>	0.1768 1.0652 2.1015 1.0000	</row3>
				</transform>
			</node>
			<node>
				<identifier>	MP_BM604_Voice_Tube_INDEX_1	</identifier>
				<transform>
					<row0>	-0.5893 0.0000 0.8079 0.0000	</row0>
					<row1>	0.0000 1.0000 0.0000 0.0000	</row1>
					<row2>	-0.8079 0.0000 -0.5893 0.0000	</row2>
					<row3>	0.1202 1.8787 1.7591 1.0000	</row3>
				</transform>
			</node>
			<node>
				<identifier>	MP_BM604_Voice_Tube_INDEX_2	</identifier>
				<transform>
					<row0>	0.4546 0.0000 0.8907 0.0000	</row0>
					<row1>	0.0000 1.0000 0.0000 0.0000	</row1>
					<row2>	-0.8907 0.0000 0.4546 0.0000	</row2>
					<row3>	0.2320 1.5569 1.7032 1.0000	</row3>
				</transform>
			</node>
			<node>
				<identifier>	MP_BM604_Voice_Tube_INDEX_3	</identifier>
				<transform>
					<row0>	0.4546 0.0000 -0.8907 0.0000	</row0>
					<row1>	0.0000 1.0000 0.0000 0.0000	</row1>
					<row2>	0.8907 0.0000 0.4546 0.0000	</row2>
					<row3>	-0.2320 1.5569 1.7032 1.0000	</row3>
				</transform>
			</node>
			<node>
				<identifier>	MP_BM604_Voice_Tube_INDEX_4	</identifier>
				<transform>
					<row0>	-0.2201 0.0000 0.9755 0.0000	</row0>
					<row1>	0.0000 1.0000 0.0000 0.0000	</row1>
					<row2>	-0.9755 0.0000 -0.2201 0.0000	</row2>
					<row3>	0.1913 1.3891 1.6917 1.0000	</row3>
				</transform>
			</node>
			<node>
				<identifier>	MP_BM604_Voice_Tube_INDEX_5	</identifier>
				<transform>
					<row0>	-0.6658 0.0000 0.7461 0.0000	</row0>
					<row1>	0.0000 1.0000 0.0000 0.0000	</row1>
					<row2>	-0.7461 0.0000 -0.6658 0.0000	</row2>
					<row3>	0.2836 1.7396 1.6516 1.0000	</row3>
				</transform>
			</node>
			<node>
				<identifier>	MP_BM604_Voice_Tube_INDEX_6	</identifier>
				<transform>
					<row0>	0.6392 0.0000 -0.7691 0.0000	</row0>
					<row1>	0.0000 1.0000 0.0000 0.0000	</row1>
					<row2>	0.7691 0.0000 0.6392 0.0000	</row2>
					<row3>	-0.1768 1.0652 2.1015 1.0000	</row3>
				</transform>
			</node>
			<node>
				<identifier>	MP_BM604_Voice_Tube_INDEX_7	</identifier>
				<transform>
					<row0>	-0.5893 0.0000 -0.8079 0.0000	</row0>
					<row1>	0.0000 1.0000 0.0000 0.0000	</row1>
					<row2>	0.8079 0.0000 -0.5893 0.0000	</row2>
					<row3>	-0.1202 1.8787 1.7591 1.0000	</row3>
				</transform>
			</node>
			<node>
				<identifier>	MP_BM604_Voice_Tube_INDEX_8	</identifier>
				<transform>
					<row0>	-0.6658 0.0000 -0.7461 0.0000	</row0>
					<row1>	0.0000 1.0000 0.0000 0.0000	</row1>
					<row2>	0.7461 0.0000 -0.6658 0.0000	</row2>
					<row3>	-0.2836 1.7396 1.6516 1.0000	</row3>
				</transform>
			</node>
			<node>
				<identifier>	MP_BM604_Voice_Tube_INDEX_9	</identifier>
				<transform>
					<row0>	-0.2201 0.0000 -0.9755 0.0000	</row0>
					<row1>	0.0000 1.0000 0.0000 0.0000	</row1>
					<row2>	0.9755 0.0000 -0.2201 0.0000	</row2>
					<row3>	-0.1913 1.3891 1.6917 1.0000	</row3>
				</transform>
			</node>
			<node>
				<identifier>	MP_BM605_Captain_sight	</identifier>
				<transform>
					<row0>	1.0000 0.0000 0.0000 0.0000	</row0>
					<row1>	0.0000 1.0000 0.0000 0.0000	</row1>
					<row2>	0.0000 0.0000 1.0000 0.0000	</row2>
					<row3>	0.0000 1.8771 1.9007 1.0000	</row3>
				</transform>
			</node>
			<node>
				<identifier>	MP_BM606_Searchlight_sight	</identifier>
				<transform>
					<row0>	0.0000 0.0000 1.0000 0.0000	</row0>
					<row1>	0.0000 1.0000 0.0000 0.0000	</row1>
					<row2>	-1.0000 0.0000 0.0000 0.0000	</row2>
					<row3>	-0.3370 1.5555 1.6879 1.0000	</row3>
				</transform>
			</node>
			<node>
				<identifier>	MP_BM606_Searchlight_sight_INDEX_1	</identifier>
				<transform>
					<row0>	0.0000 0.0000 -1.0000 0.0000	</row0>
					<row1>	0.0000 1.0000 0.0000 0.0000	</row1>
					<row2>	1.0000 0.0000 0.0000 0.0000	</row2>
					<row3>	0.3370 1.5555 1.6879 1.0000	</row3>
				</transform>
			</node>
			<node>
				<identifier>	MP_BM608_Compass_repeater	</identifier>
				<transform>
					<row0>	-0.7071 0.0000 -0.7071 0.0000	</row0>
					<row1>	0.0000 1.0000 0.0000 0.0000	</row1>
					<row2>	0.7071 0.0000 -0.7071 0.0000	</row2>
					<row3>	-0.1735 1.6668 1.9753 1.0000	</row3>
				</transform>
			</node>
			<node>
				<identifier>	MP_BM608_Compass_repeater_INDEX_1	</identifier>
				<transform>
					<row0>	0.5102 0.0000 0.8600 0.0000	</row0>
					<row1>	0.0000 1.0000 0.0000 0.0000	</row1>
					<row2>	-0.8600 0.0000 0.5102 0.0000	</row2>
					<row3>	0.3460 1.6368 1.5795 1.0000	</row3>
				</transform>
			</node>
			<node>
				<identifier>	MP_BM608_Compass_repeater_INDEX_2	</identifier>
				<transform>
					<row0>	-0.5453 0.0000 0.8383 0.0000	</row0>
					<row1>	0.0000 1.0000 0.0000 0.0000	</row1>
					<row2>	-0.8383 0.0000 -0.5453 0.0000	</row2>
					<row3>	0.2073 1.1601 2.4394 1.0000	</row3>
				</transform>
			</node>
			<node>
				<identifier>	MP_BM608_Compass_repeater_INDEX_3	</identifier>
				<transform>
					<row0>	0.5102 0.0000 -0.8600 0.0000	</row0>
					<row1>	0.0000 1.0000 0.0000 0.0000	</row1>
					<row2>	0.8600 0.0000 0.5102 0.0000	</row2>
					<row3>	-0.3462 1.6368 1.5794 1.0000	</row3>
				</transform>
			</node>
			<node>
				<identifier>	MP_BM608_Compass_repeater_INDEX_4	</identifier>
				<transform>
					<row0>	-0.5453 0.0000 -0.8383 0.0000	</row0>
					<row1>	0.0000 1.0000 0.0000 0.0000	</row1>
					<row2>	0.8383 0.0000 -0.5453 0.0000	</row2>
					<row3>	-0.2073 1.1601 2.4394 1.0000	</row3>
				</transform>
			</node>
			<node>
				<identifier>	MP_BM608_Compass_repeater_INDEX_5	</identifier>
				<transform>
					<row0>	-0.7071 0.0000 0.7071 0.0000	</row0>
					<row1>	0.0000 1.0000 0.0000 0.0000	</row1>
					<row2>	-0.7071 0.0000 -0.7071 0.0000	</row2>
					<row3>	0.1735 1.6668 1.9753 1.0000	</row3>
				</transform>
			</node>
			<node>
				<identifier>	MP_BM608_Compass_repeater_INDEX_6	</identifier>
				<transform>
					<row0>	0.0000 0.0000 1.0000 0.0000	</row0>
					<row1>	0.0000 1.0000 0.0000 0.0000	</row1>
					<row2>	-1.0000 0.0000 0.0000 0.0000	</row2>
					<row3>	0.3965 1.9517 1.6913 1.0000	</row3>
				</transform>
			</node>
			<node>
				<identifier>	MP_BM608_Compass_repeater_INDEX_7	</identifier>
				<transform>
					<row0>	0.0000 0.0000 -1.0000 0.0000	</row0>
					<row1>	0.0000 1.0000 0.0000 0.0000	</row1>
					<row2>	1.0000 0.0000 0.0000 0.0000	</row2>
					<row3>	-0.3957 1.9518 1.6907 1.0000	</row3>
				</transform>
			</node>
			<node>
				<identifier>	MP_BM611_Telephone	</identifier>
				<transform>
					<row0>	-1.0000 0.0000 0.0000 0.0000	</row0>
					<row1>	0.0000 1.0000 0.0000 0.0000	</row1>
					<row2>	0.0000 0.0000 -1.0000 0.0000	</row2>
					<row3>	0.1434 1.8299 1.7696 1.0000	</row3>
				</transform>
			</node>
			<node>
				<identifier>	MP_BM611_Telephone_INDEX_1	</identifier>
				<transform>
					<row0>	0.0000 0.0000 -1.0000 0.0000	</row0>
					<row1>	0.0000 1.0000 0.0000 0.0000	</row1>
					<row2>	1.0000 0.0000 0.0000 0.0000	</row2>
					<row3>	-0.2738 1.8299 1.6864 1.0000	</row3>
				</transform>
			</node>
			<node>
				<identifier>	MP_BM611_Telephone_INDEX_10	</identifier>
				<transform>
					<row0>	-0.2804 0.0000 -0.9599 0.0000	</row0>
					<row1>	0.0000 1.0000 0.0000 0.0000	</row1>
					<row2>	0.9599 0.0000 -0.2804 0.0000	</row2>
					<row3>	-0.0398 2.5419 1.3324 1.0000	</row3>
				</transform>
			</node>
			<node>
				<identifier>	MP_BM611_Telephone_INDEX_11	</identifier>
				<transform>
					<row0>	0.0000 0.0000 -1.0000 0.0000	</row0>
					<row1>	0.0000 1.0000 0.0000 0.0000	</row1>
					<row2>	1.0000 0.0000 0.0000 0.0000	</row2>
					<row3>	-0.1826 1.4924 1.7880 1.0000	</row3>
				</transform>
			</node>
			<node>
				<identifier>	MP_BM611_Telephone_INDEX_12	</identifier>
				<transform>
					<row0>	-0.2804 0.0000 0.9599 0.0000	</row0>
					<row1>	0.0000 1.0000 0.0000 0.0000	</row1>
					<row2>	-0.9599 0.0000 -0.2804 0.0000	</row2>
					<row3>	0.0398 2.5419 1.3324 1.0000	</row3>
				</transform>
			</node>
			<node>
				<identifier>	MP_BM611_Telephone_INDEX_13	</identifier>
				<transform>
					<row0>	0.0000 0.0000 -1.0000 0.0000	</row0>
					<row1>	0.0000 1.0000 0.0000 0.0000	</row1>
					<row2>	1.0000 0.0000 0.0000 0.0000	</row2>
					<row3>	-0.2227 1.6533 1.6067 1.0000	</row3>
				</transform>
			</node>
			<node>
				<identifier>	MP_BM611_Telephone_INDEX_14	</identifier>
				<transform>
					<row0>	-0.7082 0.0000 0.7061 0.0000	</row0>
					<row1>	0.0000 1.0000 0.0000 0.0000	</row1>
					<row2>	-0.7061 0.0000 -0.7082 0.0000	</row2>
					<row3>	0.0300 2.5419 1.3507 1.0000	</row3>
				</transform>
			</node>
			<node>
				<identifier>	MP_BM611_Telephone_INDEX_15	</identifier>
				<transform>
					<row0>	-1.0000 0.0000 0.0000 0.0000	</row0>
					<row1>	0.0000 1.0000 0.0000 0.0000	</row1>
					<row2>	0.0000 0.0000 -1.0000 0.0000	</row2>
					<row3>	0.0000 1.6946 1.8900 1.0000	</row3>
				</transform>
			</node>
			<node>
				<identifier>	MP_BM611_Telephone_INDEX_16	</identifier>
				<transform>
					<row0>	0.0000 0.0000 1.0000 0.0000	</row0>
					<row1>	0.0000 1.0000 0.0000 0.0000	</row1>
					<row2>	-1.0000 0.0000 0.0000 0.0000	</row2>
					<row3>	0.2227 1.6533 1.6067 1.0000	</row3>
				</transform>
			</node>
			<node>
				<identifier>	MP_BM611_Telephone_INDEX_17	</identifier>
				<transform>
					<row0>	0.2858 0.0000 0.9583 0.0000	</row0>
					<row1>	0.0000 1.0000 0.0000 0.0000	</row1>
					<row2>	-0.9583 0.0000 0.2858 0.0000	</row2>
					<row3>	-0.1158 2.5215 1.4656 1.0000	</row3>
				</transform>
			</node>
			<node>
				<identifier>	MP_BM611_Telephone_INDEX_18	</identifier>
				<transform>
					<row0>	0.2858 0.0000 -0.9583 0.0000	</row0>
					<row1>	0.0000 1.0000 0.0000 0.0000	</row1>
					<row2>	0.9583 0.0000 0.2858 0.0000	</row2>
					<row3>	0.1158 2.5215 1.4656 1.0000	</row3>
				</transform>
			</node>
			<node>
				<identifier>	MP_BM611_Telephone_INDEX_2	</identifier>
				<transform>
					<row0>	-1.0000 0.0000 0.0000 0.0000	</row0>
					<row1>	0.0000 1.0000 0.0000 0.0000	</row1>
					<row2>	0.0000 0.0000 -1.0000 0.0000	</row2>
					<row3>	-0.1561 1.8299 1.7696 1.0000	</row3>
				</transform>
			</node>
			<node>
				<identifier>	MP_BM611_Telephone_INDEX_3	</identifier>
				<transform>
					<row0>	-0.8322 0.0000 -0.5545 0.0000	</row0>
					<row1>	0.0000 1.0000 0.0000 0.0000	</row1>
					<row2>	0.5545 0.0000 -0.8322 0.0000	</row2>
					<row3>	-0.0723 1.9689 1.8177 1.0000	</row3>
				</transform>
			</node>
			<node>
				<identifier>	MP_BM611_Telephone_INDEX_4	</identifier>
				<transform>
					<row0>	-1.0000 0.0000 0.0000 0.0000	</row0>
					<row1>	0.0000 1.0000 0.0000 0.0000	</row1>
					<row2>	0.0000 0.0000 -1.0000 0.0000	</row2>
					<row3>	0.1682 1.8299 1.7696 1.0000	</row3>
				</transform>
			</node>
			<node>
				<identifier>	MP_BM611_Telephone_INDEX_5	</identifier>
				<transform>
					<row0>	-0.7082 0.0000 -0.7061 0.0000	</row0>
					<row1>	0.0000 1.0000 0.0000 0.0000	</row1>
					<row2>	0.7061 0.0000 -0.7082 0.0000	</row2>
					<row3>	-0.0300 2.5419 1.3507 1.0000	</row3>
				</transform>
			</node>
			<node>
				<identifier>	MP_BM611_Telephone_INDEX_6	</identifier>
				<transform>
					<row0>	-1.0000 0.0000 0.0000 0.0000	</row0>
					<row1>	0.0000 1.0000 0.0000 0.0000	</row1>
					<row2>	0.0000 0.0000 -1.0000 0.0000	</row2>
					<row3>	0.1202 1.8299 1.7696 1.0000	</row3>
				</transform>
			</node>
			<node>
				<identifier>	MP_BM611_Telephone_INDEX_7	</identifier>
				<transform>
					<row0>	0.0000 0.0000 1.0000 0.0000	</row0>
					<row1>	0.0000 1.0000 0.0000 0.0000	</row1>
					<row2>	-1.0000 0.0000 0.0000 0.0000	</row2>
					<row3>	0.2738 1.8299 1.6864 1.0000	</row3>
				</transform>
			</node>
			<node>
				<identifier>	MP_BM611_Telephone_INDEX_8	</identifier>
				<transform>
					<row0>	0.0000 0.0000 1.0000 0.0000	</row0>
					<row1>	0.0000 1.0000 0.0000 0.0000	</row1>
					<row2>	-1.0000 0.0000 0.0000 0.0000	</row2>
					<row3>	0.1826 1.4924 1.7880 1.0000	</row3>
				</transform>
			</node>
			<node>
				<identifier>	MP_BM611_Telephone_INDEX_9	</identifier>
				<transform>
					<row0>	-0.8322 0.0000 0.5545 0.0000	</row0>
					<row1>	0.0000 1.0000 0.0000 0.0000	</row1>
					<row2>	-0.5545 0.0000 -0.8322 0.0000	</row2>
					<row3>	0.0723 1.9689 1.8177 1.0000	</row3>
				</transform>
			</node>
			<node>
				<identifier>	MP_BM613_Switch_Panel	</identifier>
				<transform>
					<row0>	0.6600 0.0000 0.7513 0.0000	</row0>
					<row1>	0.0000 1.0000 0.0000 0.0000	</row1>
					<row2>	-0.7513 0.0000 0.6600 0.0000	</row2>
					<row3>	-0.3436 1.7953 1.7828 1.0000	</row3>
				</transform>
			</node>
			<node>
				<identifier>	MP_BM613_Switch_Panel_INDEX_1	</identifier>
				<transform>
					<row0>	0.6384 0.0000 -0.7697 0.0000	</row0>
					<row1>	0.0000 1.0000 0.0000 0.0000	</row1>
					<row2>	0.7697 0.0000 0.6384 0.0000	</row2>
					<row3>	0.3640 1.7953 1.7590 1.0000	</row3>
				</transform>
			</node>
			<node>
				<identifier>	MP_BM613_Switch_Panel_INDEX_2	</identifier>
				<transform>
					<row0>	0.6600 0.0000 -0.7513 0.0000	</row0>
					<row1>	0.0000 1.0000 0.0000 0.0000	</row1>
					<row2>	0.7513 0.0000 0.6600 0.0000	</row2>
					<row3>	0.3436 1.7953 1.7828 1.0000	</row3>
				</transform>
			</node>
			<node>
				<identifier>	MP_BM613_Switch_Panel_INDEX_3	</identifier>
				<transform>
					<row0>	0.6384 0.0000 0.7697 0.0000	</row0>
					<row1>	0.0000 1.0000 0.0000 0.0000	</row1>
					<row2>	-0.7697 0.0000 0.6384 0.0000	</row2>
					<row3>	-0.3640 1.7953 1.7590 1.0000	</row3>
				</transform>
			</node>
			<node>
				<identifier>	MP_BM640_Binocular	</identifier>
				<transform>
					<row0>	1.0000 0.0000 0.0000 0.0000	</row0>
					<row1>	0.0000 1.0000 0.0000 0.0000	</row1>
					<row2>	0.0000 0.0000 1.0000 0.0000	</row2>
					<row3>	-0.1150 1.7391 1.9109 1.0000	</row3>
				</transform>
			</node>
			<node>
				<identifier>	MP_BM640_Binocular_INDEX_1	</identifier>
				<transform>
					<row0>	0.6732 0.0000 0.7395 0.0000	</row0>
					<row1>	0.0000 1.0000 0.0000 0.0000	</row1>
					<row2>	-0.7395 0.0000 0.6732 0.0000	</row2>
					<row3>	-0.2329 1.7391 1.8743 1.0000	</row3>
				</transform>
			</node>
			<node>
				<identifier>	MP_BM640_Binocular_INDEX_2	</identifier>
				<transform>
					<row0>	0.6732 0.0000 -0.7395 0.0000	</row0>
					<row1>	0.0000 1.0000 0.0000 0.0000	</row1>
					<row2>	0.7395 0.0000 0.6732 0.0000	</row2>
					<row3>	0.2329 1.7391 1.8719 1.0000	</row3>
				</transform>
			</node>
			<node>
				<identifier>	MP_BM640_Binocular_INDEX_3	</identifier>
				<transform>
					<row0>	1.0000 0.0000 0.0000 0.0000	</row0>
					<row1>	0.0000 1.0000 0.0000 0.0000	</row1>
					<row2>	0.0000 0.0000 1.0000 0.0000	</row2>
					<row3>	0.1150 1.7391 1.9109 1.0000	</row3>
				</transform>
			</node>
			<node>
				<identifier>	MP_BM675_Antenna_MF_DF	</identifier>
				<transform>
					<row0>	1.0000 0.0000 0.0000 0.0000	</row0>
					<row1>	0.0000 1.0000 0.0000 0.0000	</row1>
					<row2>	0.0000 0.0000 1.0000 0.0000	</row2>
					<row3>	0.0000 1.9139 2.0494 1.0000	</row3>
				</transform>
			</node>
			<node>
				<identifier>	MP_BM750_Deck_Hatch	</identifier>
				<transform>
					<row0>	1.0000 0.0000 0.0000 0.0000	</row0>
					<row1>	0.0000 1.0000 0.0000 0.0000	</row1>
					<row2>	0.0000 0.0000 1.0000 0.0000	</row2>
					<row3>	0.4985 0.3954 5.1980 1.0000	</row3>
				</transform>
			</node>
			<node>
				<identifier>	MP_BM751_Deck_Hatch	</identifier>
				<transform>
					<row0>	-1.0000 0.0000 0.0000 0.0000	</row0>
					<row1>	0.0000 1.0000 0.0000 0.0000	</row1>
					<row2>	0.0000 0.0000 -1.0000 0.0000	</row2>
					<row3>	-0.4308 0.3921 2.9345 1.0000	</row3>
				</transform>
			</node>
			<node>
				<identifier>	MP_BM751_Deck_Hatch_INDEX_1	</identifier>
				<transform>
					<row0>	-1.0000 0.0000 0.0000 0.0000	</row0>
					<row1>	0.0000 1.0000 0.0000 0.0000	</row1>
					<row2>	0.0000 0.0000 -1.0000 0.0000	</row2>
					<row3>	0.0297 0.3981 3.9968 1.0000	</row3>
				</transform>
			</node>
			<node>
				<identifier>	MP_BM751_Deck_Hatch_INDEX_10	</identifier>
				<transform>
					<row0>	-1.0000 0.0000 0.0000 0.0000	</row0>
					<row1>	0.0000 1.0000 0.0000 0.0000	</row1>
					<row2>	0.0000 0.0000 -1.0000 0.0000	</row2>
					<row3>	-0.0276 0.3938 1.0083 1.0000	</row3>
				</transform>
			</node>
			<node>
				<identifier>	MP_BM751_Deck_Hatch_INDEX_11	</identifier>
				<transform>
					<row0>	-1.0000 0.0000 0.0000 0.0000	</row0>
					<row1>	0.0000 1.0000 0.0000 0.0000	</row1>
					<row2>	0.0000 0.0000 -1.0000 0.0000	</row2>
					<row3>	0.3342 0.3956 4.3226 1.0000	</row3>
				</transform>
			</node>
			<node>
				<identifier>	MP_BM751_Deck_Hatch_INDEX_12	</identifier>
				<transform>
					<row0>	-1.0000 0.0000 0.0000 0.0000	</row0>
					<row1>	0.0000 1.0000 0.0000 0.0000	</row1>
					<row2>	0.0000 0.0000 -1.0000 0.0000	</row2>
					<row3>	-0.2422 0.3959 3.9326 1.0000	</row3>
				</transform>
			</node>
			<node>
				<identifier>	MP_BM751_Deck_Hatch_INDEX_13	</identifier>
				<transform>
					<row0>	-1.0000 0.0000 0.0000 0.0000	</row0>
					<row1>	0.0000 1.0000 0.0000 0.0000	</row1>
					<row2>	0.0000 0.0000 -1.0000 0.0000	</row2>
					<row3>	0.3342 0.3938 3.7524 1.0000	</row3>
				</transform>
			</node>
			<node>
				<identifier>	MP_BM751_Deck_Hatch_INDEX_2	</identifier>
				<transform>
					<row0>	-1.0000 0.0000 0.0000 0.0000	</row0>
					<row1>	0.0000 1.0000 0.0000 0.0000	</row1>
					<row2>	0.0000 0.0000 -1.0000 0.0000	</row2>
					<row3>	0.0000 2.4678 1.2070 1.0000	</row3>
				</transform>
			</node>
			<node>
				<identifier>	MP_BM751_Deck_Hatch_INDEX_3	</identifier>
				<transform>
					<row0>	-1.0000 0.0000 0.0000 0.0000	</row0>
					<row1>	0.0000 1.0000 0.0000 0.0000	</row1>
					<row2>	0.0000 0.0000 -1.0000 0.0000	</row2>
					<row3>	-0.3350 0.3956 4.3231 1.0000	</row3>
				</transform>
			</node>
			<node>
				<identifier>	MP_BM751_Deck_Hatch_INDEX_4	</identifier>
				<transform>
					<row0>	-1.0000 0.0000 0.0000 0.0000	</row0>
					<row1>	0.0000 1.0000 0.0000 0.0000	</row1>
					<row2>	0.0000 0.0000 -1.0000 0.0000	</row2>
					<row3>	0.4840 0.3896 0.0886 1.0000	</row3>
				</transform>
			</node>
			<node>
				<identifier>	MP_BM751_Deck_Hatch_INDEX_5	</identifier>
				<transform>
					<row0>	-1.0000 0.0000 0.0000 0.0000	</row0>
					<row1>	0.0000 1.0000 0.0000 0.0000	</row1>
					<row2>	0.0000 0.0000 -1.0000 0.0000	</row2>
					<row3>	-0.4261 0.3922 1.5749 1.0000	</row3>
				</transform>
			</node>
			<node>
				<identifier>	MP_BM751_Deck_Hatch_INDEX_6	</identifier>
				<transform>
					<row0>	-1.0000 0.0000 0.0000 0.0000	</row0>
					<row1>	0.0000 1.0000 0.0000 0.0000	</row1>
					<row2>	0.0000 0.0000 -1.0000 0.0000	</row2>
					<row3>	-0.5201 0.3895 0.1713 1.0000	</row3>
				</transform>
			</node>
			<node>
				<identifier>	MP_BM751_Deck_Hatch_INDEX_7	</identifier>
				<transform>
					<row0>	-1.0000 0.0000 0.0000 0.0000	</row0>
					<row1>	0.0000 1.0000 0.0000 0.0000	</row1>
					<row2>	0.0000 0.0000 -1.0000 0.0000	</row2>
					<row3>	-0.1360 0.5753 2.7055 1.0000	</row3>
				</transform>
			</node>
			<node>
				<identifier>	MP_BM751_Deck_Hatch_INDEX_8	</identifier>
				<transform>
					<row0>	-1.0000 0.0000 0.0000 0.0000	</row0>
					<row1>	0.0000 1.0000 0.0000 0.0000	</row1>
					<row2>	0.0000 0.0000 -1.0000 0.0000	</row2>
					<row3>	-0.7765 0.3807 2.2166 1.0000	</row3>
				</transform>
			</node>
			<node>
