<RSC041_Petr_Bagration_1952_Stern_ports.visual>
	<node>
		<identifier>	Scene Root	</identifier>
		<transform>
			<row0>	1.0000 0.0000 0.0000 0.0000	</row0>
			<row1>	0.0000 1.0000 0.0000 0.0000	</row1>
			<row2>	0.0000 0.0000 1.0000 0.0000	</row2>
			<row3>	0.0000 0.0000 0.0000 1.0000	</row3>
		</transform>
		<node>
			<identifier>	Stern_ports	</identifier>
			<transform>
				<row0>	1.0000 0.0000 0.0000 0.0000	</row0>
				<row1>	0.0000 1.0000 0.0000 0.0000	</row1>
				<row2>	0.0000 0.0000 1.0000 0.0000	</row2>
				<row3>	0.0000 0.0000 0.0000 1.0000	</row3>
			</transform>
			<node>
				<identifier>	HP_FX_Death_3	</identifier>
				<transform>
					<row0>	1.0000 0.0000 0.0000 0.0000	</row0>
					<row1>	0.0000 1.0000 0.0000 0.0000	</row1>
					<row2>	0.0000 0.0000 1.0000 0.0000	</row2>
					<row3>	0.0000 0.0000 -4.4770 1.0000	</row3>
				</transform>
			</node>
			<node>
				<identifier>	HP_FX_Fire_4	</identifier>
				<transform>
					<row0>	1.0000 0.0000 0.0000 0.0000	</row0>
					<row1>	0.0000 1.0000 0.0000 0.0000	</row1>
					<row2>	0.0000 0.0000 1.0000 0.0000	</row2>
					<row3>	0.0200 0.2590 -5.6192 1.0000	</row3>
				</transform>
			</node>
			<node>
				<identifier>	HP_FX_Flood_water_left	</identifier>
				<transform>
					<row0>	-1.0000 0.0000 0.0000 0.0000	</row0>
					<row1>	0.0000 1.0000 0.0000 0.0000	</row1>
					<row2>	0.0000 0.0000 -1.0000 0.0000	</row2>
					<row3>	-0.5471 0.1129 -4.7737 1.0000	</row3>
				</transform>
			</node>
			<node>
				<identifier>	HP_FX_Flood_water_right	</identifier>
				<transform>
					<row0>	1.0000 0.0000 0.0000 0.0000	</row0>
					<row1>	0.0000 1.0000 0.0000 0.0000	</row1>
					<row2>	0.0000 0.0000 1.0000 0.0000	</row2>
					<row3>	0.5471 0.1125 -4.7736 1.0000	</row3>
				</transform>
			</node>
			<node>
				<identifier>	HP_FX_WakeTraceBack	</identifier>
				<transform>
					<row0>	1.0000 0.0000 0.0000 0.0000	</row0>
					<row1>	0.0000 1.0000 0.0000 0.0000	</row1>
					<row2>	0.0000 0.0000 1.0000 0.0000	</row2>
					<row3>	0.0000 0.0000 -6.9136 1.0000	</row3>
				</transform>
			</node>
			<node>
				<identifier>	HP_FX_WakeTrace_screw_1	</identifier>
				<transform>
					<row0>	1.0000 0.0000 0.0000 0.0000	</row0>
					<row1>	0.0000 1.0000 0.0000 0.0000	</row1>
					<row2>	0.0000 0.0000 1.0000 0.0000	</row2>
					<row3>	-0.2554 -0.3599 -5.7859 1.0000	</row3>
				</transform>
			</node>
			<node>
				<identifier>	HP_FX_WakeTrace_screw_2	</identifier>
				<transform>
					<row0>	1.0000 0.0000 0.0000 0.0000	</row0>
					<row1>	0.0000 1.0000 0.0000 0.0000	</row1>
					<row2>	0.0000 0.0000 1.0000 0.0000	</row2>
					<row3>	0.2554 -0.3599 -5.7859 1.0000	</row3>
				</transform>
			</node>
			<node>
				<identifier>	HP_RGB_1	</identifier>
				<transform>
					<row0>	0.0000 0.0000 1.0000 0.0000	</row0>
					<row1>	0.0000 1.0000 0.0000 0.0000	</row1>
					<row2>	-1.0000 0.0000 0.0000 0.0000	</row2>
					<row3>	-0.1899 0.2427 -5.1484 1.0000	</row3>
				</transform>
			</node>
			<node>
				<identifier>	HP_RGB_2	</identifier>
				<transform>
					<row0>	0.0000 0.0000 -1.0000 0.0000	</row0>
					<row1>	0.0000 1.0000 0.0000 0.0000	</row1>
					<row2>	1.0000 0.0000 0.0000 0.0000	</row2>
					<row3>	0.1899 0.2427 -5.1484 1.0000	</row3>
				</transform>
			</node>
			<node>
				<identifier>	HP_RGM_3	</identifier>
				<transform>
					<row0>	-1.0000 0.0000 0.0000 0.0000	</row0>
					<row1>	0.0000 1.0000 0.0000 0.0000	</row1>
					<row2>	0.0000 0.0000 -1.0000 0.0000	</row2>
					<row3>	0.0000 0.2823 -4.3320 1.0000	</row3>
				</transform>
			</node>
			<node>
				<identifier>	HP_Ship_death_3	</identifier>
				<transform>
					<row0>	1.0000 0.0000 0.0000 0.0000	</row0>
					<row1>	0.0000 1.0000 0.0000 0.0000	</row1>
					<row2>	0.0000 0.0000 1.0000 0.0000	</row2>
					<row3>	0.0000 0.0000 -3.9076 1.0000	</row3>
				</transform>
			</node>
			<node>
				<identifier>	MP_CM001_Propeller3_L	</identifier>
				<transform>
					<row0>	0.9999 -0.0029 -0.0168 0.0000	</row0>
					<row1>	0.0029 1.0000 0.0000 0.0000	</row1>
					<row2>	0.0168 0.0000 0.9999 0.0000	</row2>
					<row3>	-0.2554 -0.3599 -5.7859 1.0000	</row3>
				</transform>
			</node>
			<node>
				<identifier>	MP_CM011_Fire_Fighting_Gear	</identifier>
				<transform>
					<row0>	1.0000 0.0000 0.0000 0.0000	</row0>
					<row1>	0.0000 1.0000 0.0000 0.0000	</row1>
					<row2>	0.0000 0.0000 1.0000 0.0000	</row2>
					<row3>	0.1102 0.2423 -5.3559 1.0000	</row3>
				</transform>
			</node>
			<node>
				<identifier>	MP_CM011_Fire_Fighting_Gear_INDEX_1	</identifier>
				<transform>
					<row0>	1.0000 0.0000 0.0000 0.0000	</row0>
					<row1>	0.0000 1.0000 0.0000 0.0000	</row1>
					<row2>	0.0000 0.0000 1.0000 0.0000	</row2>
					<row3>	0.3056 0.2424 -4.3134 1.0000	</row3>
				</transform>
			</node>
			<node>
				<identifier>	MP_CM011_Fire_Fighting_Gear_INDEX_2	</identifier>
				<transform>
					<row0>	1.0000 0.0000 0.0000 0.0000	</row0>
					<row1>	0.0000 1.0000 0.0000 0.0000	</row1>
					<row2>	0.0000 0.0000 1.0000 0.0000	</row2>
					<row3>	-0.1100 0.2424 -5.3568 1.0000	</row3>
				</transform>
			</node>
			<node>
				<identifier>	MP_CM011_Fire_Fighting_Gear_INDEX_3	</identifier>
				<transform>
					<row0>	1.0000 0.0000 0.0000 0.0000	</row0>
					<row1>	0.0000 1.0000 0.0000 0.0000	</row1>
					<row2>	0.0000 0.0000 1.0000 0.0000	</row2>
					<row3>	0.0000 0.2424 -5.2404 1.0000	</row3>
				</transform>
			</node>
			<node>
				<identifier>	MP_CM011_Fire_Fighting_Gear_INDEX_4	</identifier>
				<transform>
					<row0>	1.0000 0.0000 0.0000 0.0000	</row0>
					<row1>	0.0000 1.0000 0.0000 0.0000	</row1>
					<row2>	0.0000 0.0000 1.0000 0.0000	</row2>
					<row3>	0.2640 0.2424 -4.2278 1.0000	</row3>
				</transform>
			</node>
			<node>
				<identifier>	MP_CM032_Propeller3_R	</identifier>
				<transform>
					<row0>	0.9999 0.0000 0.0168 0.0000	</row0>
					<row1>	0.0000 1.0000 0.0000 0.0000	</row1>
					<row2>	-0.0168 0.0000 0.9999 0.0000	</row2>
					<row3>	0.2554 -0.3599 -5.7859 1.0000	</row3>
				</transform>
			</node>
			<node>
				<identifier>	MP_CM138_Anchor_Bottom	</identifier>
				<transform>
					<row0>	0.7966 0.0000 0.0000 0.0000	</row0>
					<row1>	0.0000 0.7637 -0.2268 0.0000	</row1>
					<row2>	0.0000 0.2268 0.7637 0.0000	</row2>
					<row3>	0.0000 0.0754 -6.9761 1.0000	</row3>
				</transform>
			</node>
			<node>
				<identifier>	MP_RM003_Yawl_20ft	</identifier>
				<transform>
					<row0>	0.9623 0.0000 -0.2721 0.0000	</row0>
					<row1>	0.0080 0.9996 0.0284 0.0000	</row1>
					<row2>	0.2720 -0.0295 0.9619 0.0000	</row2>
					<row3>	-0.0792 0.2777 -6.5574 1.0000	</row3>
				</transform>
			</node>
			<node>
				<identifier>	MP_RM021_Screened_speed_light	</identifier>
				<transform>
					<row0>	-1.0000 0.0000 0.0000 0.0000	</row0>
					<row1>	0.0000 1.0000 0.0000 0.0000	</row1>
					<row2>	0.0000 0.0000 -1.0000 0.0000	</row2>
					<row3>	0.0000 0.3698 -7.0344 1.0000	</row3>
				</transform>
			</node>
			<node>
				<identifier>	MP_RM123_Six_oar_whaleboat	</identifier>
				<transform>
					<row0>	0.9953 0.0000 -0.0971 0.0000	</row0>
					<row1>	0.0000 1.0000 0.0000 0.0000	</row1>
					<row2>	0.0971 0.0000 0.9953 0.0000	</row2>
					<row3>	0.1982 0.2857 -6.3670 1.0000	</row3>
				</transform>
			</node>
			<node>
				<identifier>	MP_RM164_Lifeboat_5_5m	</identifier>
				<transform>
					<row0>	0.8777 0.0000 -0.4793 0.0000	</row0>
					<row1>	0.0000 1.0000 0.0000 0.0000	</row1>
					<row2>	0.4793 0.0000 0.8777 0.0000	</row2>
					<row3>	-0.1244 0.2683 -6.1630 1.0000	</row3>
				</transform>
			</node>
			<node>
				<identifier>	MP_RM200_Running_Lights_B	</identifier>
				<transform>
					<row0>	-1.0000 0.0000 0.0000 0.0000	</row0>
					<row1>	0.0000 1.0000 0.0000 0.0000	</row1>
					<row2>	0.0000 0.0000 -1.0000 0.0000	</row2>
					<row3>	0.0000 0.2797 -7.0002 1.0000	</row3>
				</transform>
			</node>
			<node>
				<identifier>	MP_RM214_Life_Buoy	</identifier>
				<transform>
					<row0>	0.2103 -0.0001 -0.9776 0.0000	</row0>
					<row1>	0.0000 1.0000 -0.0001 0.0000	</row1>
					<row2>	0.9776 0.0001 0.2103 0.0000	</row2>
					<row3>	-0.3039 0.3147 -6.6132 1.0000	</row3>
				</transform>
			</node>
			<node>
				<identifier>	MP_RM214_Life_Buoy_INDEX_1	</identifier>
				<transform>
					<row0>	0.1419 -0.0001 -0.9899 0.0000	</row0>
					<row1>	0.0000 1.0000 -0.0001 0.0000	</row1>
					<row2>	0.9899 0.0000 0.1419 0.0000	</row2>
					<row3>	-0.4019 0.3150 -6.0109 1.0000	</row3>
				</transform>
			</node>
			<node>
				<identifier>	MP_RM214_Life_Buoy_INDEX_2	</identifier>
				<transform>
					<row0>	0.1417 0.0001 0.9899 0.0000	</row0>
					<row1>	0.0000 1.0000 -0.0001 0.0000	</row1>
					<row2>	-0.9899 0.0000 0.1417 0.0000	</row2>
					<row3>	0.4019 0.3150 -6.0106 1.0000	</row3>
				</transform>
			</node>
			<node>
				<identifier>	MP_RM214_Life_Buoy_INDEX_3	</identifier>
				<transform>
					<row0>	0.2103 0.0001 0.9776 0.0000	</row0>
					<row1>	0.0000 1.0000 -0.0001 0.0000	</row1>
					<row2>	-0.9776 0.0001 0.2103 0.0000	</row2>
					<row3>	0.3040 0.3147 -6.6128 1.0000	</row3>
				</transform>
			</node>
			<node>
				<identifier>	MP_RM249_Coat_of_Arms_USSR	</identifier>
				<transform>
					<row0>	-1.0000 0.0000 0.0000 0.0000	</row0>
					<row1>	0.0000 0.9997 -0.0251 0.0000	</row1>
					<row2>	0.0000 -0.0251 -0.9997 0.0000	</row2>
					<row3>	0.0000 0.2024 -7.0000 1.0000	</row3>
				</transform>
			</node>
			<node>
				<identifier>	MP_RM254_Anchor_Capstan_Stern	</identifier>
				<transform>
					<row0>	1.0000 0.0000 0.0000 0.0000	</row0>
					<row1>	0.0000 1.0000 0.0000 0.0000	</row1>
					<row2>	0.0000 0.0000 1.0000 0.0000	</row2>
					<row3>	0.0455 0.2445 -5.6492 1.0000	</row3>
				</transform>
			</node>
			<node>
				<identifier>	MP_RM254_Anchor_Capstan_Stern_INDEX_1	</identifier>
				<transform>
					<row0>	1.0000 0.0000 0.0000 0.0000	</row0>
					<row1>	0.0000 1.0000 0.0000 0.0000	</row1>
					<row2>	0.0000 0.0000 1.0000 0.0000	</row2>
					<row3>	-0.0455 0.2445 -5.6492 1.0000	</row3>
				</transform>
			</node>
			<node>
				<identifier>	MP_RM281_Bollard	</identifier>
				<transform>
					<row0>	-1.0000 -0.0045 -0.0056 0.0000	</row0>
					<row1>	-0.0043 0.9993 -0.0363 0.0000	</row1>
					<row2>	0.0058 -0.0363 -0.9993 0.0000	</row2>
					<row3>	0.0439 0.2395 -5.8820 1.0000	</row3>
				</transform>
			</node>
			<node>
				<identifier>	MP_RM281_Bollard_INDEX_1	</identifier>
				<transform>
					<row0>	-1.0000 0.0045 0.0056 0.0000	</row0>
					<row1>	0.0043 0.9993 -0.0363 0.0000	</row1>
					<row2>	-0.0058 -0.0363 -0.9993 0.0000	</row2>
					<row3>	-0.2923 0.2395 -5.6160 1.0000	</row3>
				</transform>
			</node>
			<node>
				<identifier>	MP_RM281_Bollard_INDEX_2	</identifier>
				<transform>
					<row0>	-1.0000 -0.0045 -0.0056 0.0000	</row0>
					<row1>	-0.0043 0.9993 -0.0363 0.0000	</row1>
					<row2>	0.0058 -0.0363 -0.9993 0.0000	</row2>
					<row3>	0.2923 0.2395 -5.6160 1.0000	</row3>
				</transform>
			</node>
			<node>
				<identifier>	MP_RM281_Bollard_INDEX_3	</identifier>
				<transform>
					<row0>	-1.0000 0.0045 0.0056 0.0000	</row0>
					<row1>	0.0043 0.9993 -0.0363 0.0000	</row1>
					<row2>	-0.0058 -0.0363 -0.9993 0.0000	</row2>
					<row3>	-0.0439 0.2395 -5.8820 1.0000	</row3>
				</transform>
			</node>
			<node>
				<identifier>	MP_RM282_Fairlead	</identifier>
				<transform>
					<row0>	-0.9867 0.0000 -0.1623 0.0000	</row0>
					<row1>	0.0000 1.0000 0.0000 0.0000	</row1>
					<row2>	0.1623 0.0000 -0.9867 0.0000	</row2>
					<row3>	-0.3151 0.2489 -6.4784 1.0000	</row3>
				</transform>
			</node>
			<node>
				<identifier>	MP_RM282_Fairlead_INDEX_1	</identifier>
				<transform>
					<row0>	-0.9867 0.0000 0.1623 0.0000	</row0>
					<row1>	0.0000 1.0000 0.0000 0.0000	</row1>
					<row2>	-0.1623 0.0000 -0.9867 0.0000	</row2>
					<row3>	0.3151 0.2489 -6.4784 1.0000	</row3>
				</transform>
			</node>
			<node>
				<identifier>	MP_RM283_Hatch	</identifier>
				<transform>
					<row0>	-1.0000 0.0000 0.0000 0.0000	</row0>
					<row1>	0.0000 1.0000 0.0000 0.0000	</row1>
					<row2>	0.0000 0.0000 -1.0000 0.0000	</row2>
					<row3>	0.0000 0.2397 -6.3097 1.0000	</row3>
				</transform>
			</node>
			<node>
				<identifier>	MP_RM283_Hatch_INDEX_1	</identifier>
				<transform>
					<row0>	-1.0000 0.0000 0.0000 0.0000	</row0>
					<row1>	0.0000 1.0000 0.0000 0.0000	</row1>
					<row2>	0.0000 0.0000 -1.0000 0.0000	</row2>
					<row3>	0.0703 0.2397 -6.4306 1.0000	</row3>
				</transform>
			</node>
			<node>
				<identifier>	MP_RM283_Hatch_INDEX_2	</identifier>
				<transform>
					<row0>	-1.0000 0.0000 0.0000 0.0000	</row0>
					<row1>	0.0000 1.0000 0.0000 0.0000	</row1>
					<row2>	0.0000 0.0000 -1.0000 0.0000	</row2>
					<row3>	-0.1715 0.2397 -4.0218 1.0000	</row3>
				</transform>
			</node>
			<node>
				<identifier>	MP_RM283_Hatch_INDEX_3	</identifier>
				<transform>
					<row0>	-1.0000 0.0000 0.0000 0.0000	</row0>
					<row1>	0.0000 1.0000 0.0000 0.0000	</row1>
					<row2>	0.0000 0.0000 -1.0000 0.0000	</row2>
					<row3>	0.0592 0.2397 -6.5693 1.0000	</row3>
				</transform>
			</node>
			<node>
				<identifier>	MP_RM283_Hatch_INDEX_4	</identifier>
				<transform>
					<row0>	-1.0000 0.0000 0.0000 0.0000	</row0>
					<row1>	0.0000 1.0000 0.0000 0.0000	</row1>
					<row2>	0.0000 0.0000 -1.0000 0.0000	</row2>
					<row3>	0.1715 0.2397 -4.0218 1.0000	</row3>
				</transform>
			</node>
			<node>
				<identifier>	MP_RM284_Hatch	</identifier>
				<transform>
					<row0>	1.0000 0.0000 0.0000 0.0000	</row0>
					<row1>	0.0000 1.0000 0.0000 0.0000	</row1>
					<row2>	0.0000 0.0000 1.0000 0.0000	</row2>
					<row3>	0.0562 0.2423 -5.3587 1.0000	</row3>
				</transform>
			</node>
			<node>
				<identifier>	MP_RM284_Hatch_INDEX_1	</identifier>
				<transform>
					<row0>	1.0000 0.0000 0.0000 0.0000	</row0>
					<row1>	0.0000 1.0000 0.0000 0.0000	</row1>
					<row2>	0.0000 0.0000 1.0000 0.0000	</row2>
					<row3>	0.0562 0.2417 -4.8104 1.0000	</row3>
				</transform>
			</node>
			<node>
				<identifier>	MP_RM284_Hatch_INDEX_2	</identifier>
				<transform>
					<row0>	1.0000 0.0000 0.0000 0.0000	</row0>
					<row1>	0.0000 1.0000 0.0000 0.0000	</row1>
					<row2>	0.0000 0.0000 1.0000 0.0000	</row2>
					<row3>	-0.0562 0.2423 -5.3587 1.0000	</row3>
				</transform>
			</node>
			<node>
				<identifier>	MP_RM284_Hatch_INDEX_3	</identifier>
				<transform>
					<row0>	1.0000 0.0000 0.0000 0.0000	</row0>
					<row1>	0.0000 1.0000 0.0000 0.0000	</row1>
					<row2>	0.0000 0.0000 1.0000 0.0000	</row2>
					<row3>	-0.0562 0.2417 -4.8104 1.0000	</row3>
				</transform>
			</node>
			<node>
				<identifier>	MP_RM286_Hatch	</identifier>
				<transform>
					<row0>	-1.0000 0.0000 0.0000 0.0000	</row0>
					<row1>	0.0000 1.0000 0.0000 0.0000	</row1>
					<row2>	0.0000 0.0000 -1.0000 0.0000	</row2>
					<row3>	0.0381 0.2397 -5.0443 1.0000	</row3>
				</transform>
			</node>
			<node>
				<identifier>	MP_RM289_Reel	</identifier>
				<transform>
					<row0>	1.0000 0.0000 0.0000 0.0000	</row0>
					<row1>	0.0000 1.0000 0.0000 0.0000	</row1>
					<row2>	0.0000 0.0000 1.0000 0.0000	</row2>
					<row3>	-0.1940 0.2417 -4.8163 1.0000	</row3>
				</transform>
			</node>
			<node>
				<identifier>	MP_RM289_Reel_INDEX_1	</identifier>
				<transform>
					<row0>	1.0000 0.0000 0.0000 0.0000	</row0>
					<row1>	0.0000 1.0000 0.0000 0.0000	</row1>
					<row2>	0.0000 0.0000 1.0000 0.0000	</row2>
					<row3>	0.1940 0.2417 -4.8163 1.0000	</row3>
				</transform>
			</node>
			<node>
				<identifier>	MP_RM289_Reel_INDEX_2	</identifier>
				<transform>
					<row0>	1.0000 0.0000 0.0000 0.0000	</row0>
					<row1>	0.0000 1.0000 0.0000 0.0000	</row1>
					<row2>	0.0000 0.0000 1.0000 0.0000	</row2>
					<row3>	0.1575 0.2421 -5.2495 1.0000	</row3>
				</transform>
			</node>
			<node>
				<identifier>	MP_RM289_Reel_INDEX_3	</identifier>
				<transform>
					<row0>	-1.0000 0.0000 0.0000 0.0000	</row0>
					<row1>	0.0000 1.0000 0.0000 0.0000	</row1>
					<row2>	0.0000 0.0000 -1.0000 0.0000	</row2>
					<row3>	-0.1575 0.2421 -5.2495 1.0000	</row3>
				</transform>
			</node>
			<node>
				<identifier>	MP_RM291_Reel	</identifier>
				<transform>
					<row0>	0.7071 0.0000 -0.7071 0.0000	</row0>
					<row1>	0.0000 1.0000 0.0000 0.0000	</row1>
					<row2>	0.7071 0.0000 0.7071 0.0000	</row2>
					<row3>	-0.2615 0.2341 -4.6950 1.0000	</row3>
				</transform>
			</node>
			<node>
				<identifier>	MP_RM291_Reel_INDEX_1	</identifier>
				<transform>
					<row0>	0.7071 0.0000 0.7071 0.0000	</row0>
					<row1>	0.0000 1.0000 0.0000 0.0000	</row1>
					<row2>	-0.7071 0.0000 0.7071 0.0000	</row2>
					<row3>	0.2615 0.2341 -4.6950 1.0000	</row3>
				</transform>
			</node>
			<node>
				<identifier>	MP_RM295_Ventilation	</identifier>
				<transform>
					<row0>	1.0000 0.0000 0.0000 0.0000	</row0>
					<row1>	0.0000 1.0000 0.0000 0.0000	</row1>
					<row2>	0.0000 0.0000 1.0000 0.0000	</row2>
					<row3>	0.0806 0.2392 -6.2389 1.0000	</row3>
				</transform>
			</node>
			<node>
				<identifier>	MP_RM295_Ventilation_INDEX_1	</identifier>
				<transform>
					<row0>	1.0000 0.0000 0.0000 0.0000	</row0>
					<row1>	0.0000 1.0000 0.0000 0.0000	</row1>
					<row2>	0.0000 0.0000 1.0000 0.0000	</row2>
					<row3>	0.1114 0.2392 -4.6761 1.0000	</row3>
				</transform>
			</node>
			<node>
				<identifier>	MP_RM295_Ventilation_INDEX_2	</identifier>
				<transform>
					<row0>	1.0000 0.0000 0.0000 0.0000	</row0>
					<row1>	0.0000 1.0000 0.0000 0.0000	</row1>
					<row2>	0.0000 0.0000 1.0000 0.0000	</row2>
					<row3>	-0.1129 0.2392 -4.6761 1.0000	</row3>
				</transform>
			</node>
			<node>
				<identifier>	MP_RM295_Ventilation_INDEX_3	</identifier>
				<transform>
					<row0>	1.0000 0.0000 0.0000 0.0000	</row0>
					<row1>	0.0000 1.0000 0.0000 0.0000	</row1>
					<row2>	0.0000 0.0000 1.0000 0.0000	</row2>
					<row3>	0.0000 0.2392 -4.6761 1.0000	</row3>
				</transform>
			</node>
			<node>
				<identifier>	MP_RM295_Ventilation_INDEX_4	</identifier>
				<transform>
					<row0>	1.0000 0.0000 0.0000 0.0000	</row0>
					<row1>	0.0000 1.0000 0.0000 0.0000	</row1>
					<row2>	0.0000 0.0000 1.0000 0.0000	</row2>
					<row3>	0.1315 0.2392 -5.4121 1.0000	</row3>
				</transform>
			</node>
			<node>
				<identifier>	MP_RM295_Ventilation_INDEX_5	</identifier>
				<transform>
					<row0>	1.0000 0.0000 0.0000 0.0000	</row0>
					<row1>	0.0000 1.0000 0.0000 0.0000	</row1>
					<row2>	0.0000 0.0000 1.0000 0.0000	</row2>
					<row3>	-0.1121 0.2392 -6.4104 1.0000	</row3>
				</transform>
			</node>
			<node>
				<identifier>	MP_RM295_Ventilation_INDEX_6	</identifier>
				<transform>
					<row0>	1.0000 0.0000 0.0000 0.0000	</row0>
					<row1>	0.0000 1.0000 0.0000 0.0000	</row1>
					<row2>	0.0000 0.0000 1.0000 0.0000	</row2>
					<row3>	0.1677 0.2392 -4.5916 1.0000	</row3>
				</transform>
			</node>
			<node>
				<identifier>	MP_RM295_Ventilation_INDEX_7	</identifier>
				<transform>
					<row0>	1.0000 0.0000 0.0000 0.0000	</row0>
					<row1>	0.0000 1.0000 0.0000 0.0000	</row1>
					<row2>	0.0000 0.0000 1.0000 0.0000	</row2>
					<row3>	-0.1315 0.2392 -5.4121 1.0000	</row3>
				</transform>
			</node>
			<node>
				<identifier>	MP_RM300_Winch_Provisions	</identifier>
				<transform>
					<row0>	-0.6691 0.0000 -0.7431 0.0000	</row0>
					<row1>	0.0000 1.0000 0.0000 0.0000	</row1>
					<row2>	0.7431 0.0000 -0.6691 0.0000	</row2>
					<row3>	-0.3048 0.2409 -4.0063 1.0000	</row3>
				</transform>
			</node>
			<node>
				<identifier>	MP_RM300_Winch_Provisions_INDEX_1	</identifier>
				<transform>
					<row0>	-0.6691 0.0000 0.7431 0.0000	</row0>
					<row1>	0.0000 1.0000 0.0000 0.0000	</row1>
					<row2>	-0.7431 0.0000 -0.6691 0.0000	</row2>
					<row3>	0.3048 0.2409 -4.0063 1.0000	</row3>
				</transform>
			</node>
			<node>
				<identifier>	MP_RM311_Barrel_DV	</identifier>
				<transform>
					<row0>	-0.1392 0.0000 0.9903 0.0000	</row0>
					<row1>	0.0000 1.0000 0.0000 0.0000	</row1>
					<row2>	-0.9903 0.0000 -0.1392 0.0000	</row2>
					<row3>	-0.3570 0.2427 -6.1348 1.0000	</row3>
				</transform>
			</node>
			<node>
				<identifier>	MP_RM311_Barrel_DV_INDEX_1	</identifier>
				<transform>
					<row0>	-0.1392 0.0000 -0.9903 0.0000	</row0>
					<row1>	0.0000 1.0000 0.0000 0.0000	</row1>
					<row2>	0.9903 0.0000 -0.1392 0.0000	</row2>
					<row3>	0.3570 0.2427 -6.1348 1.0000	</row3>
				</transform>
			</node>
			<node>
				<identifier>	MP_RM311_Barrel_DV_INDEX_2	</identifier>
				<transform>
					<row0>	-0.0872 0.0000 -0.9962 0.0000	</row0>
					<row1>	0.0000 1.0000 0.0000 0.0000	</row1>
					<row2>	0.9962 0.0000 -0.0872 0.0000	</row2>
					<row3>	0.5930 0.2427 -4.1259 1.0000	</row3>
				</transform>
			</node>
			<node>
				<identifier>	MP_RM316_Sbomb_MDSH	</identifier>
				<transform>
					<row0>	-0.9723 0.0000 0.2339 0.0000	</row0>
					<row1>	0.0000 1.0000 0.0000 0.0000	</row1>
					<row2>	-0.2339 0.0000 -0.9723 0.0000	</row2>
					<row3>	-0.3444 0.2427 -6.3019 1.0000	</row3>
				</transform>
			</node>
			<node>
				<identifier>	MP_RM316_Sbomb_MDSH_INDEX_1	</identifier>
				<transform>
					<row0>	0.9723 0.0000 -0.2339 0.0000	</row0>
					<row1>	0.0000 1.0000 0.0000 0.0000	</row1>
					<row2>	0.2339 0.0000 0.9723 0.0000	</row2>
					<row3>	-0.3491 0.2427 -6.2737 1.0000	</row3>
				</transform>
			</node>
			<node>
				<identifier>	MP_RM316_Sbomb_MDSH_INDEX_2	</identifier>
				<transform>
					<row0>	0.9723 0.0000 -0.2339 0.0000	</row0>
					<row1>	0.0000 1.0000 0.0000 0.0000	</row1>
					<row2>	0.2339 0.0000 0.9723 0.0000	</row2>
					<row3>	-0.3399 0.2427 -6.3302 1.0000	</row3>
				</transform>
			</node>
			<node>
				<identifier>	MP_RM316_Sbomb_MDSH_INDEX_3	</identifier>
				<transform>
					<row0>	-0.9723 0.0000 0.2339 0.0000	</row0>
					<row1>	0.0000 1.0000 0.0000 0.0000	</row1>
					<row2>	-0.2339 0.0000 -0.9723 0.0000	</row2>
					<row3>	-0.3354 0.2426 -6.3585 1.0000	</row3>
				</transform>
			</node>
			<node>
				<identifier>	MP_RM316_Sbomb_MDSH_INDEX_4	</identifier>
				<transform>
					<row0>	-0.9723 0.0000 -0.2339 0.0000	</row0>
					<row1>	0.0000 1.0000 0.0000 0.0000	</row1>
					<row2>	0.2339 0.0000 -0.9723 0.0000	</row2>
					<row3>	0.3309 0.2427 -6.3869 1.0000	</row3>
				</transform>
			</node>
			<node>
				<identifier>	MP_RM316_Sbomb_MDSH_INDEX_5	</identifier>
				<transform>
					<row0>	0.9723 0.0000 0.2339 0.0000	</row0>
					<row1>	0.0000 1.0000 0.0000 0.0000	</row1>
					<row2>	-0.2339 0.0000 0.9723 0.0000	</row2>
					<row3>	0.3399 0.2427 -6.3302 1.0000	</row3>
				</transform>
			</node>
			<node>
				<identifier>	MP_RM316_Sbomb_MDSH_INDEX_6	</identifier>
				<transform>
					<row0>	-0.9723 0.0000 -0.2339 0.0000	</row0>
					<row1>	0.0000 1.0000 0.0000 0.0000	</row1>
					<row2>	0.2339 0.0000 -0.9723 0.0000	</row2>
					<row3>	0.3354 0.2427 -6.3585 1.0000	</row3>
				</transform>
			</node>
			<node>
				<identifier>	MP_RM316_Sbomb_MDSH_INDEX_7	</identifier>
				<transform>
					<row0>	0.9723 0.0000 0.2339 0.0000	</row0>
					<row1>	0.0000 1.0000 0.0000 0.0000	</row1>
					<row2>	-0.2339 0.0000 0.9723 0.0000	</row2>
					<row3>	0.3489 0.2427 -6.2736 1.0000	</row3>
				</transform>
			</node>
			<node>
				<identifier>	MP_RM316_Sbomb_MDSH_INDEX_8	</identifier>
				<transform>
					<row0>	-0.9723 0.0000 -0.2339 0.0000	</row0>
					<row1>	0.0000 1.0000 0.0000 0.0000	</row1>
					<row2>	0.2339 0.0000 -0.9723 0.0000	</row2>
					<row3>	0.3443 0.2427 -6.3019 1.0000	</row3>
				</transform>
			</node>
			<node>
				<identifier>	MP_RM316_Sbomb_MDSH_INDEX_9	</identifier>
				<transform>
					<row0>	-0.9723 0.0000 0.2339 0.0000	</row0>
					<row1>	0.0000 1.0000 0.0000 0.0000	</row1>
					<row2>	-0.2339 0.0000 -0.9723 0.0000	</row2>
					<row3>	-0.3310 0.2427 -6.3869 1.0000	</row3>
				</transform>
			</node>
			<node>
				<identifier>	MP_RM447_Raft_Small	</identifier>
				<transform>
					<row0>	1.0000 0.0000 0.0000 0.0000	</row0>
					<row1>	0.0000 1.0000 0.0000 0.0000	</row1>
					<row2>	0.0000 0.0000 1.0000 0.0000	</row2>
					<row3>	0.1193 0.2427 -5.5080 1.0000	</row3>
				</transform>
			</node>
			<node>
				<identifier>	MP_RM447_Raft_Small_INDEX_1	</identifier>
				<transform>
					<row0>	-1.0000 0.0000 0.0000 0.0000	</row0>
					<row1>	0.0000 1.0000 0.0000 0.0000	</row1>
					<row2>	0.0000 0.0000 -1.0000 0.0000	</row2>
					<row3>	0.1193 0.2727 -5.5080 1.0000	</row3>
				</transform>
			</node>
			<node>
				<identifier>	MP_RM447_Raft_Small_INDEX_2	</identifier>
				<transform>
					<row0>	1.0000 0.0000 0.0000 0.0000	</row0>
					<row1>	0.0000 1.0000 0.0000 0.0000	</row1>
					<row2>	0.0000 0.0000 1.0000 0.0000	</row2>
					<row3>	-0.1193 0.2427 -5.5080 1.0000	</row3>
				</transform>
			</node>
			<node>
				<identifier>	MP_RM447_Raft_Small_INDEX_3	</identifier>
				<transform>
					<row0>	1.0000 0.0000 0.0000 0.0000	</row0>
					<row1>	0.0000 1.0000 0.0000 0.0000	</row1>
					<row2>	0.0000 0.0000 1.0000 0.0000	</row2>
					<row3>	-0.1193 0.2727 -5.5080 1.0000	</row3>
				</transform>
			</node>
			<node>
				<identifier>	MP_RM811_GMZ	</identifier>
				<transform>
					<row0>	0.0000 0.0000 1.0000 0.0000	</row0>
					<row1>	0.0000 1.0000 0.0000 0.0000	</row1>
					<row2>	-1.0000 0.0000 0.0000 0.0000	</row2>
					<row3>	-0.0887 0.2467 -4.9670 1.0000	</row3>
				</transform>
			</node>
			<node>
				<identifier>	MP_RM811_GMZ_INDEX_1	</identifier>
				<transform>
					<row0>	0.0000 0.0000 -1.0000 0.0000	</row0>
					<row1>	0.0000 1.0000 0.0000 0.0000	</row1>
					<row2>	1.0000 0.0000 0.0000 0.0000	</row2>
					<row3>	0.1600 0.2467 -4.9670 1.0000	</row3>
				</transform>
			</node>
			<node>
				<identifier>	MP_RM865_Depth_Charge_Loading_Rack_BMB2_L	</identifier>
				<transform>
					<row0>	1.0000 0.0000 0.0000 0.0000	</row0>
					<row1>	0.0000 1.0000 0.0000 0.0000	</row1>
					<row2>	0.0000 0.0000 1.0000 0.0000	</row2>
					<row3>	-0.1569 0.2427 -5.0559 1.0000	</row3>
				</transform>
			</node>
			<node>
				<identifier>	MP_RM866_Depth_Charge_Loading_Rack_BMB2_R	</identifier>
				<transform>
					<row0>	1.0000 0.0000 0.0000 0.0000	</row0>
					<row1>	0.0000 1.0000 0.0000 0.0000	</row1>
					<row2>	0.0000 0.0000 1.0000 0.0000	</row2>
					<row3>	0.1569 0.2427 -5.0559 1.0000	</row3>
				</transform>
			</node>
			<node>
				<identifier>	SP_YMS011_YHWL_M_1_INDEX_1	</identifier>
				<transform>
					<row0>	0.9594 0.2572 0.1156 0.0000	</row0>
					<row1>	-0.2549 0.9663 -0.0350 0.0000	</row1>
					<row2>	-0.1207 0.0041 0.9927 0.0000	</row2>
					<row3>	-0.5452 0.0000 -4.6204 1.0000	</row3>
				</transform>
			</node>
			<node>
				<identifier>	SP_YMS011_YHWL_M_1_INDEX_14	</identifier>
				<transform>
					<row0>	0.8130 0.5592 0.1621 0.0000	</row0>
					<row1>	-0.5506 0.8290 -0.0985 0.0000	</row1>
					<row2>	-0.1895 -0.0092 0.9818 0.0000	</row2>
					<row3>	-0.2627 0.0020 -6.2945 1.0000	</row3>
				</transform>
			</node>
			<node>
				<identifier>	SP_YMS011_YHWL_M_1_INDEX_2	</identifier>
				<transform>
					<row0>	0.8600 0.4948 0.1250 0.0000	</row0>
					<row1>	-0.4874 0.8689 -0.0860 0.0000	</row1>
					<row2>	-0.1512 0.0130 0.9884 0.0000	</row2>
					<row3>	-0.4160 0.0000 -5.4575 1.0000	</row3>
				</transform>
			</node>
			<node>
				<identifier>	SP_YMS011_YHWL_M_1_INDEX_3	</identifier>
				<transform>
					<row0>	0.9814 0.1732 0.0825 0.0000	</row0>
					<row1>	-0.1724 0.9849 -0.0172 0.0000	</row1>
					<row2>	-0.0842 0.0027 0.9964 0.0000	</row2>
					<row3>	-0.6397 0.0000 -3.7724 1.0000	</row3>
				</transform>
			</node>
			<node>
				<identifier>	SP_YMS012_YHWR_M_1_INDEX_14	</identifier>
				<transform>
					<row0>	0.8130 -0.5592 -0.1621 0.0000	</row0>
					<row1>	0.5506 0.8290 -0.0985 0.0000	</row1>
					<row2>	0.1895 -0.0092 0.9818 0.0000	</row2>
					<row3>	0.2627 0.0020 -6.2945 1.0000	</row3>
				</transform>
			</node>
			<node>
				<identifier>	SP_YMS012_YHWR_M_1_INDEX_4	</identifier>
				<transform>
					<row0>	0.9816 -0.1732 -0.0806 0.0000	</row0>
					<row1>	0.1724 0.9849 -0.0172 0.0000	</row1>
					<row2>	0.0824 0.0030 0.9966 0.0000	</row2>
					<row3>	0.6390 0.0000 -3.7724 1.0000	</row3>
				</transform>
			</node>
			<node>
				<identifier>	SP_YMS012_YHWR_M_1_INDEX_6	</identifier>
				<transform>
					<row0>	0.8575 -0.4949 -0.1405 0.0000	</row0>
					<row1>	0.4874 0.8689 -0.0860 0.0000	</row1>
					<row2>	0.1646 0.0053 0.9863 0.0000	</row2>
					<row3>	0.4136 0.0000 -5.4575 1.0000	</row3>
				</transform>
			</node>
			<node>
				<identifier>	SP_YMS012_YHWR_M_1_INDEX_7	</identifier>
				<transform>
					<row0>	0.9584 -0.2573 -0.1239 0.0000	</row0>
					<row1>	0.2549 0.9663 -0.0350 0.0000	</row1>
					<row2>	0.1288 0.0020 0.9917 0.0000	</row2>
					<row3>	0.5465 0.0000 -4.6204 1.0000	</row3>
				</transform>
			</node>
			<node>
				<identifier>	SP_YMS023_YHUC_L_1	</identifier>
				<transform>
					<row0>	0.9999 0.0000 0.0168 0.0000	</row0>
					<row1>	0.0000 1.0000 0.0000 0.0000	</row1>
					<row2>	-0.0168 0.0000 0.9999 0.0000	</row2>
					<row3>	0.2554 -0.3599 -5.7859 1.0000	</row3>
				</transform>
			</node>
			<node>
				<identifier>	SP_YMS023_YHUC_L_1_INDEX_1	</identifier>
				<transform>
					<row0>	0.9999 -0.0029 -0.0168 0.0000	</row0>
					<row1>	0.0029 1.0000 0.0000 0.0000	</row1>
					<row2>	0.0168 0.0000 0.9999 0.0000	</row2>
					<row3>	-0.2554 -0.3599 -5.7859 1.0000	</row3>
				</transform>
			</node>
			<node>
				<identifier>	SP_YMS030_YHAM_M_1	</identifier>
				<transform>
					<row0>	0.6500 0.0000 0.0000 0.0000	</row0>
					<row1>	0.0000 0.6998 -0.0176 0.0000	</row1>
					<row2>	0.0000 0.0176 0.6998 0.0000	</row2>
					<row3>	0.0000 0.1971 -6.9998 1.0000	</row3>
				</transform>
			</node>
			<node>
				<identifier>	SP_YMS031_YHAL_M_1	</identifier>
				<transform>
					<row0>	0.7143 0.1638 0.1596 0.0000	</row0>
					<row1>	-0.1615 0.7319 -0.0285 0.0000	</row1>
					<row2>	-0.1620 -0.0072 0.7323 0.0000	</row2>
					<row3>	-0.2782 0.1256 -6.7572 1.0000	</row3>
				</transform>
			</node>
			<node>
				<identifier>	SP_YMS032_YHAR_M_1	</identifier>
				<transform>
					<row0>	0.7143 -0.1638 -0.1596 0.0000	</row0>
					<row1>	0.1615 0.7319 -0.0285 0.0000	</row1>
					<row2>	0.1620 -0.0072 0.7323 0.0000	</row2>
					<row3>	0.2782 0.1256 -6.7572 1.0000	</row3>
				</transform>
			</node>
			<node>
				<identifier>	SP_YMS041_YHCS_M_1	</identifier>
				<transform>
					<row0>	-0.9447 0.0000 -0.1000 0.0000	</row0>
					<row1>	0.0000 0.9500 0.0000 0.0000	</row1>
					<row2>	0.1000 0.0000 -0.9447 0.0000	</row2>
					<row3>	-0.5091 0.2929 -4.4642 1.0000	</row3>
				</transform>
			</node>
			<node>
				<identifier>	SP_YMS041_YHCS_M_1_INDEX_1	</identifier>
				<transform>
					<row0>	-0.9464 0.0000 -0.0828 0.0000	</row0>
					<row1>	0.0000 0.9500 0.0000 0.0000	</row1>
					<row2>	0.0828 0.0000 -0.9464 0.0000	</row2>
					<row3>	-0.4323 0.2956 -5.1520 1.0000	</row3>
				</transform>
			</node>
			<node>
				<identifier>	SP_YMS041_YHCS_M_1_INDEX_3	</identifier>
				<transform>
					<row0>	-0.8259 0.0003 0.2213 0.0000	</row0>
					<row1>	0.0069 0.8546 0.0243 0.0000	</row1>
					<row2>	-0.2212 0.0252 -0.8255 0.0000	</row2>
					<row3>	-0.0792 0.2886 -6.5574 1.0000	</row3>
				</transform>
			</node>
			<node>
				<identifier>	SP_YMS041_YHCS_M_1_INDEX_5	</identifier>
				<transform>
					<row0>	-0.9464 0.0000 0.0828 0.0000	</row0>
					<row1>	0.0000 0.9500 0.0000 0.0000	</row1>
					<row2>	-0.0828 0.0000 -0.9464 0.0000	</row2>
					<row3>	0.4323 0.2956 -5.1520 1.0000	</row3>
				</transform>
			</node>
			<node>
				<identifier>	SP_YMS041_YHCS_M_1_INDEX_6	</identifier>
				<transform>
					<row0>	-0.6983 0.0000 0.3904 0.0000	</row0>
					<row1>	0.0000 0.8000 0.0000 0.0000	</row1>
					<row2>	-0.3904 0.0000 -0.6983 0.0000	</row2>
					<row3>	-0.1244 0.2999 -6.1630 1.0000	</row3>
				</transform>
			</node>
			<node>
				<identifier>	SP_YMS041_YHCS_M_1_INDEX_7	</identifier>
				<transform>
					<row0>	-0.9447 0.0000 0.1000 0.0000	</row0>
					<row1>	0.0000 0.9500 0.0000 0.0000	</row1>
					<row2>	-0.1000 0.0000 -0.9447 0.0000	</row2>
					<row3>	0.5091 0.2929 -4.4642 1.0000	</row3>
				</transform>
			</node>
			<node>
				<identifier>	SP_YMS041_YHCS_M_1_INDEX_8	</identifier>
				<transform>
					<row0>	-0.8468 0.0000 0.0741 0.0000	</row0>
					<row1>	0.0000 0.8500 0.0000 0.0000	</row1>
					<row2>	-0.0741 0.0000 -0.8468 0.0000	</row2>
					<row3>	0.1982 0.2857 -6.3670 1.0000	</row3>
				</transform>
			</node>
			<node>
				<identifier>	SP_YMS053_YHDC_S_1_INDEX_11	</identifier>
				<transform>
					<row0>	1.0000 0.0000 0.0000 0.0000	</row0>
					<row1>	0.0000 1.0000 0.0000 0.0000	</row1>
					<row2>	0.0000 0.0000 1.0000 0.0000	</row2>
					<row3>	0.0000 0.2512 -5.1591 1.0000	</row3>
				</transform>
			</node>
			<node>
				<identifier>	SP_YMS053_YHDC_S_1_INDEX_12	</identifier>
				<transform>
					<row0>	1.0000 0.0000 0.0000 0.0000	</row0>
					<row1>	0.0000 1.0000 0.0000 0.0000	</row1>
					<row2>	0.0000 0.0000 1.0000 0.0000	</row2>
					<row3>	-0.2400 0.2512 -5.8607 1.0000	</row3>
				</transform>
			</node>
			<node>
				<identifier>	SP_YMS053_YHDC_S_1_INDEX_13	</identifier>
				<transform>
					<row0>	1.0000 0.0000 0.0000 0.0000	</row0>
					<row1>	0.0000 1.0000 0.0000 0.0000	</row1>
					<row2>	0.0000 0.0000 1.0000 0.0000	</row2>
					<row3>	0.2400 0.2512 -5.8607 1.0000	</row3>
				</transform>
			</node>
		</node>
	</node>
	<boundingBox>
		<min>	-0.0667 -0.0667 -0.0667	</min>
		<max>	0.0667 0.0667 0.0667	</max>
	</boundingBox>
</RSC041_Petr_Bagration_1952_Stern_ports.visual>
