<ISC017_Napoli_1944_MidBack_ports.visual>
	<node>
		<identifier>	Scene Root	</identifier>
		<transform>
			<row0>	1.0000 0.0000 0.0000 0.0000	</row0>
			<row1>	0.0000 1.0000 0.0000 0.0000	</row1>
			<row2>	0.0000 0.0000 1.0000 0.0000	</row2>
			<row3>	0.0000 0.0000 0.0000 1.0000	</row3>
		</transform>
		<node>
			<identifier>	MidBack_ports	</identifier>
			<transform>
				<row0>	1.0000 0.0000 0.0000 0.0000	</row0>
				<row1>	0.0000 1.0000 0.0000 0.0000	</row1>
				<row2>	0.0000 0.0000 1.0000 0.0000	</row2>
				<row3>	0.0000 0.0000 0.0000 1.0000	</row3>
			</transform>
			<node>
				<identifier>	HP_FX_Fire_3	</identifier>
				<transform>
					<row0>	1.0000 0.0000 0.0000 0.0000	</row0>
					<row1>	0.0000 1.0000 0.0000 0.0000	</row1>
					<row2>	0.0000 0.0000 1.0000 0.0000	</row2>
					<row3>	0.0000 0.5637 -2.7790 1.0000	</row3>
				</transform>
			</node>
			<node>
				<identifier>	HP_FX_Fire_3_side_1	</identifier>
				<transform>
					<row0>	1.0000 0.0000 0.0000 0.0000	</row0>
					<row1>	0.0000 1.0000 0.0000 0.0000	</row1>
					<row2>	0.0000 0.0000 1.0000 0.0000	</row2>
					<row3>	0.4563 0.4261 -2.1632 1.0000	</row3>
				</transform>
			</node>
			<node>
				<identifier>	HP_FX_Fire_3_side_2	</identifier>
				<transform>
					<row0>	1.0000 0.0000 0.0000 0.0000	</row0>
					<row1>	0.0000 1.0000 0.0000 0.0000	</row1>
					<row2>	0.0000 0.0000 1.0000 0.0000	</row2>
					<row3>	-0.2459 0.8008 -3.5457 1.0000	</row3>
				</transform>
			</node>
			<node>
				<identifier>	HP_FX_FloodLight_left_2	</identifier>
				<transform>
					<row0>	-0.9197 0.0000 0.3926 0.0000	</row0>
					<row1>	0.0000 1.0000 0.0000 0.0000	</row1>
					<row2>	-0.3926 0.0000 -0.9197 0.0000	</row2>
					<row3>	-0.1756 0.6928 -3.2379 1.0000	</row3>
				</transform>
			</node>
			<node>
				<identifier>	HP_FX_FloodLight_right_2	</identifier>
				<transform>
					<row0>	0.8721 0.0000 0.4894 0.0000	</row0>
					<row1>	0.0000 1.0000 0.0000 0.0000	</row1>
					<row2>	-0.4894 0.0000 0.8721 0.0000	</row2>
					<row3>	0.1739 0.6926 -3.2346 1.0000	</row3>
				</transform>
			</node>
			<node>
				<identifier>	HP_FX_Flood_steam_3	</identifier>
				<transform>
					<row0>	0.1311 -0.0312 0.9909 0.0000	</row0>
					<row1>	0.9545 0.2738 -0.1177 0.0000	</row1>
					<row2>	-0.2676 0.9612 0.0657 0.0000	</row2>
					<row3>	0.0364 1.3858 -1.8367 1.0000	</row3>
				</transform>
			</node>
			<node>
				<identifier>	HP_FX_Flood_steam_4	</identifier>
				<transform>
					<row0>	0.3423 -0.0312 -0.9391 0.0000	</row0>
					<row1>	-0.9007 0.2738 -0.3374 0.0000	</row1>
					<row2>	0.2676 0.9613 0.0657 0.0000	</row2>
					<row3>	-0.0360 1.3863 -1.8371 1.0000	</row3>
				</transform>
			</node>
			<node>
				<identifier>	HP_FX_Smoke_2	</identifier>
				<transform>
					<row0>	1.0000 0.0000 0.0000 0.0000	</row0>
					<row1>	0.0000 0.9965 -0.0833 0.0000	</row1>
					<row2>	0.0000 0.0833 0.9965 0.0000	</row2>
					<row3>	0.0000 1.4707 -1.5752 1.0000	</row3>
				</transform>
			</node>
			<node>
				<identifier>	HP_ID_7	</identifier>
				<transform>
					<row0>	-1.0000 0.0000 0.0000 0.0000	</row0>
					<row1>	0.0000 1.0000 0.0000 0.0000	</row1>
					<row2>	0.0000 0.0000 -1.0000 0.0000	</row2>
					<row3>	0.0000 0.9558 -3.5979 1.0000	</row3>
				</transform>
			</node>
			<node>
				<identifier>	HP_IGA_10	</identifier>
				<transform>
					<row0>	-0.7071 0.0000 0.7071 0.0000	</row0>
					<row1>	0.0000 1.0000 0.0000 0.0000	</row1>
					<row2>	-0.7071 0.0000 -0.7071 0.0000	</row2>
					<row3>	-0.3600 1.0641 -1.7432 1.0000	</row3>
				</transform>
			</node>
			<node>
				<identifier>	HP_IGA_11	</identifier>
				<transform>
					<row0>	0.0000 0.0000 1.0000 0.0000	</row0>
					<row1>	0.0000 1.0000 0.0000 0.0000	</row1>
					<row2>	-1.0000 0.0000 0.0000 0.0000	</row2>
					<row3>	-0.1640 0.5712 -2.9184 1.0000	</row3>
				</transform>
			</node>
			<node>
				<identifier>	HP_IGA_12	</identifier>
				<transform>
					<row0>	0.0000 0.0000 -1.0000 0.0000	</row0>
					<row1>	0.0000 1.0000 0.0000 0.0000	</row1>
					<row2>	1.0000 0.0000 0.0000 0.0000	</row2>
					<row3>	0.1640 0.5712 -2.9184 1.0000	</row3>
				</transform>
			</node>
			<node>
				<identifier>	HP_IGA_13	</identifier>
				<transform>
					<row0>	0.0000 0.0000 1.0000 0.0000	</row0>
					<row1>	0.0000 1.0000 0.0000 0.0000	</row1>
					<row2>	-1.0000 0.0000 0.0000 0.0000	</row2>
					<row3>	-0.2240 1.2269 -3.4191 1.0000	</row3>
				</transform>
			</node>
			<node>
				<identifier>	HP_IGA_14	</identifier>
				<transform>
					<row0>	0.0000 0.0000 -1.0000 0.0000	</row0>
					<row1>	0.0000 1.0000 0.0000 0.0000	</row1>
					<row2>	1.0000 0.0000 0.0000 0.0000	</row2>
					<row3>	0.2240 1.2269 -3.4191 1.0000	</row3>
				</transform>
			</node>
			<node>
				<identifier>	HP_IGA_15	</identifier>
				<transform>
					<row0>	0.0000 0.0000 1.0000 0.0000	</row0>
					<row1>	0.0000 1.0000 0.0000 0.0000	</row1>
					<row2>	-1.0000 0.0000 0.0000 0.0000	</row2>
					<row3>	-0.2448 0.7404 -3.5422 1.0000	</row3>
				</transform>
			</node>
			<node>
				<identifier>	HP_IGA_16	</identifier>
				<transform>
					<row0>	0.0000 0.0000 -1.0000 0.0000	</row0>
					<row1>	0.0000 1.0000 0.0000 0.0000	</row1>
					<row2>	1.0000 0.0000 0.0000 0.0000	</row2>
					<row3>	0.2448 0.7404 -3.5422 1.0000	</row3>
				</transform>
			</node>
			<node>
				<identifier>	HP_IGA_7	</identifier>
				<transform>
					<row0>	0.7071 0.0000 0.7071 0.0000	</row0>
					<row1>	0.0000 1.0000 0.0000 0.0000	</row1>
					<row2>	-0.7071 0.0000 0.7071 0.0000	</row2>
					<row3>	-0.3600 1.0641 -1.3764 1.0000	</row3>
				</transform>
			</node>
			<node>
				<identifier>	HP_IGA_8	</identifier>
				<transform>
					<row0>	0.7071 0.0000 -0.7071 0.0000	</row0>
					<row1>	0.0000 1.0000 0.0000 0.0000	</row1>
					<row2>	0.7071 0.0000 0.7071 0.0000	</row2>
					<row3>	0.3600 1.0641 -1.3764 1.0000	</row3>
				</transform>
			</node>
			<node>
				<identifier>	HP_IGA_9	</identifier>
				<transform>
					<row0>	-0.7071 0.0000 -0.7071 0.0000	</row0>
					<row1>	0.0000 1.0000 0.0000 0.0000	</row1>
					<row2>	0.7071 0.0000 -0.7071 0.0000	</row2>
					<row3>	0.3600 1.0641 -1.7408 1.0000	</row3>
				</transform>
			</node>
			<node>
				<identifier>	HP_IGS_10	</identifier>
				<transform>
					<row0>	-1.0000 0.0000 0.0000 0.0000	</row0>
					<row1>	0.0000 1.0000 0.0000 0.0000	</row1>
					<row2>	0.0000 0.0000 -1.0000 0.0000	</row2>
					<row3>	0.5978 0.4472 -3.8391 1.0000	</row3>
				</transform>
			</node>
			<node>
				<identifier>	HP_IGS_5	</identifier>
				<transform>
					<row0>	-1.0000 0.0000 0.0000 0.0000	</row0>
					<row1>	0.0000 1.0000 0.0000 0.0000	</row1>
					<row2>	0.0000 0.0000 -1.0000 0.0000	</row2>
					<row3>	-0.7350 0.4472 -1.1979 1.0000	</row3>
				</transform>
			</node>
			<node>
				<identifier>	HP_IGS_6	</identifier>
				<transform>
					<row0>	-1.0000 0.0000 0.0000 0.0000	</row0>
					<row1>	0.0000 1.0000 0.0000 0.0000	</row1>
					<row2>	0.0000 0.0000 -1.0000 0.0000	</row2>
					<row3>	0.7350 0.4472 -1.1979 1.0000	</row3>
				</transform>
			</node>
			<node>
				<identifier>	HP_IGS_7	</identifier>
				<transform>
					<row0>	-1.0000 0.0000 0.0000 0.0000	</row0>
					<row1>	0.0000 1.0000 0.0000 0.0000	</row1>
					<row2>	0.0000 0.0000 -1.0000 0.0000	</row2>
					<row3>	-0.7116 0.4472 -2.5810 1.0000	</row3>
				</transform>
			</node>
			<node>
				<identifier>	HP_IGS_8	</identifier>
				<transform>
					<row0>	-1.0000 0.0000 0.0000 0.0000	</row0>
					<row1>	0.0000 1.0000 0.0000 0.0000	</row1>
					<row2>	0.0000 0.0000 -1.0000 0.0000	</row2>
					<row3>	0.7116 0.4472 -2.5810 1.0000	</row3>
				</transform>
			</node>
			<node>
				<identifier>	HP_IGS_9	</identifier>
				<transform>
					<row0>	-1.0000 0.0000 0.0000 0.0000	</row0>
					<row1>	0.0000 1.0000 0.0000 0.0000	</row1>
					<row2>	0.0000 0.0000 -1.0000 0.0000	</row2>
					<row3>	-0.5978 0.4472 -3.8391 1.0000	</row3>
				</transform>
			</node>
			<node>
				<identifier>	HP_Ship_death_2	</identifier>
				<transform>
					<row0>	1.0000 0.0000 0.0000 0.0000	</row0>
					<row1>	0.0000 1.0000 0.0000 0.0000	</row1>
					<row2>	0.0000 0.0000 1.0000 0.0000	</row2>
					<row3>	0.0000 0.0000 -1.0575 1.0000	</row3>
				</transform>
			</node>
			<node>
				<identifier>	HP_flag_nation	</identifier>
				<transform>
					<row0>	0.9920 0.1262 -0.0093 0.0000	</row0>
					<row1>	-0.1262 0.9811 -0.1468 0.0000	</row1>
					<row2>	-0.0093 0.1468 0.9891 0.0000	</row2>
					<row3>	0.0023 2.2301 -3.4446 1.0000	</row3>
				</transform>
			</node>
			<node>
				<identifier>	HP_flag_rank	</identifier>
				<transform>
					<row0>	0.9920 0.1262 -0.0093 0.0000	</row0>
					<row1>	-0.1262 0.9811 -0.1468 0.0000	</row1>
					<row2>	-0.0093 0.1468 0.9891 0.0000	</row2>
					<row3>	0.0258 2.0475 -3.4173 1.0000	</row3>
				</transform>
			</node>
			<node>
				<identifier>	MP_CM014_Fuel_Oil_Hose	</identifier>
				<transform>
					<row0>	-1.0000 0.0000 -0.0011 0.0000	</row0>
					<row1>	0.0000 1.0000 0.0000 0.0000	</row1>
					<row2>	0.0011 0.0000 -1.0000 0.0000	</row2>
					<row3>	0.3965 0.4570 -2.4648 1.0000	</row3>
				</transform>
			</node>
			<node>
				<identifier>	MP_CM014_Fuel_Oil_Hose_INDEX_1	</identifier>
				<transform>
					<row0>	1.0000 0.0000 0.0009 0.0000	</row0>
					<row1>	0.0000 1.0000 0.0000 0.0000	</row1>
					<row2>	-0.0009 0.0000 1.0000 0.0000	</row2>
					<row3>	-0.3969 0.4570 -2.4648 1.0000	</row3>
				</transform>
			</node>
			<node>
				<identifier>	MP_CM014_Fuel_Oil_Hose_INDEX_2	</identifier>
				<transform>
					<row0>	1.0000 0.0000 0.0009 0.0000	</row0>
					<row1>	0.0000 1.0000 0.0000 0.0000	</row1>
					<row2>	-0.0009 0.0000 1.0000 0.0000	</row2>
					<row3>	-0.3969 0.4570 -1.8941 1.0000	</row3>
				</transform>
			</node>
			<node>
				<identifier>	MP_CM014_Fuel_Oil_Hose_INDEX_3	</identifier>
				<transform>
					<row0>	-1.0000 0.0000 -0.0011 0.0000	</row0>
					<row1>	0.0000 1.0000 0.0000 0.0000	</row1>
					<row2>	0.0011 0.0000 -1.0000 0.0000	</row2>
					<row3>	0.3965 0.4570 -2.6352 1.0000	</row3>
				</transform>
			</node>
			<node>
				<identifier>	MP_CM014_Fuel_Oil_Hose_INDEX_4	</identifier>
				<transform>
					<row0>	1.0000 0.0000 0.0009 0.0000	</row0>
					<row1>	0.0000 1.0000 0.0000 0.0000	</row1>
					<row2>	-0.0009 0.0000 1.0000 0.0000	</row2>
					<row3>	-0.3969 0.4570 -2.6352 1.0000	</row3>
				</transform>
			</node>
			<node>
				<identifier>	MP_CM014_Fuel_Oil_Hose_INDEX_5	</identifier>
				<transform>
					<row0>	-1.0000 0.0000 -0.0011 0.0000	</row0>
					<row1>	0.0000 1.0000 0.0000 0.0000	</row1>
					<row2>	0.0011 0.0000 -1.0000 0.0000	</row2>
					<row3>	0.3965 0.4570 -1.8941 1.0000	</row3>
				</transform>
			</node>
			<node>
				<identifier>	MP_CM029_Emergency_Box	</identifier>
				<transform>
					<row0>	0.0968 0.0000 -0.9953 0.0000	</row0>
					<row1>	0.0000 1.0000 0.0000 0.0000	</row1>
					<row2>	0.9953 0.0000 0.0968 0.0000	</row2>
					<row3>	-0.1464 1.1426 -1.5231 1.0000	</row3>
				</transform>
			</node>
			<node>
				<identifier>	MP_CM029_Emergency_Box_INDEX_1	</identifier>
				<transform>
					<row0>	0.0968 0.0000 0.9953 0.0000	</row0>
					<row1>	0.0000 1.0000 0.0000 0.0000	</row1>
					<row2>	-0.9953 0.0000 0.0968 0.0000	</row2>
					<row3>	0.1464 1.1426 -1.5231 1.0000	</row3>
				</transform>
			</node>
			<node>
				<identifier>	MP_CM052_Fender	</identifier>
				<transform>
					<row0>	0.0174 0.0000 0.9998 0.0000	</row0>
					<row1>	0.0000 1.0000 0.0000 0.0000	</row1>
					<row2>	-0.9998 0.0000 0.0174 0.0000	</row2>
					<row3>	-0.4252 0.4264 -1.6961 1.0000	</row3>
				</transform>
			</node>
			<node>
				<identifier>	MP_CM052_Fender_INDEX_1	</identifier>
				<transform>
					<row0>	0.0174 0.0000 0.9998 0.0000	</row0>
					<row1>	0.0000 1.0000 0.0000 0.0000	</row1>
					<row2>	-0.9998 0.0000 0.0174 0.0000	</row2>
					<row3>	-0.4266 0.4264 -1.7734 1.0000	</row3>
				</transform>
			</node>
			<node>
				<identifier>	MP_CM052_Fender_INDEX_2	</identifier>
				<transform>
					<row0>	0.0174 0.0000 -0.9998 0.0000	</row0>
					<row1>	0.0000 1.0000 0.0000 0.0000	</row1>
					<row2>	0.9998 0.0000 0.0174 0.0000	</row2>
					<row3>	0.3397 0.4265 -3.1819 1.0000	</row3>
				</transform>
			</node>
			<node>
				<identifier>	MP_CM052_Fender_INDEX_3	</identifier>
				<transform>
					<row0>	0.0174 0.0000 -0.9998 0.0000	</row0>
					<row1>	0.0000 1.0000 0.0000 0.0000	</row1>
					<row2>	0.9998 0.0000 0.0174 0.0000	</row2>
					<row3>	0.4252 0.4264 -1.6961 1.0000	</row3>
				</transform>
			</node>
			<node>
				<identifier>	MP_CM052_Fender_INDEX_4	</identifier>
				<transform>
					<row0>	0.0174 0.0000 -0.9998 0.0000	</row0>
					<row1>	0.0000 1.0000 0.0000 0.0000	</row1>
					<row2>	0.9998 0.0000 0.0174 0.0000	</row2>
					<row3>	0.4266 0.4264 -1.7734 1.0000	</row3>
				</transform>
			</node>
			<node>
				<identifier>	MP_CM052_Fender_INDEX_5	</identifier>
				<transform>
					<row0>	0.0174 0.0000 0.9998 0.0000	</row0>
					<row1>	0.0000 1.0000 0.0000 0.0000	</row1>
					<row2>	-0.9998 0.0000 0.0174 0.0000	</row2>
					<row3>	-0.3397 0.4265 -3.1819 1.0000	</row3>
				</transform>
			</node>
			<node>
				<identifier>	MP_IM021_Turtle	</identifier>
				<transform>
					<row0>	-0.0130 0.0000 0.9999 0.0000	</row0>
					<row1>	0.0000 1.0000 0.0000 0.0000	</row1>
					<row2>	-0.9999 0.0000 -0.0130 0.0000	</row2>
					<row3>	-0.3954 0.4745 -2.3329 1.0000	</row3>
				</transform>
			</node>
			<node>
				<identifier>	MP_IM021_Turtle_INDEX_1	</identifier>
				<transform>
					<row0>	-0.0130 0.0000 0.9999 0.0000	</row0>
					<row1>	0.0000 1.0000 0.0000 0.0000	</row1>
					<row2>	-0.9999 0.0000 -0.0130 0.0000	</row2>
					<row3>	-0.3954 0.5147 -2.3329 1.0000	</row3>
				</transform>
			</node>
			<node>
				<identifier>	MP_IM021_Turtle_INDEX_10	</identifier>
				<transform>
					<row0>	-0.0130 0.0000 -0.9999 0.0000	</row0>
					<row1>	0.0000 1.0000 0.0000 0.0000	</row1>
					<row2>	0.9999 0.0000 -0.0130 0.0000	</row2>
					<row3>	0.3954 0.4550 -2.3504 1.0000	</row3>
				</transform>
			</node>
			<node>
				<identifier>	MP_IM021_Turtle_INDEX_11	</identifier>
				<transform>
					<row0>	-0.0130 0.0000 0.9999 0.0000	</row0>
					<row1>	0.0000 1.0000 0.0000 0.0000	</row1>
					<row2>	-0.9999 0.0000 -0.0130 0.0000	</row2>
					<row3>	-0.3954 0.4950 -2.3683 1.0000	</row3>
				</transform>
			</node>
			<node>
				<identifier>	MP_IM021_Turtle_INDEX_12	</identifier>
				<transform>
					<row0>	-0.0130 0.0000 0.9999 0.0000	</row0>
					<row1>	0.0000 1.0000 0.0000 0.0000	</row1>
					<row2>	-0.9999 0.0000 -0.0130 0.0000	</row2>
					<row3>	-0.3954 0.4550 -2.3329 1.0000	</row3>
				</transform>
			</node>
			<node>
				<identifier>	MP_IM021_Turtle_INDEX_13	</identifier>
				<transform>
					<row0>	-0.0130 0.0000 -0.9999 0.0000	</row0>
					<row1>	0.0000 1.0000 0.0000 0.0000	</row1>
					<row2>	0.9999 0.0000 -0.0130 0.0000	</row2>
					<row3>	0.3954 0.4745 -2.3504 1.0000	</row3>
				</transform>
			</node>
			<node>
				<identifier>	MP_IM021_Turtle_INDEX_14	</identifier>
				<transform>
					<row0>	-0.0130 0.0000 0.9999 0.0000	</row0>
					<row1>	0.0000 1.0000 0.0000 0.0000	</row1>
					<row2>	-0.9999 0.0000 -0.0130 0.0000	</row2>
					<row3>	-0.3954 0.4745 -2.3504 1.0000	</row3>
				</transform>
			</node>
			<node>
				<identifier>	MP_IM021_Turtle_INDEX_15	</identifier>
				<transform>
					<row0>	-0.0130 0.0000 0.9999 0.0000	</row0>
					<row1>	0.0000 1.0000 0.0000 0.0000	</row1>
					<row2>	-0.9999 0.0000 -0.0130 0.0000	</row2>
					<row3>	-0.3954 0.5147 -2.3683 1.0000	</row3>
				</transform>
			</node>
			<node>
				<identifier>	MP_IM021_Turtle_INDEX_16	</identifier>
				<transform>
					<row0>	-0.0130 0.0000 0.9999 0.0000	</row0>
					<row1>	0.0000 1.0000 0.0000 0.0000	</row1>
					<row2>	-0.9999 0.0000 -0.0130 0.0000	</row2>
					<row3>	-0.3954 0.4950 -2.3504 1.0000	</row3>
				</transform>
			</node>
			<node>
				<identifier>	MP_IM021_Turtle_INDEX_17	</identifier>
				<transform>
					<row0>	-0.0130 0.0000 0.9999 0.0000	</row0>
					<row1>	0.0000 1.0000 0.0000 0.0000	</row1>
					<row2>	-0.9999 0.0000 -0.0130 0.0000	</row2>
					<row3>	-0.3954 0.4550 -2.3504 1.0000	</row3>
				</transform>
			</node>
			<node>
				<identifier>	MP_IM021_Turtle_INDEX_18	</identifier>
				<transform>
					<row0>	-0.0130 0.0000 -0.9999 0.0000	</row0>
					<row1>	0.0000 1.0000 0.0000 0.0000	</row1>
					<row2>	0.9999 0.0000 -0.0130 0.0000	</row2>
					<row3>	0.3954 0.4745 -2.3683 1.0000	</row3>
				</transform>
			</node>
			<node>
				<identifier>	MP_IM021_Turtle_INDEX_19	</identifier>
				<transform>
					<row0>	-0.0130 0.0000 -0.9999 0.0000	</row0>
					<row1>	0.0000 1.0000 0.0000 0.0000	</row1>
					<row2>	0.9999 0.0000 -0.0130 0.0000	</row2>
					<row3>	0.3954 0.4950 -2.3329 1.0000	</row3>
				</transform>
			</node>
			<node>
				<identifier>	MP_IM021_Turtle_INDEX_2	</identifier>
				<transform>
					<row0>	-0.0130 0.0000 -0.9999 0.0000	</row0>
					<row1>	0.0000 1.0000 0.0000 0.0000	</row1>
					<row2>	0.9999 0.0000 -0.0130 0.0000	</row2>
					<row3>	0.3954 0.5147 -2.3329 1.0000	</row3>
				</transform>
			</node>
			<node>
				<identifier>	MP_IM021_Turtle_INDEX_20	</identifier>
				<transform>
					<row0>	-0.0130 0.0000 -0.9999 0.0000	</row0>
					<row1>	0.0000 1.0000 0.0000 0.0000	</row1>
					<row2>	0.9999 0.0000 -0.0130 0.0000	</row2>
					<row3>	0.3954 0.4550 -2.3329 1.0000	</row3>
				</transform>
			</node>
			<node>
				<identifier>	MP_IM021_Turtle_INDEX_21	</identifier>
				<transform>
					<row0>	-0.0130 0.0000 -0.9999 0.0000	</row0>
					<row1>	0.0000 1.0000 0.0000 0.0000	</row1>
					<row2>	0.9999 0.0000 -0.0130 0.0000	</row2>
					<row3>	0.3954 0.4745 -2.3329 1.0000	</row3>
				</transform>
			</node>
			<node>
				<identifier>	MP_IM021_Turtle_INDEX_22	</identifier>
				<transform>
					<row0>	-0.0130 0.0000 0.9999 0.0000	</row0>
					<row1>	0.0000 1.0000 0.0000 0.0000	</row1>
					<row2>	-0.9999 0.0000 -0.0130 0.0000	</row2>
					<row3>	-0.3954 0.4550 -2.3683 1.0000	</row3>
				</transform>
			</node>
			<node>
				<identifier>	MP_IM021_Turtle_INDEX_23	</identifier>
				<transform>
					<row0>	-0.0130 0.0000 -0.9999 0.0000	</row0>
					<row1>	0.0000 1.0000 0.0000 0.0000	</row1>
					<row2>	0.9999 0.0000 -0.0130 0.0000	</row2>
					<row3>	0.3954 0.4550 -2.3683 1.0000	</row3>
				</transform>
			</node>
			<node>
				<identifier>	MP_IM021_Turtle_INDEX_3	</identifier>
				<transform>
					<row0>	-0.0130 0.0000 0.9999 0.0000	</row0>
					<row1>	0.0000 1.0000 0.0000 0.0000	</row1>
					<row2>	-0.9999 0.0000 -0.0130 0.0000	</row2>
					<row3>	-0.3954 0.5147 -2.3504 1.0000	</row3>
				</transform>
			</node>
			<node>
				<identifier>	MP_IM021_Turtle_INDEX_4	</identifier>
				<transform>
					<row0>	-0.0130 0.0000 0.9999 0.0000	</row0>
					<row1>	0.0000 1.0000 0.0000 0.0000	</row1>
					<row2>	-0.9999 0.0000 -0.0130 0.0000	</row2>
					<row3>	-0.3954 0.4950 -2.3329 1.0000	</row3>
				</transform>
			</node>
			<node>
				<identifier>	MP_IM021_Turtle_INDEX_5	</identifier>
				<transform>
					<row0>	-0.0130 0.0000 -0.9999 0.0000	</row0>
					<row1>	0.0000 1.0000 0.0000 0.0000	</row1>
					<row2>	0.9999 0.0000 -0.0130 0.0000	</row2>
					<row3>	0.3954 0.4950 -2.3683 1.0000	</row3>
				</transform>
			</node>
			<node>
				<identifier>	MP_IM021_Turtle_INDEX_6	</identifier>
				<transform>
					<row0>	-0.0130 0.0000 -0.9999 0.0000	</row0>
					<row1>	0.0000 1.0000 0.0000 0.0000	</row1>
					<row2>	0.9999 0.0000 -0.0130 0.0000	</row2>
					<row3>	0.3954 0.5147 -2.3504 1.0000	</row3>
				</transform>
			</node>
			<node>
				<identifier>	MP_IM021_Turtle_INDEX_7	</identifier>
				<transform>
					<row0>	-0.0130 0.0000 -0.9999 0.0000	</row0>
					<row1>	0.0000 1.0000 0.0000 0.0000	</row1>
					<row2>	0.9999 0.0000 -0.0130 0.0000	</row2>
					<row3>	0.3954 0.5147 -2.3683 1.0000	</row3>
				</transform>
			</node>
			<node>
				<identifier>	MP_IM021_Turtle_INDEX_8	</identifier>
				<transform>
					<row0>	-0.0130 0.0000 0.9999 0.0000	</row0>
					<row1>	0.0000 1.0000 0.0000 0.0000	</row1>
					<row2>	-0.9999 0.0000 -0.0130 0.0000	</row2>
					<row3>	-0.3954 0.4745 -2.3683 1.0000	</row3>
				</transform>
			</node>
			<node>
				<identifier>	MP_IM021_Turtle_INDEX_9	</identifier>
				<transform>
					<row0>	-0.0130 0.0000 -0.9999 0.0000	</row0>
					<row1>	0.0000 1.0000 0.0000 0.0000	</row1>
					<row2>	0.9999 0.0000 -0.0130 0.0000	</row2>
					<row3>	0.3954 0.4950 -2.3504 1.0000	</row3>
				</transform>
			</node>
			<node>
				<identifier>	MP_IM031_Fire_Fighting	</identifier>
				<transform>
					<row0>	-0.0175 0.0000 0.9998 0.0000	</row0>
					<row1>	0.0000 1.0000 0.0000 0.0000	</row1>
					<row2>	-0.9998 0.0000 -0.0175 0.0000	</row2>
					<row3>	-0.4194 0.4256 -1.2929 1.0000	</row3>
				</transform>
			</node>
			<node>
				<identifier>	MP_IM031_Fire_Fighting_INDEX_1	</identifier>
				<transform>
					<row0>	-0.0175 0.0000 -0.9998 0.0000	</row0>
					<row1>	0.0000 1.0000 0.0000 0.0000	</row1>
					<row2>	0.9998 0.0000 -0.0175 0.0000	</row2>
					<row3>	0.4194 0.4256 -1.2929 1.0000	</row3>
				</transform>
			</node>
			<node>
				<identifier>	MP_IM031_Fire_Fighting_INDEX_2	</identifier>
				<transform>
					<row0>	-0.0175 0.0000 0.9998 0.0000	</row0>
					<row1>	0.0000 1.0000 0.0000 0.0000	</row1>
					<row2>	-0.9998 0.0000 -0.0175 0.0000	</row2>
					<row3>	-0.4191 0.4256 -2.8350 1.0000	</row3>
				</transform>
			</node>
			<node>
				<identifier>	MP_IM031_Fire_Fighting_INDEX_3	</identifier>
				<transform>
					<row0>	-0.0175 0.0000 -0.9998 0.0000	</row0>
					<row1>	0.0000 1.0000 0.0000 0.0000	</row1>
					<row2>	0.9998 0.0000 -0.0175 0.0000	</row2>
					<row3>	0.4191 0.4256 -2.8350 1.0000	</row3>
				</transform>
			</node>
			<node>
				<identifier>	MP_IM032_Fire_Hose	</identifier>
				<transform>
					<row0>	-0.0005 0.0000 1.0000 0.0000	</row0>
					<row1>	0.0000 1.0000 0.0000 0.0000	</row1>
					<row2>	-1.0000 0.0000 -0.0005 0.0000	</row2>
					<row3>	-0.3977 0.4762 -2.8553 1.0000	</row3>
				</transform>
			</node>
			<node>
				<identifier>	MP_IM032_Fire_Hose_INDEX_1	</identifier>
				<transform>
					<row0>	-0.0005 0.0000 1.0000 0.0000	</row0>
					<row1>	0.0000 1.0000 0.0000 0.0000	</row1>
					<row2>	-1.0000 0.0000 -0.0005 0.0000	</row2>
					<row3>	-0.3980 0.4793 -1.1681 1.0000	</row3>
				</transform>
			</node>
			<node>
				<identifier>	MP_IM032_Fire_Hose_INDEX_2	</identifier>
				<transform>
					<row0>	-0.0005 0.0000 -1.0000 0.0000	</row0>
					<row1>	0.0000 1.0000 0.0000 0.0000	</row1>
					<row2>	1.0000 0.0000 -0.0005 0.0000	</row2>
					<row3>	0.3977 0.4701 -2.8553 1.0000	</row3>
				</transform>
			</node>
			<node>
				<identifier>	MP_IM032_Fire_Hose_INDEX_3	</identifier>
				<transform>
					<row0>	-0.0005 0.0000 -1.0000 0.0000	</row0>
					<row1>	0.0000 1.0000 0.0000 0.0000	</row1>
					<row2>	1.0000 0.0000 -0.0005 0.0000	</row2>
					<row3>	0.3980 0.4802 -1.1694 1.0000	</row3>
				</transform>
			</node>
			<node>
				<identifier>	MP_IM033_Life_Buoy	</identifier>
				<transform>
					<row0>	0.0432 0.0000 -0.9991 0.0000	</row0>
					<row1>	0.0000 1.0000 0.0000 0.0000	</row1>
					<row2>	0.9991 0.0000 0.0432 0.0000	</row2>
					<row3>	-0.9002 0.4771 -2.6174 1.0000	</row3>
				</transform>
			</node>
			<node>
				<identifier>	MP_IM033_Life_Buoy_INDEX_1	</identifier>
				<transform>
					<row0>	0.0432 0.0000 0.9991 0.0000	</row0>
					<row1>	0.0000 1.0000 0.0000 0.0000	</row1>
					<row2>	-0.9991 0.0000 0.0432 0.0000	</row2>
					<row3>	0.9002 0.4771 -2.6174 1.0000	</row3>
				</transform>
			</node>
			<node>
				<identifier>	MP_IM053_Medal_Napoli	</identifier>
				<transform>
					<row0>	0.0000 0.0000 0.5870 0.0000	</row0>
					<row1>	0.0000 0.5870 0.0000 0.0000	</row1>
					<row2>	-0.5870 0.0000 0.0000 0.0000	</row2>
					<row3>	-0.1855 0.6856 -3.3454 1.0000	</row3>
				</transform>
			</node>
			<node>
				<identifier>	MP_IM053_Medal_Napoli_INDEX_1	</identifier>
				<transform>
					<row0>	0.0000 0.0000 -0.5870 0.0000	</row0>
					<row1>	0.0000 0.5870 0.0000 0.0000	</row1>
					<row2>	0.5870 0.0000 0.0000 0.0000	</row2>
					<row3>	0.1855 0.6856 -3.3454 1.0000	</row3>
				</transform>
			</node>
			<node>
				<identifier>	MP_IM229_Ammunition_Box_Clean	</identifier>
				<transform>
					<row0>	-0.1791 0.0000 0.9838 0.0000	</row0>
					<row1>	0.0000 1.0000 0.0000 0.0000	</row1>
					<row2>	-0.9838 0.0000 -0.1791 0.0000	</row2>
					<row3>	-0.0461 1.2269 -3.4409 1.0000	</row3>
				</transform>
			</node>
			<node>
				<identifier>	MP_IM229_Ammunition_Box_Clean_INDEX_1	</identifier>
				<transform>
					<row0>	-0.8011 0.0000 -0.5986 0.0000	</row0>
					<row1>	0.0000 1.0000 0.0000 0.0000	</row1>
					<row2>	0.5986 0.0000 -0.8011 0.0000	</row2>
					<row3>	0.0868 1.2269 -3.2284 1.0000	</row3>
				</transform>
			</node>
			<node>
				<identifier>	MP_IM229_Ammunition_Box_Clean_INDEX_10	</identifier>
				<transform>
					<row0>	-0.1791 0.0000 -0.9838 0.0000	</row0>
					<row1>	0.0000 1.0000 0.0000 0.0000	</row1>
					<row2>	0.9838 0.0000 -0.1791 0.0000	</row2>
					<row3>	0.0461 1.2269 -3.4409 1.0000	</row3>
				</transform>
			</node>
			<node>
				<identifier>	MP_IM229_Ammunition_Box_Clean_INDEX_11	</identifier>
				<transform>
					<row0>	1.0000 0.0000 0.0000 0.0000	</row0>
					<row1>	0.0000 1.0000 0.0000 0.0000	</row1>
					<row2>	0.0000 0.0000 1.0000 0.0000	</row2>
					<row3>	-0.0343 0.7404 -3.4379 1.0000	</row3>
				</transform>
			</node>
			<node>
				<identifier>	MP_IM229_Ammunition_Box_Clean_INDEX_12	</identifier>
				<transform>
					<row0>	0.0000 0.0000 1.0000 0.0000	</row0>
					<row1>	0.0000 1.0000 0.0000 0.0000	</row1>
					<row2>	-1.0000 0.0000 0.0000 0.0000	</row2>
					<row3>	0.3057 1.0645 -1.5871 1.0000	</row3>
				</transform>
			</node>
			<node>
				<identifier>	MP_IM229_Ammunition_Box_Clean_INDEX_13	</identifier>
				<transform>
					<row0>	-0.9346 0.0000 -0.3558 0.0000	</row0>
					<row1>	0.0000 1.0000 0.0000 0.0000	</row1>
					<row2>	0.3558 0.0000 -0.9346 0.0000	</row2>
					<row3>	0.2259 1.0645 -1.6860 1.0000	</row3>
				</transform>
			</node>
			<node>
				<identifier>	MP_IM229_Ammunition_Box_Clean_INDEX_2	</identifier>
				<transform>
					<row0>	-0.8011 0.0000 0.5986 0.0000	</row0>
					<row1>	0.0000 1.0000 0.0000 0.0000	</row1>
					<row2>	-0.5986 0.0000 -0.8011 0.0000	</row2>
					<row3>	-0.0872 1.2269 -3.2282 1.0000	</row3>
				</transform>
			</node>
			<node>
				<identifier>	MP_IM229_Ammunition_Box_Clean_INDEX_3	</identifier>
				<transform>
					<row0>	1.0000 0.0000 0.0000 0.0000	</row0>
					<row1>	0.0000 1.0000 0.0000 0.0000	</row1>
					<row2>	0.0000 0.0000 1.0000 0.0000	</row2>
					<row3>	0.0343 0.7404 -3.4379 1.0000	</row3>
				</transform>
			</node>
			<node>
				<identifier>	MP_IM229_Ammunition_Box_Clean_INDEX_4	</identifier>
				<transform>
					<row0>	-0.9998 0.0000 -0.0217 0.0000	</row0>
					<row1>	0.0000 1.0000 0.0000 0.0000	</row1>
					<row2>	0.0217 0.0000 -0.9998 0.0000	</row2>
					<row3>	-0.1514 0.7404 -3.3671 1.0000	</row3>
				</transform>
			</node>
			<node>
				<identifier>	MP_IM229_Ammunition_Box_Clean_INDEX_5	</identifier>
				<transform>
					<row0>	-0.9998 0.0000 0.0217 0.0000	</row0>
					<row1>	0.0000 1.0000 0.0000 0.0000	</row1>
					<row2>	-0.0217 0.0000 -0.9998 0.0000	</row2>
					<row3>	0.1514 0.7404 -3.3671 1.0000	</row3>
				</transform>
			</node>
			<node>
				<identifier>	MP_IM229_Ammunition_Box_Clean_INDEX_6	</identifier>
				<transform>
					<row0>	0.0000 0.0000 1.0000 0.0000	</row0>
					<row1>	0.0000 1.0000 0.0000 0.0000	</row1>
					<row2>	-1.0000 0.0000 0.0000 0.0000	</row2>
					<row3>	-0.3052 1.0645 -1.5361 1.0000	</row3>
				</transform>
			</node>
			<node>
				<identifier>	MP_IM229_Ammunition_Box_Clean_INDEX_7	</identifier>
				<transform>
					<row0>	0.0000 0.0000 -1.0000 0.0000	</row0>
					<row1>	0.0000 1.0000 0.0000 0.0000	</row1>
					<row2>	1.0000 0.0000 0.0000 0.0000	</row2>
					<row3>	-0.3057 1.0645 -1.5871 1.0000	</row3>
				</transform>
			</node>
			<node>
				<identifier>	MP_IM229_Ammunition_Box_Clean_INDEX_8	</identifier>
				<transform>
					<row0>	0.0000 0.0000 -1.0000 0.0000	</row0>
					<row1>	0.0000 1.0000 0.0000 0.0000	</row1>
					<row2>	1.0000 0.0000 0.0000 0.0000	</row2>
					<row3>	0.3050 1.0645 -1.5361 1.0000	</row3>
				</transform>
			</node>
			<node>
				<identifier>	MP_IM229_Ammunition_Box_Clean_INDEX_9	</identifier>
				<transform>
					<row0>	-0.9346 0.0000 0.3558 0.0000	</row0>
					<row1>	0.0000 1.0000 0.0000 0.0000	</row1>
					<row2>	-0.3558 0.0000 -0.9346 0.0000	</row2>
					<row3>	-0.2259 1.0645 -1.6860 1.0000	</row3>
				</transform>
			</node>
			<node>
				<identifier>	MP_IM501_Barca_Diesel_10m	</identifier>
				<transform>
					<row0>	1.0000 0.0000 0.0000 0.0000	</row0>
					<row1>	0.0000 1.0000 0.0000 0.0000	</row1>
					<row2>	0.0000 0.0000 1.0000 0.0000	</row2>
					<row3>	-0.0913 0.6802 -2.3857 1.0000	</row3>
				</transform>
			</node>
			<node>
				<identifier>	MP_IM501_Barca_Diesel_10m_INDEX_1	</identifier>
				<transform>
					<row0>	1.0000 0.0000 0.0000 0.0000	</row0>
					<row1>	0.0000 1.0000 0.0000 0.0000	</row1>
					<row2>	0.0000 0.0000 1.0000 0.0000	</row2>
					<row3>	0.0913 0.6802 -2.3857 1.0000	</row3>
				</transform>
			</node>
			<node>
				<identifier>	MP_IM506_Boat_8_6m	</identifier>
				<transform>
					<row0>	1.0000 0.0000 0.0000 0.0000	</row0>
					<row1>	0.0000 1.0000 0.0000 0.0000	</row1>
					<row2>	0.0000 0.0000 1.0000 0.0000	</row2>
					<row3>	-0.2708 0.5981 -2.2652 1.0000	</row3>
				</transform>
			</node>
			<node>
				<identifier>	MP_IM506_Boat_8_6m_INDEX_1	</identifier>
				<transform>
					<row0>	1.0000 0.0000 0.0000 0.0000	</row0>
					<row1>	0.0000 1.0000 0.0000 0.0000	</row1>
					<row2>	0.0000 0.0000 1.0000 0.0000	</row2>
					<row3>	0.2708 0.5981 -2.2652 1.0000	</row3>
				</transform>
			</node>
			<node>
				<identifier>	MP_IM607_Pelorus_mini	</identifier>
				<transform>
					<row0>	0.1013 0.0000 -0.9949 0.0000	</row0>
					<row1>	0.0000 1.0000 0.0000 0.0000	</row1>
					<row2>	0.9949 0.0000 0.1013 0.0000	</row2>
					<row3>	0.2000 0.7695 -3.3033 1.0000	</row3>
				</transform>
			</node>
			<node>
				<identifier>	MP_IM607_Pelorus_mini_INDEX_1	</identifier>
				<transform>
					<row0>	0.1013 0.0000 0.9949 0.0000	</row0>
					<row1>	0.0000 1.0000 0.0000 0.0000	</row1>
					<row2>	-0.9949 0.0000 0.1013 0.0000	</row2>
					<row3>	-0.2000 0.7695 -3.3033 1.0000	</row3>
				</transform>
			</node>
			<node>
				<identifier>	MP_IM609_VCU	</identifier>
				<transform>
					<row0>	0.7071 0.0000 0.7071 0.0000	</row0>
					<row1>	0.0000 1.0000 0.0000 0.0000	</row1>
					<row2>	-0.7071 0.0000 0.7071 0.0000	</row2>
					<row3>	-0.1098 0.7404 -3.2177 1.0000	</row3>
				</transform>
			</node>
			<node>
				<identifier>	MP_IM609_VCU_INDEX_1	</identifier>
				<transform>
					<row0>	0.7071 0.0000 -0.7071 0.0000	</row0>
					<row1>	0.0000 1.0000 0.0000 0.0000	</row1>
					<row2>	0.7071 0.0000 0.7071 0.0000	</row2>
					<row3>	0.1098 0.7404 -3.2177 1.0000	</row3>
				</transform>
			</node>
			<node>
				<identifier>	MP_IM617_Compass_Binnacle	</identifier>
				<transform>
					<row0>	1.0000 0.0000 0.0000 0.0000	</row0>
					<row1>	0.0000 1.0000 0.0000 0.0000	</row1>
					<row2>	0.0000 0.0000 1.0000 0.0000	</row2>
					<row3>	0.0000 0.7397 -3.3134 1.0000	</row3>
				</transform>
			</node>
			<node>
				<identifier>	MP_IM622_Telephone	</identifier>
				<transform>
					<row0>	-0.3409 0.0000 -0.9401 0.0000	</row0>
					<row1>	0.0000 1.0000 0.0000 0.0000	</row1>
					<row2>	0.9401 0.0000 -0.3409 0.0000	</row2>
					<row3>	-0.1841 1.1639 -1.6266 1.0000	</row3>
				</transform>
			</node>
			<node>
				<identifier>	MP_IM622_Telephone_INDEX_1	</identifier>
				<transform>
					<row0>	-0.3409 0.0000 0.9401 0.0000	</row0>
					<row1>	0.0000 1.0000 0.0000 0.0000	</row1>
					<row2>	-0.9401 0.0000 -0.3409 0.0000	</row2>
					<row3>	0.1841 1.1639 -1.6266 1.0000	</row3>
				</transform>
			</node>
			<node>
				<identifier>	MP_IM622_Telephone_INDEX_2	</identifier>
				<transform>
					<row0>	0.2588 0.0000 -0.9659 0.0000	</row0>
					<row1>	0.0000 1.0000 0.0000 0.0000	</row1>
					<row2>	0.9659 0.0000 0.2588 0.0000	</row2>
					<row3>	-0.0282 1.3164 -3.1272 1.0000	</row3>
				</transform>
			</node>
			<node>
				<identifier>	MP_IM622_Telephone_INDEX_3	</identifier>
				<transform>
					<row0>	0.4664 0.0000 -0.8846 0.0000	</row0>
					<row1>	0.0000 1.0000 0.0000 0.0000	</row1>
					<row2>	0.8846 0.0000 0.4664 0.0000	</row2>
					<row3>	-0.0776 1.2711 -1.7963 1.0000	</row3>
				</transform>
			</node>
			<node>
				<identifier>	MP_IM622_Telephone_INDEX_4	</identifier>
				<transform>
					<row0>	0.4664 0.0000 0.8846 0.0000	</row0>
					<row1>	0.0000 1.0000 0.0000 0.0000	</row1>
					<row2>	-0.8846 0.0000 0.4664 0.0000	</row2>
					<row3>	0.0776 1.2711 -1.7963 1.0000	</row3>
				</transform>
			</node>
			<node>
				<identifier>	MP_IM622_Telephone_INDEX_5	</identifier>
				<transform>
					<row0>	-0.6135 0.0000 -0.7897 0.0000	</row0>
					<row1>	0.0000 1.0000 0.0000 0.0000	</row1>
					<row2>	0.7897 0.0000 -0.6135 0.0000	</row2>
					<row3>	-0.1008 0.8313 -3.5283 1.0000	</row3>
				</transform>
			</node>
			<node>
				<identifier>	MP_IM853_Searchlight	</identifier>
				<transform>
					<row0>	0.0000 0.0000 1.0000 0.0000	</row0>
					<row1>	0.0000 1.0000 0.0000 0.0000	</row1>
					<row2>	-1.0000 0.0000 0.0000 0.0000	</row2>
					<row3>	-0.1654 1.2017 -1.8013 1.0000	</row3>
				</transform>
			</node>
			<node>
				<identifier>	MP_IM853_Searchlight_INDEX_1	</identifier>
				<transform>
					<row0>	0.0000 0.0000 -1.0000 0.0000	</row0>
					<row1>	0.0000 1.0000 0.0000 0.0000	</row1>
					<row2>	1.0000 0.0000 0.0000 0.0000	</row2>
					<row3>	0.1654 1.2017 -1.8013 1.0000	</row3>
				</transform>
			</node>
			<node>
				<identifier>	MP_IM958_Winch_for_Cran_Boat_R	</identifier>
				<transform>
					<row0>	-0.5000 0.0000 0.8660 0.0000	</row0>
					<row1>	0.0000 1.0000 0.0000 0.0000	</row1>
					<row2>	-0.8660 0.0000 -0.5000 0.0000	</row2>
					<row3>	-0.3236 0.5712 -1.8012 1.0000	</row3>
				</transform>
			</node>
			<node>
				<identifier>	MP_IM958_Winch_for_Cran_Boat_R_INDEX_1	</identifier>
				<transform>
					<row0>	0.5000 0.0000 -0.8660 0.0000	</row0>
					<row1>	0.0000 1.0000 0.0000 0.0000	</row1>
					<row2>	0.8660 0.0000 0.5000 0.0000	</row2>
					<row3>	0.3264 0.5712 -1.3177 1.0000	</row3>
				</transform>
			</node>
			<node>
				<identifier>	MP_IM959_Winch_for_Cran_Boat_L	</identifier>
				<transform>
					<row0>	0.5000 0.0000 0.8660 0.0000	</row0>
					<row1>	0.0000 1.0000 0.0000 0.0000	</row1>
					<row2>	-0.8660 0.0000 0.5000 0.0000	</row2>
					<row3>	0.3235 0.5712 -1.8012 1.0000	</row3>
				</transform>
			</node>
			<node>
				<identifier>	MP_IM959_Winch_for_Cran_Boat_L_INDEX_1	</identifier>
				<transform>
					<row0>	-0.5000 0.0000 -0.8660 0.0000	</row0>
					<row1>	0.0000 1.0000 0.0000 0.0000	</row1>
					<row2>	0.8660 0.0000 -0.5000 0.0000	</row2>
					<row3>	-0.3264 0.5712 -1.3177 1.0000	</row3>
				</transform>
			</node>
			<node>
				<identifier>	SP_YMS011_YHWL_M_1_INDEX_18	</identifier>
				<transform>
					<row0>	0.9891 0.1292 0.0704 0.0000	</row0>
					<row1>	-0.1288 0.9916 -0.0103 0.0000	</row1>
					<row2>	-0.0711 0.0011 0.9975 0.0000	</row2>
					<row3>	-0.8111 -0.0008 -3.8256 1.0000	</row3>
				</transform>
			</node>
			<node>
				<identifier>	SP_YMS011_YHWL_M_1_INDEX_20	</identifier>
				<transform>
					<row0>	0.9911 0.1284 0.0359 0.0000	</row0>
					<row1>	-0.1284 0.9917 -0.0034 0.0000	</row1>
					<row2>	-0.0360 -0.0012 0.9994 0.0000	</row2>
					<row3>	-0.8565 -0.0008 -2.9797 1.0000	</row3>
				</transform>
			</node>
			<node>
				<identifier>	SP_YMS011_YHWL_M_1_INDEX_21	</identifier>
				<transform>
					<row0>	0.9917 0.1284 0.0094 0.0000	</row0>
					<row1>	-0.1284 0.9917 0.0000 0.0000	</row1>
					<row2>	-0.0093 -0.0012 1.0000 0.0000	</row2>
					<row3>	-0.8984 -0.0008 -1.2823 1.0000	</row3>
				</transform>
			</node>
			<node>
				<identifier>	SP_YMS011_YHWL_M_1_INDEX_22	</identifier>
				<transform>
					<row0>	0.9915 0.1284 0.0198 0.0000	</row0>
					<row1>	-0.1284 0.9917 -0.0013 0.0000	</row1>
					<row2>	-0.0198 -0.0012 0.9998 0.0000	</row2>
					<row3>	-0.8822 -0.0008 -2.1305 1.0000	</row3>
				</transform>
			</node>
			<node>
				<identifier>	SP_YMS012_YHWR_M_1_INDEX_12	</identifier>
				<transform>
					<row0>	0.9902 -0.1390 -0.0120 0.0000	</row0>
					<row1>	0.1390 0.9903 -0.0001 0.0000	</row1>
					<row2>	0.0119 -0.0016 0.9999 0.0000	</row2>
					<row3>	0.8984 -0.0008 -1.2823 1.0000	</row3>
				</transform>
			</node>
			<node>
				<identifier>	SP_YMS012_YHWR_M_1_INDEX_3	</identifier>
				<transform>
					<row0>	0.9916 -0.1243 -0.0359 0.0000	</row0>
					<row1>	0.1243 0.9922 -0.0033 0.0000	</row1>
					<row2>	0.0360 -0.0012 0.9994 0.0000	</row2>
					<row3>	0.8565 -0.0008 -2.9797 1.0000	</row3>
				</transform>
			</node>
			<node>
				<identifier>	SP_YMS012_YHWR_M_1_INDEX_7	</identifier>
				<transform>
					<row0>	0.9925 -0.0999 -0.0707 0.0000	</row0>
					<row1>	0.0996 0.9950 -0.0082 0.0000	</row1>
					<row2>	0.0711 0.0011 0.9975 0.0000	</row2>
					<row3>	0.8111 -0.0008 -3.8256 1.0000	</row3>
				</transform>
			</node>
			<node>
				<identifier>	SP_YMS012_YHWR_M_1_INDEX_8	</identifier>
				<transform>
					<row0>	0.9903 -0.1375 -0.0218 0.0000	</row0>
					<row1>	0.1375 0.9905 -0.0014 0.0000	</row1>
					<row2>	0.0217 -0.0016 0.9998 0.0000	</row2>
					<row3>	0.8822 -0.0008 -2.1305 1.0000	</row3>
				</transform>
			</node>
			<node>
				<identifier>	SP_YMS021_YHUC_S_1_INDEX_6	</identifier>
				<transform>
					<row0>	-0.2127 -0.9771 0.0088 0.0000	</row0>
					<row1>	0.9755 -0.2129 -0.0558 0.0000	</row1>
					<row2>	0.0564 -0.0033 0.9984 0.0000	</row2>
					<row3>	0.8765 -0.2475 -2.0464 1.0000	</row3>
				</transform>
			</node>
			<node>
				<identifier>	SP_YMS021_YHUC_S_1_INDEX_7	</identifier>
				<transform>
					<row0>	-0.3706 -0.9286 0.0183 0.0000	</row0>
					<row1>	0.9259 -0.3710 -0.0717 0.0000	</row1>
					<row2>	0.0733 -0.0096 0.9973 0.0000	</row2>
					<row3>	0.8176 -0.2205 -3.0474 1.0000	</row3>
				</transform>
			</node>
			<node>
				<identifier>	SP_YMS021_YHUC_S_1_INDEX_8	</identifier>
				<transform>
					<row0>	-0.3706 0.9286 -0.0183 0.0000	</row0>
					<row1>	-0.9259 -0.3710 -0.0717 0.0000	</row1>
					<row2>	-0.0733 -0.0096 0.9973 0.0000	</row2>
					<row3>	-0.8176 -0.2205 -3.0474 1.0000	</row3>
				</transform>
			</node>
			<node>
				<identifier>	SP_YMS021_YHUC_S_1_INDEX_9	</identifier>
				<transform>
					<row0>	-0.2127 0.9771 -0.0088 0.0000	</row0>
					<row1>	-0.9755 -0.2129 -0.0558 0.0000	</row1>
					<row2>	-0.0564 -0.0033 0.9984 0.0000	</row2>
					<row3>	-0.8765 -0.2475 -2.0464 1.0000	</row3>
				</transform>
			</node>
			<node>
				<identifier>	SP_YMS022_YHUS_L_1_INDEX_4	</identifier>
				<transform>
					<row0>	0.0820 -0.0124 -1.1788 0.0000	</row0>
					<row1>	-0.8786 0.7872 -0.0695 0.0000	</row1>
					<row2>	0.7860 0.8813 0.0454 0.0000	</row2>
					<row3>	-0.5205 -0.2919 -3.7466 1.0000	</row3>
				</transform>
			</node>
			<node>
				<identifier>	SP_YMS022_YHUS_L_1_INDEX_5	</identifier>
				<transform>
					<row0>	0.0820 0.0124 1.1788 0.0000	</row0>
					<row1>	0.8786 0.7872 -0.0695 0.0000	</row1>
					<row2>	-0.7860 0.8813 0.0454 0.0000	</row2>
					<row3>	0.5205 -0.2919 -3.7466 1.0000	</row3>
				</transform>
			</node>
			<node>
				<identifier>	SP_YMS041_YHCS_M_1_INDEX_2	</identifier>
				<transform>
					<row0>	-1.0000 0.0000 0.0000 0.0000	</row0>
					<row1>	0.0000 1.0000 0.0000 0.0000	</row1>
					<row2>	0.0000 0.0000 -1.0000 0.0000	</row2>
					<row3>	-0.2708 0.6486 -2.2652 1.0000	</row3>
				</transform>
			</node>
			<node>
				<identifier>	SP_YMS041_YHCS_M_1_INDEX_3	</identifier>
				<transform>
					<row0>	-1.0348 0.0000 0.0000 0.0000	</row0>
					<row1>	0.0000 1.0348 0.0000 0.0000	</row1>
					<row2>	0.0000 0.0000 -1.0348 0.0000	</row2>
					<row3>	-0.0913 0.7345 -2.3857 1.0000	</row3>
				</transform>
			</node>
			<node>
