<BSB036_Collingwood_1942_MidFront_ports.visual>
	<node>
		<identifier>	Scene Root	</identifier>
		<transform>
			<row0>	1.0000 0.0000 0.0000 0.0000	</row0>
			<row1>	0.0000 1.0000 0.0000 0.0000	</row1>
			<row2>	0.0000 0.0000 1.0000 0.0000	</row2>
			<row3>	0.0000 0.0000 0.0000 1.0000	</row3>
		</transform>
		<node>
			<identifier>	MidFront_ports	</identifier>
			<transform>
				<row0>	1.0000 0.0000 0.0000 0.0000	</row0>
				<row1>	0.0000 1.0000 0.0000 0.0000	</row1>
				<row2>	0.0000 0.0000 1.0000 0.0000	</row2>
				<row3>	0.0000 0.0000 0.0000 1.0000	</row3>
			</transform>
			<node>
				<identifier>	HP_BGM_1	</identifier>
				<transform>
					<row0>	1.0000 0.0000 0.0000 0.0000	</row0>
					<row1>	0.0000 1.0000 0.0000 0.0000	</row1>
					<row2>	0.0000 0.0000 1.0000 0.0000	</row2>
					<row3>	0.0000 0.5694 3.0295 1.0000	</row3>
				</transform>
			</node>
			<node>
				<identifier>	HP_BGM_2	</identifier>
				<transform>
					<row0>	1.0000 0.0000 0.0000 0.0000	</row0>
					<row1>	0.0000 1.0000 0.0000 0.0000	</row1>
					<row2>	0.0000 0.0000 1.0000 0.0000	</row2>
					<row3>	0.0000 0.7422 1.9297 1.0000	</row3>
				</transform>
			</node>
			<node>
				<identifier>	HP_BGM_3	</identifier>
				<transform>
					<row0>	1.0000 0.0000 0.0000 0.0000	</row0>
					<row1>	0.0000 1.0000 0.0000 0.0000	</row1>
					<row2>	0.0000 0.0000 1.0000 0.0000	</row2>
					<row3>	0.0000 0.5689 0.3853 1.0000	</row3>
				</transform>
			</node>
			<node>
				<identifier>	HP_FX_Death_1	</identifier>
				<transform>
					<row0>	1.0000 0.0000 0.0000 0.0000	</row0>
					<row1>	0.0000 1.0000 0.0000 0.0000	</row1>
					<row2>	0.0000 0.0000 1.0000 0.0000	</row2>
					<row3>	0.0000 0.0000 4.2397 1.0000	</row3>
				</transform>
			</node>
			<node>
				<identifier>	HP_FX_Death_2	</identifier>
				<transform>
					<row0>	1.0000 0.0000 0.0000 0.0000	</row0>
					<row1>	0.0000 1.0000 0.0000 0.0000	</row1>
					<row2>	0.0000 0.0000 1.0000 0.0000	</row2>
					<row3>	0.0000 0.0000 -0.1385 1.0000	</row3>
				</transform>
			</node>
			<node>
				<identifier>	HP_FX_Fire_2	</identifier>
				<transform>
					<row0>	1.0000 0.0000 0.0000 0.0000	</row0>
					<row1>	0.0000 1.0000 0.0000 0.0000	</row1>
					<row2>	0.0000 0.0000 1.0000 0.0000	</row2>
					<row3>	0.0000 0.4903 1.1399 1.0000	</row3>
				</transform>
			</node>
			<node>
				<identifier>	HP_FX_Fire_2_side_1	</identifier>
				<transform>
					<row0>	0.9986 0.0000 -0.0531 0.0000	</row0>
					<row1>	0.0000 1.0000 0.0000 0.0000	</row1>
					<row2>	0.0531 0.0000 0.9986 0.0000	</row2>
					<row3>	-0.7698 0.5013 2.5546 1.0000	</row3>
				</transform>
			</node>
			<node>
				<identifier>	HP_FX_Fire_2_side_2	</identifier>
				<transform>
					<row0>	0.9971 0.0000 0.0763 0.0000	</row0>
					<row1>	0.0000 1.0000 0.0000 0.0000	</row1>
					<row2>	-0.0763 0.0000 0.9971 0.0000	</row2>
					<row3>	0.8676 0.4974 0.3216 1.0000	</row3>
				</transform>
			</node>
			<node>
				<identifier>	HP_FX_Flood_steam_left	</identifier>
				<transform>
					<row0>	-0.9945 0.0000 0.1048 0.0000	</row0>
					<row1>	0.0000 1.0000 0.0000 0.0000	</row1>
					<row2>	-0.1048 0.0000 -0.9945 0.0000	</row2>
					<row3>	-0.8683 0.4315 3.3334 1.0000	</row3>
				</transform>
			</node>
			<node>
				<identifier>	HP_FX_RepairLight_left_1	</identifier>
				<transform>
					<row0>	0.1436 0.0000 0.9896 0.0000	</row0>
					<row1>	-0.1140 0.9933 0.0165 0.0000	</row1>
					<row2>	-0.9831 -0.1152 0.1426 0.0000	</row2>
					<row3>	-0.8856 0.4944 3.2618 1.0000	</row3>
				</transform>
			</node>
			<node>
				<identifier>	HP_FX_RepairLight_right_1	</identifier>
				<transform>
					<row0>	0.0985 0.0000 -0.9951 0.0000	</row0>
					<row1>	0.0508 0.9987 0.0050 0.0000	</row1>
					<row2>	0.9938 -0.0511 0.0984 0.0000	</row2>
					<row3>	0.9142 0.4951 2.9896 1.0000	</row3>
				</transform>
			</node>
			<node>
				<identifier>	HP_Ship_death_2	</identifier>
				<transform>
					<row0>	1.0000 0.0000 0.0000 0.0000	</row0>
					<row1>	0.0000 1.0000 0.0000 0.0000	</row1>
					<row2>	0.0000 0.0000 1.0000 0.0000	</row2>
					<row3>	0.0000 0.0000 -0.1443 1.0000	</row3>
				</transform>
			</node>
			<node>
				<identifier>	MP_BM001_Paravane	</identifier>
				<transform>
					<row0>	-0.2369 0.9449 0.2260 0.0000	</row0>
					<row1>	-0.6840 -0.3274 0.6518 0.0000	</row1>
					<row2>	0.6899 -0.0002 0.7239 0.0000	</row2>
					<row3>	0.3544 0.5904 1.6461 1.0000	</row3>
				</transform>
			</node>
			<node>
				<identifier>	MP_BM001_Paravane_INDEX_1	</identifier>
				<transform>
					<row0>	-0.2369 -0.9449 -0.2260 0.0000	</row0>
					<row1>	0.6840 -0.3274 0.6518 0.0000	</row1>
					<row2>	-0.6899 -0.0002 0.7239 0.0000	</row2>
					<row3>	-0.3544 0.5904 1.6461 1.0000	</row3>
				</transform>
			</node>
			<node>
				<identifier>	MP_BM004_Reels	</identifier>
				<transform>
					<row0>	0.9631 -0.0010 -0.9887 0.0000	</row0>
					<row1>	0.0056 1.3802 0.0041 0.0000	</row1>
					<row2>	0.9887 -0.0068 0.9631 0.0000	</row2>
					<row3>	0.3588 0.5043 0.7509 1.0000	</row3>
				</transform>
			</node>
			<node>
				<identifier>	MP_BM004_Reels_INDEX_1	</identifier>
				<transform>
					<row0>	0.3707 0.0000 0.9288 0.0000	</row0>
					<row1>	-0.0156 0.9999 0.0062 0.0000	</row1>
					<row2>	-0.9286 -0.0168 0.3706 0.0000	</row2>
					<row3>	-0.4699 0.5058 2.1295 1.0000	</row3>
				</transform>
			</node>
			<node>
				<identifier>	MP_BM004_Reels_INDEX_2	</identifier>
				<transform>
					<row0>	0.9194 0.0007 1.0295 0.0000	</row0>
					<row1>	-0.0056 1.3802 0.0041 0.0000	</row1>
					<row2>	-1.0295 -0.0069 0.9193 0.0000	</row2>
					<row3>	-0.3786 0.5043 0.7294 1.0000	</row3>
				</transform>
			</node>
			<node>
				<identifier>	MP_BM004_Reels_INDEX_3	</identifier>
				<transform>
					<row0>	0.5865 0.0000 -0.8100 0.0000	</row0>
					<row1>	0.0041 1.0000 0.0029 0.0000	</row1>
					<row2>	0.8099 -0.0050 0.5865 0.0000	</row2>
					<row3>	0.4254 0.5058 2.2154 1.0000	</row3>
				</transform>
			</node>
			<node>
				<identifier>	MP_BM004_Reels_INDEX_4	</identifier>
				<transform>
					<row0>	0.9000 0.0158 1.0463 0.0000	</row0>
					<row1>	-0.0242 1.3800 0.0000 0.0000	</row1>
					<row2>	-1.0462 -0.0184 0.9001 0.0000	</row2>
					<row3>	-0.3793 0.5046 2.2727 1.0000	</row3>
				</transform>
			</node>
			<node>
				<identifier>	MP_BM004_Reels_INDEX_5	</identifier>
				<transform>
					<row0>	0.9474 -0.0009 -1.0038 0.0000	</row0>
					<row1>	0.0056 1.3802 0.0041 0.0000	</row1>
					<row2>	1.0037 -0.0069 0.9474 0.0000	</row2>
					<row3>	0.3573 0.5043 2.2954 1.0000	</row3>
				</transform>
			</node>
			<node>
				<identifier>	MP_BM515_Balsa_Raft	</identifier>
				<transform>
					<row0>	0.9999 0.0157 0.0000 0.0000	</row0>
					<row1>	-0.0157 0.9999 -0.0048 0.0000	</row1>
					<row2>	0.0000 0.0048 1.0000 0.0000	</row2>
					<row3>	-0.0928 0.5247 3.8975 1.0000	</row3>
				</transform>
			</node>
			<node>
				<identifier>	MP_BM700_Locker	</identifier>
				<transform>
					<row0>	0.0000 0.0000 -1.0000 0.0000	</row0>
					<row1>	0.0000 1.0000 0.0000 0.0000	</row1>
					<row2>	1.0000 0.0000 0.0000 0.0000	</row2>
					<row3>	0.0310 0.5239 4.0735 1.0000	</row3>
				</transform>
			</node>
			<node>
				<identifier>	MP_BM700_Locker_INDEX_1	</identifier>
				<transform>
					<row0>	0.0000 0.0000 -1.0000 0.0000	</row0>
					<row1>	0.0000 1.0000 0.0000 0.0000	</row1>
					<row2>	1.0000 0.0000 0.0000 0.0000	</row2>
					<row3>	-0.1782 0.5136 1.0453 1.0000	</row3>
				</transform>
			</node>
			<node>
				<identifier>	MP_BM700_Locker_INDEX_2	</identifier>
				<transform>
					<row0>	0.0000 0.0000 -1.0000 0.0000	</row0>
					<row1>	0.0000 1.0000 0.0000 0.0000	</row1>
					<row2>	1.0000 0.0000 0.0000 0.0000	</row2>
					<row3>	0.1790 0.5136 1.0453 1.0000	</row3>
				</transform>
			</node>
			<node>
				<identifier>	MP_BM700_Locker_INDEX_3	</identifier>
				<transform>
					<row0>	-1.0000 0.0000 0.0000 0.0000	</row0>
					<row1>	0.0000 1.0000 0.0000 0.0000	</row1>
					<row2>	0.0000 0.0000 -1.0000 0.0000	</row2>
					<row3>	0.4272 0.5164 4.0161 1.0000	</row3>
				</transform>
			</node>
			<node>
				<identifier>	MP_BM964_3ton_electrik_winch_R	</identifier>
				<transform>
					<row0>	0.0000 0.0000 1.0000 0.0000	</row0>
					<row1>	-0.0181 0.9998 0.0000 0.0000	</row1>
					<row2>	-0.9998 -0.0181 0.0000 0.0000	</row2>
					<row3>	-0.4657 0.5118 3.9529 1.0000	</row3>
				</transform>
			</node>
			<node>
				<identifier>	MP_BM964_3ton_electrik_winch_R_INDEX_1	</identifier>
				<transform>
					<row0>	0.0000 0.0000 1.0000 0.0000	</row0>
					<row1>	-0.0181 0.9998 0.0000 0.0000	</row1>
					<row2>	-0.9998 -0.0181 0.0000 0.0000	</row2>
					<row3>	-0.5068 0.5067 2.6134 1.0000	</row3>
				</transform>
			</node>
			<node>
				<identifier>	MP_BM964_3ton_electrik_winch_R_INDEX_2	</identifier>
				<transform>
					<row0>	0.0000 0.0000 1.0000 0.0000	</row0>
					<row1>	-0.0181 0.9998 0.0000 0.0000	</row1>
					<row2>	-0.9998 -0.0181 0.0000 0.0000	</row2>
					<row3>	-0.5060 0.5083 0.9879 1.0000	</row3>
				</transform>
			</node>
			<node>
				<identifier>	MP_BM965_3ton_electrik_winch_L	</identifier>
				<transform>
					<row0>	0.0000 0.0000 -1.0000 0.0000	</row0>
					<row1>	0.0181 0.9998 0.0000 0.0000	</row1>
					<row2>	0.9998 -0.0181 0.0000 0.0000	</row2>
					<row3>	0.5065 0.5081 0.9872 1.0000	</row3>
				</transform>
			</node>
			<node>
				<identifier>	MP_BM965_3ton_electrik_winch_L_INDEX_1	</identifier>
				<transform>
					<row0>	0.0000 0.0000 -1.0000 0.0000	</row0>
					<row1>	0.0181 0.9998 0.0000 0.0000	</row1>
					<row2>	0.9998 -0.0181 0.0000 0.0000	</row2>
					<row3>	0.5065 0.5062 2.6142 1.0000	</row3>
				</transform>
			</node>
			<node>
				<identifier>	MP_BM965_3ton_electrik_winch_L_INDEX_2	</identifier>
				<transform>
					<row0>	0.0000 0.0000 -1.0000 0.0000	</row0>
					<row1>	0.0181 0.9998 0.0000 0.0000	</row1>
					<row2>	0.9998 -0.0181 0.0000 0.0000	</row2>
					<row3>	0.4778 0.5123 3.8311 1.0000	</row3>
				</transform>
			</node>
			<node>
				<identifier>	MP_CM011_Fire_Fighting_Gear	</identifier>
				<transform>
					<row0>	-0.9999 0.0000 -0.0132 0.0000	</row0>
					<row1>	0.0000 1.0000 0.0000 0.0000	</row1>
					<row2>	0.0132 0.0000 -0.9999 0.0000	</row2>
					<row3>	0.0293 0.5196 3.4339 1.0000	</row3>
				</transform>
			</node>
			<node>
				<identifier>	MP_CM011_Fire_Fighting_Gear_INDEX_1	</identifier>
				<transform>
					<row0>	-0.9999 0.0000 0.0132 0.0000	</row0>
					<row1>	0.0000 1.0000 0.0000 0.0000	</row1>
					<row2>	-0.0132 0.0000 -0.9999 0.0000	</row2>
					<row3>	-0.0289 0.5149 2.3360 1.0000	</row3>
				</transform>
			</node>
			<node>
				<identifier>	MP_CM011_Fire_Fighting_Gear_INDEX_2	</identifier>
				<transform>
					<row0>	-0.9999 0.0000 0.0132 0.0000	</row0>
					<row1>	0.0000 1.0000 0.0000 0.0000	</row1>
					<row2>	-0.0132 0.0000 -0.9999 0.0000	</row2>
					<row3>	-0.1846 0.5221 4.2379 1.0000	</row3>
				</transform>
			</node>
			<node>
				<identifier>	MP_CM011_Fire_Fighting_Gear_INDEX_3	</identifier>
				<transform>
					<row0>	-0.9999 0.0000 -0.0132 0.0000	</row0>
					<row1>	0.0000 1.0000 0.0000 0.0000	</row1>
					<row2>	0.0132 0.0000 -0.9999 0.0000	</row2>
					<row3>	0.0294 0.5132 0.7919 1.0000	</row3>
				</transform>
			</node>
			<node>
				<identifier>	MP_CM011_Fire_Fighting_Gear_INDEX_4	</identifier>
				<transform>
					<row0>	-0.9999 0.0000 -0.0132 0.0000	</row0>
					<row1>	0.0000 1.0000 0.0000 0.0000	</row1>
					<row2>	0.0132 0.0000 -0.9999 0.0000	</row2>
					<row3>	0.1846 0.5221 4.2379 1.0000	</row3>
				</transform>
			</node>
			<node>
				<identifier>	MP_CM011_Fire_Fighting_Gear_INDEX_5	</identifier>
				<transform>
					<row0>	-0.9999 0.0000 0.0132 0.0000	</row0>
					<row1>	0.0000 1.0000 0.0000 0.0000	</row1>
					<row2>	-0.0132 0.0000 -0.9999 0.0000	</row2>
					<row3>	-0.0293 0.5196 3.4339 1.0000	</row3>
				</transform>
			</node>
			<node>
				<identifier>	MP_CM011_Fire_Fighting_Gear_INDEX_6	</identifier>
				<transform>
					<row0>	-0.9999 0.0000 -0.0132 0.0000	</row0>
					<row1>	0.0000 1.0000 0.0000 0.0000	</row1>
					<row2>	0.0132 0.0000 -0.9999 0.0000	</row2>
					<row3>	0.0289 0.5149 2.3360 1.0000	</row3>
				</transform>
			</node>
			<node>
				<identifier>	MP_CM012_Fire_Hose_Rack_1	</identifier>
				<transform>
					<row0>	-0.1046 0.0000 -0.9945 0.0000	</row0>
					<row1>	0.0000 1.0000 0.0000 0.0000	</row1>
					<row2>	0.9945 0.0000 -0.1046 0.0000	</row2>
					<row3>	0.0686 0.6069 2.3203 1.0000	</row3>
				</transform>
			</node>
			<node>
				<identifier>	MP_CM012_Fire_Hose_Rack_1_INDEX_1	</identifier>
				<transform>
					<row0>	0.1732 0.0000 -0.9849 0.0000	</row0>
					<row1>	0.0000 1.0000 0.0000 0.0000	</row1>
					<row2>	0.9849 0.0000 0.1732 0.0000	</row2>
					<row3>	-0.0686 0.6069 2.3203 1.0000	</row3>
				</transform>
			</node>
			<node>
				<identifier>	MP_CM013_Fire_Hose_Rack_2	</identifier>
				<transform>
					<row0>	0.0155 0.3656 -0.9306 0.0000	</row0>
					<row1>	-0.0061 0.9308 0.3656 0.0000	</row1>
					<row2>	0.9999 0.0000 0.0167 0.0000	</row2>
					<row3>	0.0821 0.5503 4.2612 1.0000	</row3>
				</transform>
			</node>
			<node>
				<identifier>	MP_CM013_Fire_Hose_Rack_2_INDEX_1	</identifier>
				<transform>
					<row0>	-0.1394 0.0000 -0.9902 0.0000	</row0>
					<row1>	0.0000 1.0000 0.0000 0.0000	</row1>
					<row2>	0.9902 0.0000 -0.1394 0.0000	</row2>
					<row3>	0.0692 0.5444 3.4205 1.0000	</row3>
				</transform>
			</node>
			<node>
				<identifier>	MP_CM013_Fire_Hose_Rack_2_INDEX_2	</identifier>
				<transform>
					<row0>	-0.0181 0.3656 -0.9306 0.0000	</row0>
					<row1>	0.0061 0.9308 0.3656 0.0000	</row1>
					<row2>	0.9998 0.0009 -0.0190 0.0000	</row2>
					<row3>	-0.0821 0.5503 4.2612 1.0000	</row3>
				</transform>
			</node>
			<node>
				<identifier>	MP_CM013_Fire_Hose_Rack_2_INDEX_3	</identifier>
				<transform>
					<row0>	0.1450 0.0000 -0.9894 0.0000	</row0>
					<row1>	0.0000 1.0000 0.0000 0.0000	</row1>
					<row2>	0.9894 0.0000 0.1450 0.0000	</row2>
					<row3>	-0.0765 0.5444 3.4196 1.0000	</row3>
				</transform>
			</node>
			<node>
				<identifier>	MP_CM013_Fire_Hose_Rack_2_INDEX_4	</identifier>
				<transform>
					<row0>	-0.1046 0.0000 -0.9945 0.0000	</row0>
					<row1>	0.0000 1.0000 0.0000 0.0000	</row1>
					<row2>	0.9945 0.0000 -0.1046 0.0000	</row2>
					<row3>	0.0686 0.5444 0.7766 1.0000	</row3>
				</transform>
			</node>
			<node>
				<identifier>	MP_CM059_Ladder_Cruiser	</identifier>
				<transform>
					<row0>	1.0000 -0.0079 0.0000 0.0000	</row0>
					<row1>	0.0079 1.0000 -0.0025 0.0000	</row1>
					<row2>	0.0000 0.0025 1.0000 0.0000	</row2>
					<row3>	0.4972 0.5091 0.5072 1.0000	</row3>
				</transform>
			</node>
			<node>
				<identifier>	MP_CM117_Ladder_Cruiser_L	</identifier>
				<transform>
					<row0>	1.0000 0.0079 0.0000 0.0000	</row0>
					<row1>	-0.0079 1.0000 -0.0025 0.0000	</row1>
					<row2>	0.0000 0.0025 1.0000 0.0000	</row2>
					<row3>	-0.4971 0.5092 0.5072 1.0000	</row3>
				</transform>
			</node>
		</node>
	</node>
	<boundingBox>
		<min>	-0.0667 -0.0667 -0.0667	</min>
		<max>	0.0667 0.0667 0.0667	</max>
	</boundingBox>
</BSB036_Collingwood_1942_MidFront_ports.visual>
