<RSS009_S189_1954_Stern_ports.visual>
	<node>
		<identifier>	Scene Root	</identifier>
		<transform>
			<row0>	1.0000 0.0000 0.0000 0.0000	</row0>
			<row1>	0.0000 1.0000 0.0000 0.0000	</row1>
			<row2>	0.0000 0.0000 1.0000 0.0000	</row2>
			<row3>	0.0000 0.0000 0.0000 1.0000	</row3>
		</transform>
		<node>
			<identifier>	Stern_ports	</identifier>
			<transform>
				<row0>	1.0000 0.0000 0.0000 0.0000	</row0>
				<row1>	0.0000 1.0000 0.0000 0.0000	</row1>
				<row2>	0.0000 0.0000 1.0000 0.0000	</row2>
				<row3>	0.0000 0.0000 0.0000 1.0000	</row3>
			</transform>
			<node>
				<identifier>	HP_FX_Death_3	</identifier>
				<transform>
					<row0>	1.0000 0.0000 0.0000 0.0000	</row0>
					<row1>	0.0000 1.0000 0.0000 0.0000	</row1>
					<row2>	0.0000 0.0000 1.0000 0.0000	</row2>
					<row3>	0.0000 0.0000 -1.4253 1.0000	</row3>
				</transform>
			</node>
			<node>
				<identifier>	HP_FX_Flood_steam_2	</identifier>
				<transform>
					<row0>	0.6893 0.7244 0.0000 0.0000	</row0>
					<row1>	-0.7244 0.6893 0.0000 0.0000	</row1>
					<row2>	0.0000 0.0000 1.0000 0.0000	</row2>
					<row3>	-0.1054 0.0685 -1.3677 1.0000	</row3>
				</transform>
			</node>
			<node>
				<identifier>	HP_FX_Flood_water_left	</identifier>
				<transform>
					<row0>	-0.9421 -0.3353 0.0000 0.0000	</row0>
					<row1>	-0.3353 0.9421 0.0000 0.0000	</row1>
					<row2>	0.0000 0.0000 -1.0000 0.0000	</row2>
					<row3>	-0.0849 0.0586 -1.8884 1.0000	</row3>
				</transform>
			</node>
			<node>
				<identifier>	HP_FX_Flood_water_right	</identifier>
				<transform>
					<row0>	0.9979 -0.0642 0.0000 0.0000	</row0>
					<row1>	0.0642 0.9979 0.0000 0.0000	</row1>
					<row2>	0.0000 0.0000 1.0000 0.0000	</row2>
					<row3>	0.1065 0.0689 -1.0922 1.0000	</row3>
				</transform>
			</node>
			<node>
				<identifier>	HP_FX_Oil	</identifier>
				<transform>
					<row0>	0.6727 -0.7399 0.0000 0.0000	</row0>
					<row1>	0.7399 0.6727 0.0000 0.0000	</row1>
					<row2>	0.0000 0.0000 1.0000 0.0000	</row2>
					<row3>	0.0853 0.0583 -1.8892 1.0000	</row3>
				</transform>
			</node>
			<node>
				<identifier>	HP_FX_Runoff_deluge_left_10	</identifier>
				<transform>
					<row0>	-0.9930 -0.0882 -0.0783 0.0000	</row0>
					<row1>	-0.0898 0.9958 0.0161 0.0000	</row1>
					<row2>	0.0766 0.0230 -0.9968 0.0000	</row2>
					<row3>	-0.1009 0.0654 -1.5673 1.0000	</row3>
				</transform>
			</node>
			<node>
				<identifier>	HP_FX_Runoff_deluge_left_11	</identifier>
				<transform>
					<row0>	-0.9930 -0.0882 -0.0783 0.0000	</row0>
					<row1>	-0.0898 0.9958 0.0161 0.0000	</row1>
					<row2>	0.0766 0.0230 -0.9968 0.0000	</row2>
					<row3>	-0.0932 0.0594 -1.7265 1.0000	</row3>
				</transform>
			</node>
			<node>
				<identifier>	HP_FX_Runoff_deluge_left_9	</identifier>
				<transform>
					<row0>	-0.9960 -0.0882 -0.0178 0.0000	</row0>
					<row1>	-0.0886 0.9958 0.0215 0.0000	</row1>
					<row2>	0.0158 0.0230 -0.9996 0.0000	</row2>
					<row3>	-0.1093 0.0663 -1.2535 1.0000	</row3>
				</transform>
			</node>
			<node>
				<identifier>	HP_FX_Runoff_deluge_right_10	</identifier>
				<transform>
					<row0>	0.9930 -0.0882 -0.0784 0.0000	</row0>
					<row1>	0.0898 0.9958 0.0161 0.0000	</row1>
					<row2>	0.0767 -0.0230 0.9968 0.0000	</row2>
					<row3>	0.1009 0.0650 -1.5672 1.0000	</row3>
				</transform>
			</node>
			<node>
				<identifier>	HP_FX_Runoff_deluge_right_11	</identifier>
				<transform>
					<row0>	0.9930 -0.0882 -0.0784 0.0000	</row0>
					<row1>	0.0898 0.9958 0.0161 0.0000	</row1>
					<row2>	0.0767 -0.0230 0.9968 0.0000	</row2>
					<row3>	0.0930 0.0590 -1.7261 1.0000	</row3>
				</transform>
			</node>
			<node>
				<identifier>	HP_FX_Runoff_deluge_right_9	</identifier>
				<transform>
					<row0>	0.9959 -0.0882 -0.0177 0.0000	</row0>
					<row1>	0.0886 0.9958 0.0215 0.0000	</row1>
					<row2>	0.0157 -0.0230 0.9996 0.0000	</row2>
					<row3>	0.1089 0.0660 -1.2534 1.0000	</row3>
				</transform>
			</node>
			<node>
				<identifier>	HP_FX_Runoff_up_left_3	</identifier>
				<transform>
					<row0>	-1.0000 0.0000 -0.0005 0.0000	</row0>
					<row1>	0.0000 1.0000 -0.0087 0.0000	</row1>
					<row2>	0.0005 -0.0087 -1.0000 0.0000	</row2>
					<row3>	-0.0270 0.1119 -1.0575 1.0000	</row3>
				</transform>
			</node>
			<node>
				<identifier>	HP_FX_Runoff_up_right_3	</identifier>
				<transform>
					<row0>	1.0000 0.0000 -0.0005 0.0000	</row0>
					<row1>	0.0000 1.0000 -0.0087 0.0000	</row1>
					<row2>	0.0005 0.0087 1.0000 0.0000	</row2>
					<row3>	0.0270 0.1119 -1.0575 1.0000	</row3>
				</transform>
			</node>
			<node>
				<identifier>	HP_FX_WakeTraceBack	</identifier>
				<transform>
					<row0>	1.0000 0.0000 0.0000 0.0000	</row0>
					<row1>	0.0000 1.0000 0.0000 0.0000	</row1>
					<row2>	0.0000 0.0000 1.0000 0.0000	</row2>
					<row3>	0.0000 0.0000 -2.5306 1.0000	</row3>
				</transform>
			</node>
			<node>
				<identifier>	HP_FX_WakeTrace_screw_1	</identifier>
				<transform>
					<row0>	1.0000 0.0000 0.0000 0.0000	</row0>
					<row1>	0.0000 1.0000 0.0000 0.0000	</row1>
					<row2>	0.0000 0.0000 1.0000 0.0000	</row2>
					<row3>	-0.0801 -0.1487 -2.2100 1.0000	</row3>
				</transform>
			</node>
			<node>
				<identifier>	HP_FX_WakeTrace_screw_2	</identifier>
				<transform>
					<row0>	1.0000 0.0000 0.0000 0.0000	</row0>
					<row1>	0.0000 1.0000 0.0000 0.0000	</row1>
					<row2>	0.0000 0.0000 1.0000 0.0000	</row2>
					<row3>	0.0801 -0.1487 -2.2100 1.0000	</row3>
				</transform>
			</node>
			<node>
				<identifier>	HP_RGT_5	</identifier>
				<transform>
					<row0>	-1.0000 0.0000 0.0000 0.0000	</row0>
					<row1>	0.0000 1.0000 0.0000 0.0000	</row1>
					<row2>	0.0000 0.0000 -1.0000 0.0000	</row2>
					<row3>	-0.0485 -0.0127 -1.6901 1.0000	</row3>
				</transform>
			</node>
			<node>
				<identifier>	HP_RGT_6	</identifier>
				<transform>
					<row0>	-1.0000 0.0000 0.0000 0.0000	</row0>
					<row1>	0.0000 1.0000 0.0000 0.0000	</row1>
					<row2>	0.0000 0.0000 -1.0000 0.0000	</row2>
					<row3>	0.0485 -0.0127 -1.6901 1.0000	</row3>
				</transform>
			</node>
			<node>
				<identifier>	MP_CM002_Propeller4_L	</identifier>
				<transform>
					<row0>	0.4569 0.0000 -0.0086 0.0000	</row0>
					<row1>	0.0000 0.4570 0.0000 0.0000	</row1>
					<row2>	0.0086 0.0000 0.4569 0.0000	</row2>
					<row3>	-0.0801 -0.1487 -2.2100 1.0000	</row3>
				</transform>
			</node>
			<node>
				<identifier>	MP_CM033_Propeller4_R	</identifier>
				<transform>
					<row0>	0.4569 0.0000 0.0086 0.0000	</row0>
					<row1>	0.0000 0.4570 0.0000 0.0000	</row1>
					<row2>	-0.0086 0.0000 0.4569 0.0000	</row2>
					<row3>	0.0801 -0.1487 -2.2100 1.0000	</row3>
				</transform>
			</node>
			<node>
				<identifier>	MP_RM028_Signal_Lamp	</identifier>
				<transform>
					<row0>	0.6640 0.0000 0.0000 0.0000	</row0>
					<row1>	0.0000 0.6640 0.0000 0.0000	</row1>
					<row2>	0.0000 0.0000 0.6640 0.0000	</row2>
					<row3>	0.0000 0.0692 -2.2430 1.0000	</row3>
				</transform>
			</node>
			<node>
				<identifier>	MP_RM141_Signal_Lamp	</identifier>
				<transform>
					<row0>	1.0000 0.0000 0.0000 0.0000	</row0>
					<row1>	0.0000 0.6050 0.0000 0.0000	</row1>
					<row2>	0.0000 0.0000 1.0000 0.0000	</row2>
					<row3>	0.0000 0.0767 -2.1967 1.0000	</row3>
				</transform>
			</node>
		</node>
	</node>
	<boundingBox>
		<min>	-0.0667 -0.0667 -0.0667	</min>
		<max>	0.0667 0.0667 0.0667	</max>
	</boundingBox>
</RSS009_S189_1954_Stern_ports.visual>
