<ISD002_Paolo_Emilio_1942_MidFront_ports.visual>
	<node>
		<identifier>	Scene Root	</identifier>
		<transform>
			<row0>	1.0000 0.0000 0.0000 0.0000	</row0>
			<row1>	0.0000 1.0000 0.0000 0.0000	</row1>
			<row2>	0.0000 0.0000 1.0000 0.0000	</row2>
			<row3>	0.0000 0.0000 0.0000 1.0000	</row3>
		</transform>
		<node>
			<identifier>	MidFront_ports	</identifier>
			<transform>
				<row0>	1.0000 0.0000 0.0000 0.0000	</row0>
				<row1>	0.0000 1.0000 0.0000 0.0000	</row1>
				<row2>	0.0000 0.0000 1.0000 0.0000	</row2>
				<row3>	0.0000 0.0000 0.0000 1.0000	</row3>
			</transform>
			<node>
				<identifier>	HP_FX_Fire_2	</identifier>
				<transform>
					<row0>	1.0000 0.0000 0.0000 0.0000	</row0>
					<row1>	0.0000 1.0000 0.0000 0.0000	</row1>
					<row2>	0.0000 0.0000 1.0000 0.0000	</row2>
					<row3>	0.0000 0.8782 1.7983 1.0000	</row3>
				</transform>
			</node>
			<node>
				<identifier>	HP_FX_Fire_2_side_1	</identifier>
				<transform>
					<row0>	1.0000 0.0000 0.0000 0.0000	</row0>
					<row1>	0.0000 1.0000 0.0000 0.0000	</row1>
					<row2>	0.0000 0.0000 1.0000 0.0000	</row2>
					<row3>	0.3191 0.4347 2.2539 1.0000	</row3>
				</transform>
			</node>
			<node>
				<identifier>	HP_FX_Fire_2_side_2	</identifier>
				<transform>
					<row0>	1.0000 0.0000 0.0000 0.0000	</row0>
					<row1>	0.0000 1.0000 0.0000 0.0000	</row1>
					<row2>	0.0000 0.0000 1.0000 0.0000	</row2>
					<row3>	-0.3423 0.2950 0.7060 1.0000	</row3>
				</transform>
			</node>
			<node>
				<identifier>	HP_FX_FloodLight_left_2	</identifier>
				<transform>
					<row0>	-1.0000 0.0000 0.0000 0.0000	</row0>
					<row1>	0.0000 1.0000 0.0000 0.0000	</row1>
					<row2>	0.0000 0.0000 -1.0000 0.0000	</row2>
					<row3>	-0.2226 0.3916 0.4756 1.0000	</row3>
				</transform>
			</node>
			<node>
				<identifier>	HP_FX_FloodLight_right_2	</identifier>
				<transform>
					<row0>	1.0000 0.0000 0.0000 0.0000	</row0>
					<row1>	0.0000 1.0000 0.0000 0.0000	</row1>
					<row2>	0.0000 0.0000 1.0000 0.0000	</row2>
					<row3>	0.2266 0.3939 0.4731 1.0000	</row3>
				</transform>
			</node>
			<node>
				<identifier>	HP_FX_Flood_steam_1	</identifier>
				<transform>
					<row0>	1.0000 0.0000 0.0000 0.0000	</row0>
					<row1>	0.0000 0.9730 -0.2308 0.0000	</row1>
					<row2>	0.0000 0.2308 0.9730 0.0000	</row2>
					<row3>	-0.0050 1.0166 0.8052 1.0000	</row3>
				</transform>
			</node>
			<node>
				<identifier>	HP_FX_Flood_steam_left	</identifier>
				<transform>
					<row0>	-1.0000 0.0000 0.0000 0.0000	</row0>
					<row1>	0.0000 1.0000 0.0000 0.0000	</row1>
					<row2>	0.0000 0.0000 -1.0000 0.0000	</row2>
					<row3>	-0.4612 0.4007 1.8436 1.0000	</row3>
				</transform>
			</node>
			<node>
				<identifier>	HP_FX_Flood_water_left_2	</identifier>
				<transform>
					<row0>	-1.0000 0.0000 0.0000 0.0000	</row0>
					<row1>	0.0000 1.0000 0.0000 0.0000	</row1>
					<row2>	0.0000 0.0000 -1.0000 0.0000	</row2>
					<row3>	-0.4293 0.0170 0.6954 1.0000	</row3>
				</transform>
			</node>
			<node>
				<identifier>	HP_FX_Flood_water_right_2	</identifier>
				<transform>
					<row0>	1.0000 0.0000 0.0000 0.0000	</row0>
					<row1>	0.0000 1.0000 0.0000 0.0000	</row1>
					<row2>	0.0000 0.0000 1.0000 0.0000	</row2>
					<row3>	0.4290 0.0200 0.6950 1.0000	</row3>
				</transform>
			</node>
			<node>
				<identifier>	HP_FX_Smoke_1	</identifier>
				<transform>
					<row0>	1.0000 0.0000 0.0000 0.0000	</row0>
					<row1>	0.0000 1.0000 0.0000 0.0000	</row1>
					<row2>	0.0000 0.0000 1.0000 0.0000	</row2>
					<row3>	0.0000 1.0831 1.0737 1.0000	</row3>
				</transform>
			</node>
			<node>
				<identifier>	HP_ID_1	</identifier>
				<transform>
					<row0>	1.0000 0.0000 0.0000 0.0000	</row0>
					<row1>	0.0000 1.0000 0.0000 0.0000	</row1>
					<row2>	0.0000 0.0000 1.0000 0.0000	</row2>
					<row3>	0.0000 1.0936 1.9572 1.0000	</row3>
				</transform>
			</node>
			<node>
				<identifier>	HP_ID_2	</identifier>
				<transform>
					<row0>	1.0000 0.0000 0.0000 0.0000	</row0>
					<row1>	0.0000 1.0000 0.0000 0.0000	</row1>
					<row2>	0.0000 0.0000 1.0000 0.0000	</row2>
					<row3>	0.0000 1.4650 1.6536 1.0000	</row3>
				</transform>
			</node>
			<node>
				<identifier>	HP_ID_3	</identifier>
				<transform>
					<row0>	0.0000 0.0000 1.0000 0.0000	</row0>
					<row1>	0.0000 1.0000 0.0000 0.0000	</row1>
					<row2>	-1.0000 0.0000 0.0000 0.0000	</row2>
					<row3>	-0.3794 0.5933 1.1405 1.0000	</row3>
				</transform>
			</node>
			<node>
				<identifier>	HP_ID_4	</identifier>
				<transform>
					<row0>	0.0000 0.0000 -1.0000 0.0000	</row0>
					<row1>	0.0000 1.0000 0.0000 0.0000	</row1>
					<row2>	1.0000 0.0000 0.0000 0.0000	</row2>
					<row3>	0.3794 0.5933 1.1405 1.0000	</row3>
				</transform>
			</node>
			<node>
				<identifier>	HP_IGA_1	</identifier>
				<transform>
					<row0>	0.0000 0.0000 1.0000 0.0000	</row0>
					<row1>	0.0000 1.0000 0.0000 0.0000	</row1>
					<row2>	-1.0000 0.0000 0.0000 0.0000	</row2>
					<row3>	-0.2573 0.7399 1.6962 1.0000	</row3>
				</transform>
			</node>
			<node>
				<identifier>	HP_IGA_2	</identifier>
				<transform>
					<row0>	0.0000 0.0000 -1.0000 0.0000	</row0>
					<row1>	0.0000 1.0000 0.0000 0.0000	</row1>
					<row2>	1.0000 0.0000 0.0000 0.0000	</row2>
					<row3>	0.2573 0.7399 1.6962 1.0000	</row3>
				</transform>
			</node>
			<node>
				<identifier>	HP_IGM_2	</identifier>
				<transform>
					<row0>	1.0000 0.0000 0.0000 0.0000	</row0>
					<row1>	0.0000 1.0000 0.0000 0.0000	</row1>
					<row2>	0.0000 0.0000 1.0000 0.0000	</row2>
					<row3>	0.0000 0.5975 2.5106 1.0000	</row3>
				</transform>
			</node>
			<node>
				<identifier>	HP_flag_1	</identifier>
				<transform>
					<row0>	0.9775 -0.2108 0.0005 0.0000	</row0>
					<row1>	0.2108 0.9775 -0.0047 0.0000	</row1>
					<row2>	0.0005 0.0047 1.0000 0.0000	</row2>
					<row3>	0.2426 1.3262 1.4509 1.0000	</row3>
				</transform>
			</node>
			<node>
				<identifier>	HP_flag_2	</identifier>
				<transform>
					<row0>	0.9775 0.2108 -0.0005 0.0000	</row0>
					<row1>	-0.2108 0.9775 -0.0047 0.0000	</row1>
					<row2>	-0.0005 0.0047 1.0000 0.0000	</row2>
					<row3>	-0.2426 1.3262 1.4509 1.0000	</row3>
				</transform>
			</node>
			<node>
				<identifier>	HP_flag_3	</identifier>
				<transform>
					<row0>	0.9951 -0.0993 -0.0025 0.0000	</row0>
					<row1>	0.0993 0.9938 0.0499 0.0000	</row1>
					<row2>	-0.0025 -0.0499 0.9988 0.0000	</row2>
					<row3>	0.1823 1.3121 1.5005 1.0000	</row3>
				</transform>
			</node>
			<node>
				<identifier>	HP_flag_4	</identifier>
				<transform>
					<row0>	0.9951 0.0993 0.0025 0.0000	</row0>
					<row1>	-0.0993 0.9938 0.0499 0.0000	</row1>
					<row2>	0.0025 -0.0499 0.9988 0.0000	</row2>
					<row3>	-0.1823 1.3121 1.5005 1.0000	</row3>
				</transform>
			</node>
			<node>
				<identifier>	HP_flag_courtesy	</identifier>
				<transform>
					<row0>	0.9590 -0.2833 0.0066 0.0000	</row0>
					<row1>	0.2833 0.9580 -0.0453 0.0000	</row1>
					<row2>	0.0066 0.0453 0.9990 0.0000	</row2>
					<row3>	0.2853 1.3312 1.4179 1.0000	</row3>
				</transform>
			</node>
			<node>
				<identifier>	HP_flag_house	</identifier>
				<transform>
					<row0>	0.9590 0.2833 -0.0066 0.0000	</row0>
					<row1>	-0.2833 0.9580 -0.0453 0.0000	</row1>
					<row2>	-0.0066 0.0453 0.9990 0.0000	</row2>
					<row3>	-0.2853 1.3312 1.4179 1.0000	</row3>
				</transform>
			</node>
			<node>
				<identifier>	HP_flag_rank	</identifier>
				<transform>
					<row0>	1.0000 -0.0005 0.0000 0.0000	</row0>
					<row1>	0.0005 0.9997 0.0249 0.0000	</row1>
					<row2>	0.0000 -0.0249 0.9997 0.0000	</row2>
					<row3>	-0.0001 1.6215 1.4024 1.0000	</row3>
				</transform>
			</node>
			<node>
				<identifier>	MP_CM029_Emergency_Box	</identifier>
				<transform>
					<row0>	-0.6983 0.0000 -0.5193 0.0000	</row0>
					<row1>	0.0000 0.8703 0.0000 0.0000	</row1>
					<row2>	0.5193 0.0000 -0.6983 0.0000	</row2>
					<row3>	-0.0704 0.9854 1.2482 1.0000	</row3>
				</transform>
			</node>
			<node>
				<identifier>	MP_CM029_Emergency_Box_INDEX_1	</identifier>
				<transform>
					<row0>	0.2747 0.0000 -0.9615 0.0000	</row0>
					<row1>	0.0000 1.0000 0.0000 0.0000	</row1>
					<row2>	0.9615 0.0000 0.2747 0.0000	</row2>
					<row3>	-0.1360 0.8238 1.7638 1.0000	</row3>
				</transform>
			</node>
			<node>
				<identifier>	MP_CM029_Emergency_Box_INDEX_2	</identifier>
				<transform>
					<row0>	-0.1686 -0.0174 0.9855 0.0000	</row0>
					<row1>	-0.2781 0.9601 -0.0306 0.0000	</row1>
					<row2>	-0.9456 -0.2793 -0.1667 0.0000	</row2>
					<row3>	0.1553 0.9641 1.9867 1.0000	</row3>
				</transform>
			</node>
			<node>
				<identifier>	MP_CM029_Emergency_Box_INDEX_3	</identifier>
				<transform>
					<row0>	0.2747 0.0000 0.9615 0.0000	</row0>
					<row1>	0.0000 1.0000 0.0000 0.0000	</row1>
					<row2>	-0.9615 0.0000 0.2747 0.0000	</row2>
					<row3>	0.1360 0.8238 1.7638 1.0000	</row3>
				</transform>
			</node>
			<node>
				<identifier>	MP_CM029_Emergency_Box_INDEX_4	</identifier>
				<transform>
					<row0>	-0.1686 0.0174 -0.9855 0.0000	</row0>
					<row1>	0.2781 0.9601 -0.0306 0.0000	</row1>
					<row2>	0.9456 -0.2793 -0.1667 0.0000	</row2>
					<row3>	-0.1553 0.9641 1.9867 1.0000	</row3>
				</transform>
			</node>
			<node>
				<identifier>	MP_CM030_Swab_Rack_2	</identifier>
				<transform>
					<row0>	0.0000 0.0000 -1.0000 0.0000	</row0>
					<row1>	0.0000 1.0000 0.0000 0.0000	</row1>
					<row2>	1.0000 0.0000 0.0000 0.0000	</row2>
					<row3>	0.2202 0.2847 0.8897 1.0000	</row3>
				</transform>
			</node>
			<node>
				<identifier>	MP_CM030_Swab_Rack_2_INDEX_1	</identifier>
				<transform>
					<row0>	0.0000 0.0000 1.0000 0.0000	</row0>
					<row1>	0.0000 1.0000 0.0000 0.0000	</row1>
					<row2>	-1.0000 0.0000 0.0000 0.0000	</row2>
					<row3>	-0.2202 0.2847 0.8897 1.0000	</row3>
				</transform>
			</node>
			<node>
				<identifier>	MP_CM052_Fender	</identifier>
				<transform>
					<row0>	0.0000 0.0000 0.6603 0.0000	</row0>
					<row1>	0.0000 0.6603 0.0000 0.0000	</row1>
					<row2>	-0.6603 0.0000 0.0000 0.0000	</row2>
					<row3>	-0.2436 0.2864 0.9341 1.0000	</row3>
				</transform>
			</node>
			<node>
				<identifier>	MP_CM052_Fender_INDEX_1	</identifier>
				<transform>
					<row0>	0.0000 0.0000 -0.6603 0.0000	</row0>
					<row1>	0.0000 0.6603 0.0000 0.0000	</row1>
					<row2>	0.6603 0.0000 0.0000 0.0000	</row2>
					<row3>	0.2688 0.4278 1.6365 1.0000	</row3>
				</transform>
			</node>
			<node>
				<identifier>	MP_CM052_Fender_INDEX_2	</identifier>
				<transform>
					<row0>	0.0000 0.0000 -0.6603 0.0000	</row0>
					<row1>	0.0000 0.6603 0.0000 0.0000	</row1>
					<row2>	0.6603 0.0000 0.0000 0.0000	</row2>
					<row3>	0.2436 0.2864 0.9341 1.0000	</row3>
				</transform>
			</node>
			<node>
				<identifier>	MP_CM052_Fender_INDEX_3	</identifier>
				<transform>
					<row0>	0.0000 0.0000 0.6603 0.0000	</row0>
					<row1>	0.0000 0.6603 0.0000 0.0000	</row1>
					<row2>	-0.6603 0.0000 0.0000 0.0000	</row2>
					<row3>	-0.2688 0.4278 1.6365 1.0000	</row3>
				</transform>
			</node>
			<node>
				<identifier>	MP_CM060_Flag_Box	</identifier>
				<transform>
					<row0>	0.0251 0.0000 0.4274 0.0000	</row0>
					<row1>	0.0000 0.4281 0.0000 0.0000	</row1>
					<row2>	-0.4274 0.0000 0.0251 0.0000	</row2>
					<row3>	0.1386 0.7924 1.4644 1.0000	</row3>
				</transform>
			</node>
			<node>
				<identifier>	MP_CM060_Flag_Box_INDEX_1	</identifier>
				<transform>
					<row0>	0.0251 0.0000 -0.4274 0.0000	</row0>
					<row1>	0.0000 0.4281 0.0000 0.0000	</row1>
					<row2>	0.4274 0.0000 0.0251 0.0000	</row2>
					<row3>	-0.1386 0.7924 1.4644 1.0000	</row3>
				</transform>
			</node>
			<node>
				<identifier>	MP_CM082_Rope	</identifier>
				<transform>
					<row0>	0.3364 0.0000 0.0000 0.0000	</row0>
					<row1>	0.0000 -0.3364 0.0000 0.0000	</row1>
					<row2>	0.0000 0.0000 -0.3364 0.0000	</row2>
					<row3>	0.1327 0.8023 1.4760 1.0000	</row3>
				</transform>
			</node>
			<node>
				<identifier>	MP_CM082_Rope_INDEX_1	</identifier>
				<transform>
					<row0>	0.3022 0.0000 0.0000 0.0000	</row0>
					<row1>	0.0000 0.3022 0.0000 0.0000	</row1>
					<row2>	0.0000 0.0000 0.3022 0.0000	</row2>
					<row3>	-0.1333 0.8095 1.4869 1.0000	</row3>
				</transform>
			</node>
			<node>
				<identifier>	MP_CM082_Rope_INDEX_2	</identifier>
				<transform>
					<row0>	0.3022 0.0000 0.0000 0.0000	</row0>
					<row1>	0.0000 0.3022 0.0000 0.0000	</row1>
					<row2>	0.0000 0.0000 0.3022 0.0000	</row2>
					<row3>	0.1333 0.8095 1.4869 1.0000	</row3>
				</transform>
			</node>
			<node>
				<identifier>	MP_CM082_Rope_INDEX_3	</identifier>
				<transform>
					<row0>	0.3205 0.0000 0.0000 0.0000	</row0>
					<row1>	0.0000 -0.3205 0.0000 0.0000	</row1>
					<row2>	0.0000 0.0000 -0.3205 0.0000	</row2>
					<row3>	0.1318 0.8029 1.4655 1.0000	</row3>
				</transform>
			</node>
			<node>
				<identifier>	MP_CM082_Rope_INDEX_4	</identifier>
				<transform>
					<row0>	0.2760 0.0000 0.0000 0.0000	</row0>
					<row1>	0.0000 0.2760 0.0000 0.0000	</row1>
					<row2>	0.0000 0.0000 0.2760 0.0000	</row2>
					<row3>	0.1316 0.8105 1.4543 1.0000	</row3>
				</transform>
			</node>
			<node>
				<identifier>	MP_CM082_Rope_INDEX_5	</identifier>
				<transform>
					<row0>	0.4267 0.0000 0.0000 0.0000	</row0>
					<row1>	0.0000 -0.4267 0.0000 0.0000	</row1>
					<row2>	0.0000 0.0000 -0.4267 0.0000	</row2>
					<row3>	0.1311 0.8000 1.4425 1.0000	</row3>
				</transform>
			</node>
			<node>
				<identifier>	MP_CM082_Rope_INDEX_6	</identifier>
				<transform>
					<row0>	0.3364 0.0000 0.0000 0.0000	</row0>
					<row1>	0.0000 -0.3364 0.0000 0.0000	</row1>
					<row2>	0.0000 0.0000 -0.3364 0.0000	</row2>
					<row3>	-0.1327 0.8023 1.4760 1.0000	</row3>
				</transform>
			</node>
			<node>
				<identifier>	MP_CM082_Rope_INDEX_7	</identifier>
				<transform>
					<row0>	0.3205 0.0000 0.0000 0.0000	</row0>
					<row1>	0.0000 -0.3205 0.0000 0.0000	</row1>
					<row2>	0.0000 0.0000 -0.3205 0.0000	</row2>
					<row3>	-0.1318 0.8029 1.4655 1.0000	</row3>
				</transform>
			</node>
			<node>
				<identifier>	MP_CM082_Rope_INDEX_8	</identifier>
				<transform>
					<row0>	0.4267 0.0000 0.0000 0.0000	</row0>
					<row1>	0.0000 -0.4267 0.0000 0.0000	</row1>
					<row2>	0.0000 0.0000 -0.4267 0.0000	</row2>
					<row3>	-0.1311 0.8000 1.4425 1.0000	</row3>
				</transform>
			</node>
			<node>
				<identifier>	MP_CM082_Rope_INDEX_9	</identifier>
				<transform>
					<row0>	0.2760 0.0000 0.0000 0.0000	</row0>
					<row1>	0.0000 0.2760 0.0000 0.0000	</row1>
					<row2>	0.0000 0.0000 0.2760 0.0000	</row2>
					<row3>	-0.1316 0.8105 1.4543 1.0000	</row3>
				</transform>
			</node>
			<node>
				<identifier>	MP_CM092_Siren	</identifier>
				<transform>
					<row0>	1.5813 0.0000 0.0000 0.0000	</row0>
					<row1>	0.0000 1.5813 0.0000 0.0000	</row1>
					<row2>	0.0000 0.0000 1.5813 0.0000	</row2>
					<row3>	0.0530 0.9329 1.2683 1.0000	</row3>
				</transform>
			</node>
			<node>
				<identifier>	MP_CM126_Cleat	</identifier>
				<transform>
					<row0>	1.0000 0.0000 0.0000 0.0000	</row0>
					<row1>	0.0000 0.0000 -1.0000 0.0000	</row1>
					<row2>	0.0000 1.0000 0.0000 0.0000	</row2>
					<row3>	-0.4729 0.5230 1.3256 1.0000	</row3>
				</transform>
			</node>
			<node>
				<identifier>	MP_CM126_Cleat_INDEX_1	</identifier>
				<transform>
					<row0>	-1.0000 0.0000 0.0000 0.0000	</row0>
					<row1>	0.0000 0.0000 1.0000 0.0000	</row1>
					<row2>	0.0000 1.0000 0.0000 0.0000	</row2>
					<row3>	-0.4729 0.5230 1.6246 1.0000	</row3>
				</transform>
			</node>
			<node>
				<identifier>	MP_CM126_Cleat_INDEX_2	</identifier>
				<transform>
					<row0>	1.0000 0.0000 0.0000 0.0000	</row0>
					<row1>	0.0000 0.0000 -1.0000 0.0000	</row1>
					<row2>	0.0000 1.0000 0.0000 0.0000	</row2>
					<row3>	0.4729 0.5230 1.3256 1.0000	</row3>
				</transform>
			</node>
			<node>
				<identifier>	MP_CM126_Cleat_INDEX_3	</identifier>
				<transform>
					<row0>	-1.0000 0.0000 0.0000 0.0000	</row0>
					<row1>	0.0000 0.0000 1.0000 0.0000	</row1>
					<row2>	0.0000 1.0000 0.0000 0.0000	</row2>
					<row3>	0.4729 0.5230 1.6246 1.0000	</row3>
				</transform>
			</node>
			<node>
				<identifier>	MP_IM001_Paramine_Tipo_C	</identifier>
				<transform>
					<row0>	0.0000 1.0000 0.0000 0.0000	</row0>
					<row1>	-0.9869 0.0000 -0.1612 0.0000	</row1>
					<row2>	-0.1612 0.0000 0.9869 0.0000	</row2>
					<row3>	0.2512 0.5232 2.4188 1.0000	</row3>
				</transform>
			</node>
			<node>
				<identifier>	MP_IM001_Paramine_Tipo_C_INDEX_1	</identifier>
				<transform>
					<row0>	0.0000 -1.0000 0.0000 0.0000	</row0>
					<row1>	0.9869 0.0000 -0.1612 0.0000	</row1>
					<row2>	0.1612 0.0000 0.9869 0.0000	</row2>
					<row3>	-0.2513 0.5225 2.4186 1.0000	</row3>
				</transform>
			</node>
			<node>
				<identifier>	MP_IM010_Life_Jacket	</identifier>
				<transform>
					<row0>	0.5440 0.0000 -0.9594 0.0000	</row0>
					<row1>	0.0000 1.1029 0.0000 0.0000	</row1>
					<row2>	0.9594 0.0000 0.5440 0.0000	</row2>
					<row3>	0.3225 0.7816 1.5915 1.0000	</row3>
				</transform>
			</node>
			<node>
				<identifier>	MP_IM010_Life_Jacket_INDEX_1	</identifier>
				<transform>
					<row0>	0.0007 0.0000 -1.1029 0.0000	</row0>
					<row1>	0.0000 1.1029 0.0000 0.0000	</row1>
					<row2>	1.1029 0.0000 0.0007 0.0000	</row2>
					<row3>	0.2686 0.7816 1.5745 1.0000	</row3>
				</transform>
			</node>
			<node>
				<identifier>	MP_IM010_Life_Jacket_INDEX_10	</identifier>
				<transform>
					<row0>	0.4107 0.0000 -1.0236 0.0000	</row0>
					<row1>	0.0000 1.1029 0.0000 0.0000	</row1>
					<row2>	1.0236 0.0000 0.4107 0.0000	</row2>
					<row3>	0.2999 0.7816 1.5806 1.0000	</row3>
				</transform>
			</node>
			<node>
				<identifier>	MP_IM010_Life_Jacket_INDEX_11	</identifier>
				<transform>
					<row0>	0.8565 0.0000 0.6949 0.0000	</row0>
					<row1>	0.0000 1.1029 0.0000 0.0000	</row1>
					<row2>	-0.6949 0.0000 0.8565 0.0000	</row2>
					<row3>	-0.3494 0.7816 1.6114 1.0000	</row3>
				</transform>
			</node>
			<node>
				<identifier>	MP_IM010_Life_Jacket_INDEX_2	</identifier>
				<transform>
					<row0>	0.9418 0.0000 -0.5740 0.0000	</row0>
					<row1>	0.0000 1.1029 0.0000 0.0000	</row1>
					<row2>	0.5740 0.0000 0.9418 0.0000	</row2>
					<row3>	0.3634 0.7816 1.6321 1.0000	</row3>
				</transform>
			</node>
			<node>
				<identifier>	MP_IM010_Life_Jacket_INDEX_3	</identifier>
				<transform>
					<row0>	0.0007 0.0000 1.1029 0.0000	</row0>
					<row1>	0.0000 1.1029 0.0000 0.0000	</row1>
					<row2>	-1.1029 0.0000 0.0007 0.0000	</row2>
					<row3>	-0.2686 0.7816 1.5745 1.0000	</row3>
				</transform>
			</node>
			<node>
				<identifier>	MP_IM010_Life_Jacket_INDEX_4	</identifier>
				<transform>
					<row0>	0.9418 0.0000 0.5740 0.0000	</row0>
					<row1>	0.0000 1.1029 0.0000 0.0000	</row1>
					<row2>	-0.5740 0.0000 0.9418 0.0000	</row2>
					<row3>	-0.3638 0.7816 1.6319 1.0000	</row3>
				</transform>
			</node>
			<node>
				<identifier>	MP_IM010_Life_Jacket_INDEX_5	</identifier>
				<transform>
					<row0>	0.4107 0.0000 1.0236 0.0000	</row0>
					<row1>	0.0000 1.1029 0.0000 0.0000	</row1>
					<row2>	-1.0236 0.0000 0.4107 0.0000	</row2>
					<row3>	-0.3007 0.7816 1.5815 1.0000	</row3>
				</transform>
			</node>
			<node>
				<identifier>	MP_IM010_Life_Jacket_INDEX_6	</identifier>
				<transform>
					<row0>	0.8249 0.0000 -0.7321 0.0000	</row0>
					<row1>	0.0000 1.1029 0.0000 0.0000	</row1>
					<row2>	0.7321 0.0000 0.8249 0.0000	</row2>
					<row3>	0.3489 0.7816 1.6119 1.0000	</row3>
				</transform>
			</node>
			<node>
				<identifier>	MP_IM010_Life_Jacket_INDEX_7	</identifier>
				<transform>
					<row0>	0.5439 0.0000 0.9594 0.0000	</row0>
					<row1>	0.0000 1.1029 0.0000 0.0000	</row1>
					<row2>	-0.9594 0.0000 0.5439 0.0000	</row2>
					<row3>	-0.3233 0.7816 1.5924 1.0000	</row3>
				</transform>
			</node>
			<node>
				<identifier>	MP_IM010_Life_Jacket_INDEX_8	</identifier>
				<transform>
					<row0>	0.0053 0.0000 -1.1029 0.0000	</row0>
					<row1>	0.0000 1.1029 0.0000 0.0000	</row1>
					<row2>	1.1029 0.0000 0.0053 0.0000	</row2>
					<row3>	0.2436 0.7816 1.5744 1.0000	</row3>
				</transform>
			</node>
			<node>
				<identifier>	MP_IM010_Life_Jacket_INDEX_9	</identifier>
				<transform>
					<row0>	0.0053 0.0000 1.1029 0.0000	</row0>
					<row1>	0.0000 1.1029 0.0000 0.0000	</row1>
					<row2>	-1.1029 0.0000 0.0053 0.0000	</row2>
					<row3>	-0.2436 0.7816 1.5744 1.0000	</row3>
				</transform>
			</node>
			<node>
				<identifier>	MP_IM021_Turtle	</identifier>
				<transform>
					<row0>	-0.1739 0.0000 0.9848 0.0000	</row0>
					<row1>	0.0000 1.0000 0.0000 0.0000	</row1>
					<row2>	-0.9848 0.0000 -0.1739 0.0000	</row2>
					<row3>	-0.1115 0.9873 1.1037 1.0000	</row3>
				</transform>
			</node>
			<node>
				<identifier>	MP_IM021_Turtle_INDEX_1	</identifier>
				<transform>
					<row0>	-0.8203 0.0261 -0.5713 0.0000	</row0>
					<row1>	-0.1349 0.9620 0.2376 0.0000	</row1>
					<row2>	0.5558 0.2719 -0.7856 0.0000	</row2>
					<row3>	0.0851 0.9831 1.8374 1.0000	</row3>
				</transform>
			</node>
			<node>
				<identifier>	MP_IM021_Turtle_INDEX_10	</identifier>
				<transform>
					<row0>	-0.1739 0.0000 -0.9848 0.0000	</row0>
					<row1>	0.0000 1.0000 0.0000 0.0000	</row1>
					<row2>	0.9848 0.0000 -0.1739 0.0000	</row2>
					<row3>	0.1085 0.9873 1.0880 1.0000	</row3>
				</transform>
			</node>
			<node>
				<identifier>	MP_IM021_Turtle_INDEX_11	</identifier>
				<transform>
					<row0>	-0.1071 0.0000 0.9942 0.0000	</row0>
					<row1>	0.0000 1.0000 0.0000 0.0000	</row1>
					<row2>	-0.9942 0.0000 -0.1071 0.0000	</row2>
					<row3>	-0.1525 0.8120 1.8619 1.0000	</row3>
				</transform>
			</node>
			<node>
				<identifier>	MP_IM021_Turtle_INDEX_12	</identifier>
				<transform>
					<row0>	-0.1071 0.0000 -0.9942 0.0000	</row0>
					<row1>	0.0000 1.0000 0.0000 0.0000	</row1>
					<row2>	0.9942 0.0000 -0.1071 0.0000	</row2>
					<row3>	0.1577 0.8120 1.9122 1.0000	</row3>
				</transform>
			</node>
			<node>
				<identifier>	MP_IM021_Turtle_INDEX_13	</identifier>
				<transform>
					<row0>	-0.8315 -0.0349 0.5544 0.0000	</row0>
					<row1>	0.1143 0.9659 0.2321 0.0000	</row1>
					<row2>	-0.5436 0.2564 -0.7992 0.0000	</row2>
					<row3>	-0.0762 0.9992 1.8365 1.0000	</row3>
				</transform>
			</node>
			<node>
				<identifier>	MP_IM021_Turtle_INDEX_14	</identifier>
				<transform>
					<row0>	-0.1071 0.0000 -0.9942 0.0000	</row0>
					<row1>	0.0000 1.0000 0.0000 0.0000	</row1>
					<row2>	0.9942 0.0000 -0.1071 0.0000	</row2>
					<row3>	0.1525 0.8120 1.8619 1.0000	</row3>
				</transform>
			</node>
			<node>
				<identifier>	MP_IM021_Turtle_INDEX_15	</identifier>
				<transform>
					<row0>	-0.1071 0.0000 0.9942 0.0000	</row0>
					<row1>	0.0000 1.0000 0.0000 0.0000	</row1>
					<row2>	-0.9942 0.0000 -0.1071 0.0000	</row2>
					<row3>	-0.1577 0.8120 1.9122 1.0000	</row3>
				</transform>
			</node>
			<node>
				<identifier>	MP_IM021_Turtle_INDEX_16	</identifier>
				<transform>
					<row0>	-0.1071 0.0000 0.9942 0.0000	</row0>
					<row1>	0.0000 1.0000 0.0000 0.0000	</row1>
					<row2>	-0.9942 0.0000 -0.1071 0.0000	</row2>
					<row3>	-0.1506 0.8120 1.8449 1.0000	</row3>
				</transform>
			</node>
			<node>
				<identifier>	MP_IM021_Turtle_INDEX_17	</identifier>
				<transform>
					<row0>	-0.8428 -0.0170 0.5379 0.0000	</row0>
					<row1>	0.1272 0.9649 0.2299 0.0000	</row1>
					<row2>	-0.5229 0.2622 -0.8110 0.0000	</row2>
					<row3>	-0.0705 0.9830 1.8277 1.0000	</row3>
				</transform>
			</node>
			<node>
				<identifier>	MP_IM021_Turtle_INDEX_18	</identifier>
				<transform>
					<row0>	0.0000 0.0000 -1.0000 0.0000	</row0>
					<row1>	0.0000 1.0000 0.0000 0.0000	</row1>
					<row2>	1.0000 0.0000 0.0000 0.0000	</row2>
					<row3>	0.2208 0.3640 0.6267 1.0000	</row3>
				</transform>
			</node>
			<node>
				<identifier>	MP_IM021_Turtle_INDEX_19	</identifier>
				<transform>
					<row0>	0.0000 0.0000 1.0000 0.0000	</row0>
					<row1>	0.0000 1.0000 0.0000 0.0000	</row1>
					<row2>	-1.0000 0.0000 0.0000 0.0000	</row2>
					<row3>	-0.2208 0.3805 0.6376 1.0000	</row3>
				</transform>
			</node>
			<node>
				<identifier>	MP_IM021_Turtle_INDEX_2	</identifier>
				<transform>
					<row0>	-0.1071 0.0000 -0.9942 0.0000	</row0>
					<row1>	0.0000 1.0000 0.0000 0.0000	</row1>
					<row2>	0.9942 0.0000 -0.1071 0.0000	</row2>
					<row3>	0.1560 0.8120 1.8953 1.0000	</row3>
				</transform>
			</node>
			<node>
				<identifier>	MP_IM021_Turtle_INDEX_20	</identifier>
				<transform>
					<row0>	-0.1739 0.0000 0.9848 0.0000	</row0>
					<row1>	0.0000 1.0000 0.0000 0.0000	</row1>
					<row2>	-0.9848 0.0000 -0.1739 0.0000	</row2>
					<row3>	-0.1085 0.9873 1.0880 1.0000	</row3>
				</transform>
			</node>
			<node>
				<identifier>	MP_IM021_Turtle_INDEX_21	</identifier>
				<transform>
					<row0>	-0.7980 -0.0392 0.6014 0.0000	</row0>
					<row1>	0.1434 0.9569 0.2527 0.0000	</row1>
					<row2>	-0.5854 0.2879 -0.7579 0.0000	</row2>
					<row3>	-0.0612 0.9999 1.8272 1.0000	</row3>
				</transform>
			</node>
			<node>
				<identifier>	MP_IM021_Turtle_INDEX_22	</identifier>
				<transform>
					<row0>	-0.1071 0.0000 0.9942 0.0000	</row0>
					<row1>	0.0000 1.0000 0.0000 0.0000	</row1>
					<row2>	-0.9942 0.0000 -0.1071 0.0000	</row2>
					<row3>	-0.1542 0.8120 1.8783 1.0000	</row3>
				</transform>
			</node>
			<node>
				<identifier>	MP_IM021_Turtle_INDEX_23	</identifier>
				<transform>
					<row0>	0.0000 0.0000 -1.0000 0.0000	</row0>
					<row1>	0.0000 1.0000 0.0000 0.0000	</row1>
					<row2>	1.0000 0.0000 0.0000 0.0000	</row2>
					<row3>	0.2208 0.3805 0.6376 1.0000	</row3>
				</transform>
			</node>
			<node>
				<identifier>	MP_IM021_Turtle_INDEX_24	</identifier>
				<transform>
					<row0>	0.0000 0.0000 1.0000 0.0000	</row0>
					<row1>	0.0000 1.0000 0.0000 0.0000	</row1>
					<row2>	-1.0000 0.0000 0.0000 0.0000	</row2>
					<row3>	-0.2208 0.3640 0.6267 1.0000	</row3>
				</transform>
			</node>
			<node>
				<identifier>	MP_IM021_Turtle_INDEX_25	</identifier>
				<transform>
					<row0>	-0.8428 0.0170 -0.5379 0.0000	</row0>
					<row1>	-0.1272 0.9649 0.2299 0.0000	</row1>
					<row2>	0.5229 0.2622 -0.8110 0.0000	</row2>
					<row3>	0.0705 0.9830 1.8277 1.0000	</row3>
				</transform>
			</node>
			<node>
				<identifier>	MP_IM021_Turtle_INDEX_26	</identifier>
				<transform>
					<row0>	-0.8198 -0.0269 0.5720 0.0000	</row0>
					<row1>	0.1441 0.9571 0.2514 0.0000	</row1>
					<row2>	-0.5542 0.2885 -0.7807 0.0000	</row2>
					<row3>	-0.0910 0.9993 1.8470 1.0000	</row3>
				</transform>
			</node>
			<node>
				<identifier>	MP_IM021_Turtle_INDEX_27	</identifier>
				<transform>
					<row0>	-0.8203 -0.0261 0.5713 0.0000	</row0>
					<row1>	0.1349 0.9620 0.2376 0.0000	</row1>
					<row2>	-0.5558 0.2719 -0.7856 0.0000	</row2>
					<row3>	-0.0851 0.9831 1.8374 1.0000	</row3>
				</transform>
			</node>
			<node>
				<identifier>	MP_IM021_Turtle_INDEX_28	</identifier>
				<transform>
					<row0>	-0.8198 0.0269 -0.5720 0.0000	</row0>
					<row1>	-0.1441 0.9571 0.2514 0.0000	</row1>
					<row2>	0.5542 0.2885 -0.7807 0.0000	</row2>
					<row3>	0.0910 0.9993 1.8470 1.0000	</row3>
				</transform>
			</node>
			<node>
				<identifier>	MP_IM021_Turtle_INDEX_29	</identifier>
				<transform>
					<row0>	-0.1071 0.0000 0.9942 0.0000	</row0>
					<row1>	0.0000 1.0000 0.0000 0.0000	</row1>
					<row2>	-0.9942 0.0000 -0.1071 0.0000	</row2>
					<row3>	-0.1560 0.8120 1.8953 1.0000	</row3>
				</transform>
			</node>
			<node>
				<identifier>	MP_IM021_Turtle_INDEX_3	</identifier>
				<transform>
					<row0>	0.0000 0.0000 1.0000 0.0000	</row0>
					<row1>	0.0000 1.0000 0.0000 0.0000	</row1>
					<row2>	-1.0000 0.0000 0.0000 0.0000	</row2>
					<row3>	-0.2208 0.3640 0.6490 1.0000	</row3>
				</transform>
			</node>
			<node>
				<identifier>	MP_IM021_Turtle_INDEX_4	</identifier>
				<transform>
					<row0>	-0.1071 0.0000 -0.9942 0.0000	</row0>
					<row1>	0.0000 1.0000 0.0000 0.0000	</row1>
					<row2>	0.9942 0.0000 -0.1071 0.0000	</row2>
					<row3>	0.1542 0.8120 1.8783 1.0000	</row3>
				</transform>
			</node>
			<node>
				<identifier>	MP_IM021_Turtle_INDEX_5	</identifier>
				<transform>
					<row0>	-0.7980 0.0392 -0.6014 0.0000	</row0>
					<row1>	-0.1434 0.9569 0.2527 0.0000	</row1>
					<row2>	0.5854 0.2879 -0.7579 0.0000	</row2>
					<row3>	0.0612 0.9999 1.8272 1.0000	</row3>
				</transform>
			</node>
			<node>
				<identifier>	MP_IM021_Turtle_INDEX_6	</identifier>
				<transform>
					<row0>	-0.1071 0.0000 -0.9942 0.0000	</row0>
					<row1>	0.0000 1.0000 0.0000 0.0000	</row1>
					<row2>	0.9942 0.0000 -0.1071 0.0000	</row2>
					<row3>	0.1506 0.8120 1.8449 1.0000	</row3>
				</transform>
			</node>
			<node>
				<identifier>	MP_IM021_Turtle_INDEX_7	</identifier>
				<transform>
					<row0>	-0.8315 0.0349 -0.5544 0.0000	</row0>
					<row1>	-0.1143 0.9659 0.2321 0.0000	</row1>
					<row2>	0.5436 0.2564 -0.7992 0.0000	</row2>
					<row3>	0.0762 0.9992 1.8365 1.0000	</row3>
				</transform>
			</node>
			<node>
				<identifier>	MP_IM021_Turtle_INDEX_8	</identifier>
				<transform>
					<row0>	0.0000 0.0000 -1.0000 0.0000	</row0>
					<row1>	0.0000 1.0000 0.0000 0.0000	</row1>
					<row2>	1.0000 0.0000 0.0000 0.0000	</row2>
					<row3>	0.2208 0.3640 0.6490 1.0000	</row3>
				</transform>
			</node>
			<node>
				<identifier>	MP_IM021_Turtle_INDEX_9	</identifier>
				<transform>
					<row0>	-0.1739 0.0000 -0.9848 0.0000	</row0>
					<row1>	0.0000 1.0000 0.0000 0.0000	</row1>
					<row2>	0.9848 0.0000 -0.1739 0.0000	</row2>
					<row3>	0.1115 0.9873 1.1037 1.0000	</row3>
				</transform>
			</node>
			<node>
				<identifier>	MP_IM026_Reels	</identifier>
				<transform>
					<row0>	0.0000 0.0000 0.3982 0.0000	</row0>
					<row1>	0.0000 0.3982 0.0000 0.0000	</row1>
					<row2>	-0.3982 0.0000 0.0000 0.0000	</row2>
					<row3>	-0.4206 0.4258 1.3025 1.0000	</row3>
				</transform>
			</node>
			<node>
				<identifier>	MP_IM026_Reels_INDEX_1	</identifier>
				<transform>
					<row0>	0.0000 0.0000 0.3982 0.0000	</row0>
					<row1>	0.0000 0.3982 0.0000 0.0000	</row1>
					<row2>	-0.3982 0.0000 0.0000 0.0000	</row2>
					<row3>	-0.4226 0.2860 0.9471 1.0000	</row3>
				</transform>
			</node>
			<node>
				<identifier>	MP_IM026_Reels_INDEX_2	</identifier>
				<transform>
					<row0>	0.0000 0.0000 -0.3982 0.0000	</row0>
					<row1>	0.0000 0.3982 0.0000 0.0000	</row1>
					<row2>	0.3982 0.0000 0.0000 0.0000	</row2>
					<row3>	0.4206 0.4258 1.3025 1.0000	</row3>
				</transform>
			</node>
			<node>
				<identifier>	MP_IM026_Reels_INDEX_3	</identifier>
				<transform>
					<row0>	0.0000 0.0000 0.3982 0.0000	</row0>
					<row1>	0.0000 0.3982 0.0000 0.0000	</row1>
					<row2>	-0.3982 0.0000 0.0000 0.0000	</row2>
					<row3>	-0.4206 0.4276 1.6233 1.0000	</row3>
				</transform>
			</node>
			<node>
				<identifier>	MP_IM026_Reels_INDEX_4	</identifier>
				<transform>
					<row0>	0.7256 -0.0017 -0.6881 0.0000	</row0>
					<row1>	0.0013 1.0000 -0.0011 0.0000	</row1>
					<row2>	0.6881 0.0000 0.7256 0.0000	</row2>
					<row3>	0.1523 0.5934 2.1921 1.0000	</row3>
				</transform>
			</node>
			<node>
				<identifier>	MP_IM026_Reels_INDEX_5	</identifier>
				<transform>
					<row0>	0.7256 0.0017 0.6881 0.0000	</row0>
					<row1>	-0.0013 1.0000 -0.0011 0.0000	</row1>
					<row2>	-0.6881 0.0000 0.7256 0.0000	</row2>
					<row3>	-0.1523 0.5934 2.1921 1.0000	</row3>
				</transform>
			</node>
			<node>
				<identifier>	MP_IM026_Reels_INDEX_6	</identifier>
				<transform>
					<row0>	0.0000 0.0000 -0.3982 0.0000	</row0>
					<row1>	0.0000 0.3982 0.0000 0.0000	</row1>
					<row2>	0.3982 0.0000 0.0000 0.0000	</row2>
					<row3>	0.4226 0.2860 0.5414 1.0000	</row3>
				</transform>
			</node>
			<node>
				<identifier>	MP_IM026_Reels_INDEX_7	</identifier>
				<transform>
					<row0>	0.0000 0.0000 0.3982 0.0000	</row0>
					<row1>	0.0000 0.3982 0.0000 0.0000	</row1>
					<row2>	-0.3982 0.0000 0.0000 0.0000	</row2>
					<row3>	-0.4226 0.2860 0.5414 1.0000	</row3>
				</transform>
			</node>
			<node>
				<identifier>	MP_IM026_Reels_INDEX_8	</identifier>
				<transform>
					<row0>	0.0000 0.0000 -0.3982 0.0000	</row0>
					<row1>	0.0000 0.3982 0.0000 0.0000	</row1>
					<row2>	0.3982 0.0000 0.0000 0.0000	</row2>
					<row3>	0.4226 0.2860 0.9471 1.0000	</row3>
				</transform>
			</node>
			<node>
				<identifier>	MP_IM026_Reels_INDEX_9	</identifier>
				<transform>
					<row0>	0.0000 0.0000 -0.3982 0.0000	</row0>
					<row1>	0.0000 0.3982 0.0000 0.0000	</row1>
					<row2>	0.3982 0.0000 0.0000 0.0000	</row2>
					<row3>	0.4206 0.4276 1.6233 1.0000	</row3>
				</transform>
			</node>
			<node>
				<identifier>	MP_IM031_Fire_Fighting	</identifier>
				<transform>
					<row0>	0.0000 0.0000 -1.0000 0.0000	</row0>
					<row1>	0.0000 1.0000 0.0000 0.0000	</row1>
					<row2>	1.0000 0.0000 0.0000 0.0000	</row2>
					<row3>	-0.2297 0.2855 0.6510 1.0000	</row3>
				</transform>
			</node>
			<node>
				<identifier>	MP_IM031_Fire_Fighting_INDEX_1	</identifier>
				<transform>
					<row0>	0.0000 0.0000 1.0000 0.0000	</row0>
					<row1>	0.0000 1.0000 0.0000 0.0000	</row1>
					<row2>	-1.0000 0.0000 0.0000 0.0000	</row2>
					<row3>	0.2674 0.4274 1.7441 1.0000	</row3>
				</transform>
			</node>
			<node>
				<identifier>	MP_IM031_Fire_Fighting_INDEX_2	</identifier>
				<transform>
					<row0>	0.0000 0.0000 1.0000 0.0000	</row0>
					<row1>	0.0000 1.0000 0.0000 0.0000	</row1>
					<row2>	-1.0000 0.0000 0.0000 0.0000	</row2>
					<row3>	0.2298 0.2856 0.6510 1.0000	</row3>
				</transform>
			</node>
			<node>
				<identifier>	MP_IM031_Fire_Fighting_INDEX_3	</identifier>
				<transform>
					<row0>	0.0000 0.0000 -1.0000 0.0000	</row0>
					<row1>	0.0000 1.0000 0.0000 0.0000	</row1>
					<row2>	1.0000 0.0000 0.0000 0.0000	</row2>
					<row3>	-0.2673 0.4279 1.7453 1.0000	</row3>
				</transform>
			</node>
			<node>
				<identifier>	MP_IM032_Fire_Hose	</identifier>
				<transform>
					<row0>	0.0000 0.0000 -1.0000 0.0000	</row0>
					<row1>	0.0000 1.0000 0.0000 0.0000	</row1>
					<row2>	1.0000 0.0000 0.0000 0.0000	</row2>
					<row3>	0.2226 0.3378 0.6799 1.0000	</row3>
				</transform>
			</node>
			<node>
				<identifier>	MP_IM032_Fire_Hose_INDEX_1	</identifier>
				<transform>
					<row0>	0.0000 0.0000 1.0000 0.0000	</row0>
					<row1>	0.0000 1.0000 0.0000 0.0000	</row1>
					<row2>	-1.0000 0.0000 0.0000 0.0000	</row2>
					<row3>	-0.2226 0.3378 0.6799 1.0000	</row3>
				</transform>
			</node>
			<node>
				<identifier>	MP_IM032_Fire_Hose_INDEX_2	</identifier>
				<transform>
					<row0>	0.0000 0.0000 1.0000 0.0000	</row0>
					<row1>	0.0000 1.0000 0.0000 0.0000	</row1>
					<row2>	-1.0000 0.0000 0.0000 0.0000	</row2>
					<row3>	-0.2470 0.4776 1.7572 1.0000	</row3>
				</transform>
			</node>
			<node>
				<identifier>	MP_IM032_Fire_Hose_INDEX_3	</identifier>
				<transform>
					<row0>	0.0000 0.0000 -1.0000 0.0000	</row0>
					<row1>	0.0000 1.0000 0.0000 0.0000	</row1>
					<row2>	1.0000 0.0000 0.0000 0.0000	</row2>
					<row3>	0.2470 0.4776 1.7572 1.0000	</row3>
				</transform>
			</node>
			<node>
				<identifier>	MP_IM033_Life_Buoy	</identifier>
				<transform>
					<row0>	0.1181 0.0000 0.9930 0.0000	</row0>
					<row1>	0.0000 1.0000 0.0000 0.0000	</row1>
					<row2>	-0.9930 0.0000 0.1181 0.0000	</row2>
					<row3>	0.1592 0.8126 1.4144 1.0000	</row3>
				</transform>
			</node>
			<node>
				<identifier>	MP_IM033_Life_Buoy_INDEX_1	</identifier>
				<transform>
					<row0>	0.1181 0.0000 -0.9930 0.0000	</row0>
					<row1>	0.0000 1.0000 0.0000 0.0000	</row1>
					<row2>	0.9930 0.0000 0.1181 0.0000	</row2>
					<row3>	-0.1592 0.8126 1.4144 1.0000	</row3>
				</transform>
			</node>
			<node>
				<identifier>	MP_IM033_Life_Buoy_INDEX_2	</identifier>
				<transform>
					<row0>	0.1281 0.0000 -0.9918 0.0000	</row0>
					<row1>	0.0000 1.0000 0.0000 0.0000	</row1>
					<row2>	0.9918 0.0000 0.1281 0.0000	</row2>
					<row3>	-0.1876 0.6638 0.8729 1.0000	</row3>
				</transform>
			</node>
			<node>
				<identifier>	MP_IM033_Life_Buoy_INDEX_3	</identifier>
				<transform>
					<row0>	-0.0303 0.0000 0.9995 0.0000	</row0>
					<row1>	0.0000 1.0000 0.0000 0.0000	</row1>
					<row2>	-0.9995 0.0000 -0.0303 0.0000	</row2>
					<row3>	0.4444 0.5100 1.8566 1.0000	</row3>
				</transform>
			</node>
			<node>
				<identifier>	MP_IM033_Life_Buoy_INDEX_4	</identifier>
				<transform>
					<row0>	-0.0303 0.0000 -0.9995 0.0000	</row0>
					<row1>	0.0000 1.0000 0.0000 0.0000	</row1>
					<row2>	0.9995 0.0000 -0.0303 0.0000	</row2>
					<row3>	-0.4444 0.5100 1.8566 1.0000	</row3>
				</transform>
			</node>
			<node>
				<identifier>	MP_IM033_Life_Buoy_INDEX_5	</identifier>
				<transform>
					<row0>	0.1281 0.0000 0.9918 0.0000	</row0>
					<row1>	0.0000 1.0000 0.0000 0.0000	</row1>
					<row2>	-0.9918 0.0000 0.1281 0.0000	</row2>
					<row3>	0.1876 0.6638 0.8729 1.0000	</row3>
				</transform>
			</node>
			<node>
				<identifier>	MP_IM037_Wind_Direction	</identifier>
				<transform>
					<row0>	0.0000 0.0000 -1.0000 0.0000	</row0>
					<row1>	0.0000 1.0000 0.0000 0.0000	</row1>
					<row2>	1.0000 0.0000 0.0000 0.0000	</row2>
					<row3>	-0.2913 1.3774 1.4193 1.0000	</row3>
				</transform>
			</node>
			<node>
				<identifier>	MP_IM037_Wind_Direction_INDEX_1	</identifier>
				<transform>
					<row0>	0.0000 0.0000 -1.0000 0.0000	</row0>
					<row1>	0.0000 1.0000 0.0000 0.0000	</row1>
					<row2>	1.0000 0.0000 0.0000 0.0000	</row2>
					<row3>	0.2913 1.3774 1.4193 1.0000	</row3>
				</transform>
			</node>
			<node>
				<identifier>	MP_IM505_Baltello_M4_5	</identifier>
				<transform>
					<row0>	1.0000 0.0000 0.0000 0.0000	</row0>
					<row1>	0.0000 1.0000 0.0000 0.0000	</row1>
					<row2>	0.0000 0.0000 1.0000 0.0000	</row2>
					<row3>	-0.3876 0.4435 1.4601 1.0000	</row3>
				</transform>
			</node>
			<node>
				<identifier>	MP_IM505_Baltello_M4_5_INDEX_1	</identifier>
				<transform>
					<row0>	1.0000 0.0000 0.0000 0.0000	</row0>
					<row1>	0.0000 1.0000 0.0000 0.0000	</row1>
					<row2>	0.0000 0.0000 1.0000 0.0000	</row2>
					<row3>	0.3876 0.4435 1.4601 1.0000	</row3>
				</transform>
			</node>
			<node>
				<identifier>	MP_IM600_Pelorus	</identifier>
				<transform>
					<row0>	0.1085 0.0000 -0.9941 0.0000	</row0>
					<row1>	0.0000 1.0000 0.0000 0.0000	</row1>
					<row2>	0.9941 0.0000 0.1085 0.0000	</row2>
					<row3>	-0.2484 0.7404 1.8884 1.0000	</row3>
				</transform>
			</node>
			<node>
				<identifier>	MP_IM600_Pelorus_INDEX_1	</identifier>
				<transform>
					<row0>	0.1085 0.0000 0.9941 0.0000	</row0>
					<row1>	0.0000 1.0000 0.0000 0.0000	</row1>
					<row2>	-0.9941 0.0000 0.1085 0.0000	</row2>
					<row3>	0.2484 0.7404 1.8884 1.0000	</row3>
				</transform>
			</node>
			<node>
				<identifier>	MP_IM608_Antenna	</identifier>
				<transform>
					<row0>	0.0000 0.0000 1.2910 0.0000	</row0>
					<row1>	0.0000 1.2910 0.0000 0.0000	</row1>
					<row2>	-1.2910 0.0000 0.0000 0.0000	</row2>
					<row3>	0.0000 0.9032 2.3099 1.0000	</row3>
				</transform>
			</node>
			<node>
				<identifier>	MP_IM609_VCU	</identifier>
				<transform>
					<row0>	1.0000 0.0000 0.0000 0.0000	</row0>
					<row1>	0.0000 1.0000 0.0000 0.0000	</row1>
					<row2>	0.0000 0.0000 1.0000 0.0000	</row2>
					<row3>	-0.1563 0.9032 2.0914 1.0000	</row3>
				</transform>
			</node>
			<node>
				<identifier>	MP_IM609_VCU_INDEX_1	</identifier>
				<transform>
					<row0>	1.0000 0.0000 0.0000 0.0000	</row0>
					<row1>	0.0000 1.0000 0.0000 0.0000	</row1>
					<row2>	0.0000 0.0000 1.0000 0.0000	</row2>
					<row3>	0.1563 0.9032 2.0914 1.0000	</row3>
				</transform>
			</node>
			<node>
				<identifier>	MP_IM613_Anemometer	</identifier>
				<transform>
					<row0>	1.0000 0.0000 0.0000 0.0000	</row0>
					<row1>	0.0000 1.0000 0.0000 0.0000	</row1>
					<row2>	0.0000 0.0000 1.0000 0.0000	</row2>
					<row3>	0.0000 1.6319 1.4346 1.0000	</row3>
				</transform>
			</node>
			<node>
				<identifier>	MP_IM614_Night_Director	</identifier>
				<transform>
					<row0>	0.0000 0.0000 -1.0000 0.0000	</row0>
					<row1>	0.0000 1.0000 0.0000 0.0000	</row1>
