<VSC003_Hercules_1943_Stern_ports.visual>
	<node>
		<identifier>	Scene Root	</identifier>
		<transform>
			<row0>	1.0000 0.0000 0.0000 0.0000	</row0>
			<row1>	0.0000 1.0000 0.0000 0.0000	</row1>
			<row2>	0.0000 0.0000 1.0000 0.0000	</row2>
			<row3>	0.0000 0.0000 0.0000 1.0000	</row3>
		</transform>
		<node>
			<identifier>	Stern_ports	</identifier>
			<transform>
				<row0>	1.0000 0.0000 0.0000 0.0000	</row0>
				<row1>	0.0000 1.0000 0.0000 0.0000	</row1>
				<row2>	0.0000 0.0000 1.0000 0.0000	</row2>
				<row3>	0.0000 0.0000 0.0000 1.0000	</row3>
			</transform>
			<node>
				<identifier>	HP_FX_Fire_4	</identifier>
				<transform>
					<row0>	1.0000 0.0000 0.0000 0.0000	</row0>
					<row1>	0.0000 1.0000 0.0000 0.0000	</row1>
					<row2>	0.0000 0.0000 1.0000 0.0000	</row2>
					<row3>	0.0000 0.1512 -2.6982 1.0000	</row3>
				</transform>
			</node>
			<node>
				<identifier>	HP_FX_WakeTraceBack	</identifier>
				<transform>
					<row0>	1.0000 0.0000 0.0000 0.0000	</row0>
					<row1>	0.0000 1.0000 0.0000 0.0000	</row1>
					<row2>	0.0000 0.0000 1.0000 0.0000	</row2>
					<row3>	0.0000 0.0000 -2.9572 1.0000	</row3>
				</transform>
			</node>
			<node>
				<identifier>	HP_FX_WakeTrace_screw_1	</identifier>
				<transform>
					<row0>	1.0000 0.0000 0.0000 0.0000	</row0>
					<row1>	0.0000 1.0000 0.0000 0.0000	</row1>
					<row2>	0.0000 0.0000 1.0000 0.0000	</row2>
					<row3>	-0.1423 -0.1904 -2.5496 1.0000	</row3>
				</transform>
			</node>
			<node>
				<identifier>	HP_FX_WakeTrace_screw_2	</identifier>
				<transform>
					<row0>	1.0000 0.0000 0.0000 0.0000	</row0>
					<row1>	0.0000 1.0000 0.0000 0.0000	</row1>
					<row2>	0.0000 0.0000 1.0000 0.0000	</row2>
					<row3>	0.1423 -0.1904 -2.5496 1.0000	</row3>
				</transform>
			</node>
			<node>
				<identifier>	HP_Ship_death_3	</identifier>
				<transform>
					<row0>	1.0000 0.0000 0.0000 0.0000	</row0>
					<row1>	0.0000 1.0000 0.0000 0.0000	</row1>
					<row2>	0.0000 0.0000 1.0000 0.0000	</row2>
					<row3>	0.0000 0.0000 -2.3145 1.0000	</row3>
				</transform>
			</node>
			<node>
				<identifier>	MP_CM126_Cleat	</identifier>
				<transform>
					<row0>	1.0000 0.0000 0.0000 0.0000	</row0>
					<row1>	0.0000 -0.8471 0.5314 0.0000	</row1>
					<row2>	0.0000 -0.5314 -0.8471 0.0000	</row2>
					<row3>	0.1781 0.2853 -2.9277 1.0000	</row3>
				</transform>
			</node>
			<node>
				<identifier>	MP_CM126_Cleat_INDEX_1	</identifier>
				<transform>
					<row0>	1.0000 0.0000 0.0000 0.0000	</row0>
					<row1>	0.0000 -0.8471 0.5314 0.0000	</row1>
					<row2>	0.0000 -0.5314 -0.8471 0.0000	</row2>
					<row3>	-0.1781 0.2853 -2.9277 1.0000	</row3>
				</transform>
			</node>
			<node>
				<identifier>	MP_CM161_Propeller_4_8m_BB_R	</identifier>
				<transform>
					<row0>	0.6102 0.3524 0.0040 0.0000	</row0>
					<row1>	-0.3523 0.6101 -0.0153 0.0000	</row1>
					<row2>	-0.0111 0.0112 0.7045 0.0000	</row2>
					<row3>	0.1423 -0.1904 -2.5496 1.0000	</row3>
				</transform>
			</node>
			<node>
				<identifier>	MP_CM162_Propeller_4_8m_BB_L	</identifier>
				<transform>
					<row0>	0.6102 -0.3524 -0.0040 0.0000	</row0>
					<row1>	0.3523 0.6101 -0.0153 0.0000	</row1>
					<row2>	0.0111 0.0112 0.7045 0.0000	</row2>
					<row3>	-0.1423 -0.1904 -2.5496 1.0000	</row3>
				</transform>
			</node>
			<node>
				<identifier>	MP_VM001_Nueve_de_Julio_arms	</identifier>
				<transform>
					<row0>	-0.7387 0.0000 0.0000 0.0000	</row0>
					<row1>	0.0000 0.7260 -0.1362 0.0000	</row1>
					<row2>	0.0000 -0.1362 -0.7260 0.0000	</row2>
					<row3>	0.0000 0.0773 -3.0292 1.0000	</row3>
				</transform>
			</node>
			<node>
				<identifier>	MP_VM061_Bomb_shelf	</identifier>
				<transform>
					<row0>	-0.0413 -0.0170 0.9990 0.0000	</row0>
					<row1>	-0.0264 0.9995 0.0159 0.0000	</row1>
					<row2>	-0.9988 -0.0257 -0.0417 0.0000	</row2>
					<row3>	-0.2246 0.1367 -2.4580 1.0000	</row3>
				</transform>
			</node>
			<node>
				<identifier>	MP_VM061_Bomb_shelf_INDEX_1	</identifier>
				<transform>
					<row0>	-0.0413 0.0170 -0.9990 0.0000	</row0>
					<row1>	0.0264 0.9995 0.0159 0.0000	</row1>
					<row2>	0.9988 -0.0257 -0.0417 0.0000	</row2>
					<row3>	0.2246 0.1367 -2.4580 1.0000	</row3>
				</transform>
			</node>
			<node>
				<identifier>	MP_VM072_Depth_Charge_Thrower	</identifier>
				<transform>
					<row0>	-0.9999 0.0002 0.0132 0.0000	</row0>
					<row1>	0.0000 0.9999 -0.0146 0.0000	</row1>
					<row2>	-0.0132 -0.0146 -0.9998 0.0000	</row2>
					<row3>	-0.2221 0.1380 -2.5191 1.0000	</row3>
				</transform>
			</node>
			<node>
				<identifier>	MP_VM072_Depth_Charge_Thrower_INDEX_1	</identifier>
				<transform>
					<row0>	0.9998 0.0003 0.0181 0.0000	</row0>
					<row1>	0.0000 0.9999 -0.0146 0.0000	</row1>
					<row2>	-0.0181 0.0146 0.9997 0.0000	</row2>
					<row3>	0.2250 0.1380 -2.5191 1.0000	</row3>
				</transform>
			</node>
			<node>
				<identifier>	MP_VM886_Signal_Lamp	</identifier>
				<transform>
					<row0>	0.6832 0.0000 0.0000 0.0000	</row0>
					<row1>	0.0000 -0.6831 0.0100 0.0000	</row1>
					<row2>	0.0000 -0.0100 -0.6831 0.0000	</row2>
					<row3>	0.0000 0.1492 -3.0176 1.0000	</row3>
				</transform>
			</node>
			<node>
				<identifier>	MP_VM950_Fairlead	</identifier>
				<transform>
					<row0>	0.8044 0.0000 0.0000 0.0000	</row0>
					<row1>	0.0000 0.8044 -0.0118 0.0000	</row1>
					<row2>	0.0000 0.0118 0.8044 0.0000	</row2>
					<row3>	0.0000 0.1496 -3.0276 1.0000	</row3>
				</transform>
			</node>
			<node>
				<identifier>	MP_VM958_Fairlead	</identifier>
				<transform>
					<row0>	1.1102 0.0014 0.0978 0.0000	</row0>
					<row1>	-0.0027 0.8487 0.0181 0.0000	</row1>
					<row2>	-0.0745 -0.0183 0.8454 0.0000	</row2>
					<row3>	-0.2730 0.1399 -2.6348 1.0000	</row3>
				</transform>
			</node>
			<node>
				<identifier>	MP_VM958_Fairlead_INDEX_1	</identifier>
				<transform>
					<row0>	1.1102 -0.0014 -0.0978 0.0000	</row0>
					<row1>	0.0027 0.8487 0.0181 0.0000	</row1>
					<row2>	0.0745 -0.0183 0.8454 0.0000	</row2>
					<row3>	0.2730 0.1399 -2.6348 1.0000	</row3>
				</transform>
			</node>
		</node>
	</node>
	<boundingBox>
		<min>	-0.0667 -0.0667 -0.0667	</min>
		<max>	0.0667 0.0667 0.0667	</max>
	</boundingBox>
</VSC003_Hercules_1943_Stern_ports.visual>
