<RSB011_Vladivostok_1944_Stern_ports.visual>
	<node>
		<identifier>	Scene Root	</identifier>
		<transform>
			<row0>	1.0000 0.0000 0.0000 0.0000	</row0>
			<row1>	0.0000 1.0000 0.0000 0.0000	</row1>
			<row2>	0.0000 0.0000 1.0000 0.0000	</row2>
			<row3>	0.0000 0.0000 0.0000 1.0000	</row3>
		</transform>
		<node>
			<identifier>	Stern_ports	</identifier>
			<transform>
				<row0>	1.0000 0.0000 0.0000 0.0000	</row0>
				<row1>	0.0000 1.0000 0.0000 0.0000	</row1>
				<row2>	0.0000 0.0000 1.0000 0.0000	</row2>
				<row3>	0.0000 0.0000 0.0000 1.0000	</row3>
			</transform>
			<node>
				<identifier>	HP_FX_Death_3	</identifier>
				<transform>
					<row0>	1.0000 0.0000 0.0000 0.0000	</row0>
					<row1>	0.0000 1.0000 0.0000 0.0000	</row1>
					<row2>	0.0000 0.0000 1.0000 0.0000	</row2>
					<row3>	0.0000 0.0000 -5.5169 1.0000	</row3>
				</transform>
			</node>
			<node>
				<identifier>	HP_FX_Fire_4	</identifier>
				<transform>
					<row0>	1.0000 0.0000 0.0000 0.0000	</row0>
					<row1>	0.0000 1.0000 0.0000 0.0000	</row1>
					<row2>	0.0000 0.0000 1.0000 0.0000	</row2>
					<row3>	0.0000 0.2884 -6.6079 1.0000	</row3>
				</transform>
			</node>
			<node>
				<identifier>	HP_FX_Fire_4_side_1	</identifier>
				<transform>
					<row0>	0.9981 0.0000 0.0623 0.0000	</row0>
					<row1>	0.0000 1.0000 0.0000 0.0000	</row1>
					<row2>	-0.0623 0.0000 0.9981 0.0000	</row2>
					<row3>	-0.6340 0.2864 -5.0797 1.0000	</row3>
				</transform>
			</node>
			<node>
				<identifier>	HP_FX_Flood_steam_right	</identifier>
				<transform>
					<row0>	1.0000 0.0000 0.0000 0.0000	</row0>
					<row1>	0.0000 1.0000 0.0000 0.0000	</row1>
					<row2>	0.0000 0.0000 1.0000 0.0000	</row2>
					<row3>	1.0250 0.2142 -5.1625 1.0000	</row3>
				</transform>
			</node>
			<node>
				<identifier>	HP_FX_Flood_water_left	</identifier>
				<transform>
					<row0>	-1.0000 0.0000 0.0000 0.0000	</row0>
					<row1>	0.0000 1.0000 0.0000 0.0000	</row1>
					<row2>	0.0000 0.0000 -1.0000 0.0000	</row2>
					<row3>	-0.8731 0.1216 -6.1565 1.0000	</row3>
				</transform>
			</node>
			<node>
				<identifier>	HP_FX_Flood_water_left_2	</identifier>
				<transform>
					<row0>	-1.0000 0.0000 0.0000 0.0000	</row0>
					<row1>	0.0000 1.0000 0.0000 0.0000	</row1>
					<row2>	0.0000 0.0000 -1.0000 0.0000	</row2>
					<row3>	-0.9624 0.1205 -5.2492 1.0000	</row3>
				</transform>
			</node>
			<node>
				<identifier>	HP_FX_Flood_water_right	</identifier>
				<transform>
					<row0>	1.0000 0.0000 0.0000 0.0000	</row0>
					<row1>	0.0000 1.0000 0.0000 0.0000	</row1>
					<row2>	0.0000 0.0000 1.0000 0.0000	</row2>
					<row3>	0.8729 0.1199 -6.1558 1.0000	</row3>
				</transform>
			</node>
			<node>
				<identifier>	HP_FX_Flood_water_right_2	</identifier>
				<transform>
					<row0>	1.0000 0.0000 0.0000 0.0000	</row0>
					<row1>	0.0000 1.0000 0.0000 0.0000	</row1>
					<row2>	0.0000 0.0000 1.0000 0.0000	</row2>
					<row3>	0.9623 0.1201 -5.2496 1.0000	</row3>
				</transform>
			</node>
			<node>
				<identifier>	HP_FX_RepairLight_left_2	</identifier>
				<transform>
					<row0>	-0.0393 0.0000 0.9992 0.0000	</row0>
					<row1>	-0.2169 0.9762 -0.0085 0.0000	</row1>
					<row2>	-0.9754 -0.2171 -0.0383 0.0000	</row2>
					<row3>	-1.0369 0.2466 -4.8237 1.0000	</row3>
				</transform>
			</node>
			<node>
				<identifier>	HP_FX_RepairLight_right_2	</identifier>
				<transform>
					<row0>	-0.0393 0.0000 -0.9992 0.0000	</row0>
					<row1>	0.2169 0.9762 -0.0085 0.0000	</row1>
					<row2>	0.9754 -0.2171 -0.0383 0.0000	</row2>
					<row3>	1.0563 0.2476 -4.3371 1.0000	</row3>
				</transform>
			</node>
			<node>
				<identifier>	HP_FX_WakeTraceBack	</identifier>
				<transform>
					<row0>	1.0000 0.0000 0.0000 0.0000	</row0>
					<row1>	0.0000 1.0000 0.0000 0.0000	</row1>
					<row2>	0.0000 0.0000 1.0000 0.0000	</row2>
					<row3>	0.0000 0.0000 -8.2238 1.0000	</row3>
				</transform>
			</node>
			<node>
				<identifier>	HP_FX_WakeTrace_screw_1	</identifier>
				<transform>
					<row0>	1.0000 0.0000 0.0000 0.0000	</row0>
					<row1>	0.0000 1.0000 0.0000 0.0000	</row1>
					<row2>	0.0000 0.0000 1.0000 0.0000	</row2>
					<row3>	-0.6313 -0.4644 -6.1556 1.0000	</row3>
				</transform>
			</node>
			<node>
				<identifier>	HP_FX_WakeTrace_screw_2	</identifier>
				<transform>
					<row0>	1.0000 0.0000 0.0000 0.0000	</row0>
					<row1>	0.0000 1.0000 0.0000 0.0000	</row1>
					<row2>	0.0000 0.0000 1.0000 0.0000	</row2>
					<row3>	0.0000 -0.4649 -7.3165 1.0000	</row3>
				</transform>
			</node>
			<node>
				<identifier>	HP_FX_WakeTrace_screw_3	</identifier>
				<transform>
					<row0>	1.0000 0.0000 0.0000 0.0000	</row0>
					<row1>	0.0000 1.0000 0.0000 0.0000	</row1>
					<row2>	0.0000 0.0000 1.0000 0.0000	</row2>
					<row3>	0.6313 -0.4644 -6.1556 1.0000	</row3>
				</transform>
			</node>
			<node>
				<identifier>	HP_RC_1	</identifier>
				<transform>
					<row0>	0.0000 0.0000 -1.0000 0.0000	</row0>
					<row1>	0.0000 1.0000 0.0000 0.0000	</row1>
					<row2>	1.0000 0.0000 0.0000 0.0000	</row2>
					<row3>	0.0000 0.3087 -7.6063 1.0000	</row3>
				</transform>
			</node>
			<node>
				<identifier>	HP_RGA_10	</identifier>
				<transform>
					<row0>	0.0000 0.0000 -1.0000 0.0000	</row0>
					<row1>	0.0000 1.0000 0.0000 0.0000	</row1>
					<row2>	1.0000 0.0000 0.0000 0.0000	</row2>
					<row3>	0.6511 0.2600 -3.8542 1.0000	</row3>
				</transform>
			</node>
			<node>
				<identifier>	HP_RGA_11	</identifier>
				<transform>
					<row0>	-0.7071 0.0000 0.7071 0.0000	</row0>
					<row1>	0.0000 1.0000 0.0000 0.0000	</row1>
					<row2>	-0.7071 0.0000 -0.7071 0.0000	</row2>
					<row3>	-0.6511 0.2600 -4.3553 1.0000	</row3>
				</transform>
			</node>
			<node>
				<identifier>	HP_RGA_12	</identifier>
				<transform>
					<row0>	-0.7071 0.0000 -0.7071 0.0000	</row0>
					<row1>	0.0000 1.0000 0.0000 0.0000	</row1>
					<row2>	0.7071 0.0000 -0.7071 0.0000	</row2>
					<row3>	0.6511 0.2600 -4.3553 1.0000	</row3>
				</transform>
			</node>
			<node>
				<identifier>	HP_RGA_9	</identifier>
				<transform>
					<row0>	0.0000 0.0000 1.0000 0.0000	</row0>
					<row1>	0.0000 1.0000 0.0000 0.0000	</row1>
					<row2>	-1.0000 0.0000 0.0000 0.0000	</row2>
					<row3>	-0.6511 0.2600 -3.8542 1.0000	</row3>
				</transform>
			</node>
			<node>
				<identifier>	HP_RGM_3	</identifier>
				<transform>
					<row0>	-1.0000 0.0000 0.0000 0.0000	</row0>
					<row1>	0.0000 1.0000 0.0000 0.0000	</row1>
					<row2>	0.0000 0.0000 -1.0000 0.0000	</row2>
					<row3>	0.0000 0.4682 -4.3047 1.0000	</row3>
				</transform>
			</node>
			<node>
				<identifier>	HP_Ship_death_3	</identifier>
				<transform>
					<row0>	1.0000 0.0000 0.0000 0.0000	</row0>
					<row1>	0.0000 1.0000 0.0000 0.0000	</row1>
					<row2>	0.0000 0.0000 1.0000 0.0000	</row2>
					<row3>	0.0000 0.0000 -3.7925 1.0000	</row3>
				</transform>
			</node>
			<node>
				<identifier>	MP_CM001_Propeller3_L	</identifier>
				<transform>
					<row0>	1.4253 0.0000 -0.0734 0.0000	</row0>
					<row1>	0.0000 1.4272 0.0000 0.0000	</row1>
					<row2>	0.0734 0.0000 1.4253 0.0000	</row2>
					<row3>	-0.6313 -0.4644 -6.1556 1.0000	</row3>
				</transform>
			</node>
			<node>
				<identifier>	MP_CM011_Fire_Fighting_Gear	</identifier>
				<transform>
					<row0>	-1.0000 0.0000 0.0000 0.0000	</row0>
					<row1>	0.0000 1.0000 0.0000 0.0000	</row1>
					<row2>	0.0000 0.0000 -1.0000 0.0000	</row2>
					<row3>	0.2340 0.2588 -6.8737 1.0000	</row3>
				</transform>
			</node>
			<node>
				<identifier>	MP_CM011_Fire_Fighting_Gear_INDEX_1	</identifier>
				<transform>
					<row0>	0.0000 0.0000 1.0000 0.0000	</row0>
					<row1>	0.0000 1.0000 0.0000 0.0000	</row1>
					<row2>	-1.0000 0.0000 0.0000 0.0000	</row2>
					<row3>	-0.5704 0.2588 -5.0521 1.0000	</row3>
				</transform>
			</node>
			<node>
				<identifier>	MP_CM011_Fire_Fighting_Gear_INDEX_2	</identifier>
				<transform>
					<row0>	0.0000 0.0000 -1.0000 0.0000	</row0>
					<row1>	0.0000 1.0000 0.0000 0.0000	</row1>
					<row2>	1.0000 0.0000 0.0000 0.0000	</row2>
					<row3>	-0.1284 0.2588 -8.1781 1.0000	</row3>
				</transform>
			</node>
			<node>
				<identifier>	MP_CM011_Fire_Fighting_Gear_INDEX_3	</identifier>
				<transform>
					<row0>	0.0000 0.0000 1.0000 0.0000	</row0>
					<row1>	0.0000 1.0000 0.0000 0.0000	</row1>
					<row2>	-1.0000 0.0000 0.0000 0.0000	</row2>
					<row3>	0.1284 0.2588 -8.1781 1.0000	</row3>
				</transform>
			</node>
			<node>
				<identifier>	MP_CM011_Fire_Fighting_Gear_INDEX_4	</identifier>
				<transform>
					<row0>	0.0000 0.0000 -1.0000 0.0000	</row0>
					<row1>	0.0000 1.0000 0.0000 0.0000	</row1>
					<row2>	1.0000 0.0000 0.0000 0.0000	</row2>
					<row3>	-0.3727 0.2598 -4.5137 1.0000	</row3>
				</transform>
			</node>
			<node>
				<identifier>	MP_CM011_Fire_Fighting_Gear_INDEX_5	</identifier>
				<transform>
					<row0>	-1.0000 0.0000 0.0000 0.0000	</row0>
					<row1>	0.0000 1.0000 0.0000 0.0000	</row1>
					<row2>	0.0000 0.0000 -1.0000 0.0000	</row2>
					<row3>	-0.2340 0.2588 -6.8737 1.0000	</row3>
				</transform>
			</node>
			<node>
				<identifier>	MP_CM011_Fire_Fighting_Gear_INDEX_6	</identifier>
				<transform>
					<row0>	0.0000 0.0000 1.0000 0.0000	</row0>
					<row1>	0.0000 1.0000 0.0000 0.0000	</row1>
					<row2>	-1.0000 0.0000 0.0000 0.0000	</row2>
					<row3>	0.3727 0.2598 -4.5137 1.0000	</row3>
				</transform>
			</node>
			<node>
				<identifier>	MP_CM011_Fire_Fighting_Gear_INDEX_7	</identifier>
				<transform>
					<row0>	0.0000 0.0000 -1.0000 0.0000	</row0>
					<row1>	0.0000 1.0000 0.0000 0.0000	</row1>
					<row2>	1.0000 0.0000 0.0000 0.0000	</row2>
					<row3>	0.5704 0.2588 -5.0521 1.0000	</row3>
				</transform>
			</node>
			<node>
				<identifier>	MP_CM030_Swab_Rack_2	</identifier>
				<transform>
					<row0>	-0.2924 0.0000 -0.9563 0.0000	</row0>
					<row1>	0.0000 1.0000 0.0000 0.0000	</row1>
					<row2>	0.9563 0.0000 -0.2924 0.0000	</row2>
					<row3>	0.3923 0.2582 -4.4304 1.0000	</row3>
				</transform>
			</node>
			<node>
				<identifier>	MP_CM030_Swab_Rack_2_INDEX_1	</identifier>
				<transform>
					<row0>	-0.2924 0.0000 0.9563 0.0000	</row0>
					<row1>	0.0000 1.0000 0.0000 0.0000	</row1>
					<row2>	-0.9563 0.0000 -0.2924 0.0000	</row2>
					<row3>	-0.3923 0.2582 -4.4304 1.0000	</row3>
				</transform>
			</node>
			<node>
				<identifier>	MP_CM032_Propeller3_R	</identifier>
				<transform>
					<row0>	1.4270 0.0000 0.0000 0.0000	</row0>
					<row1>	0.0000 1.4270 0.0000 0.0000	</row1>
					<row2>	0.0000 0.0000 1.4270 0.0000	</row2>
					<row3>	0.0000 -0.4649 -7.3165 1.0000	</row3>
				</transform>
			</node>
			<node>
				<identifier>	MP_CM032_Propeller3_R_INDEX_1	</identifier>
				<transform>
					<row0>	1.4253 0.0000 0.0734 0.0000	</row0>
					<row1>	0.0000 1.4272 0.0000 0.0000	</row1>
					<row2>	-0.0734 0.0000 1.4253 0.0000	</row2>
					<row3>	0.6313 -0.4644 -6.1556 1.0000	</row3>
				</transform>
			</node>
			<node>
				<identifier>	MP_CM137_Anchor_Up	</identifier>
				<transform>
					<row0>	0.7336 -0.3368 0.2320 0.0000	</row0>
					<row1>	0.1480 0.6385 0.4591 0.0000	</row1>
					<row2>	-0.3783 -0.3780 0.6476 0.0000	</row2>
					<row3>	0.0299 0.0929 -8.2883 1.0000	</row3>
				</transform>
			</node>
			<node>
				<identifier>	MP_CM138_Anchor_Bottom	</identifier>
				<transform>
					<row0>	0.7223 -0.3664 0.2225 0.0000	</row0>
					<row1>	0.3475 0.7557 0.1163 0.0000	</row1>
					<row2>	-0.2509 -0.0080 0.8015 0.0000	</row2>
					<row3>	0.0299 0.0929 -8.2883 1.0000	</row3>
				</transform>
			</node>
			<node>
				<identifier>	MP_RM003_Yawl_20ft	</identifier>
				<transform>
					<row0>	0.9990 0.0000 0.0436 0.0000	</row0>
					<row1>	0.0000 1.0000 0.0000 0.0000	</row1>
					<row2>	-0.0436 0.0000 0.9990 0.0000	</row2>
					<row3>	-0.9846 0.2962 -4.1010 1.0000	</row3>
				</transform>
			</node>
			<node>
				<identifier>	MP_RM003_Yawl_20ft_INDEX_1	</identifier>
				<transform>
					<row0>	0.9990 0.0000 -0.0436 0.0000	</row0>
					<row1>	0.0000 1.0000 0.0000 0.0000	</row1>
					<row2>	0.0436 0.0000 0.9990 0.0000	</row2>
					<row3>	0.9846 0.2962 -4.1010 1.0000	</row3>
				</transform>
			</node>
			<node>
				<identifier>	MP_RM021_Screened_speed_light	</identifier>
				<transform>
					<row0>	-1.0000 0.0000 0.0000 0.0000	</row0>
					<row1>	0.0000 1.0000 0.0000 0.0000	</row1>
					<row2>	0.0000 0.0000 -1.0000 0.0000	</row2>
					<row3>	0.0000 0.3310 -8.3321 1.0000	</row3>
				</transform>
			</node>
			<node>
				<identifier>	MP_RM028_Signal_Lamp	</identifier>
				<transform>
					<row0>	1.0000 0.0000 0.0000 0.0000	</row0>
					<row1>	0.0000 1.0000 0.0000 0.0000	</row1>
					<row2>	0.0000 0.0000 1.0000 0.0000	</row2>
					<row3>	0.0000 0.2969 -8.3285 1.0000	</row3>
				</transform>
			</node>
			<node>
				<identifier>	MP_RM061_Basket_Rope	</identifier>
				<transform>
					<row0>	0.9732 0.0000 0.2301 0.0000	</row0>
					<row1>	0.0000 1.0000 0.0000 0.0000	</row1>
					<row2>	-0.2301 0.0000 0.9732 0.0000	</row2>
					<row3>	-0.7520 0.2587 -6.9490 1.0000	</row3>
				</transform>
			</node>
			<node>
				<identifier>	MP_RM061_Basket_Rope_INDEX_1	</identifier>
				<transform>
					<row0>	0.9732 0.0000 -0.2301 0.0000	</row0>
					<row1>	0.0000 1.0000 0.0000 0.0000	</row1>
					<row2>	0.2301 0.0000 0.9732 0.0000	</row2>
					<row3>	0.7520 0.2587 -6.9490 1.0000	</row3>
				</transform>
			</node>
			<node>
				<identifier>	MP_RM061_Basket_Rope_INDEX_2	</identifier>
				<transform>
					<row0>	0.9999 -0.0168 0.0000 0.0000	</row0>
					<row1>	0.0168 0.9999 0.0000 0.0000	</row1>
					<row2>	0.0000 0.0000 1.0000 0.0000	</row2>
					<row3>	1.0328 0.2587 -3.8469 1.0000	</row3>
				</transform>
			</node>
			<node>
				<identifier>	MP_RM061_Basket_Rope_INDEX_3	</identifier>
				<transform>
					<row0>	0.9999 -0.0168 0.0000 0.0000	</row0>
					<row1>	0.0168 0.9999 0.0000 0.0000	</row1>
					<row2>	0.0000 0.0000 1.0000 0.0000	</row2>
					<row3>	0.9904 0.2587 -4.8674 1.0000	</row3>
				</transform>
			</node>
			<node>
				<identifier>	MP_RM061_Basket_Rope_INDEX_4	</identifier>
				<transform>
					<row0>	0.9999 0.0168 0.0000 0.0000	</row0>
					<row1>	-0.0168 0.9999 0.0000 0.0000	</row1>
					<row2>	0.0000 0.0000 1.0000 0.0000	</row2>
					<row3>	-0.9904 0.2587 -4.8674 1.0000	</row3>
				</transform>
			</node>
			<node>
				<identifier>	MP_RM061_Basket_Rope_INDEX_5	</identifier>
				<transform>
					<row0>	0.9999 0.0168 0.0000 0.0000	</row0>
					<row1>	-0.0168 0.9999 0.0000 0.0000	</row1>
					<row2>	0.0000 0.0000 1.0000 0.0000	</row2>
					<row3>	-1.0328 0.2587 -3.8469 1.0000	</row3>
				</transform>
			</node>
			<node>
				<identifier>	MP_RM145_Turtles_Box	</identifier>
				<transform>
					<row0>	0.4605 0.0000 -0.8877 0.0000	</row0>
					<row1>	0.0000 1.0000 0.0000 0.0000	</row1>
					<row2>	0.8877 0.0000 0.4605 0.0000	</row2>
					<row3>	0.3716 0.2880 -4.1217 1.0000	</row3>
				</transform>
			</node>
			<node>
				<identifier>	MP_RM145_Turtles_Box_INDEX_1	</identifier>
				<transform>
					<row0>	0.4605 0.0000 0.8877 0.0000	</row0>
					<row1>	0.0000 1.0000 0.0000 0.0000	</row1>
					<row2>	-0.8877 0.0000 0.4605 0.0000	</row2>
					<row3>	-0.3716 0.2880 -4.1217 1.0000	</row3>
				</transform>
			</node>
			<node>
				<identifier>	MP_RM214_Life_Buoy	</identifier>
				<transform>
					<row0>	0.1430 0.0000 0.9897 0.0000	</row0>
					<row1>	0.0000 1.0000 0.0000 0.0000	</row1>
					<row2>	-0.9897 0.0000 0.1430 0.0000	</row2>
					<row3>	0.8486 0.3291 -6.5051 1.0000	</row3>
				</transform>
			</node>
			<node>
				<identifier>	MP_RM214_Life_Buoy_INDEX_1	</identifier>
				<transform>
					<row0>	0.1430 0.0000 -0.9897 0.0000	</row0>
					<row1>	0.0000 1.0000 0.0000 0.0000	</row1>
					<row2>	0.9897 0.0000 0.1430 0.0000	</row2>
					<row3>	-0.8486 0.3291 -6.5051 1.0000	</row3>
				</transform>
			</node>
			<node>
				<identifier>	MP_RM249_Coat_of_Arms_USSR	</identifier>
				<transform>
					<row0>	-1.5000 0.0000 0.0000 0.0000	</row0>
					<row1>	0.0000 1.3873 -0.5704 0.0000	</row1>
					<row2>	0.0000 -0.5704 -1.3873 0.0000	</row2>
					<row3>	0.0000 0.2177 -8.2903 1.0000	</row3>
				</transform>
			</node>
			<node>
				<identifier>	MP_RM261_Captain_cutter_KC_26_12m	</identifier>
				<transform>
					<row0>	1.0000 0.0000 0.0000 0.0000	</row0>
					<row1>	0.0000 1.0000 0.0000 0.0000	</row1>
					<row2>	0.0000 0.0000 1.0000 0.0000	</row2>
					<row3>	-0.4812 0.2666 -5.4194 1.0000	</row3>
				</transform>
			</node>
			<node>
				<identifier>	MP_RM261_Captain_cutter_KC_26_12m_INDEX_1	</identifier>
				<transform>
					<row0>	1.0000 0.0000 0.0000 0.0000	</row0>
					<row1>	0.0000 1.0000 0.0000 0.0000	</row1>
					<row2>	0.0000 0.0000 1.0000 0.0000	</row2>
					<row3>	0.4812 0.2666 -5.4194 1.0000	</row3>
				</transform>
			</node>
			<node>
				<identifier>	MP_RM292_Reel	</identifier>
				<transform>
					<row0>	-1.0000 0.0000 0.0000 0.0000	</row0>
					<row1>	0.0000 1.0000 0.0000 0.0000	</row1>
					<row2>	0.0000 0.0000 -1.0000 0.0000	</row2>
					<row3>	0.2015 0.2578 -5.4551 1.0000	</row3>
				</transform>
			</node>
			<node>
				<identifier>	MP_RM292_Reel_INDEX_1	</identifier>
				<transform>
					<row0>	-0.8000 0.0000 0.0000 0.0000	</row0>
					<row1>	0.0000 0.8000 0.0000 0.0000	</row1>
					<row2>	0.0000 0.0000 -0.8000 0.0000	</row2>
					<row3>	0.2540 0.2578 -5.1508 1.0000	</row3>
				</transform>
			</node>
			<node>
				<identifier>	MP_RM292_Reel_INDEX_2	</identifier>
				<transform>
					<row0>	-0.8000 0.0000 0.0000 0.0000	</row0>
					<row1>	0.0000 0.8000 0.0000 0.0000	</row1>
					<row2>	0.0000 0.0000 -0.8000 0.0000	</row2>
					<row3>	0.0780 0.2578 -5.1508 1.0000	</row3>
				</transform>
			</node>
			<node>
				<identifier>	MP_RM292_Reel_INDEX_3	</identifier>
				<transform>
					<row0>	-1.0000 0.0000 0.0000 0.0000	</row0>
					<row1>	0.0000 1.0000 0.0000 0.0000	</row1>
					<row2>	0.0000 0.0000 -1.0000 0.0000	</row2>
					<row3>	-0.2015 0.2578 -5.4551 1.0000	</row3>
				</transform>
			</node>
			<node>
				<identifier>	MP_RM292_Reel_INDEX_4	</identifier>
				<transform>
					<row0>	-0.8000 0.0000 0.0000 0.0000	</row0>
					<row1>	0.0000 0.8000 0.0000 0.0000	</row1>
					<row2>	0.0000 0.0000 -0.8000 0.0000	</row2>
					<row3>	-0.2540 0.2578 -5.1508 1.0000	</row3>
				</transform>
			</node>
			<node>
				<identifier>	MP_RM292_Reel_INDEX_5	</identifier>
				<transform>
					<row0>	-0.8000 0.0000 0.0000 0.0000	</row0>
					<row1>	0.0000 0.8000 0.0000 0.0000	</row1>
					<row2>	0.0000 0.0000 -0.8000 0.0000	</row2>
					<row3>	-0.0780 0.2578 -5.1508 1.0000	</row3>
				</transform>
			</node>
			<node>
				<identifier>	MP_RM348_Ventilation_2	</identifier>
				<transform>
					<row0>	1.1000 0.0000 0.0000 0.0000	</row0>
					<row1>	0.0000 1.1000 0.0000 0.0000	</row1>
					<row2>	0.0000 0.0000 1.1000 0.0000	</row2>
					<row3>	-0.5244 0.2596 -7.9322 1.0000	</row3>
				</transform>
			</node>
			<node>
				<identifier>	MP_RM348_Ventilation_2_INDEX_1	</identifier>
				<transform>
					<row0>	1.1000 0.0000 0.0000 0.0000	</row0>
					<row1>	0.0000 1.1000 0.0000 0.0000	</row1>
					<row2>	0.0000 0.0000 1.1000 0.0000	</row2>
					<row3>	0.1762 0.2596 -7.6813 1.0000	</row3>
				</transform>
			</node>
			<node>
				<identifier>	MP_RM348_Ventilation_2_INDEX_10	</identifier>
				<transform>
					<row0>	1.1000 0.0000 0.0000 0.0000	</row0>
					<row1>	0.0000 1.1000 0.0000 0.0000	</row1>
					<row2>	0.0000 0.0000 1.1000 0.0000	</row2>
					<row3>	0.4339 0.2596 -4.2252 1.0000	</row3>
				</transform>
			</node>
			<node>
				<identifier>	MP_RM348_Ventilation_2_INDEX_11	</identifier>
				<transform>
					<row0>	1.1000 0.0000 0.0000 0.0000	</row0>
					<row1>	0.0000 1.1000 0.0000 0.0000	</row1>
					<row2>	0.0000 0.0000 1.1000 0.0000	</row2>
					<row3>	-0.0267 0.2596 -4.7406 1.0000	</row3>
				</transform>
			</node>
			<node>
				<identifier>	MP_RM348_Ventilation_2_INDEX_12	</identifier>
				<transform>
					<row0>	1.1000 0.0000 0.0000 0.0000	</row0>
					<row1>	0.0000 1.1000 0.0000 0.0000	</row1>
					<row2>	0.0000 0.0000 1.1000 0.0000	</row2>
					<row3>	0.1264 0.2596 -7.7508 1.0000	</row3>
				</transform>
			</node>
			<node>
				<identifier>	MP_RM348_Ventilation_2_INDEX_13	</identifier>
				<transform>
					<row0>	1.1000 0.0000 0.0000 0.0000	</row0>
					<row1>	0.0000 1.1000 0.0000 0.0000	</row1>
					<row2>	0.0000 0.0000 1.1000 0.0000	</row2>
					<row3>	0.0267 0.2596 -4.7406 1.0000	</row3>
				</transform>
			</node>
			<node>
				<identifier>	MP_RM348_Ventilation_2_INDEX_2	</identifier>
				<transform>
					<row0>	1.1000 0.0000 0.0000 0.0000	</row0>
					<row1>	0.0000 1.1000 0.0000 0.0000	</row1>
					<row2>	0.0000 0.0000 1.1000 0.0000	</row2>
					<row3>	0.5244 0.2596 -7.9322 1.0000	</row3>
				</transform>
			</node>
			<node>
				<identifier>	MP_RM348_Ventilation_2_INDEX_3	</identifier>
				<transform>
					<row0>	1.1000 0.0000 0.0000 0.0000	</row0>
					<row1>	0.0000 1.1000 0.0000 0.0000	</row1>
					<row2>	0.0000 0.0000 1.1000 0.0000	</row2>
					<row3>	-0.4339 0.2596 -4.2252 1.0000	</row3>
				</transform>
			</node>
			<node>
				<identifier>	MP_RM348_Ventilation_2_INDEX_4	</identifier>
				<transform>
					<row0>	1.1000 0.0000 0.0000 0.0000	</row0>
					<row1>	0.0000 1.1000 0.0000 0.0000	</row1>
					<row2>	0.0000 0.0000 1.1000 0.0000	</row2>
					<row3>	-0.2250 0.2596 -8.1805 1.0000	</row3>
				</transform>
			</node>
			<node>
				<identifier>	MP_RM348_Ventilation_2_INDEX_5	</identifier>
				<transform>
					<row0>	1.1000 0.0000 0.0000 0.0000	</row0>
					<row1>	0.0000 1.1000 0.0000 0.0000	</row1>
					<row2>	0.0000 0.0000 1.1000 0.0000	</row2>
					<row3>	-0.2251 0.2596 -6.6291 1.0000	</row3>
				</transform>
			</node>
			<node>
				<identifier>	MP_RM348_Ventilation_2_INDEX_6	</identifier>
				<transform>
					<row0>	1.1000 0.0000 0.0000 0.0000	</row0>
					<row1>	0.0000 1.1000 0.0000 0.0000	</row1>
					<row2>	0.0000 0.0000 1.1000 0.0000	</row2>
					<row3>	-0.1762 0.2596 -7.6813 1.0000	</row3>
				</transform>
			</node>
			<node>
				<identifier>	MP_RM348_Ventilation_2_INDEX_7	</identifier>
				<transform>
					<row0>	1.1000 0.0000 0.0000 0.0000	</row0>
					<row1>	0.0000 1.1000 0.0000 0.0000	</row1>
					<row2>	0.0000 0.0000 1.1000 0.0000	</row2>
					<row3>	0.2250 0.2596 -8.1805 1.0000	</row3>
				</transform>
			</node>
			<node>
				<identifier>	MP_RM348_Ventilation_2_INDEX_8	</identifier>
				<transform>
					<row0>	1.1000 0.0000 0.0000 0.0000	</row0>
					<row1>	0.0000 1.1000 0.0000 0.0000	</row1>
					<row2>	0.0000 0.0000 1.1000 0.0000	</row2>
					<row3>	0.2251 0.2596 -6.6291 1.0000	</row3>
				</transform>
			</node>
			<node>
				<identifier>	MP_RM348_Ventilation_2_INDEX_9	</identifier>
				<transform>
					<row0>	1.1000 0.0000 0.0000 0.0000	</row0>
					<row1>	0.0000 1.1000 0.0000 0.0000	</row1>
					<row2>	0.0000 0.0000 1.1000 0.0000	</row2>
					<row3>	-0.1264 0.2596 -7.7508 1.0000	</row3>
				</transform>
			</node>
			<node>
				<identifier>	MP_RM349_Ventilation_3	</identifier>
				<transform>
					<row0>	1.1000 0.0000 0.0000 0.0000	</row0>
					<row1>	0.0000 1.1000 0.0000 0.0000	</row1>
					<row2>	0.0000 0.0000 1.1000 0.0000	</row2>
					<row3>	-0.4243 0.2595 -4.1675 1.0000	</row3>
				</transform>
			</node>
			<node>
				<identifier>	MP_RM349_Ventilation_3_INDEX_1	</identifier>
				<transform>
					<row0>	1.1000 0.0000 0.0000 0.0000	</row0>
					<row1>	0.0000 1.1000 0.0000 0.0000	</row1>
					<row2>	0.0000 0.0000 1.1000 0.0000	</row2>
					<row3>	0.4243 0.2595 -4.1675 1.0000	</row3>
				</transform>
			</node>
			<node>
				<identifier>	MP_RM349_Ventilation_3_INDEX_2	</identifier>
				<transform>
					<row0>	1.1000 0.0000 0.0000 0.0000	</row0>
					<row1>	0.0000 1.1000 0.0000 0.0000	</row1>
					<row2>	0.0000 0.0000 1.1000 0.0000	</row2>
					<row3>	0.2250 0.2595 -6.4770 1.0000	</row3>
				</transform>
			</node>
			<node>
				<identifier>	MP_RM349_Ventilation_3_INDEX_3	</identifier>
				<transform>
					<row0>	1.1000 0.0000 0.0000 0.0000	</row0>
					<row1>	0.0000 1.1000 0.0000 0.0000	</row1>
					<row2>	0.0000 0.0000 1.1000 0.0000	</row2>
					<row3>	0.5260 0.2595 -4.9449 1.0000	</row3>
				</transform>
			</node>
			<node>
				<identifier>	MP_RM349_Ventilation_3_INDEX_4	</identifier>
				<transform>
					<row0>	1.1000 0.0000 0.0000 0.0000	</row0>
					<row1>	0.0000 1.1000 0.0000 0.0000	</row1>
					<row2>	0.0000 0.0000 1.1000 0.0000	</row2>
					<row3>	0.6282 0.2595 -7.3635 1.0000	</row3>
				</transform>
			</node>
			<node>
				<identifier>	MP_RM349_Ventilation_3_INDEX_5	</identifier>
				<transform>
					<row0>	1.1000 0.0000 0.0000 0.0000	</row0>
					<row1>	0.0000 1.1000 0.0000 0.0000	</row1>
					<row2>	0.0000 0.0000 1.1000 0.0000	</row2>
					<row3>	-0.0758 0.2595 -5.5505 1.0000	</row3>
				</transform>
			</node>
			<node>
				<identifier>	MP_RM349_Ventilation_3_INDEX_6	</identifier>
				<transform>
					<row0>	1.1000 0.0000 0.0000 0.0000	</row0>
					<row1>	0.0000 1.1000 0.0000 0.0000	</row1>
					<row2>	0.0000 0.0000 1.1000 0.0000	</row2>
					<row3>	0.0758 0.2595 -5.5505 1.0000	</row3>
				</transform>
			</node>
			<node>
				<identifier>	MP_RM349_Ventilation_3_INDEX_7	</identifier>
				<transform>
					<row0>	1.1000 0.0000 0.0000 0.0000	</row0>
					<row1>	0.0000 1.1000 0.0000 0.0000	</row1>
					<row2>	0.0000 0.0000 1.1000 0.0000	</row2>
					<row3>	-0.6282 0.2595 -7.3635 1.0000	</row3>
				</transform>
			</node>
			<node>
				<identifier>	MP_RM349_Ventilation_3_INDEX_8	</identifier>
				<transform>
					<row0>	1.1000 0.0000 0.0000 0.0000	</row0>
					<row1>	0.0000 1.1000 0.0000 0.0000	</row1>
					<row2>	0.0000 0.0000 1.1000 0.0000	</row2>
					<row3>	-0.5260 0.2595 -4.9449 1.0000	</row3>
				</transform>
			</node>
			<node>
				<identifier>	MP_RM349_Ventilation_3_INDEX_9	</identifier>
				<transform>
					<row0>	1.1000 0.0000 0.0000 0.0000	</row0>
					<row1>	0.0000 1.1000 0.0000 0.0000	</row1>
					<row2>	0.0000 0.0000 1.1000 0.0000	</row2>
					<row3>	-0.2250 0.2595 -6.4770 1.0000	</row3>
				</transform>
			</node>
			<node>
				<identifier>	MP_RM358_Bell	</identifier>
				<transform>
					<row0>	-0.7724 0.0000 0.6351 0.0000	</row0>
					<row1>	0.0000 1.0000 0.0000 0.0000	</row1>
					<row2>	-0.6351 0.0000 -0.7724 0.0000	</row2>
					<row3>	-0.2632 0.4311 -4.6205 1.0000	</row3>
				</transform>
			</node>
			<node>
				<identifier>	MP_RM408_Airplane_Crane_Bottom	</identifier>
				<transform>
					<row0>	-0.9978 0.0000 0.0667 0.0000	</row0>
					<row1>	0.0000 1.0000 0.0000 0.0000	</row1>
					<row2>	-0.0667 0.0000 -0.9978 0.0000	</row2>
					<row3>	0.5538 0.2608 -6.2579 1.0000	</row3>
				</transform>
			</node>
			<node>
				<identifier>	MP_RM408_Airplane_Crane_Bottom_INDEX_1	</identifier>
				<transform>
					<row0>	-0.9978 0.0000 -0.0667 0.0000	</row0>
					<row1>	0.0000 1.0000 0.0000 0.0000	</row1>
					<row2>	0.0667 0.0000 -0.9978 0.0000	</row2>
					<row3>	-0.5538 0.2608 -6.2579 1.0000	</row3>
				</transform>
			</node>
			<node>
				<identifier>	MP_RM409_Airplane_Crane_Top	</identifier>
				<transform>
					<row0>	-0.9978 0.0000 -0.0667 0.0000	</row0>
					<row1>	0.0000 1.0000 0.0000 0.0000	</row1>
					<row2>	0.0667 0.0000 -0.9978 0.0000	</row2>
					<row3>	-0.5494 0.2934 -6.3235 1.0000	</row3>
				</transform>
			</node>
			<node>
				<identifier>	MP_RM409_Airplane_Crane_Top_INDEX_1	</identifier>
				<transform>
					<row0>	-0.9978 0.0000 0.0667 0.0000	</row0>
					<row1>	0.0000 1.0000 0.0000 0.0000	</row1>
					<row2>	-0.0667 0.0000 -0.9978 0.0000	</row2>
					<row3>	0.5494 0.2934 -6.3235 1.0000	</row3>
				</transform>
			</node>
			<node>
				<identifier>	MP_RM423_Cart_406mm	</identifier>
				<transform>
					<row0>	1.0000 0.0000 0.0000 0.0000	</row0>
					<row1>	0.0000 1.0000 0.0000 0.0000	</row1>
					<row2>	0.0000 0.0000 1.0000 0.0000	</row2>
					<row3>	-0.8355 0.2593 -4.6689 1.0000	</row3>
				</transform>
			</node>
			<node>
				<identifier>	MP_RM423_Cart_406mm_INDEX_1	</identifier>
				<transform>
					<row0>	1.0000 0.0000 0.0000 0.0000	</row0>
					<row1>	0.0000 1.0000 0.0000 0.0000	</row1>
					<row2>	0.0000 0.0000 1.0000 0.0000	</row2>
					<row3>	0.8355 0.2593 -4.6689 1.0000	</row3>
				</transform>
			</node>
			<node>
				<identifier>	MP_RM424_Cart_cap	</identifier>
				<transform>
					<row0>	1.0000 0.0000 0.0000 0.0000	</row0>
					<row1>	0.0000 1.0000 0.0000 0.0000	</row1>
					<row2>	0.0000 0.0000 1.0000 0.0000	</row2>
					<row3>	-0.9262 0.2593 -4.7138 1.0000	</row3>
				</transform>
			</node>
			<node>
				<identifier>	MP_RM424_Cart_cap_INDEX_1	</identifier>
				<transform>
					<row0>	1.0000 0.0000 0.0000 0.0000	</row0>
					<row1>	0.0000 1.0000 0.0000 0.0000	</row1>
					<row2>	0.0000 0.0000 1.0000 0.0000	</row2>
					<row3>	0.9262 0.2593 -4.7138 1.0000	</row3>
				</transform>
			</node>
			<node>
				<identifier>	SP_YMS011_YHWL_M_1_INDEX_14	</identifier>
				<transform>
					<row0>	0.9852 0.1646 0.0470 0.0000	</row0>
					<row1>	-0.1643 0.9863 -0.0109 0.0000	</row1>
					<row2>	-0.0482 0.0030 0.9988 0.0000	</row2>
					<row3>	-1.0055 0.0000 -4.4761 1.0000	</row3>
				</transform>
			</node>
			<node>
				<identifier>	SP_YMS011_YHWL_M_1_INDEX_15	</identifier>
				<transform>
					<row0>	0.9649 0.2504 0.0791 0.0000	</row0>
					<row1>	-0.2489 0.9681 -0.0275 0.0000	</row1>
					<row2>	-0.0835 0.0068 0.9965 0.0000	</row2>
					<row3>	-0.9315 0.0000 -5.2905 1.0000	</row3>
				</transform>
			</node>
			<node>
				<identifier>	SP_YMS011_YHWL_M_1_INDEX_16	</identifier>
				<transform>
					<row0>	0.9925 0.0000 0.1225 0.0000	</row0>
					<row1>	0.0000 1.0000 0.0000 0.0000	</row1>
					<row2>	-0.1225 0.0000 0.9925 0.0000	</row2>
					<row3>	-0.8287 0.0000 -5.3467 1.0000	</row3>
				</transform>
			</node>
			<node>
				<identifier>	SP_YMS011_YHWL_M_1_INDEX_17	</identifier>
				<transform>
					<row0>	0.9586 0.2504 0.1355 0.0000	</row0>
					<row1>	-0.2469 0.9681 -0.0420 0.0000	</row1>
					<row2>	-0.1417 0.0068 0.9899 0.0000	</row2>
					<row3>	-0.8372 0.0000 -6.1120 1.0000	</row3>
				</transform>
			</node>
			<node>
				<identifier>	SP_YMS011_YHWL_M_1_INDEX_18	</identifier>
				<transform>
					<row0>	0.8906 0.4004 0.2157 0.0000	</row0>
					<row1>	-0.3933 0.9162 -0.0772 0.0000	</row1>
					<row2>	-0.2285 -0.0160 0.9734 0.0000	</row2>
					<row3>	-0.6875 0.0004 -6.9233 1.0000	</row3>
				</transform>
			</node>
			<node>
				<identifier>	SP_YMS012_YHWR_M_1_INDEX_14	</identifier>
				<transform>
					<row0>	0.9852 -0.1646 -0.0470 0.0000	</row0>
					<row1>	0.1643 0.9863 -0.0109 0.0000	</row1>
					<row2>	0.0482 0.0030 0.9988 0.0000	</row2>
					<row3>	1.0055 0.0000 -4.4761 1.0000	</row3>
				</transform>
			</node>
			<node>
				<identifier>	SP_YMS012_YHWR_M_1_INDEX_15	</identifier>
				<transform>
					<row0>	0.9649 -0.2504 -0.0791 0.0000	</row0>
					<row1>	0.2489 0.9681 -0.0275 0.0000	</row1>
					<row2>	0.0835 0.0068 0.9965 0.0000	</row2>
					<row3>	0.9315 0.0000 -5.2905 1.0000	</row3>
				</transform>
			</node>
			<node>
				<identifier>	SP_YMS012_YHWR_M_1_INDEX_16	</identifier>
				<transform>
					<row0>	0.9925 0.0000 -0.1225 0.0000	</row0>
					<row1>	0.0000 1.0000 0.0000 0.0000	</row1>
					<row2>	0.1225 0.0000 0.9925 0.0000	</row2>
					<row3>	0.8287 0.0000 -5.3467 1.0000	</row3>
				</transform>
			</node>
			<node>
				<identifier>	SP_YMS012_YHWR_M_1_INDEX_17	</identifier>
				<transform>
					<row0>	0.9586 -0.2504 -0.1355 0.0000	</row0>
					<row1>	0.2469 0.9681 -0.0420 0.0000	</row1>
					<row2>	0.1417 0.0068 0.9899 0.0000	</row2>
					<row3>	0.8372 0.0000 -6.1120 1.0000	</row3>
				</transform>
			</node>
			<node>
				<identifier>	SP_YMS012_YHWR_M_1_INDEX_18	</identifier>
				<transform>
					<row0>	0.8906 -0.4004 -0.2157 0.0000	</row0>
					<row1>	0.3933 0.9162 -0.0772 0.0000	</row1>
					<row2>	0.2285 -0.0160 0.9734 0.0000	</row2>
					<row3>	0.6875 0.0004 -6.9233 1.0000	</row3>
				</transform>
			</node>
			<node>
				<identifier>	SP_YMS023_YHUC_L_1	</identifier>
				<transform>
					<row0>	0.7367 0.0000 -0.0379 0.0000	</row0>
					<row1>	0.0000 0.7377 0.0000 0.0000	</row1>
					<row2>	0.0379 0.0000 0.7367 0.0000	</row2>
					<row3>	-0.6316 -0.4644 -6.1608 1.0000	</row3>
				</transform>
			</node>
			<node>
				<identifier>	SP_YMS023_YHUC_L_1_INDEX_1	</identifier>
				<transform>
					<row0>	0.7367 0.0000 0.0379 0.0000	</row0>
					<row1>	0.0000 0.7377 0.0000 0.0000	</row1>
					<row2>	-0.0379 0.0000 0.7367 0.0000	</row2>
					<row3>	0.6316 -0.4644 -6.1608 1.0000	</row3>
				</transform>
			</node>
			<node>
				<identifier>	SP_YMS023_YHUC_L_1_INDEX_2	</identifier>
				<transform>
					<row0>	0.7377 0.0000 0.0000 0.0000	</row0>
					<row1>	0.0000 0.7377 0.0000 0.0000	</row1>
					<row2>	0.0000 0.0000 0.7377 0.0000	</row2>
					<row3>	0.0000 -0.4649 -7.3440 1.0000	</row3>
				</transform>
			</node>
			<node>
				<identifier>	SP_YMS030_YHAM_M_1	</identifier>
				<transform>
					<row0>	0.8209 0.0000 0.0000 0.0000	</row0>
					<row1>	0.0000 0.8209 0.0000 0.0000	</row1>
					<row2>	0.0000 0.0000 0.8209 0.0000	</row2>
					<row3>	0.0000 0.2228 -8.3063 1.0000	</row3>
				</transform>
			</node>
			<node>
				<identifier>	SP_YMS031_YHAL_M_1	</identifier>
				<transform>
					<row0>	0.9670 0.2182 0.1313 0.0000	</row0>
					<row1>	-0.2154 0.9759 -0.0350 0.0000	</row1>
					<row2>	-0.1357 0.0056 0.9907 0.0000	</row2>
					<row3>	-0.5969 0.1285 -7.5859 1.0000	</row3>
				</transform>
			</node>
			<node>
				<identifier>	SP_YMS032_YHAR_M_1	</identifier>
				<transform>
					<row0>	0.9670 -0.2182 -0.1313 0.0000	</row0>
					<row1>	0.2154 0.9759 -0.0350 0.0000	</row1>
					<row2>	0.1357 0.0056 0.9907 0.0000	</row2>
					<row3>	0.5969 0.1285 -7.5859 1.0000	</row3>
				</transform>
			</node>
			<node>
				<identifier>	SP_YMS041_YHCS_M_1_INDEX_10	</identifier>
				<transform>
					<row0>	-1.4647 0.0000 0.0000 0.0000	</row0>
					<row1>	0.0000 1.4647 0.0000 0.0000	</row1>
					<row2>	0.0000 0.0000 -1.4647 0.0000	</row2>
					<row3>	-0.4812 0.3560 -5.4194 1.0000	</row3>
				</transform>
			</node>
			<node>
				<identifier>	SP_YMS041_YHCS_M_1_INDEX_11	</identifier>
				<transform>
					<row0>	-1.4647 0.0000 0.0000 0.0000	</row0>
					<row1>	0.0000 1.4647 0.0000 0.0000	</row1>
					<row2>	0.0000 0.0000 -1.4647 0.0000	</row2>
					<row3>	0.4812 0.3560 -5.4194 1.0000	</row3>
				</transform>
			</node>
			<node>
				<identifier>	SP_YMS041_YHCS_M_1_INDEX_8	</identifier>
				<transform>
					<row0>	-0.9990 0.0000 -0.0436 0.0000	</row0>
					<row1>	0.0000 1.0000 0.0000 0.0000	</row1>
					<row2>	0.0436 0.0000 -0.9990 0.0000	</row2>
					<row3>	-0.9846 0.3149 -4.1010 1.0000	</row3>
				</transform>
			</node>
			<node>
				<identifier>	SP_YMS041_YHCS_M_1_INDEX_9	</identifier>
				<transform>
					<row0>	-0.9990 0.0000 0.0436 0.0000	</row0>
					<row1>	0.0000 1.0000 0.0000 0.0000	</row1>
					<row2>	-0.0436 0.0000 -0.9990 0.0000	</row2>
					<row3>	0.9846 0.3149 -4.1010 1.0000	</row3>
				</transform>
			</node>
			<node>
				<identifier>	SP_YMS051_YHDL_L_1_INDEX_1	</identifier>
				<transform>
					<row0>	0.5553 0.0000 0.0723 0.0000	</row0>
					<row1>	0.0000 0.5600 0.0000 0.0000	</row1>
					<row2>	-0.0723 0.0000 0.5553 0.0000	</row2>
					<row3>	-0.9290 0.2549 -5.9670 1.0000	</row3>
				</transform>
			</node>
			<node>
				<identifier>	SP_YMS052_YHDR_L_1_INDEX_1	</identifier>
				<transform>
					<row0>	0.5553 0.0000 -0.0723 0.0000	</row0>
					<row1>	0.0000 0.5600 0.0000 0.0000	</row1>
					<row2>	0.0723 0.0000 0.5553 0.0000	</row2>
					<row3>	0.9290 0.2549 -5.9670 1.0000	</row3>
				</transform>
			</node>
			<node>
				<identifier>	SP_YMS053_YHDC_S_1_INDEX_10	</identifier>
				<transform>
					<row0>	0.9985 -0.0540 0.0000 0.0000	</row0>
					<row1>	0.0540 0.9985 0.0000 0.0000	</row1>
					<row2>	0.0000 0.0000 1.0000 0.0000	</row2>
					<row3>	0.1801 0.2926 -5.7457 1.0000	</row3>
				</transform>
			</node>
			<node>
				<identifier>	SP_YMS053_YHDC_S_1_INDEX_11	</identifier>
				<transform>
					<row0>	1.0000 0.0000 0.0000 0.0000	</row0>
					<row1>	0.0000 1.0000 0.0000 0.0000	</row1>
					<row2>	0.0000 0.0000 1.0000 0.0000	</row2>
					<row3>	-0.6576 0.2605 -5.7572 1.0000	</row3>
				</transform>
			</node>
			<node>
				<identifier>	SP_YMS053_YHDC_S_1_INDEX_12	</identifier>
				<transform>
					<row0>	1.0000 0.0000 0.0000 0.0000	</row0>
					<row1>	0.0000 1.0000 0.0000 0.0000	</row1>
					<row2>	0.0000 0.0000 1.0000 0.0000	</row2>
					<row3>	0.6576 0.2605 -5.7572 1.0000	</row3>
				</transform>
			</node>
			<node>
				<identifier>	SP_YMS053_YHDC_S_1_INDEX_13	</identifier>
				<transform>
					<row0>	0.9985 0.0540 0.0000 0.0000	</row0>
					<row1>	-0.0540 0.9985 0.0000 0.0000	</row1>
					<row2>	0.0000 0.0000 1.0000 0.0000	</row2>
					<row3>	-0.1801 0.2926 -6.2658 1.0000	</row3>
				</transform>
			</node>
			<node>
				<identifier>	SP_YMS053_YHDC_S_1_INDEX_14	</identifier>
				<transform>
					<row0>	0.9985 -0.0540 0.0000 0.0000	</row0>
					<row1>	0.0540 0.9985 0.0000 0.0000	</row1>
					<row2>	0.0000 0.0000 1.0000 0.0000	</row2>
					<row3>	0.1801 0.2926 -6.2658 1.0000	</row3>
				</transform>
			</node>
			<node>
				<identifier>	SP_YMS053_YHDC_S_1_INDEX_15	</identifier>
				<transform>
					<row0>	1.0000 0.0000 0.0000 0.0000	</row0>
					<row1>	0.0000 1.0000 0.0000 0.0000	</row1>
					<row2>	0.0000 0.0000 1.0000 0.0000	</row2>
					<row3>	-0.3879 0.2605 -6.6053 1.0000	</row3>
				</transform>
			</node>
			<node>
				<identifier>	SP_YMS053_YHDC_S_1_INDEX_16	</identifier>
				<transform>
					<row0>	1.0000 0.0000 0.0000 0.0000	</row0>
					<row1>	0.0000 1.0000 0.0000 0.0000	</row1>
					<row2>	0.0000 0.0000 1.0000 0.0000	</row2>
					<row3>	0.3879 0.2605 -6.6053 1.0000	</row3>
				</transform>
			</node>
			<node>
				<identifier>	SP_YMS053_YHDC_S_1_INDEX_17	</identifier>
				<transform>
					<row0>	1.0000 0.0000 0.0000 0.0000	</row0>
					<row1>	0.0000 1.0000 0.0000 0.0000	</row1>
					<row2>	0.0000 0.0000 1.0000 0.0000	</row2>
					<row3>	0.0000 0.2605 -7.2056 1.0000	</row3>
				</transform>
			</node>
			<node>
				<identifier>	SP_YMS053_YHDC_S_1_INDEX_7	</identifier>
				<transform>
					<row0>	1.0000 0.0000 0.0000 0.0000	</row0>
					<row1>	0.0000 1.0000 0.0000 0.0000	</row1>
					<row2>	0.0000 0.0000 1.0000 0.0000	</row2>
					<row3>	-0.7275 0.2605 -4.8214 1.0000	</row3>
				</transform>
			</node>
			<node>
				<identifier>	SP_YMS053_YHDC_S_1_INDEX_8	</identifier>
				<transform>
					<row0>	1.0000 0.0000 0.0000 0.0000	</row0>
					<row1>	0.0000 1.0000 0.0000 0.0000	</row1>
					<row2>	0.0000 0.0000 1.0000 0.0000	</row2>
					<row3>	0.7275 0.2605 -4.8214 1.0000	</row3>
				</transform>
			</node>
			<node>
				<identifier>	SP_YMS053_YHDC_S_1_INDEX_9	</identifier>
				<transform>
					<row0>	0.9985 0.0540 0.0000 0.0000	</row0>
					<row1>	-0.0540 0.9985 0.0000 0.0000	</row1>
					<row2>	0.0000 0.0000 1.0000 0.0000	</row2>
					<row3>	-0.1801 0.2926 -5.7457 1.0000	</row3>
				</transform>
			</node>
			<node>
				<identifier>	SP_YMS072_YHHC_M_1_INDEX_10	</identifier>
				<transform>
					<row0>	0.0243 0.0015 -0.6761 0.0000	</row0>
					<row1>	-0.1504 0.6596 -0.0040 0.0000	</row1>
					<row2>	0.6592 0.1505 0.0240 0.0000	</row2>
					<row3>	-1.0230 0.1758 -4.5982 1.0000	</row3>
				</transform>
			</node>
			<node>
				<identifier>	SP_YMS072_YHHC_M_1_INDEX_11	</identifier>
				<transform>
					<row0>	0.0243 -0.0015 0.6761 0.0000	</row0>
					<row1>	0.1504 0.6596 -0.0040 0.0000	</row1>
					<row2>	-0.6592 0.1505 0.0240 0.0000	</row2>
					<row3>	1.0230 0.1758 -4.5982 1.0000	</row3>
				</transform>
			</node>
			<node>
				<identifier>	SP_YMS072_YHHC_M_1_INDEX_12	</identifier>
				<transform>
					<row0>	0.0945 0.0024 -0.6699 0.0000	</row0>
					<row1>	-0.1055 0.6682 -0.0124 0.0000	</row1>
					<row2>	0.6616 0.1062 0.0937 0.0000	</row2>
					<row3>	-0.8377 0.1799 -6.4625 1.0000	</row3>
				</transform>
			</node>
			<node>
				<identifier>	SP_YMS072_YHHC_M_1_INDEX_13	</identifier>
				<transform>
					<row0>	0.0945 -0.0024 0.6699 0.0000	</row0>
					<row1>	0.1055 0.6682 -0.0124 0.0000	</row1>
					<row2>	-0.6616 0.1062 0.0937 0.0000	</row2>
