<JSB045_Adatara_1945_Stern_ports_base_dock_AB.visual>
	<node>
		<identifier>	Scene Root	</identifier>
		<transform>
			<row0>	1.0000 0.0000 0.0000 0.0000	</row0>
			<row1>	0.0000 1.0000 0.0000 0.0000	</row1>
			<row2>	0.0000 0.0000 1.0000 0.0000	</row2>
			<row3>	0.0000 0.0000 0.0000 1.0000	</row3>
		</transform>
		<node>
			<identifier>	Stern_ports_base_dock_AB	</identifier>
			<transform>
				<row0>	1.0000 0.0000 0.0000 0.0000	</row0>
				<row1>	0.0000 1.0000 0.0000 0.0000	</row1>
				<row2>	0.0000 0.0000 1.0000 0.0000	</row2>
				<row3>	0.0000 0.0000 0.0000 1.0000	</row3>
			</transform>
			<node>
				<identifier>	MP_JM2048_Aircraft_Rails_middle	</identifier>
				<transform>
					<row0>	1.0000 0.0000 0.0000 0.0000	</row0>
					<row1>	0.0000 1.0000 0.0000 0.0000	</row1>
					<row2>	0.0000 0.0000 1.0000 0.0000	</row2>
					<row3>	0.0000 0.4462 -7.9172 1.0000	</row3>
				</transform>
			</node>
			<node>
				<identifier>	MP_JM2048_Aircraft_Rails_middle_INDEX_1	</identifier>
				<transform>
					<row0>	0.9659 0.0000 0.2588 0.0000	</row0>
					<row1>	0.0000 1.0000 0.0000 0.0000	</row1>
					<row2>	-0.2588 0.0000 0.9659 0.0000	</row2>
					<row3>	-0.3166 0.4462 -6.3696 1.0000	</row3>
				</transform>
			</node>
			<node>
				<identifier>	MP_JM2051_Aichi_E16A1	</identifier>
				<transform>
					<row0>	0.9999 0.0000 -0.0121 0.0000	</row0>
					<row1>	-0.0013 0.9943 -0.1064 0.0000	</row1>
					<row2>	0.0120 0.1064 0.9942 0.0000	</row2>
					<row3>	-0.0010 0.4099 -7.9010 1.0000	</row3>
				</transform>
			</node>
			<node>
				<identifier>	MP_JM2051_Aichi_E16A1_INDEX_1	</identifier>
				<transform>
					<row0>	0.9690 0.0000 0.2471 0.0000	</row0>
					<row1>	0.0265 0.9942 -0.1039 0.0000	</row1>
					<row2>	-0.2457 0.1073 0.9634 0.0000	</row2>
					<row3>	-0.3241 0.4121 -6.3447 1.0000	</row3>
				</transform>
			</node>
		</node>
	</node>
	<boundingBox>
		<min>	-0.0667 -0.0667 -0.0667	</min>
		<max>	0.0667 0.0667 0.0667	</max>
	</boundingBox>
</JSB045_Adatara_1945_Stern_ports_base_dock_AB.visual>
