<WSB001_Viribus_Unitis_1918_MidBack_ports.visual>
	<node>
		<identifier>	Scene Root	</identifier>
		<transform>
			<row0>	1.0000 0.0000 0.0000 0.0000	</row0>
			<row1>	0.0000 1.0000 0.0000 0.0000	</row1>
			<row2>	0.0000 0.0000 1.0000 0.0000	</row2>
			<row3>	0.0000 0.0000 0.0000 1.0000	</row3>
		</transform>
		<node>
			<identifier>	MidBack_ports	</identifier>
			<transform>
				<row0>	1.0000 0.0000 0.0000 0.0000	</row0>
				<row1>	0.0000 1.0000 0.0000 0.0000	</row1>
				<row2>	0.0000 0.0000 1.0000 0.0000	</row2>
				<row3>	0.0000 0.0000 0.0000 1.0000	</row3>
			</transform>
			<node>
				<identifier>	HP_FX_Fire_3	</identifier>
				<transform>
					<row0>	1.0000 0.0000 0.0000 0.0000	</row0>
					<row1>	0.0000 1.0000 0.0000 0.0000	</row1>
					<row2>	0.0000 0.0000 1.0000 0.0000	</row2>
					<row3>	-0.3705 0.3898 -1.5284 1.0000	</row3>
				</transform>
			</node>
			<node>
				<identifier>	HP_FX_Fire_3_side_1	</identifier>
				<transform>
					<row0>	0.9981 0.0000 -0.0623 0.0000	</row0>
					<row1>	0.0000 1.0000 0.0000 0.0000	</row1>
					<row2>	0.0623 0.0000 0.9981 0.0000	</row2>
					<row3>	0.5373 0.3896 -2.4816 1.0000	</row3>
				</transform>
			</node>
			<node>
				<identifier>	HP_FX_FloodLight_left_2	</identifier>
				<transform>
					<row0>	-1.0000 0.0000 0.0000 0.0000	</row0>
					<row1>	0.0000 1.0000 0.0000 0.0000	</row1>
					<row2>	0.0000 0.0000 -1.0000 0.0000	</row2>
					<row3>	-0.3437 0.5282 -2.2344 1.0000	</row3>
				</transform>
			</node>
			<node>
				<identifier>	HP_FX_FloodLight_right_2	</identifier>
				<transform>
					<row0>	1.0000 0.0000 0.0000 0.0000	</row0>
					<row1>	0.0000 1.0000 0.0000 0.0000	</row1>
					<row2>	0.0000 0.0000 1.0000 0.0000	</row2>
					<row3>	0.3440 0.5280 -2.2340 1.0000	</row3>
				</transform>
			</node>
			<node>
				<identifier>	HP_FX_RepairLight_left_2	</identifier>
				<transform>
					<row0>	-0.1143 0.0081 0.9934 0.0000	</row0>
					<row1>	-0.0161 0.9998 -0.0101 0.0000	</row1>
					<row2>	-0.9933 -0.0172 -0.1141 0.0000	</row2>
					<row3>	-0.6457 0.3796 -2.6665 1.0000	</row3>
				</transform>
			</node>
			<node>
				<identifier>	HP_Ship_death_2	</identifier>
				<transform>
					<row0>	1.0000 0.0000 0.0000 0.0000	</row0>
					<row1>	0.0000 1.0000 0.0000 0.0000	</row1>
					<row2>	0.0000 0.0000 1.0000 0.0000	</row2>
					<row3>	0.0000 0.0000 -1.4153 1.0000	</row3>
				</transform>
			</node>
			<node>
				<identifier>	HP_WF_4	</identifier>
				<transform>
					<row0>	-1.0000 0.0000 0.0000 0.0000	</row0>
					<row1>	0.0000 1.0000 0.0000 0.0000	</row1>
					<row2>	0.0000 0.0000 -1.0000 0.0000	</row2>
					<row3>	0.0000 0.8317 -1.5782 1.0000	</row3>
				</transform>
			</node>
			<node>
				<identifier>	HP_WGM_3	</identifier>
				<transform>
					<row0>	-1.0000 0.0000 0.0000 0.0000	</row0>
					<row1>	0.0000 1.0000 0.0000 0.0000	</row1>
					<row2>	0.0000 0.0000 -1.0000 0.0000	</row2>
					<row3>	0.0000 0.6027 -2.2219 1.0000	</row3>
				</transform>
			</node>
			<node>
				<identifier>	HP_WGS_11	</identifier>
				<transform>
					<row0>	-0.9990 0.0000 -0.0436 0.0000	</row0>
					<row1>	0.0000 1.0000 0.0000 0.0000	</row1>
					<row2>	0.0436 0.0000 -0.9990 0.0000	</row2>
					<row3>	-0.7298 0.2669 -1.5311 1.0000	</row3>
				</transform>
			</node>
			<node>
				<identifier>	HP_WGS_12	</identifier>
				<transform>
					<row0>	-0.9990 0.0000 0.0436 0.0000	</row0>
					<row1>	0.0000 1.0000 0.0000 0.0000	</row1>
					<row2>	-0.0436 0.0000 -0.9990 0.0000	</row2>
					<row3>	0.7298 0.2669 -1.5311 1.0000	</row3>
				</transform>
			</node>
			<node>
				<identifier>	HP_flag_courtesy	</identifier>
				<transform>
					<row0>	0.9961 -0.0883 -0.0009 0.0000	</row0>
					<row1>	0.0883 0.9959 0.0201 0.0000	</row1>
					<row2>	-0.0009 -0.0201 0.9998 0.0000	</row2>
					<row3>	0.5888 1.8727 -1.2820 1.0000	</row3>
				</transform>
			</node>
			<node>
				<identifier>	HP_flag_house	</identifier>
				<transform>
					<row0>	0.9961 0.0883 0.0009 0.0000	</row0>
					<row1>	-0.0883 0.9959 0.0201 0.0000	</row1>
					<row2>	0.0009 -0.0201 0.9998 0.0000	</row2>
					<row3>	-0.5888 1.8727 -1.2820 1.0000	</row3>
				</transform>
			</node>
			<node>
				<identifier>	HP_flag_nation	</identifier>
				<transform>
					<row0>	1.0000 0.0000 0.0000 0.0000	</row0>
					<row1>	0.0000 0.9451 -0.3269 0.0000	</row1>
					<row2>	0.0000 0.3269 0.9451 0.0000	</row2>
					<row3>	0.0000 1.9445 -1.8081 1.0000	</row3>
				</transform>
			</node>
			<node>
				<identifier>	HP_flag_rank	</identifier>
				<transform>
					<row0>	1.0000 0.0000 0.0000 0.0000	</row0>
					<row1>	0.0000 0.9451 -0.3269 0.0000	</row1>
					<row2>	0.0000 0.3269 0.9451 0.0000	</row2>
					<row3>	0.0000 1.7822 -1.7520 1.0000	</row3>
				</transform>
			</node>
			<node>
				<identifier>	MP_CM013_Fire_Hose_Rack_2	</identifier>
				<transform>
					<row0>	-0.1317 0.0000 -0.9913 0.0000	</row0>
					<row1>	0.0000 1.0000 0.0000 0.0000	</row1>
					<row2>	0.9913 0.0000 -0.1317 0.0000	</row2>
					<row3>	0.0242 0.4487 -1.8816 1.0000	</row3>
				</transform>
			</node>
			<node>
				<identifier>	MP_CM082_Rope	</identifier>
				<transform>
					<row0>	-0.0386 0.0000 -0.6989 0.0000	</row0>
					<row1>	0.0000 0.7000 0.0000 0.0000	</row1>
					<row2>	0.6989 0.0000 -0.0386 0.0000	</row2>
					<row3>	0.0006 1.2191 -1.5580 1.0000	</row3>
				</transform>
			</node>
			<node>
				<identifier>	MP_CM126_Cleat	</identifier>
				<transform>
					<row0>	0.7196 -0.6678 0.1905 0.0000	</row0>
					<row1>	0.2591 0.0036 -0.9658 0.0000	</row1>
					<row2>	0.6443 0.7444 0.1756 0.0000	</row2>
					<row3>	0.0092 1.2805 -1.3974 1.0000	</row3>
				</transform>
			</node>
			<node>
				<identifier>	MP_CM126_Cleat_INDEX_1	</identifier>
				<transform>
					<row0>	-0.7489 -0.6281 0.2113 0.0000	</row0>
					<row1>	0.2617 0.0127 0.9651 0.0000	</row1>
					<row2>	-0.6089 0.7780 0.1548 0.0000	</row2>
					<row3>	0.0081 1.0625 -1.3377 1.0000	</row3>
				</transform>
			</node>
			<node>
				<identifier>	MP_CM126_Cleat_INDEX_2	</identifier>
				<transform>
					<row0>	-0.8045 -0.5539 -0.2142 0.0000	</row0>
					<row1>	-0.2601 0.0043 0.9656 0.0000	</row1>
					<row2>	-0.5339 0.8325 -0.1475 0.0000	</row2>
					<row3>	-0.0062 1.0624 -1.3372 1.0000	</row3>
				</transform>
			</node>
			<node>
				<identifier>	MP_CM126_Cleat_INDEX_3	</identifier>
				<transform>
					<row0>	0.7956 -0.5771 -0.1844 0.0000	</row0>
					<row1>	-0.2359 -0.0148 -0.9717 0.0000	</row1>
					<row2>	0.5580 0.8166 -0.1479 0.0000	</row2>
					<row3>	-0.0058 1.2807 -1.3982 1.0000	</row3>
				</transform>
			</node>
			<node>
				<identifier>	MP_WM010_Ammobox	</identifier>
				<transform>
					<row0>	0.0000 0.0000 -0.7000 0.0000	</row0>
					<row1>	0.0000 0.7000 0.0000 0.0000	</row1>
					<row2>	0.7000 0.0000 0.0000 0.0000	</row2>
					<row3>	0.1747 0.3888 -1.6293 1.0000	</row3>
				</transform>
			</node>
			<node>
				<identifier>	MP_WM010_Ammobox_INDEX_1	</identifier>
				<transform>
					<row0>	0.0000 0.0000 0.7000 0.0000	</row0>
					<row1>	0.0000 0.7000 0.0000 0.0000	</row1>
					<row2>	-0.7000 0.0000 0.0000 0.0000	</row2>
					<row3>	-0.1747 0.3888 -1.6293 1.0000	</row3>
				</transform>
			</node>
			<node>
				<identifier>	MP_WM014_7cm_50_K10_Skoda	</identifier>
				<transform>
					<row0>	-1.0000 0.0000 0.0000 0.0000	</row0>
					<row1>	0.0000 1.0000 0.0000 0.0000	</row1>
					<row2>	0.0000 0.0000 -1.0000 0.0000	</row2>
					<row3>	-0.3828 0.3882 -1.8144 1.0000	</row3>
				</transform>
			</node>
			<node>
				<identifier>	MP_WM014_7cm_50_K10_Skoda_INDEX_1	</identifier>
				<transform>
					<row0>	-1.0000 0.0000 0.0000 0.0000	</row0>
					<row1>	0.0000 1.0000 0.0000 0.0000	</row1>
					<row2>	0.0000 0.0000 -1.0000 0.0000	</row2>
					<row3>	0.3828 0.3882 -1.8144 1.0000	</row3>
				</transform>
			</node>
			<node>
				<identifier>	MP_WM850_110cm_sheinwerfer	</identifier>
				<transform>
					<row0>	0.0000 0.0000 1.0000 0.0000	</row0>
					<row1>	0.0000 1.0000 0.0000 0.0000	</row1>
					<row2>	-1.0000 0.0000 0.0000 0.0000	</row2>
					<row3>	-0.1159 0.9618 -1.3686 1.0000	</row3>
				</transform>
			</node>
			<node>
				<identifier>	MP_WM850_110cm_sheinwerfer_INDEX_1	</identifier>
				<transform>
					<row0>	0.0000 0.0000 -1.0000 0.0000	</row0>
					<row1>	0.0000 1.0000 0.0000 0.0000	</row1>
					<row2>	1.0000 0.0000 0.0000 0.0000	</row2>
					<row3>	0.1159 0.9618 -1.3686 1.0000	</row3>
				</transform>
			</node>
			<node>
				<identifier>	MP_WM850_110cm_sheinwerfer_INDEX_2	</identifier>
				<transform>
					<row0>	-1.0000 0.0000 0.0000 0.0000	</row0>
					<row1>	0.0000 1.0000 0.0000 0.0000	</row1>
					<row2>	0.0000 0.0000 -1.0000 0.0000	</row2>
					<row3>	0.0000 1.1826 -1.4817 1.0000	</row3>
				</transform>
			</node>
		</node>
	</node>
	<boundingBox>
		<min>	-0.0667 -0.0667 -0.0667	</min>
		<max>	0.0667 0.0667 0.0667	</max>
	</boundingBox>
</WSB001_Viribus_Unitis_1918_MidBack_ports.visual>
