<ISC017_Napoli_1944_Stern_ports.visual>
	<node>
		<identifier>	Scene Root	</identifier>
		<transform>
			<row0>	1.0000 0.0000 0.0000 0.0000	</row0>
			<row1>	0.0000 1.0000 0.0000 0.0000	</row1>
			<row2>	0.0000 0.0000 1.0000 0.0000	</row2>
			<row3>	0.0000 0.0000 0.0000 1.0000	</row3>
		</transform>
		<node>
			<identifier>	Stern_ports	</identifier>
			<transform>
				<row0>	1.0000 0.0000 0.0000 0.0000	</row0>
				<row1>	0.0000 1.0000 0.0000 0.0000	</row1>
				<row2>	0.0000 0.0000 1.0000 0.0000	</row2>
				<row3>	0.0000 0.0000 0.0000 1.0000	</row3>
			</transform>
			<node>
				<identifier>	HP_FX_Death_3	</identifier>
				<transform>
					<row0>	1.0000 0.0000 0.0000 0.0000	</row0>
					<row1>	0.0000 1.0000 0.0000 0.0000	</row1>
					<row2>	0.0000 0.0000 1.0000 0.0000	</row2>
					<row3>	0.0000 0.0000 -4.7676 1.0000	</row3>
				</transform>
			</node>
			<node>
				<identifier>	HP_FX_Fire_4	</identifier>
				<transform>
					<row0>	1.0000 0.0000 0.0000 0.0000	</row0>
					<row1>	0.0000 1.0000 0.0000 0.0000	</row1>
					<row2>	0.0000 0.0000 1.0000 0.0000	</row2>
					<row3>	0.0000 0.2780 -6.8594 1.0000	</row3>
				</transform>
			</node>
			<node>
				<identifier>	HP_FX_Flood_steam_right	</identifier>
				<transform>
					<row0>	0.9885 0.0000 -0.1513 0.0000	</row0>
					<row1>	0.0000 1.0000 0.0000 0.0000	</row1>
					<row2>	0.1513 0.0000 0.9885 0.0000	</row2>
					<row3>	0.6487 0.2270 -5.3712 1.0000	</row3>
				</transform>
			</node>
			<node>
				<identifier>	HP_FX_Flood_water_left	</identifier>
				<transform>
					<row0>	-0.9837 0.0000 -0.1796 0.0000	</row0>
					<row1>	0.0000 1.0000 0.0000 0.0000	</row1>
					<row2>	0.1796 0.0000 -0.9837 0.0000	</row2>
					<row3>	-0.4908 0.0390 -6.1989 1.0000	</row3>
				</transform>
			</node>
			<node>
				<identifier>	HP_FX_Flood_water_right	</identifier>
				<transform>
					<row0>	0.9857 0.0000 -0.1683 0.0000	</row0>
					<row1>	0.0000 1.0000 0.0000 0.0000	</row1>
					<row2>	0.1683 0.0000 0.9857 0.0000	</row2>
					<row3>	0.4910 0.0387 -6.1961 1.0000	</row3>
				</transform>
			</node>
			<node>
				<identifier>	HP_FX_RepairLight_left_2	</identifier>
				<transform>
					<row0>	-0.1536 0.0000 0.9881 0.0000	</row0>
					<row1>	-0.0728 0.9973 -0.0113 0.0000	</row1>
					<row2>	-0.9854 -0.0737 -0.1532 0.0000	</row2>
					<row3>	-0.5841 0.2668 -5.8122 1.0000	</row3>
				</transform>
			</node>
			<node>
				<identifier>	HP_FX_RepairLight_right_1	</identifier>
				<transform>
					<row0>	-0.1578 0.0000 -0.9875 0.0000	</row0>
					<row1>	0.0894 0.9959 -0.0143 0.0000	</row1>
					<row2>	0.9834 -0.0905 -0.1572 0.0000	</row2>
					<row3>	0.7316 0.4109 -4.9125 1.0000	</row3>
				</transform>
			</node>
			<node>
				<identifier>	HP_FX_WakeTraceBack	</identifier>
				<transform>
					<row0>	1.0000 0.0000 0.0000 0.0000	</row0>
					<row1>	0.0000 1.0000 0.0000 0.0000	</row1>
					<row2>	0.0000 0.0000 1.0000 0.0000	</row2>
					<row3>	0.0000 0.0000 -7.8909 1.0000	</row3>
				</transform>
			</node>
			<node>
				<identifier>	HP_FX_WakeTrace_screw_1	</identifier>
				<transform>
					<row0>	1.0000 0.0000 0.0000 0.0000	</row0>
					<row1>	0.0000 1.0000 0.0000 0.0000	</row1>
					<row2>	0.0000 0.0000 1.0000 0.0000	</row2>
					<row3>	-0.1794 -0.3196 -7.1484 1.0000	</row3>
				</transform>
			</node>
			<node>
				<identifier>	HP_FX_WakeTrace_screw_2	</identifier>
				<transform>
					<row0>	1.0000 0.0000 0.0000 0.0000	</row0>
					<row1>	0.0000 1.0000 0.0000 0.0000	</row1>
					<row2>	0.0000 0.0000 1.0000 0.0000	</row2>
					<row3>	-0.4621 -0.3282 -6.0065 1.0000	</row3>
				</transform>
			</node>
			<node>
				<identifier>	HP_FX_WakeTrace_screw_3	</identifier>
				<transform>
					<row0>	1.0000 0.0000 0.0000 0.0000	</row0>
					<row1>	0.0000 1.0000 0.0000 0.0000	</row1>
					<row2>	0.0000 0.0000 1.0000 0.0000	</row2>
					<row3>	0.1794 -0.3196 -7.1484 1.0000	</row3>
				</transform>
			</node>
			<node>
				<identifier>	HP_FX_WakeTrace_screw_4	</identifier>
				<transform>
					<row0>	1.0000 0.0000 0.0000 0.0000	</row0>
					<row1>	0.0000 1.0000 0.0000 0.0000	</row1>
					<row2>	0.0000 0.0000 1.0000 0.0000	</row2>
					<row3>	0.4621 -0.3282 -6.0065 1.0000	</row3>
				</transform>
			</node>
			<node>
				<identifier>	HP_IGA_17	</identifier>
				<transform>
					<row0>	-1.0000 0.0000 0.0000 0.0000	</row0>
					<row1>	0.0000 1.0000 0.0000 0.0000	</row1>
					<row2>	0.0000 0.0000 -1.0000 0.0000	</row2>
					<row3>	-0.2880 0.2746 -6.1800 1.0000	</row3>
				</transform>
			</node>
			<node>
				<identifier>	HP_IGA_18	</identifier>
				<transform>
					<row0>	-1.0000 0.0000 0.0000 0.0000	</row0>
					<row1>	0.0000 1.0000 0.0000 0.0000	</row1>
					<row2>	0.0000 0.0000 -1.0000 0.0000	</row2>
					<row3>	0.2880 0.2746 -6.1800 1.0000	</row3>
				</transform>
			</node>
			<node>
				<identifier>	HP_IGA_19	</identifier>
				<transform>
					<row0>	-1.0000 0.0000 0.0000 0.0000	</row0>
					<row1>	0.0000 1.0000 0.0000 0.0000	</row1>
					<row2>	0.0000 0.0000 -1.0000 0.0000	</row2>
					<row3>	0.0000 0.2954 -7.2571 1.0000	</row3>
				</transform>
			</node>
			<node>
				<identifier>	HP_IGM_3	</identifier>
				<transform>
					<row0>	-1.0000 0.0000 0.0000 0.0000	</row0>
					<row1>	0.0000 1.0000 0.0000 0.0000	</row1>
					<row2>	0.0000 0.0000 -1.0000 0.0000	</row2>
					<row3>	0.0000 0.5619 -4.5605 1.0000	</row3>
				</transform>
			</node>
			<node>
				<identifier>	HP_IGT_1	</identifier>
				<transform>
					<row0>	1.0000 0.0000 0.0000 0.0000	</row0>
					<row1>	0.0000 1.0000 0.0000 0.0000	</row1>
					<row2>	0.0000 0.0000 1.0000 0.0000	</row2>
					<row3>	-0.5049 0.2657 -5.5298 1.0000	</row3>
				</transform>
			</node>
			<node>
				<identifier>	HP_IGT_2	</identifier>
				<transform>
					<row0>	1.0000 0.0000 0.0000 0.0000	</row0>
					<row1>	0.0000 1.0000 0.0000 0.0000	</row1>
					<row2>	0.0000 0.0000 1.0000 0.0000	</row2>
					<row3>	0.5049 0.2657 -5.5298 1.0000	</row3>
				</transform>
			</node>
			<node>
				<identifier>	HP_Ship_death_3	</identifier>
				<transform>
					<row0>	1.0000 0.0000 0.0000 0.0000	</row0>
					<row1>	0.0000 1.0000 0.0000 0.0000	</row1>
					<row2>	0.0000 0.0000 1.0000 0.0000	</row2>
					<row3>	0.0000 0.0000 -4.2069 1.0000	</row3>
				</transform>
			</node>
			<node>
				<identifier>	MP_CM002_Propeller4_L	</identifier>
				<transform>
					<row0>	1.0308 0.0000 0.0000 0.0000	</row0>
					<row1>	0.0000 1.0304 -0.0294 0.0000	</row1>
					<row2>	0.0000 0.0294 1.0304 0.0000	</row2>
					<row3>	-0.1794 -0.3196 -7.1484 1.0000	</row3>
				</transform>
			</node>
			<node>
				<identifier>	MP_CM002_Propeller4_L_INDEX_1	</identifier>
				<transform>
					<row0>	1.0308 0.0000 0.0000 0.0000	</row0>
					<row1>	0.0000 1.0304 -0.0293 0.0000	</row1>
					<row2>	0.0000 0.0293 1.0304 0.0000	</row2>
					<row3>	-0.4621 -0.3282 -6.0065 1.0000	</row3>
				</transform>
			</node>
			<node>
				<identifier>	MP_CM029_Emergency_Box	</identifier>
				<transform>
					<row0>	-0.8789 0.0000 -0.4771 0.0000	</row0>
					<row1>	0.0000 1.0000 0.0000 0.0000	</row1>
					<row2>	0.4771 0.0000 -0.8789 0.0000	</row2>
					<row3>	-0.1527 0.5040 -4.2728 1.0000	</row3>
				</transform>
			</node>
			<node>
				<identifier>	MP_CM029_Emergency_Box_INDEX_1	</identifier>
				<transform>
					<row0>	-0.8789 0.0000 0.4771 0.0000	</row0>
					<row1>	0.0000 1.0000 0.0000 0.0000	</row1>
					<row2>	-0.4771 0.0000 -0.8789 0.0000	</row2>
					<row3>	0.1527 0.5040 -4.2728 1.0000	</row3>
				</transform>
			</node>
			<node>
				<identifier>	MP_CM033_Propeller4_R	</identifier>
				<transform>
					<row0>	1.0308 0.0000 0.0000 0.0000	</row0>
					<row1>	0.0000 1.0304 -0.0293 0.0000	</row1>
					<row2>	0.0000 0.0293 1.0304 0.0000	</row2>
					<row3>	0.4621 -0.3282 -6.0065 1.0000	</row3>
				</transform>
			</node>
			<node>
				<identifier>	MP_CM033_Propeller4_R_INDEX_1	</identifier>
				<transform>
					<row0>	1.0308 0.0000 0.0000 0.0000	</row0>
					<row1>	0.0000 1.0304 -0.0294 0.0000	</row1>
					<row2>	0.0000 0.0294 1.0304 0.0000	</row2>
					<row3>	0.1794 -0.3196 -7.1484 1.0000	</row3>
				</transform>
			</node>
			<node>
				<identifier>	MP_CM052_Fender	</identifier>
				<transform>
					<row0>	0.0174 0.0000 0.9998 0.0000	</row0>
					<row1>	0.0000 1.0000 0.0000 0.0000	</row1>
					<row2>	-0.9998 0.0000 0.0174 0.0000	</row2>
					<row3>	-0.2019 0.2701 -5.4320 1.0000	</row3>
				</transform>
			</node>
			<node>
				<identifier>	MP_CM052_Fender_INDEX_1	</identifier>
				<transform>
					<row0>	0.0174 0.0000 -0.9998 0.0000	</row0>
					<row1>	0.0000 1.0000 0.0000 0.0000	</row1>
					<row2>	0.9998 0.0000 0.0174 0.0000	</row2>
					<row3>	0.2019 0.2701 -5.4320 1.0000	</row3>
				</transform>
			</node>
			<node>
				<identifier>	MP_IM003_Crown	</identifier>
				<transform>
					<row0>	1.0000 0.0000 0.0000 0.0000	</row0>
					<row1>	0.0000 0.9869 -0.1612 0.0000	</row1>
					<row2>	0.0000 0.1612 0.9869 0.0000	</row2>
					<row3>	0.0000 0.2702 -8.0938 1.0000	</row3>
				</transform>
			</node>
			<node>
				<identifier>	MP_IM019_Life_Buoy	</identifier>
				<transform>
					<row0>	-0.1884 0.0000 0.9821 0.0000	</row0>
					<row1>	-0.0867 0.9961 -0.0166 0.0000	</row1>
					<row2>	-0.9783 -0.0883 -0.1877 0.0000	</row2>
					<row3>	-0.4543 0.1946 -6.5305 1.0000	</row3>
				</transform>
			</node>
			<node>
				<identifier>	MP_IM019_Life_Buoy_INDEX_1	</identifier>
				<transform>
					<row0>	-0.2072 0.0017 0.9783 0.0000	</row0>
					<row1>	-0.0875 0.9960 -0.0203 0.0000	</row1>
					<row2>	-0.9744 -0.0898 -0.2062 0.0000	</row2>
					<row3>	-0.3821 0.1995 -6.8862 1.0000	</row3>
				</transform>
			</node>
			<node>
				<identifier>	MP_IM019_Life_Buoy_INDEX_2	</identifier>
				<transform>
					<row0>	-0.2072 -0.0017 -0.9783 0.0000	</row0>
					<row1>	0.0875 0.9960 -0.0203 0.0000	</row1>
					<row2>	0.9744 -0.0898 -0.2062 0.0000	</row2>
					<row3>	0.3821 0.1995 -6.8862 1.0000	</row3>
				</transform>
			</node>
			<node>
				<identifier>	MP_IM019_Life_Buoy_INDEX_3	</identifier>
				<transform>
					<row0>	-0.1884 0.0000 -0.9821 0.0000	</row0>
					<row1>	0.0867 0.9961 -0.0166 0.0000	</row1>
					<row2>	0.9783 -0.0883 -0.1877 0.0000	</row2>
					<row3>	0.4543 0.1946 -6.5305 1.0000	</row3>
				</transform>
			</node>
			<node>
				<identifier>	MP_IM026_Reels	</identifier>
				<transform>
					<row0>	1.0000 0.0000 0.0000 0.0000	</row0>
					<row1>	0.0000 1.0000 0.0000 0.0000	</row1>
					<row2>	0.0000 0.0000 1.0000 0.0000	</row2>
					<row3>	-0.2285 0.2824 -6.4578 1.0000	</row3>
				</transform>
			</node>
			<node>
				<identifier>	MP_IM026_Reels_INDEX_1	</identifier>
				<transform>
					<row0>	1.0000 0.0000 0.0000 0.0000	</row0>
					<row1>	0.0000 1.0000 0.0000 0.0000	</row1>
					<row2>	0.0000 0.0000 1.0000 0.0000	</row2>
					<row3>	0.0127 0.2728 -5.6189 1.0000	</row3>
				</transform>
			</node>
			<node>
				<identifier>	MP_IM026_Reels_INDEX_2	</identifier>
				<transform>
					<row0>	1.0000 0.0000 0.0000 0.0000	</row0>
					<row1>	0.0000 1.0000 0.0000 0.0000	</row1>
					<row2>	0.0000 0.0000 1.0000 0.0000	</row2>
					<row3>	0.1081 0.2752 -5.8939 1.0000	</row3>
				</transform>
			</node>
			<node>
				<identifier>	MP_IM026_Reels_INDEX_3	</identifier>
				<transform>
					<row0>	1.0000 0.0000 0.0000 0.0000	</row0>
					<row1>	0.0000 1.0000 0.0000 0.0000	</row1>
					<row2>	0.0000 0.0000 1.0000 0.0000	</row2>
					<row3>	-0.0586 0.4256 -4.9515 1.0000	</row3>
				</transform>
			</node>
			<node>
				<identifier>	MP_IM026_Reels_INDEX_4	</identifier>
				<transform>
					<row0>	1.0000 0.0000 0.0000 0.0000	</row0>
					<row1>	0.0000 1.0000 0.0000 0.0000	</row1>
					<row2>	0.0000 0.0000 1.0000 0.0000	</row2>
					<row3>	0.2285 0.2824 -6.4578 1.0000	</row3>
				</transform>
			</node>
			<node>
				<identifier>	MP_IM026_Reels_INDEX_5	</identifier>
				<transform>
					<row0>	1.0000 0.0000 0.0000 0.0000	</row0>
					<row1>	0.0000 1.0000 0.0000 0.0000	</row1>
					<row2>	0.0000 0.0000 1.0000 0.0000	</row2>
					<row3>	-0.1081 0.2752 -5.8939 1.0000	</row3>
				</transform>
			</node>
			<node>
				<identifier>	MP_IM031_Fire_Fighting	</identifier>
				<transform>
					<row0>	-0.0070 0.0000 1.0000 0.0000	</row0>
					<row1>	0.0000 1.0000 0.0000 0.0000	</row1>
					<row2>	-1.0000 0.0000 -0.0070 0.0000	</row2>
					<row3>	-0.2939 0.4256 -4.3685 1.0000	</row3>
				</transform>
			</node>
			<node>
				<identifier>	MP_IM031_Fire_Fighting_INDEX_1	</identifier>
				<transform>
					<row0>	0.0000 0.0000 1.0000 0.0000	</row0>
					<row1>	0.0000 1.0000 0.0000 0.0000	</row1>
					<row2>	-1.0000 0.0000 0.0000 0.0000	</row2>
					<row3>	-0.0494 0.2880 -6.7227 1.0000	</row3>
				</transform>
			</node>
			<node>
				<identifier>	MP_IM031_Fire_Fighting_INDEX_2	</identifier>
				<transform>
					<row0>	0.0000 0.0000 -1.0000 0.0000	</row0>
					<row1>	0.0000 1.0000 0.0000 0.0000	</row1>
					<row2>	1.0000 0.0000 0.0000 0.0000	</row2>
					<row3>	0.0494 0.2880 -6.7227 1.0000	</row3>
				</transform>
			</node>
			<node>
				<identifier>	MP_IM031_Fire_Fighting_INDEX_3	</identifier>
				<transform>
					<row0>	1.0000 0.0000 0.0000 0.0000	</row0>
					<row1>	0.0000 1.0000 0.0000 0.0000	</row1>
					<row2>	0.0000 0.0000 1.0000 0.0000	</row2>
					<row3>	0.1579 0.2716 -5.6043 1.0000	</row3>
				</transform>
			</node>
			<node>
				<identifier>	MP_IM031_Fire_Fighting_INDEX_4	</identifier>
				<transform>
					<row0>	-0.0070 0.0000 -1.0000 0.0000	</row0>
					<row1>	0.0000 1.0000 0.0000 0.0000	</row1>
					<row2>	1.0000 0.0000 -0.0070 0.0000	</row2>
					<row3>	0.2939 0.4256 -4.3685 1.0000	</row3>
				</transform>
			</node>
			<node>
				<identifier>	MP_IM032_Fire_Hose	</identifier>
				<transform>
					<row0>	0.4675 0.0000 0.8840 0.0000	</row0>
					<row1>	0.0000 1.0000 0.0000 0.0000	</row1>
					<row2>	-0.8840 0.0000 0.4675 0.0000	</row2>
					<row3>	-0.2771 0.4795 -4.3958 1.0000	</row3>
				</transform>
			</node>
			<node>
				<identifier>	MP_IM032_Fire_Hose_INDEX_1	</identifier>
				<transform>
					<row0>	-0.0020 0.0000 -1.0000 0.0000	</row0>
					<row1>	0.0000 1.0000 0.0000 0.0000	</row1>
					<row2>	1.0000 0.0000 -0.0020 0.0000	</row2>
					<row3>	0.0042 0.3254 -6.8565 1.0000	</row3>
				</transform>
			</node>
			<node>
				<identifier>	MP_IM032_Fire_Hose_INDEX_2	</identifier>
				<transform>
					<row0>	0.4675 0.0000 -0.8840 0.0000	</row0>
					<row1>	0.0000 1.0000 0.0000 0.0000	</row1>
					<row2>	0.8840 0.0000 0.4675 0.0000	</row2>
					<row3>	0.2771 0.4795 -4.3958 1.0000	</row3>
				</transform>
			</node>
			<node>
				<identifier>	MP_IM032_Fire_Hose_INDEX_3	</identifier>
				<transform>
					<row0>	-1.0000 0.0000 0.0020 0.0000	</row0>
					<row1>	0.0000 1.0000 0.0000 0.0000	</row1>
					<row2>	-0.0020 0.0000 -1.0000 0.0000	</row2>
					<row3>	0.0981 0.3200 -5.5822 1.0000	</row3>
				</transform>
			</node>
			<node>
				<identifier>	MP_IM032_Fire_Hose_INDEX_4	</identifier>
				<transform>
					<row0>	-0.0020 0.0000 1.0000 0.0000	</row0>
					<row1>	0.0000 1.0000 0.0000 0.0000	</row1>
					<row2>	-1.0000 0.0000 -0.0020 0.0000	</row2>
					<row3>	-0.0042 0.3254 -6.8565 1.0000	</row3>
				</transform>
			</node>
			<node>
				<identifier>	MP_IM033_Life_Buoy	</identifier>
				<transform>
					<row0>	0.1646 0.0000 -0.9864 0.0000	</row0>
					<row1>	0.0000 1.0000 0.0000 0.0000	</row1>
					<row2>	0.9864 0.0000 0.1646 0.0000	</row2>
					<row3>	-0.5193 0.3354 -6.1562 1.0000	</row3>
				</transform>
			</node>
			<node>
				<identifier>	MP_IM033_Life_Buoy_INDEX_1	</identifier>
				<transform>
					<row0>	1.0000 0.0000 -0.0010 0.0000	</row0>
					<row1>	0.0000 1.0000 0.0000 0.0000	</row1>
					<row2>	0.0010 0.0000 1.0000 0.0000	</row2>
					<row3>	-0.6007 0.4811 -4.9114 1.0000	</row3>
				</transform>
			</node>
			<node>
				<identifier>	MP_IM033_Life_Buoy_INDEX_2	</identifier>
				<transform>
					<row0>	1.0000 0.0000 0.0010 0.0000	</row0>
					<row1>	0.0000 1.0000 0.0000 0.0000	</row1>
					<row2>	-0.0010 0.0000 1.0000 0.0000	</row2>
					<row3>	0.6007 0.4811 -4.9114 1.0000	</row3>
				</transform>
			</node>
			<node>
				<identifier>	MP_IM033_Life_Buoy_INDEX_3	</identifier>
				<transform>
					<row0>	0.1646 0.0000 0.9864 0.0000	</row0>
					<row1>	0.0000 1.0000 0.0000 0.0000	</row1>
					<row2>	-0.9864 0.0000 0.1646 0.0000	</row2>
					<row3>	0.5193 0.3354 -6.1562 1.0000	</row3>
				</transform>
			</node>
			<node>
				<identifier>	MP_IM051_Name_Plate	</identifier>
				<transform>
					<row0>	1.0000 0.0000 0.0000 0.0000	</row0>
					<row1>	0.0000 1.0000 0.0000 0.0000	</row1>
					<row2>	0.0000 0.0000 1.0000 0.0000	</row2>
					<row3>	0.0000 0.3020 -7.4904 1.0000	</row3>
				</transform>
			</node>
			<node>
				<identifier>	MP_IM506_Boat_8_6m	</identifier>
				<transform>
					<row0>	0.9802 0.0042 -0.1978 0.0000	</row0>
					<row1>	0.0000 0.9998 0.0214 0.0000	</row1>
					<row2>	0.1979 -0.0210 0.9800 0.0000	</row2>
					<row3>	0.2887 0.3233 -6.9105 1.0000	</row3>
				</transform>
			</node>
			<node>
				<identifier>	MP_IM506_Boat_8_6m_INDEX_1	</identifier>
				<transform>
					<row0>	0.9802 -0.0042 0.1978 0.0000	</row0>
					<row1>	0.0000 0.9998 0.0214 0.0000	</row1>
					<row2>	-0.1979 -0.0210 0.9800 0.0000	</row2>
					<row3>	-0.2887 0.3233 -6.9105 1.0000	</row3>
				</transform>
			</node>
			<node>
				<identifier>	MP_IM514_Life_Boat_3_5m_monte	</identifier>
				<transform>
					<row0>	0.0000 0.0000 -0.9000 0.0000	</row0>
					<row1>	0.0000 0.9000 0.0000 0.0000	</row1>
					<row2>	0.9000 0.0000 0.0000 0.0000	</row2>
					<row3>	0.0000 0.4267 -5.4390 1.0000	</row3>
				</transform>
			</node>
			<node>
				<identifier>	MP_IM514_Life_Boat_3_5m_monte_INDEX_1	</identifier>
				<transform>
					<row0>	0.0000 0.0000 -0.9000 0.0000	</row0>
					<row1>	0.0000 0.9000 0.0000 0.0000	</row1>
					<row2>	0.9000 0.0000 0.0000 0.0000	</row2>
					<row3>	0.0000 0.4575 -5.4390 1.0000	</row3>
				</transform>
			</node>
			<node>
				<identifier>	MP_IM622_Telephone	</identifier>
				<transform>
					<row0>	-0.9558 0.0000 -0.2940 0.0000	</row0>
					<row1>	0.0000 1.0000 0.0000 0.0000	</row1>
					<row2>	0.2940 0.0000 -0.9558 0.0000	</row2>
					<row3>	-0.1127 0.5080 -4.2574 1.0000	</row3>
				</transform>
			</node>
			<node>
				<identifier>	MP_IM622_Telephone_INDEX_1	</identifier>
				<transform>
					<row0>	-0.9558 0.0000 0.2940 0.0000	</row0>
					<row1>	0.0000 1.0000 0.0000 0.0000	</row1>
					<row2>	-0.2940 0.0000 -0.9558 0.0000	</row2>
					<row3>	0.1127 0.5080 -4.2574 1.0000	</row3>
				</transform>
			</node>
			<node>
				<identifier>	SP_YMS011_YHWL_M_1_INDEX_26	</identifier>
				<transform>
					<row0>	0.9839 0.1303 0.1227 0.0000	</row0>
					<row1>	-0.1294 0.9915 -0.0148 0.0000	</row1>
					<row2>	-0.1236 -0.0014 0.9923 0.0000	</row2>
					<row3>	-0.7256 -0.0008 -4.6699 1.0000	</row3>
				</transform>
			</node>
			<node>
				<identifier>	SP_YMS012_YHWR_M_1_INDEX_2	</identifier>
				<transform>
					<row0>	0.9671 -0.2241 -0.1208 0.0000	</row0>
					<row1>	0.2225 0.9746 -0.0264 0.0000	</row1>
					<row2>	0.1236 -0.0014 0.9923 0.0000	</row2>
					<row3>	0.7256 -0.0008 -4.6699 1.0000	</row3>
				</transform>
			</node>
			<node>
				<identifier>	SP_YMS022_YHUS_L_1_INDEX_6	</identifier>
				<transform>
					<row0>	0.1795 0.0073 -1.1680 0.0000	</row0>
					<row1>	-0.9238 0.7240 -0.1375 0.0000	</row1>
					<row2>	0.7147 0.9340 0.1157 0.0000	</row2>
					<row3>	-0.4273 -0.2723 -4.6010 1.0000	</row3>
				</transform>
			</node>
			<node>
				<identifier>	SP_YMS022_YHUS_L_1_INDEX_7	</identifier>
				<transform>
					<row0>	0.1795 -0.0073 1.1680 0.0000	</row0>
					<row1>	0.9238 0.7240 -0.1375 0.0000	</row1>
					<row2>	-0.7147 0.9340 0.1157 0.0000	</row2>
					<row3>	0.4273 -0.2723 -4.6010 1.0000	</row3>
				</transform>
			</node>
			<node>
				<identifier>	SP_YMS023_YHUC_L_1	</identifier>
				<transform>
					<row0>	0.7976 0.0000 0.0000 0.0000	</row0>
					<row1>	0.0000 0.7972 -0.0226 0.0000	</row1>
					<row2>	0.0000 0.0226 0.7972 0.0000	</row2>
					<row3>	0.1794 -0.3196 -7.1484 1.0000	</row3>
				</transform>
			</node>
			<node>
				<identifier>	SP_YMS023_YHUC_L_1_INDEX_1	</identifier>
				<transform>
					<row0>	0.7980 0.0000 0.0000 0.0000	</row0>
					<row1>	0.0000 0.7977 -0.0227 0.0000	</row1>
					<row2>	0.0000 0.0227 0.7977 0.0000	</row2>
					<row3>	0.4621 -0.3282 -6.0065 1.0000	</row3>
				</transform>
			</node>
			<node>
				<identifier>	SP_YMS023_YHUC_L_1_INDEX_2	</identifier>
				<transform>
					<row0>	0.7980 0.0000 0.0000 0.0000	</row0>
					<row1>	0.0000 0.7977 -0.0227 0.0000	</row1>
					<row2>	0.0000 0.0227 0.7977 0.0000	</row2>
					<row3>	-0.4621 -0.3282 -6.0065 1.0000	</row3>
				</transform>
			</node>
			<node>
				<identifier>	SP_YMS023_YHUC_L_1_INDEX_3	</identifier>
				<transform>
					<row0>	0.7976 0.0000 0.0000 0.0000	</row0>
					<row1>	0.0000 0.7972 -0.0226 0.0000	</row1>
					<row2>	0.0000 0.0226 0.7972 0.0000	</row2>
					<row3>	-0.1794 -0.3196 -7.1484 1.0000	</row3>
				</transform>
			</node>
			<node>
				<identifier>	SP_YMS030_YHAM_M_1	</identifier>
				<transform>
					<row0>	0.8882 0.0000 0.0000 0.0000	</row0>
					<row1>	0.0000 0.8882 0.0000 0.0000	</row1>
					<row2>	0.0000 0.0000 0.8882 0.0000	</row2>
					<row3>	0.0000 0.1176 -8.0353 1.0000	</row3>
				</transform>
			</node>
			<node>
				<identifier>	SP_YMS031_YHAL_M_1	</identifier>
				<transform>
					<row0>	0.9697 0.0000 0.2442 0.0000	</row0>
					<row1>	0.0000 1.0000 0.0000 0.0000	</row1>
					<row2>	-0.2442 0.0000 0.9697 0.0000	</row2>
					<row3>	-0.2556 0.1125 -7.6262 1.0000	</row3>
				</transform>
			</node>
			<node>
				<identifier>	SP_YMS032_YHAR_M_1	</identifier>
				<transform>
					<row0>	0.9697 0.0000 -0.2442 0.0000	</row0>
					<row1>	0.0000 1.0000 0.0000 0.0000	</row1>
					<row2>	0.2442 0.0000 0.9697 0.0000	</row2>
					<row3>	0.2556 0.1125 -7.6262 1.0000	</row3>
				</transform>
			</node>
			<node>
				<identifier>	SP_YMS041_YHCS_M_1_INDEX_6	</identifier>
				<transform>
					<row0>	-0.9802 -0.0042 0.1978 0.0000	</row0>
					<row1>	-0.0043 1.0000 0.0000 0.0000	</row1>
					<row2>	-0.1978 -0.0009 -0.9802 0.0000	</row2>
					<row3>	0.2887 0.3646 -6.8940 1.0000	</row3>
				</transform>
			</node>
			<node>
				<identifier>	SP_YMS041_YHCS_M_1_INDEX_7	</identifier>
				<transform>
					<row0>	-0.9802 0.0042 -0.1978 0.0000	</row0>
					<row1>	0.0043 1.0000 0.0000 0.0000	</row1>
					<row2>	0.1978 -0.0009 -0.9802 0.0000	</row2>
					<row3>	-0.2887 0.3646 -6.8940 1.0000	</row3>
				</transform>
			</node>
			<node>
				<identifier>	SP_YMS053_YHDC_S_1_INDEX_10	</identifier>
				<transform>
					<row0>	0.0000 0.0000 -1.0000 0.0000	</row0>
					<row1>	0.0000 1.0000 0.0000 0.0000	</row1>
					<row2>	1.0000 0.0000 0.0000 0.0000	</row2>
					<row3>	0.0655 0.2853 -6.2779 1.0000	</row3>
				</transform>
			</node>
			<node>
				<identifier>	SP_YMS053_YHDC_S_1_INDEX_11	</identifier>
				<transform>
					<row0>	0.0000 0.0000 -1.0000 0.0000	</row0>
					<row1>	0.0000 1.0000 0.0000 0.0000	</row1>
					<row2>	1.0000 0.0000 0.0000 0.0000	</row2>
					<row3>	0.6353 0.4299 -4.8160 1.0000	</row3>
				</transform>
			</node>
			<node>
				<identifier>	SP_YMS053_YHDC_S_1_INDEX_12	</identifier>
				<transform>
					<row0>	1.0000 0.0000 0.0000 0.0000	</row0>
					<row1>	0.0000 1.0000 0.0000 0.0000	</row1>
					<row2>	0.0000 0.0000 1.0000 0.0000	</row2>
					<row3>	-0.6353 0.4299 -4.8160 1.0000	</row3>
				</transform>
			</node>
			<node>
				<identifier>	SP_YMS053_YHDC_S_1_INDEX_13	</identifier>
				<transform>
					<row0>	1.0000 0.0000 0.0000 0.0000	</row0>
					<row1>	0.0000 1.0000 0.0000 0.0000	</row1>
					<row2>	0.0000 0.0000 1.0000 0.0000	</row2>
					<row3>	0.0000 0.3231 -7.8404 1.0000	</row3>
				</transform>
			</node>
			<node>
				<identifier>	SP_YMS082_YHSC_M_1_INDEX_1	</identifier>
				<transform>
					<row0>	0.1707 0.0000 -1.1878 0.0000	</row0>
					<row1>	-0.1827 1.1857 -0.0263 0.0000	</row1>
					<row2>	1.1737 0.1846 0.1687 0.0000	</row2>
					<row3>	-0.5745 0.1001 -5.7622 1.0000	</row3>
				</transform>
			</node>
			<node>
				<identifier>	SP_YMS082_YHSC_M_1_INDEX_2	</identifier>
				<transform>
					<row0>	0.1707 0.0000 -1.1878 0.0000	</row0>
					<row1>	-0.1827 1.1857 -0.0263 0.0000	</row1>
					<row2>	1.1737 0.1846 0.1687 0.0000	</row2>
					<row3>	-0.6395 0.1001 -5.3380 1.0000	</row3>
				</transform>
			</node>
			<node>
				<identifier>	SP_YMS082_YHSC_M_1_INDEX_3	</identifier>
				<transform>
					<row0>	0.1480 0.0000 -1.3922 0.0000	</row0>
					<row1>	-0.1691 1.3896 -0.0180 0.0000	</row1>
					<row2>	1.3818 0.1701 0.1469 0.0000	</row2>
					<row3>	-0.7354 0.1638 -4.7101 1.0000	</row3>
				</transform>
			</node>
			<node>
				<identifier>	SP_YMS082_YHSC_M_1_INDEX_5	</identifier>
				<transform>
					<row0>	0.1480 0.0000 1.3922 0.0000	</row0>
					<row1>	0.1691 1.3896 -0.0180 0.0000	</row1>
					<row2>	-1.3818 0.1701 0.1469 0.0000	</row2>
					<row3>	0.7354 0.1638 -4.7101 1.0000	</row3>
				</transform>
			</node>
			<node>
				<identifier>	SP_YMS082_YHSC_M_1_INDEX_6	</identifier>
				<transform>
					<row0>	0.1707 0.0000 1.1878 0.0000	</row0>
					<row1>	0.1827 1.1857 -0.0263 0.0000	</row1>
					<row2>	-1.1737 0.1846 0.1687 0.0000	</row2>
					<row3>	0.6395 0.1001 -5.3380 1.0000	</row3>
				</transform>
			</node>
			<node>
				<identifier>	SP_YMS082_YHSC_M_1_INDEX_7	</identifier>
				<transform>
					<row0>	0.1707 0.0000 1.1878 0.0000	</row0>
					<row1>	0.1827 1.1857 -0.0263 0.0000	</row1>
					<row2>	-1.1737 0.1846 0.1687 0.0000	</row2>
					<row3>	0.5745 0.1001 -5.7622 1.0000	</row3>
				</transform>
			</node>
			<node>
				<identifier>	SP_YMS083_YHSC_L_1	</identifier>
				<transform>
					<row0>	0.1344 -0.0097 0.6869 0.0000	</row0>
					<row1>	0.0768 0.6958 -0.0052 0.0000	</row1>
					<row2>	-0.6827 0.0763 0.1346 0.0000	</row2>
					<row3>	0.4906 0.2740 -6.3189 1.0000	</row3>
				</transform>
			</node>
			<node>
				<identifier>	SP_YMS083_YHSC_L_1_INDEX_6	</identifier>
				<transform>
					<row0>	0.1344 0.0097 -0.6869 0.0000	</row0>
					<row1>	-0.0768 0.6958 -0.0052 0.0000	</row1>
					<row2>	0.6827 0.0763 0.1346 0.0000	</row2>
					<row3>	-0.4906 0.2740 -6.3189 1.0000	</row3>
				</transform>
			</node>
			<node>
				<identifier>	SP_YMS096_YHZC_S_1_INDEX_2	</identifier>
				<transform>
					<row0>	1.0000 0.0000 0.0000 0.0000	</row0>
					<row1>	0.0000 1.0000 0.0000 0.0000	</row1>
					<row2>	0.0000 0.0000 1.0000 0.0000	</row2>
					<row3>	0.5207 0.4190 -4.9156 1.0000	</row3>
				</transform>
			</node>
			<node>
				<identifier>	SP_YMS096_YHZC_S_1_INDEX_3	</identifier>
				<transform>
					<row0>	1.0000 0.0000 0.0000 0.0000	</row0>
					<row1>	0.0000 1.0000 0.0000 0.0000	</row1>
					<row2>	0.0000 0.0000 1.0000 0.0000	</row2>
					<row3>	-0.5207 0.4190 -4.9156 1.0000	</row3>
				</transform>
			</node>
		</node>
	</node>
	<boundingBox>
		<min>	-0.0667 -0.0667 -0.0667	</min>
		<max>	0.0667 0.0667 0.0667	</max>
	</boundingBox>
</ISC017_Napoli_1944_Stern_ports.visual>
