<BSS006_Thrasher_1944_Bow_lod3.visual>
	<node>
		<identifier>	Scene Root	</identifier>
		<transform>
			<row0>	1.0000 0.0000 0.0000 0.0000	</row0>
			<row1>	0.0000 1.0000 0.0000 0.0000	</row1>
			<row2>	0.0000 0.0000 1.0000 0.0000	</row2>
			<row3>	0.0000 0.0000 0.0000 1.0000	</row3>
		</transform>
		<node>
			<identifier>	Bow	</identifier>
			<transform>
				<row0>	1.0000 0.0000 0.0000 0.0000	</row0>
				<row1>	0.0000 1.0000 0.0000 0.0000	</row1>
				<row2>	0.0000 0.0000 1.0000 0.0000	</row2>
				<row3>	0.0000 0.0000 0.0000 1.0000	</row3>
			</transform>
			<node>
				<identifier>	Bow_animated	</identifier>
				<transform>
					<row0>	1.0000 0.0000 0.0000 0.0000	</row0>
					<row1>	0.0000 1.0000 0.0000 0.0000	</row1>
					<row2>	0.0000 0.0000 1.0000 0.0000	</row2>
					<row3>	0.0000 0.0000 0.0000 1.0000	</row3>
				</transform>
			</node>
			<node>
				<identifier>	Bow_crack_MidFront	</identifier>
				<transform>
					<row0>	1.0000 0.0000 0.0000 0.0000	</row0>
					<row1>	0.0000 1.0000 0.0000 0.0000	</row1>
					<row2>	0.0000 0.0000 1.0000 0.0000	</row2>
					<row3>	0.0000 0.0000 0.0000 1.0000	</row3>
				</transform>
				<node>
					<identifier>	Bow_crack_MidFront_in	</identifier>
					<transform>
						<row0>	1.0000 0.0000 0.0000 0.0000	</row0>
						<row1>	0.0000 1.0000 0.0000 0.0000	</row1>
						<row2>	0.0000 0.0000 1.0000 0.0000	</row2>
						<row3>	0.0000 0.0000 0.0000 1.0000	</row3>
					</transform>
				</node>
			</node>
			<node>
				<identifier>	Bow_patch_MidFront	</identifier>
				<transform>
					<row0>	1.0000 0.0000 0.0000 0.0000	</row0>
					<row1>	0.0000 1.0000 0.0000 0.0000	</row1>
					<row2>	0.0000 0.0000 1.0000 0.0000	</row2>
					<row3>	0.0000 0.0000 0.0000 1.0000	</row3>
				</transform>
			</node>
			<node>
				<identifier>	Bow_wire	</identifier>
				<transform>
					<row0>	1.0000 0.0000 0.0000 0.0000	</row0>
					<row1>	0.0000 1.0000 0.0000 0.0000	</row1>
					<row2>	0.0000 0.0000 1.0000 0.0000	</row2>
					<row3>	0.0000 0.0000 0.0000 1.0000	</row3>
				</transform>
			</node>
		</node>
		<node>
			<identifier>	Root	</identifier>
			<transform>
				<row0>	1.0000 0.0000 0.0000 0.0000	</row0>
				<row1>	0.0000 1.0000 0.0000 0.0000	</row1>
				<row2>	0.0000 0.0000 1.0000 0.0000	</row2>
				<row3>	0.0000 0.0000 0.0000 1.0000	</row3>
			</transform>
			<node>
				<identifier>	Cap_in_01	</identifier>
				<transform>
					<row0>	1.0000 0.0000 0.0000 0.0000	</row0>
					<row1>	0.0000 0.9977 0.0683 0.0000	</row1>
					<row2>	0.0000 -0.0683 0.9977 0.0000	</row2>
					<row3>	0.0063 0.1122 2.5413 1.0000	</row3>
				</transform>
				<node>
					<identifier>	Cap_in_01_BlendBone	</identifier>
					<transform>
						<row0>	1.0000 0.0000 0.0000 0.0000	</row0>
						<row1>	0.0000 0.9977 -0.0683 0.0000	</row1>
						<row2>	0.0000 0.0683 0.9977 0.0000	</row2>
						<row3>	-0.0063 -0.2856 -2.5277 1.0000	</row3>
					</transform>
				</node>
			</node>
			<node>
				<identifier>	Cap_in_02	</identifier>
				<transform>
					<row0>	1.0000 0.0000 0.0000 0.0000	</row0>
					<row1>	0.0000 0.9977 0.0683 0.0000	</row1>
					<row2>	0.0000 -0.0683 0.9977 0.0000	</row2>
					<row3>	-0.0063 0.1082 2.5411 1.0000	</row3>
				</transform>
				<node>
					<identifier>	Cap_in_02_BlendBone	</identifier>
					<transform>
						<row0>	1.0000 0.0000 0.0000 0.0000	</row0>
						<row1>	0.0000 0.9977 -0.0683 0.0000	</row1>
						<row2>	0.0000 0.0683 0.9977 0.0000	</row2>
						<row3>	0.0063 -0.2816 -2.5277 1.0000	</row3>
					</transform>
				</node>
			</node>
			<node>
				<identifier>	Cap_in_03	</identifier>
				<transform>
					<row0>	1.0000 0.0000 0.0000 0.0000	</row0>
					<row1>	0.0000 1.0000 0.0000 0.0000	</row1>
					<row2>	0.0000 0.0000 1.0000 0.0000	</row2>
					<row3>	0.0109 -0.0102 2.4613 1.0000	</row3>
				</transform>
				<node>
					<identifier>	Cap_in_03_BlendBone	</identifier>
					<transform>
						<row0>	1.0000 0.0000 0.0000 0.0000	</row0>
						<row1>	0.0000 1.0000 0.0000 0.0000	</row1>
						<row2>	0.0000 0.0000 1.0000 0.0000	</row2>
						<row3>	-0.0109 0.0102 -2.4613 1.0000	</row3>
					</transform>
				</node>
			</node>
			<node>
				<identifier>	Cap_in_04	</identifier>
				<transform>
					<row0>	1.0000 0.0000 0.0000 0.0000	</row0>
					<row1>	0.0000 1.0000 0.0000 0.0000	</row1>
					<row2>	0.0000 0.0000 1.0000 0.0000	</row2>
					<row3>	-0.0109 -0.0087 2.4613 1.0000	</row3>
				</transform>
				<node>
					<identifier>	Cap_in_04_BlendBone	</identifier>
					<transform>
						<row0>	1.0000 0.0000 0.0000 0.0000	</row0>
						<row1>	0.0000 1.0000 0.0000 0.0000	</row1>
						<row2>	0.0000 0.0000 1.0000 0.0000	</row2>
						<row3>	0.0109 0.0087 -2.4613 1.0000	</row3>
					</transform>
				</node>
			</node>
			<node>
				<identifier>	Cap_in_05	</identifier>
				<transform>
					<row0>	1.0000 0.0000 0.0000 0.0000	</row0>
					<row1>	0.0000 1.0000 0.0000 0.0000	</row1>
					<row2>	0.0000 0.0000 1.0000 0.0000	</row2>
					<row3>	0.0109 -0.0679 2.4613 1.0000	</row3>
				</transform>
				<node>
					<identifier>	Cap_in_05_BlendBone	</identifier>
					<transform>
						<row0>	1.0000 0.0000 0.0000 0.0000	</row0>
						<row1>	0.0000 1.0000 0.0000 0.0000	</row1>
						<row2>	0.0000 0.0000 1.0000 0.0000	</row2>
						<row3>	-0.0109 0.0679 -2.4613 1.0000	</row3>
					</transform>
				</node>
			</node>
			<node>
				<identifier>	Cap_in_06	</identifier>
				<transform>
					<row0>	1.0000 0.0000 0.0000 0.0000	</row0>
					<row1>	0.0000 1.0000 0.0000 0.0000	</row1>
					<row2>	0.0000 0.0000 1.0000 0.0000	</row2>
					<row3>	-0.0109 -0.0679 2.4613 1.0000	</row3>
				</transform>
				<node>
					<identifier>	Cap_in_06_BlendBone	</identifier>
					<transform>
						<row0>	1.0000 0.0000 0.0000 0.0000	</row0>
						<row1>	0.0000 1.0000 0.0000 0.0000	</row1>
						<row2>	0.0000 0.0000 1.0000 0.0000	</row2>
						<row3>	0.0109 0.0679 -2.4613 1.0000	</row3>
					</transform>
				</node>
			</node>
			<node>
				<identifier>	Cap_in_07	</identifier>
				<transform>
					<row0>	1.0000 0.0000 0.0000 0.0000	</row0>
					<row1>	0.0000 1.0000 0.0000 0.0000	</row1>
					<row2>	0.0000 0.0000 1.0000 0.0000	</row2>
					<row3>	0.0109 -0.1258 2.4613 1.0000	</row3>
				</transform>
				<node>
					<identifier>	Cap_in_07_BlendBone	</identifier>
					<transform>
						<row0>	1.0000 0.0000 0.0000 0.0000	</row0>
						<row1>	0.0000 1.0000 0.0000 0.0000	</row1>
						<row2>	0.0000 0.0000 1.0000 0.0000	</row2>
						<row3>	-0.0109 0.1258 -2.4613 1.0000	</row3>
					</transform>
				</node>
			</node>
			<node>
				<identifier>	Cap_in_08	</identifier>
				<transform>
					<row0>	1.0000 0.0000 0.0000 0.0000	</row0>
					<row1>	0.0000 1.0000 0.0000 0.0000	</row1>
					<row2>	0.0000 0.0000 1.0000 0.0000	</row2>
					<row3>	-0.0109 -0.1258 2.4613 1.0000	</row3>
				</transform>
				<node>
					<identifier>	Cap_in_08_BlendBone	</identifier>
					<transform>
						<row0>	1.0000 0.0000 0.0000 0.0000	</row0>
						<row1>	0.0000 1.0000 0.0000 0.0000	</row1>
						<row2>	0.0000 0.0000 1.0000 0.0000	</row2>
						<row3>	0.0109 0.1258 -2.4613 1.0000	</row3>
					</transform>
				</node>
			</node>
			<node>
				<identifier>	Cap_in_09	</identifier>
				<transform>
					<row0>	0.9925 0.0000 0.1225 0.0000	</row0>
					<row1>	0.0029 0.9997 -0.0239 0.0000	</row1>
					<row2>	-0.1225 0.0241 0.9922 0.0000	</row2>
					<row3>	0.0930 0.1097 -1.2604 1.0000	</row3>
				</transform>
				<node>
					<identifier>	Cap_in_09_BlendBone	</identifier>
					<transform>
						<row0>	0.9925 0.0029 -0.1225 0.0000	</row0>
						<row1>	0.0000 0.9997 0.0241 0.0000	</row1>
						<row2>	0.1225 -0.0239 0.9922 0.0000	</row2>
						<row3>	0.0621 -0.1400 1.2593 1.0000	</row3>
					</transform>
				</node>
			</node>
			<node>
				<identifier>	Cap_in_10	</identifier>
				<transform>
					<row0>	0.9925 0.0000 -0.1225 0.0000	</row0>
					<row1>	-0.0029 0.9997 -0.0239 0.0000	</row1>
					<row2>	0.1225 0.0241 0.9922 0.0000	</row2>
					<row3>	-0.0930 0.1097 -1.2604 1.0000	</row3>
				</transform>
				<node>
					<identifier>	Cap_in_10_BlendBone	</identifier>
					<transform>
						<row0>	0.9925 -0.0029 0.1225 0.0000	</row0>
						<row1>	0.0000 0.9997 0.0241 0.0000	</row1>
						<row2>	-0.1225 -0.0239 0.9922 0.0000	</row2>
						<row3>	-0.0621 -0.1400 1.2593 1.0000	</row3>
					</transform>
				</node>
			</node>
			<node>
				<identifier>	Cap_in_11	</identifier>
				<transform>
					<row0>	1.0000 0.0000 0.0000 0.0000	</row0>
					<row1>	0.0000 1.0000 0.0000 0.0000	</row1>
					<row2>	0.0000 0.0000 1.0000 0.0000	</row2>
					<row3>	0.0068 0.0531 -2.5670 1.0000	</row3>
				</transform>
				<node>
					<identifier>	Cap_in_11_BlendBone	</identifier>
					<transform>
						<row0>	1.0000 0.0000 0.0000 0.0000	</row0>
						<row1>	0.0000 1.0000 0.0000 0.0000	</row1>
						<row2>	0.0000 0.0000 1.0000 0.0000	</row2>
						<row3>	-0.0068 -0.0531 2.5670 1.0000	</row3>
					</transform>
				</node>
			</node>
			<node>
				<identifier>	Hydroplane_back_1	</identifier>
				<transform>
					<row0>	1.0000 0.0000 0.0000 0.0000	</row0>
					<row1>	0.0000 1.0000 0.0000 0.0000	</row1>
					<row2>	0.0000 0.0000 1.0000 0.0000	</row2>
					<row3>	0.0000 -0.1364 -2.5558 1.0000	</row3>
				</transform>
				<node>
					<identifier>	Hydroplane_back_1_BlendBone	</identifier>
					<transform>
						<row0>	1.0000 0.0000 0.0000 0.0000	</row0>
						<row1>	0.0000 1.0000 0.0000 0.0000	</row1>
						<row2>	0.0000 0.0000 1.0000 0.0000	</row2>
						<row3>	0.0000 0.1364 2.5558 1.0000	</row3>
					</transform>
				</node>
			</node>
			<node>
				<identifier>	Hydroplane_front_1	</identifier>
				<transform>
					<row0>	1.0000 0.0000 0.0000 0.0000	</row0>
					<row1>	0.0000 1.0000 0.0000 0.0000	</row1>
					<row2>	0.0000 0.0000 1.0000 0.0000	</row2>
					<row3>	0.0000 0.0847 2.0020 1.0000	</row3>
				</transform>
				<node>
					<identifier>	Hydroplane_front_1_BlendBone	</identifier>
					<transform>
						<row0>	1.0000 0.0000 0.0000 0.0000	</row0>
						<row1>	0.0000 1.0000 0.0000 0.0000	</row1>
						<row2>	0.0000 0.0000 1.0000 0.0000	</row2>
						<row3>	0.0000 -0.0847 -2.0020 1.0000	</row3>
					</transform>
				</node>
			</node>
			<node>
				<identifier>	Periscope_1	</identifier>
				<transform>
					<row0>	1.0000 0.0000 0.0000 0.0000	</row0>
					<row1>	0.0000 1.0000 0.0000 0.0000	</row1>
					<row2>	0.0000 0.0000 1.0000 0.0000	</row2>
					<row3>	0.0000 0.2011 -0.0134 1.0000	</row3>
				</transform>
				<node>
					<identifier>	Periscope_1_BlendBone	</identifier>
					<transform>
						<row0>	1.0000 0.0000 0.0000 0.0000	</row0>
						<row1>	0.0000 1.0000 0.0000 0.0000	</row1>
						<row2>	0.0000 0.0000 1.0000 0.0000	</row2>
						<row3>	0.0000 -0.2011 0.0134 1.0000	</row3>
					</transform>
				</node>
			</node>
			<node>
				<identifier>	Periscope_2	</identifier>
				<transform>
					<row0>	1.0000 0.0000 0.0000 0.0000	</row0>
					<row1>	0.0000 1.0000 0.0000 0.0000	</row1>
					<row2>	0.0000 0.0000 1.0000 0.0000	</row2>
					<row3>	0.0000 0.2011 -0.1618 1.0000	</row3>
				</transform>
				<node>
					<identifier>	Periscope_2_BlendBone	</identifier>
					<transform>
						<row0>	1.0000 0.0000 0.0000 0.0000	</row0>
						<row1>	0.0000 1.0000 0.0000 0.0000	</row1>
						<row2>	0.0000 0.0000 1.0000 0.0000	</row2>
						<row3>	0.0000 -0.2011 0.1618 1.0000	</row3>
					</transform>
				</node>
			</node>
			<node>
				<identifier>	Root_BlendBone	</identifier>
				<transform>
					<row0>	1.0000 0.0000 0.0000 0.0000	</row0>
					<row1>	0.0000 1.0000 0.0000 0.0000	</row1>
					<row2>	0.0000 0.0000 1.0000 0.0000	</row2>
					<row3>	0.0000 0.0000 0.0000 1.0000	</row3>
				</transform>
			</node>
			<node>
				<identifier>	Rudder_1	</identifier>
				<transform>
					<row0>	1.0000 0.0000 0.0000 0.0000	</row0>
					<row1>	0.0000 1.0000 0.0000 0.0000	</row1>
					<row2>	0.0000 0.0000 1.0000 0.0000	</row2>
					<row3>	0.0000 -0.0449 -2.6258 1.0000	</row3>
				</transform>
				<node>
					<identifier>	Rudder_1_BlendBone	</identifier>
					<transform>
						<row0>	1.0000 0.0000 0.0000 0.0000	</row0>
						<row1>	0.0000 1.0000 0.0000 0.0000	</row1>
						<row2>	0.0000 0.0000 1.0000 0.0000	</row2>
						<row3>	0.0000 0.0449 2.6258 1.0000	</row3>
					</transform>
				</node>
			</node>
		</node>
	</node>
	<renderSet>
		<treatAsWorldSpaceObject>	true	</treatAsWorldSpaceObject>
		<node>	Root_BlendBone	</node>
		<node>	Cap_in_01_BlendBone	</node>
		<node>	Cap_in_02_BlendBone	</node>
		<node>	Cap_in_03_BlendBone	</node>
		<node>	Cap_in_04_BlendBone	</node>
		<node>	Cap_in_05_BlendBone	</node>
		<node>	Cap_in_06_BlendBone	</node>
		<node>	Cap_in_07_BlendBone	</node>
		<node>	Cap_in_08_BlendBone	</node>
		<node>	Cap_in_09_BlendBone	</node>
		<node>	Cap_in_10_BlendBone	</node>
		<node>	Cap_in_11_BlendBone	</node>
		<node>	Hydroplane_back_1_BlendBone	</node>
		<node>	Hydroplane_front_1_BlendBone	</node>
		<node>	Periscope_1_BlendBone	</node>
		<node>	Periscope_2_BlendBone	</node>
		<node>	Rudder_1_BlendBone	</node>
		<geometry>
			<vertices>	Bow_animated_lod3Shape.vertices	</vertices>
			<primitive>	Bow_animated_lod3Shape.indices	</primitive>
			<primitiveGroup>	0
				<material>
					<identifier>	TL2_SHIPMAT_PBS_Hull_skinned	</identifier>
					<mfm>	PnFMods/ModsSDK.zip/BSS110_Thrasher/ship/BSS006_Thrasher_1944_skinned.mfm	</mfm>
				</material>
			</primitiveGroup>
		</geometry>
	</renderSet>
	<renderSet>
		<treatAsWorldSpaceObject>	false	</treatAsWorldSpaceObject>
		<node>	Bow_crack_MidFront_in	</node>
		<geometry>
			<vertices>	Bow_crack_MidFront_in_lod3Shape.vertices	</vertices>
			<primitive>	Bow_crack_MidFront_in_lod3Shape.indices	</primitive>
			<primitiveGroup>	0
				<material>
					<identifier>	SHIPMAT_PBS_Crack	</identifier>
					<mfm>	PnFMods/ModsSDK.zip/BSS110_Thrasher/ship/C002_Razlom.mfm	</mfm>
				</material>
			</primitiveGroup>
		</geometry>
	</renderSet>
	<renderSet>
		<treatAsWorldSpaceObject>	false	</treatAsWorldSpaceObject>
		<node>	Bow_crack_MidFront	</node>
		<geometry>
			<vertices>	Bow_crack_MidFront_lod3Shape.vertices	</vertices>
			<primitive>	Bow_crack_MidFront_lod3Shape.indices	</primitive>
			<primitiveGroup>	0
				<material>
					<identifier>	TL2_SHIPMAT_PBS_Hull	</identifier>
					<mfm>	PnFMods/ModsSDK.zip/BSS110_Thrasher/ship/BSS006_Thrasher_1944.mfm	</mfm>
				</material>
			</primitiveGroup>
		</geometry>
	</renderSet>
	<renderSet>
		<treatAsWorldSpaceObject>	false	</treatAsWorldSpaceObject>
		<node>	Bow	</node>
		<geometry>
			<vertices>	Bow_lod3Shape.vertices	</vertices>
			<primitive>	Bow_lod3Shape.indices	</primitive>
			<primitiveGroup>	0
				<material>
					<identifier>	TL2_SHIPMAT_PBS_Hull	</identifier>
					<mfm>	PnFMods/ModsSDK.zip/BSS110_Thrasher/ship/BSS006_Thrasher_1944.mfm	</mfm>
				</material>
			</primitiveGroup>
		</geometry>
	</renderSet>
	<renderSet>
		<treatAsWorldSpaceObject>	false	</treatAsWorldSpaceObject>
		<node>	Bow_patch_MidFront	</node>
		<geometry>
			<vertices>	Bow_patch_MidFront_lod3Shape.vertices	</vertices>
			<primitive>	Bow_patch_MidFront_lod3Shape.indices	</primitive>
			<primitiveGroup>	0
				<material>
					<identifier>	TL2_SHIPMAT_PBS_Hull	</identifier>
					<mfm>	PnFMods/ModsSDK.zip/BSS110_Thrasher/ship/BSS006_Thrasher_1944.mfm	</mfm>
				</material>
			</primitiveGroup>
		</geometry>
	</renderSet>
	<renderSet>
		<treatAsWorldSpaceObject>	false	</treatAsWorldSpaceObject>
		<node>	Bow_wire	</node>
		<geometry>
			<vertices>	Bow_wire_lod3Shape.vertices	</vertices>
			<primitive>	Bow_wire_lod3Shape.indices	</primitive>
			<primitiveGroup>	0
				<material>
					<identifier>	TL2_SHIPWIRE_PBS_Hull	</identifier>
					<mfm>	PnFMods/ModsSDK.zip/BSS110_Thrasher/ship/BSS006_Thrasher_1944_wire.mfm	</mfm>
				</material>
			</primitiveGroup>
		</geometry>
	</renderSet>
	<boundingBox>
		<min>	-0.2593 -0.2853 -2.7769	</min>
		<max>	0.2593 0.4676 2.7768	</max>
	</boundingBox>
</BSS006_Thrasher_1944_Bow_lod3.visual>
