<GSB003_Scharnhorst_1939_Bow_ports.visual>
	<node>
		<identifier>	Scene Root	</identifier>
		<transform>
			<row0>	1.0000 0.0000 0.0000 0.0000	</row0>
			<row1>	0.0000 1.0000 0.0000 0.0000	</row1>
			<row2>	0.0000 0.0000 1.0000 0.0000	</row2>
			<row3>	0.0000 0.0000 0.0000 1.0000	</row3>
		</transform>
		<node>
			<identifier>	Bow_ports	</identifier>
			<transform>
				<row0>	1.0000 0.0000 0.0000 0.0000	</row0>
				<row1>	0.0000 1.0000 0.0000 0.0000	</row1>
				<row2>	0.0000 0.0000 1.0000 0.0000	</row2>
				<row3>	0.0000 0.0000 0.0000 1.0000	</row3>
			</transform>
			<node>
				<identifier>	HP_FX_Death_1	</identifier>
				<transform>
					<row0>	1.0000 0.0000 0.0000 0.0000	</row0>
					<row1>	0.0000 1.0000 0.0000 0.0000	</row1>
					<row2>	0.0000 0.0000 1.0000 0.0000	</row2>
					<row3>	0.0000 0.0000 3.2854 1.0000	</row3>
				</transform>
			</node>
			<node>
				<identifier>	HP_FX_Fire_1	</identifier>
				<transform>
					<row0>	1.0000 0.0000 0.0000 0.0000	</row0>
					<row1>	0.0000 1.0000 0.0000 0.0000	</row1>
					<row2>	0.0000 0.0000 1.0000 0.0000	</row2>
					<row3>	0.0000 0.3444 5.4613 1.0000	</row3>
				</transform>
			</node>
			<node>
				<identifier>	HP_FX_Flood_water_left_4	</identifier>
				<transform>
					<row0>	-0.9797 0.0000 0.2005 0.0000	</row0>
					<row1>	0.0000 1.0000 0.0000 0.0000	</row1>
					<row2>	-0.2005 0.0000 -0.9797 0.0000	</row2>
					<row3>	-0.3083 0.0271 5.6974 1.0000	</row3>
				</transform>
			</node>
			<node>
				<identifier>	HP_FX_Flood_water_right_4	</identifier>
				<transform>
					<row0>	0.9793 0.0000 0.2023 0.0000	</row0>
					<row1>	0.0000 1.0000 0.0000 0.0000	</row1>
					<row2>	-0.2023 0.0000 0.9793 0.0000	</row2>
					<row3>	0.3109 0.0302 5.6885 1.0000	</row3>
				</transform>
			</node>
			<node>
				<identifier>	HP_FX_RepairLight_right_1	</identifier>
				<transform>
					<row0>	0.1348 0.0000 -0.9909 0.0000	</row0>
					<row1>	0.5269 0.8469 0.0717 0.0000	</row1>
					<row2>	0.8392 -0.5317 0.1141 0.0000	</row2>
					<row3>	0.6964 0.2894 4.1065 1.0000	</row3>
				</transform>
			</node>
			<node>
				<identifier>	HP_FX_WakeTrace	</identifier>
				<transform>
					<row0>	1.0000 0.0000 0.0000 0.0000	</row0>
					<row1>	0.0000 1.0000 0.0000 0.0000	</row1>
					<row2>	0.0000 0.0000 1.0000 0.0000	</row2>
					<row3>	0.0000 0.0000 7.4713 1.0000	</row3>
				</transform>
			</node>
			<node>
				<identifier>	HP_GGM_1	</identifier>
				<transform>
					<row0>	1.0000 0.0000 0.0000 0.0000	</row0>
					<row1>	0.0000 1.0000 0.0000 0.0000	</row1>
					<row2>	0.0000 0.0000 1.0000 0.0000	</row2>
					<row3>	0.0000 0.3637 4.0727 1.0000	</row3>
				</transform>
			</node>
			<node>
				<identifier>	HP_Ship_death_1	</identifier>
				<transform>
					<row0>	1.0000 0.0000 0.0000 0.0000	</row0>
					<row1>	0.0000 1.0000 0.0000 0.0000	</row1>
					<row2>	0.0000 0.0000 1.0000 0.0000	</row2>
					<row3>	0.0000 0.0000 3.2853 1.0000	</row3>
				</transform>
			</node>
			<node>
				<identifier>	MP_CM011_Fire_Fighting_Gear	</identifier>
				<transform>
					<row0>	-1.0000 0.0000 0.0000 0.0000	</row0>
					<row1>	0.0000 1.0000 0.0000 0.0000	</row1>
					<row2>	0.0000 0.0000 -1.0000 0.0000	</row2>
					<row3>	-0.0245 0.3470 5.9660 1.0000	</row3>
				</transform>
			</node>
			<node>
				<identifier>	MP_CM015_Bundle_1	</identifier>
				<transform>
					<row0>	1.0000 0.0000 0.0000 0.0000	</row0>
					<row1>	0.0000 0.9997 -0.0227 0.0000	</row1>
					<row2>	0.0000 0.0227 0.9997 0.0000	</row2>
					<row3>	-0.0420 0.3097 5.0110 1.0000	</row3>
				</transform>
			</node>
			<node>
				<identifier>	MP_CM109_Leadsman_Platform	</identifier>
				<transform>
					<row0>	0.9778 0.0237 0.2082 0.0000	</row0>
					<row1>	0.0011 0.9930 -0.1184 0.0000	</row1>
					<row2>	-0.2095 0.1160 0.9709 0.0000	</row2>
					<row3>	0.1979 0.4519 7.2432 1.0000	</row3>
				</transform>
			</node>
			<node>
				<identifier>	MP_CM109_Leadsman_Platform_INDEX_1	</identifier>
				<transform>
					<row0>	-0.9776 0.0238 0.2090 0.0000	</row0>
					<row1>	-0.0011 0.9930 -0.1184 0.0000	</row1>
					<row2>	-0.2103 -0.1160 -0.9707 0.0000	</row2>
					<row3>	-0.1981 0.4519 7.2432 1.0000	</row3>
				</transform>
			</node>
			<node>
				<identifier>	MP_GM007_LifeBuoy	</identifier>
				<transform>
					<row0>	0.9919 0.0000 -0.1274 0.0000	</row0>
					<row1>	0.0000 1.0000 0.0000 0.0000	</row1>
					<row2>	0.1274 0.0000 0.9919 0.0000	</row2>
					<row3>	-0.6640 0.3407 4.3636 1.0000	</row3>
				</transform>
			</node>
			<node>
				<identifier>	MP_GM007_LifeBuoy_INDEX_1	</identifier>
				<transform>
					<row0>	0.9888 0.0000 -0.1493 0.0000	</row0>
					<row1>	0.0000 1.0000 0.0000 0.0000	</row1>
					<row2>	0.1493 0.0000 0.9888 0.0000	</row2>
					<row3>	-0.4801 0.3808 5.7244 1.0000	</row3>
				</transform>
			</node>
			<node>
				<identifier>	MP_GM007_LifeBuoy_INDEX_2	</identifier>
				<transform>
					<row0>	0.9888 0.0000 0.1493 0.0000	</row0>
					<row1>	0.0000 1.0000 0.0000 0.0000	</row1>
					<row2>	-0.1493 0.0000 0.9888 0.0000	</row2>
					<row3>	0.4805 0.3808 5.7244 1.0000	</row3>
				</transform>
			</node>
			<node>
				<identifier>	MP_GM007_LifeBuoy_INDEX_3	</identifier>
				<transform>
					<row0>	0.9919 0.0000 0.1274 0.0000	</row0>
					<row1>	0.0000 1.0000 0.0000 0.0000	</row1>
					<row2>	-0.1274 0.0000 0.9919 0.0000	</row2>
					<row3>	0.6643 0.3407 4.3637 1.0000	</row3>
				</transform>
			</node>
			<node>
				<identifier>	MP_GM016_Sleeve	</identifier>
				<transform>
					<row0>	1.0000 0.0000 0.0000 0.0000	</row0>
					<row1>	0.0000 0.9990 -0.0447 0.0000	</row1>
					<row2>	0.0000 0.0447 0.9990 0.0000	</row2>
					<row3>	0.0134 0.3710 5.9580 1.0000	</row3>
				</transform>
			</node>
			<node>
				<identifier>	MP_GM148_Scharnhorst_monogram	</identifier>
				<transform>
					<row0>	0.1860 -0.0869 -0.9787 0.0000	</row0>
					<row1>	0.4575 0.8892 0.0080 0.0000	</row1>
					<row2>	0.8695 -0.4493 0.2052 0.0000	</row2>
					<row3>	0.1006 0.3287 7.3471 1.0000	</row3>
				</transform>
			</node>
			<node>
				<identifier>	MP_GM148_Scharnhorst_monogram_INDEX_1	</identifier>
				<transform>
					<row0>	0.1785 0.1014 0.9787 0.0000	</row0>
					<row1>	-0.4605 0.8876 -0.0080 0.0000	</row1>
					<row2>	-0.8695 -0.4493 0.2052 0.0000	</row2>
					<row3>	-0.1006 0.3287 7.3471 1.0000	</row3>
				</transform>
			</node>
			<node>
				<identifier>	MP_GM856_Mastheadlight	</identifier>
				<transform>
					<row0>	0.9000 0.0000 0.0000 0.0000	</row0>
					<row1>	0.0000 0.9000 0.0000 0.0000	</row1>
					<row2>	0.0000 0.0000 0.9000 0.0000	</row2>
					<row3>	0.0000 0.5350 7.8400 1.0000	</row3>
				</transform>
			</node>
		</node>
	</node>
	<boundingBox>
		<min>	-0.0667 -0.0667 -0.0667	</min>
		<max>	0.0667 0.0667 0.0667	</max>
	</boundingBox>
</GSB003_Scharnhorst_1939_Bow_ports.visual>
