<USC001_Mysore_1957_Stern_ports.visual>
	<node>
		<identifier>	Scene Root	</identifier>
		<transform>
			<row0>	1.0000 0.0000 0.0000 0.0000	</row0>
			<row1>	0.0000 1.0000 0.0000 0.0000	</row1>
			<row2>	0.0000 0.0000 1.0000 0.0000	</row2>
			<row3>	0.0000 0.0000 0.0000 1.0000	</row3>
		</transform>
		<node>
			<identifier>	Stern_ports	</identifier>
			<transform>
				<row0>	1.0000 0.0000 0.0000 0.0000	</row0>
				<row1>	0.0000 1.0000 0.0000 0.0000	</row1>
				<row2>	0.0000 0.0000 1.0000 0.0000	</row2>
				<row3>	0.0000 0.0000 0.0000 1.0000	</row3>
			</transform>
			<node>
				<identifier>	HP_BGM_3	</identifier>
				<transform>
					<row0>	-1.0000 0.0000 0.0000 0.0000	</row0>
					<row1>	0.0000 1.0000 0.0000 0.0000	</row1>
					<row2>	0.0000 0.0000 -1.0000 0.0000	</row2>
					<row3>	0.0000 0.2994 -3.8417 1.0000	</row3>
				</transform>
			</node>
			<node>
				<identifier>	HP_FX_Fire_4	</identifier>
				<transform>
					<row0>	1.0000 0.0000 0.0000 0.0000	</row0>
					<row1>	0.0000 1.0000 0.0000 0.0000	</row1>
					<row2>	0.0000 0.0000 1.0000 0.0000	</row2>
					<row3>	0.0000 0.2407 -4.5375 1.0000	</row3>
				</transform>
			</node>
			<node>
				<identifier>	HP_FX_RepairLight_left_2	</identifier>
				<transform>
					<row0>	-0.0839 0.0000 0.9965 0.0000	</row0>
					<row1>	-0.0606 0.9981 -0.0051 0.0000	</row1>
					<row2>	-0.9946 -0.0608 -0.0838 0.0000	</row2>
					<row3>	-0.4837 0.2489 -3.4830 1.0000	</row3>
				</transform>
			</node>
			<node>
				<identifier>	HP_FX_RepairLight_right_1	</identifier>
				<transform>
					<row0>	-0.0851 0.0000 -0.9964 0.0000	</row0>
					<row1>	-0.0064 1.0000 0.0005 0.0000	</row1>
					<row2>	0.9963 0.0065 -0.0851 0.0000	</row2>
					<row3>	0.4868 0.2492 -3.5032 1.0000	</row3>
				</transform>
			</node>
			<node>
				<identifier>	HP_FX_WakeTraceBack	</identifier>
				<transform>
					<row0>	1.0000 0.0000 0.0000 0.0000	</row0>
					<row1>	0.0000 1.0000 0.0000 0.0000	</row1>
					<row2>	0.0000 0.0000 1.0000 0.0000	</row2>
					<row3>	0.0000 0.0000 -5.5377 1.0000	</row3>
				</transform>
			</node>
			<node>
				<identifier>	HP_FX_WakeTrace_screw_1	</identifier>
				<transform>
					<row0>	1.0000 0.0000 0.0000 0.0000	</row0>
					<row1>	0.0000 1.0000 0.0000 0.0000	</row1>
					<row2>	0.0000 0.0000 1.0000 0.0000	</row2>
					<row3>	-0.1678 -0.3439 -5.0040 1.0000	</row3>
				</transform>
			</node>
			<node>
				<identifier>	HP_FX_WakeTrace_screw_2	</identifier>
				<transform>
					<row0>	1.0000 0.0000 0.0000 0.0000	</row0>
					<row1>	0.0000 1.0000 0.0000 0.0000	</row1>
					<row2>	0.0000 0.0000 1.0000 0.0000	</row2>
					<row3>	-0.3938 -0.3255 -3.8948 1.0000	</row3>
				</transform>
			</node>
			<node>
				<identifier>	HP_FX_WakeTrace_screw_3	</identifier>
				<transform>
					<row0>	1.0000 0.0000 0.0000 0.0000	</row0>
					<row1>	0.0000 1.0000 0.0000 0.0000	</row1>
					<row2>	0.0000 0.0000 1.0000 0.0000	</row2>
					<row3>	0.3938 -0.3257 -3.9145 1.0000	</row3>
				</transform>
			</node>
			<node>
				<identifier>	HP_FX_WakeTrace_screw_4	</identifier>
				<transform>
					<row0>	1.0000 0.0000 0.0000 0.0000	</row0>
					<row1>	0.0000 1.0000 0.0000 0.0000	</row1>
					<row2>	0.0000 0.0000 1.0000 0.0000	</row2>
					<row3>	0.1567 -0.3412 -5.0164 1.0000	</row3>
				</transform>
			</node>
			<node>
				<identifier>	HP_Ship_death_3	</identifier>
				<transform>
					<row0>	1.0000 0.0000 0.0000 0.0000	</row0>
					<row1>	0.0000 1.0000 0.0000 0.0000	</row1>
					<row2>	0.0000 0.0000 1.0000 0.0000	</row2>
					<row3>	0.0000 0.0000 -3.4064 1.0000	</row3>
				</transform>
			</node>
			<node>
				<identifier>	MP_BM082_Crest_India	</identifier>
				<transform>
					<row0>	1.0000 0.0000 0.0000 0.0000	</row0>
					<row1>	0.0000 0.9851 -0.1719 0.0000	</row1>
					<row2>	0.0000 0.1719 0.9851 0.0000	</row2>
					<row3>	0.0179 0.7766 -5.6028 1.0000	</row3>
				</transform>
			</node>
			<node>
				<identifier>	MP_BM751_Deck_Hatch	</identifier>
				<transform>
					<row0>	1.0000 0.0000 0.0000 0.0000	</row0>
					<row1>	0.0000 1.0000 0.0000 0.0000	</row1>
					<row2>	0.0000 0.0000 1.0000 0.0000	</row2>
					<row3>	0.1909 0.2432 -3.6013 1.0000	</row3>
				</transform>
			</node>
			<node>
				<identifier>	MP_BM753_Deck_Hatch	</identifier>
				<transform>
					<row0>	-1.0000 0.0000 0.0000 0.0000	</row0>
					<row1>	0.0000 1.0000 0.0000 0.0000	</row1>
					<row2>	0.0000 0.0000 -1.0000 0.0000	</row2>
					<row3>	0.0419 0.2669 -4.2856 1.0000	</row3>
				</transform>
			</node>
			<node>
				<identifier>	MP_BM754_Deck_Hatch	</identifier>
				<transform>
					<row0>	0.0000 0.0000 1.0000 0.0000	</row0>
					<row1>	0.0000 1.0000 0.0000 0.0000	</row1>
					<row2>	-1.0000 0.0000 0.0000 0.0000	</row2>
					<row3>	-0.0283 0.2680 -5.3736 1.0000	</row3>
				</transform>
			</node>
			<node>
				<identifier>	MP_BM800_Ventilators_mushroom	</identifier>
				<transform>
					<row0>	-0.5000 0.0000 0.0000 0.0000	</row0>
					<row1>	0.0000 0.5000 0.0000 0.0000	</row1>
					<row2>	0.0000 0.0000 -0.5000 0.0000	</row2>
					<row3>	-0.2991 0.2518 -4.7230 1.0000	</row3>
				</transform>
			</node>
			<node>
				<identifier>	MP_BM803_Ventilation_box	</identifier>
				<transform>
					<row0>	1.0000 0.0000 0.0000 0.0000	</row0>
					<row1>	0.0000 1.0000 0.0000 0.0000	</row1>
					<row2>	0.0000 0.0000 1.0000 0.0000	</row2>
					<row3>	-0.2513 0.2563 -3.5019 1.0000	</row3>
				</transform>
			</node>
			<node>
				<identifier>	MP_BM857_Fog_Light	</identifier>
				<transform>
					<row0>	-1.0000 0.0000 0.0000 0.0000	</row0>
					<row1>	0.0000 1.0000 0.0000 0.0000	</row1>
					<row2>	0.0000 0.0000 -1.0000 0.0000	</row2>
					<row3>	0.0000 0.2905 -5.5368 1.0000	</row3>
				</transform>
			</node>
			<node>
				<identifier>	MP_BM872_Running_Lights_B	</identifier>
				<transform>
					<row0>	-1.0000 0.0000 0.0000 0.0000	</row0>
					<row1>	0.0000 1.0000 0.0000 0.0000	</row1>
					<row2>	0.0000 0.0000 -1.0000 0.0000	</row2>
					<row3>	0.0003 0.4871 -5.5639 1.0000	</row3>
				</transform>
			</node>
			<node>
				<identifier>	MP_BM872_Running_Lights_B_INDEX_1	</identifier>
				<transform>
					<row0>	-1.0000 0.0000 0.0000 0.0000	</row0>
					<row1>	0.0000 1.0000 0.0000 0.0000	</row1>
					<row2>	0.0000 0.0000 -1.0000 0.0000	</row2>
					<row3>	0.0003 0.5138 -5.5687 1.0000	</row3>
				</transform>
			</node>
			<node>
				<identifier>	MP_BM905_Crane_for_Ladder_L	</identifier>
				<transform>
					<row0>	0.9926 0.0000 0.1217 0.0000	</row0>
					<row1>	0.0000 1.0000 0.0000 0.0000	</row1>
					<row2>	-0.1217 0.0000 0.9926 0.0000	</row2>
					<row3>	-0.4211 0.2517 -4.1530 1.0000	</row3>
				</transform>
			</node>
			<node>
				<identifier>	MP_BM905_Crane_for_Ladder_L_INDEX_1	</identifier>
				<transform>
					<row0>	-0.9103 0.0000 0.4140 0.0000	</row0>
					<row1>	0.0000 1.0000 0.0000 0.0000	</row1>
					<row2>	-0.4140 0.0000 -0.9103 0.0000	</row2>
					<row3>	-0.4747 0.2503 -3.7004 1.0000	</row3>
				</transform>
			</node>
			<node>
				<identifier>	MP_BM906_Crane_for_Ladder_R	</identifier>
				<transform>
					<row0>	0.9926 0.0000 -0.1217 0.0000	</row0>
					<row1>	0.0000 1.0000 0.0000 0.0000	</row1>
					<row2>	0.1217 0.0000 0.9926 0.0000	</row2>
					<row3>	0.4218 0.2517 -4.1528 1.0000	</row3>
				</transform>
			</node>
			<node>
				<identifier>	MP_BM906_Crane_for_Ladder_R_INDEX_1	</identifier>
				<transform>
					<row0>	-0.9123 0.0000 -0.4096 0.0000	</row0>
					<row1>	0.0000 1.0000 0.0000 0.0000	</row1>
					<row2>	0.4096 0.0000 -0.9123 0.0000	</row2>
					<row3>	0.4749 0.2503 -3.7000 1.0000	</row3>
				</transform>
			</node>
			<node>
				<identifier>	MP_BM952_Bollard	</identifier>
				<transform>
					<row0>	0.7425 0.0513 0.1032 0.0000	</row0>
					<row1>	-0.0518 0.7496 0.0000 0.0000	</row1>
					<row2>	-0.1030 -0.0071 0.7443 0.0000	</row2>
					<row3>	-0.3164 0.2523 -4.5798 1.0000	</row3>
				</transform>
			</node>
			<node>
				<identifier>	MP_BM952_Bollard_INDEX_1	</identifier>
				<transform>
					<row0>	0.7425 -0.0513 -0.1032 0.0000	</row0>
					<row1>	0.0518 0.7496 0.0000 0.0000	</row1>
					<row2>	0.1030 -0.0071 0.7443 0.0000	</row2>
					<row3>	0.3164 0.2523 -4.5798 1.0000	</row3>
				</transform>
			</node>
			<node>
				<identifier>	MP_BM957_Anchor_Capstan_big	</identifier>
				<transform>
					<row0>	0.7000 0.0000 0.0000 0.0000	</row0>
					<row1>	0.0000 0.7000 0.0000 0.0000	</row1>
					<row2>	0.0000 0.0000 0.7000 0.0000	</row2>
					<row3>	0.0000 0.2630 -4.5350 1.0000	</row3>
				</transform>
			</node>
			<node>
				<identifier>	MP_CM001_Propeller3_L	</identifier>
				<transform>
					<row0>	1.0000 -0.0036 0.0053 0.0000	</row0>
					<row1>	0.0038 0.9990 -0.0453 0.0000	</row1>
					<row2>	-0.0051 0.0453 0.9990 0.0000	</row2>
					<row3>	-0.3925 -0.3249 -3.8631 1.0000	</row3>
				</transform>
			</node>
			<node>
				<identifier>	MP_CM001_Propeller3_L_INDEX_1	</identifier>
				<transform>
					<row0>	1.0000 -0.0012 0.0002 0.0000	</row0>
					<row1>	0.0012 0.9988 -0.0495 0.0000	</row1>
					<row2>	-0.0002 0.0495 0.9988 0.0000	</row2>
					<row3>	-0.1606 -0.3349 -4.9810 1.0000	</row3>
				</transform>
			</node>
			<node>
				<identifier>	MP_CM032_Propeller3_R	</identifier>
				<transform>
					<row0>	1.0000 0.0003 -0.0055 0.0000	</row0>
					<row1>	-0.0005 0.9991 -0.0414 0.0000	</row1>
					<row2>	0.0055 0.0414 0.9991 0.0000	</row2>
					<row3>	0.3926 -0.3249 -3.8631 1.0000	</row3>
				</transform>
			</node>
			<node>
				<identifier>	MP_CM032_Propeller3_R_INDEX_1	</identifier>
				<transform>
					<row0>	1.0000 0.0013 0.0071 0.0000	</row0>
					<row1>	-0.0010 0.9991 -0.0433 0.0000	</row1>
					<row2>	-0.0071 0.0433 0.9990 0.0000	</row2>
					<row3>	0.1607 -0.3349 -4.9812 1.0000	</row3>
				</transform>
			</node>
			<node>
				<identifier>	MP_CM104_Life_Buoy	</identifier>
				<transform>
					<row0>	0.1401 0.0099 0.9901 0.0000	</row0>
					<row1>	-0.0704 0.9975 0.0000 0.0000	</row1>
					<row2>	-0.9876 -0.0697 0.1405 0.0000	</row2>
					<row3>	0.3679 0.3061 -4.4238 1.0000	</row3>
				</transform>
			</node>
			<node>
				<identifier>	MP_CM104_Life_Buoy_INDEX_1	</identifier>
				<transform>
					<row0>	0.1401 -0.0099 -0.9901 0.0000	</row0>
					<row1>	0.0704 0.9975 0.0000 0.0000	</row1>
					<row2>	0.9876 -0.0697 0.1405 0.0000	</row2>
					<row3>	-0.3679 0.3061 -4.4238 1.0000	</row3>
				</transform>
			</node>
		</node>
	</node>
	<boundingBox>
		<min>	-0.0667 -0.0667 -0.0667	</min>
		<max>	0.0667 0.0667 0.0667	</max>
	</boundingBox>
</USC001_Mysore_1957_Stern_ports.visual>
