<ASC017_Baltimore_1944_Stern_ports.visual>
	<node>
		<identifier>	Scene Root	</identifier>
		<transform>
			<row0>	1.0000 0.0000 0.0000 0.0000	</row0>
			<row1>	0.0000 1.0000 0.0000 0.0000	</row1>
			<row2>	0.0000 0.0000 1.0000 0.0000	</row2>
			<row3>	0.0000 0.0000 0.0000 1.0000	</row3>
		</transform>
		<node>
			<identifier>	Stern_ports	</identifier>
			<transform>
				<row0>	1.0000 0.0000 0.0000 0.0000	</row0>
				<row1>	0.0000 1.0000 0.0000 0.0000	</row1>
				<row2>	0.0000 0.0000 1.0000 0.0000	</row2>
				<row3>	0.0000 0.0000 0.0000 1.0000	</row3>
			</transform>
			<node>
				<identifier>	HP_AC_1	</identifier>
				<transform>
					<row0>	0.8660 0.0000 0.5000 0.0000	</row0>
					<row1>	0.0000 1.0000 0.0000 0.0000	</row1>
					<row2>	-0.5000 0.0000 0.8660 0.0000	</row2>
					<row3>	-0.4398 0.5088 -5.2865 1.0000	</row3>
				</transform>
			</node>
			<node>
				<identifier>	HP_AC_2	</identifier>
				<transform>
					<row0>	0.8660 0.0000 -0.5000 0.0000	</row0>
					<row1>	0.0000 1.0000 0.0000 0.0000	</row1>
					<row2>	0.5000 0.0000 0.8660 0.0000	</row2>
					<row3>	0.4327 0.5088 -5.2865 1.0000	</row3>
				</transform>
			</node>
			<node>
				<identifier>	HP_AD_21	</identifier>
				<transform>
					<row0>	-1.0000 0.0000 0.0000 0.0000	</row0>
					<row1>	0.0000 1.0000 0.0000 0.0000	</row1>
					<row2>	0.0000 0.0000 -1.0000 0.0000	</row2>
					<row3>	-0.1191 0.5904 -6.4758 1.0000	</row3>
				</transform>
			</node>
			<node>
				<identifier>	HP_AGA_33	</identifier>
				<transform>
					<row0>	-0.7071 0.0000 0.7071 0.0000	</row0>
					<row1>	0.0000 1.0000 0.0000 0.0000	</row1>
					<row2>	-0.7071 0.0000 -0.7071 0.0000	</row2>
					<row3>	-0.5189 0.4231 -4.4260 1.0000	</row3>
				</transform>
			</node>
			<node>
				<identifier>	HP_AGA_34	</identifier>
				<transform>
					<row0>	-0.7071 0.0000 -0.7071 0.0000	</row0>
					<row1>	0.0000 1.0000 0.0000 0.0000	</row1>
					<row2>	0.7071 0.0000 -0.7071 0.0000	</row2>
					<row3>	0.5189 0.4231 -4.4260 1.0000	</row3>
				</transform>
			</node>
			<node>
				<identifier>	HP_AGA_35	</identifier>
				<transform>
					<row0>	-1.0000 0.0000 0.0000 0.0000	</row0>
					<row1>	0.0000 1.0000 0.0000 0.0000	</row1>
					<row2>	0.0000 0.0000 -1.0000 0.0000	</row2>
					<row3>	-0.0857 0.5079 -6.7369 1.0000	</row3>
				</transform>
			</node>
			<node>
				<identifier>	HP_FX_Death_3	</identifier>
				<transform>
					<row0>	1.0000 0.0000 0.0000 0.0000	</row0>
					<row1>	0.0000 1.0000 0.0000 0.0000	</row1>
					<row2>	0.0000 0.0000 1.0000 0.0000	</row2>
					<row3>	0.0000 0.0000 -4.8476 1.0000	</row3>
				</transform>
			</node>
			<node>
				<identifier>	HP_FX_Fire_4	</identifier>
				<transform>
					<row0>	1.0000 0.0000 0.0000 0.0000	</row0>
					<row1>	0.0000 1.0000 0.0000 0.0000	</row1>
					<row2>	0.0000 0.0000 1.0000 0.0000	</row2>
					<row3>	0.0000 0.4540 -5.3394 1.0000	</row3>
				</transform>
			</node>
			<node>
				<identifier>	HP_FX_WakeTraceBack	</identifier>
				<transform>
					<row0>	1.0000 0.0000 0.0000 0.0000	</row0>
					<row1>	0.0000 1.0000 0.0000 0.0000	</row1>
					<row2>	0.0000 0.0000 1.0000 0.0000	</row2>
					<row3>	0.0000 0.0000 -6.7570 1.0000	</row3>
				</transform>
			</node>
			<node>
				<identifier>	HP_FX_WakeTrace_screw_1	</identifier>
				<transform>
					<row0>	1.0000 0.0000 0.0000 0.0000	</row0>
					<row1>	0.0000 1.0000 0.0000 0.0000	</row1>
					<row2>	0.0000 0.0000 1.0000 0.0000	</row2>
					<row3>	-0.4680 -0.3429 -4.6869 1.0000	</row3>
				</transform>
			</node>
			<node>
				<identifier>	HP_FX_WakeTrace_screw_2	</identifier>
				<transform>
					<row0>	1.0000 0.0000 0.0000 0.0000	</row0>
					<row1>	0.0000 1.0000 0.0000 0.0000	</row1>
					<row2>	0.0000 0.0000 1.0000 0.0000	</row2>
					<row3>	-0.2325 -0.3424 -5.6951 1.0000	</row3>
				</transform>
			</node>
			<node>
				<identifier>	HP_FX_WakeTrace_screw_3	</identifier>
				<transform>
					<row0>	1.0000 0.0000 0.0000 0.0000	</row0>
					<row1>	0.0000 1.0000 0.0000 0.0000	</row1>
					<row2>	0.0000 0.0000 1.0000 0.0000	</row2>
					<row3>	0.4680 -0.3424 -4.6858 1.0000	</row3>
				</transform>
			</node>
			<node>
				<identifier>	HP_FX_WakeTrace_screw_4	</identifier>
				<transform>
					<row0>	1.0000 0.0000 0.0000 0.0000	</row0>
					<row1>	0.0000 1.0000 0.0000 0.0000	</row1>
					<row2>	0.0000 0.0000 1.0000 0.0000	</row2>
					<row3>	0.2325 -0.3428 -5.6962 1.0000	</row3>
				</transform>
			</node>
			<node>
				<identifier>	HP_Ship_death_3	</identifier>
				<transform>
					<row0>	1.0000 0.0000 0.0000 0.0000	</row0>
					<row1>	0.0000 1.0000 0.0000 0.0000	</row1>
					<row2>	0.0000 0.0000 1.0000 0.0000	</row2>
					<row3>	0.0000 0.0000 -4.1796 1.0000	</row3>
				</transform>
			</node>
			<node>
				<identifier>	MP_AM004_Fairlead_2	</identifier>
				<transform>
					<row0>	0.8501 0.0000 0.5266 0.0000	</row0>
					<row1>	0.0000 1.0000 0.0000 0.0000	</row1>
					<row2>	-0.5266 0.0000 0.8501 0.0000	</row2>
					<row3>	0.2681 0.4573 -6.7487 1.0000	</row3>
				</transform>
			</node>
			<node>
				<identifier>	MP_AM004_Fairlead_2_INDEX_1	</identifier>
				<transform>
					<row0>	0.0973 -0.0224 0.9950 0.0000	</row0>
					<row1>	0.0022 0.9997 0.0223 0.0000	</row1>
					<row2>	-0.9952 0.0000 0.0974 0.0000	</row2>
					<row3>	0.4789 0.4497 -6.4268 1.0000	</row3>
				</transform>
			</node>
			<node>
				<identifier>	MP_AM004_Fairlead_2_INDEX_2	</identifier>
				<transform>
					<row0>	-0.0634 -0.0148 0.9979 0.0000	</row0>
					<row1>	0.0011 0.9999 0.0149 0.0000	</row1>
					<row2>	-0.9980 0.0020 -0.0634 0.0000	</row2>
					<row3>	-0.5238 0.4381 -5.9657 1.0000	</row3>
				</transform>
			</node>
			<node>
				<identifier>	MP_AM004_Fairlead_2_INDEX_3	</identifier>
				<transform>
					<row0>	0.0726 -0.0150 0.9973 0.0000	</row0>
					<row1>	0.0011 0.9999 0.0149 0.0000	</row1>
					<row2>	-0.9974 0.0000 0.0726 0.0000	</row2>
					<row3>	0.5232 0.4382 -5.9657 1.0000	</row3>
				</transform>
			</node>
			<node>
				<identifier>	MP_AM004_Fairlead_2_INDEX_4	</identifier>
				<transform>
					<row0>	0.0517 0.0000 0.9987 0.0000	</row0>
					<row1>	0.0000 1.0000 0.0000 0.0000	</row1>
					<row2>	-0.9987 0.0000 0.0517 0.0000	</row2>
					<row3>	0.6165 0.4211 -4.4266 1.0000	</row3>
				</transform>
			</node>
			<node>
				<identifier>	MP_AM004_Fairlead_2_INDEX_5	</identifier>
				<transform>
					<row0>	0.8501 0.0000 -0.5266 0.0000	</row0>
					<row1>	0.0000 1.0000 0.0000 0.0000	</row1>
					<row2>	0.5266 0.0000 0.8501 0.0000	</row2>
					<row3>	-0.2681 0.4573 -6.7487 1.0000	</row3>
				</transform>
			</node>
			<node>
				<identifier>	MP_AM004_Fairlead_2_INDEX_6	</identifier>
				<transform>
					<row0>	0.0517 0.0000 -0.9987 0.0000	</row0>
					<row1>	0.0000 1.0000 0.0000 0.0000	</row1>
					<row2>	0.9987 0.0000 0.0517 0.0000	</row2>
					<row3>	-0.6158 0.4211 -4.4266 1.0000	</row3>
				</transform>
			</node>
			<node>
				<identifier>	MP_AM004_Fairlead_2_INDEX_7	</identifier>
				<transform>
					<row0>	-0.0968 -0.0220 0.9951 0.0000	</row0>
					<row1>	0.0022 0.9997 0.0223 0.0000	</row1>
					<row2>	-0.9953 0.0043 -0.0967 0.0000	</row2>
					<row3>	-0.4788 0.4497 -6.4268 1.0000	</row3>
				</transform>
			</node>
			<node>
				<identifier>	MP_AM005_Bollard_1	</identifier>
				<transform>
					<row0>	0.9946 -0.0017 0.1040 0.0000	</row0>
					<row1>	0.0000 0.9999 0.0165 0.0000	</row1>
					<row2>	-0.1040 -0.0164 0.9944 0.0000	</row2>
					<row3>	-0.4723 0.4436 -6.2255 1.0000	</row3>
				</transform>
			</node>
			<node>
				<identifier>	MP_AM005_Bollard_1_INDEX_1	</identifier>
				<transform>
					<row0>	0.9933 0.0019 -0.1159 0.0000	</row0>
					<row1>	0.0000 0.9999 0.0165 0.0000	</row1>
					<row2>	0.1159 -0.0164 0.9931 0.0000	</row2>
					<row3>	0.4723 0.4436 -6.2255 1.0000	</row3>
				</transform>
			</node>
			<node>
				<identifier>	MP_AM005_Bollard_1_INDEX_2	</identifier>
				<transform>
					<row0>	0.9979 0.0000 -0.0641 0.0000	</row0>
					<row1>	0.0000 1.0000 0.0000 0.0000	</row1>
					<row2>	0.0641 0.0000 0.9979 0.0000	</row2>
					<row3>	0.6054 0.4208 -4.2022 1.0000	</row3>
				</transform>
			</node>
			<node>
				<identifier>	MP_AM005_Bollard_1_INDEX_3	</identifier>
				<transform>
					<row0>	0.9979 0.0000 0.0641 0.0000	</row0>
					<row1>	0.0000 1.0000 0.0000 0.0000	</row1>
					<row2>	-0.0641 0.0000 0.9979 0.0000	</row2>
					<row3>	-0.6054 0.4208 -4.2022 1.0000	</row3>
				</transform>
			</node>
			<node>
				<identifier>	MP_AM011_Smoke_Defence	</identifier>
				<transform>
					<row0>	-1.0000 0.0000 0.0000 0.0000	</row0>
					<row1>	0.0000 1.0000 0.0000 0.0000	</row1>
					<row2>	0.0000 0.0000 -1.0000 0.0000	</row2>
					<row3>	0.1798 0.4566 -6.7113 1.0000	</row3>
				</transform>
			</node>
			<node>
				<identifier>	MP_AM011_Smoke_Defence_INDEX_1	</identifier>
				<transform>
					<row0>	-1.0000 0.0000 0.0000 0.0000	</row0>
					<row1>	0.0000 1.0000 0.0000 0.0000	</row1>
					<row2>	0.0000 0.0000 -1.0000 0.0000	</row2>
					<row3>	0.1200 0.4566 -6.7113 1.0000	</row3>
				</transform>
			</node>
			<node>
				<identifier>	MP_AM021_Ventilators_3	</identifier>
				<transform>
					<row0>	1.0000 0.0000 0.0000 0.0000	</row0>
					<row1>	0.0000 1.0000 0.0000 0.0000	</row1>
					<row2>	0.0000 0.0000 1.0000 0.0000	</row2>
					<row3>	-0.2796 0.4253 -4.6958 1.0000	</row3>
				</transform>
			</node>
			<node>
				<identifier>	MP_AM021_Ventilators_3_INDEX_1	</identifier>
				<transform>
					<row0>	1.0000 0.0000 0.0000 0.0000	</row0>
					<row1>	0.0000 1.0000 0.0000 0.0000	</row1>
					<row2>	0.0000 0.0000 1.0000 0.0000	</row2>
					<row3>	-0.0283 0.4485 -6.5262 1.0000	</row3>
				</transform>
			</node>
			<node>
				<identifier>	MP_AM021_Ventilators_3_INDEX_2	</identifier>
				<transform>
					<row0>	1.0000 0.0000 0.0000 0.0000	</row0>
					<row1>	0.0000 1.0000 0.0000 0.0000	</row1>
					<row2>	0.0000 0.0000 1.0000 0.0000	</row2>
					<row3>	0.0791 0.4253 -4.6958 1.0000	</row3>
				</transform>
			</node>
			<node>
				<identifier>	MP_AM021_Ventilators_3_INDEX_3	</identifier>
				<transform>
					<row0>	1.0000 0.0000 0.0000 0.0000	</row0>
					<row1>	0.0000 1.0000 0.0000 0.0000	</row1>
					<row2>	0.0000 0.0000 1.0000 0.0000	</row2>
					<row3>	-0.2758 0.4253 -5.0344 1.0000	</row3>
				</transform>
			</node>
			<node>
				<identifier>	MP_AM024_Hatch_2	</identifier>
				<transform>
					<row0>	0.0000 0.0000 1.0000 0.0000	</row0>
					<row1>	0.0000 1.0000 0.0000 0.0000	</row1>
					<row2>	-1.0000 0.0000 0.0000 0.0000	</row2>
					<row3>	0.0425 0.4439 -6.4305 1.0000	</row3>
				</transform>
			</node>
			<node>
				<identifier>	MP_AM024_Hatch_2_INDEX_1	</identifier>
				<transform>
					<row0>	1.0000 0.0000 0.0000 0.0000	</row0>
					<row1>	0.0000 1.0000 0.0000 0.0000	</row1>
					<row2>	0.0000 0.0000 1.0000 0.0000	</row2>
					<row3>	-0.3308 0.4243 -4.8514 1.0000	</row3>
				</transform>
			</node>
			<node>
				<identifier>	MP_AM024_Hatch_2_INDEX_2	</identifier>
				<transform>
					<row0>	1.0000 0.0000 0.0000 0.0000	</row0>
					<row1>	0.0000 1.0000 0.0000 0.0000	</row1>
					<row2>	0.0000 0.0000 1.0000 0.0000	</row2>
					<row3>	0.3308 0.4243 -4.8514 1.0000	</row3>
				</transform>
			</node>
			<node>
				<identifier>	MP_AM024_Hatch_2_INDEX_3	</identifier>
				<transform>
					<row0>	1.0000 0.0000 0.0000 0.0000	</row0>
					<row1>	0.0000 1.0000 0.0000 0.0000	</row1>
					<row2>	0.0000 0.0000 1.0000 0.0000	</row2>
					<row3>	-0.0564 0.4185 -4.3488 1.0000	</row3>
				</transform>
			</node>
			<node>
				<identifier>	MP_AM029_Ammunition_Box3	</identifier>
				<transform>
					<row0>	0.3308 0.0000 0.6508 0.0000	</row0>
					<row1>	0.0000 0.7300 0.0000 0.0000	</row1>
					<row2>	-0.6508 0.0000 0.3308 0.0000	</row2>
					<row3>	-0.4377 0.4233 -4.4672 1.0000	</row3>
				</transform>
			</node>
			<node>
				<identifier>	MP_AM029_Ammunition_Box3_INDEX_1	</identifier>
				<transform>
					<row0>	0.3308 0.0000 -0.6508 0.0000	</row0>
					<row1>	0.0000 0.7300 0.0000 0.0000	</row1>
					<row2>	0.6508 0.0000 0.3308 0.0000	</row2>
					<row3>	0.4377 0.4233 -4.4672 1.0000	</row3>
				</transform>
			</node>
			<node>
				<identifier>	MP_AM043_Aircraft_Deck_Cradle	</identifier>
				<transform>
					<row0>	1.0000 0.0000 0.0000 0.0000	</row0>
					<row1>	0.0000 0.9999 0.0138 0.0000	</row1>
					<row2>	0.0000 -0.0138 0.9999 0.0000	</row2>
					<row3>	0.3664 0.4287 -5.0595 1.0000	</row3>
				</transform>
			</node>
			<node>
				<identifier>	MP_AM044_Boat_Winch	</identifier>
				<transform>
					<row0>	0.0000 0.0000 1.0000 0.0000	</row0>
					<row1>	0.0000 1.0000 0.0000 0.0000	</row1>
					<row2>	-1.0000 0.0000 0.0000 0.0000	</row2>
					<row3>	0.0000 0.4231 -4.5355 1.0000	</row3>
				</transform>
			</node>
			<node>
				<identifier>	MP_AM046_Running_Lights_B	</identifier>
				<transform>
					<row0>	-1.0000 0.0000 0.0000 0.0000	</row0>
					<row1>	0.0000 1.0000 0.0000 0.0000	</row1>
					<row2>	0.0000 0.0000 -1.0000 0.0000	</row2>
					<row3>	-0.0865 0.5306 -6.9207 1.0000	</row3>
				</transform>
			</node>
			<node>
				<identifier>	MP_AM076_Aircfaft_Crane_1	</identifier>
				<transform>
					<row0>	0.9511 0.0000 -0.3090 0.0000	</row0>
					<row1>	0.0000 1.0000 0.0000 0.0000	</row1>
					<row2>	0.3090 0.0000 0.9511 0.0000	</row2>
					<row3>	0.3586 0.4483 -6.5162 1.0000	</row3>
				</transform>
			</node>
			<node>
				<identifier>	MP_AM076_Aircfaft_Crane_1_INDEX_1	</identifier>
				<transform>
					<row0>	0.9511 0.0000 0.3090 0.0000	</row0>
					<row1>	0.0000 1.0000 0.0000 0.0000	</row1>
					<row2>	-0.3090 0.0000 0.9511 0.0000	</row2>
					<row3>	-0.3586 0.4483 -6.5163 1.0000	</row3>
				</transform>
			</node>
			<node>
				<identifier>	MP_AM078_Crane_Control_Wheel	</identifier>
				<transform>
					<row0>	0.0000 0.0000 -1.0000 0.0000	</row0>
					<row1>	0.0000 1.0000 0.0000 0.0000	</row1>
					<row2>	1.0000 0.0000 0.0000 0.0000	</row2>
					<row3>	0.0824 0.4516 -6.5638 1.0000	</row3>
				</transform>
			</node>
			<node>
				<identifier>	MP_AM100_Spare_barrel_tube	</identifier>
				<transform>
					<row0>	0.4230 -0.8933 -0.1519 0.0000	</row0>
					<row1>	-0.8600 -0.4486 0.2433 0.0000	</row1>
					<row2>	-0.2855 0.0278 -0.9580 0.0000	</row2>
					<row3>	-0.4466 0.4296 -4.3491 1.0000	</row3>
				</transform>
			</node>
			<node>
				<identifier>	MP_AM100_Spare_barrel_tube_INDEX_1	</identifier>
				<transform>
					<row0>	-0.9387 0.1698 -0.3001 0.0000	</row0>
					<row1>	0.1703 0.9851 0.0247 0.0000	</row1>
					<row2>	0.2998 -0.0280 -0.9536 0.0000	</row2>
					<row3>	0.4466 0.4296 -4.3491 1.0000	</row3>
				</transform>
			</node>
			<node>
				<identifier>	MP_AM108_Reels_4	</identifier>
				<transform>
					<row0>	1.0000 0.0000 0.0000 0.0000	</row0>
					<row1>	0.0000 1.0000 0.0000 0.0000	</row1>
					<row2>	0.0000 0.0000 1.0000 0.0000	</row2>
					<row3>	0.2015 0.4169 -4.2921 1.0000	</row3>
				</transform>
			</node>
			<node>
				<identifier>	MP_AM108_Reels_4_INDEX_1	</identifier>
				<transform>
					<row0>	1.0000 0.0000 0.0000 0.0000	</row0>
					<row1>	0.0000 1.0000 0.0000 0.0000	</row1>
					<row2>	0.0000 0.0000 1.0000 0.0000	</row2>
					<row3>	-0.2015 0.4169 -4.2921 1.0000	</row3>
				</transform>
			</node>
			<node>
				<identifier>	MP_AM442_Multipole_Switch	</identifier>
				<transform>
					<row0>	-0.6437 0.0000 -0.2536 0.0000	</row0>
					<row1>	0.0000 0.6919 0.0000 0.0000	</row1>
					<row2>	0.2536 0.0000 -0.6437 0.0000	</row2>
					<row3>	-0.1351 0.5246 -6.5774 1.0000	</row3>
				</transform>
			</node>
			<node>
				<identifier>	MP_AM442_Multipole_Switch_INDEX_1	</identifier>
				<transform>
					<row0>	-0.3948 0.0000 0.9188 0.0000	</row0>
					<row1>	0.0000 1.0000 0.0000 0.0000	</row1>
					<row2>	-0.9188 0.0000 -0.3948 0.0000	</row2>
					<row3>	-0.1488 0.4744 -6.4886 1.0000	</row3>
				</transform>
			</node>
			<node>
				<identifier>	MP_AM529_Life_Buoy	</identifier>
				<transform>
					<row0>	0.0575 0.0000 0.9983 0.0000	</row0>
					<row1>	0.0000 1.0000 0.0000 0.0000	</row1>
					<row2>	-0.9983 0.0000 0.0575 0.0000	</row2>
					<row3>	0.5955 0.4626 -4.7118 1.0000	</row3>
				</transform>
			</node>
			<node>
				<identifier>	MP_AM529_Life_Buoy_INDEX_1	</identifier>
				<transform>
					<row0>	0.0575 0.0000 -0.9983 0.0000	</row0>
					<row1>	0.0000 1.0000 0.0000 0.0000	</row1>
					<row2>	0.9983 0.0000 0.0575 0.0000	</row2>
					<row3>	-0.5955 0.4626 -4.7118 1.0000	</row3>
				</transform>
			</node>
			<node>
				<identifier>	MP_CM002_Propeller4_L	</identifier>
				<transform>
					<row0>	0.9193 0.0000 0.0000 0.0000	</row0>
					<row1>	0.0000 0.9185 -0.0381 0.0000	</row1>
					<row2>	0.0000 0.0381 0.9185 0.0000	</row2>
					<row3>	-0.4680 -0.3429 -4.6869 1.0000	</row3>
				</transform>
			</node>
			<node>
				<identifier>	MP_CM002_Propeller4_L_INDEX_1	</identifier>
				<transform>
					<row0>	0.9193 0.0000 0.0000 0.0000	</row0>
					<row1>	0.0000 0.9185 -0.0381 0.0000	</row1>
					<row2>	0.0000 0.0381 0.9185 0.0000	</row2>
					<row3>	-0.2325 -0.3424 -5.6951 1.0000	</row3>
				</transform>
			</node>
			<node>
				<identifier>	MP_CM033_Propeller4_R	</identifier>
				<transform>
					<row0>	0.9190 0.0000 0.0000 0.0000	</row0>
					<row1>	0.0000 0.9182 -0.0381 0.0000	</row1>
					<row2>	0.0000 0.0381 0.9182 0.0000	</row2>
					<row3>	0.4680 -0.3424 -4.6858 1.0000	</row3>
				</transform>
			</node>
			<node>
				<identifier>	MP_CM033_Propeller4_R_INDEX_1	</identifier>
				<transform>
					<row0>	0.9190 0.0000 0.0000 0.0000	</row0>
					<row1>	0.0000 0.9182 -0.0381 0.0000	</row1>
					<row2>	0.0000 0.0381 0.9182 0.0000	</row2>
					<row3>	0.2325 -0.3428 -5.6962 1.0000	</row3>
				</transform>
			</node>
			<node>
				<identifier>	SP_YMS011_YHWL_M_1_INDEX_14	</identifier>
				<transform>
					<row0>	0.9923 0.1128 0.0514 0.0000	</row0>
					<row1>	-0.1129 0.9936 -0.0024 0.0000	</row1>
					<row2>	-0.0513 -0.0034 0.9987 0.0000	</row2>
					<row3>	-0.5922 0.0087 -4.5816 1.0000	</row3>
				</transform>
			</node>
			<node>
				<identifier>	SP_YMS011_YHWL_M_1_INDEX_15	</identifier>
				<transform>
					<row0>	0.9927 0.1128 0.0420 0.0000	</row0>
					<row1>	-0.1129 0.9936 -0.0013 0.0000	</row1>
					<row2>	-0.0419 -0.0034 0.9991 0.0000	</row2>
					<row3>	-0.5428 0.0127 -5.3851 1.0000	</row3>
				</transform>
			</node>
			<node>
				<identifier>	SP_YMS011_YHWL_M_1_INDEX_16	</identifier>
				<transform>
					<row0>	0.9869 0.1128 0.1153 0.0000	</row0>
					<row1>	-0.1125 0.9936 -0.0097 0.0000	</row1>
					<row2>	-0.1156 -0.0034 0.9933 0.0000	</row2>
					<row3>	-0.4904 0.0170 -6.1450 1.0000	</row3>
				</transform>
			</node>
			<node>
				<identifier>	SP_YMS012_YHWR_M_1_INDEX_14	</identifier>
				<transform>
					<row0>	0.9923 -0.1128 -0.0514 0.0000	</row0>
					<row1>	0.1129 0.9936 -0.0024 0.0000	</row1>
					<row2>	0.0513 -0.0034 0.9987 0.0000	</row2>
					<row3>	0.5922 0.0087 -4.5816 1.0000	</row3>
				</transform>
			</node>
			<node>
				<identifier>	SP_YMS012_YHWR_M_1_INDEX_15	</identifier>
				<transform>
					<row0>	0.9927 -0.1128 -0.0420 0.0000	</row0>
					<row1>	0.1129 0.9936 -0.0013 0.0000	</row1>
					<row2>	0.0419 -0.0034 0.9991 0.0000	</row2>
					<row3>	0.5428 0.0127 -5.3851 1.0000	</row3>
				</transform>
			</node>
			<node>
				<identifier>	SP_YMS012_YHWR_M_1_INDEX_16	</identifier>
				<transform>
					<row0>	0.9869 -0.1128 -0.1153 0.0000	</row0>
					<row1>	0.1125 0.9936 -0.0097 0.0000	</row1>
					<row2>	0.1156 -0.0034 0.9933 0.0000	</row2>
					<row3>	0.4904 0.0170 -6.1450 1.0000	</row3>
				</transform>
			</node>
			<node>
				<identifier>	SP_YMS023_YHUC_L_1	</identifier>
				<transform>
					<row0>	0.7859 -0.0007 -0.0172 0.0000	</row0>
					<row1>	0.0002 0.7857 -0.0220 0.0000	</row1>
					<row2>	0.0172 0.0220 0.7855 0.0000	</row2>
					<row3>	-0.4680 -0.3429 -4.6869 1.0000	</row3>
				</transform>
			</node>
			<node>
				<identifier>	SP_YMS023_YHUC_L_1_INDEX_1	</identifier>
				<transform>
					<row0>	0.7859 0.0007 0.0172 0.0000	</row0>
					<row1>	-0.0002 0.7857 -0.0220 0.0000	</row1>
					<row2>	-0.0172 0.0220 0.7855 0.0000	</row2>
					<row3>	0.4680 -0.3429 -4.6869 1.0000	</row3>
				</transform>
			</node>
			<node>
				<identifier>	SP_YMS023_YHUC_L_1_INDEX_2	</identifier>
				<transform>
					<row0>	0.7563 -0.0006 -0.0148 0.0000	</row0>
					<row1>	0.0003 0.7562 -0.0180 0.0000	</row1>
					<row2>	0.0149 0.0180 0.7561 0.0000	</row2>
					<row3>	-0.2325 -0.3424 -5.7729 1.0000	</row3>
				</transform>
			</node>
			<node>
				<identifier>	SP_YMS023_YHUC_L_1_INDEX_3	</identifier>
				<transform>
					<row0>	0.7563 0.0006 0.0148 0.0000	</row0>
					<row1>	-0.0003 0.7562 -0.0180 0.0000	</row1>
					<row2>	-0.0149 0.0180 0.7561 0.0000	</row2>
					<row3>	0.2325 -0.3424 -5.7729 1.0000	</row3>
				</transform>
			</node>
			<node>
				<identifier>	SP_YMS030_YHAM_M_1	</identifier>
				<transform>
					<row0>	0.8394 0.0000 0.0000 0.0000	</row0>
					<row1>	0.0000 0.8394 0.0000 0.0000	</row1>
					<row2>	0.0000 0.0000 0.8394 0.0000	</row2>
					<row3>	0.0000 0.2391 -6.7427 1.0000	</row3>
				</transform>
			</node>
			<node>
				<identifier>	SP_YMS031_YHAL_M_1	</identifier>
				<transform>
					<row0>	1.1768 -0.0034 0.1210 0.0000	</row0>
					<row1>	-0.0034 1.1811 0.0667 0.0000	</row1>
					<row2>	-0.1210 -0.0667 1.1749 0.0000	</row2>
					<row3>	-0.5203 0.2645 -6.3661 1.0000	</row3>
				</transform>
			</node>
			<node>
				<identifier>	SP_YMS032_YHAR_M_1	</identifier>
				<transform>
					<row0>	1.1768 0.0034 -0.1210 0.0000	</row0>
					<row1>	0.0034 1.1811 0.0667 0.0000	</row1>
					<row2>	0.1210 -0.0667 1.1749 0.0000	</row2>
					<row3>	0.5203 0.2645 -6.3661 1.0000	</row3>
				</transform>
			</node>
			<node>
				<identifier>	SP_YMS051_YHDL_L_1_INDEX_1	</identifier>
				<transform>
					<row0>	0.8139 -0.0730 0.0637 0.0000	</row0>
					<row1>	0.0716 0.8162 0.0207 0.0000	</row1>
					<row2>	-0.0653 -0.0150 0.8169 0.0000	</row2>
					<row3>	-0.5815 0.4302 -5.1301 1.0000	</row3>
				</transform>
			</node>
			<node>
				<identifier>	SP_YMS052_YHDR_L_1_INDEX_1	</identifier>
				<transform>
					<row0>	0.8139 0.0730 -0.0637 0.0000	</row0>
					<row1>	-0.0716 0.8162 0.0207 0.0000	</row1>
					<row2>	0.0653 -0.0150 0.8169 0.0000	</row2>
					<row3>	0.5815 0.4302 -5.1301 1.0000	</row3>
				</transform>
			</node>
			<node>
				<identifier>	SP_YMS053_YHDC_S_1_INDEX_18	</identifier>
				<transform>
					<row0>	1.0000 0.0000 0.0000 0.0000	</row0>
					<row1>	0.0000 1.0000 -0.0037 0.0000	</row1>
					<row2>	0.0000 0.0037 1.0000 0.0000	</row2>
					<row3>	-0.2710 0.4349 -4.4910 1.0000	</row3>
				</transform>
			</node>
			<node>
				<identifier>	SP_YMS053_YHDC_S_1_INDEX_19	</identifier>
				<transform>
					<row0>	1.0000 0.0000 0.0000 0.0000	</row0>
					<row1>	0.0000 1.0000 -0.0037 0.0000	</row1>
					<row2>	0.0000 0.0037 1.0000 0.0000	</row2>
					<row3>	0.2710 0.4349 -4.4910 1.0000	</row3>
				</transform>
			</node>
			<node>
				<identifier>	SP_YMS053_YHDC_S_1_INDEX_20	</identifier>
				<transform>
					<row0>	1.0000 0.0000 0.0000 0.0000	</row0>
					<row1>	0.0000 1.0000 -0.0037 0.0000	</row1>
					<row2>	0.0000 0.0037 1.0000 0.0000	</row2>
					<row3>	-0.3719 0.4497 -6.3703 1.0000	</row3>
				</transform>
			</node>
			<node>
				<identifier>	SP_YMS053_YHDC_S_1_INDEX_21	</identifier>
				<transform>
					<row0>	1.0000 0.0000 0.0000 0.0000	</row0>
					<row1>	0.0000 1.0000 -0.0037 0.0000	</row1>
					<row2>	0.0000 0.0037 1.0000 0.0000	</row2>
					<row3>	0.3719 0.4497 -6.3703 1.0000	</row3>
				</transform>
			</node>
			<node>
				<identifier>	SP_YMS062_YHGH_M_1_INDEX_4	</identifier>
				<transform>
					<row0>	0.3977 0.0000 0.0000 0.0000	</row0>
					<row1>	0.0000 0.3980 0.0000 0.0000	</row1>
					<row2>	0.0000 0.0000 0.3977 0.0000	</row2>
					<row3>	-0.1181 0.6652 -6.4759 1.0000	</row3>
				</transform>
			</node>
			<node>
				<identifier>	SP_YMS062_YHGH_M_1_INDEX_5	</identifier>
				<transform>
					<row0>	-0.3977 0.0000 0.0000 0.0000	</row0>
					<row1>	0.0000 0.3980 0.0000 0.0000	</row1>
					<row2>	0.0000 0.0000 -0.3977 0.0000	</row2>
					<row3>	-0.1181 0.6652 -6.4759 1.0000	</row3>
				</transform>
			</node>
			<node>
				<identifier>	SP_YMS070_YHHC_L_1	</identifier>
				<transform>
					<row0>	0.8426 0.0000 0.0000 0.0000	</row0>
					<row1>	0.0000 0.8424 0.0174 0.0000	</row1>
					<row2>	0.0000 -0.0174 0.8424 0.0000	</row2>
					<row3>	0.0000 0.5299 -6.0203 1.0000	</row3>
				</transform>
			</node>
			<node>
				<identifier>	SP_YMS080_YHSL_M_1_INDEX_1	</identifier>
				<transform>
					<row0>	0.5404 0.0054 0.0239 0.0000	</row0>
					<row1>	-0.0064 0.5405 0.0206 0.0000	</row1>
					<row2>	-0.0237 -0.0209 0.5400 0.0000	</row2>
					<row3>	-0.5628 0.2331 -5.6222 1.0000	</row3>
				</transform>
			</node>
			<node>
				<identifier>	SP_YMS081_YHSR_M_1_INDEX_2	</identifier>
				<transform>
					<row0>	0.5404 -0.0054 -0.0239 0.0000	</row0>
					<row1>	0.0064 0.5405 0.0206 0.0000	</row1>
					<row2>	0.0237 -0.0209 0.5400 0.0000	</row2>
					<row3>	0.5628 0.2331 -5.6222 1.0000	</row3>
				</transform>
			</node>
		</node>
	</node>
	<boundingBox>
		<min>	-0.0667 -0.0667 -0.0667	</min>
		<max>	0.0667 0.0667 0.0667	</max>
	</boundingBox>
</ASC017_Baltimore_1944_Stern_ports.visual>
