<GSA004_Parseval_1945_MidBack_ports.visual>
	<node>
		<identifier>	Scene Root	</identifier>
		<transform>
			<row0>	1.0000 0.0000 0.0000 0.0000	</row0>
			<row1>	0.0000 1.0000 0.0000 0.0000	</row1>
			<row2>	0.0000 0.0000 1.0000 0.0000	</row2>
			<row3>	0.0000 0.0000 0.0000 1.0000	</row3>
		</transform>
		<node>
			<identifier>	MidBack_ports	</identifier>
			<transform>
				<row0>	1.0000 0.0000 0.0000 0.0000	</row0>
				<row1>	0.0000 1.0000 0.0000 0.0000	</row1>
				<row2>	0.0000 0.0000 1.0000 0.0000	</row2>
				<row3>	0.0000 0.0000 0.0000 1.0000	</row3>
			</transform>
			<node>
				<identifier>	HP_Deck_10	</identifier>
				<transform>
					<row0>	1.0000 0.0000 0.0000 0.0000	</row0>
					<row1>	0.0000 1.0000 0.0000 0.0000	</row1>
					<row2>	0.0000 0.0000 1.0000 0.0000	</row2>
					<row3>	-0.2345 0.9092 0.6723 1.0000	</row3>
				</transform>
			</node>
			<node>
				<identifier>	HP_Deck_11	</identifier>
				<transform>
					<row0>	1.0000 0.0000 0.0000 0.0000	</row0>
					<row1>	0.0000 1.0000 0.0000 0.0000	</row1>
					<row2>	0.0000 0.0000 1.0000 0.0000	</row2>
					<row3>	-0.2374 0.9077 1.7828 1.0000	</row3>
				</transform>
			</node>
			<node>
				<identifier>	HP_FX_Death_2	</identifier>
				<transform>
					<row0>	1.0000 0.0000 0.0000 0.0000	</row0>
					<row1>	0.0000 1.0000 0.0000 0.0000	</row1>
					<row2>	0.0000 0.0000 1.0000 0.0000	</row2>
					<row3>	0.0000 0.0000 -0.6294 1.0000	</row3>
				</transform>
			</node>
			<node>
				<identifier>	HP_FX_Fire_3	</identifier>
				<transform>
					<row0>	0.5891 -0.1650 0.7910 0.0000	</row0>
					<row1>	0.2697 0.9629 0.0000 0.0000	</row1>
					<row2>	-0.7617 0.2134 0.6118 0.0000	</row2>
					<row3>	0.6577 0.9448 -2.5853 1.0000	</row3>
				</transform>
			</node>
			<node>
				<identifier>	HP_FX_Fire_3_side_1	</identifier>
				<transform>
					<row0>	1.0000 0.0000 0.0000 0.0000	</row0>
					<row1>	0.0000 1.0000 0.0000 0.0000	</row1>
					<row2>	0.0000 0.0000 1.0000 0.0000	</row2>
					<row3>	-0.7466 0.9246 -1.0091 1.0000	</row3>
				</transform>
			</node>
			<node>
				<identifier>	HP_FX_Fire_3_side_2	</identifier>
				<transform>
					<row0>	1.0000 0.0000 0.0000 0.0000	</row0>
					<row1>	0.0000 1.0000 0.0000 0.0000	</row1>
					<row2>	0.0000 0.0000 1.0000 0.0000	</row2>
					<row3>	-0.0850 0.9265 -3.9055 1.0000	</row3>
				</transform>
			</node>
			<node>
				<identifier>	HP_GGA_15	</identifier>
				<transform>
					<row0>	0.0000 0.0000 -1.0000 0.0000	</row0>
					<row1>	0.0000 1.0000 0.0000 0.0000	</row1>
					<row2>	1.0000 0.0000 0.0000 0.0000	</row2>
					<row3>	1.0762 0.7443 -2.5782 1.0000	</row3>
				</transform>
			</node>
			<node>
				<identifier>	HP_GGA_16	</identifier>
				<transform>
					<row0>	0.0193 0.0000 0.9998 0.0000	</row0>
					<row1>	0.0000 1.0000 0.0000 0.0000	</row1>
					<row2>	-0.9998 0.0000 0.0193 0.0000	</row2>
					<row3>	-1.1364 0.7450 -2.5791 1.0000	</row3>
				</transform>
			</node>
			<node>
				<identifier>	HP_GGA_17	</identifier>
				<transform>
					<row0>	0.0000 0.0000 -1.0000 0.0000	</row0>
					<row1>	0.0000 1.0000 0.0000 0.0000	</row1>
					<row2>	1.0000 0.0000 0.0000 0.0000	</row2>
					<row3>	1.0633 0.7376 -4.0449 1.0000	</row3>
				</transform>
			</node>
			<node>
				<identifier>	HP_GGA_18	</identifier>
				<transform>
					<row0>	0.0000 0.0000 1.0000 0.0000	</row0>
					<row1>	0.0000 1.0000 0.0000 0.0000	</row1>
					<row2>	-1.0000 0.0000 0.0000 0.0000	</row2>
					<row3>	-1.1395 0.7385 -4.0451 1.0000	</row3>
				</transform>
			</node>
			<node>
				<identifier>	HP_Ship_death_2	</identifier>
				<transform>
					<row0>	1.0000 0.0000 0.0000 0.0000	</row0>
					<row1>	0.0000 1.0000 0.0000 0.0000	</row1>
					<row2>	0.0000 0.0000 1.0000 0.0000	</row2>
					<row3>	0.0000 0.0000 -0.6141 1.0000	</row3>
				</transform>
			</node>
			<node>
				<identifier>	MP_CM011_Fire_Fighting_Gear	</identifier>
				<transform>
					<row0>	0.0000 0.0000 1.0000 0.0000	</row0>
					<row1>	0.0000 1.0000 0.0000 0.0000	</row1>
					<row2>	-1.0000 0.0000 0.0000 0.0000	</row2>
					<row3>	0.4929 0.4068 -1.5874 1.0000	</row3>
				</transform>
			</node>
			<node>
				<identifier>	MP_CM011_Fire_Fighting_Gear_INDEX_1	</identifier>
				<transform>
					<row0>	0.0000 0.0000 -1.0000 0.0000	</row0>
					<row1>	0.0000 1.0000 0.0000 0.0000	</row1>
					<row2>	1.0000 0.0000 0.0000 0.0000	</row2>
					<row3>	-0.6829 0.4068 -3.1935 1.0000	</row3>
				</transform>
			</node>
			<node>
				<identifier>	MP_CM011_Fire_Fighting_Gear_INDEX_2	</identifier>
				<transform>
					<row0>	0.0000 0.0000 -1.0000 0.0000	</row0>
					<row1>	0.0000 1.0000 0.0000 0.0000	</row1>
					<row2>	1.0000 0.0000 0.0000 0.0000	</row2>
					<row3>	-0.6852 0.4068 -0.9088 1.0000	</row3>
				</transform>
			</node>
			<node>
				<identifier>	MP_CM011_Fire_Fighting_Gear_INDEX_3	</identifier>
				<transform>
					<row0>	0.0000 0.0000 1.0000 0.0000	</row0>
					<row1>	0.0000 1.0000 0.0000 0.0000	</row1>
					<row2>	-1.0000 0.0000 0.0000 0.0000	</row2>
					<row3>	0.4929 0.4068 -2.2897 1.0000	</row3>
				</transform>
			</node>
			<node>
				<identifier>	MP_CM011_Fire_Fighting_Gear_INDEX_4	</identifier>
				<transform>
					<row0>	0.0000 0.0000 -1.0000 0.0000	</row0>
					<row1>	0.0000 1.0000 0.0000 0.0000	</row1>
					<row2>	1.0000 0.0000 0.0000 0.0000	</row2>
					<row3>	-0.6825 0.4068 -2.4457 1.0000	</row3>
				</transform>
			</node>
			<node>
				<identifier>	MP_CM012_Fire_Hose_Rack_1	</identifier>
				<transform>
					<row0>	-1.0000 0.0000 0.0000 0.0000	</row0>
					<row1>	0.0000 1.0000 0.0000 0.0000	</row1>
					<row2>	0.0000 0.0000 -1.0000 0.0000	</row2>
					<row3>	0.9158 1.1427 2.3204 1.0000	</row3>
				</transform>
			</node>
			<node>
				<identifier>	MP_CM012_Fire_Hose_Rack_1_INDEX_1	</identifier>
				<transform>
					<row0>	1.0000 0.0000 0.0000 0.0000	</row0>
					<row1>	0.0000 1.0000 0.0000 0.0000	</row1>
					<row2>	0.0000 0.0000 1.0000 0.0000	</row2>
					<row3>	0.5925 0.9576 3.9805 1.0000	</row3>
				</transform>
			</node>
			<node>
				<identifier>	MP_CM012_Fire_Hose_Rack_1_INDEX_10	</identifier>
				<transform>
					<row0>	-0.2661 0.0000 0.9639 0.0000	</row0>
					<row1>	0.0000 1.0000 0.0000 0.0000	</row1>
					<row2>	-0.9639 0.0000 -0.2661 0.0000	</row2>
					<row3>	0.9808 0.8538 -1.8773 1.0000	</row3>
				</transform>
			</node>
			<node>
				<identifier>	MP_CM012_Fire_Hose_Rack_1_INDEX_11	</identifier>
				<transform>
					<row0>	1.0000 0.0000 0.0000 0.0000	</row0>
					<row1>	0.0000 1.0000 0.0000 0.0000	</row1>
					<row2>	0.0000 0.0000 1.0000 0.0000	</row2>
					<row3>	0.5925 0.9576 2.3120 1.0000	</row3>
				</transform>
			</node>
			<node>
				<identifier>	MP_CM012_Fire_Hose_Rack_1_INDEX_12	</identifier>
				<transform>
					<row0>	-1.0000 0.0000 0.0000 0.0000	</row0>
					<row1>	0.0000 1.0000 0.0000 0.0000	</row1>
					<row2>	0.0000 0.0000 -1.0000 0.0000	</row2>
					<row3>	0.9617 1.1427 3.6245 1.0000	</row3>
				</transform>
			</node>
			<node>
				<identifier>	MP_CM012_Fire_Hose_Rack_1_INDEX_13	</identifier>
				<transform>
					<row0>	1.0000 0.0000 0.0000 0.0000	</row0>
					<row1>	0.0000 1.0000 0.0000 0.0000	</row1>
					<row2>	0.0000 0.0000 1.0000 0.0000	</row2>
					<row3>	0.5922 0.9576 -0.2749 1.0000	</row3>
				</transform>
			</node>
			<node>
				<identifier>	MP_CM012_Fire_Hose_Rack_1_INDEX_14	</identifier>
				<transform>
					<row0>	-1.0000 0.0000 0.0000 0.0000	</row0>
					<row1>	0.0000 1.0000 0.0000 0.0000	</row1>
					<row2>	0.0000 0.0000 -1.0000 0.0000	</row2>
					<row3>	0.7436 0.9565 1.5514 1.0000	</row3>
				</transform>
			</node>
			<node>
				<identifier>	MP_CM012_Fire_Hose_Rack_1_INDEX_2	</identifier>
				<transform>
					<row0>	1.0000 0.0036 0.0000 0.0000	</row0>
					<row1>	-0.0036 0.9998 -0.0217 0.0000	</row1>
					<row2>	0.0000 0.0217 0.9998 0.0000	</row2>
					<row3>	-0.5706 0.4734 2.0692 1.0000	</row3>
				</transform>
			</node>
			<node>
				<identifier>	MP_CM012_Fire_Hose_Rack_1_INDEX_3	</identifier>
				<transform>
					<row0>	1.0000 0.0036 0.0000 0.0000	</row0>
					<row1>	-0.0036 0.9998 -0.0217 0.0000	</row1>
					<row2>	0.0000 0.0217 0.9998 0.0000	</row2>
					<row3>	-0.5706 0.4875 -0.0249 1.0000	</row3>
				</transform>
			</node>
			<node>
				<identifier>	MP_CM012_Fire_Hose_Rack_1_INDEX_4	</identifier>
				<transform>
					<row0>	1.0000 0.0036 0.0000 0.0000	</row0>
					<row1>	-0.0036 0.9998 -0.0217 0.0000	</row1>
					<row2>	0.0000 0.0217 0.9998 0.0000	</row2>
					<row3>	-0.6761 0.4678 -0.9357 1.0000	</row3>
				</transform>
			</node>
			<node>
				<identifier>	MP_CM012_Fire_Hose_Rack_1_INDEX_5	</identifier>
				<transform>
					<row0>	1.0000 0.0000 0.0000 0.0000	</row0>
					<row1>	0.0000 1.0000 0.0000 0.0000	</row1>
					<row2>	0.0000 0.0000 1.0000 0.0000	</row2>
					<row3>	0.5925 0.9576 0.8239 1.0000	</row3>
				</transform>
			</node>
			<node>
				<identifier>	MP_CM012_Fire_Hose_Rack_1_INDEX_6	</identifier>
				<transform>
					<row0>	1.0000 0.0036 0.0000 0.0000	</row0>
					<row1>	-0.0036 0.9998 -0.0217 0.0000	</row1>
					<row2>	0.0000 0.0217 0.9998 0.0000	</row2>
					<row3>	-0.6765 0.4523 -3.2199 1.0000	</row3>
				</transform>
			</node>
			<node>
				<identifier>	MP_CM012_Fire_Hose_Rack_1_INDEX_7	</identifier>
				<transform>
					<row0>	1.0000 0.0036 0.0000 0.0000	</row0>
					<row1>	-0.0036 0.9998 -0.0217 0.0000	</row1>
					<row2>	0.0000 0.0217 0.9998 0.0000	</row2>
					<row3>	-0.5706 0.4734 2.2109 1.0000	</row3>
				</transform>
			</node>
			<node>
				<identifier>	MP_CM012_Fire_Hose_Rack_1_INDEX_8	</identifier>
				<transform>
					<row0>	1.0000 0.0036 0.0000 0.0000	</row0>
					<row1>	-0.0036 0.9998 -0.0217 0.0000	</row1>
					<row2>	0.0000 0.0217 0.9998 0.0000	</row2>
					<row3>	-0.5706 0.4875 1.2690 1.0000	</row3>
				</transform>
			</node>
			<node>
				<identifier>	MP_CM012_Fire_Hose_Rack_1_INDEX_9	</identifier>
				<transform>
					<row0>	1.0000 0.0036 0.0000 0.0000	</row0>
					<row1>	-0.0036 0.9998 -0.0217 0.0000	</row1>
					<row2>	0.0000 0.0217 0.9998 0.0000	</row2>
					<row3>	-0.6758 0.4686 -2.4660 1.0000	</row3>
				</transform>
			</node>
			<node>
				<identifier>	MP_CM014_Fuel_Oil_Hose	</identifier>
				<transform>
					<row0>	-1.0000 0.0000 0.0000 0.0000	</row0>
					<row1>	0.0000 -1.0000 0.0000 0.0000	</row1>
					<row2>	0.0000 0.0000 1.0000 0.0000	</row2>
					<row3>	0.4846 0.4408 -2.1953 1.0000	</row3>
				</transform>
			</node>
			<node>
				<identifier>	MP_CM014_Fuel_Oil_Hose_INDEX_1	</identifier>
				<transform>
					<row0>	1.0000 0.0000 0.0000 0.0000	</row0>
					<row1>	0.0000 1.0000 0.0000 0.0000	</row1>
					<row2>	0.0000 0.0000 1.0000 0.0000	</row2>
					<row3>	-0.6775 0.4359 -2.8514 1.0000	</row3>
				</transform>
			</node>
			<node>
				<identifier>	MP_CM014_Fuel_Oil_Hose_INDEX_2	</identifier>
				<transform>
					<row0>	-1.0000 0.0000 0.0000 0.0000	</row0>
					<row1>	0.0000 -1.0000 0.0000 0.0000	</row1>
					<row2>	0.0000 0.0000 1.0000 0.0000	</row2>
					<row3>	0.6414 0.4408 -3.0942 1.0000	</row3>
				</transform>
			</node>
			<node>
				<identifier>	MP_CM014_Fuel_Oil_Hose_INDEX_3	</identifier>
				<transform>
					<row0>	-1.0000 0.0000 0.0000 0.0000	</row0>
					<row1>	0.0000 -1.0000 0.0000 0.0000	</row1>
					<row2>	0.0000 0.0000 1.0000 0.0000	</row2>
					<row3>	0.4831 0.4408 -1.4903 1.0000	</row3>
				</transform>
			</node>
			<node>
				<identifier>	MP_CM029_Emergency_Box	</identifier>
				<transform>
					<row0>	-0.0016 -0.0045 1.0000 0.0000	</row0>
					<row1>	0.0175 0.9998 0.0045 0.0000	</row1>
					<row2>	-0.9998 0.0175 -0.0015 0.0000	</row2>
					<row3>	0.9015 0.8521 -3.5176 1.0000	</row3>
				</transform>
			</node>
			<node>
				<identifier>	MP_CM029_Emergency_Box_INDEX_1	</identifier>
				<transform>
					<row0>	0.0000 0.0000 -1.0000 0.0000	</row0>
					<row1>	0.0000 1.0000 0.0000 0.0000	</row1>
					<row2>	1.0000 0.0000 0.0000 0.0000	</row2>
					<row3>	-1.0030 0.8612 -1.1832 1.0000	</row3>
				</transform>
			</node>
			<node>
				<identifier>	MP_CM029_Emergency_Box_INDEX_2	</identifier>
				<transform>
					<row0>	-0.0127 0.0000 -0.9999 0.0000	</row0>
					<row1>	-0.1464 0.9892 0.0019 0.0000	</row1>
					<row2>	0.9891 0.1464 -0.0125 0.0000	</row2>
					<row3>	-0.9898 0.8615 -3.4222 1.0000	</row3>
				</transform>
			</node>
			<node>
				<identifier>	MP_CM029_Emergency_Box_INDEX_3	</identifier>
				<transform>
					<row0>	0.0541 0.0015 0.9985 0.0000	</row0>
					<row1>	-0.0666 0.9978 0.0021 0.0000	</row1>
					<row2>	-0.9963 -0.0666 0.0541 0.0000	</row2>
					<row3>	0.9479 0.8451 -2.1589 1.0000	</row3>
				</transform>
			</node>
			<node>
				<identifier>	MP_CM051_Fire_Fighting_Gear	</identifier>
				<transform>
					<row0>	0.9962 0.0000 -0.0872 0.0000	</row0>
					<row1>	-0.0872 0.0000 -0.9962 0.0000	</row1>
					<row2>	0.0000 1.0000 0.0000 0.0000	</row2>
					<row3>	0.9611 0.8148 -1.9065 1.0000	</row3>
				</transform>
			</node>
			<node>
				<identifier>	MP_CM090_Accommodation_Ladder	</identifier>
				<transform>
					<row0>	1.0000 0.0000 0.0000 0.0000	</row0>
					<row1>	0.0000 1.0000 0.0017 0.0000	</row1>
					<row2>	0.0000 -0.0017 1.0000 0.0000	</row2>
					<row3>	0.8432 0.4059 -2.9770 1.0000	</row3>
				</transform>
			</node>
			<node>
				<identifier>	MP_GM003_Reels_1	</identifier>
				<transform>
					<row0>	0.0000 0.0000 1.0000 0.0000	</row0>
					<row1>	1.0000 0.0000 0.0000 0.0000	</row1>
					<row2>	0.0000 1.0000 0.0000 0.0000	</row2>
					<row3>	0.5786 0.5098 -2.7731 1.0000	</row3>
				</transform>
			</node>
			<node>
				<identifier>	MP_GM013_Siren	</identifier>
				<transform>
					<row0>	-0.0187 0.0000 0.9998 0.0000	</row0>
					<row1>	0.0136 0.9999 0.0003 0.0000	</row1>
					<row2>	-0.9997 0.0136 -0.0187 0.0000	</row2>
					<row3>	-1.0106 0.9003 -3.1695 1.0000	</row3>
				</transform>
			</node>
			<node>
				<identifier>	MP_GM013_Siren_INDEX_1	</identifier>
				<transform>
					<row0>	0.0000 0.0000 -1.0000 0.0000	</row0>
					<row1>	-0.0136 0.9999 0.0000 0.0000	</row1>
					<row2>	0.9999 0.0136 0.0000 0.0000	</row2>
					<row3>	0.9025 0.9025 -3.0432 1.0000	</row3>
				</transform>
			</node>
			<node>
				<identifier>	MP_GM025_Cooling_tube	</identifier>
				<transform>
					<row0>	0.0000 -0.7628 -0.6467 0.0000	</row0>
					<row1>	0.0000 0.6467 -0.7628 0.0000	</row1>
					<row2>	1.0000 0.0000 0.0000 0.0000	</row2>
					<row3>	0.8818 0.8283 -4.1650 1.0000	</row3>
				</transform>
			</node>
			<node>
				<identifier>	MP_GM025_Cooling_tube_INDEX_1	</identifier>
				<transform>
					<row0>	0.0000 -0.7628 -0.6467 0.0000	</row0>
					<row1>	-0.0362 0.6463 -0.7623 0.0000	</row1>
					<row2>	0.9993 0.0234 -0.0276 0.0000	</row2>
					<row3>	0.8818 0.8283 -4.2127 1.0000	</row3>
				</transform>
			</node>
			<node>
				<identifier>	MP_GM034_Turtles_box	</identifier>
				<transform>
					<row0>	-0.0353 0.0000 -0.9994 0.0000	</row0>
					<row1>	-0.0040 1.0000 0.0001 0.0000	</row1>
					<row2>	0.9994 0.0040 -0.0353 0.0000	</row2>
					<row3>	0.8875 0.7464 -4.0506 1.0000	</row3>
				</transform>
			</node>
			<node>
				<identifier>	MP_GM034_Turtles_box_INDEX_1	</identifier>
				<transform>
					<row0>	-0.0613 -0.0035 -0.9981 0.0000	</row0>
					<row1>	-0.0568 0.9984 0.0000 0.0000	</row1>
					<row2>	0.9965 0.0567 -0.0614 0.0000	</row2>
					<row3>	0.9242 0.7563 -2.5654 1.0000	</row3>
				</transform>
			</node>
			<node>
				<identifier>	MP_GM034_Turtles_box_INDEX_2	</identifier>
				<transform>
					<row0>	0.0000 0.0000 1.0000 0.0000	</row0>
					<row1>	-0.1334 0.9911 0.0000 0.0000	</row1>
					<row2>	-0.9911 -0.1334 0.0000 0.0000	</row2>
					<row3>	-0.9809 0.7494 -2.5474 1.0000	</row3>
				</transform>
			</node>
			<node>
				<identifier>	MP_GM034_Turtles_box_INDEX_3	</identifier>
				<transform>
					<row0>	0.0000 0.0000 1.0000 0.0000	</row0>
					<row1>	-0.2024 0.9793 0.0000 0.0000	</row1>
					<row2>	-0.9793 -0.2024 0.0000 0.0000	</row2>
					<row3>	-0.9554 0.7500 -4.1857 1.0000	</row3>
				</transform>
			</node>
			<node>
				<identifier>	MP_GM085_Insulator	</identifier>
				<transform>
					<row0>	-0.0137 -0.0024 0.9999 0.0000	</row0>
					<row1>	-0.9853 -0.1701 -0.0139 0.0000	</row1>
					<row2>	0.1701 -0.9854 0.0000 0.0000	</row2>
					<row3>	-0.9686 0.7632 -3.3634 1.0000	</row3>
				</transform>
			</node>
			<node>
				<identifier>	MP_GM085_Insulator_INDEX_1	</identifier>
				<transform>
					<row0>	0.0000 -0.0139 0.9999 0.0000	</row0>
					<row1>	-1.0000 0.0000 0.0000 0.0000	</row1>
					<row2>	0.0000 -0.9999 -0.0139 0.0000	</row2>
					<row3>	-0.9923 0.7633 -1.8327 1.0000	</row3>
				</transform>
			</node>
			<node>
				<identifier>	MP_GM085_Insulator_INDEX_2	</identifier>
				<transform>
					<row0>	0.0000 -0.0139 0.9999 0.0000	</row0>
					<row1>	-1.0000 0.0000 0.0000 0.0000	</row1>
					<row2>	0.0000 -0.9999 -0.0139 0.0000	</row2>
					<row3>	-0.9939 0.7618 -1.7266 1.0000	</row3>
				</transform>
			</node>
			<node>
				<identifier>	MP_GM085_Insulator_INDEX_3	</identifier>
				<transform>
					<row0>	-0.0139 0.0000 0.9999 0.0000	</row0>
					<row1>	-0.9999 0.0000 -0.0139 0.0000	</row1>
					<row2>	0.0000 -1.0000 0.0000 0.0000	</row2>
					<row3>	-0.9927 0.7631 -1.8112 1.0000	</row3>
				</transform>
			</node>
			<node>
				<identifier>	MP_GM501_Lauch_11m	</identifier>
				<transform>
					<row0>	1.0000 0.0000 0.0000 0.0000	</row0>
					<row1>	0.0000 1.0000 0.0000 0.0000	</row1>
					<row2>	0.0000 0.0000 1.0000 0.0000	</row2>
					<row3>	-0.8122 0.4846 -1.3420 1.0000	</row3>
				</transform>
			</node>
			<node>
				<identifier>	MP_GM501_Lauch_11m_INDEX_1	</identifier>
				<transform>
					<row0>	1.0000 0.0000 0.0000 0.0000	</row0>
					<row1>	0.0000 1.0000 0.0000 0.0000	</row1>
					<row2>	0.0000 0.0000 1.0000 0.0000	</row2>
					<row3>	0.8322 0.4859 -1.3420 1.0000	</row3>
				</transform>
			</node>
			<node>
				<identifier>	MP_GM502_Captains_Gig_9m	</identifier>
				<transform>
					<row0>	1.0000 0.0000 0.0000 0.0000	</row0>
					<row1>	0.0000 1.0000 0.0000 0.0000	</row1>
					<row2>	0.0000 0.0000 1.0000 0.0000	</row2>
					<row3>	-0.8126 0.4758 0.1353 1.0000	</row3>
				</transform>
			</node>
			<node>
				<identifier>	MP_GM502_Captains_Gig_9m_INDEX_1	</identifier>
				<transform>
					<row0>	1.0000 0.0000 0.0000 0.0000	</row0>
					<row1>	0.0000 1.0000 0.0000 0.0000	</row1>
					<row2>	0.0000 0.0000 1.0000 0.0000	</row2>
					<row3>	-0.8255 0.4740 0.9708 1.0000	</row3>
				</transform>
			</node>
			<node>
				<identifier>	MP_GM532_Float	</identifier>
				<transform>
					<row0>	-0.0375 0.0015 -0.9993 0.0000	</row0>
					<row1>	0.0398 0.9992 0.0000 0.0000	</row1>
					<row2>	0.9985 -0.0397 -0.0375 0.0000	</row2>
					<row3>	0.9770 0.7512 -4.6155 1.0000	</row3>
				</transform>
			</node>
			<node>
				<identifier>	MP_GM532_Float_INDEX_1	</identifier>
				<transform>
					<row0>	-0.0375 -0.0015 0.9993 0.0000	</row0>
					<row1>	-0.0244 0.9997 0.0006 0.0000	</row1>
					<row2>	-0.9990 -0.0244 -0.0375 0.0000	</row2>
					<row3>	-1.0758 0.7491 -4.3321 1.0000	</row3>
				</transform>
			</node>
			<node>
				<identifier>	MP_GM532_Float_INDEX_2	</identifier>
				<transform>
					<row0>	-0.0375 0.0015 -0.9993 0.0000	</row0>
					<row1>	0.0398 0.9992 0.0000 0.0000	</row1>
					<row2>	0.9985 -0.0397 -0.0375 0.0000	</row2>
					<row3>	0.9662 0.7516 -4.9025 1.0000	</row3>
				</transform>
			</node>
			<node>
				<identifier>	MP_GM532_Float_INDEX_3	</identifier>
				<transform>
					<row0>	-0.0375 -0.0015 0.9993 0.0000	</row0>
					<row1>	-0.0319 0.9995 0.0003 0.0000	</row1>
					<row2>	-0.9988 -0.0319 -0.0375 0.0000	</row2>
					<row3>	-1.0713 0.7497 -4.4758 1.0000	</row3>
				</transform>
			</node>
			<node>
				<identifier>	MP_GM532_Float_INDEX_4	</identifier>
				<transform>
					<row0>	-0.0375 0.0015 -0.9993 0.0000	</row0>
					<row1>	0.0398 0.9992 0.0000 0.0000	</row1>
					<row2>	0.9985 -0.0397 -0.0375 0.0000	</row2>
					<row3>	0.9824 0.7510 -4.4723 1.0000	</row3>
				</transform>
			</node>
			<node>
				<identifier>	MP_GM532_Float_INDEX_5	</identifier>
				<transform>
					<row0>	-0.0375 0.0015 -0.9993 0.0000	</row0>
					<row1>	0.0398 0.9992 0.0000 0.0000	</row1>
					<row2>	0.9985 -0.0397 -0.0375 0.0000	</row2>
					<row3>	0.9877 0.7507 -4.3286 1.0000	</row3>
				</transform>
			</node>
			<node>
				<identifier>	MP_GM532_Float_INDEX_6	</identifier>
				<transform>
					<row0>	-0.0326 -0.0013 0.9995 0.0000	</row0>
					<row1>	-0.0339 0.9994 0.0002 0.0000	</row1>
					<row2>	-0.9989 -0.0338 -0.0327 0.0000	</row2>
					<row3>	-1.0598 0.7507 -4.9062 1.0000	</row3>
				</transform>
			</node>
			<node>
				<identifier>	MP_GM532_Float_INDEX_7	</identifier>
				<transform>
					<row0>	-0.0294 -0.0012 0.9996 0.0000	</row0>
					<row1>	-0.0279 0.9996 0.0004 0.0000	</row1>
					<row2>	-0.9992 -0.0279 -0.0294 0.0000	</row2>
					<row3>	-1.0671 0.7499 -4.6190 1.0000	</row3>
				</transform>
			</node>
			<node>
				<identifier>	MP_GM532_Float_INDEX_8	</identifier>
				<transform>
					<row0>	-0.0333 -0.0029 0.9994 0.0000	</row0>
					<row1>	-0.0307 0.9995 0.0019 0.0000	</row1>
					<row2>	-0.9990 -0.0306 -0.0334 0.0000	</row2>
					<row3>	-1.0634 0.7513 -4.7631 1.0000	</row3>
				</transform>
			</node>
			<node>
				<identifier>	MP_GM532_Float_INDEX_9	</identifier>
				<transform>
					<row0>	-0.0373 0.0033 -0.9993 0.0000	</row0>
					<row1>	0.0870 0.9962 0.0000 0.0000	</row1>
					<row2>	0.9955 -0.0869 -0.0375 0.0000	</row2>
					<row3>	0.9716 0.7514 -4.7595 1.0000	</row3>
				</transform>
			</node>
			<node>
				<identifier>	MP_GM536_Life_Boat_3	</identifier>
				<transform>
					<row0>	0.0000 0.0000 1.0000 0.0000	</row0>
					<row1>	0.0000 1.0000 0.0000 0.0000	</row1>
					<row2>	-1.0000 0.0000 0.0000 0.0000	</row2>
					<row3>	0.7735 0.4060 -2.0929 1.0000	</row3>
				</transform>
			</node>
			<node>
				<identifier>	MP_GM536_Life_Boat_3_INDEX_1	</identifier>
				<transform>
					<row0>	0.0000 0.0000 1.0000 0.0000	</row0>
					<row1>	0.0000 1.0000 0.0000 0.0000	</row1>
					<row2>	-1.0000 0.0000 0.0000 0.0000	</row2>
					<row3>	0.7735 0.4060 -1.9842 1.0000	</row3>
				</transform>
			</node>
			<node>
				<identifier>	MP_GM536_Life_Boat_3_INDEX_10	</identifier>
				<transform>
					<row0>	0.0000 0.0000 -1.0000 0.0000	</row0>
					<row1>	0.0000 1.0000 0.0000 0.0000	</row1>
					<row2>	1.0000 0.0000 0.0000 0.0000	</row2>
					<row3>	-0.7735 0.4060 -3.2530 1.0000	</row3>
				</transform>
			</node>
			<node>
				<identifier>	MP_GM536_Life_Boat_3_INDEX_11	</identifier>
				<transform>
					<row0>	0.0000 0.0000 -1.0000 0.0000	</row0>
					<row1>	0.0000 1.0000 0.0000 0.0000	</row1>
					<row2>	1.0000 0.0000 0.0000 0.0000	</row2>
					<row3>	-0.7735 0.4060 -3.1453 1.0000	</row3>
				</transform>
			</node>
			<node>
				<identifier>	MP_GM536_Life_Boat_3_INDEX_12	</identifier>
				<transform>
					<row0>	0.0000 0.0000 -1.0000 0.0000	</row0>
					<row1>	0.0000 1.0000 0.0000 0.0000	</row1>
					<row2>	1.0000 0.0000 0.0000 0.0000	</row2>
					<row3>	-0.7735 0.4060 -3.0371 1.0000	</row3>
				</transform>
			</node>
			<node>
				<identifier>	MP_GM536_Life_Boat_3_INDEX_13	</identifier>
				<transform>
					<row0>	0.0000 0.0000 -1.0000 0.0000	</row0>
					<row1>	0.0000 1.0000 0.0000 0.0000	</row1>
					<row2>	1.0000 0.0000 0.0000 0.0000	</row2>
					<row3>	-0.7735 0.4060 -2.9284 1.0000	</row3>
				</transform>
			</node>
			<node>
				<identifier>	MP_GM536_Life_Boat_3_INDEX_2	</identifier>
				<transform>
					<row0>	0.0000 0.0000 1.0000 0.0000	</row0>
					<row1>	0.0000 1.0000 0.0000 0.0000	</row1>
					<row2>	-1.0000 0.0000 0.0000 0.0000	</row2>
					<row3>	0.7735 0.4060 -2.2015 1.0000	</row3>
				</transform>
			</node>
			<node>
				<identifier>	MP_GM536_Life_Boat_3_INDEX_3	</identifier>
				<transform>
					<row0>	0.0000 0.0000 -1.0000 0.0000	</row0>
					<row1>	0.0000 1.0000 0.0000 0.0000	</row1>
					<row2>	1.0000 0.0000 0.0000 0.0000	</row2>
					<row3>	-0.7735 0.4060 -2.4174 1.0000	</row3>
				</transform>
			</node>
			<node>
				<identifier>	MP_GM536_Life_Boat_3_INDEX_4	</identifier>
				<transform>
					<row0>	0.0000 0.0000 -1.0000 0.0000	</row0>
					<row1>	0.0000 1.0000 0.0000 0.0000	</row1>
					<row2>	1.0000 0.0000 0.0000 0.0000	</row2>
					<row3>	-0.7735 0.4060 -2.3097 1.0000	</row3>
				</transform>
			</node>
			<node>
				<identifier>	MP_GM536_Life_Boat_3_INDEX_5	</identifier>
				<transform>
					<row0>	0.0000 0.0000 -1.0000 0.0000	</row0>
					<row1>	0.0000 1.0000 0.0000 0.0000	</row1>
					<row2>	1.0000 0.0000 0.0000 0.0000	</row2>
					<row3>	-0.7735 0.4060 -2.0929 1.0000	</row3>
				</transform>
			</node>
			<node>
				<identifier>	MP_GM536_Life_Boat_3_INDEX_6	</identifier>
				<transform>
					<row0>	0.0000 0.0000 -1.0000 0.0000	</row0>
					<row1>	0.0000 1.0000 0.0000 0.0000	</row1>
					<row2>	1.0000 0.0000 0.0000 0.0000	</row2>
					<row3>	-0.7735 0.4060 -2.2015 1.0000	</row3>
				</transform>
			</node>
			<node>
				<identifier>	MP_GM536_Life_Boat_3_INDEX_7	</identifier>
				<transform>
					<row0>	0.0000 0.0000 1.0000 0.0000	</row0>
					<row1>	0.0000 1.0000 0.0000 0.0000	</row1>
					<row2>	-1.0000 0.0000 0.0000 0.0000	</row2>
					<row3>	0.7735 0.4060 -2.3097 1.0000	</row3>
				</transform>
			</node>
			<node>
				<identifier>	MP_GM536_Life_Boat_3_INDEX_8	</identifier>
				<transform>
					<row0>	0.0000 0.0000 1.0000 0.0000	</row0>
					<row1>	0.0000 1.0000 0.0000 0.0000	</row1>
					<row2>	-1.0000 0.0000 0.0000 0.0000	</row2>
					<row3>	0.7735 0.4060 -2.4174 1.0000	</row3>
				</transform>
			</node>
			<node>
				<identifier>	MP_GM536_Life_Boat_3_INDEX_9	</identifier>
				<transform>
					<row0>	0.0000 0.0000 -1.0000 0.0000	</row0>
					<row1>	0.0000 1.0000 0.0000 0.0000	</row1>
					<row2>	1.0000 0.0000 0.0000 0.0000	</row2>
					<row3>	-0.7735 0.4060 -1.9842 1.0000	</row3>
				</transform>
			</node>
			<node>
				<identifier>	MP_GM602_Switch_Box_3	</identifier>
				<transform>
					<row0>	0.0000 0.0000 1.0000 0.0000	</row0>
					<row1>	-0.0687 0.9976 0.0000 0.0000	</row1>
					<row2>	-0.9976 -0.0687 0.0000 0.0000	</row2>
					<row3>	-0.9910 0.8326 -2.5162 1.0000	</row3>
				</transform>
			</node>
			<node>
				<identifier>	MP_GM602_Switch_Box_3_INDEX_1	</identifier>
				<transform>
					<row0>	0.0000 0.0000 1.0000 0.0000	</row0>
					<row1>	-0.1167 0.9932 0.0000 0.0000	</row1>
					<row2>	-0.9932 -0.1167 0.0000 0.0000	</row2>
					<row3>	-0.9661 0.7966 -4.0372 1.0000	</row3>
				</transform>
			</node>
			<node>
				<identifier>	MP_GM602_Switch_Box_3_INDEX_2	</identifier>
				<transform>
					<row0>	-0.0249 0.0000 -0.9997 0.0000	</row0>
					<row1>	0.0000 1.0000 0.0000 0.0000	</row1>
					<row2>	0.9997 0.0000 -0.0249 0.0000	</row2>
					<row3>	0.9202 0.8414 -2.5164 1.0000	</row3>
				</transform>
			</node>
			<node>
				<identifier>	MP_GM602_Switch_Box_3_INDEX_3	</identifier>
				<transform>
					<row0>	0.0000 0.0000 -1.0000 0.0000	</row0>
					<row1>	0.0000 1.0000 0.0000 0.0000	</row1>
					<row2>	1.0000 0.0000 0.0000 0.0000	</row2>
					<row3>	0.8916 0.8859 -3.8082 1.0000	</row3>
				</transform>
			</node>
			<node>
				<identifier>	MP_GM604_Switch_Box_5	</identifier>
				<transform>
					<row0>	-0.0249 0.0000 -0.9997 0.0000	</row0>
					<row1>	0.0000 1.0000 0.0000 0.0000	</row1>
					<row2>	0.9997 0.0000 -0.0249 0.0000	</row2>
					<row3>	0.9209 0.8379 -2.4948 1.0000	</row3>
				</transform>
			</node>
			<node>
				<identifier>	MP_GM604_Switch_Box_5_INDEX_1	</identifier>
				<transform>
					<row0>	0.0000 0.0000 -1.0000 0.0000	</row0>
					<row1>	0.0000 1.0000 0.0000 0.0000	</row1>
					<row2>	1.0000 0.0000 0.0000 0.0000	</row2>
					<row3>	0.8916 0.8824 -3.7865 1.0000	</row3>
				</transform>
			</node>
			<node>
				<identifier>	MP_GM604_Switch_Box_5_INDEX_2	</identifier>
				<transform>
					<row0>	0.0000 0.0000 1.0000 0.0000	</row0>
					<row1>	-0.1201 0.9928 0.0000 0.0000	</row1>
					<row2>	-0.9928 -0.1201 0.0000 0.0000	</row2>
					<row3>	-0.9880 0.8135 -2.5172 1.0000	</row3>
				</transform>
			</node>
			<node>
				<identifier>	MP_GM604_Switch_Box_5_INDEX_3	</identifier>
				<transform>
					<row0>	0.0000 0.0000 1.0000 0.0000	</row0>
					<row1>	-0.1610 0.9869 0.0000 0.0000	</row1>
					<row2>	-0.9869 -0.1610 0.0000 0.0000	</row2>
					<row3>	-0.9660 0.7969 -4.0607 1.0000	</row3>
				</transform>
			</node>
			<node>
				<identifier>	MP_GM700_AmmoBox	</identifier>
				<transform>
					<row0>	0.0000 0.0000 -1.0000 0.0000	</row0>
					<row1>	0.0000 1.0000 0.0000 0.0000	</row1>
					<row2>	0.8000 0.0000 0.0000 0.0000	</row2>
					<row3>	-1.0132 0.8075 -2.1925 1.0000	</row3>
				</transform>
			</node>
			<node>
				<identifier>	MP_GM700_AmmoBox_INDEX_1	</identifier>
				<transform>
					<row0>	0.0314 0.0000 0.9995 0.0000	</row0>
					<row1>	0.0000 1.0000 0.0000 0.0000	</row1>
					<row2>	-0.8052 0.0000 0.0253 0.0000	</row2>
					<row3>	0.9291 0.8075 -2.8325 1.0000	</row3>
				</transform>
			</node>
			<node>
				<identifier>	MP_GM700_AmmoBox_INDEX_2	</identifier>
				<transform>
					<row0>	0.0000 0.0000 -1.0000 0.0000	</row0>
					<row1>	0.0000 1.0000 0.0000 0.0000	</row1>
					<row2>	0.8000 0.0000 0.0000 0.0000	</row2>
					<row3>	-0.9985 0.8075 -3.8157 1.0000	</row3>
				</transform>
			</node>
			<node>
				<identifier>	MP_GM700_AmmoBox_INDEX_3	</identifier>
				<transform>
					<row0>	0.0173 0.0000 -0.9998 0.0000	</row0>
					<row1>	0.0000 1.0000 0.0000 0.0000	</row1>
					<row2>	0.7999 0.0000 0.0139 0.0000	</row2>
					<row3>	-0.9913 0.8078 -4.4021 1.0000	</row3>
				</transform>
			</node>
			<node>
				<identifier>	MP_GM700_AmmoBox_INDEX_4	</identifier>
				<transform>
					<row0>	-0.0112 0.0000 -0.9999 0.0000	</row0>
					<row1>	0.0000 1.0000 0.0000 0.0000	</row1>
					<row2>	0.8055 0.0000 -0.0091 0.0000	</row2>
					<row3>	1.0161 0.8075 -2.3257 1.0000	</row3>
				</transform>
			</node>
			<node>
				<identifier>	MP_GM700_AmmoBox_INDEX_5	</identifier>
				<transform>
					<row0>	0.0000 0.0000 -1.0000 0.0000	</row0>
					<row1>	0.0000 1.0000 0.0000 0.0000	</row1>
					<row2>	0.8000 0.0000 0.0000 0.0000	</row2>
					<row3>	-1.0069 0.8075 -2.9059 1.0000	</row3>
				</transform>
			</node>
			<node>
				<identifier>	MP_GM702_AmmoBox	</identifier>
				<transform>
					<row0>	-0.0265 -0.0001 -0.9996 0.0000	</row0>
					<row1>	-0.0040 1.0000 0.0000 0.0000	</row1>
					<row2>	0.9996 0.0040 -0.0265 0.0000	</row2>
					<row3>	0.9081 0.8049 -3.7478 1.0000	</row3>
				</transform>
			</node>
			<node>
				<identifier>	MP_GM754_Hatch	</identifier>
				<transform>
					<row0>	-1.0000 0.0077 0.0041 0.0000	</row0>
					<row1>	0.0078 0.9997 0.0250 0.0000	</row1>
					<row2>	-0.0039 0.0250 -0.9997 0.0000	</row2>
					<row3>	0.9510 0.7390 -2.7191 1.0000	</row3>
				</transform>
			</node>
			<node>
				<identifier>	MP_GM754_Hatch_INDEX_1	</identifier>
				<transform>
					<row0>	-1.0000 0.0037 -0.0027 0.0000	</row0>
					<row1>	0.0037 1.0000 0.0015 0.0000	</row1>
					<row2>	0.0027 0.0015 -1.0000 0.0000	</row2>
					<row3>	-1.0049 0.7392 -2.7255 1.0000	</row3>
				</transform>
			</node>
			<node>
				<identifier>	MP_GM908_Crane_part1	</identifier>
				<transform>
					<row0>	-0.9603 0.0000 0.2789 0.0000	</row0>
					<row1>	0.0000 1.0000 0.0000 0.0000	</row1>
					<row2>	-0.2789 0.0000 -0.9603 0.0000	</row2>
					<row3>	1.0837 0.9313 -1.7681 1.0000	</row3>
				</transform>
			</node>
			<node>
				<identifier>	MP_GM910_Crane_part3	</identifier>
				<transform>
					<row0>	-0.9603 0.0000 0.2789 0.0000	</row0>
					<row1>	0.0343 0.9924 0.1182 0.0000	</row1>
					<row2>	-0.2767 0.1231 -0.9530 0.0000	</row2>
					<row3>	1.1231 1.1898 -1.6319 1.0000	</row3>
				</transform>
			</node>
			<node>
				<identifier>	MP_GM911_Crane_part2	</identifier>
				<transform>
					<row0>	-0.9603 0.0000 0.2789 0.0000	</row0>
					<row1>	-0.0368 0.9912 -0.1268 0.0000	</row1>
					<row2>	-0.2764 -0.1320 -0.9519 0.0000	</row2>
					<row3>	1.0590 1.0807 -1.8531 1.0000	</row3>
				</transform>
			</node>
			<node>
				<identifier>	SP_YMS011_YHWL_M_1_INDEX_10	</identifier>
				<transform>
					<row0>	0.9745 -0.2244 0.0048 0.0000	</row0>
					<row1>	0.2244 0.9745 -0.0045 0.0000	</row1>
					<row2>	-0.0036 0.0055 1.0000 0.0000	</row2>
					<row3>	-1.0199 0.0000 -0.9615 1.0000	</row3>
				</transform>
			</node>
			<node>
				<identifier>	SP_YMS011_YHWL_M_1_INDEX_12	</identifier>
				<transform>
					<row0>	0.9658 -0.2588 -0.0131 0.0000	</row0>
					<row1>	0.2588 0.9659 0.0000 0.0000	</row1>
					<row2>	0.0126 -0.0034 0.9999 0.0000	</row2>
					<row3>	-1.0176 0.0000 -0.1122 1.0000	</row3>
				</transform>
			</node>
			<node>
				<identifier>	SP_YMS011_YHWL_M_1_INDEX_15	</identifier>
				<transform>
					<row0>	0.9655 -0.2586 0.0320 0.0000	</row0>
					<row1>	0.2584 0.9660 0.0110 0.0000	</row1>
					<row2>	-0.0337 -0.0024 0.9994 0.0000	</row2>
					<row3>	-1.0057 0.0000 -1.8073 1.0000	</row3>
				</transform>
			</node>
			<node>
				<identifier>	SP_YMS011_YHWL_M_1_INDEX_3	</identifier>
				<transform>
					<row0>	0.9983 0.0004 0.0579 0.0000	</row0>
					<row1>	-0.0004 1.0000 0.0000 0.0000	</row1>
					<row2>	-0.0579 0.0000 0.9983 0.0000	</row2>
					<row3>	-0.9118 0.0000 -3.4868 1.0000	</row3>
				</transform>
			</node>
			<node>
				<identifier>	SP_YMS011_YHWL_M_1_INDEX_4	</identifier>
				<transform>
					<row0>	0.9957 -0.0824 0.0426 0.0000	</row0>
					<row1>	0.0822 0.9966 0.0055 0.0000	</row1>
					<row2>	-0.0429 -0.0020 0.9991 0.0000	</row2>
					<row3>	-0.9578 0.0000 -2.6436 1.0000	</row3>
				</transform>
			</node>
			<node>
				<identifier>	SP_YMS011_YHWL_M_1_INDEX_7	</identifier>
				<transform>
					<row0>	0.9973 0.0004 0.0739 0.0000	</row0>
					<row1>	-0.0004 1.0000 0.0000 0.0000	</row1>
					<row2>	-0.0739 0.0000 0.9973 0.0000	</row2>
					<row3>	-0.8486 0.0000 -4.3298 1.0000	</row3>
				</transform>
			</node>
			<node>
				<identifier>	SP_YMS012_YHWR_M_1	</identifier>
				<transform>
					<row0>	0.9973 -0.0004 -0.0739 0.0000	</row0>
					<row1>	0.0004 1.0000 0.0000 0.0000	</row1>
					<row2>	0.0739 0.0000 0.9973 0.0000	</row2>
					<row3>	0.8486 0.0000 -4.3298 1.0000	</row3>
				</transform>
			</node>
			<node>
				<identifier>	SP_YMS012_YHWR_M_1_INDEX_2	</identifier>
				<transform>
					<row0>	0.9658 0.2588 0.0131 0.0000	</row0>
					<row1>	-0.2588 0.9659 0.0000 0.0000	</row1>
					<row2>	-0.0126 -0.0034 0.9999 0.0000	</row2>
					<row3>	1.0176 0.0000 -0.1122 1.0000	</row3>
				</transform>
			</node>
			<node>
				<identifier>	SP_YMS012_YHWR_M_1_INDEX_3	</identifier>
				<transform>
					<row0>	0.9745 0.2244 -0.0048 0.0000	</row0>
					<row1>	-0.2244 0.9745 -0.0045 0.0000	</row1>
					<row2>	0.0036 0.0055 1.0000 0.0000	</row2>
					<row3>	1.0199 0.0000 -0.9615 1.0000	</row3>
				</transform>
			</node>
			<node>
				<identifier>	SP_YMS012_YHWR_M_1_INDEX_7	</identifier>
				<transform>
					<row0>	0.9957 0.0824 -0.0426 0.0000	</row0>
					<row1>	-0.0822 0.9966 0.0055 0.0000	</row1>
					<row2>	0.0429 -0.0020 0.9991 0.0000	</row2>
					<row3>	0.9578 0.0000 -2.6436 1.0000	</row3>
				</transform>
			</node>
			<node>
				<identifier>	SP_YMS012_YHWR_M_1_INDEX_8	</identifier>
				<transform>
					<row0>	0.9655 0.2586 -0.0320 0.0000	</row0>
					<row1>	-0.2584 0.9660 0.0110 0.0000	</row1>
					<row2>	0.0337 -0.0024 0.9994 0.0000	</row2>
					<row3>	1.0139 0.0000 -1.8073 1.0000	</row3>
				</transform>
			</node>
			<node>
				<identifier>	SP_YMS012_YHWR_M_1_INDEX_9	</identifier>
				<transform>
					<row0>	0.9983 -0.0004 -0.0579 0.0000	</row0>
					<row1>	0.0004 1.0000 0.0000 0.0000	</row1>
					<row2>	0.0579 0.0000 0.9983 0.0000	</row2>
					<row3>	0.9118 0.0000 -3.4868 1.0000	</row3>
				</transform>
			</node>
			<node>
				<identifier>	SP_YMS021_YHUC_S_1_INDEX_3	</identifier>
				<transform>
					<row0>	-0.0498 -1.4526 0.0094 0.0000	</row0>
					<row1>	1.4521 -0.0496 0.0399 0.0000	</row1>
					<row2>	-0.0395 0.0108 1.4529 0.0000	</row2>
					<row3>	1.0730 -0.1782 -0.2027 1.0000	</row3>
				</transform>
			</node>
			<node>
				<identifier>	SP_YMS021_YHUC_S_1_INDEX_5	</identifier>
				<transform>
					<row0>	-0.0321 -1.4531 0.0099 0.0000	</row0>
					<row1>	1.4526 -0.0319 0.0398 0.0000	</row1>
					<row2>	-0.0395 0.0108 1.4529 0.0000	</row2>
					<row3>	1.0810 -0.1822 -0.7725 1.0000	</row3>
				</transform>
			</node>
			<node>
				<identifier>	SP_YMS022_YHUS_L_1	</identifier>
				<transform>
					<row0>	0.0183 -0.0131 -1.3948 0.0000	</row0>
					<row1>	-0.4254 1.3284 -0.0180 0.0000	</row1>
					<row2>	1.3284 0.4256 0.0135 0.0000	</row2>
					<row3>	-0.9067 -0.4530 -0.8983 1.0000	</row3>
				</transform>
			</node>
			<node>
				<identifier>	SP_YMS022_YHUS_L_1_INDEX_1	</identifier>
				<transform>
					<row0>	0.0674 -0.0127 -1.3933 0.0000	</row0>
					<row1>	-0.4902 1.3056 -0.0356 0.0000	</row1>
					<row2>	1.3043 0.4913 0.0586 0.0000	</row2>
					<row3>	-0.8614 -0.4509 -1.9027 1.0000	</row3>
				</transform>
			</node>
			<node>
				<identifier>	SP_YMS022_YHUS_L_1_INDEX_2	</identifier>
				<transform>
					<row0>	0.1217 0.0032 1.3897 0.0000	</row0>
					<row1>	0.4623 1.3155 -0.0436 0.0000	</row1>
					<row2>	-1.3105 0.4643 0.1137 0.0000	</row2>
					<row3>	0.8552 -0.4539 -1.9023 1.0000	</row3>
				</transform>
			</node>
			<node>
				<identifier>	SP_YMS041_YHCS_M_1_INDEX_1	</identifier>
				<transform>
					<row0>	-0.8910 0.0000 0.0000 0.0000	</row0>
					<row1>	0.0000 0.8910 0.0000 0.0000	</row1>
					<row2>	0.0000 0.0000 -0.8910 0.0000	</row2>
					<row3>	-0.8129 0.4731 -1.3117 1.0000	</row3>
				</transform>
			</node>
			<node>
				<identifier>	SP_YMS041_YHCS_M_1_INDEX_5	</identifier>
				<transform>
					<row0>	-0.8882 0.0000 0.0000 0.0000	</row0>
					<row1>	0.0000 0.8882 0.0000 0.0000	</row1>
					<row2>	0.0000 0.0000 -0.8882 0.0000	</row2>
					<row3>	-0.8129 0.4697 0.1604 1.0000	</row3>
				</transform>
			</node>
			<node>
				<identifier>	SP_YMS041_YHCS_M_1_INDEX_6	</identifier>
				<transform>
					<row0>	-0.8250 0.0000 0.0000 0.0000	</row0>
					<row1>	0.0000 0.8250 0.0000 0.0000	</row1>
					<row2>	0.0000 0.0000 -0.8250 0.0000	</row2>
					<row3>	0.8464 0.4639 -0.5609 1.0000	</row3>
				</transform>
			</node>
			<node>
				<identifier>	SP_YMS041_YHCS_M_1_INDEX_8	</identifier>
				<transform>
					<row0>	-0.8800 0.0000 0.0000 0.0000	</row0>
					<row1>	0.0000 0.8800 0.0000 0.0000	</row1>
					<row2>	0.0000 0.0000 -0.8800 0.0000	</row2>
					<row3>	0.8326 0.4739 -1.2990 1.0000	</row3>
				</transform>
			</node>
			<node>
				<identifier>	SP_YMS056_YHDF_M_1	</identifier>
				<transform>
					<row0>	0.6600 0.0000 0.0000 0.0000	</row0>
					<row1>	0.0000 1.0000 0.0000 0.0000	</row1>
					<row2>	0.0000 0.0000 2.5920 0.0000	</row2>
					<row3>	0.0153 0.9083 -0.1887 1.0000	</row3>
				</transform>
			</node>
			<node>
				<identifier>	SP_YMS057_YHDH_M_1_INDEX_1	</identifier>
				<transform>
					<row0>	0.9025 0.0000 0.0000 0.0000	</row0>
					<row1>	0.0000 0.9025 0.0000 0.0000	</row1>
					<row2>	0.0000 0.0000 0.9025 0.0000	</row2>
					<row3>	-0.0076 0.9083 -1.2620 1.0000	</row3>
				</transform>
			</node>
			<node>
				<identifier>	SP_YMS061_YHGH_S_1_INDEX_15	</identifier>
				<transform>
					<row0>	0.0000 0.0000 -1.0171 0.0000	</row0>
					<row1>	0.0000 1.0171 0.0000 0.0000	</row1>
					<row2>	1.0171 0.0000 0.0000 0.0000	</row2>
					<row3>	-1.1268 0.8321 -0.2462 1.0000	</row3>
				</transform>
			</node>
			<node>
				<identifier>	SP_YMS061_YHGH_S_1_INDEX_17	</identifier>
				<transform>
					<row0>	0.0000 0.0000 -1.0171 0.0000	</row0>
					<row1>	0.0000 1.0171 0.0000 0.0000	</row1>
					<row2>	1.0171 0.0000 0.0000 0.0000	</row2>
					<row3>	-1.1282 0.8104 -4.0451 1.0000	</row3>
				</transform>
			</node>
			<node>
				<identifier>	SP_YMS061_YHGH_S_1_INDEX_18	</identifier>
				<transform>
					<row0>	0.0000 0.0000 1.0171 0.0000	</row0>
					<row1>	0.0000 1.0171 0.0000 0.0000	</row1>
					<row2>	-1.0171 0.0000 0.0000 0.0000	</row2>
					<row3>	1.0667 0.8105 -4.0449 1.0000	</row3>
				</transform>
			</node>
			<node>
				<identifier>	SP_YMS061_YHGH_S_1_INDEX_6	</identifier>
				<transform>
					<row0>	0.0000 0.0000 -1.0171 0.0000	</row0>
