<JSC053_Takahashi_1944_Bow_ports.visual>
	<node>
		<identifier>	Scene Root	</identifier>
		<transform>
			<row0>	1.0000 0.0000 0.0000 0.0000	</row0>
			<row1>	0.0000 1.0000 0.0000 0.0000	</row1>
			<row2>	0.0000 0.0000 1.0000 0.0000	</row2>
			<row3>	0.0000 0.0000 0.0000 1.0000	</row3>
		</transform>
		<node>
			<identifier>	Bow_ports	</identifier>
			<transform>
				<row0>	1.0000 0.0000 0.0000 0.0000	</row0>
				<row1>	0.0000 1.0000 0.0000 0.0000	</row1>
				<row2>	0.0000 0.0000 1.0000 0.0000	</row2>
				<row3>	0.0000 0.0000 0.0000 1.0000	</row3>
			</transform>
			<node>
				<identifier>	HP_FX_Death_1	</identifier>
				<transform>
					<row0>	1.0000 0.0000 0.0000 0.0000	</row0>
					<row1>	0.0000 1.0000 0.0000 0.0000	</row1>
					<row2>	0.0000 0.0000 1.0000 0.0000	</row2>
					<row3>	0.0000 0.0000 4.5737 1.0000	</row3>
				</transform>
			</node>
			<node>
				<identifier>	HP_FX_Fire_1	</identifier>
				<transform>
					<row0>	1.0000 0.0000 0.0000 0.0000	</row0>
					<row1>	0.0000 1.0000 0.0000 0.0000	</row1>
					<row2>	0.0000 0.0000 1.0000 0.0000	</row2>
					<row3>	0.0000 0.3278 5.9720 1.0000	</row3>
				</transform>
			</node>
			<node>
				<identifier>	HP_FX_Flood_water_left_4	</identifier>
				<transform>
					<row0>	-0.9915 0.0000 0.1302 0.0000	</row0>
					<row1>	0.0000 1.0000 0.0000 0.0000	</row1>
					<row2>	-0.1302 0.0000 -0.9915 0.0000	</row2>
					<row3>	-0.3297 0.0200 5.0387 1.0000	</row3>
				</transform>
			</node>
			<node>
				<identifier>	HP_FX_Flood_water_right_4	</identifier>
				<transform>
					<row0>	0.9867 0.0000 0.1624 0.0000	</row0>
					<row1>	0.0000 1.0000 0.0000 0.0000	</row1>
					<row2>	-0.1624 0.0000 0.9867 0.0000	</row2>
					<row3>	0.3285 0.0166 5.0393 1.0000	</row3>
				</transform>
			</node>
			<node>
				<identifier>	HP_FX_WakeTrace	</identifier>
				<transform>
					<row0>	1.0000 0.0000 0.0000 0.0000	</row0>
					<row1>	0.0000 1.0000 0.0000 0.0000	</row1>
					<row2>	0.0000 0.0000 1.0000 0.0000	</row2>
					<row3>	0.0000 0.0000 7.2964 1.0000	</row3>
				</transform>
			</node>
			<node>
				<identifier>	HP_JGA_1	</identifier>
				<transform>
					<row0>	0.9998 0.0000 -0.0175 0.0000	</row0>
					<row1>	0.0000 1.0000 0.0000 0.0000	</row1>
					<row2>	0.0175 0.0000 0.9998 0.0000	</row2>
					<row3>	-0.2169 0.3175 5.8233 1.0000	</row3>
				</transform>
			</node>
			<node>
				<identifier>	HP_JGA_2	</identifier>
				<transform>
					<row0>	0.9998 0.0000 -0.0175 0.0000	</row0>
					<row1>	0.0000 1.0000 0.0000 0.0000	</row1>
					<row2>	0.0175 0.0000 0.9998 0.0000	</row2>
					<row3>	0.2169 0.3175 5.8233 1.0000	</row3>
				</transform>
			</node>
			<node>
				<identifier>	HP_JGM_1	</identifier>
				<transform>
					<row0>	0.9998 0.0000 -0.0175 0.0000	</row0>
					<row1>	0.0000 1.0000 0.0000 0.0000	</row1>
					<row2>	0.0175 0.0000 0.9998 0.0000	</row2>
					<row3>	0.0000 0.3083 4.9625 1.0000	</row3>
				</transform>
			</node>
			<node>
				<identifier>	HP_JGM_2	</identifier>
				<transform>
					<row0>	0.9998 0.0000 -0.0175 0.0000	</row0>
					<row1>	0.0000 1.0000 0.0000 0.0000	</row1>
					<row2>	0.0175 0.0000 0.9998 0.0000	</row2>
					<row3>	0.0000 0.3083 3.9459 1.0000	</row3>
				</transform>
			</node>
			<node>
				<identifier>	HP_Ship_death_1	</identifier>
				<transform>
					<row0>	1.0000 0.0000 0.0000 0.0000	</row0>
					<row1>	0.0000 1.0000 0.0000 0.0000	</row1>
					<row2>	0.0000 0.0000 1.0000 0.0000	</row2>
					<row3>	0.0000 0.0000 3.4768 1.0000	</row3>
				</transform>
			</node>
			<node>
				<identifier>	MP_CM011_Fire_Fighting_Gear	</identifier>
				<transform>
					<row0>	-1.0000 0.0000 0.0000 0.0000	</row0>
					<row1>	0.0000 1.0000 0.0000 0.0000	</row1>
					<row2>	0.0000 0.0000 -1.0000 0.0000	</row2>
					<row3>	-0.1595 0.2670 4.2114 1.0000	</row3>
				</transform>
			</node>
			<node>
				<identifier>	MP_CM011_Fire_Fighting_Gear_INDEX_1	</identifier>
				<transform>
					<row0>	1.0000 0.0000 0.0000 0.0000	</row0>
					<row1>	0.0000 1.0000 0.0000 0.0000	</row1>
					<row2>	0.0000 0.0000 1.0000 0.0000	</row2>
					<row3>	-0.0100 0.3208 5.9670 1.0000	</row3>
				</transform>
			</node>
			<node>
				<identifier>	MP_CM137_Anchor_Up	</identifier>
				<transform>
					<row0>	-0.1994 0.4221 0.4495 0.0000	</row0>
					<row1>	0.0730 0.4853 -0.4233 0.0000	</row1>
					<row2>	-0.6123 -0.0796 -0.1969 0.0000	</row2>
					<row3>	-0.1329 0.2758 6.9643 1.0000	</row3>
				</transform>
			</node>
			<node>
				<identifier>	MP_CM137_Anchor_Up_INDEX_1	</identifier>
				<transform>
					<row0>	-0.1994 -0.4221 -0.4495 0.0000	</row0>
					<row1>	-0.0730 0.4853 -0.4233 0.0000	</row1>
					<row2>	0.6123 -0.0796 -0.1969 0.0000	</row2>
					<row3>	0.1329 0.2758 6.9643 1.0000	</row3>
				</transform>
			</node>
			<node>
				<identifier>	MP_CM138_Anchor_Bottom	</identifier>
				<transform>
					<row0>	-0.1994 0.4219 0.4493 0.0000	</row0>
					<row1>	-0.3496 0.3116 -0.4477 0.0000	</row1>
					<row2>	-0.5077 -0.3802 0.1318 0.0000	</row2>
					<row3>	-0.1329 0.2758 6.9643 1.0000	</row3>
				</transform>
			</node>
			<node>
				<identifier>	MP_CM138_Anchor_Bottom_INDEX_1	</identifier>
				<transform>
					<row0>	-0.1994 -0.4219 -0.4493 0.0000	</row0>
					<row1>	0.3496 0.3116 -0.4477 0.0000	</row1>
					<row2>	0.5077 -0.3802 0.1318 0.0000	</row2>
					<row3>	0.1329 0.2758 6.9643 1.0000	</row3>
				</transform>
			</node>
			<node>
				<identifier>	MP_JM013_Reels_1	</identifier>
				<transform>
					<row0>	0.0000 0.0410 0.9992 0.0000	</row0>
					<row1>	0.0000 0.9992 -0.0410 0.0000	</row1>
					<row2>	-1.0000 0.0000 0.0000 0.0000	</row2>
					<row3>	0.0703 0.2974 5.4715 1.0000	</row3>
				</transform>
			</node>
			<node>
				<identifier>	MP_JM013_Reels_1_INDEX_1	</identifier>
				<transform>
					<row0>	0.0197 0.0439 0.9988 0.0000	</row0>
					<row1>	0.0049 0.9990 -0.0440 0.0000	</row1>
					<row2>	-0.9998 0.0057 0.0195 0.0000	</row2>
					<row3>	-0.0700 0.2974 5.4729 1.0000	</row3>
				</transform>
			</node>
			<node>
				<identifier>	MP_JM014_Reels_2	</identifier>
				<transform>
					<row0>	0.7140 -0.0121 -0.5958 0.0000	</row0>
					<row1>	-0.0130 0.9293 -0.0344 0.0000	</row1>
					<row2>	0.5958 0.0348 0.7132 0.0000	</row2>
					<row3>	0.2023 0.2856 5.2357 1.0000	</row3>
				</transform>
			</node>
			<node>
				<identifier>	MP_JM014_Reels_2_INDEX_1	</identifier>
				<transform>
					<row0>	0.6510 0.0282 0.6636 0.0000	</row0>
					<row1>	0.0051 0.9289 -0.0445 0.0000	</row1>
					<row2>	-0.6641 0.0348 0.6501 0.0000	</row2>
					<row3>	-0.2269 0.2856 5.2166 1.0000	</row3>
				</transform>
			</node>
			<node>
				<identifier>	MP_JM014_Reels_2_INDEX_2	</identifier>
				<transform>
					<row0>	1.0000 0.0000 0.0000 0.0000	</row0>
					<row1>	0.0000 0.9991 -0.0413 0.0000	</row1>
					<row2>	0.0000 0.0413 0.9991 0.0000	</row2>
					<row3>	-0.1759 0.2877 5.2992 1.0000	</row3>
				</transform>
			</node>
			<node>
				<identifier>	MP_JM014_Reels_2_INDEX_3	</identifier>
				<transform>
					<row0>	1.0000 0.0000 0.0000 0.0000	</row0>
					<row1>	0.0000 0.9993 -0.0374 0.0000	</row1>
					<row2>	0.0000 0.0374 0.9993 0.0000	</row2>
					<row3>	0.1423 0.2883 5.3197 1.0000	</row3>
				</transform>
			</node>
			<node>
				<identifier>	MP_JM018_Ventilators_2	</identifier>
				<transform>
					<row0>	0.7180 0.0000 -0.6960 0.0000	</row0>
					<row1>	0.0000 1.0000 0.0000 0.0000	</row1>
					<row2>	0.6960 0.0000 0.7180 0.0000	</row2>
					<row3>	-0.0347 0.2662 3.5791 1.0000	</row3>
				</transform>
			</node>
			<node>
				<identifier>	MP_JM018_Ventilators_2_INDEX_1	</identifier>
				<transform>
					<row0>	-1.0000 0.0000 0.0000 0.0000	</row0>
					<row1>	0.0000 1.0000 0.0000 0.0000	</row1>
					<row2>	0.0000 0.0000 -1.0000 0.0000	</row2>
					<row3>	-0.5247 0.2689 4.3837 1.0000	</row3>
				</transform>
			</node>
			<node>
				<identifier>	MP_JM018_Ventilators_2_INDEX_2	</identifier>
				<transform>
					<row0>	-1.0000 0.0000 0.0000 0.0000	</row0>
					<row1>	0.0000 0.9982 -0.0602 0.0000	</row1>
					<row2>	0.0000 -0.0602 -0.9982 0.0000	</row2>
					<row3>	0.0522 0.3244 5.9240 1.0000	</row3>
				</transform>
			</node>
			<node>
				<identifier>	MP_JM018_Ventilators_2_INDEX_3	</identifier>
				<transform>
					<row0>	-1.0000 0.0000 0.0000 0.0000	</row0>
					<row1>	0.0000 1.0000 0.0000 0.0000	</row1>
					<row2>	0.0000 0.0000 -1.0000 0.0000	</row2>
					<row3>	0.5242 0.2689 4.3835 1.0000	</row3>
				</transform>
			</node>
			<node>
				<identifier>	MP_JM018_Ventilators_2_INDEX_4	</identifier>
				<transform>
					<row0>	-0.8880 0.0000 -0.4599 0.0000	</row0>
					<row1>	0.0000 1.0000 0.0000 0.0000	</row1>
					<row2>	0.4599 0.0000 -0.8880 0.0000	</row2>
					<row3>	0.2006 0.2674 4.2165 1.0000	</row3>
				</transform>
			</node>
			<node>
				<identifier>	MP_JM018_Ventilators_2_INDEX_5	</identifier>
				<transform>
					<row0>	-0.8008 0.0000 0.5989 0.0000	</row0>
					<row1>	0.0000 1.0000 0.0000 0.0000	</row1>
					<row2>	-0.5989 0.0000 -0.8008 0.0000	</row2>
					<row3>	0.0680 0.2685 4.3325 1.0000	</row3>
				</transform>
			</node>
			<node>
				<identifier>	MP_JM019_Ventilators_3	</identifier>
				<transform>
					<row0>	-1.0000 0.0000 0.0000 0.0000	</row0>
					<row1>	0.0000 1.0000 0.0000 0.0000	</row1>
					<row2>	0.0000 0.0000 -1.0000 0.0000	</row2>
					<row3>	0.3514 0.3364 6.0901 1.0000	</row3>
				</transform>
			</node>
			<node>
				<identifier>	MP_JM019_Ventilators_3_INDEX_1	</identifier>
				<transform>
					<row0>	-1.0000 0.0000 0.0000 0.0000	</row0>
					<row1>	0.0000 1.0000 0.0000 0.0000	</row1>
					<row2>	0.0000 0.0000 -1.0000 0.0000	</row2>
					<row3>	0.2103 0.4161 7.0371 1.0000	</row3>
				</transform>
			</node>
			<node>
				<identifier>	MP_JM019_Ventilators_3_INDEX_10	</identifier>
				<transform>
					<row0>	-0.6055 0.0000 0.7959 0.0000	</row0>
					<row1>	0.0000 1.0000 0.0000 0.0000	</row1>
					<row2>	-0.7959 0.0000 -0.6055 0.0000	</row2>
					<row3>	-0.1298 0.2732 4.6731 1.0000	</row3>
				</transform>
			</node>
			<node>
				<identifier>	MP_JM019_Ventilators_3_INDEX_11	</identifier>
				<transform>
					<row0>	-1.0000 0.0000 0.0000 0.0000	</row0>
					<row1>	0.0000 1.0000 0.0000 0.0000	</row1>
					<row2>	0.0000 0.0000 -1.0000 0.0000	</row2>
					<row3>	-0.3645 0.3312 6.0185 1.0000	</row3>
				</transform>
			</node>
			<node>
				<identifier>	MP_JM019_Ventilators_3_INDEX_2	</identifier>
				<transform>
					<row0>	1.0000 0.0000 0.0000 0.0000	</row0>
					<row1>	0.0000 1.0000 0.0000 0.0000	</row1>
					<row2>	0.0000 0.0000 1.0000 0.0000	</row2>
					<row3>	0.0237 0.2689 4.4477 1.0000	</row3>
				</transform>
			</node>
			<node>
				<identifier>	MP_JM019_Ventilators_3_INDEX_3	</identifier>
				<transform>
					<row0>	0.9042 0.0000 0.4272 0.0000	</row0>
					<row1>	0.0000 1.0000 0.0000 0.0000	</row1>
					<row2>	-0.4272 0.0000 0.9042 0.0000	</row2>
					<row3>	-0.1115 0.2602 3.6334 1.0000	</row3>
				</transform>
			</node>
			<node>
				<identifier>	MP_JM019_Ventilators_3_INDEX_4	</identifier>
				<transform>
					<row0>	-1.0000 0.0000 0.0000 0.0000	</row0>
					<row1>	0.0000 1.0000 0.0000 0.0000	</row1>
					<row2>	0.0000 0.0000 -1.0000 0.0000	</row2>
					<row3>	0.4012 0.3073 5.6316 1.0000	</row3>
				</transform>
			</node>
			<node>
				<identifier>	MP_JM019_Ventilators_3_INDEX_5	</identifier>
				<transform>
					<row0>	-1.0000 0.0000 0.0000 0.0000	</row0>
					<row1>	0.0000 1.0000 0.0000 0.0000	</row1>
					<row2>	0.0000 0.0000 -1.0000 0.0000	</row2>
					<row3>	0.3352 0.3417 6.1613 1.0000	</row3>
				</transform>
			</node>
			<node>
				<identifier>	MP_JM019_Ventilators_3_INDEX_6	</identifier>
				<transform>
					<row0>	1.0000 0.0000 0.0000 0.0000	</row0>
					<row1>	0.0000 1.0000 0.0000 0.0000	</row1>
					<row2>	0.0000 0.0000 1.0000 0.0000	</row2>
					<row3>	0.0176 0.2689 4.3807 1.0000	</row3>
				</transform>
			</node>
			<node>
				<identifier>	MP_JM019_Ventilators_3_INDEX_7	</identifier>
				<transform>
					<row0>	-1.0000 0.0000 0.0000 0.0000	</row0>
					<row1>	0.0000 1.0000 0.0000 0.0000	</row1>
					<row2>	0.0000 0.0000 -1.0000 0.0000	</row2>
					<row3>	-0.3497 0.3393 6.1255 1.0000	</row3>
				</transform>
			</node>
			<node>
				<identifier>	MP_JM019_Ventilators_3_INDEX_8	</identifier>
				<transform>
					<row0>	-0.6055 0.0000 0.7959 0.0000	</row0>
					<row1>	0.0000 1.0000 0.0000 0.0000	</row1>
					<row2>	-0.7959 0.0000 -0.6055 0.0000	</row2>
					<row3>	-0.0338 0.2718 4.5983 1.0000	</row3>
				</transform>
			</node>
			<node>
				<identifier>	MP_JM019_Ventilators_3_INDEX_9	</identifier>
				<transform>
					<row0>	-0.6055 0.0000 0.7959 0.0000	</row0>
					<row1>	0.0000 1.0000 0.0000 0.0000	</row1>
					<row2>	-0.7959 0.0000 -0.6055 0.0000	</row2>
					<row3>	0.0597 0.2672 4.3810 1.0000	</row3>
				</transform>
			</node>
			<node>
				<identifier>	MP_JM027_Fairlead_2	</identifier>
				<transform>
					<row0>	0.9952 0.0000 -0.0975 0.0000	</row0>
					<row1>	-0.0061 0.9981 -0.0618 0.0000	</row1>
					<row2>	0.0973 0.0621 0.9933 0.0000	</row2>
					<row3>	-0.4024 0.3273 5.8711 1.0000	</row3>
				</transform>
			</node>
			<node>
				<identifier>	MP_JM027_Fairlead_2_INDEX_1	</identifier>
				<transform>
					<row0>	0.9952 0.0000 0.0975 0.0000	</row0>
					<row1>	0.0061 0.9981 -0.0618 0.0000	</row1>
					<row2>	-0.0973 0.0621 0.9933 0.0000	</row2>
					<row3>	0.4024 0.3273 5.8711 1.0000	</row3>
				</transform>
			</node>
			<node>
				<identifier>	MP_JM027_Fairlead_2_INDEX_2	</identifier>
				<transform>
					<row0>	0.9984 0.0022 -0.0572 0.0000	</row0>
					<row1>	-0.0022 1.0000 0.0008 0.0000	</row1>
					<row2>	0.0572 -0.0007 0.9984 0.0000	</row2>
					<row3>	-0.5980 0.2738 3.7855 1.0000	</row3>
				</transform>
			</node>
			<node>
				<identifier>	MP_JM027_Fairlead_2_INDEX_3	</identifier>
				<transform>
					<row0>	0.9984 -0.0022 0.0572 0.0000	</row0>
					<row1>	0.0022 1.0000 0.0008 0.0000	</row1>
					<row2>	-0.0572 -0.0007 0.9984 0.0000	</row2>
					<row3>	0.5980 0.2738 3.7855 1.0000	</row3>
				</transform>
			</node>
			<node>
				<identifier>	MP_JM029_Leadsman_Platform	</identifier>
				<transform>
					<row0>	0.0253 -0.9957 0.0889 0.0000	</row0>
					<row1>	0.9617 0.0000 -0.2741 0.0000	</row1>
					<row2>	0.2729 0.0924 0.9576 0.0000	</row2>
					<row3>	-0.2230 0.4256 7.1493 1.0000	</row3>
				</transform>
			</node>
			<node>
				<identifier>	MP_JM029_Leadsman_Platform_INDEX_1	</identifier>
				<transform>
					<row0>	-0.0061 -0.9998 0.0213 0.0000	</row0>
					<row1>	-0.9957 0.0041 -0.0929 0.0000	</row1>
					<row2>	0.0928 -0.0218 -0.9954 0.0000	</row2>
					<row3>	0.5315 0.2748 4.7082 1.0000	</row3>
				</transform>
			</node>
			<node>
				<identifier>	MP_JM029_Leadsman_Platform_INDEX_2	</identifier>
				<transform>
					<row0>	0.0061 -0.9998 0.0213 0.0000	</row0>
					<row1>	0.9957 0.0041 -0.0929 0.0000	</row1>
					<row2>	0.0928 0.0218 0.9954 0.0000	</row2>
					<row3>	-0.5315 0.2748 4.7082 1.0000	</row3>
				</transform>
			</node>
			<node>
				<identifier>	MP_JM029_Leadsman_Platform_INDEX_3	</identifier>
				<transform>
					<row0>	-0.0253 -0.9957 0.0889 0.0000	</row0>
					<row1>	-0.9617 0.0000 -0.2741 0.0000	</row1>
					<row2>	0.2729 -0.0924 -0.9576 0.0000	</row2>
					<row3>	0.2230 0.4256 7.1493 1.0000	</row3>
				</transform>
			</node>
			<node>
				<identifier>	MP_JM032_Electric_Deck_Winch	</identifier>
				<transform>
					<row0>	-1.0000 0.0000 0.0000 0.0000	</row0>
					<row1>	0.0000 1.0000 0.0000 0.0000	</row1>
					<row2>	0.0000 0.0000 -1.0000 0.0000	</row2>
					<row3>	-0.2024 0.2663 4.3840 1.0000	</row3>
				</transform>
			</node>
			<node>
				<identifier>	MP_JM032_Electric_Deck_Winch_INDEX_1	</identifier>
				<transform>
					<row0>	1.0000 0.0000 0.0000 0.0000	</row0>
					<row1>	0.0000 1.0000 0.0000 0.0000	</row1>
					<row2>	0.0000 0.0000 1.0000 0.0000	</row2>
					<row3>	0.1843 0.2674 4.4326 1.0000	</row3>
				</transform>
			</node>
			<node>
				<identifier>	MP_JM033_Roller_Fairled	</identifier>
				<transform>
					<row0>	0.1253 -0.0876 -0.9882 0.0000	</row0>
					<row1>	0.0110 0.9962 -0.0869 0.0000	</row1>
					<row2>	0.9921 0.0000 0.1258 0.0000	</row2>
					<row3>	0.3233 0.3792 6.6063 1.0000	</row3>
				</transform>
			</node>
			<node>
				<identifier>	MP_JM055_Deck_Hatch_4	</identifier>
				<transform>
					<row0>	0.0000 -0.0022 -0.5173 0.0000	</row0>
					<row1>	0.0000 0.5173 -0.0022 0.0000	</row1>
					<row2>	0.5173 0.0000 0.0000 0.0000	</row2>
					<row3>	0.3254 0.2656 3.9132 1.0000	</row3>
				</transform>
			</node>
			<node>
				<identifier>	MP_JM055_Deck_Hatch_4_INDEX_1	</identifier>
				<transform>
					<row0>	-0.5173 -0.0008 -0.0001 0.0000	</row0>
					<row1>	-0.0008 0.5169 -0.0205 0.0000	</row1>
					<row2>	0.0002 -0.0205 -0.5169 0.0000	</row2>
					<row3>	0.0523 0.2944 5.3648 1.0000	</row3>
				</transform>
			</node>
			<node>
				<identifier>	MP_JM055_Deck_Hatch_4_INDEX_2	</identifier>
				<transform>
					<row0>	-0.5173 0.0008 0.0001 0.0000	</row0>
					<row1>	0.0008 0.5169 -0.0205 0.0000	</row1>
					<row2>	-0.0002 -0.0205 -0.5169 0.0000	</row2>
					<row3>	-0.0523 0.2944 5.3648 1.0000	</row3>
				</transform>
			</node>
			<node>
				<identifier>	MP_JM055_Deck_Hatch_4_INDEX_3	</identifier>
				<transform>
					<row0>	0.0000 0.0022 0.5173 0.0000	</row0>
					<row1>	0.0000 0.5173 -0.0022 0.0000	</row1>
					<row2>	-0.5173 0.0000 0.0000 0.0000	</row2>
					<row3>	-0.3254 0.2656 3.9132 1.0000	</row3>
				</transform>
			</node>
			<node>
				<identifier>	MP_JM055_Deck_Hatch_4_INDEX_4	</identifier>
				<transform>
					<row0>	0.0000 0.0045 0.5173 0.0000	</row0>
					<row1>	0.0000 0.5173 -0.0045 0.0000	</row1>
					<row2>	-0.5173 0.0000 0.0000 0.0000	</row2>
					<row3>	-0.3178 0.2671 4.2591 1.0000	</row3>
				</transform>
			</node>
			<node>
				<identifier>	MP_JM055_Deck_Hatch_4_INDEX_5	</identifier>
				<transform>
					<row0>	-0.5173 0.0007 0.0002 0.0000	</row0>
					<row1>	0.0007 0.5165 -0.0295 0.0000	</row1>
					<row2>	-0.0003 -0.0295 -0.5165 0.0000	</row2>
					<row3>	0.0384 0.3136 5.7655 1.0000	</row3>
				</transform>
			</node>
			<node>
				<identifier>	MP_JM059_Deck_Hatch_8	</identifier>
				<transform>
					<row0>	0.0000 0.0734 1.2677 0.0000	</row0>
					<row1>	0.0000 1.2677 -0.0734 0.0000	</row1>
					<row2>	-1.2698 0.0000 0.0000 0.0000	</row2>
					<row3>	0.0324 0.3100 5.6969 1.0000	</row3>
				</transform>
			</node>
			<node>
				<identifier>	MP_JM059_Deck_Hatch_8_INDEX_1	</identifier>
				<transform>
					<row0>	0.0000 -0.0734 -1.2677 0.0000	</row0>
					<row1>	0.0000 1.2677 -0.0734 0.0000	</row1>
					<row2>	1.2698 0.0000 0.0000 0.0000	</row2>
					<row3>	-0.0324 0.3057 5.6212 1.0000	</row3>
				</transform>
			</node>
			<node>
				<identifier>	MP_JM059_Deck_Hatch_8_INDEX_2	</identifier>
				<transform>
					<row0>	0.0000 0.0734 1.2677 0.0000	</row0>
					<row1>	0.0000 1.2677 -0.0734 0.0000	</row1>
					<row2>	-1.2698 0.0000 0.0000 0.0000	</row2>
					<row3>	0.0324 0.3057 5.6212 1.0000	</row3>
				</transform>
			</node>
			<node>
				<identifier>	MP_JM059_Deck_Hatch_8_INDEX_3	</identifier>
				<transform>
					<row0>	0.0000 -0.0734 -1.2677 0.0000	</row0>
					<row1>	0.0000 1.2677 -0.0734 0.0000	</row1>
					<row2>	1.2698 0.0000 0.0000 0.0000	</row2>
					<row3>	-0.0324 0.3100 5.6969 1.0000	</row3>
				</transform>
			</node>
			<node>
				<identifier>	MP_JM062_Deck_Hatch_11	</identifier>
				<transform>
					<row0>	-0.7077 0.0000 0.0000 0.0000	</row0>
					<row1>	0.0000 0.7077 0.0000 0.0000	</row1>
					<row2>	0.0000 0.0000 -0.7077 0.0000	</row2>
					<row3>	0.0216 0.2652 3.5282 1.0000	</row3>
				</transform>
			</node>
			<node>
				<identifier>	MP_JM062_Deck_Hatch_11_INDEX_1	</identifier>
				<transform>
					<row0>	-0.7077 0.0000 0.0000 0.0000	</row0>
					<row1>	0.0000 0.7076 -0.0108 0.0000	</row1>
					<row2>	0.0000 -0.0108 -0.7076 0.0000	</row2>
					<row3>	0.0232 0.2704 4.5478 1.0000	</row3>
				</transform>
			</node>
			<node>
				<identifier>	MP_JM062_Deck_Hatch_11_INDEX_2	</identifier>
				<transform>
					<row0>	-0.7077 0.0000 0.0000 0.0000	</row0>
					<row1>	0.0000 0.7077 0.0000 0.0000	</row1>
					<row2>	0.0000 0.0000 -0.7077 0.0000	</row2>
					<row3>	0.1186 0.2672 4.3341 1.0000	</row3>
				</transform>
			</node>
			<node>
				<identifier>	MP_JM062_Deck_Hatch_11_INDEX_3	</identifier>
				<transform>
					<row0>	-1.0000 0.0000 0.0000 0.0000	</row0>
					<row1>	0.0000 0.9964 -0.0842 0.0000	</row1>
					<row2>	0.0000 -0.0842 -0.9964 0.0000	</row2>
					<row3>	-0.0268 0.3873 6.7224 1.0000	</row3>
				</transform>
			</node>
			<node>
				<identifier>	MP_JM062_Deck_Hatch_11_INDEX_4	</identifier>
				<transform>
					<row0>	-1.0000 0.0000 0.0000 0.0000	</row0>
					<row1>	0.0000 0.9966 -0.0826 0.0000	</row1>
					<row2>	0.0000 -0.0826 -0.9966 0.0000	</row2>
					<row3>	0.1355 0.3633 6.4430 1.0000	</row3>
				</transform>
			</node>
			<node>
				<identifier>	MP_JM062_Deck_Hatch_11_INDEX_5	</identifier>
				<transform>
					<row0>	-0.7077 0.0000 0.0000 0.0000	</row0>
					<row1>	0.0000 0.7077 0.0000 0.0000	</row1>
					<row2>	0.0000 0.0000 -0.7077 0.0000	</row2>
					<row3>	-0.0511 0.2674 4.3341 1.0000	</row3>
				</transform>
			</node>
			<node>
				<identifier>	MP_JM062_Deck_Hatch_11_INDEX_6	</identifier>
				<transform>
					<row0>	-1.0000 0.0000 0.0000 0.0000	</row0>
					<row1>	0.0000 1.0000 0.0000 0.0000	</row1>
					<row2>	0.0000 0.0000 -1.0000 0.0000	</row2>
					<row3>	-0.1105 0.2651 4.4432 1.0000	</row3>
				</transform>
			</node>
			<node>
				<identifier>	MP_JM064_Bollards_2	</identifier>
				<transform>
					<row0>	-0.0015 -0.0848 -0.9964 0.0000	</row0>
					<row1>	0.0000 0.9964 -0.0848 0.0000	</row1>
					<row2>	1.0000 -0.0001 -0.0015 0.0000	</row2>
					<row3>	0.0000 0.4059 6.9252 1.0000	</row3>
				</transform>
			</node>
			<node>
				<identifier>	MP_JM064_Bollards_2_INDEX_1	</identifier>
				<transform>
					<row0>	0.1225 -0.0315 -0.9920 0.0000	</row0>
					<row1>	0.0000 0.9995 -0.0318 0.0000	</row1>
					<row2>	0.9925 0.0039 0.1224 0.0000	</row2>
					<row3>	0.4139 0.2943 5.3597 1.0000	</row3>
				</transform>
			</node>
			<node>
				<identifier>	MP_JM064_Bollards_2_INDEX_2	</identifier>
				<transform>
					<row0>	0.1225 -0.0726 -0.9898 0.0000	</row0>
					<row1>	0.0000 0.9973 -0.0732 0.0000	</row1>
					<row2>	0.9925 0.0090 0.1221 0.0000	</row2>
					<row3>	0.2959 0.3583 6.3671 1.0000	</row3>
				</transform>
			</node>
			<node>
				<identifier>	MP_JM064_Bollards_2_INDEX_3	</identifier>
				<transform>
					<row0>	0.1225 0.0058 0.9925 0.0000	</row0>
					<row1>	0.0000 1.0000 -0.0058 0.0000	</row1>
					<row2>	-0.9925 0.0007 0.1224 0.0000	</row2>
					<row3>	-0.5263 0.2609 4.2478 1.0000	</row3>
				</transform>
			</node>
			<node>
				<identifier>	MP_JM064_Bollards_2_INDEX_4	</identifier>
				<transform>
					<row0>	0.1225 0.0726 0.9898 0.0000	</row0>
					<row1>	0.0000 0.9973 -0.0732 0.0000	</row1>
					<row2>	-0.9925 0.0090 0.1221 0.0000	</row2>
					<row3>	-0.2959 0.3583 6.3671 1.0000	</row3>
				</transform>
			</node>
			<node>
				<identifier>	MP_JM064_Bollards_2_INDEX_5	</identifier>
				<transform>
					<row0>	0.1225 0.0315 0.9920 0.0000	</row0>
					<row1>	0.0000 0.9995 -0.0318 0.0000	</row1>
					<row2>	-0.9925 0.0039 0.1224 0.0000	</row2>
					<row3>	-0.4139 0.2943 5.3597 1.0000	</row3>
				</transform>
			</node>
			<node>
				<identifier>	MP_JM064_Bollards_2_INDEX_6	</identifier>
				<transform>
					<row0>	0.1225 -0.0058 -0.9925 0.0000	</row0>
					<row1>	0.0000 1.0000 -0.0058 0.0000	</row1>
					<row2>	0.9925 0.0007 0.1224 0.0000	</row2>
					<row3>	0.5263 0.2669 4.2478 1.0000	</row3>
				</transform>
			</node>
			<node>
				<identifier>	MP_JM079_Roller_Fairled	</identifier>
				<transform>
					<row0>	-0.1253 -0.0876 -0.9882 0.0000	</row0>
					<row1>	-0.0110 0.9962 -0.0869 0.0000	</row1>
					<row2>	0.9921 0.0000 -0.1258 0.0000	</row2>
					<row3>	-0.3222 0.3794 6.6089 1.0000	</row3>
				</transform>
			</node>
			<node>
				<identifier>	MP_JM109_Deck_Hatch_11	</identifier>
				<transform>
					<row0>	0.0000 0.0616 0.9981 0.0000	</row0>
					<row1>	0.0000 0.9981 -0.0616 0.0000	</row1>
					<row2>	-1.0000 0.0000 0.0000 0.0000	</row2>
					<row3>	-0.0609 0.3231 5.8980 1.0000	</row3>
				</transform>
			</node>
			<node>
				<identifier>	MP_JM109_Deck_Hatch_11_INDEX_1	</identifier>
				<transform>
					<row0>	0.0000 0.0159 0.9999 0.0000	</row0>
					<row1>	0.0000 0.9999 -0.0159 0.0000	</row1>
					<row2>	-1.0000 0.0000 0.0000 0.0000	</row2>
					<row3>	0.2504 0.2724 4.5721 1.0000	</row3>
				</transform>
			</node>
			<node>
				<identifier>	MP_JM125_Signal_Lamp_3	</identifier>
				<transform>
					<row0>	1.0000 0.0000 0.0000 0.0000	</row0>
					<row1>	0.0000 1.0000 0.0000 0.0000	</row1>
					<row2>	0.0000 0.0000 1.0000 0.0000	</row2>
					<row3>	0.0000 0.7239 7.4400 1.0000	</row3>
				</transform>
			</node>
			<node>
				<identifier>	MP_JM141_Break_Handwheel_1	</identifier>
				<transform>
					<row0>	1.0000 0.0000 0.0000 0.0000	</row0>
					<row1>	0.0000 1.0000 0.0000 0.0000	</row1>
					<row2>	0.0000 0.0000 1.0000 0.0000	</row2>
					<row3>	0.1086 0.3610 6.0010 1.0000	</row3>
				</transform>
			</node>
			<node>
				<identifier>	MP_JM141_Break_Handwheel_1_INDEX_1	</identifier>
				<transform>
					<row0>	1.0000 0.0000 0.0000 0.0000	</row0>
					<row1>	0.0000 1.0000 0.0000 0.0000	</row1>
					<row2>	0.0000 0.0000 1.0000 0.0000	</row2>
					<row3>	-0.1086 0.3610 6.0010 1.0000	</row3>
				</transform>
			</node>
			<node>
				<identifier>	MP_JM141_Break_Handwheel_1_INDEX_2	</identifier>
				<transform>
					<row0>	1.0000 0.0000 0.0000 0.0000	</row0>
					<row1>	0.0000 1.0000 0.0000 0.0000	</row1>
					<row2>	0.0000 0.0000 1.0000 0.0000	</row2>
					<row3>	-0.1244 0.3546 6.3169 1.0000	</row3>
				</transform>
			</node>
			<node>
				<identifier>	MP_JM141_Break_Handwheel_1_INDEX_3	</identifier>
				<transform>
					<row0>	1.0000 0.0000 0.0000 0.0000	</row0>
					<row1>	0.0000 1.0000 0.0000 0.0000	</row1>
					<row2>	0.0000 0.0000 1.0000 0.0000	</row2>
					<row3>	0.1244 0.3546 6.3169 1.0000	</row3>
				</transform>
			</node>
			<node>
				<identifier>	MP_JM2013_Paravane_Stand	</identifier>
				<transform>
					<row0>	-0.7364 0.0000 0.6765 0.0000	</row0>
					<row1>	0.0000 1.0000 0.0000 0.0000	</row1>
					<row2>	-0.6765 0.0000 -0.7364 0.0000	</row2>
					<row3>	0.2289 0.2639 3.6899 1.0000	</row3>
				</transform>
			</node>
			<node>
				<identifier>	MP_JM2013_Paravane_Stand_INDEX_1	</identifier>
				<transform>
					<row0>	-0.7364 0.0000 -0.6765 0.0000	</row0>
					<row1>	0.0000 1.0000 0.0000 0.0000	</row1>
					<row2>	0.6765 0.0000 -0.7364 0.0000	</row2>
					<row3>	-0.2289 0.2639 3.6899 1.0000	</row3>
				</transform>
			</node>
			<node>
				<identifier>	MP_JM295_Fairled	</identifier>
				<transform>
					<row0>	0.9848 -0.0140 -0.1731 0.0000	</row0>
					<row1>	0.0000 0.9967 -0.0806 0.0000	</row1>
					<row2>	0.1736 0.0794 0.9816 0.0000	</row2>
					<row3>	0.1212 0.3473 6.2428 1.0000	</row3>
				</transform>
			</node>
			<node>
				<identifier>	MP_JM295_Fairled_INDEX_1	</identifier>
				<transform>
					<row0>	0.9848 0.0140 0.1731 0.0000	</row0>
					<row1>	0.0000 0.9967 -0.0806 0.0000	</row1>
					<row2>	-0.1736 0.0794 0.9816 0.0000	</row2>
					<row3>	-0.1212 0.3473 6.2428 1.0000	</row3>
				</transform>
			</node>
			<node>
				<identifier>	MP_JM306_Chrysanthemum_mid	</identifier>
				<transform>
					<row0>	0.8670 0.0000 0.0000 0.0000	</row0>
					<row1>	0.0000 0.8456 0.1916 0.0000	</row1>
					<row2>	0.0000 -0.1916 0.8456 0.0000	</row2>
					<row3>	0.0000 0.4751 7.5003 1.0000	</row3>
				</transform>
			</node>
			<node>
				<identifier>	MP_JM307_Chrysanthemum_petal_1	</identifier>
				<transform>
					<row0>	-0.8022 0.3290 0.0032 0.0000	</row0>
					<row1>	-0.3288 -0.8015 -0.0365 0.0000	</row1>
					<row2>	-0.0109 -0.0349 0.8663 0.0000	</row2>
					<row3>	0.0000 0.4756 7.4979 1.0000	</row3>
				</transform>
			</node>
			<node>
				<identifier>	MP_JM307_Chrysanthemum_petal_1_INDEX_1	</identifier>
				<transform>
					<row0>	-0.0084 -0.8527 -0.1570 0.0000	</row0>
					<row1>	0.8660 -0.0005 -0.0432 0.0000	</row1>
					<row2>	0.0424 -0.1572 0.8516 0.0000	</row2>
					<row3>	0.0000 0.4756 7.4985 1.0000	</row3>
				</transform>
			</node>
			<node>
				<identifier>	MP_JM307_Chrysanthemum_petal_1_INDEX_10	</identifier>
				<transform>
					<row0>	0.3222 0.7594 0.2669 0.0000	</row0>
					<row1>	-0.8025 0.3254 0.0429 0.0000	</row1>
					<row2>	-0.0626 -0.2630 0.8238 0.0000	</row2>
					<row3>	0.0000 0.4756 7.4985 1.0000	</row3>
				</transform>
			</node>
			<node>
				<identifier>	MP_JM307_Chrysanthemum_petal_1_INDEX_11	</identifier>
				<transform>
					<row0>	0.6092 0.5683 0.2402 0.0000	</row0>
					<row1>	-0.6139 0.5920 0.1564 0.0000	</row1>
					<row2>	-0.0615 -0.2800 0.8183 0.0000	</row2>
					<row3>	0.0000 0.4756 7.4985 1.0000	</row3>
				</transform>
			</node>
			<node>
				<identifier>	MP_JM307_Chrysanthemum_petal_1_INDEX_12	</identifier>
				<transform>
					<row0>	-0.3322 0.8007 0.0162 0.0000	</row0>
					<row1>	-0.8004 -0.3313 -0.0365 0.0000	</row1>
					<row2>	-0.0275 -0.0290 0.8661 0.0000	</row2>
					<row3>	0.0000 0.4756 7.4980 1.0000	</row3>
				</transform>
			</node>
			<node>
				<identifier>	MP_JM307_Chrysanthemum_petal_1_INDEX_13	</identifier>
				<transform>
					<row0>	-0.6187 0.6057 0.0455 0.0000	</row0>
					<row1>	-0.6073 -0.6181 -0.0303 0.0000	</row1>
					<row2>	0.0112 -0.0535 0.8653 0.0000	</row2>
					<row3>	0.0000 0.4756 7.4978 1.0000	</row3>
				</transform>
			</node>
			<node>
				<identifier>	MP_JM307_Chrysanthemum_petal_1_INDEX_14	</identifier>
				<transform>
					<row0>	0.7986 0.3049 0.1451 0.0000	</row0>
					<row1>	-0.3362 0.7519 0.2707 0.0000	</row1>
					<row2>	-0.0306 -0.3056 0.8108 0.0000	</row2>
					<row3>	0.0000 0.4757 7.4982 1.0000	</row3>
				</transform>
			</node>
			<node>
				<identifier>	MP_JM307_Chrysanthemum_petal_1_INDEX_15	</identifier>
				<transform>
					<row0>	0.7986 -0.3049 -0.1451 0.0000	</row0>
					<row1>	0.3362 0.7519 0.2707 0.0000	</row1>
					<row2>	0.0306 -0.3056 0.8108 0.0000	</row2>
					<row3>	0.0000 0.4757 7.4982 1.0000	</row3>
				</transform>
			</node>
			<node>
				<identifier>	MP_JM307_Chrysanthemum_petal_1_INDEX_2	</identifier>
				<transform>
					<row0>	-0.8670 0.0000 0.0000 0.0000	</row0>
					<row1>	0.0000 -0.8668 -0.0217 0.0000	</row1>
					<row2>	0.0000 -0.0217 0.8668 0.0000	</row2>
					<row3>	0.0000 0.4756 7.4979 1.0000	</row3>
				</transform>
			</node>
			<node>
				<identifier>	MP_JM307_Chrysanthemum_petal_1_INDEX_3	</identifier>
				<transform>
					<row0>	0.3222 -0.7594 -0.2669 0.0000	</row0>
					<row1>	0.8025 0.3254 0.0429 0.0000	</row1>
					<row2>	0.0626 -0.2630 0.8238 0.0000	</row2>
					<row3>	0.0000 0.4756 7.4985 1.0000	</row3>
				</transform>
			</node>
			<node>
				<identifier>	MP_JM307_Chrysanthemum_petal_1_INDEX_4	</identifier>
				<transform>
					<row0>	0.6092 -0.5683 -0.2402 0.0000	</row0>
					<row1>	0.6139 0.5920 0.1564 0.0000	</row1>
					<row2>	0.0615 -0.2800 0.8183 0.0000	</row2>
					<row3>	0.0000 0.4756 7.4985 1.0000	</row3>
				</transform>
			</node>
			<node>
				<identifier>	MP_JM307_Chrysanthemum_petal_1_INDEX_5	</identifier>
				<transform>
					<row0>	-0.8022 -0.3290 -0.0032 0.0000	</row0>
					<row1>	0.3288 -0.8015 -0.0365 0.0000	</row1>
					<row2>	0.0109 -0.0349 0.8663 0.0000	</row2>
					<row3>	0.0000 0.4756 7.4979 1.0000	</row3>
				</transform>
			</node>
			<node>
				<identifier>	MP_JM307_Chrysanthemum_petal_1_INDEX_6	</identifier>
				<transform>
					<row0>	-0.3322 -0.8007 -0.0162 0.0000	</row0>
					<row1>	0.8004 -0.3313 -0.0365 0.0000	</row1>
					<row2>	0.0275 -0.0290 0.8661 0.0000	</row2>
					<row3>	0.0000 0.4756 7.4980 1.0000	</row3>
				</transform>
			</node>
			<node>
				<identifier>	MP_JM307_Chrysanthemum_petal_1_INDEX_7	</identifier>
				<transform>
					<row0>	-0.6187 -0.6057 -0.0455 0.0000	</row0>
					<row1>	0.6073 -0.6181 -0.0303 0.0000	</row1>
					<row2>	-0.0112 -0.0535 0.8653 0.0000	</row2>
					<row3>	0.0000 0.4756 7.4978 1.0000	</row3>
				</transform>
			</node>
			<node>
				<identifier>	MP_JM307_Chrysanthemum_petal_1_INDEX_8	</identifier>
				<transform>
					<row0>	0.8670 0.0000 0.0000 0.0000	</row0>
					<row1>	0.0000 0.8179 0.2878 0.0000	</row1>
					<row2>	0.0000 -0.2878 0.8179 0.0000	</row2>
					<row3>	0.0000 0.4757 7.4981 1.0000	</row3>
				</transform>
			</node>
			<node>
				<identifier>	MP_JM307_Chrysanthemum_petal_1_INDEX_9	</identifier>
				<transform>
					<row0>	-0.0084 0.8527 0.1570 0.0000	</row0>
					<row1>	-0.8660 -0.0005 -0.0432 0.0000	</row1>
					<row2>	-0.0424 -0.1572 0.8516 0.0000	</row2>
					<row3>	0.0000 0.4756 7.4985 1.0000	</row3>
				</transform>
			</node>
			<node>
				<identifier>	MP_JM351_Ventilators	</identifier>
				<transform>
					<row0>	-1.0000 0.0000 0.0000 0.0000	</row0>
					<row1>	0.0000 1.0000 0.0000 0.0000	</row1>
					<row2>	0.0000 0.0000 -1.0000 0.0000	</row2>
					<row3>	0.3695 0.3027 5.5576 1.0000	</row3>
				</transform>
			</node>
			<node>
				<identifier>	MP_JM351_Ventilators_INDEX_1	</identifier>
				<transform>
					<row0>	1.0000 0.0000 0.0000 0.0000	</row0>
					<row1>	0.0000 1.0000 0.0000 0.0000	</row1>
					<row2>	0.0000 0.0000 1.0000 0.0000	</row2>
					<row3>	-0.2716 0.3901 6.7605 1.0000	</row3>
				</transform>
			</node>
			<node>
				<identifier>	MP_JM351_Ventilators_INDEX_2	</identifier>
				<transform>
					<row0>	-1.0000 0.0000 0.0000 0.0000	</row0>
					<row1>	0.0000 1.0000 0.0000 0.0000	</row1>
					<row2>	0.0000 0.0000 -1.0000 0.0000	</row2>
					<row3>	-0.3695 0.3027 5.5621 1.0000	</row3>
				</transform>
			</node>
			<node>
				<identifier>	MP_JM351_Ventilators_INDEX_3	</identifier>
				<transform>
					<row0>	1.0000 0.0000 0.0000 0.0000	</row0>
					<row1>	0.0000 1.0000 0.0000 0.0000	</row1>
					<row2>	0.0000 0.0000 1.0000 0.0000	</row2>
					<row3>	-0.2199 0.4108 7.0082 1.0000	</row3>
				</transform>
			</node>
			<node>
				<identifier>	MP_JM351_Ventilators_INDEX_4	</identifier>
				<transform>
					<row0>	-1.0000 0.0014 0.0000 0.0000	</row0>
					<row1>	0.0014 0.9993 -0.0370 0.0000	</row1>
					<row2>	0.0000 -0.0370 -0.9993 0.0000	</row2>
					<row3>	-0.0903 0.2906 5.2908 1.0000	</row3>
				</transform>
			</node>
			<node>
				<identifier>	MP_JM447_Ventilators_3_large	</identifier>
				<transform>
					<row0>	1.0000 0.0000 0.0000 0.0000	</row0>
					<row1>	0.0000 1.0000 0.0000 0.0000	</row1>
					<row2>	0.0000 0.0000 1.0000 0.0000	</row2>
					<row3>	-0.0376 0.2689 4.4356 1.0000	</row3>
				</transform>
			</node>
			<node>
				<identifier>	SP_YMS001_YHBM_M_1	</identifier>
				<transform>
					<row0>	1.0000 0.0000 0.0000 0.0000	</row0>
					<row1>	0.0000 0.9991 -0.0430 0.0000	</row1>
					<row2>	0.0000 0.0430 0.9991 0.0000	</row2>
					<row3>	0.0000 0.5068 7.4721 1.0000	</row3>
				</transform>
			</node>
			<node>
				<identifier>	SP_YMS002_YHBL_M_1	</identifier>
				<transform>
					<row0>	0.9985 -0.0550 0.0057 0.0000	</row0>
					<row1>	0.0553 0.9932 -0.1027 0.0000	</row1>
					<row2>	0.0000 0.1028 0.9947 0.0000	</row2>
					<row3>	0.0000 0.4700 7.5311 1.0000	</row3>
				</transform>
			</node>
			<node>
				<identifier>	SP_YMS003_YHBR_M_1	</identifier>
				<transform>
					<row0>	0.9985 0.0550 -0.0057 0.0000	</row0>
					<row1>	-0.0553 0.9932 -0.1027 0.0000	</row1>
					<row2>	0.0000 0.1028 0.9947 0.0000	</row2>
					<row3>	0.0000 0.4700 7.5311 1.0000	</row3>
				</transform>
			</node>
			<node>
				<identifier>	SP_YMS004_YHXL_L_1	</identifier>
				<transform>
					<row0>	0.3987 0.3376 -0.1101 0.0000	</row0>
					<row1>	-0.3444 0.4080 0.0041 0.0000	</row1>
					<row2>	0.0867 0.0680 0.5224 0.0000	</row2>
					<row3>	-0.1367 0.3033 6.9752 1.0000	</row3>
				</transform>
			</node>
			<node>
				<identifier>	SP_YMS005_YHXR_L_1	</identifier>
				<transform>
					<row0>	0.3987 -0.3376 0.1101 0.0000	</row0>
					<row1>	0.3444 0.4080 0.0041 0.0000	</row1>
					<row2>	-0.0867 0.0680 0.5224 0.0000	</row2>
					<row3>	0.1367 0.3033 6.9752 1.0000	</row3>
				</transform>
			</node>
			<node>
				<identifier>	SP_YMS010_YHWM_L_1	</identifier>
				<transform>
					<row0>	0.6550 0.0000 0.0000 0.0000	</row0>
					<row1>	0.0000 0.6550 0.0000 0.0000	</row1>
					<row2>	0.0000 0.0000 0.6550 0.0000	</row2>
					<row3>	0.0000 0.0000 7.3311 1.0000	</row3>
				</transform>
			</node>
			<node>
				<identifier>	SP_YMS011_YHWL_M_1	</identifier>
				<transform>
					<row0>	0.9706 0.2011 -0.1322 0.0000	</row0>
					<row1>	-0.2011 0.9795 0.0134 0.0000	</row1>
					<row2>	0.1322 0.0135 0.9911 0.0000	</row2>
					<row3>	-0.1937 0.0000 6.0876 1.0000	</row3>
				</transform>
			</node>
			<node>
				<identifier>	SP_YMS011_YHWL_M_1_INDEX_1	</identifier>
				<transform>
					<row0>	0.9714 0.2174 -0.0951 0.0000	</row0>
					<row1>	-0.2164 0.9761 0.0207 0.0000	</row1>
					<row2>	0.0974 0.0005 0.9952 0.0000	</row2>
					<row3>	-0.5303 0.0060 3.5561 1.0000	</row3>
				</transform>
			</node>
			<node>
				<identifier>	SP_YMS011_YHWL_M_1_INDEX_2	</identifier>
				<transform>
					<row0>	0.9540 0.2726 -0.1245 0.0000	</row0>
					<row1>	-0.2717 0.9621 0.0243 0.0000	</row1>
					<row2>	0.1264 0.0107 0.9919 0.0000	</row2>
					<row3>	-0.3105 0.0027 5.2445 1.0000	</row3>
				</transform>
			</node>
			<node>
				<identifier>	SP_YMS011_YHWL_M_1_INDEX_4	</identifier>
				<transform>
					<row0>	0.9510 0.2849 -0.1201 0.0000	</row0>
					<row1>	-0.2842 0.9585 0.0238 0.0000	</row1>
					<row2>	0.1219 0.0115 0.9925 0.0000	</row2>
					<row3>	-0.4280 0.0000 4.4015 1.0000	</row3>
				</transform>
			</node>
			<node>
				<identifier>	SP_YMS012_YHWR_M_1_INDEX_10	</identifier>
				<transform>
					<row0>	0.9714 -0.2174 0.0951 0.0000	</row0>
					<row1>	0.2164 0.9761 0.0207 0.0000	</row1>
					<row2>	-0.0974 0.0005 0.9952 0.0000	</row2>
					<row3>	0.5303 0.0060 3.5561 1.0000	</row3>
				</transform>
			</node>
			<node>
				<identifier>	SP_YMS012_YHWR_M_1_INDEX_11	</identifier>
				<transform>
					<row0>	0.9706 -0.2011 0.1322 0.0000	</row0>
					<row1>	0.2011 0.9795 0.0134 0.0000	</row1>
					<row2>	-0.1322 0.0135 0.9911 0.0000	</row2>
					<row3>	0.1937 0.0000 6.0876 1.0000	</row3>
				</transform>
			</node>
			<node>
				<identifier>	SP_YMS012_YHWR_M_1_INDEX_13	</identifier>
				<transform>
					<row0>	0.9510 -0.2849 0.1201 0.0000	</row0>
					<row1>	0.2842 0.9585 0.0238 0.0000	</row1>
					<row2>	-0.1219 0.0115 0.9925 0.0000	</row2>
					<row3>	0.4280 0.0000 4.4015 1.0000	</row3>
				</transform>
			</node>
			<node>
				<identifier>	SP_YMS012_YHWR_M_1_INDEX_4	</identifier>
				<transform>
					<row0>	0.9540 -0.2726 0.1245 0.0000	</row0>
					<row1>	0.2717 0.9621 0.0243 0.0000	</row1>
					<row2>	-0.1264 0.0107 0.9919 0.0000	</row2>
					<row3>	0.3105 0.0027 5.2445 1.0000	</row3>
				</transform>
			</node>
			<node>
				<identifier>	SP_YMS020_YHBU_M_1	</identifier>
				<transform>
					<row0>	1.2516 0.0000 0.0000 0.0000	</row0>
					<row1>	0.0000 1.2516 0.0000 0.0000	</row1>
					<row2>	0.0000 0.0000 1.2516 0.0000	</row2>
					<row3>	0.0000 0.0426 6.9429 1.0000	</row3>
				</transform>
			</node>
			<node>
				<identifier>	SP_YMS022_YHUS_L_1	</identifier>
				<transform>
					<row0>	-0.1346 -0.0071 -1.0414 0.0000	</row0>
					<row1>	-0.2624 1.0164 0.0270 0.0000	</row1>
					<row2>	1.0078 0.2637 -0.1321 0.0000	</row2>
					<row3>	-0.3859 -0.3984 3.8786 1.0000	</row3>
				</transform>
			</node>
			<node>
				<identifier>	SP_YMS022_YHUS_L_1_INDEX_1	</identifier>
				<transform>
					<row0>	-0.1346 0.0071 1.0414 0.0000	</row0>
					<row1>	0.2624 1.0164 0.0270 0.0000	</row1>
					<row2>	-1.0078 0.2637 -0.1321 0.0000	</row2>
					<row3>	0.3859 -0.3984 3.8786 1.0000	</row3>
				</transform>
			</node>
			<node>
				<identifier>	SP_YMS022_YHUS_L_1_INDEX_2	</identifier>
				<transform>
					<row0>	-0.1346 -0.0071 -1.0414 0.0000	</row0>
					<row1>	-0.2624 1.0164 0.0270 0.0000	</row1>
					<row2>	1.0078 0.2637 -0.1321 0.0000	</row2>
					<row3>	-0.2441 -0.3944 4.8920 1.0000	</row3>
				</transform>
			</node>
			<node>
