<WSD009_Ostergotland_1959_MidBack_ports_dock.visual>
	<node>
		<identifier>	Scene Root	</identifier>
		<transform>
			<row0>	1.0000 0.0000 0.0000 0.0000	</row0>
			<row1>	0.0000 1.0000 0.0000 0.0000	</row1>
			<row2>	0.0000 0.0000 1.0000 0.0000	</row2>
			<row3>	0.0000 0.0000 0.0000 1.0000	</row3>
		</transform>
		<node>
			<identifier>	MidBack_ports_dock	</identifier>
			<transform>
				<row0>	1.0000 0.0000 0.0000 0.0000	</row0>
				<row1>	0.0000 1.0000 0.0000 0.0000	</row1>
				<row2>	0.0000 0.0000 1.0000 0.0000	</row2>
				<row3>	0.0000 0.0000 0.0000 1.0000	</row3>
			</transform>
			<node>
				<identifier>	MP_WM022_Mine_on_trolley_SW	</identifier>
				<transform>
					<row0>	0.9971 0.0000 -0.0755 0.0000	</row0>
					<row1>	0.0000 1.0000 0.0000 0.0000	</row1>
					<row2>	0.0755 0.0000 0.9971 0.0000	</row2>
					<row3>	0.2201 0.1381 -3.0360 1.0000	</row3>
				</transform>
			</node>
			<node>
				<identifier>	MP_WM022_Mine_on_trolley_SW_INDEX_1	</identifier>
				<transform>
					<row0>	0.9971 0.0000 0.0755 0.0000	</row0>
					<row1>	-0.0002 1.0000 0.0023 0.0000	</row1>
					<row2>	-0.0755 -0.0023 0.9971 0.0000	</row2>
					<row3>	-0.2095 0.1385 -3.1767 1.0000	</row3>
				</transform>
			</node>
			<node>
				<identifier>	MP_WM022_Mine_on_trolley_SW_INDEX_2	</identifier>
				<transform>
					<row0>	0.9971 0.0000 -0.0755 0.0000	</row0>
					<row1>	0.0002 1.0000 0.0023 0.0000	</row1>
					<row2>	0.0755 -0.0023 0.9971 0.0000	</row2>
					<row3>	0.2091 0.1385 -3.1767 1.0000	</row3>
				</transform>
			</node>
			<node>
				<identifier>	MP_WM022_Mine_on_trolley_SW_INDEX_3	</identifier>
				<transform>
					<row0>	0.9971 0.0000 0.0755 0.0000	</row0>
					<row1>	0.0000 1.0000 0.0000 0.0000	</row1>
					<row2>	-0.0755 0.0000 0.9971 0.0000	</row2>
					<row3>	-0.2202 0.1381 -3.0360 1.0000	</row3>
				</transform>
			</node>
			<node>
				<identifier>	MP_WM022_Mine_on_trolley_SW_INDEX_4	</identifier>
				<transform>
					<row0>	0.9971 0.0000 0.0755 0.0000	</row0>
					<row1>	0.0000 1.0000 0.0000 0.0000	</row1>
					<row2>	-0.0755 0.0000 0.9971 0.0000	</row2>
					<row3>	-0.2308 0.1376 -2.9010 1.0000	</row3>
				</transform>
			</node>
			<node>
				<identifier>	MP_WM022_Mine_on_trolley_SW_INDEX_5	</identifier>
				<transform>
					<row0>	0.9971 0.0000 -0.0755 0.0000	</row0>
					<row1>	0.0000 1.0000 0.0000 0.0000	</row1>
					<row2>	0.0755 0.0000 0.9971 0.0000	</row2>
					<row3>	0.2305 0.1376 -2.9010 1.0000	</row3>
				</transform>
			</node>
		</node>
	</node>
	<boundingBox>
		<min>	-0.0667 -0.0667 -0.0667	</min>
		<max>	0.0667 0.0667 0.0667	</max>
	</boundingBox>
</WSD009_Ostergotland_1959_MidBack_ports_dock.visual>
