<BSC030_Belfast_1943_Stern_ports.visual>
	<node>
		<identifier>	Scene Root	</identifier>
		<transform>
			<row0>	1.0000 0.0000 0.0000 0.0000	</row0>
			<row1>	0.0000 1.0000 0.0000 0.0000	</row1>
			<row2>	0.0000 0.0000 1.0000 0.0000	</row2>
			<row3>	0.0000 0.0000 0.0000 1.0000	</row3>
		</transform>
		<node>
			<identifier>	Stern_ports	</identifier>
			<transform>
				<row0>	1.0000 0.0000 0.0000 0.0000	</row0>
				<row1>	0.0000 1.0000 0.0000 0.0000	</row1>
				<row2>	0.0000 0.0000 1.0000 0.0000	</row2>
				<row3>	0.0000 0.0000 0.0000 1.0000	</row3>
			</transform>
			<node>
				<identifier>	HP_BGA_13	</identifier>
				<transform>
					<row0>	-0.7071 0.0000 0.7071 0.0000	</row0>
					<row1>	0.0000 1.0000 0.0000 0.0000	</row1>
					<row2>	-0.7071 0.0000 -0.7071 0.0000	</row2>
					<row3>	-0.1113 0.2549 -5.4892 1.0000	</row3>
				</transform>
			</node>
			<node>
				<identifier>	HP_BGA_14	</identifier>
				<transform>
					<row0>	-0.7071 0.0000 -0.7071 0.0000	</row0>
					<row1>	0.0000 1.0000 0.0000 0.0000	</row1>
					<row2>	0.7071 0.0000 -0.7071 0.0000	</row2>
					<row3>	0.1113 0.2549 -5.4892 1.0000	</row3>
				</transform>
			</node>
			<node>
				<identifier>	HP_BGB_1	</identifier>
				<transform>
					<row0>	-0.4932 0.0000 0.8699 0.0000	</row0>
					<row1>	0.0000 1.0000 0.0000 0.0000	</row1>
					<row2>	-0.8699 0.0000 -0.4932 0.0000	</row2>
					<row3>	-0.0977 0.2666 -5.9575 1.0000	</row3>
				</transform>
			</node>
			<node>
				<identifier>	HP_FX_Fire_4	</identifier>
				<transform>
					<row0>	1.0000 0.0000 0.0000 0.0000	</row0>
					<row1>	0.0000 1.0000 0.0000 0.0000	</row1>
					<row2>	0.0000 0.0000 1.0000 0.0000	</row2>
					<row3>	0.0000 0.2759 -5.0735 1.0000	</row3>
				</transform>
			</node>
			<node>
				<identifier>	HP_FX_WakeTraceBack	</identifier>
				<transform>
					<row0>	1.0000 0.0000 0.0000 0.0000	</row0>
					<row1>	0.0000 1.0000 0.0000 0.0000	</row1>
					<row2>	0.0000 0.0000 1.0000 0.0000	</row2>
					<row3>	0.0000 0.0000 -6.0841 1.0000	</row3>
				</transform>
			</node>
			<node>
				<identifier>	HP_FX_WakeTrace_screw_1	</identifier>
				<transform>
					<row0>	1.0000 0.0000 0.0000 0.0000	</row0>
					<row1>	0.0000 1.0000 0.0000 0.0000	</row1>
					<row2>	0.0000 0.0000 1.0000 0.0000	</row2>
					<row3>	-0.4368 -0.3308 -4.2599 1.0000	</row3>
				</transform>
			</node>
			<node>
				<identifier>	HP_FX_WakeTrace_screw_2	</identifier>
				<transform>
					<row0>	1.0000 0.0000 0.0000 0.0000	</row0>
					<row1>	0.0000 1.0000 0.0000 0.0000	</row1>
					<row2>	0.0000 0.0000 1.0000 0.0000	</row2>
					<row3>	-0.2009 -0.3438 -5.1894 1.0000	</row3>
				</transform>
			</node>
			<node>
				<identifier>	HP_FX_WakeTrace_screw_3	</identifier>
				<transform>
					<row0>	1.0000 0.0000 0.0000 0.0000	</row0>
					<row1>	0.0000 1.0000 0.0000 0.0000	</row1>
					<row2>	0.0000 0.0000 1.0000 0.0000	</row2>
					<row3>	0.2009 -0.3438 -5.1894 1.0000	</row3>
				</transform>
			</node>
			<node>
				<identifier>	HP_FX_WakeTrace_screw_4	</identifier>
				<transform>
					<row0>	1.0000 0.0000 0.0000 0.0000	</row0>
					<row1>	0.0000 1.0000 0.0000 0.0000	</row1>
					<row2>	0.0000 0.0000 1.0000 0.0000	</row2>
					<row3>	0.4368 -0.3438 -4.2599 1.0000	</row3>
				</transform>
			</node>
			<node>
				<identifier>	HP_Ship_death_3	</identifier>
				<transform>
					<row0>	1.0000 0.0000 0.0000 0.0000	</row0>
					<row1>	0.0000 1.0000 0.0000 0.0000	</row1>
					<row2>	0.0000 0.0000 1.0000 0.0000	</row2>
					<row3>	0.0000 0.0000 -4.1099 1.0000	</row3>
				</transform>
			</node>
			<node>
				<identifier>	MP_BM009_Depth_Charge	</identifier>
				<transform>
					<row0>	-0.3669 -0.0420 0.9293 0.0000	</row0>
					<row1>	0.9301 0.0000 0.3672 0.0000	</row1>
					<row2>	-0.0154 0.9991 0.0391 0.0000	</row2>
					<row3>	-0.1392 0.2695 -5.8342 1.0000	</row3>
				</transform>
			</node>
			<node>
				<identifier>	MP_BM009_Depth_Charge_INDEX_1	</identifier>
				<transform>
					<row0>	-0.3669 -0.0420 0.9293 0.0000	</row0>
					<row1>	0.9301 0.0000 0.3672 0.0000	</row1>
					<row2>	-0.0154 0.9991 0.0391 0.0000	</row2>
					<row3>	-0.1270 0.2709 -5.8651 1.0000	</row3>
				</transform>
			</node>
			<node>
				<identifier>	MP_BM009_Depth_Charge_INDEX_2	</identifier>
				<transform>
					<row0>	-0.3669 -0.0420 0.9293 0.0000	</row0>
					<row1>	0.9301 0.0000 0.3672 0.0000	</row1>
					<row2>	-0.0154 0.9991 0.0391 0.0000	</row2>
					<row3>	-0.1512 0.2682 -5.8037 1.0000	</row3>
				</transform>
			</node>
			<node>
				<identifier>	MP_BM020_Smoke_floats	</identifier>
				<transform>
					<row0>	-0.9647 0.0118 -0.2630 0.0000	</row0>
					<row1>	0.0000 0.9990 0.0449 0.0000	</row1>
					<row2>	0.2633 0.0433 -0.9637 0.0000	</row2>
					<row3>	0.0448 0.2744 -6.0548 1.0000	</row3>
				</transform>
			</node>
			<node>
				<identifier>	MP_BM020_Smoke_floats_INDEX_1	</identifier>
				<transform>
					<row0>	0.4480 -0.0401 0.8932 0.0000	</row0>
					<row1>	0.0000 0.9990 0.0448 0.0000	</row1>
					<row2>	-0.8941 -0.0201 0.4475 0.0000	</row2>
					<row3>	-0.0329 0.2746 -6.0604 1.0000	</row3>
				</transform>
			</node>
			<node>
				<identifier>	MP_BM020_Smoke_floats_INDEX_2	</identifier>
				<transform>
					<row0>	-0.2075 -0.0438 0.9773 0.0000	</row0>
					<row1>	0.0000 0.9990 0.0448 0.0000	</row1>
					<row2>	-0.9782 0.0093 -0.2073 0.0000	</row2>
					<row3>	0.0741 0.2730 -6.0241 1.0000	</row3>
				</transform>
			</node>
			<node>
				<identifier>	MP_BM020_Smoke_floats_INDEX_3	</identifier>
				<transform>
					<row0>	0.9729 0.0106 -0.2311 0.0000	</row0>
					<row1>	0.0000 0.9989 0.0459 0.0000	</row1>
					<row2>	0.2313 -0.0446 0.9719 0.0000	</row2>
					<row3>	-0.0597 0.2732 -6.0269 1.0000	</row3>
				</transform>
			</node>
			<node>
				<identifier>	MP_BM704_Locker	</identifier>
				<transform>
					<row0>	1.1450 0.0280 -0.9531 0.0000	</row0>
					<row1>	-0.0013 1.2325 0.0347 0.0000	</row1>
					<row2>	0.7890 -0.0259 0.9471 0.0000	</row2>
					<row3>	0.1472 0.2480 -5.3504 1.0000	</row3>
				</transform>
			</node>
			<node>
				<identifier>	MP_BM704_Locker_INDEX_1	</identifier>
				<transform>
					<row0>	1.1450 -0.0280 0.9531 0.0000	</row0>
					<row1>	0.0013 1.2325 0.0347 0.0000	</row1>
					<row2>	-0.7890 -0.0259 0.9471 0.0000	</row2>
					<row3>	-0.1472 0.2480 -5.3504 1.0000	</row3>
				</transform>
			</node>
			<node>
				<identifier>	MP_BM705_Ammunition_Box	</identifier>
				<transform>
					<row0>	0.1773 0.0000 -0.9842 0.0000	</row0>
					<row1>	0.0000 1.0000 0.0000 0.0000	</row1>
					<row2>	1.2255 0.0000 0.2207 0.0000	</row2>
					<row3>	-0.0508 0.2462 -5.2957 1.0000	</row3>
				</transform>
			</node>
			<node>
				<identifier>	MP_BM705_Ammunition_Box_INDEX_1	</identifier>
				<transform>
					<row0>	0.1773 0.0000 0.9842 0.0000	</row0>
					<row1>	0.0000 1.0000 0.0000 0.0000	</row1>
					<row2>	-1.2255 0.0000 0.2207 0.0000	</row2>
					<row3>	0.0508 0.2462 -5.2957 1.0000	</row3>
				</transform>
			</node>
			<node>
				<identifier>	MP_BM753_Deck_Hatch	</identifier>
				<transform>
					<row0>	0.0000 0.0000 -1.0000 0.0000	</row0>
					<row1>	0.0000 1.0000 0.0000 0.0000	</row1>
					<row2>	1.0000 0.0000 0.0000 0.0000	</row2>
					<row3>	0.0000 0.2358 -4.5244 1.0000	</row3>
				</transform>
			</node>
			<node>
				<identifier>	MP_BM753_Deck_Hatch_INDEX_1	</identifier>
				<transform>
					<row0>	0.0000 0.0000 -1.0000 0.0000	</row0>
					<row1>	0.0000 1.0000 0.0000 0.0000	</row1>
					<row2>	1.0000 0.0000 0.0000 0.0000	</row2>
					<row3>	0.0000 0.2438 -5.0056 1.0000	</row3>
				</transform>
			</node>
			<node>
				<identifier>	MP_BM754_Deck_Hatch	</identifier>
				<transform>
					<row0>	0.0000 0.0000 -1.0000 0.0000	</row0>
					<row1>	0.0000 1.0000 0.0000 0.0000	</row1>
					<row2>	1.0000 0.0000 0.0000 0.0000	</row2>
					<row3>	0.0079 0.2661 -5.8038 1.0000	</row3>
				</transform>
			</node>
			<node>
				<identifier>	MP_BM800_Ventilators_mushroom	</identifier>
				<transform>
					<row0>	-0.7999 0.0000 -0.0132 0.0000	</row0>
					<row1>	0.0000 1.0000 0.0000 0.0000	</row1>
					<row2>	0.0132 0.0000 -0.7999 0.0000	</row2>
					<row3>	0.0007 0.2399 -5.0554 1.0000	</row3>
				</transform>
			</node>
			<node>
				<identifier>	MP_BM800_Ventilators_mushroom_INDEX_1	</identifier>
				<transform>
					<row0>	-0.5796 0.0000 -0.1553 0.0000	</row0>
					<row1>	0.0000 1.0000 0.0000 0.0000	</row1>
					<row2>	0.1553 0.0000 -0.5796 0.0000	</row2>
					<row3>	0.0168 0.2150 -4.2944 1.0000	</row3>
				</transform>
			</node>
			<node>
				<identifier>	MP_BM800_Ventilators_mushroom_INDEX_2	</identifier>
				<transform>
					<row0>	-0.7949 0.0000 0.0903 0.0000	</row0>
					<row1>	0.0000 1.0000 0.0000 0.0000	</row1>
					<row2>	-0.0903 0.0000 -0.7949 0.0000	</row2>
					<row3>	-0.0351 0.2399 -5.0554 1.0000	</row3>
				</transform>
			</node>
			<node>
				<identifier>	MP_BM800_Ventilators_mushroom_INDEX_3	</identifier>
				<transform>
					<row0>	-0.7608 0.0000 0.2472 0.0000	</row0>
					<row1>	0.0000 1.0000 0.0000 0.0000	</row1>
					<row2>	-0.2472 0.0000 -0.7608 0.0000	</row2>
					<row3>	-0.0436 0.2371 -4.9530 1.0000	</row3>
				</transform>
			</node>
			<node>
				<identifier>	MP_BM800_Ventilators_mushroom_INDEX_4	</identifier>
				<transform>
					<row0>	-0.7970 0.0000 -0.0692 0.0000	</row0>
					<row1>	0.0000 1.0000 0.0000 0.0000	</row1>
					<row2>	0.0692 0.0000 -0.7970 0.0000	</row2>
					<row3>	0.0371 0.2311 -4.4677 1.0000	</row3>
				</transform>
			</node>
			<node>
				<identifier>	MP_BM800_Ventilators_mushroom_INDEX_5	</identifier>
				<transform>
					<row0>	-0.4186 0.0000 0.2821 0.0000	</row0>
					<row1>	0.0000 0.8413 0.0000 0.0000	</row1>
					<row2>	-0.2821 0.0000 -0.4186 0.0000	</row2>
					<row3>	0.3599 0.2361 -5.1254 1.0000	</row3>
				</transform>
			</node>
			<node>
				<identifier>	MP_BM800_Ventilators_mushroom_INDEX_6	</identifier>
				<transform>
					<row0>	-0.5998 0.0000 0.0148 0.0000	</row0>
					<row1>	0.0000 1.0000 0.0000 0.0000	</row1>
					<row2>	-0.0148 0.0000 -0.5998 0.0000	</row2>
					<row3>	0.0373 0.2399 -5.0553 1.0000	</row3>
				</transform>
			</node>
			<node>
				<identifier>	MP_BM803_Ventilation_box	</identifier>
				<transform>
					<row0>	-0.0009 0.0000 1.0000 0.0000	</row0>
					<row1>	0.0000 1.0000 0.0000 0.0000	</row1>
					<row2>	-0.8000 0.0000 -0.0007 0.0000	</row2>
					<row3>	0.0371 0.2383 -4.9426 1.0000	</row3>
				</transform>
			</node>
			<node>
				<identifier>	MP_BM857_Fog_Light	</identifier>
				<transform>
					<row0>	-1.0000 0.0000 0.0000 0.0000	</row0>
					<row1>	0.0000 1.0000 0.0000 0.0000	</row1>
					<row2>	0.0000 0.0000 -1.0000 0.0000	</row2>
					<row3>	0.0000 0.3400 -6.1246 1.0000	</row3>
				</transform>
			</node>
			<node>
				<identifier>	MP_BM868_Screened_speed_light	</identifier>
				<transform>
					<row0>	0.5000 0.0000 0.0000 0.0000	</row0>
					<row1>	0.0000 0.5000 0.0000 0.0000	</row1>
					<row2>	0.0000 0.0000 0.5000 0.0000	</row2>
					<row3>	0.0000 0.3586 -6.1271 1.0000	</row3>
				</transform>
			</node>
			<node>
				<identifier>	MP_BM905_Crane_for_Ladder_L	</identifier>
				<transform>
					<row0>	0.9955 0.0000 0.0950 0.0000	</row0>
					<row1>	0.0000 1.0000 0.0000 0.0000	</row1>
					<row2>	-0.0950 0.0000 0.9955 0.0000	</row2>
					<row3>	-0.5063 0.2330 -4.1806 1.0000	</row3>
				</transform>
			</node>
			<node>
				<identifier>	MP_BM905_Crane_for_Ladder_L_INDEX_1	</identifier>
				<transform>
					<row0>	0.9916 0.0000 0.1295 0.0000	</row0>
					<row1>	0.0000 1.0000 0.0000 0.0000	</row1>
					<row2>	-0.1295 0.0000 0.9916 0.0000	</row2>
					<row3>	-0.4485 0.2416 -4.6990 1.0000	</row3>
				</transform>
			</node>
			<node>
				<identifier>	MP_BM906_Crane_for_Ladder_R	</identifier>
				<transform>
					<row0>	0.9955 0.0000 -0.0950 0.0000	</row0>
					<row1>	0.0000 1.0000 0.0000 0.0000	</row1>
					<row2>	0.0950 0.0000 0.9955 0.0000	</row2>
					<row3>	0.5063 0.2330 -4.1806 1.0000	</row3>
				</transform>
			</node>
			<node>
				<identifier>	MP_BM906_Crane_for_Ladder_R_INDEX_1	</identifier>
				<transform>
					<row0>	0.9916 0.0000 -0.1295 0.0000	</row0>
					<row1>	0.0000 1.0000 0.0000 0.0000	</row1>
					<row2>	0.1295 0.0000 0.9916 0.0000	</row2>
					<row3>	0.4485 0.2416 -4.6990 1.0000	</row3>
				</transform>
			</node>
			<node>
				<identifier>	MP_BM952_Bollard	</identifier>
				<transform>
					<row0>	0.9914 0.0000 0.1309 0.0000	</row0>
					<row1>	-0.0018 0.9999 0.0140 0.0000	</row1>
					<row2>	-0.1309 -0.0141 0.9913 0.0000	</row2>
					<row3>	-0.3948 0.2337 -4.7734 1.0000	</row3>
				</transform>
			</node>
			<node>
				<identifier>	MP_BM952_Bollard_INDEX_1	</identifier>
				<transform>
					<row0>	0.9914 0.0000 -0.1309 0.0000	</row0>
					<row1>	0.0018 0.9999 0.0140 0.0000	</row1>
					<row2>	0.1309 -0.0141 0.9913 0.0000	</row2>
					<row3>	0.3948 0.2337 -4.7734 1.0000	</row3>
				</transform>
			</node>
			<node>
				<identifier>	MP_BM963_Anchor_Capstan_Stern	</identifier>
				<transform>
					<row0>	1.0000 0.0000 0.0000 0.0000	</row0>
					<row1>	0.0000 1.0000 0.0000 0.0000	</row1>
					<row2>	0.0000 0.0000 1.0000 0.0000	</row2>
					<row3>	0.0000 0.2373 -4.7580 1.0000	</row3>
				</transform>
			</node>
			<node>
				<identifier>	MP_CM001_Propeller3_L	</identifier>
				<transform>
					<row0>	0.9994 -0.0013 -0.0354 0.0000	</row0>
					<row1>	-0.0002 0.9992 -0.0402 0.0000	</row1>
					<row2>	0.0354 0.0402 0.9986 0.0000	</row2>
					<row3>	-0.4347 -0.3265 -4.2413 1.0000	</row3>
				</transform>
			</node>
			<node>
				<identifier>	MP_CM001_Propeller3_L_INDEX_1	</identifier>
				<transform>
					<row0>	1.0000 0.0040 -0.0002 0.0000	</row0>
					<row1>	-0.0040 0.9981 -0.0608 0.0000	</row1>
					<row2>	0.0000 0.0608 0.9982 0.0000	</row2>
					<row3>	-0.2084 -0.3392 -5.1522 1.0000	</row3>
				</transform>
			</node>
			<node>
				<identifier>	MP_CM032_Propeller3_R	</identifier>
				<transform>
					<row0>	1.0000 -0.0040 0.0002 0.0000	</row0>
					<row1>	0.0040 0.9981 -0.0608 0.0000	</row1>
					<row2>	0.0000 0.0608 0.9982 0.0000	</row2>
					<row3>	0.2084 -0.3392 -5.1522 1.0000	</row3>
				</transform>
			</node>
			<node>
				<identifier>	MP_CM032_Propeller3_R_INDEX_1	</identifier>
				<transform>
					<row0>	0.9994 0.0013 0.0354 0.0000	</row0>
					<row1>	0.0002 0.9992 -0.0402 0.0000	</row1>
					<row2>	-0.0354 0.0402 0.9986 0.0000	</row2>
					<row3>	0.4347 -0.3265 -4.2413 1.0000	</row3>
				</transform>
			</node>
			<node>
				<identifier>	MP_CM104_Life_Buoy	</identifier>
				<transform>
					<row0>	0.1261 0.0000 -0.9920 0.0000	</row0>
					<row1>	0.0000 1.0000 0.0000 0.0000	</row1>
					<row2>	0.9920 0.0000 0.1261 0.0000	</row2>
					<row3>	-0.4542 0.2929 -4.5466 1.0000	</row3>
				</transform>
			</node>
			<node>
				<identifier>	MP_CM104_Life_Buoy_INDEX_1	</identifier>
				<transform>
					<row0>	0.1261 0.0000 0.9920 0.0000	</row0>
					<row1>	0.0000 1.0000 0.0000 0.0000	</row1>
					<row2>	-0.9920 0.0000 0.1261 0.0000	</row2>
					<row3>	0.4542 0.2929 -4.5466 1.0000	</row3>
				</transform>
			</node>
			<node>
				<identifier>	SP_YMS011_YHWL_M_1_INDEX_11	</identifier>
				<transform>
					<row0>	0.9763 0.1918 0.1002 0.0000	</row0>
					<row1>	-0.1912 0.9814 -0.0163 0.0000	</row1>
					<row2>	-0.1015 -0.0033 0.9948 0.0000	</row2>
					<row3>	-0.4815 0.0000 -4.1502 1.0000	</row3>
				</transform>
			</node>
			<node>
				<identifier>	SP_YMS011_YHWL_M_1_INDEX_12	</identifier>
				<transform>
					<row0>	0.9457 0.2905 0.1460 0.0000	</row0>
					<row1>	-0.2873 0.9569 -0.0430 0.0000	</row1>
					<row2>	-0.1522 -0.0013 0.9883 0.0000	</row2>
					<row3>	-0.3702 0.0000 -4.9819 1.0000	</row3>
				</transform>
			</node>
			<node>
				<identifier>	SP_YMS012_YHWR_M_1_INDEX_11	</identifier>
				<transform>
					<row0>	0.9763 -0.1918 -0.1002 0.0000	</row0>
					<row1>	0.1912 0.9814 -0.0163 0.0000	</row1>
					<row2>	0.1015 -0.0033 0.9948 0.0000	</row2>
					<row3>	0.4815 0.0000 -4.1502 1.0000	</row3>
				</transform>
			</node>
			<node>
				<identifier>	SP_YMS012_YHWR_M_1_INDEX_12	</identifier>
				<transform>
					<row0>	0.9457 -0.2905 -0.1460 0.0000	</row0>
					<row1>	0.2873 0.9569 -0.0430 0.0000	</row1>
					<row2>	0.1522 -0.0013 0.9883 0.0000	</row2>
					<row3>	0.3702 0.0000 -4.9819 1.0000	</row3>
				</transform>
			</node>
			<node>
				<identifier>	SP_YMS023_YHUC_L_1	</identifier>
				<transform>
					<row0>	0.7103 0.0000 0.0000 0.0000	</row0>
					<row1>	0.0000 0.7090 -0.0432 0.0000	</row1>
					<row2>	0.0000 0.0432 0.7090 0.0000	</row2>
					<row3>	-0.4138 -0.3534 -4.4689 1.0000	</row3>
				</transform>
			</node>
			<node>
				<identifier>	SP_YMS023_YHUC_L_1_INDEX_1	</identifier>
				<transform>
					<row0>	0.7103 0.0000 0.0000 0.0000	</row0>
					<row1>	0.0000 0.7090 -0.0432 0.0000	</row1>
					<row2>	0.0000 0.0432 0.7090 0.0000	</row2>
					<row3>	0.4138 -0.3534 -4.4689 1.0000	</row3>
				</transform>
			</node>
			<node>
				<identifier>	SP_YMS023_YHUC_L_1_INDEX_2	</identifier>
				<transform>
					<row0>	0.7249 0.0000 0.0000 0.0000	</row0>
					<row1>	0.0000 0.7235 -0.0441 0.0000	</row1>
					<row2>	0.0000 0.0441 0.7235 0.0000	</row2>
					<row3>	-0.2079 -0.3568 -5.4505 1.0000	</row3>
				</transform>
			</node>
			<node>
				<identifier>	SP_YMS023_YHUC_L_1_INDEX_3	</identifier>
				<transform>
					<row0>	0.7249 0.0000 0.0000 0.0000	</row0>
					<row1>	0.0000 0.7235 -0.0441 0.0000	</row1>
					<row2>	0.0000 0.0441 0.7235 0.0000	</row2>
					<row3>	0.2079 -0.3568 -5.4521 1.0000	</row3>
				</transform>
			</node>
			<node>
				<identifier>	SP_YMS030_YHAM_M_1	</identifier>
				<transform>
					<row0>	0.6428 0.0000 0.0000 0.0000	</row0>
					<row1>	0.0000 0.6428 0.0000 0.0000	</row1>
					<row2>	0.0000 0.0000 0.6428 0.0000	</row2>
					<row3>	0.0000 0.1521 -6.1991 1.0000	</row3>
				</transform>
			</node>
			<node>
				<identifier>	SP_YMS031_YHAL_M_1	</identifier>
				<transform>
					<row0>	0.8299 0.0000 0.1931 0.0000	</row0>
					<row1>	0.0000 0.8521 0.0000 0.0000	</row1>
					<row2>	-0.1931 0.0000 0.8299 0.0000	</row2>
					<row3>	-0.2906 0.1546 -5.6017 1.0000	</row3>
				</transform>
			</node>
			<node>
				<identifier>	SP_YMS032_YHAR_M_1	</identifier>
				<transform>
					<row0>	0.8299 0.0000 -0.1931 0.0000	</row0>
					<row1>	0.0000 0.8521 0.0000 0.0000	</row1>
					<row2>	0.1931 0.0000 0.8299 0.0000	</row2>
					<row3>	0.2906 0.1546 -5.6017 1.0000	</row3>
				</transform>
			</node>
			<node>
				<identifier>	SP_YMS051_YHDL_L_1	</identifier>
				<transform>
					<row0>	0.7038 -0.0038 0.1044 0.0000	</row0>
					<row1>	0.0014 0.7113 0.0163 0.0000	</row1>
					<row2>	-0.1045 -0.0159 0.7036 0.0000	</row2>
					<row3>	-0.4282 0.2366 -4.7659 1.0000	</row3>
				</transform>
			</node>
			<node>
				<identifier>	SP_YMS052_YHDR_L_1	</identifier>
				<transform>
					<row0>	0.7038 0.0038 -0.1044 0.0000	</row0>
					<row1>	-0.0014 0.7113 0.0163 0.0000	</row1>
					<row2>	0.1045 -0.0159 0.7036 0.0000	</row2>
					<row3>	0.4282 0.2366 -4.7659 1.0000	</row3>
				</transform>
			</node>
			<node>
				<identifier>	SP_YMS053_YHDC_S_1_INDEX_5	</identifier>
				<transform>
					<row0>	1.0000 0.0000 0.0000 0.0000	</row0>
					<row1>	0.0000 1.0000 0.0000 0.0000	</row1>
					<row2>	0.0000 0.0000 1.0000 0.0000	</row2>
					<row3>	-0.1871 0.2362 -4.7424 1.0000	</row3>
				</transform>
			</node>
			<node>
				<identifier>	SP_YMS053_YHDC_S_1_INDEX_6	</identifier>
				<transform>
					<row0>	1.0000 0.0000 0.0000 0.0000	</row0>
					<row1>	0.0000 1.0000 0.0000 0.0000	</row1>
					<row2>	0.0000 0.0000 1.0000 0.0000	</row2>
					<row3>	0.1871 0.2362 -4.7424 1.0000	</row3>
				</transform>
			</node>
			<node>
				<identifier>	SP_YMS063_YHGQ_S_1_INDEX_4	</identifier>
				<transform>
					<row0>	-1.2836 0.0000 0.0000 0.0000	</row0>
					<row1>	0.0000 1.2836 0.0000 0.0000	</row1>
					<row2>	0.0000 0.0000 -1.2836 0.0000	</row2>
					<row3>	0.0000 0.3865 -5.4717 1.0000	</row3>
				</transform>
			</node>
			<node>
				<identifier>	SP_YMS080_YHSL_M_1	</identifier>
				<transform>
					<row0>	0.5396 0.0226 0.0694 0.0000	</row0>
					<row1>	-0.0224 0.5440 -0.0029 0.0000	</row1>
					<row2>	-0.0695 0.0000 0.5400 0.0000	</row2>
					<row3>	-0.4110 0.1482 -4.8961 1.0000	</row3>
				</transform>
			</node>
			<node>
				<identifier>	SP_YMS081_YHSR_M_1	</identifier>
				<transform>
					<row0>	0.5396 -0.0226 -0.0694 0.0000	</row0>
					<row1>	0.0224 0.5440 -0.0029 0.0000	</row1>
					<row2>	0.0695 0.0000 0.5400 0.0000	</row2>
					<row3>	0.4110 0.1482 -4.8961 1.0000	</row3>
				</transform>
			</node>
		</node>
	</node>
	<boundingBox>
		<min>	-0.0667 -0.0667 -0.0667	</min>
		<max>	0.0667 0.0667 0.0667	</max>
	</boundingBox>
</BSC030_Belfast_1943_Stern_ports.visual>
