<BSC003_Perth_1942_Stern_ports.visual>
	<node>
		<identifier>	Scene Root	</identifier>
		<transform>
			<row0>	1.0000 0.0000 0.0000 0.0000	</row0>
			<row1>	0.0000 1.0000 0.0000 0.0000	</row1>
			<row2>	0.0000 0.0000 1.0000 0.0000	</row2>
			<row3>	0.0000 0.0000 0.0000 1.0000	</row3>
		</transform>
		<node>
			<identifier>	Stern_ports	</identifier>
			<transform>
				<row0>	1.0000 0.0000 0.0000 0.0000	</row0>
				<row1>	0.0000 1.0000 0.0000 0.0000	</row1>
				<row2>	0.0000 0.0000 1.0000 0.0000	</row2>
				<row3>	0.0000 0.0000 0.0000 1.0000	</row3>
			</transform>
			<node>
				<identifier>	HP_BGA_4	</identifier>
				<transform>
					<row0>	-1.0000 0.0000 0.0000 0.0000	</row0>
					<row1>	0.0000 1.0000 0.0000 0.0000	</row1>
					<row2>	0.0000 0.0000 -1.0000 0.0000	</row2>
					<row3>	-0.0792 0.2835 -5.2181 1.0000	</row3>
				</transform>
			</node>
			<node>
				<identifier>	HP_BGA_5	</identifier>
				<transform>
					<row0>	-1.0000 0.0000 0.0000 0.0000	</row0>
					<row1>	0.0000 1.0000 0.0000 0.0000	</row1>
					<row2>	0.0000 0.0000 -1.0000 0.0000	</row2>
					<row3>	0.0986 0.2876 -5.4019 1.0000	</row3>
				</transform>
			</node>
			<node>
				<identifier>	HP_BGB_1	</identifier>
				<transform>
					<row0>	-0.5312 0.0000 0.8472 0.0000	</row0>
					<row1>	0.0000 1.0000 0.0000 0.0000	</row1>
					<row2>	-0.8472 0.0000 -0.5312 0.0000	</row2>
					<row3>	-0.0972 0.2703 -5.4495 1.0000	</row3>
				</transform>
			</node>
			<node>
				<identifier>	HP_BGM_4	</identifier>
				<transform>
					<row0>	-1.0000 0.0000 0.0000 0.0000	</row0>
					<row1>	0.0000 1.0000 0.0000 0.0000	</row1>
					<row2>	0.0000 0.0000 -1.0000 0.0000	</row2>
					<row3>	0.0000 0.3136 -3.7963 1.0000	</row3>
				</transform>
			</node>
			<node>
				<identifier>	HP_FX_Fire_4	</identifier>
				<transform>
					<row0>	1.0000 0.0000 0.0000 0.0000	</row0>
					<row1>	0.0000 1.0000 0.0000 0.0000	</row1>
					<row2>	0.0000 0.0000 1.0000 0.0000	</row2>
					<row3>	0.0000 0.2407 -4.5375 1.0000	</row3>
				</transform>
			</node>
			<node>
				<identifier>	HP_FX_WakeTraceBack	</identifier>
				<transform>
					<row0>	1.0000 0.0000 0.0000 0.0000	</row0>
					<row1>	0.0000 1.0000 0.0000 0.0000	</row1>
					<row2>	0.0000 0.0000 1.0000 0.0000	</row2>
					<row3>	0.0000 0.0000 -5.4157 1.0000	</row3>
				</transform>
			</node>
			<node>
				<identifier>	HP_FX_WakeTrace_screw_1	</identifier>
				<transform>
					<row0>	1.0000 0.0000 0.0000 0.0000	</row0>
					<row1>	0.0000 1.0000 0.0000 0.0000	</row1>
					<row2>	0.0000 0.0000 1.0000 0.0000	</row2>
					<row3>	-0.2115 -0.2756 -4.6750 1.0000	</row3>
				</transform>
			</node>
			<node>
				<identifier>	HP_FX_WakeTrace_screw_2	</identifier>
				<transform>
					<row0>	1.0000 0.0000 0.0000 0.0000	</row0>
					<row1>	0.0000 1.0000 0.0000 0.0000	</row1>
					<row2>	0.0000 0.0000 1.0000 0.0000	</row2>
					<row3>	-0.3938 -0.2848 -3.7422 1.0000	</row3>
				</transform>
			</node>
			<node>
				<identifier>	HP_FX_WakeTrace_screw_3	</identifier>
				<transform>
					<row0>	1.0000 0.0000 0.0000 0.0000	</row0>
					<row1>	0.0000 1.0000 0.0000 0.0000	</row1>
					<row2>	0.0000 0.0000 1.0000 0.0000	</row2>
					<row3>	0.3938 -0.2848 -3.7422 1.0000	</row3>
				</transform>
			</node>
			<node>
				<identifier>	HP_FX_WakeTrace_screw_4	</identifier>
				<transform>
					<row0>	1.0000 0.0000 0.0000 0.0000	</row0>
					<row1>	0.0000 1.0000 0.0000 0.0000	</row1>
					<row2>	0.0000 0.0000 1.0000 0.0000	</row2>
					<row3>	0.2115 -0.2756 -4.6750 1.0000	</row3>
				</transform>
			</node>
			<node>
				<identifier>	HP_Ship_death_3	</identifier>
				<transform>
					<row0>	1.0000 0.0000 0.0000 0.0000	</row0>
					<row1>	0.0000 1.0000 0.0000 0.0000	</row1>
					<row2>	0.0000 0.0000 1.0000 0.0000	</row2>
					<row3>	0.0000 0.0000 -3.2619 1.0000	</row3>
				</transform>
			</node>
			<node>
				<identifier>	MP_BM009_Depth_Charge	</identifier>
				<transform>
					<row0>	-0.2914 0.0018 0.9566 0.0000	</row0>
					<row1>	0.9566 0.0000 0.2914 0.0000	</row1>
					<row2>	0.0005 1.0000 -0.0017 0.0000	</row2>
					<row3>	-0.2078 0.2716 -5.3266 1.0000	</row3>
				</transform>
			</node>
			<node>
				<identifier>	MP_BM009_Depth_Charge_INDEX_1	</identifier>
				<transform>
					<row0>	-0.2914 0.0018 0.9566 0.0000	</row0>
					<row1>	0.9566 0.0000 0.2914 0.0000	</row1>
					<row2>	0.0005 1.0000 -0.0017 0.0000	</row2>
					<row3>	-0.1982 0.2716 -5.3580 1.0000	</row3>
				</transform>
			</node>
			<node>
				<identifier>	MP_BM020_Smoke_floats	</identifier>
				<transform>
					<row0>	-0.9944 -0.1055 -0.0007 0.0000	</row0>
					<row1>	-0.1055 0.9942 -0.0224 0.0000	</row1>
					<row2>	0.0031 -0.0222 -0.9997 0.0000	</row2>
					<row3>	-0.0710 0.3002 -5.5577 1.0000	</row3>
				</transform>
			</node>
			<node>
				<identifier>	MP_BM020_Smoke_floats_INDEX_1	</identifier>
				<transform>
					<row0>	-0.9944 0.1055 0.0007 0.0000	</row0>
					<row1>	0.1055 0.9942 -0.0224 0.0000	</row1>
					<row2>	-0.0031 -0.0222 -0.9997 0.0000	</row2>
					<row3>	0.0719 0.3003 -5.5603 1.0000	</row3>
				</transform>
			</node>
			<node>
				<identifier>	MP_BM021_Crown	</identifier>
				<transform>
					<row0>	1.0000 0.0000 0.0000 0.0000	</row0>
					<row1>	0.0000 0.9851 -0.1719 0.0000	</row1>
					<row2>	0.0000 0.1719 0.9851 0.0000	</row2>
					<row3>	0.0180 0.7923 -5.6979 1.0000	</row3>
				</transform>
			</node>
			<node>
				<identifier>	MP_BM700_Locker	</identifier>
				<transform>
					<row0>	0.0000 0.0000 1.0000 0.0000	</row0>
					<row1>	0.0000 1.0000 0.0000 0.0000	</row1>
					<row2>	-1.0000 0.0000 0.0000 0.0000	</row2>
					<row3>	-0.1439 0.2436 -4.0814 1.0000	</row3>
				</transform>
			</node>
			<node>
				<identifier>	MP_BM709_Locker	</identifier>
				<transform>
					<row0>	-1.0000 0.0000 0.0000 0.0000	</row0>
					<row1>	0.0000 1.0000 0.0000 0.0000	</row1>
					<row2>	0.0000 0.0000 -1.0000 0.0000	</row2>
					<row3>	-0.0016 0.2634 -5.3236 1.0000	</row3>
				</transform>
			</node>
			<node>
				<identifier>	MP_BM709_Locker_INDEX_1	</identifier>
				<transform>
					<row0>	1.0000 0.0000 0.0000 0.0000	</row0>
					<row1>	0.0000 1.0000 0.0000 0.0000	</row1>
					<row2>	0.0000 0.0000 1.0000 0.0000	</row2>
					<row3>	0.0357 0.2634 -5.2671 1.0000	</row3>
				</transform>
			</node>
			<node>
				<identifier>	MP_BM754_Deck_Hatch	</identifier>
				<transform>
					<row0>	0.0000 -0.0190 0.9998 0.0000	</row0>
					<row1>	0.0000 0.9998 0.0190 0.0000	</row1>
					<row2>	-1.2000 0.0000 0.0000 0.0000	</row2>
					<row3>	-0.0023 0.2465 -4.1553 1.0000	</row3>
				</transform>
			</node>
			<node>
				<identifier>	MP_BM800_Ventilators_mushroom	</identifier>
				<transform>
					<row0>	-0.7000 0.0000 0.0021 0.0000	</row0>
					<row1>	0.0000 1.0000 0.0000 0.0000	</row1>
					<row2>	-0.0021 0.0000 -0.7000 0.0000	</row2>
					<row3>	-0.3431 0.2465 -4.5653 1.0000	</row3>
				</transform>
			</node>
			<node>
				<identifier>	MP_BM800_Ventilators_mushroom_INDEX_1	</identifier>
				<transform>
					<row0>	-0.7000 0.0000 0.0007 0.0000	</row0>
					<row1>	0.0000 1.0000 0.0000 0.0000	</row1>
					<row2>	-0.0007 0.0000 -0.7000 0.0000	</row2>
					<row3>	0.1896 0.2620 -5.3698 1.0000	</row3>
				</transform>
			</node>
			<node>
				<identifier>	MP_BM803_Ventilation_box	</identifier>
				<transform>
					<row0>	1.0000 0.0000 0.0000 0.0000	</row0>
					<row1>	0.0000 1.0000 0.0000 0.0000	</row1>
					<row2>	0.0000 0.0000 1.0000 0.0000	</row2>
					<row3>	0.0270 0.2638 -5.2958 1.0000	</row3>
				</transform>
			</node>
			<node>
				<identifier>	MP_BM803_Ventilation_box_INDEX_1	</identifier>
				<transform>
					<row0>	0.0000 0.0000 1.0000 0.0000	</row0>
					<row1>	0.0000 1.0000 0.0000 0.0000	</row1>
					<row2>	-1.0000 0.0000 0.0000 0.0000	</row2>
					<row3>	-0.0326 0.2397 -4.0851 1.0000	</row3>
				</transform>
			</node>
			<node>
				<identifier>	MP_BM803_Ventilation_box_INDEX_2	</identifier>
				<transform>
					<row0>	0.0000 0.0000 1.0000 0.0000	</row0>
					<row1>	0.0000 1.0000 0.0000 0.0000	</row1>
					<row2>	-1.0000 0.0000 0.0000 0.0000	</row2>
					<row3>	0.0032 0.2391 -4.0269 1.0000	</row3>
				</transform>
			</node>
			<node>
				<identifier>	MP_BM803_Ventilation_box_INDEX_3	</identifier>
				<transform>
					<row0>	0.9901 0.0000 0.1400 0.0000	</row0>
					<row1>	0.0000 1.0000 0.0000 0.0000	</row1>
					<row2>	-0.1400 0.0000 0.9901 0.0000	</row2>
					<row3>	-0.2844 0.2500 -4.7104 1.0000	</row3>
				</transform>
			</node>
			<node>
				<identifier>	MP_BM857_Fog_Light	</identifier>
				<transform>
					<row0>	-1.0000 0.0000 0.0000 0.0000	</row0>
					<row1>	0.0000 1.0000 0.0000 0.0000	</row1>
					<row2>	0.0000 0.0000 -1.0000 0.0000	</row2>
					<row3>	0.0000 0.4119 -5.6371 1.0000	</row3>
				</transform>
			</node>
			<node>
				<identifier>	MP_BM868_Screened_speed_light	</identifier>
				<transform>
					<row0>	0.5000 0.0000 0.0000 0.0000	</row0>
					<row1>	0.0000 0.5000 0.0000 0.0000	</row1>
					<row2>	0.0000 0.0000 0.5000 0.0000	</row2>
					<row3>	0.0000 0.3517 -5.6321 1.0000	</row3>
				</transform>
			</node>
			<node>
				<identifier>	MP_BM872_Running_Lights_B	</identifier>
				<transform>
					<row0>	-1.0000 0.0000 0.0000 0.0000	</row0>
					<row1>	0.0000 1.0000 0.0000 0.0000	</row1>
					<row2>	0.0000 0.0000 -1.0000 0.0000	</row2>
					<row3>	0.0000 0.5200 -5.6600 1.0000	</row3>
				</transform>
			</node>
			<node>
				<identifier>	MP_BM905_Crane_for_Ladder_L	</identifier>
				<transform>
					<row0>	0.9991 -0.0381 0.0170 0.0000	</row0>
					<row1>	0.0383 0.9992 -0.0148 0.0000	</row1>
					<row2>	-0.0164 0.0154 0.9997 0.0000	</row2>
					<row3>	-0.3791 0.2553 -4.4993 1.0000	</row3>
				</transform>
			</node>
			<node>
				<identifier>	MP_BM906_Crane_for_Ladder_R	</identifier>
				<transform>
					<row0>	0.8975 0.0000 0.4411 0.0000	</row0>
					<row1>	0.0000 1.0000 0.0000 0.0000	</row1>
					<row2>	-0.4411 0.0000 0.8975 0.0000	</row2>
					<row3>	-0.4363 0.2446 -4.0119 1.0000	</row3>
				</transform>
			</node>
			<node>
				<identifier>	MP_BM906_Crane_for_Ladder_R_INDEX_1	</identifier>
				<transform>
					<row0>	-0.9696 -0.0387 -0.2418 0.0000	</row0>
					<row1>	-0.0409 0.9992 0.0040 0.0000	</row1>
					<row2>	0.2415 0.0138 -0.9703 0.0000	</row2>
					<row3>	0.3782 0.2565 -4.5081 1.0000	</row3>
				</transform>
			</node>
			<node>
				<identifier>	MP_BM906_Crane_for_Ladder_R_INDEX_2	</identifier>
				<transform>
					<row0>	0.9944 0.0000 -0.1061 0.0000	</row0>
					<row1>	0.0000 1.0000 0.0000 0.0000	</row1>
					<row2>	0.1061 0.0000 0.9944 0.0000	</row2>
					<row3>	0.4340 0.2446 -4.0119 1.0000	</row3>
				</transform>
			</node>
			<node>
				<identifier>	MP_BM952_Bollard	</identifier>
				<transform>
					<row0>	-0.9930 0.0000 -0.1180 0.0000	</row0>
					<row1>	-0.0016 0.9999 0.0135 0.0000	</row1>
					<row2>	0.1180 0.0136 -0.9929 0.0000	</row2>
					<row3>	-0.3118 0.2391 -4.4244 1.0000	</row3>
				</transform>
			</node>
			<node>
				<identifier>	MP_BM952_Bollard_INDEX_1	</identifier>
				<transform>
					<row0>	-0.9930 0.0000 0.1180 0.0000	</row0>
					<row1>	0.0016 0.9999 0.0135 0.0000	</row1>
					<row2>	-0.1180 0.0136 -0.9929 0.0000	</row2>
					<row3>	0.3051 0.2391 -4.4244 1.0000	</row3>
				</transform>
			</node>
			<node>
				<identifier>	MP_BM963_Anchor_Capstan_Stern	</identifier>
				<transform>
					<row0>	1.0000 0.0000 0.0000 0.0000	</row0>
					<row1>	0.0000 1.0000 0.0000 0.0000	</row1>
					<row2>	0.0000 0.0000 1.0000 0.0000	</row2>
					<row3>	0.0000 0.2547 -4.4680 1.0000	</row3>
				</transform>
			</node>
			<node>
				<identifier>	MP_CM001_Propeller3_L	</identifier>
				<transform>
					<row0>	0.9597 -0.2802 0.0207 0.0000	</row0>
					<row1>	0.2808 0.9587 -0.0454 0.0000	</row1>
					<row2>	-0.0071 0.0493 0.9988 0.0000	</row2>
					<row3>	-0.2115 -0.2756 -4.6750 1.0000	</row3>
				</transform>
			</node>
			<node>
				<identifier>	MP_CM001_Propeller3_L_INDEX_1	</identifier>
				<transform>
					<row0>	0.9999 0.0000 -0.0143 0.0000	</row0>
					<row1>	-0.0005 0.9993 -0.0380 0.0000	</row1>
					<row2>	0.0143 0.0380 0.9992 0.0000	</row2>
					<row3>	-0.3938 -0.2848 -3.7422 1.0000	</row3>
				</transform>
			</node>
			<node>
				<identifier>	MP_CM032_Propeller3_R	</identifier>
				<transform>
					<row0>	0.9999 0.0000 0.0143 0.0000	</row0>
					<row1>	0.0005 0.9993 -0.0380 0.0000	</row1>
					<row2>	-0.0143 0.0380 0.9992 0.0000	</row2>
					<row3>	0.3938 -0.2848 -3.7422 1.0000	</row3>
				</transform>
			</node>
			<node>
				<identifier>	MP_CM032_Propeller3_R_INDEX_1	</identifier>
				<transform>
					<row0>	0.9597 0.2802 -0.0207 0.0000	</row0>
					<row1>	-0.2808 0.9587 -0.0454 0.0000	</row1>
					<row2>	0.0071 0.0493 0.9988 0.0000	</row2>
					<row3>	0.2115 -0.2756 -4.6750 1.0000	</row3>
				</transform>
			</node>
		</node>
	</node>
	<boundingBox>
		<min>	-0.0667 -0.0667 -0.0667	</min>
		<max>	0.0667 0.0667 0.0667	</max>
	</boundingBox>
</BSC003_Perth_1942_Stern_ports.visual>
