<IGS003_100mm_50_Mod_OTO_lod1.visual>
	<node>
		<identifier>	Scene Root	</identifier>
		<transform>
			<row0>	1.0000 0.0000 0.0000 0.0000	</row0>
			<row1>	0.0000 1.0000 0.0000 0.0000	</row1>
			<row2>	0.0000 0.0000 1.0000 0.0000	</row2>
			<row3>	0.0000 0.0000 0.0000 1.0000	</row3>
		</transform>
		<node>
			<identifier>	Root	</identifier>
			<transform>
				<row0>	1.0000 0.0000 0.0000 0.0000	</row0>
				<row1>	0.0000 1.0000 0.0000 0.0000	</row1>
				<row2>	0.0000 0.0000 1.0000 0.0000	</row2>
				<row3>	0.0000 0.0000 0.0000 1.0000	</row3>
			</transform>
			<node>
				<identifier>	Root_BlendBone	</identifier>
				<transform>
					<row0>	1.0000 0.0000 0.0000 0.0000	</row0>
					<row1>	0.0000 1.0000 0.0000 0.0000	</row1>
					<row2>	0.0000 0.0000 -1.0000 0.0000	</row2>
					<row3>	0.0000 0.0000 0.0000 1.0000	</row3>
				</transform>
			</node>
			<node>
				<identifier>	Rotate_Y	</identifier>
				<transform>
					<row0>	1.0000 0.0000 0.0000 0.0000	</row0>
					<row1>	0.0000 1.0000 0.0000 0.0000	</row1>
					<row2>	0.0000 0.0000 1.0000 0.0000	</row2>
					<row3>	0.0000 0.0073 0.0000 1.0000	</row3>
				</transform>
				<node>
					<identifier>	MP_IM021_Turtle	</identifier>
					<transform>
						<row0>	0.0000 0.0000 1.0000 0.0000	</row0>
						<row1>	-0.1354 0.9908 0.0000 0.0000	</row1>
						<row2>	-0.9908 -0.1354 0.0000 0.0000	</row2>
						<row3>	0.0920 0.1148 -0.0319 1.0000	</row3>
					</transform>
				</node>
				<node>
					<identifier>	MP_IM021_Turtle_INDEX_1	</identifier>
					<transform>
						<row0>	0.0000 0.0000 1.0000 0.0000	</row0>
						<row1>	-0.1354 0.9908 0.0000 0.0000	</row1>
						<row2>	-0.9908 -0.1354 0.0000 0.0000	</row2>
						<row3>	0.0920 0.1148 -0.0169 1.0000	</row3>
					</transform>
				</node>
				<node>
					<identifier>	MP_IM021_Turtle_INDEX_10	</identifier>
					<transform>
						<row0>	0.0000 0.0000 -1.0000 0.0000	</row0>
						<row1>	0.3875 0.9219 0.0000 0.0000	</row1>
						<row2>	0.9219 -0.3875 0.0000 0.0000	</row2>
						<row3>	-0.0855 0.1306 -0.0169 1.0000	</row3>
					</transform>
				</node>
				<node>
					<identifier>	MP_IM021_Turtle_INDEX_11	</identifier>
					<transform>
						<row0>	0.0000 0.0000 -1.0000 0.0000	</row0>
						<row1>	0.3875 0.9219 0.0000 0.0000	</row1>
						<row2>	0.9219 -0.3875 0.0000 0.0000	</row2>
						<row3>	-0.0855 0.1306 -0.0319 1.0000	</row3>
					</transform>
				</node>
				<node>
					<identifier>	MP_IM021_Turtle_INDEX_2	</identifier>
					<transform>
						<row0>	0.0000 0.0000 1.0000 0.0000	</row0>
						<row1>	-0.1354 0.9908 0.0000 0.0000	</row1>
						<row2>	-0.9908 -0.1354 0.0000 0.0000	</row2>
						<row3>	0.0920 0.1148 -0.0010 1.0000	</row3>
					</transform>
				</node>
				<node>
					<identifier>	MP_IM021_Turtle_INDEX_3	</identifier>
					<transform>
						<row0>	0.0000 0.0000 1.0000 0.0000	</row0>
						<row1>	-0.3875 0.9219 0.0000 0.0000	</row1>
						<row2>	-0.9219 -0.3875 0.0000 0.0000	</row2>
						<row3>	0.0855 0.1306 -0.0010 1.0000	</row3>
					</transform>
				</node>
				<node>
					<identifier>	MP_IM021_Turtle_INDEX_4	</identifier>
					<transform>
						<row0>	0.0000 0.0000 1.0000 0.0000	</row0>
						<row1>	-0.3875 0.9219 0.0000 0.0000	</row1>
						<row2>	-0.9219 -0.3875 0.0000 0.0000	</row2>
						<row3>	0.0855 0.1306 -0.0169 1.0000	</row3>
					</transform>
				</node>
				<node>
					<identifier>	MP_IM021_Turtle_INDEX_5	</identifier>
					<transform>
						<row0>	0.0000 0.0000 1.0000 0.0000	</row0>
						<row1>	-0.3875 0.9219 0.0000 0.0000	</row1>
						<row2>	-0.9219 -0.3875 0.0000 0.0000	</row2>
						<row3>	0.0855 0.1306 -0.0319 1.0000	</row3>
					</transform>
				</node>
				<node>
					<identifier>	MP_IM021_Turtle_INDEX_6	</identifier>
					<transform>
						<row0>	0.0000 0.0000 -1.0000 0.0000	</row0>
						<row1>	0.1354 0.9908 0.0000 0.0000	</row1>
						<row2>	0.9908 -0.1354 0.0000 0.0000	</row2>
						<row3>	-0.0920 0.1148 -0.0319 1.0000	</row3>
					</transform>
				</node>
				<node>
					<identifier>	MP_IM021_Turtle_INDEX_7	</identifier>
					<transform>
						<row0>	0.0000 0.0000 -1.0000 0.0000	</row0>
						<row1>	0.1354 0.9908 0.0000 0.0000	</row1>
						<row2>	0.9908 -0.1354 0.0000 0.0000	</row2>
						<row3>	-0.0920 0.1148 -0.0169 1.0000	</row3>
					</transform>
				</node>
				<node>
					<identifier>	MP_IM021_Turtle_INDEX_8	</identifier>
					<transform>
						<row0>	0.0000 0.0000 -1.0000 0.0000	</row0>
						<row1>	0.1354 0.9908 0.0000 0.0000	</row1>
						<row2>	0.9908 -0.1354 0.0000 0.0000	</row2>
						<row3>	-0.0920 0.1148 -0.0010 1.0000	</row3>
					</transform>
				</node>
				<node>
					<identifier>	MP_IM021_Turtle_INDEX_9	</identifier>
					<transform>
						<row0>	0.0000 0.0000 -1.0000 0.0000	</row0>
						<row1>	0.3875 0.9219 0.0000 0.0000	</row1>
						<row2>	0.9219 -0.3875 0.0000 0.0000	</row2>
						<row3>	-0.0855 0.1306 -0.0010 1.0000	</row3>
					</transform>
				</node>
				<node>
					<identifier>	Rotate_X	</identifier>
					<transform>
						<row0>	1.0000 0.0000 0.0000 0.0000	</row0>
						<row1>	0.0000 1.0000 0.0000 0.0000	</row1>
						<row2>	0.0000 0.0000 1.0000 0.0000	</row2>
						<row3>	0.0000 0.1111 -0.0079 1.0000	</row3>
					</transform>
					<node>
						<identifier>	HP_gunFireEffect	</identifier>
						<transform>
							<row0>	1.0000 0.0000 0.0000 0.0000	</row0>
							<row1>	0.0000 1.0000 0.0000 0.0000	</row1>
							<row2>	0.0000 0.0000 1.0000 0.0000	</row2>
							<row3>	0.0000 0.0000 0.2355 1.0000	</row3>
						</transform>
					</node>
					<node>
						<identifier>	Roll_Back1	</identifier>
						<transform>
							<row0>	1.0000 0.0000 0.0000 0.0000	</row0>
							<row1>	0.0000 1.0000 0.0000 0.0000	</row1>
							<row2>	0.0000 0.0000 1.0000 0.0000	</row2>
							<row3>	0.0000 0.0000 0.2355 1.0000	</row3>
						</transform>
						<node>
							<identifier>	HP_gunFire1	</identifier>
							<transform>
								<row0>	1.0000 0.0000 0.0000 0.0000	</row0>
								<row1>	0.0000 1.0000 0.0000 0.0000	</row1>
								<row2>	0.0000 0.0000 1.0000 0.0000	</row2>
								<row3>	-0.0153 0.0000 0.0000 1.0000	</row3>
							</transform>
						</node>
						<node>
							<identifier>	HP_gunFire2	</identifier>
							<transform>
								<row0>	1.0000 0.0000 0.0000 0.0000	</row0>
								<row1>	0.0000 1.0000 0.0000 0.0000	</row1>
								<row2>	0.0000 0.0000 1.0000 0.0000	</row2>
								<row3>	0.0153 0.0000 0.0000 1.0000	</row3>
							</transform>
						</node>
						<node>
							<identifier>	Roll_Back1_BlendBone	</identifier>
							<transform>
								<row0>	1.0000 0.0000 0.0000 0.0000	</row0>
								<row1>	0.0000 1.0000 0.0000 0.0000	</row1>
								<row2>	0.0000 0.0000 -1.0000 0.0000	</row2>
								<row3>	0.0000 -0.1184 -0.2276 1.0000	</row3>
							</transform>
						</node>
					</node>
					<node>
						<identifier>	Rotate_X_BlendBone	</identifier>
						<transform>
							<row0>	1.0000 0.0000 0.0000 0.0000	</row0>
							<row1>	0.0000 1.0000 0.0000 0.0000	</row1>
							<row2>	0.0000 0.0000 -1.0000 0.0000	</row2>
							<row3>	0.0000 -0.1184 0.0079 1.0000	</row3>
						</transform>
					</node>
				</node>
				<node>
					<identifier>	Rotate_Y_BlendBone	</identifier>
					<transform>
						<row0>	1.0000 0.0000 0.0000 0.0000	</row0>
						<row1>	0.0000 1.0000 0.0000 0.0000	</row1>
						<row2>	0.0000 0.0000 -1.0000 0.0000	</row2>
						<row3>	0.0000 -0.0073 0.0000 1.0000	</row3>
					</transform>
				</node>
			</node>
		</node>
		<node>
			<identifier>	Turret	</identifier>
			<transform>
				<row0>	1.0000 0.0000 0.0000 0.0000	</row0>
				<row1>	0.0000 1.0000 0.0000 0.0000	</row1>
				<row2>	0.0000 0.0000 1.0000 0.0000	</row2>
				<row3>	0.0000 0.0000 0.0000 1.0000	</row3>
			</transform>
		</node>
	</node>
	<renderSet>
		<treatAsWorldSpaceObject>	true	</treatAsWorldSpaceObject>
		<node>	Root_BlendBone	</node>
		<node>	Rotate_Y_BlendBone	</node>
		<node>	Rotate_X_BlendBone	</node>
		<node>	Roll_Back1_BlendBone	</node>
		<geometry>
			<vertices>	Turret_lod1Shape.vertices	</vertices>
			<primitive>	Turret_lod1Shape.indices	</primitive>
			<primitiveGroup>	0
				<material>
					<identifier>	SHIPMAT_PBS_Gun_skinned	</identifier>
					<mfm>	PnFMods/ModsSDK.zip/ISC507_Duca_degli_Abruzzi/gun/IGS052_100_47_OTO_Minizini_skinned.mfm	</mfm>
				</material>
			</primitiveGroup>
		</geometry>
	</renderSet>
	<boundingBox>
		<min>	-0.1105 0.0000 -0.1617	</min>
		<max>	0.1105 0.1901 0.2276	</max>
	</boundingBox>
</IGS003_100mm_50_Mod_OTO_lod1.visual>
