<BSB034_Agincourt_1916_Bow_ports.visual>
	<node>
		<identifier>	Scene Root	</identifier>
		<transform>
			<row0>	1.0000 0.0000 0.0000 0.0000	</row0>
			<row1>	0.0000 1.0000 0.0000 0.0000	</row1>
			<row2>	0.0000 0.0000 1.0000 0.0000	</row2>
			<row3>	0.0000 0.0000 0.0000 1.0000	</row3>
		</transform>
		<node>
			<identifier>	Bow_ports	</identifier>
			<transform>
				<row0>	1.0000 0.0000 0.0000 0.0000	</row0>
				<row1>	0.0000 1.0000 0.0000 0.0000	</row1>
				<row2>	0.0000 0.0000 1.0000 0.0000	</row2>
				<row3>	0.0000 0.0000 0.0000 1.0000	</row3>
			</transform>
			<node>
				<identifier>	HP_FX_Fire_1	</identifier>
				<transform>
					<row0>	1.0000 0.0000 0.0000 0.0000	</row0>
					<row1>	0.0000 1.0000 0.0000 0.0000	</row1>
					<row2>	0.0000 0.0000 1.0000 0.0000	</row2>
					<row3>	0.0000 0.4983 5.5998 1.0000	</row3>
				</transform>
			</node>
			<node>
				<identifier>	HP_FX_WakeTrace	</identifier>
				<transform>
					<row0>	1.0000 0.0000 0.0000 0.0000	</row0>
					<row1>	0.0000 1.0000 0.0000 0.0000	</row1>
					<row2>	0.0000 0.0000 1.0000 0.0000	</row2>
					<row3>	0.0000 0.0000 6.7412 1.0000	</row3>
				</transform>
			</node>
			<node>
				<identifier>	HP_Ship_death_1	</identifier>
				<transform>
					<row0>	1.0000 0.0000 0.0000 0.0000	</row0>
					<row1>	0.0000 1.0000 0.0000 0.0000	</row1>
					<row2>	0.0000 0.0000 1.0000 0.0000	</row2>
					<row3>	0.0000 0.0000 4.6711 1.0000	</row3>
				</transform>
			</node>
			<node>
				<identifier>	MP_BM004_Reels	</identifier>
				<transform>
					<row0>	0.8375 0.0000 0.0000 0.0000	</row0>
					<row1>	0.0000 1.0000 0.0000 0.0000	</row1>
					<row2>	0.0000 0.0000 1.0000 0.0000	</row2>
					<row3>	0.2597 0.4748 4.7049 1.0000	</row3>
				</transform>
			</node>
			<node>
				<identifier>	MP_BM004_Reels_INDEX_1	</identifier>
				<transform>
					<row0>	0.8375 0.0000 0.0000 0.0000	</row0>
					<row1>	0.0000 1.0000 0.0000 0.0000	</row1>
					<row2>	0.0000 0.0000 1.0000 0.0000	</row2>
					<row3>	-0.2632 0.4748 4.6982 1.0000	</row3>
				</transform>
			</node>
			<node>
				<identifier>	MP_BM100_Anchor_up	</identifier>
				<transform>
					<row0>	-0.1759 0.8463 0.5028 0.0000	</row0>
					<row1>	0.2465 0.5323 -0.8099 0.0000	</row1>
					<row2>	-0.9531 -0.0185 -0.3022 0.0000	</row2>
					<row3>	-0.1208 0.3619 6.5522 1.0000	</row3>
				</transform>
			</node>
			<node>
				<identifier>	MP_BM100_Anchor_up_INDEX_1	</identifier>
				<transform>
					<row0>	-0.2864 0.7912 0.5403 0.0000	</row0>
					<row1>	0.2157 0.6027 -0.7682 0.0000	</row1>
					<row2>	-0.9335 -0.1035 -0.3433 0.0000	</row2>
					<row3>	-0.1951 0.3568 6.3018 1.0000	</row3>
				</transform>
			</node>
			<node>
				<identifier>	MP_BM100_Anchor_up_INDEX_2	</identifier>
				<transform>
					<row0>	-0.1759 -0.8463 -0.5028 0.0000	</row0>
					<row1>	-0.2465 0.5323 -0.8099 0.0000	</row1>
					<row2>	0.9531 -0.0185 -0.3022 0.0000	</row2>
					<row3>	0.1208 0.3619 6.5522 1.0000	</row3>
				</transform>
			</node>
			<node>
				<identifier>	MP_BM101_Anchor_bottom	</identifier>
				<transform>
					<row0>	-0.1759 -0.8463 -0.5028 0.0000	</row0>
					<row1>	0.1204 0.4884 -0.8643 0.0000	</row1>
					<row2>	0.9770 -0.2125 0.0160 0.0000	</row2>
					<row3>	0.1208 0.3619 6.5522 1.0000	</row3>
				</transform>
			</node>
			<node>
				<identifier>	MP_BM101_Anchor_bottom_INDEX_1	</identifier>
				<transform>
					<row0>	-0.2864 0.7912 0.5403 0.0000	</row0>
					<row1>	-0.1261 0.5279 -0.8399 0.0000	</row1>
					<row2>	-0.9498 -0.3087 -0.0514 0.0000	</row2>
					<row3>	-0.1951 0.3568 6.3018 1.0000	</row3>
				</transform>
			</node>
			<node>
				<identifier>	MP_BM101_Anchor_bottom_INDEX_2	</identifier>
				<transform>
					<row0>	-0.1759 0.8463 0.5028 0.0000	</row0>
					<row1>	-0.1204 0.4884 -0.8643 0.0000	</row1>
					<row2>	-0.9770 -0.2125 0.0160 0.0000	</row2>
					<row3>	-0.1208 0.3619 6.5522 1.0000	</row3>
				</transform>
			</node>
			<node>
				<identifier>	MP_BM515_Balsa_Raft	</identifier>
				<transform>
					<row0>	1.0412 0.0000 0.7197 0.0000	</row0>
					<row1>	0.0000 1.2657 0.0000 0.0000	</row1>
					<row2>	-0.7197 0.0000 1.0412 0.0000	</row2>
					<row3>	0.1872 0.4836 4.6456 1.0000	</row3>
				</transform>
			</node>
			<node>
				<identifier>	MP_BM515_Balsa_Raft_INDEX_1	</identifier>
				<transform>
					<row0>	-0.7628 -0.0253 1.0097 0.0000	</row0>
					<row1>	-0.0139 1.2654 0.0212 0.0000	</row1>
					<row2>	-1.0099 0.0016 -0.7629 0.0000	</row2>
					<row3>	-0.3861 0.4775 4.5934 1.0000	</row3>
				</transform>
			</node>
			<node>
				<identifier>	MP_BM604_Voice_Tube	</identifier>
				<transform>
					<row0>	0.7083 0.0000 0.0000 0.0000	</row0>
					<row1>	0.0000 0.7083 0.0000 0.0000	</row1>
					<row2>	0.0000 0.0000 0.7083 0.0000	</row2>
					<row3>	-0.0314 0.4809 4.9533 1.0000	</row3>
				</transform>
			</node>
			<node>
				<identifier>	MP_BM858_Signal_Lamp	</identifier>
				<transform>
					<row0>	0.8805 0.0000 0.0000 0.0000	</row0>
					<row1>	0.0000 0.8805 0.0000 0.0000	</row1>
					<row2>	0.0000 0.0000 0.8805 0.0000	</row2>
					<row3>	0.0000 0.9917 6.7630 1.0000	</row3>
				</transform>
			</node>
			<node>
				<identifier>	MP_CM104_Life_Buoy	</identifier>
				<transform>
					<row0>	-0.1808 0.0000 -0.9835 0.0000	</row0>
					<row1>	0.0000 1.0000 0.0000 0.0000	</row1>
					<row2>	0.9835 0.0000 -0.1808 0.0000	</row2>
					<row3>	-0.4624 0.5370 5.2477 1.0000	</row3>
				</transform>
			</node>
			<node>
				<identifier>	MP_CM104_Life_Buoy_INDEX_1	</identifier>
				<transform>
					<row0>	-0.1808 0.0000 0.9835 0.0000	</row0>
					<row1>	0.0000 1.0000 0.0000 0.0000	</row1>
					<row2>	-0.9835 0.0000 -0.1808 0.0000	</row2>
					<row3>	0.4624 0.5370 5.2477 1.0000	</row3>
				</transform>
			</node>
		</node>
	</node>
	<boundingBox>
		<min>	-0.0667 -0.0667 -0.0667	</min>
		<max>	0.0667 0.0667 0.0667	</max>
	</boundingBox>
</BSB034_Agincourt_1916_Bow_ports.visual>
