<AAF702_Grumman_F6F_proto.visual>
	<node>
		<identifier>	Scene Root	</identifier>
		<transform>
			<row0>	1.0000 0.0000 0.0000 0.0000	</row0>
			<row1>	0.0000 1.0000 0.0000 0.0000	</row1>
			<row2>	0.0000 0.0000 1.0000 0.0000	</row2>
			<row3>	0.0000 0.0000 0.0000 1.0000	</row3>
		</transform>
		<node>
			<identifier>	Hull	</identifier>
			<transform>
				<row0>	1.0000 0.0000 0.0000 0.0000	</row0>
				<row1>	0.0000 1.0000 0.0000 0.0000	</row1>
				<row2>	0.0000 0.0000 1.0000 0.0000	</row2>
				<row3>	0.0000 0.0000 0.0000 1.0000	</row3>
			</transform>
			<node>
				<identifier>	chassis_off_BlendBone	</identifier>
				<transform>
					<row0>	1.0000 0.0000 0.0000 0.0000	</row0>
					<row1>	0.0000 1.0000 0.0000 0.0000	</row1>
					<row2>	0.0000 0.0000 1.0000 0.0000	</row2>
					<row3>	0.0000 0.0000 0.0000 1.0000	</row3>
				</transform>
			</node>
			<node>
				<identifier>	chassis_on_BlendBone	</identifier>
				<transform>
					<row0>	1.0000 0.0000 0.0000 0.0000	</row0>
					<row1>	0.0000 1.0000 0.0000 0.0000	</row1>
					<row2>	0.0000 0.0000 1.0000 0.0000	</row2>
					<row3>	0.0000 0.0000 0.0000 1.0000	</row3>
				</transform>
			</node>
			<node>
				<identifier>	propeller_mod	</identifier>
				<transform>
					<row0>	1.0000 0.0000 0.0000 0.0000	</row0>
					<row1>	0.0000 1.0000 0.0000 0.0000	</row1>
					<row2>	0.0000 0.0000 1.0000 0.0000	</row2>
					<row3>	0.0000 0.1388 0.1442 1.0000	</row3>
				</transform>
				<node>
					<identifier>	disc	</identifier>
					<transform>
						<row0>	1.0000 0.0000 0.0000 0.0000	</row0>
						<row1>	0.0000 1.0000 0.0000 0.0000	</row1>
						<row2>	0.0000 0.0000 1.0000 0.0000	</row2>
						<row3>	0.0000 0.0000 0.0000 1.0000	</row3>
					</transform>
				</node>
				<node>
					<identifier>	mod	</identifier>
					<transform>
						<row0>	1.0000 0.0000 0.0000 0.0000	</row0>
						<row1>	0.0000 1.0000 0.0000 0.0000	</row1>
						<row2>	0.0000 0.0000 1.0000 0.0000	</row2>
						<row3>	0.0000 0.0000 0.0000 1.0000	</row3>
					</transform>
				</node>
			</node>
		</node>
		<node>
			<identifier>	Root	</identifier>
			<transform>
				<row0>	1.0000 0.0000 0.0000 0.0000	</row0>
				<row1>	0.0000 1.0000 0.0000 0.0000	</row1>
				<row2>	0.0000 0.0000 1.0000 0.0000	</row2>
				<row3>	0.0000 0.0000 0.0000 1.0000	</row3>
			</transform>
			<node>
				<identifier>	HP_Air_bomb_1	</identifier>
				<transform>
					<row0>	1.0000 0.0000 0.0000 0.0000	</row0>
					<row1>	0.0000 1.0000 0.0000 0.0000	</row1>
					<row2>	0.0000 0.0000 1.0000 0.0000	</row2>
					<row3>	-0.0584 0.0904 -0.0538 1.0000	</row3>
				</transform>
			</node>
			<node>
				<identifier>	HP_Air_bomb_2	</identifier>
				<transform>
					<row0>	1.0000 0.0000 0.0000 0.0000	</row0>
					<row1>	0.0000 1.0000 0.0000 0.0000	</row1>
					<row2>	0.0000 0.0000 1.0000 0.0000	</row2>
					<row3>	0.0584 0.0904 -0.0538 1.0000	</row3>
				</transform>
			</node>
			<node>
				<identifier>	HP_Air_break_1	</identifier>
				<transform>
					<row0>	1.0000 0.0000 0.0000 0.0000	</row0>
					<row1>	0.0000 1.0000 0.0000 0.0000	</row1>
					<row2>	0.0000 0.0000 1.0000 0.0000	</row2>
					<row3>	-0.1568 0.1180 -0.1423 1.0000	</row3>
				</transform>
			</node>
			<node>
				<identifier>	HP_Air_break_2	</identifier>
				<transform>
					<row0>	1.0000 0.0000 0.0000 0.0000	</row0>
					<row1>	0.0000 1.0000 0.0000 0.0000	</row1>
					<row2>	0.0000 0.0000 1.0000 0.0000	</row2>
					<row3>	0.1568 0.1180 -0.1423 1.0000	</row3>
				</transform>
			</node>
			<node>
				<identifier>	HP_Air_death_1	</identifier>
				<transform>
					<row0>	1.0000 0.0000 0.0000 0.0000	</row0>
					<row1>	0.0000 1.0000 0.0000 0.0000	</row1>
					<row2>	0.0000 0.0000 1.0000 0.0000	</row2>
					<row3>	0.0000 0.1357 0.0064 1.0000	</row3>
				</transform>
			</node>
			<node>
				<identifier>	HP_Air_enginelight_1	</identifier>
				<transform>
					<row0>	0.9829 0.0000 -0.1844 0.0000	</row0>
					<row1>	0.0079 0.9991 0.0419 0.0000	</row1>
					<row2>	0.1842 -0.0426 0.9820 0.0000	</row2>
					<row3>	-0.0476 0.1422 0.0424 1.0000	</row3>
				</transform>
			</node>
			<node>
				<identifier>	HP_Air_enginelight_10	</identifier>
				<transform>
					<row0>	0.9829 0.0000 0.1844 0.0000	</row0>
					<row1>	-0.0098 0.9986 0.0523 0.0000	</row1>
					<row2>	-0.1841 -0.0532 0.9815 0.0000	</row2>
					<row3>	0.0472 0.1486 0.0424 1.0000	</row3>
				</transform>
			</node>
			<node>
				<identifier>	HP_Air_enginelight_2	</identifier>
				<transform>
					<row0>	0.9829 0.0000 0.1844 0.0000	</row0>
					<row1>	-0.0118 0.9980 0.0627 0.0000	</row1>
					<row2>	-0.1840 -0.0639 0.9808 0.0000	</row2>
					<row3>	0.0476 0.1422 0.0424 1.0000	</row3>
				</transform>
			</node>
			<node>
				<identifier>	HP_Air_enginelight_3	</identifier>
				<transform>
					<row0>	0.9829 0.0000 -0.1844 0.0000	</row0>
					<row1>	0.0079 0.9991 0.0419 0.0000	</row1>
					<row2>	0.1842 -0.0426 0.9820 0.0000	</row2>
					<row3>	-0.0477 0.1363 0.0423 1.0000	</row3>
				</transform>
			</node>
			<node>
				<identifier>	HP_Air_enginelight_4	</identifier>
				<transform>
					<row0>	0.9944 -0.0042 -0.1059 0.0000	</row0>
					<row1>	-0.0137 0.9857 -0.1679 0.0000	</row1>
					<row2>	0.1051 0.1684 0.9801 0.0000	</row2>
					<row3>	-0.0378 0.0959 0.0384 1.0000	</row3>
				</transform>
			</node>
			<node>
				<identifier>	HP_Air_enginelight_5	</identifier>
				<transform>
					<row0>	0.9944 -0.0042 -0.1059 0.0000	</row0>
					<row1>	-0.0137 0.9857 -0.1679 0.0000	</row1>
					<row2>	0.1051 0.1684 0.9801 0.0000	</row2>
					<row3>	-0.0310 0.0908 0.0381 1.0000	</row3>
				</transform>
			</node>
			<node>
				<identifier>	HP_Air_enginelight_6	</identifier>
				<transform>
					<row0>	0.9829 0.0000 -0.1844 0.0000	</row0>
					<row1>	0.0079 0.9991 0.0419 0.0000	</row1>
					<row2>	0.1842 -0.0426 0.9820 0.0000	</row2>
					<row3>	-0.0472 0.1486 0.0424 1.0000	</row3>
				</transform>
			</node>
			<node>
				<identifier>	HP_Air_enginelight_7	</identifier>
				<transform>
					<row0>	0.9829 0.0000 0.1844 0.0000	</row0>
					<row1>	-0.0079 0.9991 0.0419 0.0000	</row1>
					<row2>	-0.1842 -0.0426 0.9820 0.0000	</row2>
					<row3>	0.0477 0.1363 0.0423 1.0000	</row3>
				</transform>
			</node>
			<node>
				<identifier>	HP_Air_enginelight_8	</identifier>
				<transform>
					<row0>	0.9944 0.0042 0.1059 0.0000	</row0>
					<row1>	0.0137 0.9857 -0.1679 0.0000	</row1>
					<row2>	-0.1051 0.1684 0.9801 0.0000	</row2>
					<row3>	0.0378 0.0959 0.0384 1.0000	</row3>
				</transform>
			</node>
			<node>
				<identifier>	HP_Air_enginelight_9	</identifier>
				<transform>
					<row0>	0.9944 0.0042 0.1059 0.0000	</row0>
					<row1>	0.0137 0.9857 -0.1679 0.0000	</row1>
					<row2>	-0.1051 0.1684 0.9801 0.0000	</row2>
					<row3>	0.0310 0.0908 0.0381 1.0000	</row3>
				</transform>
			</node>
			<node>
				<identifier>	HP_Air_fire_1	</identifier>
				<transform>
					<row0>	1.0000 0.0000 0.0000 0.0000	</row0>
					<row1>	0.0000 1.0000 0.0000 0.0000	</row1>
					<row2>	0.0000 0.0000 1.0000 0.0000	</row2>
					<row3>	0.0476 0.1422 0.0424 1.0000	</row3>
				</transform>
			</node>
			<node>
				<identifier>	HP_Air_fire_2	</identifier>
				<transform>
					<row0>	1.0000 0.0000 0.0000 0.0000	</row0>
					<row1>	0.0000 1.0000 0.0000 0.0000	</row1>
					<row2>	0.0000 0.0000 1.0000 0.0000	</row2>
					<row3>	-0.0476 0.1422 0.0424 1.0000	</row3>
				</transform>
			</node>
			<node>
				<identifier>	HP_Air_fire_3	</identifier>
				<transform>
					<row0>	1.0000 0.0000 0.0000 0.0000	</row0>
					<row1>	0.0000 1.0000 0.0000 0.0000	</row1>
					<row2>	0.0000 0.0000 1.0000 0.0000	</row2>
					<row3>	0.0967 0.1182 0.0172 1.0000	</row3>
				</transform>
			</node>
			<node>
				<identifier>	HP_Air_fire_4	</identifier>
				<transform>
					<row0>	1.0000 0.0000 0.0000 0.0000	</row0>
					<row1>	0.0000 1.0000 0.0000 0.0000	</row1>
					<row2>	0.0000 0.0000 1.0000 0.0000	</row2>
					<row3>	-0.0967 0.1182 0.0172 1.0000	</row3>
				</transform>
			</node>
			<node>
				<identifier>	HP_Air_fire_5	</identifier>
				<transform>
					<row0>	1.0000 0.0000 0.0000 0.0000	</row0>
					<row1>	0.0000 1.0000 0.0000 0.0000	</row1>
					<row2>	0.0000 0.0000 1.0000 0.0000	</row2>
					<row3>	0.0343 0.0928 0.0382 1.0000	</row3>
				</transform>
			</node>
			<node>
				<identifier>	HP_Air_fire_6	</identifier>
				<transform>
					<row0>	1.0000 0.0000 0.0000 0.0000	</row0>
					<row1>	0.0000 1.0000 0.0000 0.0000	</row1>
					<row2>	0.0000 0.0000 1.0000 0.0000	</row2>
					<row3>	-0.0343 0.0928 0.0382 1.0000	</row3>
				</transform>
			</node>
			<node>
				<identifier>	HP_Air_fire_7	</identifier>
				<transform>
					<row0>	1.0000 0.0000 0.0000 0.0000	</row0>
					<row1>	0.0000 1.0000 0.0000 0.0000	</row1>
					<row2>	0.0000 0.0000 1.0000 0.0000	</row2>
					<row3>	0.0000 0.1387 -0.4000 1.0000	</row3>
				</transform>
			</node>
			<node>
				<identifier>	HP_Air_flytrail_1	</identifier>
				<transform>
					<row0>	1.0000 0.0000 0.0000 0.0000	</row0>
					<row1>	0.0000 1.0000 0.0000 0.0000	</row1>
					<row2>	0.0000 0.0000 1.0000 0.0000	</row2>
					<row3>	-0.4344 0.1547 -0.0499 1.0000	</row3>
				</transform>
			</node>
			<node>
				<identifier>	HP_Air_flytrail_2	</identifier>
				<transform>
					<row0>	1.0000 0.0000 0.0000 0.0000	</row0>
					<row1>	0.0000 1.0000 0.0000 0.0000	</row1>
					<row2>	0.0000 0.0000 1.0000 0.0000	</row2>
					<row3>	0.4344 0.1547 -0.0499 1.0000	</row3>
				</transform>
			</node>
			<node>
				<identifier>	HP_Air_gunfire_1	</identifier>
				<transform>
					<row0>	1.0000 0.0000 0.0000 0.0000	</row0>
					<row1>	0.0000 1.0000 0.0000 0.0000	</row1>
					<row2>	0.0000 0.0000 1.0000 0.0000	</row2>
					<row3>	-0.1529 0.1197 0.0226 1.0000	</row3>
				</transform>
			</node>
			<node>
				<identifier>	HP_Air_gunfire_2	</identifier>
				<transform>
					<row0>	1.0000 0.0000 0.0000 0.0000	</row0>
					<row1>	0.0000 1.0000 0.0000 0.0000	</row1>
					<row2>	0.0000 0.0000 1.0000 0.0000	</row2>
					<row3>	-0.1621 0.1207 0.0167 1.0000	</row3>
				</transform>
			</node>
			<node>
				<identifier>	HP_Air_gunfire_3	</identifier>
				<transform>
					<row0>	1.0000 0.0000 0.0000 0.0000	</row0>
					<row1>	0.0000 1.0000 0.0000 0.0000	</row1>
					<row2>	0.0000 0.0000 1.0000 0.0000	</row2>
					<row3>	-0.1699 0.1224 0.0094 1.0000	</row3>
				</transform>
			</node>
			<node>
				<identifier>	HP_Air_gunfire_4	</identifier>
				<transform>
					<row0>	1.0000 0.0000 0.0000 0.0000	</row0>
					<row1>	0.0000 1.0000 0.0000 0.0000	</row1>
					<row2>	0.0000 0.0000 1.0000 0.0000	</row2>
					<row3>	0.1529 0.1197 0.0226 1.0000	</row3>
				</transform>
			</node>
			<node>
				<identifier>	HP_Air_gunfire_5	</identifier>
				<transform>
					<row0>	1.0000 0.0000 0.0000 0.0000	</row0>
					<row1>	0.0000 1.0000 0.0000 0.0000	</row1>
					<row2>	0.0000 0.0000 1.0000 0.0000	</row2>
					<row3>	0.1621 0.1207 0.0167 1.0000	</row3>
				</transform>
			</node>
			<node>
				<identifier>	HP_Air_gunfire_6	</identifier>
				<transform>
					<row0>	1.0000 0.0000 0.0000 0.0000	</row0>
					<row1>	0.0000 1.0000 0.0000 0.0000	</row1>
					<row2>	0.0000 0.0000 1.0000 0.0000	</row2>
					<row3>	0.1699 0.1224 0.0094 1.0000	</row3>
				</transform>
			</node>
			<node>
				<identifier>	HP_Air_ricochet_1	</identifier>
				<transform>
					<row0>	1.0000 0.0000 0.0000 0.0000	</row0>
					<row1>	0.0000 1.0000 0.0000 0.0000	</row1>
					<row2>	0.0000 0.0000 1.0000 0.0000	</row2>
					<row3>	-0.0319 0.1479 -0.2954 1.0000	</row3>
				</transform>
			</node>
			<node>
				<identifier>	HP_Air_ricochet_10	</identifier>
				<transform>
					<row0>	1.0000 0.0000 0.0000 0.0000	</row0>
					<row1>	0.0000 1.0000 0.0000 0.0000	</row1>
					<row2>	0.0000 0.0000 1.0000 0.0000	</row2>
					<row3>	-0.0198 0.2086 -0.1388 1.0000	</row3>
				</transform>
			</node>
			<node>
				<identifier>	HP_Air_ricochet_2	</identifier>
				<transform>
					<row0>	1.0000 0.0000 0.0000 0.0000	</row0>
					<row1>	0.0000 1.0000 0.0000 0.0000	</row1>
					<row2>	0.0000 0.0000 1.0000 0.0000	</row2>
					<row3>	0.0367 0.1580 -0.2239 1.0000	</row3>
				</transform>
			</node>
			<node>
				<identifier>	HP_Air_ricochet_3	</identifier>
				<transform>
					<row0>	1.0000 0.0000 0.0000 0.0000	</row0>
					<row1>	0.0000 1.0000 0.0000 0.0000	</row1>
					<row2>	0.0000 0.0000 1.0000 0.0000	</row2>
					<row3>	0.0772 0.1639 -0.4213 1.0000	</row3>
				</transform>
			</node>
			<node>
				<identifier>	HP_Air_ricochet_4	</identifier>
				<transform>
					<row0>	1.0000 0.0000 0.0000 0.0000	</row0>
					<row1>	0.0000 1.0000 0.0000 0.0000	</row1>
					<row2>	0.0000 0.0000 1.0000 0.0000	</row2>
					<row3>	-0.1106 0.1621 -0.4404 1.0000	</row3>
				</transform>
			</node>
			<node>
				<identifier>	HP_Air_ricochet_5	</identifier>
				<transform>
					<row0>	1.0000 0.0000 0.0000 0.0000	</row0>
					<row1>	0.0000 1.0000 0.0000 0.0000	</row1>
					<row2>	0.0000 0.0000 1.0000 0.0000	</row2>
					<row3>	-0.3143 0.1475 -0.0565 1.0000	</row3>
				</transform>
			</node>
			<node>
				<identifier>	HP_Air_ricochet_6	</identifier>
				<transform>
					<row0>	1.0000 0.0000 0.0000 0.0000	</row0>
					<row1>	0.0000 1.0000 0.0000 0.0000	</row1>
					<row2>	0.0000 0.0000 1.0000 0.0000	</row2>
					<row3>	0.3009 0.1458 -0.0597 1.0000	</row3>
				</transform>
			</node>
			<node>
				<identifier>	HP_Air_ricochet_7	</identifier>
				<transform>
					<row0>	1.0000 0.0000 0.0000 0.0000	</row0>
					<row1>	0.0000 1.0000 0.0000 0.0000	</row1>
					<row2>	0.0000 0.0000 1.0000 0.0000	</row2>
					<row3>	0.0172 0.0901 -0.1765 1.0000	</row3>
				</transform>
			</node>
			<node>
				<identifier>	HP_Air_ricochet_8	</identifier>
				<transform>
					<row0>	1.0000 0.0000 0.0000 0.0000	</row0>
					<row1>	0.0000 1.0000 0.0000 0.0000	</row1>
					<row2>	0.0000 0.0000 1.0000 0.0000	</row2>
					<row3>	-0.0038 0.2291 -0.4531 1.0000	</row3>
				</transform>
			</node>
			<node>
				<identifier>	HP_Air_ricochet_9	</identifier>
				<transform>
					<row0>	1.0000 0.0000 0.0000 0.0000	</row0>
					<row1>	0.0000 1.0000 0.0000 0.0000	</row1>
					<row2>	0.0000 0.0000 1.0000 0.0000	</row2>
					<row3>	0.0071 0.1896 -0.4284 1.0000	</row3>
				</transform>
			</node>
			<node>
				<identifier>	HP_Air_rocket_1	</identifier>
				<transform>
					<row0>	0.9917 -0.1286 -0.0067 0.0000	</row0>
					<row1>	0.1286 0.9917 -0.0004 0.0000	</row1>
					<row2>	0.0067 -0.0004 1.0000 0.0000	</row2>
					<row3>	-0.2161 0.1071 -0.0791 1.0000	</row3>
				</transform>
			</node>
			<node>
				<identifier>	HP_Air_rocket_2	</identifier>
				<transform>
					<row0>	0.9917 0.1286 0.0067 0.0000	</row0>
					<row1>	-0.1286 0.9917 -0.0004 0.0000	</row1>
					<row2>	-0.0067 -0.0004 1.0000 0.0000	</row2>
					<row3>	0.2161 0.1071 -0.0791 1.0000	</row3>
				</transform>
			</node>
			<node>
				<identifier>	HP_Air_rocket_3	</identifier>
				<transform>
					<row0>	0.9917 -0.1286 -0.0067 0.0000	</row0>
					<row1>	0.1286 0.9917 -0.0004 0.0000	</row1>
					<row2>	0.0067 -0.0004 1.0000 0.0000	</row2>
					<row3>	-0.2341 0.1099 -0.0798 1.0000	</row3>
				</transform>
			</node>
			<node>
				<identifier>	HP_Air_rocket_4	</identifier>
				<transform>
					<row0>	0.9917 0.1286 0.0067 0.0000	</row0>
					<row1>	-0.1286 0.9917 -0.0004 0.0000	</row1>
					<row2>	-0.0067 -0.0004 1.0000 0.0000	</row2>
					<row3>	0.2341 0.1099 -0.0798 1.0000	</row3>
				</transform>
			</node>
			<node>
				<identifier>	HP_Air_rocket_5	</identifier>
				<transform>
					<row0>	0.9917 -0.1286 -0.0067 0.0000	</row0>
					<row1>	0.1286 0.9917 -0.0004 0.0000	</row1>
					<row2>	0.0067 -0.0004 1.0000 0.0000	</row2>
					<row3>	-0.2511 0.1126 -0.0804 1.0000	</row3>
				</transform>
			</node>
			<node>
				<identifier>	HP_Air_rocket_6	</identifier>
				<transform>
					<row0>	0.9917 0.1286 0.0067 0.0000	</row0>
					<row1>	-0.1286 0.9917 -0.0004 0.0000	</row1>
					<row2>	-0.0067 -0.0004 1.0000 0.0000	</row2>
					<row3>	0.2511 0.1126 -0.0804 1.0000	</row3>
				</transform>
			</node>
			<node>
				<identifier>	HP_Air_sleeve_1	</identifier>
				<transform>
					<row0>	1.0000 0.0000 0.0000 0.0000	</row0>
					<row1>	0.0000 1.0000 0.0000 0.0000	</row1>
					<row2>	0.0000 0.0000 1.0000 0.0000	</row2>
					<row3>	-0.1610 0.1096 -0.0336 1.0000	</row3>
				</transform>
			</node>
			<node>
				<identifier>	HP_Air_sleeve_2	</identifier>
				<transform>
					<row0>	1.0000 0.0000 0.0000 0.0000	</row0>
					<row1>	0.0000 1.0000 0.0000 0.0000	</row1>
					<row2>	0.0000 0.0000 1.0000 0.0000	</row2>
					<row3>	0.1610 0.1096 -0.0336 1.0000	</row3>
				</transform>
			</node>
			<node>
				<identifier>	Root_BlendBone	</identifier>
				<transform>
					<row0>	1.0000 0.0000 0.0000 0.0000	</row0>
					<row1>	0.0000 1.0000 0.0000 0.0000	</row1>
					<row2>	0.0000 0.0000 -1.0000 0.0000	</row2>
					<row3>	0.0000 0.0000 0.0000 1.0000	</row3>
				</transform>
			</node>
			<node>
				<identifier>	elevator_1	</identifier>
				<transform>
					<row0>	1.0000 0.0000 0.0000 0.0000	</row0>
					<row1>	0.0000 1.0000 0.0000 0.0000	</row1>
					<row2>	0.0000 0.0000 1.0000 0.0000	</row2>
					<row3>	0.0000 0.1576 -0.4597 1.0000	</row3>
				</transform>
				<rotate>
					<min>	-30.0000 -360.0000 -360.0000	</min>
					<max>	30.0000 360.0000 360.0000	</max>
				</rotate>
				<node>
					<identifier>	elevator_1_BlendBone	</identifier>
					<transform>
						<row0>	1.0000 0.0000 0.0000 0.0000	</row0>
						<row1>	0.0000 1.0000 0.0000 0.0000	</row1>
						<row2>	0.0000 0.0000 -1.0000 0.0000	</row2>
						<row3>	0.0000 -0.1576 0.4597 1.0000	</row3>
					</transform>
				</node>
			</node>
			<node>
				<identifier>	l_ailerone_1	</identifier>
				<transform>
					<row0>	0.9838 -0.1458 -0.1046 0.0000	</row0>
					<row1>	0.1467 0.9892 0.0000 0.0000	</row1>
					<row2>	0.1034 -0.0153 0.9945 0.0000	</row2>
					<row3>	-0.3531 0.1374 -0.1021 1.0000	</row3>
				</transform>
				<rotate>
					<min>	-30.0000 -360.0000 -360.0000	</min>
					<max>	30.0000 360.0000 360.0000	</max>
				</rotate>
				<node>
					<identifier>	l_ailerone_1_BlendBone	</identifier>
					<transform>
						<row0>	0.9838 0.1467 0.1034 0.0000	</row0>
						<row1>	-0.1458 0.9892 -0.0153 0.0000	</row1>
						<row2>	0.1046 0.0000 -0.9945 0.0000	</row2>
						<row3>	0.3567 -0.0842 0.1402 1.0000	</row3>
					</transform>
				</node>
			</node>
			<node>
				<identifier>	l_flaps_1	</identifier>
				<transform>
					<row0>	0.9901 0.0057 -0.1403 0.0000	</row0>
					<row1>	-0.0058 1.0000 0.0000 0.0000	</row1>
					<row2>	0.1403 0.0008 0.9901 0.0000	</row2>
					<row3>	-0.0794 0.1095 -0.1481 1.0000	</row3>
				</transform>
				<rotate>
					<min>	0.0000 -360.0000 -360.0000	</min>
					<max>	50.0000 360.0000 360.0000	</max>
				</rotate>
				<node>
					<identifier>	l_flaps_1_BlendBone	</identifier>
					<transform>
						<row0>	0.9901 -0.0058 0.1403 0.0000	</row0>
						<row1>	0.0057 1.0000 0.0008 0.0000	</row1>
						<row2>	0.1403 0.0000 -0.9901 0.0000	</row2>
						<row3>	0.0572 -0.1100 0.1577 1.0000	</row3>
					</transform>
				</node>
			</node>
			<node>
				<identifier>	l_flaps_2	</identifier>
				<transform>
					<row0>	0.9757 -0.1356 -0.1721 0.0000	</row0>
					<row1>	0.1377 0.9905 0.0000 0.0000	</row1>
					<row2>	0.1705 -0.0237 0.9851 0.0000	</row2>
					<row3>	-0.1432 0.1118 -0.1369 1.0000	</row3>
				</transform>
				<rotate>
					<min>	0.0000 -360.0000 -360.0000	</min>
					<max>	50.0000 360.0000 360.0000	</max>
				</rotate>
				<node>
					<identifier>	l_flaps_2_BlendBone	</identifier>
					<transform>
						<row0>	0.9757 0.1377 0.1705 0.0000	</row0>
						<row1>	-0.1356 0.9905 -0.0237 0.0000	</row1>
						<row2>	0.1721 0.0000 -0.9851 0.0000	</row2>
						<row3>	0.1313 -0.0911 0.1619 1.0000	</row3>
					</transform>
				</node>
			</node>
			<node>
				<identifier>	r_ailerone_1	</identifier>
				<transform>
					<row0>	0.9838 0.1459 0.1046 0.0000	</row0>
					<row1>	-0.1467 0.9892 0.0000 0.0000	</row1>
					<row2>	-0.1035 -0.0153 0.9945 0.0000	</row2>
					<row3>	0.3531 0.1374 -0.1021 1.0000	</row3>
				</transform>
				<rotate>
					<min>	-30.0000 -360.0000 -360.0000	</min>
					<max>	30.0000 360.0000 360.0000	</max>
				</rotate>
				<node>
					<identifier>	r_ailerone_1_BlendBone	</identifier>
					<transform>
						<row0>	0.9838 -0.1467 -0.1035 0.0000	</row0>
						<row1>	0.1459 0.9892 -0.0153 0.0000	</row1>
						<row2>	-0.1046 0.0000 -0.9945 0.0000	</row2>
						<row3>	-0.3567 -0.0842 0.1402 1.0000	</row3>
					</transform>
				</node>
			</node>
			<node>
				<identifier>	r_flaps_1	</identifier>
				<transform>
					<row0>	0.9901 -0.0057 0.1403 0.0000	</row0>
					<row1>	0.0058 1.0000 0.0000 0.0000	</row1>
					<row2>	-0.1403 0.0008 0.9901 0.0000	</row2>
					<row3>	0.0794 0.1095 -0.1481 1.0000	</row3>
				</transform>
				<rotate>
					<min>	0.0000 -360.0000 -360.0000	</min>
					<max>	50.0000 360.0000 360.0000	</max>
				</rotate>
				<node>
					<identifier>	r_flaps_1_BlendBone	</identifier>
					<transform>
						<row0>	0.9901 0.0058 -0.1403 0.0000	</row0>
						<row1>	-0.0057 1.0000 0.0008 0.0000	</row1>
						<row2>	-0.1403 0.0000 -0.9901 0.0000	</row2>
						<row3>	-0.0572 -0.1100 0.1577 1.0000	</row3>
					</transform>
				</node>
			</node>
			<node>
				<identifier>	r_flaps_2	</identifier>
				<transform>
					<row0>	0.9757 0.1356 0.1721 0.0000	</row0>
					<row1>	-0.1377 0.9905 0.0000 0.0000	</row1>
					<row2>	-0.1705 -0.0237 0.9851 0.0000	</row2>
					<row3>	0.1432 0.1118 -0.1369 1.0000	</row3>
				</transform>
				<rotate>
					<min>	0.0000 -360.0000 -360.0000	</min>
					<max>	50.0000 360.0000 360.0000	</max>
				</rotate>
				<node>
					<identifier>	r_flaps_2_BlendBone	</identifier>
					<transform>
						<row0>	0.9757 -0.1377 -0.1705 0.0000	</row0>
						<row1>	0.1356 0.9905 -0.0237 0.0000	</row1>
						<row2>	-0.1721 0.0000 -0.9851 0.0000	</row2>
						<row3>	-0.1313 -0.0911 0.1619 1.0000	</row3>
					</transform>
				</node>
			</node>
			<node>
				<identifier>	rudder_1	</identifier>
				<transform>
					<row0>	1.0000 0.0000 0.0000 0.0000	</row0>
					<row1>	0.0000 1.0000 0.0000 0.0000	</row1>
					<row2>	0.0000 0.0000 1.0000 0.0000	</row2>
					<row3>	0.0000 0.1399 -0.4725 1.0000	</row3>
				</transform>
				<rotate>
					<min>	-360.0000 -30.0000 -360.0000	</min>
					<max>	360.0000 30.0000 360.0000	</max>
				</rotate>
				<node>
					<identifier>	rudder_1_BlendBone	</identifier>
					<transform>
						<row0>	1.0000 0.0000 0.0000 0.0000	</row0>
						<row1>	0.0000 1.0000 0.0000 0.0000	</row1>
						<row2>	0.0000 0.0000 -1.0000 0.0000	</row2>
						<row3>	0.0000 -0.1399 0.4725 1.0000	</row3>
					</transform>
				</node>
			</node>
		</node>
	</node>
	<renderSet>
		<treatAsWorldSpaceObject>	true	</treatAsWorldSpaceObject>
		<node>	Root_BlendBone	</node>
		<node>	l_ailerone_1_BlendBone	</node>
		<node>	r_ailerone_1_BlendBone	</node>
		<node>	l_flaps_1_BlendBone	</node>
		<node>	r_flaps_1_BlendBone	</node>
		<node>	l_flaps_2_BlendBone	</node>
		<node>	r_flaps_2_BlendBone	</node>
		<node>	elevator_1_BlendBone	</node>
		<node>	rudder_1_BlendBone	</node>
		<geometry>
			<vertices>	HullShape.vertices	</vertices>
			<primitive>	HullShape.indices	</primitive>
			<primitiveGroup>	0
				<material>
					<identifier>	TL2_SHIPMAT_PBS_Hull_skinned	</identifier>
					<mfm>	PnFMods/ModsSDK.zip/ASA518_Enterprise/aircraft/AAF702_Grumman_F6F_skinned.mfm	</mfm>
				</material>
			</primitiveGroup>
		</geometry>
	</renderSet>
	<renderSet>
		<treatAsWorldSpaceObject>	false	</treatAsWorldSpaceObject>
		<node>	chassis_off_BlendBone	</node>
		<geometry>
			<vertices>	chassis_off_BlendBoneShape.vertices	</vertices>
			<primitive>	chassis_off_BlendBoneShape.indices	</primitive>
			<primitiveGroup>	0
				<material>
					<identifier>	TL2_SHIPMAT_PBS_Other	</identifier>
					<mfm>	PnFMods/ModsSDK.zip/ASA518_Enterprise/aircraft/AAF702_Grumman_F6F.mfm	</mfm>
				</material>
			</primitiveGroup>
		</geometry>
	</renderSet>
	<renderSet>
		<treatAsWorldSpaceObject>	false	</treatAsWorldSpaceObject>
		<node>	chassis_on_BlendBone	</node>
		<geometry>
			<vertices>	chassis_on_BlendBoneShape.vertices	</vertices>
			<primitive>	chassis_on_BlendBoneShape.indices	</primitive>
			<primitiveGroup>	0
				<material>
					<identifier>	TL2_SHIPMAT_PBS_Other	</identifier>
					<mfm>	PnFMods/ModsSDK.zip/ASA518_Enterprise/aircraft/AAF702_Grumman_F6F.mfm	</mfm>
				</material>
			</primitiveGroup>
		</geometry>
	</renderSet>
	<renderSet>
		<treatAsWorldSpaceObject>	false	</treatAsWorldSpaceObject>
		<node>	disc	</node>
		<geometry>
			<vertices>	discShape.vertices	</vertices>
			<primitive>	discShape.indices	</primitive>
			<primitiveGroup>	0
				<material>
					<identifier>	PROPELLERMAT_propeller	</identifier>
					<mfm>	PnFMods/ModsSDK.zip/ASA518_Enterprise/aircraft/USA_Disk_3Blade_03_alpha.mfm	</mfm>
				</material>
			</primitiveGroup>
		</geometry>
	</renderSet>
	<renderSet>
		<treatAsWorldSpaceObject>	false	</treatAsWorldSpaceObject>
		<node>	mod	</node>
		<geometry>
			<vertices>	modShape.vertices	</vertices>
			<primitive>	modShape.indices	</primitive>
			<primitiveGroup>	0
				<material>
					<identifier>	TL2_SHIPMAT_PBS_Other	</identifier>
					<mfm>	PnFMods/ModsSDK.zip/ASA518_Enterprise/aircraft/AAF702_Grumman_F6F.mfm	</mfm>
				</material>
			</primitiveGroup>
		</geometry>
	</renderSet>
	<boundingBox>
		<min>	-0.4346 -0.0006 -0.5023	</min>
		<max>	0.4346 0.2791 0.2109	</max>
	</boundingBox>
</AAF702_Grumman_F6F_proto.visual>
