<HSC011_De_Zeven_Provincien_1960_MidFront_ports.visual>
	<node>
		<identifier>	Scene Root	</identifier>
		<transform>
			<row0>	1.0000 0.0000 0.0000 0.0000	</row0>
			<row1>	0.0000 1.0000 0.0000 0.0000	</row1>
			<row2>	0.0000 0.0000 1.0000 0.0000	</row2>
			<row3>	0.0000 0.0000 0.0000 1.0000	</row3>
		</transform>
		<node>
			<identifier>	MidFront_ports	</identifier>
			<transform>
				<row0>	1.0000 0.0000 0.0000 0.0000	</row0>
				<row1>	0.0000 1.0000 0.0000 0.0000	</row1>
				<row2>	0.0000 0.0000 1.0000 0.0000	</row2>
				<row3>	0.0000 0.0000 0.0000 1.0000	</row3>
			</transform>
			<node>
				<identifier>	HP_FX_Death_1	</identifier>
				<transform>
					<row0>	1.0000 0.0000 0.0000 0.0000	</row0>
					<row1>	0.0000 1.0000 0.0000 0.0000	</row1>
					<row2>	0.0000 0.0000 1.0000 0.0000	</row2>
					<row3>	0.0000 0.0000 3.8170 1.0000	</row3>
				</transform>
			</node>
			<node>
				<identifier>	HP_FX_Death_2	</identifier>
				<transform>
					<row0>	1.0000 0.0000 0.0000 0.0000	</row0>
					<row1>	0.0000 1.0000 0.0000 0.0000	</row1>
					<row2>	0.0000 0.0000 1.0000 0.0000	</row2>
					<row3>	0.0000 0.0000 0.1423 1.0000	</row3>
				</transform>
			</node>
			<node>
				<identifier>	HP_FX_Fire_2	</identifier>
				<transform>
					<row0>	1.0000 0.0000 0.0000 0.0000	</row0>
					<row1>	0.0000 1.0000 0.0000 0.0000	</row1>
					<row2>	0.0000 0.0000 1.0000 0.0000	</row2>
					<row3>	0.0000 0.4748 0.3669 1.0000	</row3>
				</transform>
			</node>
			<node>
				<identifier>	HP_FX_Fire_2_side_1	</identifier>
				<transform>
					<row0>	0.9978 0.0000 -0.0670 0.0000	</row0>
					<row1>	0.0000 1.0000 0.0000 0.0000	</row1>
					<row2>	0.0670 0.0000 0.9978 0.0000	</row2>
					<row3>	-0.4107 0.5166 2.3420 1.0000	</row3>
				</transform>
			</node>
			<node>
				<identifier>	HP_FX_Fire_2_side_2	</identifier>
				<transform>
					<row0>	0.9978 0.0000 0.0670 0.0000	</row0>
					<row1>	0.0000 1.0000 0.0000 0.0000	</row1>
					<row2>	-0.0670 0.0000 0.9978 0.0000	</row2>
					<row3>	0.4462 0.4843 0.9154 1.0000	</row3>
				</transform>
			</node>
			<node>
				<identifier>	HP_FX_FloodLight_left_1	</identifier>
				<transform>
					<row0>	-1.0000 0.0000 0.0000 0.0000	</row0>
					<row1>	0.0000 1.0000 0.0000 0.0000	</row1>
					<row2>	0.0000 0.0000 -1.0000 0.0000	</row2>
					<row3>	-0.2549 0.9795 1.0325 1.0000	</row3>
				</transform>
			</node>
			<node>
				<identifier>	HP_FX_FloodLight_right_1	</identifier>
				<transform>
					<row0>	1.0000 0.0000 0.0000 0.0000	</row0>
					<row1>	0.0000 1.0000 0.0000 0.0000	</row1>
					<row2>	0.0000 0.0000 1.0000 0.0000	</row2>
					<row3>	0.2624 0.9756 1.1418 1.0000	</row3>
				</transform>
			</node>
			<node>
				<identifier>	HP_FX_Flood_steam_1	</identifier>
				<transform>
					<row0>	0.6152 0.6030 -0.5079 0.0000	</row0>
					<row1>	-0.7883 0.4706 -0.3963 0.0000	</row1>
					<row2>	0.0000 0.6442 0.7649 0.0000	</row2>
					<row3>	-0.1009 1.8391 0.5187 1.0000	</row3>
				</transform>
			</node>
			<node>
				<identifier>	HP_FX_Flood_steam_2	</identifier>
				<transform>
					<row0>	0.7660 -0.3957 0.5065 0.0000	</row0>
					<row1>	0.6428 0.4716 -0.6037 0.0000	</row1>
					<row2>	0.0000 0.7880 0.6157 0.0000	</row2>
					<row3>	0.1009 1.8391 0.5187 1.0000	</row3>
				</transform>
			</node>
			<node>
				<identifier>	HP_FX_Flood_steam_left	</identifier>
				<transform>
					<row0>	-1.0000 0.0000 0.0000 0.0000	</row0>
					<row1>	0.0000 1.0000 0.0000 0.0000	</row1>
					<row2>	0.0000 0.0000 -1.0000 0.0000	</row2>
					<row3>	-0.3684 0.6225 2.5034 1.0000	</row3>
				</transform>
			</node>
			<node>
				<identifier>	HP_FX_Flood_water_left_1	</identifier>
				<transform>
					<row0>	-1.0000 0.0000 0.0000 0.0000	</row0>
					<row1>	0.0000 1.0000 0.0000 0.0000	</row1>
					<row2>	0.0000 0.0000 -1.0000 0.0000	</row2>
					<row3>	-0.4267 0.0405 3.0991 1.0000	</row3>
				</transform>
			</node>
			<node>
				<identifier>	HP_FX_Flood_water_right_1	</identifier>
				<transform>
					<row0>	1.0000 0.0000 0.0000 0.0000	</row0>
					<row1>	0.0000 1.0000 0.0000 0.0000	</row1>
					<row2>	0.0000 0.0000 1.0000 0.0000	</row2>
					<row3>	0.4266 0.0400 3.0992 1.0000	</row3>
				</transform>
			</node>
			<node>
				<identifier>	HP_FX_RepairLight_left_2	</identifier>
				<transform>
					<row0>	0.0788 0.0000 0.9969 0.0000	</row0>
					<row1>	-0.2600 0.9654 0.0206 0.0000	</row1>
					<row2>	-0.9624 -0.2608 0.0761 0.0000	</row2>
					<row3>	-0.4890 0.3554 3.6856 1.0000	</row3>
				</transform>
			</node>
			<node>
				<identifier>	HP_FX_Smoke_1	</identifier>
				<transform>
					<row0>	1.0000 0.0000 0.0000 0.0000	</row0>
					<row1>	0.0000 0.9124 -0.4093 0.0000	</row1>
					<row2>	0.0000 0.4093 0.9124 0.0000	</row2>
					<row3>	0.0000 1.4429 0.4096 1.0000	</row3>
				</transform>
			</node>
			<node>
				<identifier>	HP_Flagpole	</identifier>
				<transform>
					<row0>	-0.9000 0.0000 0.0000 0.0000	</row0>
					<row1>	0.0000 0.9000 0.0000 0.0000	</row1>
					<row2>	0.0000 0.0000 -0.9000 0.0000	</row2>
					<row3>	0.0000 2.8744 0.2833 1.0000	</row3>
				</transform>
			</node>
			<node>
				<identifier>	HP_HD_1	</identifier>
				<transform>
					<row0>	1.0000 0.0000 0.0000 0.0000	</row0>
					<row1>	0.0000 1.0000 0.0000 0.0000	</row1>
					<row2>	0.0000 0.0000 1.0000 0.0000	</row2>
					<row3>	0.0000 0.8427 2.3377 1.0000	</row3>
				</transform>
			</node>
			<node>
				<identifier>	HP_HD_10	</identifier>
				<transform>
					<row0>	1.0000 0.0000 0.0000 0.0000	</row0>
					<row1>	0.0000 1.0000 0.0000 0.0000	</row1>
					<row2>	0.0000 0.0000 1.0000 0.0000	</row2>
					<row3>	0.0000 1.3687 1.1785 1.0000	</row3>
				</transform>
			</node>
			<node>
				<identifier>	HP_HD_2	</identifier>
				<transform>
					<row0>	0.0000 0.0000 1.0000 0.0000	</row0>
					<row1>	0.0000 1.0000 0.0000 0.0000	</row1>
					<row2>	-1.0000 0.0000 0.0000 0.0000	</row2>
					<row3>	-0.2143 1.0853 1.7785 1.0000	</row3>
				</transform>
			</node>
			<node>
				<identifier>	HP_HD_3	</identifier>
				<transform>
					<row0>	0.0000 0.0000 -1.0000 0.0000	</row0>
					<row1>	0.0000 1.0000 0.0000 0.0000	</row1>
					<row2>	1.0000 0.0000 0.0000 0.0000	</row2>
					<row3>	0.2143 1.0853 1.7785 1.0000	</row3>
				</transform>
			</node>
			<node>
				<identifier>	HP_HD_4	</identifier>
				<transform>
					<row0>	0.0000 0.0000 1.0000 0.0000	</row0>
					<row1>	0.0000 1.0000 0.0000 0.0000	</row1>
					<row2>	-1.0000 0.0000 0.0000 0.0000	</row2>
					<row3>	-0.2143 1.0853 1.6465 1.0000	</row3>
				</transform>
			</node>
			<node>
				<identifier>	HP_HD_5	</identifier>
				<transform>
					<row0>	0.0000 0.0000 -1.0000 0.0000	</row0>
					<row1>	0.0000 1.0000 0.0000 0.0000	</row1>
					<row2>	1.0000 0.0000 0.0000 0.0000	</row2>
					<row3>	0.2143 1.0853 1.6465 1.0000	</row3>
				</transform>
			</node>
			<node>
				<identifier>	HP_HD_6	</identifier>
				<transform>
					<row0>	1.0000 0.0000 0.0000 0.0000	</row0>
					<row1>	0.0000 1.0000 0.0000 0.0000	</row1>
					<row2>	0.0000 0.0000 1.0000 0.0000	</row2>
					<row3>	0.0318 1.2658 1.5289 1.0000	</row3>
				</transform>
			</node>
			<node>
				<identifier>	HP_HD_7	</identifier>
				<transform>
					<row0>	1.0000 0.0000 0.0000 0.0000	</row0>
					<row1>	0.0000 1.0000 0.0000 0.0000	</row1>
					<row2>	0.0000 0.0000 1.0000 0.0000	</row2>
					<row3>	0.0000 1.2217 1.4093 1.0000	</row3>
				</transform>
			</node>
			<node>
				<identifier>	HP_HD_8	</identifier>
				<transform>
					<row0>	0.0000 0.0000 1.0000 0.0000	</row0>
					<row1>	0.0000 1.0000 0.0000 0.0000	</row1>
					<row2>	-1.0000 0.0000 0.0000 0.0000	</row2>
					<row3>	-0.4487 0.8299 1.1811 1.0000	</row3>
				</transform>
			</node>
			<node>
				<identifier>	HP_HD_9	</identifier>
				<transform>
					<row0>	0.0000 0.0000 -1.0000 0.0000	</row0>
					<row1>	0.0000 1.0000 0.0000 0.0000	</row1>
					<row2>	1.0000 0.0000 0.0000 0.0000	</row2>
					<row3>	0.4487 0.8299 1.1811 1.0000	</row3>
				</transform>
			</node>
			<node>
				<identifier>	HP_HGA_1	</identifier>
				<transform>
					<row0>	1.0000 0.0000 0.0000 0.0000	</row0>
					<row1>	0.0000 1.0000 0.0000 0.0000	</row1>
					<row2>	0.0000 0.0000 1.0000 0.0000	</row2>
					<row3>	0.0000 0.7106 2.7284 1.0000	</row3>
				</transform>
			</node>
			<node>
				<identifier>	HP_HGA_2	</identifier>
				<transform>
					<row0>	0.0000 0.0000 1.0000 0.0000	</row0>
					<row1>	0.0000 1.0000 0.0000 0.0000	</row1>
					<row2>	-1.0000 0.0000 0.0000 0.0000	</row2>
					<row3>	-0.4696 0.5162 1.8598 1.0000	</row3>
				</transform>
			</node>
			<node>
				<identifier>	HP_HGA_3	</identifier>
				<transform>
					<row0>	0.0000 0.0000 -1.0000 0.0000	</row0>
					<row1>	0.0000 1.0000 0.0000 0.0000	</row1>
					<row2>	1.0000 0.0000 0.0000 0.0000	</row2>
					<row3>	0.4696 0.5162 1.8598 1.0000	</row3>
				</transform>
			</node>
			<node>
				<identifier>	HP_HGA_4	</identifier>
				<transform>
					<row0>	0.0000 0.0000 1.0000 0.0000	</row0>
					<row1>	0.0000 1.0000 0.0000 0.0000	</row1>
					<row2>	-1.0000 0.0000 0.0000 0.0000	</row2>
					<row3>	-0.4170 0.6566 1.4946 1.0000	</row3>
				</transform>
			</node>
			<node>
				<identifier>	HP_HGA_5	</identifier>
				<transform>
					<row0>	0.0000 0.0000 -1.0000 0.0000	</row0>
					<row1>	0.0000 1.0000 0.0000 0.0000	</row1>
					<row2>	1.0000 0.0000 0.0000 0.0000	</row2>
					<row3>	0.4170 0.6566 1.4946 1.0000	</row3>
				</transform>
			</node>
			<node>
				<identifier>	HP_HGM_1	</identifier>
				<transform>
					<row0>	1.0000 0.0000 0.0000 0.0000	</row0>
					<row1>	0.0000 1.0000 0.0000 0.0000	</row1>
					<row2>	0.0000 0.0000 1.0000 0.0000	</row2>
					<row3>	0.0000 0.3698 4.2785 1.0000	</row3>
				</transform>
			</node>
			<node>
				<identifier>	HP_HGM_2	</identifier>
				<transform>
					<row0>	1.0000 0.0000 0.0000 0.0000	</row0>
					<row1>	0.0000 1.0000 0.0000 0.0000	</row1>
					<row2>	0.0000 0.0000 1.0000 0.0000	</row2>
					<row3>	0.0000 0.5266 3.3785 1.0000	</row3>
				</transform>
			</node>
			<node>
				<identifier>	HP_HRS_1	</identifier>
				<transform>
					<row0>	1.0000 0.0000 0.0000 0.0000	</row0>
					<row1>	0.0000 1.0000 0.0000 0.0000	</row1>
					<row2>	0.0000 0.0000 1.0000 0.0000	</row2>
					<row3>	0.0000 1.1700 2.1422 1.0000	</row3>
				</transform>
			</node>
			<node>
				<identifier>	HP_HRS_2	</identifier>
				<transform>
					<row0>	1.0000 0.0000 0.0000 0.0000	</row0>
					<row1>	0.0000 1.0000 0.0000 0.0000	</row1>
					<row2>	0.0000 0.0000 1.0000 0.0000	</row2>
					<row3>	0.0000 1.5075 0.7917 1.0000	</row3>
				</transform>
			</node>
			<node>
				<identifier>	HP_HRS_3	</identifier>
				<transform>
					<row0>	1.0000 0.0000 0.0000 0.0000	</row0>
					<row1>	0.0000 1.0000 0.0000 0.0000	</row1>
					<row2>	0.0000 0.0000 1.0000 0.0000	</row2>
					<row3>	0.0000 2.3560 0.4485 1.0000	</row3>
				</transform>
			</node>
			<node>
				<identifier>	HP_flag_1	</identifier>
				<transform>
					<row0>	0.9957 -0.0920 0.0058 0.0000	</row0>
					<row1>	0.0920 0.9879 -0.1245 0.0000	</row1>
					<row2>	0.0058 0.1245 0.9922 0.0000	</row2>
					<row3>	0.3365 1.9115 0.5587 1.0000	</row3>
				</transform>
			</node>
			<node>
				<identifier>	HP_flag_2	</identifier>
				<transform>
					<row0>	0.9957 0.0920 -0.0058 0.0000	</row0>
					<row1>	-0.0920 0.9879 -0.1245 0.0000	</row1>
					<row2>	-0.0058 0.1245 0.9922 0.0000	</row2>
					<row3>	-0.3359 1.9115 0.5597 1.0000	</row3>
				</transform>
			</node>
			<node>
				<identifier>	HP_flag_3	</identifier>
				<transform>
					<row0>	0.9981 -0.0612 0.0036 0.0000	</row0>
					<row1>	0.0612 0.9911 -0.1179 0.0000	</row1>
					<row2>	0.0036 0.1179 0.9930 0.0000	</row2>
					<row3>	0.2305 1.9114 0.5583 1.0000	</row3>
				</transform>
			</node>
			<node>
				<identifier>	HP_flag_4	</identifier>
				<transform>
					<row0>	0.9981 0.0612 -0.0036 0.0000	</row0>
					<row1>	-0.0612 0.9911 -0.1179 0.0000	</row1>
					<row2>	-0.0036 0.1179 0.9930 0.0000	</row2>
					<row3>	-0.2317 1.9114 0.5583 1.0000	</row3>
				</transform>
			</node>
			<node>
				<identifier>	HP_flag_courtesy	</identifier>
				<transform>
					<row0>	0.9933 -0.1152 0.0074 0.0000	</row0>
					<row1>	0.1152 0.9851 -0.1274 0.0000	</row1>
					<row2>	0.0074 0.1274 0.9918 0.0000	</row2>
					<row3>	0.3965 1.9117 0.5599 1.0000	</row3>
				</transform>
			</node>
			<node>
				<identifier>	HP_flag_house	</identifier>
				<transform>
					<row0>	0.9933 0.1152 -0.0074 0.0000	</row0>
					<row1>	-0.1152 0.9851 -0.1274 0.0000	</row1>
					<row2>	-0.0074 0.1274 0.9918 0.0000	</row2>
					<row3>	-0.3965 1.9117 0.5599 1.0000	</row3>
				</transform>
			</node>
			<node>
				<identifier>	HP_flag_nation	</identifier>
				<transform>
					<row0>	1.0000 -0.0055 0.0003 0.0000	</row0>
					<row1>	0.0055 0.9921 -0.1252 0.0000	</row1>
					<row2>	0.0003 0.1252 0.9921 0.0000	</row2>
					<row3>	0.0184 2.9546 0.1742 1.0000	</row3>
				</transform>
			</node>
			<node>
				<identifier>	HP_flag_rank	</identifier>
				<transform>
					<row0>	1.0000 -0.0055 0.0003 0.0000	</row0>
					<row1>	0.0055 0.9921 -0.1252 0.0000	</row1>
					<row2>	0.0003 0.1252 0.9921 0.0000	</row2>
					<row3>	0.0170 2.7014 0.2062 1.0000	</row3>
				</transform>
			</node>
			<node>
				<identifier>	MP_BM608_Compass_repeater	</identifier>
				<transform>
					<row0>	-0.1414 0.0000 -0.9899 0.0000	</row0>
					<row1>	0.0000 1.0000 0.0000 0.0000	</row1>
					<row2>	0.9899 0.0000 -0.1414 0.0000	</row2>
					<row3>	-0.3150 1.0704 1.8817 1.0000	</row3>
				</transform>
			</node>
			<node>
				<identifier>	MP_BM608_Compass_repeater_INDEX_1	</identifier>
				<transform>
					<row0>	-1.0000 0.0000 0.0000 0.0000	</row0>
					<row1>	0.0000 1.0000 0.0000 0.0000	</row1>
					<row2>	0.0000 0.0000 -1.0000 0.0000	</row2>
					<row3>	0.0000 1.2113 1.6495 1.0000	</row3>
				</transform>
			</node>
			<node>
				<identifier>	MP_BM608_Compass_repeater_INDEX_2	</identifier>
				<transform>
					<row0>	-0.1414 0.0000 0.9899 0.0000	</row0>
					<row1>	0.0000 1.0000 0.0000 0.0000	</row1>
					<row2>	-0.9899 0.0000 -0.1414 0.0000	</row2>
					<row3>	0.3150 1.0704 1.8817 1.0000	</row3>
				</transform>
			</node>
			<node>
				<identifier>	MP_BM608_Compass_repeater_INDEX_3	</identifier>
				<transform>
					<row0>	-1.0000 0.0000 0.0000 0.0000	</row0>
					<row1>	0.0000 1.0000 0.0000 0.0000	</row1>
					<row2>	0.0000 0.0000 -1.0000 0.0000	</row2>
					<row3>	0.0000 1.1733 1.8738 1.0000	</row3>
				</transform>
			</node>
			<node>
				<identifier>	MP_BM851_Searchlight_20in	</identifier>
				<transform>
					<row0>	0.0000 0.0000 -1.0000 0.0000	</row0>
					<row1>	0.0000 1.0000 0.0000 0.0000	</row1>
					<row2>	1.0000 0.0000 0.0000 0.0000	</row2>
					<row3>	0.1926 1.2089 0.9191 1.0000	</row3>
				</transform>
			</node>
			<node>
				<identifier>	MP_BM851_Searchlight_20in_INDEX_1	</identifier>
				<transform>
					<row0>	0.0000 0.0000 1.0000 0.0000	</row0>
					<row1>	0.0000 1.0000 0.0000 0.0000	</row1>
					<row2>	-1.0000 0.0000 0.0000 0.0000	</row2>
					<row3>	-0.1926 1.2089 0.9191 1.0000	</row3>
				</transform>
			</node>
			<node>
				<identifier>	MP_CM011_Fire_Fighting_Gear	</identifier>
				<transform>
					<row0>	-0.9891 0.0000 0.1471 0.0000	</row0>
					<row1>	0.0000 1.0000 0.0000 0.0000	</row1>
					<row2>	-0.1471 0.0000 -0.9891 0.0000	</row2>
					<row3>	0.0831 0.3562 3.7714 1.0000	</row3>
				</transform>
			</node>
			<node>
				<identifier>	MP_CM013_Fire_Hose_Rack_2	</identifier>
				<transform>
					<row0>	-1.0000 0.0000 0.0000 0.0000	</row0>
					<row1>	0.0000 1.0000 0.0000 0.0000	</row1>
					<row2>	0.0000 0.0000 -1.0000 0.0000	</row2>
					<row3>	0.2545 0.3984 0.5788 1.0000	</row3>
				</transform>
			</node>
			<node>
				<identifier>	MP_CM013_Fire_Hose_Rack_2_INDEX_1	</identifier>
				<transform>
					<row0>	-0.0703 -0.0017 -0.9975 0.0000	</row0>
					<row1>	0.0021 1.0000 -0.0018 0.0000	</row1>
					<row2>	0.9975 -0.0022 -0.0703 0.0000	</row2>
					<row3>	0.0539 0.3929 3.7672 1.0000	</row3>
				</transform>
			</node>
			<node>
				<identifier>	MP_CM013_Fire_Hose_Rack_2_INDEX_2	</identifier>
				<transform>
					<row0>	1.0000 0.0000 0.0000 0.0000	</row0>
					<row1>	0.0000 1.0000 0.0000 0.0000	</row1>
					<row2>	0.0000 0.0000 1.0000 0.0000	</row2>
					<row3>	-0.2545 0.3937 0.3814 1.0000	</row3>
				</transform>
			</node>
			<node>
				<identifier>	MP_CM029_Emergency_Box	</identifier>
				<transform>
					<row0>	-0.5736 0.0000 -0.8192 0.0000	</row0>
					<row1>	0.0000 1.0000 0.0000 0.0000	</row1>
					<row2>	0.8192 0.0000 -0.5736 0.0000	</row2>
					<row3>	-0.3383 0.5989 2.7243 1.0000	</row3>
				</transform>
			</node>
			<node>
				<identifier>	MP_CM029_Emergency_Box_INDEX_1	</identifier>
				<transform>
					<row0>	-0.5736 0.0000 0.8192 0.0000	</row0>
					<row1>	0.0000 1.0000 0.0000 0.0000	</row1>
					<row2>	-0.8192 0.0000 -0.5736 0.0000	</row2>
					<row3>	0.3383 0.5989 2.7243 1.0000	</row3>
				</transform>
			</node>
			<node>
				<identifier>	MP_CM029_Emergency_Box_INDEX_2	</identifier>
				<transform>
					<row0>	0.0000 0.0000 -1.0000 0.0000	</row0>
					<row1>	0.0000 1.0000 0.0000 0.0000	</row1>
					<row2>	1.0000 0.0000 0.0000 0.0000	</row2>
					<row3>	-0.0487 1.1689 1.7348 1.0000	</row3>
				</transform>
			</node>
			<node>
				<identifier>	MP_CM051_Fire_Fighting_Gear	</identifier>
				<transform>
					<row0>	0.0000 1.0000 0.0000 0.0000	</row0>
					<row1>	-0.8846 0.0000 -0.4663 0.0000	</row1>
					<row2>	-0.4663 0.0000 0.8846 0.0000	</row2>
					<row3>	-0.2693 0.5449 2.7778 1.0000	</row3>
				</transform>
			</node>
			<node>
				<identifier>	MP_CM092_Siren	</identifier>
				<transform>
					<row0>	1.7844 0.0000 0.0000 0.0000	</row0>
					<row1>	0.0000 1.7844 0.0000 0.0000	</row1>
					<row2>	0.0000 0.0000 1.7844 0.0000	</row2>
					<row3>	0.0786 1.6091 0.5745 1.0000	</row3>
				</transform>
			</node>
			<node>
				<identifier>	MP_CM109_Leadsman_Platform	</identifier>
				<transform>
					<row0>	-0.0013 -0.9999 0.0167 0.0000	</row0>
					<row1>	-0.9969 0.0000 -0.0781 0.0000	</row1>
					<row2>	0.0781 -0.0168 -0.9968 0.0000	</row2>
					<row3>	0.4655 0.3680 4.0010 1.0000	</row3>
				</transform>
			</node>
			<node>
				<identifier>	MP_CM109_Leadsman_Platform_INDEX_1	</identifier>
				<transform>
					<row0>	0.0013 -0.9999 0.0167 0.0000	</row0>
					<row1>	0.9969 0.0000 -0.0781 0.0000	</row1>
					<row2>	0.0781 0.0168 0.9968 0.0000	</row2>
					<row3>	-0.4655 0.3680 4.0010 1.0000	</row3>
				</transform>
			</node>
			<node>
				<identifier>	MP_CM742_Fire_Fighting_Gear_HW19	</identifier>
				<transform>
					<row0>	0.0000 0.0000 -1.0000 0.0000	</row0>
					<row1>	0.0000 1.0000 0.0000 0.0000	</row1>
					<row2>	1.0000 0.0000 0.0000 0.0000	</row2>
					<row3>	-0.2603 0.3351 0.5308 1.0000	</row3>
				</transform>
			</node>
			<node>
				<identifier>	MP_CM742_Fire_Fighting_Gear_HW19_INDEX_1	</identifier>
				<transform>
					<row0>	0.0000 0.0000 1.0000 0.0000	</row0>
					<row1>	0.0000 1.0000 0.0000 0.0000	</row1>
					<row2>	-1.0000 0.0000 0.0000 0.0000	</row2>
					<row3>	0.2603 0.3351 0.5308 1.0000	</row3>
				</transform>
			</node>
			<node>
				<identifier>	MP_HM004_Loudspeaker	</identifier>
				<transform>
					<row0>	0.0000 0.0000 -1.0000 0.0000	</row0>
					<row1>	0.0000 1.0000 0.0000 0.0000	</row1>
					<row2>	1.0000 0.0000 0.0000 0.0000	</row2>
					<row3>	0.2715 0.6605 1.9024 1.0000	</row3>
				</transform>
			</node>
			<node>
				<identifier>	MP_HM004_Loudspeaker_INDEX_1	</identifier>
				<transform>
					<row0>	0.7948 0.0000 0.6069 0.0000	</row0>
					<row1>	0.0000 1.0000 0.0000 0.0000	</row1>
					<row2>	-0.6069 0.0000 0.7948 0.0000	</row2>
					<row3>	-0.2923 0.4961 3.6976 1.0000	</row3>
				</transform>
			</node>
			<node>
				<identifier>	MP_HM004_Loudspeaker_INDEX_10	</identifier>
				<transform>
					<row0>	0.0000 -1.0000 0.0000 0.0000	</row0>
					<row1>	-1.0000 0.0000 0.0000 0.0000	</row1>
					<row2>	0.0000 0.0000 -1.0000 0.0000	</row2>
					<row3>	-0.4466 0.4894 1.9537 1.0000	</row3>
				</transform>
			</node>
			<node>
				<identifier>	MP_HM004_Loudspeaker_INDEX_11	</identifier>
				<transform>
					<row0>	-1.0000 0.0000 0.0000 0.0000	</row0>
					<row1>	0.0000 0.9833 0.1819 0.0000	</row1>
					<row2>	0.0000 0.1819 -0.9833 0.0000	</row2>
					<row3>	0.1548 1.1662 1.8292 1.0000	</row3>
				</transform>
			</node>
			<node>
				<identifier>	MP_HM004_Loudspeaker_INDEX_12	</identifier>
				<transform>
					<row0>	-1.0000 0.0000 0.0000 0.0000	</row0>
					<row1>	0.0000 0.9840 0.1779 0.0000	</row1>
					<row2>	0.0000 0.1779 -0.9840 0.0000	</row2>
					<row3>	-0.1013 1.1608 1.8284 1.0000	</row3>
				</transform>
			</node>
			<node>
				<identifier>	MP_HM004_Loudspeaker_INDEX_13	</identifier>
				<transform>
					<row0>	-0.1093 0.0000 -0.9940 0.0000	</row0>
					<row1>	0.0000 1.0000 0.0000 0.0000	</row1>
					<row2>	0.9940 0.0000 -0.1093 0.0000	</row2>
					<row3>	0.2556 0.9493 1.1093 1.0000	</row3>
				</transform>
			</node>
			<node>
				<identifier>	MP_HM004_Loudspeaker_INDEX_14	</identifier>
				<transform>
					<row0>	0.0000 0.0000 1.0000 0.0000	</row0>
					<row1>	0.0000 1.0000 0.0000 0.0000	</row1>
					<row2>	-1.0000 0.0000 0.0000 0.0000	</row2>
					<row3>	-0.2716 0.8093 1.5648 1.0000	</row3>
				</transform>
			</node>
			<node>
				<identifier>	MP_HM004_Loudspeaker_INDEX_15	</identifier>
				<transform>
					<row0>	0.0000 -1.0000 0.0000 0.0000	</row0>
					<row1>	-1.0000 0.0000 0.0000 0.0000	</row1>
					<row2>	0.0000 0.0000 -1.0000 0.0000	</row2>
					<row3>	-0.3980 0.5042 3.4028 1.0000	</row3>
				</transform>
			</node>
			<node>
				<identifier>	MP_HM004_Loudspeaker_INDEX_16	</identifier>
				<transform>
					<row0>	0.0000 0.0000 -1.0000 0.0000	</row0>
					<row1>	0.0000 1.0000 0.0000 0.0000	</row1>
					<row2>	1.0000 0.0000 0.0000 0.0000	</row2>
					<row3>	0.2716 0.8093 1.5234 1.0000	</row3>
				</transform>
			</node>
			<node>
				<identifier>	MP_HM004_Loudspeaker_INDEX_17	</identifier>
				<transform>
					<row0>	0.9734 0.0000 0.2293 0.0000	</row0>
					<row1>	0.0000 1.0000 0.0000 0.0000	</row1>
					<row2>	-0.2293 0.0000 0.9734 0.0000	</row2>
					<row3>	-0.1669 0.5060 3.7480 1.0000	</row3>
				</transform>
			</node>
			<node>
				<identifier>	MP_HM004_Loudspeaker_INDEX_18	</identifier>
				<transform>
					<row0>	-1.0000 0.0000 0.0000 0.0000	</row0>
					<row1>	0.0000 0.9713 -0.2377 0.0000	</row1>
					<row2>	0.0000 -0.2377 -0.9713 0.0000	</row2>
					<row3>	0.0000 1.1985 0.4011 1.0000	</row3>
				</transform>
			</node>
			<node>
				<identifier>	MP_HM004_Loudspeaker_INDEX_2	</identifier>
				<transform>
					<row0>	-0.1093 0.0000 0.9940 0.0000	</row0>
					<row1>	0.0000 1.0000 0.0000 0.0000	</row1>
					<row2>	-0.9940 0.0000 -0.1093 0.0000	</row2>
					<row3>	-0.2556 0.9493 1.1093 1.0000	</row3>
				</transform>
			</node>
			<node>
				<identifier>	MP_HM004_Loudspeaker_INDEX_3	</identifier>
				<transform>
					<row0>	-0.9101 0.0000 -0.4144 0.0000	</row0>
					<row1>	0.0000 1.0000 0.0000 0.0000	</row1>
					<row2>	0.4144 0.0000 -0.9101 0.0000	</row2>
					<row3>	-0.1079 0.6786 0.5631 1.0000	</row3>
				</transform>
			</node>
			<node>
				<identifier>	MP_HM004_Loudspeaker_INDEX_4	</identifier>
				<transform>
					<row0>	-1.0000 0.0000 0.0083 0.0000	</row0>
					<row1>	0.0000 -1.0000 0.0000 0.0000	</row1>
					<row2>	0.0083 0.0000 1.0000 0.0000	</row2>
					<row3>	0.1324 0.6393 2.8666 1.0000	</row3>
				</transform>
			</node>
			<node>
				<identifier>	MP_HM004_Loudspeaker_INDEX_5	</identifier>
				<transform>
					<row0>	-1.0000 0.0000 0.0000 0.0000	</row0>
					<row1>	0.0000 1.0000 0.0000 0.0000	</row1>
					<row2>	0.0000 0.0000 -1.0000 0.0000	</row2>
					<row3>	0.0000 0.8568 0.4415 1.0000	</row3>
				</transform>
			</node>
			<node>
				<identifier>	MP_HM004_Loudspeaker_INDEX_6	</identifier>
				<transform>
					<row0>	0.0000 0.0000 1.0000 0.0000	</row0>
					<row1>	0.0000 1.0000 0.0000 0.0000	</row1>
					<row2>	-1.0000 0.0000 0.0000 0.0000	</row2>
					<row3>	-0.2715 0.6605 1.9024 1.0000	</row3>
				</transform>
			</node>
			<node>
				<identifier>	MP_HM004_Loudspeaker_INDEX_7	</identifier>
				<transform>
					<row0>	0.9380 0.0000 -0.3466 0.0000	</row0>
					<row1>	0.0000 1.0000 0.0000 0.0000	</row1>
					<row2>	0.3466 0.0000 0.9380 0.0000	</row2>
					<row3>	0.2294 0.4961 3.7281 1.0000	</row3>
				</transform>
			</node>
			<node>
				<identifier>	MP_HM004_Loudspeaker_INDEX_8	</identifier>
				<transform>
					<row0>	0.0000 1.0000 0.0000 0.0000	</row0>
					<row1>	1.0000 0.0000 0.0000 0.0000	</row1>
					<row2>	0.0000 0.0000 -1.0000 0.0000	</row2>
					<row3>	0.3980 0.5042 3.4028 1.0000	</row3>
				</transform>
			</node>
			<node>
				<identifier>	MP_HM004_Loudspeaker_INDEX_9	</identifier>
				<transform>
					<row0>	0.0000 1.0000 0.0000 0.0000	</row0>
					<row1>	1.0000 0.0000 0.0000 0.0000	</row1>
					<row2>	0.0000 0.0000 -1.0000 0.0000	</row2>
					<row3>	0.4466 0.4894 1.9537 1.0000	</row3>
				</transform>
			</node>
			<node>
				<identifier>	MP_HM006_Flagbox	</identifier>
				<transform>
					<row0>	-0.0716 0.0000 -1.0125 0.0000	</row0>
					<row1>	0.0000 1.0824 0.0000 0.0000	</row1>
					<row2>	1.0125 0.0000 -0.0716 0.0000	</row2>
					<row3>	-0.3052 1.0775 0.6557 1.0000	</row3>
				</transform>
			</node>
			<node>
				<identifier>	MP_HM006_Flagbox_INDEX_1	</identifier>
				<transform>
					<row0>	0.0716 0.0000 -1.0125 0.0000	</row0>
					<row1>	0.0000 1.0824 0.0000 0.0000	</row1>
					<row2>	1.0125 0.0000 0.0716 0.0000	</row2>
					<row3>	0.3052 1.0775 0.6557 1.0000	</row3>
				</transform>
			</node>
			<node>
				<identifier>	MP_HM006_Flagbox_INDEX_2	</identifier>
				<transform>
					<row0>	-0.0716 0.0000 -1.0125 0.0000	</row0>
					<row1>	0.0000 1.0824 0.0000 0.0000	</row1>
					<row2>	1.0125 0.0000 -0.0716 0.0000	</row2>
					<row3>	-0.1722 1.0963 0.6463 1.0000	</row3>
				</transform>
			</node>
			<node>
				<identifier>	MP_HM006_Flagbox_INDEX_3	</identifier>
				<transform>
					<row0>	0.0716 0.0000 -1.0125 0.0000	</row0>
					<row1>	0.0000 1.0824 0.0000 0.0000	</row1>
					<row2>	1.0125 0.0000 0.0716 0.0000	</row2>
					<row3>	0.1722 1.0963 0.6463 1.0000	</row3>
				</transform>
			</node>
			<node>
				<identifier>	MP_HM007_Lifebuoy	</identifier>
				<transform>
					<row0>	-0.0564 0.0000 0.9984 0.0000	</row0>
					<row1>	0.0000 1.0000 0.0000 0.0000	</row1>
					<row2>	-0.9984 0.0000 -0.0564 0.0000	</row2>
					<row3>	0.4920 0.4129 3.4557 1.0000	</row3>
				</transform>
			</node>
			<node>
				<identifier>	MP_HM007_Lifebuoy_INDEX_1	</identifier>
				<transform>
					<row0>	-0.0262 0.0000 0.9997 0.0000	</row0>
					<row1>	0.0000 1.0000 0.0000 0.0000	</row1>
					<row2>	-0.9997 0.0000 -0.0262 0.0000	</row2>
					<row3>	0.5343 0.3980 2.4047 1.0000	</row3>
				</transform>
			</node>
			<node>
				<identifier>	MP_HM007_Lifebuoy_INDEX_2	</identifier>
				<transform>
					<row0>	-0.0564 0.0000 -0.9984 0.0000	</row0>
					<row1>	0.0000 1.0000 0.0000 0.0000	</row1>
					<row2>	0.9984 0.0000 -0.0564 0.0000	</row2>
					<row3>	-0.4920 0.4129 3.4557 1.0000	</row3>
				</transform>
			</node>
			<node>
				<identifier>	MP_HM007_Lifebuoy_INDEX_3	</identifier>
				<transform>
					<row0>	-0.0262 0.0000 -0.9997 0.0000	</row0>
					<row1>	0.0000 1.0000 0.0000 0.0000	</row1>
					<row2>	0.9997 0.0000 -0.0262 0.0000	</row2>
					<row3>	-0.5343 0.3980 2.4047 1.0000	</row3>
				</transform>
			</node>
			<node>
				<identifier>	MP_HM007_Lifebuoy_INDEX_4	</identifier>
				<transform>
					<row0>	-0.1091 0.0000 -0.9940 0.0000	</row0>
					<row1>	0.0000 1.0000 0.0000 0.0000	</row1>
					<row2>	0.9940 0.0000 -0.1091 0.0000	</row2>
					<row3>	-0.3935 0.4336 4.6500 1.0000	</row3>
				</transform>
			</node>
			<node>
				<identifier>	MP_HM007_Lifebuoy_INDEX_5	</identifier>
				<transform>
					<row0>	-0.1091 0.0000 0.9940 0.0000	</row0>
					<row1>	0.0000 1.0000 0.0000 0.0000	</row1>
					<row2>	-0.9940 0.0000 -0.1091 0.0000	</row2>
					<row3>	0.3935 0.4336 4.6500 1.0000	</row3>
				</transform>
			</node>
			<node>
				<identifier>	MP_HM009_Antenna_FM_15	</identifier>
				<transform>
					<row0>	1.0000 0.0000 0.0000 0.0000	</row0>
					<row1>	0.0000 1.0000 0.0000 0.0000	</row1>
					<row2>	0.0000 0.0000 1.0000 0.0000	</row2>
					<row3>	-0.0031 1.1628 1.9633 1.0000	</row3>
				</transform>
			</node>
			<node>
				<identifier>	MP_HM017_Paravane	</identifier>
				<transform>
					<row0>	0.0000 0.8721 -0.0763 0.0000	</row0>
					<row1>	-0.8754 0.0000 0.0000 0.0000	</row1>
					<row2>	0.0000 0.0763 0.8721 0.0000	</row2>
					<row3>	0.3980 0.5716 2.2714 1.0000	</row3>
				</transform>
			</node>
			<node>
				<identifier>	MP_HM017_Paravane_INDEX_1	</identifier>
				<transform>
					<row0>	0.0000 -0.8721 0.0763 0.0000	</row0>
					<row1>	0.8754 0.0000 0.0000 0.0000	</row1>
					<row2>	0.0000 0.0763 0.8721 0.0000	</row2>
					<row3>	-0.3980 0.5716 2.2714 1.0000	</row3>
				</transform>
			</node>
			<node>
				<identifier>	MP_HM036_Crest_De_Zeven	</identifier>
				<transform>
					<row0>	0.6341 0.0000 0.7732 0.0000	</row0>
					<row1>	0.0000 1.0000 0.0000 0.0000	</row1>
					<row2>	-0.7732 0.0000 0.6341 0.0000	</row2>
					<row3>	-0.1922 1.0380 2.0779 1.0000	</row3>
				</transform>
			</node>
			<node>
				<identifier>	MP_HM036_Crest_De_Zeven_INDEX_1	</identifier>
				<transform>
					<row0>	0.6341 0.0000 -0.7732 0.0000	</row0>
					<row1>	0.0000 1.0000 0.0000 0.0000	</row1>
					<row2>	0.7732 0.0000 0.6341 0.0000	</row2>
					<row3>	0.1922 1.0380 2.0779 1.0000	</row3>
				</transform>
			</node>
			<node>
				<identifier>	MP_HM500_Motorboat_25ft	</identifier>
				<transform>
					<row0>	1.0000 0.0000 0.0000 0.0000	</row0>
					<row1>	0.0000 1.0000 0.0000 0.0000	</row1>
					<row2>	0.0000 0.0000 1.0000 0.0000	</row2>
					<row3>	-0.2095 0.5789 0.3600 1.0000	</row3>
				</transform>
			</node>
			<node>
				<identifier>	MP_HM501_Whaleboat_27ft	</identifier>
				<transform>
					<row0>	0.9879 0.0000 0.0000 0.0000	</row0>
					<row1>	0.0000 1.0000 0.0000 0.0000	</row1>
					<row2>	0.0000 0.0000 1.0000 0.0000	</row2>
					<row3>	0.2436 0.5313 0.3523 1.0000	</row3>
				</transform>
			</node>
			<node>
				<identifier>	MP_HM501_Whaleboat_27ft_INDEX_1	</identifier>
				<transform>
					<row0>	1.0000 0.0000 0.0000 0.0000	</row0>
					<row1>	0.0000 1.0000 0.0000 0.0000	</row1>
					<row2>	0.0000 0.0000 1.0000 0.0000	</row2>
					<row3>	0.2436 0.6295 0.3523 1.0000	</row3>
				</transform>
			</node>
			<node>
				<identifier>	MP_HM502_Life_Boat	</identifier>
				<transform>
					<row0>	0.1607 0.0000 0.9870 0.0000	</row0>
					<row1>	0.9870 0.0000 -0.1607 0.0000	</row1>
					<row2>	0.0000 1.0000 0.0000 0.0000	</row2>
					<row3>	0.3302 0.5680 1.1353 1.0000	</row3>
				</transform>
			</node>
			<node>
				<identifier>	MP_HM502_Life_Boat_INDEX_1	</identifier>
				<transform>
					<row0>	0.2205 0.0000 0.9754 0.0000	</row0>
					<row1>	0.9754 0.0000 -0.2205 0.0000	</row1>
					<row2>	0.0000 1.0000 0.0000 0.0000	</row2>
					<row3>	0.3689 0.5680 1.3472 1.0000	</row3>
				</transform>
			</node>
			<node>
				<identifier>	MP_HM502_Life_Boat_INDEX_2	</identifier>
				<transform>
					<row0>	0.2814 0.0000 0.9596 0.0000	</row0>
					<row1>	0.0000 1.0000 0.0000 0.0000	</row1>
					<row2>	-0.9596 0.0000 0.2814 0.0000	</row2>
					<row3>	-0.1432 0.8434 2.2436 1.0000	</row3>
				</transform>
			</node>
			<node>
				<identifier>	MP_HM502_Life_Boat_INDEX_3	</identifier>
				<transform>
					<row0>	0.1607 0.0000 -0.9870 0.0000	</row0>
					<row1>	-0.9870 0.0000 -0.1607 0.0000	</row1>
					<row2>	0.0000 1.0000 0.0000 0.0000	</row2>
					<row3>	-0.2985 0.5680 0.9423 1.0000	</row3>
				</transform>
			</node>
			<node>
				<identifier>	MP_HM502_Life_Boat_INDEX_4	</identifier>
				<transform>
					<row0>	0.2205 0.0000 -0.9754 0.0000	</row0>
					<row1>	-0.9754 0.0000 -0.2205 0.0000	</row1>
					<row2>	0.0000 1.0000 0.0000 0.0000	</row2>
					<row3>	-0.3689 0.5680 1.3472 1.0000	</row3>
				</transform>
			</node>
			<node>
				<identifier>	MP_HM502_Life_Boat_INDEX_5	</identifier>
				<transform>
					<row0>	0.1607 0.0000 0.9870 0.0000	</row0>
					<row1>	0.9870 0.0000 -0.1607 0.0000	</row1>
					<row2>	0.0000 1.0000 0.0000 0.0000	</row2>
					<row3>	0.2985 0.5680 0.9423 1.0000	</row3>
				</transform>
			</node>
			<node>
				<identifier>	MP_HM502_Life_Boat_INDEX_6	</identifier>
				<transform>
					<row0>	0.2814 0.0000 -0.9596 0.0000	</row0>
					<row1>	0.0000 1.0000 0.0000 0.0000	</row1>
					<row2>	0.9596 0.0000 0.2814 0.0000	</row2>
					<row3>	0.1432 0.8434 2.2436 1.0000	</row3>
				</transform>
			</node>
			<node>
				<identifier>	MP_HM509_Vlet_E_16ft_5m	</identifier>
				<transform>
					<row0>	1.0000 0.0000 0.0000 0.0000	</row0>
					<row1>	0.0000 0.9996 0.0291 0.0000	</row1>
					<row2>	0.0000 -0.0291 0.9996 0.0000	</row2>
					<row3>	-0.0470 0.6053 0.2111 1.0000	</row3>
				</transform>
			</node>
			<node>
				<identifier>	MP_HM510_Motorjol_19ft_6_1m	</identifier>
				<transform>
					<row0>	1.0000 0.0000 0.0000 0.0000	</row0>
					<row1>	0.0000 1.0000 0.0023 0.0000	</row1>
					<row2>	0.0000 -0.0023 1.0000 0.0000	</row2>
					<row3>	-0.4734 0.4904 1.0442 1.0000	</row3>
				</transform>
			</node>
			<node>
				<identifier>	MP_HM511_Commandantssloep_30_5ft_9_3_m	</identifier>
				<transform>
					<row0>	1.0000 0.0000 0.0000 0.0000	</row0>
					<row1>	0.0000 0.9974 0.0727 0.0000	</row1>
					<row2>	0.0000 -0.0727 0.9974 0.0000	</row2>
					<row3>	0.4504 0.4070 1.0662 1.0000	</row3>
				</transform>
			</node>
			<node>
				<identifier>	MP_HM513_Landingsschouw_36ft_11_3m	</identifier>
				<transform>
					<row0>	1.0000 0.0000 0.0000 0.0000	</row0>
					<row1>	0.0000 1.0000 0.0000 0.0000	</row1>
					<row2>	0.0000 0.0000 1.0000 0.0000	</row2>
					<row3>	0.4427 0.3287 0.3559 1.0000	</row3>
				</transform>
			</node>
			<node>
				<identifier>	MP_HM513_Landingsschouw_36ft_11_3m_INDEX_1	</identifier>
				<transform>
					<row0>	1.0000 0.0000 0.0000 0.0000	</row0>
					<row1>	0.0000 1.0000 0.0000 0.0000	</row1>
					<row2>	0.0000 0.0000 1.0000 0.0000	</row2>
					<row3>	-0.4427 0.3287 0.3559 1.0000	</row3>
				</transform>
			</node>
			<node>
				<identifier>	MP_HM528_Life_boat_2	</identifier>
				<transform>
					<row0>	0.0000 -1.0000 0.0000 0.0000	</row0>
					<row1>	0.0000 0.0000 1.0000 0.0000	</row1>
					<row2>	-1.0000 0.0000 0.0000 0.0000	</row2>
					<row3>	0.0000 1.2728 0.8548 1.0000	</row3>
				</transform>
			</node>
			<node>
				<identifier>	MP_HM528_Life_boat_2_INDEX_1	</identifier>
				<transform>
					<row0>	0.1098 0.0000 0.9940 0.0000	</row0>
					<row1>	0.9940 0.0000 -0.1098 0.0000	</row1>
					<row2>	0.0000 1.0000 0.0000 0.0000	</row2>
					<row3>	0.2598 0.6929 1.1438 1.0000	</row3>
				</transform>
			</node>
			<node>
				<identifier>	MP_HM528_Life_boat_2_INDEX_2	</identifier>
				<transform>
					<row0>	0.2019 0.0000 -0.9794 0.0000	</row0>
					<row1>	-0.9794 0.0000 -0.2019 0.0000	</row1>
					<row2>	0.0000 1.0000 0.0000 0.0000	</row2>
					<row3>	-0.2295 0.7294 0.9528 1.0000	</row3>
				</transform>
			</node>
			<node>
				<identifier>	MP_HM528_Life_boat_2_INDEX_3	</identifier>
				<transform>
					<row0>	0.1098 0.0000 -0.9940 0.0000	</row0>
					<row1>	-0.9940 0.0000 -0.1098 0.0000	</row1>
					<row2>	0.0000 1.0000 0.0000 0.0000	</row2>
					<row3>	-0.2598 0.6929 1.1438 1.0000	</row3>
				</transform>
			</node>
			<node>
				<identifier>	MP_HM528_Life_boat_2_INDEX_4	</identifier>
				<transform>
					<row0>	0.2019 0.0000 0.9794 0.0000	</row0>
					<row1>	0.9794 0.0000 -0.2019 0.0000	</row1>
					<row2>	0.0000 1.0000 0.0000 0.0000	</row2>
					<row3>	0.2295 0.7294 0.9528 1.0000	</row3>
				</transform>
			</node>
			<node>
				<identifier>	MP_HM600_Binocular	</identifier>
				<transform>
					<row0>	0.0000 0.0000 -1.0000 0.0000	</row0>
					<row1>	0.0000 1.0000 0.0000 0.0000	</row1>
					<row2>	1.0000 0.0000 0.0000 0.0000	</row2>
					<row3>	-0.3195 1.0047 1.7037 1.0000	</row3>
				</transform>
			</node>
			<node>
				<identifier>	MP_HM600_Binocular_INDEX_1	</identifier>
				<transform>
					<row0>	0.2588 0.0000 0.9659 0.0000	</row0>
					<row1>	0.0000 1.0000 0.0000 0.0000	</row1>
					<row2>	-0.9659 0.0000 0.2588 0.0000	</row2>
					<row3>	0.3167 1.0047 1.6158 1.0000	</row3>
				</transform>
			</node>
			<node>
				<identifier>	MP_HM600_Binocular_INDEX_2	</identifier>
				<transform>
					<row0>	0.2588 0.0000 -0.9659 0.0000	</row0>
					<row1>	0.0000 1.0000 0.0000 0.0000	</row1>
					<row2>	0.9659 0.0000 0.2588 0.0000	</row2>
					<row3>	-0.3167 1.0047 1.6158 1.0000	</row3>
				</transform>
			</node>
			<node>
				<identifier>	MP_HM600_Binocular_INDEX_3	</identifier>
				<transform>
					<row0>	0.0000 0.0000 1.0000 0.0000	</row0>
					<row1>	0.0000 1.0000 0.0000 0.0000	</row1>
					<row2>	-1.0000 0.0000 0.0000 0.0000	</row2>
					<row3>	0.3195 1.0047 1.7037 1.0000	</row3>
				</transform>
			</node>
			<node>
				<identifier>	MP_HM612_Voice_Tube	</identifier>
				<transform>
					<row0>	1.0000 0.0000 0.0000 0.0000	</row0>
					<row1>	0.0000 1.0000 0.0000 0.0000	</row1>
					<row2>	0.0000 0.0000 1.0000 0.0000	</row2>
					<row3>	0.0262 1.1264 1.6388 1.0000	</row3>
				</transform>
			</node>
			<node>
				<identifier>	MP_HM753_Hatch	</identifier>
				<transform>
					<row0>	1.0000 0.0000 0.0000 0.0000	</row0>
					<row1>	0.0000 1.0000 0.0000 0.0000	</row1>
					<row2>	0.0000 0.0000 1.0000 0.0000	</row2>
					<row3>	0.0000 0.5153 2.9095 1.0000	</row3>
				</transform>
			</node>
			<node>
				<identifier>	MP_HM753_Hatch_INDEX_1	</identifier>
				<transform>
					<row0>	0.0000 0.0000 -1.0000 0.0000	</row0>
					<row1>	0.0000 1.0000 0.0000 0.0000	</row1>
					<row2>	1.0000 0.0000 0.0000 0.0000	</row2>
					<row3>	0.0000 0.3676 4.6029 1.0000	</row3>
				</transform>
			</node>
			<node>
				<identifier>	MP_HM753_Hatch_INDEX_2	</identifier>
				<transform>
					<row0>	0.0000 0.0000 -1.0000 0.0000	</row0>
					<row1>	0.0000 1.0000 0.0000 0.0000	</row1>
					<row2>	1.0000 0.0000 0.0000 0.0000	</row2>
					<row3>	0.0000 0.5162 3.0782 1.0000	</row3>
				</transform>
			</node>
			<node>
				<identifier>	MP_HM753_Hatch_INDEX_3	</identifier>
				<transform>
					<row0>	0.0000 0.0000 -1.0000 0.0000	</row0>
					<row1>	0.0000 1.0000 0.0000 0.0000	</row1>
					<row2>	1.0000 0.0000 0.0000 0.0000	</row2>
					<row3>	0.0000 0.3583 3.9785 1.0000	</row3>
				</transform>
			</node>
			<node>
				<identifier>	MP_HM753_Hatch_INDEX_4	</identifier>
				<transform>
					<row0>	-0.8428 0.0000 0.0000 0.0000	</row0>
					<row1>	0.0000 0.8428 0.0000 0.0000	</row1>
					<row2>	0.0000 0.0000 -0.8428 0.0000	</row2>
					<row3>	0.0858 1.0859 1.6815 1.0000	</row3>
				</transform>
			</node>
			<node>
				<identifier>	MP_HM850_Signal_light_10in	</identifier>
				<transform>
					<row0>	0.0000 0.0000 -1.0000 0.0000	</row0>
					<row1>	0.0000 1.0000 0.0000 0.0000	</row1>
					<row2>	1.0000 0.0000 0.0000 0.0000	</row2>
					<row3>	-0.4092 1.1150 0.7910 1.0000	</row3>
				</transform>
			</node>
			<node>
				<identifier>	MP_HM850_Signal_light_10in_INDEX_1	</identifier>
				<transform>
					<row0>	0.0000 0.0000 -1.0000 0.0000	</row0>
					<row1>	0.0000 1.0000 0.0000 0.0000	</row1>
					<row2>	1.0000 0.0000 0.0000 0.0000	</row2>
					<row3>	-0.4074 1.1150 0.6674 1.0000	</row3>
				</transform>
			</node>
			<node>
				<identifier>	MP_HM850_Signal_light_10in_INDEX_2	</identifier>
				<transform>
					<row0>	0.0000 0.0000 1.0000 0.0000	</row0>
					<row1>	0.0000 1.0000 0.0000 0.0000	</row1>
					<row2>	-1.0000 0.0000 0.0000 0.0000	</row2>
					<row3>	0.4074 1.1150 0.6674 1.0000	</row3>
				</transform>
			</node>
			<node>
				<identifier>	MP_HM850_Signal_light_10in_INDEX_3	</identifier>
				<transform>
					<row0>	-0.6428 0.0000 -0.7660 0.0000	</row0>
					<row1>	0.0000 1.0000 0.0000 0.0000	</row1>
					<row2>	0.7660 0.0000 -0.6428 0.0000	</row2>
					<row3>	-0.1835 1.2845 1.0345 1.0000	</row3>
				</transform>
			</node>
			<node>
				<identifier>	MP_HM850_Signal_light_10in_INDEX_4	</identifier>
				<transform>
					<row0>	0.0000 0.0000 1.0000 0.0000	</row0>
