<GSB018_Gneisenau_1944_Bow_ports.visual>
	<node>
		<identifier>	Scene Root	</identifier>
		<transform>
			<row0>	1.0000 0.0000 0.0000 0.0000	</row0>
			<row1>	0.0000 1.0000 0.0000 0.0000	</row1>
			<row2>	0.0000 0.0000 1.0000 0.0000	</row2>
			<row3>	0.0000 0.0000 0.0000 1.0000	</row3>
		</transform>
		<node>
			<identifier>	Bow_ports	</identifier>
			<transform>
				<row0>	1.0000 0.0000 0.0000 0.0000	</row0>
				<row1>	0.0000 1.0000 0.0000 0.0000	</row1>
				<row2>	0.0000 0.0000 1.0000 0.0000	</row2>
				<row3>	0.0000 0.0000 0.0000 1.0000	</row3>
			</transform>
			<node>
				<identifier>	HP_FX_Death_1	</identifier>
				<transform>
					<row0>	1.0000 0.0000 0.0000 0.0000	</row0>
					<row1>	0.0000 1.0000 0.0000 0.0000	</row1>
					<row2>	0.0000 0.0000 1.0000 0.0000	</row2>
					<row3>	0.0000 0.0000 4.4656 1.0000	</row3>
				</transform>
			</node>
			<node>
				<identifier>	HP_FX_Fire_1	</identifier>
				<transform>
					<row0>	1.0000 0.0000 0.0000 0.0000	</row0>
					<row1>	0.0000 1.0000 0.0000 0.0000	</row1>
					<row2>	0.0000 0.0000 1.0000 0.0000	</row2>
					<row3>	0.0000 0.3567 5.7384 1.0000	</row3>
				</transform>
			</node>
			<node>
				<identifier>	HP_FX_Flood_water_left_2	</identifier>
				<transform>
					<row0>	-0.9995 0.0306 0.0000 0.0000	</row0>
					<row1>	0.0306 0.9995 0.0000 0.0000	</row1>
					<row2>	0.0000 0.0000 -1.0000 0.0000	</row2>
					<row3>	-0.4764 0.0103 5.5606 1.0000	</row3>
				</transform>
			</node>
			<node>
				<identifier>	HP_FX_Flood_water_right_2	</identifier>
				<transform>
					<row0>	1.0000 0.0070 -0.0002 0.0000	</row0>
					<row1>	-0.0070 0.9997 -0.0222 0.0000	</row1>
					<row2>	0.0000 0.0222 0.9998 0.0000	</row2>
					<row3>	0.4758 0.0092 5.5616 1.0000	</row3>
				</transform>
			</node>
			<node>
				<identifier>	HP_FX_RepairLight_left_1	</identifier>
				<transform>
					<row0>	0.0953 0.0000 0.9954 0.0000	</row0>
					<row1>	-0.4000 0.9157 0.0383 0.0000	</row1>
					<row2>	-0.9116 -0.4018 0.0873 0.0000	</row2>
					<row3>	-0.7999 0.2880 3.7845 1.0000	</row3>
				</transform>
			</node>
			<node>
				<identifier>	HP_FX_RepairLight_right_1	</identifier>
				<transform>
					<row0>	0.1141 0.0000 -0.9935 0.0000	</row0>
					<row1>	0.3985 0.9160 0.0458 0.0000	</row1>
					<row2>	0.9100 -0.4011 0.1045 0.0000	</row2>
					<row3>	0.7165 0.2894 4.6201 1.0000	</row3>
				</transform>
			</node>
			<node>
				<identifier>	HP_FX_WakeTrace	</identifier>
				<transform>
					<row0>	1.0000 0.0000 0.0000 0.0000	</row0>
					<row1>	0.0000 1.0000 0.0000 0.0000	</row1>
					<row2>	0.0000 0.0000 1.0000 0.0000	</row2>
					<row3>	0.0000 0.0000 8.1050 1.0000	</row3>
				</transform>
			</node>
			<node>
				<identifier>	HP_GGA_1	</identifier>
				<transform>
					<row0>	0.7071 0.0000 0.7071 0.0000	</row0>
					<row1>	0.0000 1.0000 0.0000 0.0000	</row1>
					<row2>	-0.7071 0.0000 0.7071 0.0000	</row2>
					<row3>	-0.4295 0.3290 5.6842 1.0000	</row3>
				</transform>
			</node>
			<node>
				<identifier>	HP_GGA_2	</identifier>
				<transform>
					<row0>	0.7071 0.0000 -0.7071 0.0000	</row0>
					<row1>	0.0000 1.0000 0.0000 0.0000	</row1>
					<row2>	0.7071 0.0000 0.7071 0.0000	</row2>
					<row3>	0.4295 0.3290 5.6842 1.0000	</row3>
				</transform>
			</node>
			<node>
				<identifier>	HP_GGM_1	</identifier>
				<transform>
					<row0>	1.0000 0.0000 0.0000 0.0000	</row0>
					<row1>	0.0000 1.0000 0.0000 0.0000	</row1>
					<row2>	0.0000 0.0000 1.0000 0.0000	</row2>
					<row3>	0.0000 0.3638 4.0747 1.0000	</row3>
				</transform>
			</node>
			<node>
				<identifier>	HP_Ship_death_1	</identifier>
				<transform>
					<row0>	1.0000 0.0000 0.0000 0.0000	</row0>
					<row1>	0.0000 1.0000 0.0000 0.0000	</row1>
					<row2>	0.0000 0.0000 1.0000 0.0000	</row2>
					<row3>	0.0000 0.0000 3.2443 1.0000	</row3>
				</transform>
			</node>
			<node>
				<identifier>	MP_CM011_Fire_Fighting_Gear	</identifier>
				<transform>
					<row0>	-1.0000 0.0000 0.0000 0.0000	</row0>
					<row1>	0.0000 1.0000 0.0000 0.0000	</row1>
					<row2>	0.0000 0.0000 -1.0000 0.0000	</row2>
					<row3>	-0.0245 0.3691 6.7157 1.0000	</row3>
				</transform>
			</node>
			<node>
				<identifier>	MP_CM015_Bundle_1	</identifier>
				<transform>
					<row0>	1.0000 0.0000 0.0000 0.0000	</row0>
					<row1>	0.0000 0.9999 -0.0165 0.0000	</row1>
					<row2>	0.0000 0.0165 0.9999 0.0000	</row2>
					<row3>	-0.0420 0.3098 5.0135 1.0000	</row3>
				</transform>
			</node>
			<node>
				<identifier>	MP_CM109_Leadsman_Platform	</identifier>
				<transform>
					<row0>	0.9748 0.0184 0.2224 0.0000	</row0>
					<row1>	0.0006 0.9964 -0.0851 0.0000	</row1>
					<row2>	-0.2232 0.0831 0.9712 0.0000	</row2>
					<row3>	0.2035 0.4473 7.8850 1.0000	</row3>
				</transform>
			</node>
			<node>
				<identifier>	MP_CM109_Leadsman_Platform_INDEX_1	</identifier>
				<transform>
					<row0>	-0.9754 0.0185 0.2198 0.0000	</row0>
					<row1>	-0.0008 0.9962 -0.0870 0.0000	</row1>
					<row2>	-0.2206 -0.0850 -0.9717 0.0000	</row2>
					<row3>	-0.2034 0.4473 7.8850 1.0000	</row3>
				</transform>
			</node>
			<node>
				<identifier>	MP_GM007_LifeBuoy	</identifier>
				<transform>
					<row0>	0.9903 0.0000 -0.1388 0.0000	</row0>
					<row1>	0.0000 1.0000 0.0000 0.0000	</row1>
					<row2>	0.1388 0.0000 0.9903 0.0000	</row2>
					<row3>	-0.5745 0.3773 5.7993 1.0000	</row3>
				</transform>
			</node>
			<node>
				<identifier>	MP_GM007_LifeBuoy_INDEX_1	</identifier>
				<transform>
					<row0>	0.9948 0.0000 0.1021 0.0000	</row0>
					<row1>	0.0000 1.0000 0.0000 0.0000	</row1>
					<row2>	-0.1021 0.0000 0.9948 0.0000	</row2>
					<row3>	0.7422 0.3446 4.4257 1.0000	</row3>
				</transform>
			</node>
			<node>
				<identifier>	MP_GM007_LifeBuoy_INDEX_2	</identifier>
				<transform>
					<row0>	0.9948 0.0000 -0.1021 0.0000	</row0>
					<row1>	0.0000 1.0000 0.0000 0.0000	</row1>
					<row2>	0.1021 0.0000 0.9948 0.0000	</row2>
					<row3>	-0.7418 0.3446 4.4257 1.0000	</row3>
				</transform>
			</node>
			<node>
				<identifier>	MP_GM007_LifeBuoy_INDEX_3	</identifier>
				<transform>
					<row0>	0.9903 0.0000 0.1388 0.0000	</row0>
					<row1>	0.0000 1.0000 0.0000 0.0000	</row1>
					<row2>	-0.1388 0.0000 0.9903 0.0000	</row2>
					<row3>	0.5749 0.3773 5.7993 1.0000	</row3>
				</transform>
			</node>
			<node>
				<identifier>	MP_GM016_Sleeve	</identifier>
				<transform>
					<row0>	1.0000 0.0000 0.0000 0.0000	</row0>
					<row1>	0.0000 0.9990 -0.0447 0.0000	</row1>
					<row2>	0.0000 0.0447 0.9990 0.0000	</row2>
					<row3>	0.0134 0.3931 6.7068 1.0000	</row3>
				</transform>
			</node>
			<node>
				<identifier>	MP_GM065_Firelead	</identifier>
				<transform>
					<row0>	0.6817 -0.0087 -0.1589 0.0000	</row0>
					<row1>	-0.0092 0.6957 -0.0772 0.0000	</row1>
					<row2>	0.1589 0.0773 0.6773 0.0000	</row2>
					<row3>	-0.1075 0.4816 8.2356 1.0000	</row3>
				</transform>
			</node>
			<node>
				<identifier>	MP_GM065_Firelead_INDEX_1	</identifier>
				<transform>
					<row0>	0.6817 0.0087 0.1589 0.0000	</row0>
					<row1>	0.0092 0.6957 -0.0772 0.0000	</row1>
					<row2>	-0.1589 0.0773 0.6773 0.0000	</row2>
					<row3>	0.1075 0.4816 8.2356 1.0000	</row3>
				</transform>
			</node>
			<node>
				<identifier>	MP_GM700_AmmoBox	</identifier>
				<transform>
					<row0>	0.8778 0.0069 0.4789 0.0000	</row0>
					<row1>	0.0000 0.9999 -0.0143 0.0000	</row1>
					<row2>	-0.4790 0.0125 0.8777 0.0000	</row2>
					<row3>	-0.1847 0.3101 5.0932 1.0000	</row3>
				</transform>
			</node>
			<node>
				<identifier>	MP_GM700_AmmoBox_INDEX_1	</identifier>
				<transform>
					<row0>	0.8778 0.0069 0.4789 0.0000	</row0>
					<row1>	0.0000 0.9999 -0.0143 0.0000	</row1>
					<row2>	-0.4790 0.0125 0.8777 0.0000	</row2>
					<row3>	-0.2616 0.3095 5.0512 1.0000	</row3>
				</transform>
			</node>
			<node>
				<identifier>	MP_GM700_AmmoBox_INDEX_2	</identifier>
				<transform>
					<row0>	0.8778 -0.0069 -0.4789 0.0000	</row0>
					<row1>	0.0000 0.9999 -0.0143 0.0000	</row1>
					<row2>	0.4790 0.0125 0.8777 0.0000	</row2>
					<row3>	0.1847 0.3101 5.0932 1.0000	</row3>
				</transform>
			</node>
			<node>
				<identifier>	MP_GM700_AmmoBox_INDEX_3	</identifier>
				<transform>
					<row0>	0.8778 -0.0069 -0.4789 0.0000	</row0>
					<row1>	0.0000 0.9999 -0.0143 0.0000	</row1>
					<row2>	0.4790 0.0125 0.8777 0.0000	</row2>
					<row3>	0.2616 0.3095 5.0512 1.0000	</row3>
				</transform>
			</node>
			<node>
				<identifier>	MP_GM856_Mastheadlight	</identifier>
				<transform>
					<row0>	-0.8000 0.0000 0.0000 0.0000	</row0>
					<row1>	0.0000 0.8000 0.0000 0.0000	</row1>
					<row2>	0.0000 0.0000 -0.8000 0.0000	</row2>
					<row3>	0.0000 0.7311 8.4794 1.0000	</row3>
				</transform>
			</node>
		</node>
	</node>
	<boundingBox>
		<min>	-0.0667 -0.0667 -0.0667	</min>
		<max>	0.0667 0.0667 0.0667	</max>
	</boundingBox>
</GSB018_Gneisenau_1944_Bow_ports.visual>
