<RSC037_Smolensk_1951_Stern_ports.visual>
	<node>
		<identifier>	Scene Root	</identifier>
		<transform>
			<row0>	1.0000 0.0000 0.0000 0.0000	</row0>
			<row1>	0.0000 1.0000 0.0000 0.0000	</row1>
			<row2>	0.0000 0.0000 1.0000 0.0000	</row2>
			<row3>	0.0000 0.0000 0.0000 1.0000	</row3>
		</transform>
		<node>
			<identifier>	Stern_ports	</identifier>
			<transform>
				<row0>	1.0000 0.0000 0.0000 0.0000	</row0>
				<row1>	0.0000 1.0000 0.0000 0.0000	</row1>
				<row2>	0.0000 0.0000 1.0000 0.0000	</row2>
				<row3>	0.0000 0.0000 0.0000 1.0000	</row3>
			</transform>
			<node>
				<identifier>	HP_FX_Death_3	</identifier>
				<transform>
					<row0>	1.0000 0.0000 0.0000 0.0000	</row0>
					<row1>	0.0000 1.0000 0.0000 0.0000	</row1>
					<row2>	0.0000 0.0000 1.0000 0.0000	</row2>
					<row3>	0.0000 0.0000 -3.5334 1.0000	</row3>
				</transform>
			</node>
			<node>
				<identifier>	HP_FX_Fire_4	</identifier>
				<transform>
					<row0>	1.0000 0.0000 0.0000 0.0000	</row0>
					<row1>	0.0000 1.0000 0.0000 0.0000	</row1>
					<row2>	0.0000 0.0000 1.0000 0.0000	</row2>
					<row3>	0.0000 0.2496 -4.7029 1.0000	</row3>
				</transform>
			</node>
			<node>
				<identifier>	HP_FX_Flood_steam_right	</identifier>
				<transform>
					<row0>	1.0000 0.0000 0.0000 0.0000	</row0>
					<row1>	0.0000 1.0000 0.0000 0.0000	</row1>
					<row2>	0.0000 0.0000 1.0000 0.0000	</row2>
					<row3>	0.5710 0.2090 -2.8410 1.0000	</row3>
				</transform>
			</node>
			<node>
				<identifier>	HP_FX_RepairLight_left_2	</identifier>
				<transform>
					<row0>	-0.0442 0.0000 0.9990 0.0000	</row0>
					<row1>	-0.0495 0.9988 -0.0022 0.0000	</row1>
					<row2>	-0.9978 -0.0495 -0.0441 0.0000	</row2>
					<row3>	-0.5271 0.2444 -3.0852 1.0000	</row3>
				</transform>
			</node>
			<node>
				<identifier>	HP_FX_RepairLight_right_1	</identifier>
				<transform>
					<row0>	-0.0442 0.0000 -0.9990 0.0000	</row0>
					<row1>	0.0495 0.9988 -0.0022 0.0000	</row1>
					<row2>	0.9978 -0.0495 -0.0441 0.0000	</row2>
					<row3>	0.5087 0.2385 -3.4944 1.0000	</row3>
				</transform>
			</node>
			<node>
				<identifier>	HP_FX_WakeTraceBack	</identifier>
				<transform>
					<row0>	1.0000 0.0000 0.0000 0.0000	</row0>
					<row1>	0.0000 1.0000 0.0000 0.0000	</row1>
					<row2>	0.0000 0.0000 1.0000 0.0000	</row2>
					<row3>	0.0000 0.0000 -5.7821 1.0000	</row3>
				</transform>
			</node>
			<node>
				<identifier>	HP_FX_WakeTrace_screw_1	</identifier>
				<transform>
					<row0>	1.0000 0.0000 0.0000 0.0000	</row0>
					<row1>	0.0000 1.0000 0.0000 0.0000	</row1>
					<row2>	0.0000 0.0000 1.0000 0.0000	</row2>
					<row3>	-0.2972 -0.2180 -4.9606 1.0000	</row3>
				</transform>
			</node>
			<node>
				<identifier>	HP_FX_WakeTrace_screw_2	</identifier>
				<transform>
					<row0>	1.0000 0.0000 0.0000 0.0000	</row0>
					<row1>	0.0000 1.0000 0.0000 0.0000	</row1>
					<row2>	0.0000 0.0000 1.0000 0.0000	</row2>
					<row3>	0.0000 -0.2611 -5.1111 1.0000	</row3>
				</transform>
			</node>
			<node>
				<identifier>	HP_FX_WakeTrace_screw_3	</identifier>
				<transform>
					<row0>	1.0000 0.0000 0.0000 0.0000	</row0>
					<row1>	0.0000 1.0000 0.0000 0.0000	</row1>
					<row2>	0.0000 0.0000 1.0000 0.0000	</row2>
					<row3>	0.2972 -0.2180 -4.9606 1.0000	</row3>
				</transform>
			</node>
			<node>
				<identifier>	HP_RGA_10	</identifier>
				<transform>
					<row0>	-0.7071 0.0000 -0.7071 0.0000	</row0>
					<row1>	0.0000 1.0000 0.0000 0.0000	</row1>
					<row2>	0.7071 0.0000 -0.7071 0.0000	</row2>
					<row3>	0.1822 0.2388 -4.5205 1.0000	</row3>
				</transform>
			</node>
			<node>
				<identifier>	HP_RGA_9	</identifier>
				<transform>
					<row0>	-0.7071 0.0000 0.7071 0.0000	</row0>
					<row1>	0.0000 1.0000 0.0000 0.0000	</row1>
					<row2>	-0.7071 0.0000 -0.7071 0.0000	</row2>
					<row3>	-0.1822 0.2388 -4.5205 1.0000	</row3>
				</transform>
			</node>
			<node>
				<identifier>	HP_RGB_3	</identifier>
				<transform>
					<row0>	-0.1767 0.0000 0.9843 0.0000	</row0>
					<row1>	0.0000 1.0000 0.0000 0.0000	</row1>
					<row2>	-0.9843 0.0000 -0.1767 0.0000	</row2>
					<row3>	-0.1178 0.2386 -4.8438 1.0000	</row3>
				</transform>
			</node>
			<node>
				<identifier>	HP_RGB_4	</identifier>
				<transform>
					<row0>	-0.1767 0.0000 -0.9843 0.0000	</row0>
					<row1>	0.0000 1.0000 0.0000 0.0000	</row1>
					<row2>	0.9843 0.0000 -0.1767 0.0000	</row2>
					<row3>	0.1178 0.2386 -4.8438 1.0000	</row3>
				</transform>
			</node>
			<node>
				<identifier>	HP_RGB_5	</identifier>
				<transform>
					<row0>	-0.1767 0.0000 0.9843 0.0000	</row0>
					<row1>	0.0000 1.0000 0.0000 0.0000	</row1>
					<row2>	-0.9843 0.0000 -0.1767 0.0000	</row2>
					<row3>	-0.0999 0.2386 -4.9439 1.0000	</row3>
				</transform>
			</node>
			<node>
				<identifier>	HP_RGB_6	</identifier>
				<transform>
					<row0>	-0.1767 0.0000 -0.9843 0.0000	</row0>
					<row1>	0.0000 1.0000 0.0000 0.0000	</row1>
					<row2>	0.9843 0.0000 -0.1767 0.0000	</row2>
					<row3>	0.0999 0.2386 -4.9439 1.0000	</row3>
				</transform>
			</node>
			<node>
				<identifier>	HP_RGB_7	</identifier>
				<transform>
					<row0>	-0.1767 0.0000 0.9843 0.0000	</row0>
					<row1>	0.0000 1.0000 0.0000 0.0000	</row1>
					<row2>	-0.9843 0.0000 -0.1767 0.0000	</row2>
					<row3>	-0.0815 0.2386 -5.0462 1.0000	</row3>
				</transform>
			</node>
			<node>
				<identifier>	HP_RGB_8	</identifier>
				<transform>
					<row0>	-0.1767 0.0000 -0.9843 0.0000	</row0>
					<row1>	0.0000 1.0000 0.0000 0.0000	</row1>
					<row2>	0.9843 0.0000 -0.1767 0.0000	</row2>
					<row3>	0.0815 0.2386 -5.0462 1.0000	</row3>
				</transform>
			</node>
			<node>
				<identifier>	HP_RGM_4	</identifier>
				<transform>
					<row0>	-1.0000 0.0000 0.0000 0.0000	</row0>
					<row1>	0.0000 1.0000 0.0000 0.0000	</row1>
					<row2>	0.0000 0.0000 -1.0000 0.0000	</row2>
					<row3>	0.0000 0.2643 -3.3896 1.0000	</row3>
				</transform>
			</node>
			<node>
				<identifier>	HP_Ship_death_3	</identifier>
				<transform>
					<row0>	1.0000 0.0000 0.0000 0.0000	</row0>
					<row1>	0.0000 1.0000 0.0000 0.0000	</row1>
					<row2>	0.0000 0.0000 1.0000 0.0000	</row2>
					<row3>	0.0000 0.0000 -2.6954 1.0000	</row3>
				</transform>
			</node>
			<node>
				<identifier>	MP_CM011_Fire_Fighting_Gear	</identifier>
				<transform>
					<row0>	-1.0000 0.0000 0.0000 0.0000	</row0>
					<row1>	0.0000 1.0000 0.0000 0.0000	</row1>
					<row2>	0.0000 0.0000 -1.0000 0.0000	</row2>
					<row3>	0.1013 0.2398 -5.2751 1.0000	</row3>
				</transform>
			</node>
			<node>
				<identifier>	MP_CM011_Fire_Fighting_Gear_INDEX_1	</identifier>
				<transform>
					<row0>	1.0000 0.0000 0.0000 0.0000	</row0>
					<row1>	0.0000 1.0000 0.0000 0.0000	</row1>
					<row2>	0.0000 0.0000 1.0000 0.0000	</row2>
					<row3>	-0.0178 0.2398 -3.5591 1.0000	</row3>
				</transform>
			</node>
			<node>
				<identifier>	MP_CM011_Fire_Fighting_Gear_INDEX_2	</identifier>
				<transform>
					<row0>	-1.0000 0.0000 0.0000 0.0000	</row0>
					<row1>	0.0000 1.0000 0.0000 0.0000	</row1>
					<row2>	0.0000 0.0000 -1.0000 0.0000	</row2>
					<row3>	-0.1013 0.2398 -5.2751 1.0000	</row3>
				</transform>
			</node>
			<node>
				<identifier>	MP_CM011_Fire_Fighting_Gear_INDEX_3	</identifier>
				<transform>
					<row0>	1.0000 0.0000 0.0000 0.0000	</row0>
					<row1>	0.0000 1.0000 0.0000 0.0000	</row1>
					<row2>	0.0000 0.0000 1.0000 0.0000	</row2>
					<row3>	0.0178 0.2398 -3.5591 1.0000	</row3>
				</transform>
			</node>
			<node>
				<identifier>	MP_CM094_Propeller3_L	</identifier>
				<transform>
					<row0>	0.7879 0.0000 -0.0142 0.0000	</row0>
					<row1>	-0.0005 0.7875 -0.0280 0.0000	</row1>
					<row2>	0.0142 0.0280 0.7874 0.0000	</row2>
					<row3>	-0.2972 -0.2180 -4.9606 1.0000	</row3>
				</transform>
			</node>
			<node>
				<identifier>	MP_CM094_Propeller3_L_INDEX_1	</identifier>
				<transform>
					<row0>	0.8304 0.0000 0.0000 0.0000	</row0>
					<row1>	0.0000 0.8304 0.0000 0.0000	</row1>
					<row2>	0.0000 0.0000 0.8304 0.0000	</row2>
					<row3>	0.0000 -0.2611 -5.1111 1.0000	</row3>
				</transform>
			</node>
			<node>
				<identifier>	MP_CM095_Propeller3_R	</identifier>
				<transform>
					<row0>	0.7879 0.0000 0.0142 0.0000	</row0>
					<row1>	0.0005 0.7875 -0.0280 0.0000	</row1>
					<row2>	-0.0142 0.0280 0.7874 0.0000	</row2>
					<row3>	0.2972 -0.2180 -4.9606 1.0000	</row3>
				</transform>
			</node>
			<node>
				<identifier>	MP_CM137_Anchor_Up	</identifier>
				<transform>
					<row0>	0.6400 0.0000 0.0000 0.0000	</row0>
					<row1>	0.0000 0.6188 0.1633 0.0000	</row1>
					<row2>	0.0000 -0.1633 0.6188 0.0000	</row2>
					<row3>	0.0000 0.1211 -5.9340 1.0000	</row3>
				</transform>
			</node>
			<node>
				<identifier>	MP_CM138_Anchor_Bottom	</identifier>
				<transform>
					<row0>	0.6507 0.0000 0.0000 0.0000	</row0>
					<row1>	0.0000 0.5939 -0.2659 0.0000	</row1>
					<row2>	0.0000 0.2659 0.5939 0.0000	</row2>
					<row3>	0.0000 0.1210 -5.9342 1.0000	</row3>
				</transform>
			</node>
			<node>
				<identifier>	MP_RM021_Screened_speed_light	</identifier>
				<transform>
					<row0>	-0.5892 0.0000 0.0000 0.0000	</row0>
					<row1>	0.0000 0.5892 0.0000 0.0000	</row1>
					<row2>	0.0000 0.0000 -0.5892 0.0000	</row2>
					<row3>	0.0129 0.3958 -6.0203 1.0000	</row3>
				</transform>
			</node>
			<node>
				<identifier>	MP_RM141_Signal_Lamp	</identifier>
				<transform>
					<row0>	1.0000 0.0000 0.0000 0.0000	</row0>
					<row1>	0.0000 0.9571 -0.2898 0.0000	</row1>
					<row2>	0.0000 0.2898 0.9571 0.0000	</row2>
					<row3>	0.0000 0.7831 -6.1439 1.0000	</row3>
				</transform>
			</node>
			<node>
				<identifier>	MP_RM182_Depth_Charge_BB1	</identifier>
				<transform>
					<row0>	-0.1844 0.0000 0.9828 0.0000	</row0>
					<row1>	-0.9828 0.0000 -0.1844 0.0000	</row1>
					<row2>	0.0000 -1.0000 0.0000 0.0000	</row2>
					<row3>	-0.1922 0.3214 -4.8571 1.0000	</row3>
				</transform>
			</node>
			<node>
				<identifier>	MP_RM182_Depth_Charge_BB1_INDEX_1	</identifier>
				<transform>
					<row0>	-0.1844 0.0000 -0.9828 0.0000	</row0>
					<row1>	0.9828 0.0000 -0.1844 0.0000	</row1>
					<row2>	0.0000 -1.0000 0.0000 0.0000	</row2>
					<row3>	0.1797 0.3214 -4.9238 1.0000	</row3>
				</transform>
			</node>
			<node>
				<identifier>	MP_RM182_Depth_Charge_BB1_INDEX_10	</identifier>
				<transform>
					<row0>	-0.1844 0.0000 0.9828 0.0000	</row0>
					<row1>	-0.9828 0.0000 -0.1844 0.0000	</row1>
					<row2>	0.0000 -1.0000 0.0000 0.0000	</row2>
					<row3>	-0.1606 0.3214 -5.0256 1.0000	</row3>
				</transform>
			</node>
			<node>
				<identifier>	MP_RM182_Depth_Charge_BB1_INDEX_11	</identifier>
				<transform>
					<row0>	-0.1844 0.0000 0.9828 0.0000	</row0>
					<row1>	-0.9828 0.0000 -0.1844 0.0000	</row1>
					<row2>	0.0000 -1.0000 0.0000 0.0000	</row2>
					<row3>	-0.1859 0.3214 -4.8906 1.0000	</row3>
				</transform>
			</node>
			<node>
				<identifier>	MP_RM182_Depth_Charge_BB1_INDEX_12	</identifier>
				<transform>
					<row0>	-0.1844 0.0000 0.9828 0.0000	</row0>
					<row1>	-0.9828 0.0000 -0.1844 0.0000	</row1>
					<row2>	0.0000 -1.0000 0.0000 0.0000	</row2>
					<row3>	-0.1670 0.3214 -4.9915 1.0000	</row3>
				</transform>
			</node>
			<node>
				<identifier>	MP_RM182_Depth_Charge_BB1_INDEX_13	</identifier>
				<transform>
					<row0>	-0.1844 0.0000 -0.9828 0.0000	</row0>
					<row1>	0.9828 0.0000 -0.1844 0.0000	</row1>
					<row2>	0.0000 -1.0000 0.0000 0.0000	</row2>
					<row3>	0.1922 0.3214 -4.8571 1.0000	</row3>
				</transform>
			</node>
			<node>
				<identifier>	MP_RM182_Depth_Charge_BB1_INDEX_14	</identifier>
				<transform>
					<row0>	-0.1844 0.0000 0.9828 0.0000	</row0>
					<row1>	-0.9828 0.0000 -0.1844 0.0000	</row1>
					<row2>	0.0000 -1.0000 0.0000 0.0000	</row2>
					<row3>	-0.1543 0.3214 -5.0593 1.0000	</row3>
				</transform>
			</node>
			<node>
				<identifier>	MP_RM182_Depth_Charge_BB1_INDEX_15	</identifier>
				<transform>
					<row0>	-0.1844 0.0000 -0.9828 0.0000	</row0>
					<row1>	0.9828 0.0000 -0.1844 0.0000	</row1>
					<row2>	0.0000 -1.0000 0.0000 0.0000	</row2>
					<row3>	0.1606 0.3214 -5.0256 1.0000	</row3>
				</transform>
			</node>
			<node>
				<identifier>	MP_RM182_Depth_Charge_BB1_INDEX_16	</identifier>
				<transform>
					<row0>	-0.1844 0.0000 -0.9828 0.0000	</row0>
					<row1>	0.9828 0.0000 -0.1844 0.0000	</row1>
					<row2>	0.0000 -1.0000 0.0000 0.0000	</row2>
					<row3>	0.1670 0.3214 -4.9915 1.0000	</row3>
				</transform>
			</node>
			<node>
				<identifier>	MP_RM182_Depth_Charge_BB1_INDEX_17	</identifier>
				<transform>
					<row0>	-0.1844 0.0000 0.9828 0.0000	</row0>
					<row1>	-0.9828 0.0000 -0.1844 0.0000	</row1>
					<row2>	0.0000 -1.0000 0.0000 0.0000	</row2>
					<row3>	-0.1487 0.3214 -5.0890 1.0000	</row3>
				</transform>
			</node>
			<node>
				<identifier>	MP_RM182_Depth_Charge_BB1_INDEX_2	</identifier>
				<transform>
					<row0>	-0.1844 0.0000 0.9828 0.0000	</row0>
					<row1>	-0.9828 0.0000 -0.1844 0.0000	</row1>
					<row2>	0.0000 -1.0000 0.0000 0.0000	</row2>
					<row3>	-0.1797 0.3214 -4.9238 1.0000	</row3>
				</transform>
			</node>
			<node>
				<identifier>	MP_RM182_Depth_Charge_BB1_INDEX_3	</identifier>
				<transform>
					<row0>	-0.1844 0.0000 -0.9828 0.0000	</row0>
					<row1>	0.9828 0.0000 -0.1844 0.0000	</row1>
					<row2>	0.0000 -1.0000 0.0000 0.0000	</row2>
					<row3>	0.1734 0.3214 -4.9572 1.0000	</row3>
				</transform>
			</node>
			<node>
				<identifier>	MP_RM182_Depth_Charge_BB1_INDEX_4	</identifier>
				<transform>
					<row0>	-0.1844 0.0000 0.9828 0.0000	</row0>
					<row1>	-0.9828 0.0000 -0.1844 0.0000	</row1>
					<row2>	0.0000 -1.0000 0.0000 0.0000	</row2>
					<row3>	-0.1978 0.3214 -4.8274 1.0000	</row3>
				</transform>
			</node>
			<node>
				<identifier>	MP_RM182_Depth_Charge_BB1_INDEX_5	</identifier>
				<transform>
					<row0>	-0.1844 0.0000 -0.9828 0.0000	</row0>
					<row1>	0.9828 0.0000 -0.1844 0.0000	</row1>
					<row2>	0.0000 -1.0000 0.0000 0.0000	</row2>
					<row3>	0.1859 0.3214 -4.8906 1.0000	</row3>
				</transform>
			</node>
			<node>
				<identifier>	MP_RM182_Depth_Charge_BB1_INDEX_6	</identifier>
				<transform>
					<row0>	-0.1844 0.0000 -0.9828 0.0000	</row0>
					<row1>	0.9828 0.0000 -0.1844 0.0000	</row1>
					<row2>	0.0000 -1.0000 0.0000 0.0000	</row2>
					<row3>	0.1487 0.3214 -5.0890 1.0000	</row3>
				</transform>
			</node>
			<node>
				<identifier>	MP_RM182_Depth_Charge_BB1_INDEX_7	</identifier>
				<transform>
					<row0>	-0.1844 0.0000 -0.9828 0.0000	</row0>
					<row1>	0.9828 0.0000 -0.1844 0.0000	</row1>
					<row2>	0.0000 -1.0000 0.0000 0.0000	</row2>
					<row3>	0.1978 0.3214 -4.8274 1.0000	</row3>
				</transform>
			</node>
			<node>
				<identifier>	MP_RM182_Depth_Charge_BB1_INDEX_8	</identifier>
				<transform>
					<row0>	-0.1844 0.0000 -0.9828 0.0000	</row0>
					<row1>	0.9828 0.0000 -0.1844 0.0000	</row1>
					<row2>	0.0000 -1.0000 0.0000 0.0000	</row2>
					<row3>	0.1543 0.3214 -5.0593 1.0000	</row3>
				</transform>
			</node>
			<node>
				<identifier>	MP_RM182_Depth_Charge_BB1_INDEX_9	</identifier>
				<transform>
					<row0>	-0.1844 0.0000 0.9828 0.0000	</row0>
					<row1>	-0.9828 0.0000 -0.1844 0.0000	</row1>
					<row2>	0.0000 -1.0000 0.0000 0.0000	</row2>
					<row3>	-0.1734 0.3214 -4.9572 1.0000	</row3>
				</transform>
			</node>
			<node>
				<identifier>	MP_RM200_Running_Lights_B	</identifier>
				<transform>
					<row0>	-1.4040 0.0000 0.0000 0.0000	</row0>
					<row1>	0.0000 1.4040 0.0000 0.0000	</row1>
					<row2>	0.0000 0.0000 -1.4040 0.0000	</row2>
					<row3>	0.0000 0.2869 -6.0016 1.0000	</row3>
				</transform>
			</node>
			<node>
				<identifier>	MP_RM217_Ventilation_Mushroom	</identifier>
				<transform>
					<row0>	1.0000 0.0000 0.0000 0.0000	</row0>
					<row1>	0.0000 1.0000 0.0000 0.0000	</row1>
					<row2>	0.0000 0.0000 1.0000 0.0000	</row2>
					<row3>	0.2448 0.2421 -3.4711 1.0000	</row3>
				</transform>
			</node>
			<node>
				<identifier>	MP_RM217_Ventilation_Mushroom_INDEX_1	</identifier>
				<transform>
					<row0>	1.5000 0.0000 0.0000 0.0000	</row0>
					<row1>	0.0000 1.5000 0.0000 0.0000	</row1>
					<row2>	0.0000 0.0000 1.5000 0.0000	</row2>
					<row3>	-0.2729 0.2421 -3.6302 1.0000	</row3>
				</transform>
			</node>
			<node>
				<identifier>	MP_RM217_Ventilation_Mushroom_INDEX_2	</identifier>
				<transform>
					<row0>	1.5000 0.0000 0.0000 0.0000	</row0>
					<row1>	0.0000 1.5000 0.0000 0.0000	</row1>
					<row2>	0.0000 0.0000 1.5000 0.0000	</row2>
					<row3>	-0.0010 0.2421 -4.6733 1.0000	</row3>
				</transform>
			</node>
			<node>
				<identifier>	MP_RM217_Ventilation_Mushroom_INDEX_3	</identifier>
				<transform>
					<row0>	1.5000 0.0000 0.0000 0.0000	</row0>
					<row1>	0.0000 1.5000 0.0000 0.0000	</row1>
					<row2>	0.0000 0.0000 1.5000 0.0000	</row2>
					<row3>	-0.1917 0.2421 -2.9742 1.0000	</row3>
				</transform>
			</node>
			<node>
				<identifier>	MP_RM217_Ventilation_Mushroom_INDEX_4	</identifier>
				<transform>
					<row0>	1.5000 0.0000 0.0000 0.0000	</row0>
					<row1>	0.0000 1.5000 0.0000 0.0000	</row1>
					<row2>	0.0000 0.0000 1.5000 0.0000	</row2>
					<row3>	0.2448 0.2421 -3.4159 1.0000	</row3>
				</transform>
			</node>
			<node>
				<identifier>	MP_RM249_Coat_of_Arms_USSR	</identifier>
				<transform>
					<row0>	-1.0000 0.0000 0.0000 0.0000	</row0>
					<row1>	0.0000 0.9713 -0.2380 0.0000	</row1>
					<row2>	0.0000 -0.2380 -0.9713 0.0000	</row2>
					<row3>	0.0000 0.2184 -5.9889 1.0000	</row3>
				</transform>
			</node>
			<node>
				<identifier>	MP_RM254_Anchor_Capstan_Stern	</identifier>
				<transform>
					<row0>	1.0000 0.0000 0.0000 0.0000	</row0>
					<row1>	0.0000 1.0000 0.0000 0.0000	</row1>
					<row2>	0.0000 0.0000 1.0000 0.0000	</row2>
					<row3>	0.0000 0.2418 -4.9078 1.0000	</row3>
				</transform>
			</node>
			<node>
				<identifier>	MP_RM265_Bollard	</identifier>
				<transform>
					<row0>	1.0000 0.0000 0.0000 0.0000	</row0>
					<row1>	0.0000 1.0000 -0.0029 0.0000	</row1>
					<row2>	0.0000 0.0029 1.0000 0.0000	</row2>
					<row3>	-0.0456 0.2382 -5.4307 1.0000	</row3>
				</transform>
			</node>
			<node>
				<identifier>	MP_RM265_Bollard_INDEX_1	</identifier>
				<transform>
					<row0>	1.0000 0.0000 0.0000 0.0000	</row0>
					<row1>	0.0000 1.0000 -0.0029 0.0000	</row1>
					<row2>	0.0000 0.0029 1.0000 0.0000	</row2>
					<row3>	0.0456 0.2382 -5.4307 1.0000	</row3>
				</transform>
			</node>
			<node>
				<identifier>	MP_RM281_Bollard	</identifier>
				<transform>
					<row0>	0.5787 0.0000 -0.1586 0.0000	</row0>
					<row1>	0.0000 0.6000 0.0000 0.0000	</row1>
					<row2>	0.1586 0.0000 0.5787 0.0000	</row2>
					<row3>	0.2450 0.2384 -5.3185 1.0000	</row3>
				</transform>
			</node>
			<node>
				<identifier>	MP_RM281_Bollard_INDEX_1	</identifier>
				<transform>
					<row0>	0.5787 0.0000 0.1586 0.0000	</row0>
					<row1>	0.0000 0.6000 0.0000 0.0000	</row1>
					<row2>	-0.1586 0.0000 0.5787 0.0000	</row2>
					<row3>	-0.2450 0.2384 -5.3185 1.0000	</row3>
				</transform>
			</node>
			<node>
				<identifier>	MP_RM282_Fairlead	</identifier>
				<transform>
					<row0>	0.9672 0.0000 0.2540 0.0000	</row0>
					<row1>	0.0000 1.0000 0.0000 0.0000	</row1>
					<row2>	-0.2540 0.0000 0.9672 0.0000	</row2>
					<row3>	-0.2506 0.2491 -5.4337 1.0000	</row3>
				</transform>
			</node>
			<node>
				<identifier>	MP_RM282_Fairlead_INDEX_1	</identifier>
				<transform>
					<row0>	0.9672 0.0000 -0.2540 0.0000	</row0>
					<row1>	0.0000 1.0000 0.0000 0.0000	</row1>
					<row2>	0.2540 0.0000 0.9672 0.0000	</row2>
					<row3>	0.2506 0.2491 -5.4337 1.0000	</row3>
				</transform>
			</node>
			<node>
				<identifier>	MP_RM284_Hatch	</identifier>
				<transform>
					<row0>	1.0000 0.0000 0.0000 0.0000	</row0>
					<row1>	0.0000 1.0000 0.0000 0.0000	</row1>
					<row2>	0.0000 0.0000 1.0000 0.0000	</row2>
					<row3>	-0.1646 0.2386 -4.7357 1.0000	</row3>
				</transform>
			</node>
			<node>
				<identifier>	MP_RM284_Hatch_INDEX_1	</identifier>
				<transform>
					<row0>	1.0000 0.0000 0.0000 0.0000	</row0>
					<row1>	0.0000 1.0000 0.0000 0.0000	</row1>
					<row2>	0.0000 0.0000 1.0000 0.0000	</row2>
					<row3>	0.0842 0.2386 -4.1949 1.0000	</row3>
				</transform>
			</node>
			<node>
				<identifier>	MP_RM284_Hatch_INDEX_2	</identifier>
				<transform>
					<row0>	1.0000 0.0000 0.0000 0.0000	</row0>
					<row1>	0.0000 1.0000 0.0000 0.0000	</row1>
					<row2>	0.0000 0.0000 1.0000 0.0000	</row2>
					<row3>	-0.0842 0.2386 -4.1949 1.0000	</row3>
				</transform>
			</node>
			<node>
				<identifier>	MP_RM284_Hatch_INDEX_3	</identifier>
				<transform>
					<row0>	1.0000 0.0000 0.0000 0.0000	</row0>
					<row1>	0.0000 1.0000 0.0000 0.0000	</row1>
					<row2>	0.0000 0.0000 1.0000 0.0000	</row2>
					<row3>	0.2683 0.2386 -3.9763 1.0000	</row3>
				</transform>
			</node>
			<node>
				<identifier>	MP_RM284_Hatch_INDEX_4	</identifier>
				<transform>
					<row0>	1.0000 0.0000 0.0000 0.0000	</row0>
					<row1>	0.0000 1.0000 0.0000 0.0000	</row1>
					<row2>	0.0000 0.0000 1.0000 0.0000	</row2>
					<row3>	0.3233 0.2386 -3.1510 1.0000	</row3>
				</transform>
			</node>
			<node>
				<identifier>	MP_RM284_Hatch_INDEX_5	</identifier>
				<transform>
					<row0>	1.0000 0.0000 0.0000 0.0000	</row0>
					<row1>	0.0000 1.0000 0.0000 0.0000	</row1>
					<row2>	0.0000 0.0000 1.0000 0.0000	</row2>
					<row3>	-0.2683 0.2386 -3.9763 1.0000	</row3>
				</transform>
			</node>
			<node>
				<identifier>	MP_RM284_Hatch_INDEX_6	</identifier>
				<transform>
					<row0>	1.0000 0.0000 0.0000 0.0000	</row0>
					<row1>	0.0000 1.0000 0.0000 0.0000	</row1>
					<row2>	0.0000 0.0000 1.0000 0.0000	</row2>
					<row3>	-0.3233 0.2386 -3.1510 1.0000	</row3>
				</transform>
			</node>
			<node>
				<identifier>	MP_RM284_Hatch_INDEX_7	</identifier>
				<transform>
					<row0>	1.0000 0.0000 0.0000 0.0000	</row0>
					<row1>	0.0000 1.0000 0.0000 0.0000	</row1>
					<row2>	0.0000 0.0000 1.0000 0.0000	</row2>
					<row3>	0.1646 0.2386 -4.7357 1.0000	</row3>
				</transform>
			</node>
			<node>
				<identifier>	MP_RM286_Hatch	</identifier>
				<transform>
					<row0>	-1.0000 0.0000 0.0000 0.0000	</row0>
					<row1>	0.0000 1.0000 0.0000 0.0000	</row1>
					<row2>	0.0000 0.0000 -1.0000 0.0000	</row2>
					<row3>	0.0830 0.2386 -5.3244 1.0000	</row3>
				</transform>
			</node>
			<node>
				<identifier>	MP_RM286_Hatch_INDEX_1	</identifier>
				<transform>
					<row0>	-1.0000 0.0000 0.0000 0.0000	</row0>
					<row1>	0.0000 1.0000 0.0000 0.0000	</row1>
					<row2>	0.0000 0.0000 -1.0000 0.0000	</row2>
					<row3>	-0.0830 0.2386 -5.3244 1.0000	</row3>
				</transform>
			</node>
			<node>
				<identifier>	MP_RM288_Hatch	</identifier>
				<transform>
					<row0>	-1.0000 0.0000 0.0000 0.0000	</row0>
					<row1>	0.0000 1.0000 0.0000 0.0000	</row1>
					<row2>	0.0000 0.0000 -1.0000 0.0000	</row2>
					<row3>	-0.3240 0.2379 -3.2707 1.0000	</row3>
				</transform>
			</node>
			<node>
				<identifier>	MP_RM288_Hatch_INDEX_1	</identifier>
				<transform>
					<row0>	-1.0000 0.0000 0.0000 0.0000	</row0>
					<row1>	0.0000 1.0000 0.0000 0.0000	</row1>
					<row2>	0.0000 0.0000 -1.0000 0.0000	</row2>
					<row3>	0.1804 0.2379 -2.9451 1.0000	</row3>
				</transform>
			</node>
			<node>
				<identifier>	MP_RM291_Reel	</identifier>
				<transform>
					<row0>	1.8391 0.0000 0.0000 0.0000	</row0>
					<row1>	0.0000 1.0000 0.0000 0.0000	</row1>
					<row2>	0.0000 0.0000 1.0000 0.0000	</row2>
					<row3>	0.1778 0.2375 -4.0573 1.0000	</row3>
				</transform>
			</node>
			<node>
				<identifier>	MP_RM291_Reel_INDEX_1	</identifier>
				<transform>
					<row0>	1.8391 0.0000 0.0000 0.0000	</row0>
					<row1>	0.0000 1.0000 0.0000 0.0000	</row1>
					<row2>	0.0000 0.0000 1.0000 0.0000	</row2>
					<row3>	-0.1778 0.2375 -4.0573 1.0000	</row3>
				</transform>
			</node>
			<node>
				<identifier>	MP_RM291_Reel_INDEX_2	</identifier>
				<transform>
					<row0>	1.0000 0.0000 0.0000 0.0000	</row0>
					<row1>	0.0000 1.0000 0.0000 0.0000	</row1>
					<row2>	0.0000 0.0000 1.0000 0.0000	</row2>
					<row3>	0.0867 0.2375 -4.3151 1.0000	</row3>
				</transform>
			</node>
			<node>
				<identifier>	MP_RM291_Reel_INDEX_3	</identifier>
				<transform>
					<row0>	1.8391 0.0000 0.0000 0.0000	</row0>
					<row1>	0.0000 1.0000 0.0000 0.0000	</row1>
					<row2>	0.0000 0.0000 1.0000 0.0000	</row2>
					<row3>	0.0000 0.2375 -4.0573 1.0000	</row3>
				</transform>
			</node>
			<node>
				<identifier>	MP_RM294_Spare_Barrel_Box	</identifier>
				<transform>
					<row0>	1.0000 0.0000 0.0000 0.0000	</row0>
					<row1>	0.0000 1.0000 0.0000 0.0000	</row1>
					<row2>	0.0000 0.0000 1.0000 0.0000	</row2>
					<row3>	-0.2825 0.2393 -4.2727 1.0000	</row3>
				</transform>
			</node>
			<node>
				<identifier>	MP_RM294_Spare_Barrel_Box_INDEX_1	</identifier>
				<transform>
					<row0>	1.0000 0.0000 0.0000 0.0000	</row0>
					<row1>	0.0000 1.0000 0.0000 0.0000	</row1>
					<row2>	0.0000 0.0000 1.0000 0.0000	</row2>
					<row3>	0.2825 0.2393 -4.2727 1.0000	</row3>
				</transform>
			</node>
			<node>
				<identifier>	MP_RM311_Barrel_DV	</identifier>
				<transform>
					<row0>	-0.0619 0.0000 -0.9981 0.0000	</row0>
					<row1>	0.0000 1.0000 0.0000 0.0000	</row1>
					<row2>	0.9981 0.0000 -0.0619 0.0000	</row2>
					<row3>	0.4724 0.2390 -3.6379 1.0000	</row3>
				</transform>
			</node>
			<node>
				<identifier>	MP_RM311_Barrel_DV_INDEX_1	</identifier>
				<transform>
					<row0>	-0.0619 0.0000 0.9981 0.0000	</row0>
					<row1>	0.0000 1.0000 0.0000 0.0000	</row1>
					<row2>	-0.9981 0.0000 -0.0619 0.0000	</row2>
					<row3>	-0.4724 0.2390 -3.6379 1.0000	</row3>
				</transform>
			</node>
			<node>
				<identifier>	MP_RM311_Barrel_DV_INDEX_2	</identifier>
				<transform>
					<row0>	-0.2625 0.0000 0.9649 0.0000	</row0>
					<row1>	0.0000 1.0000 0.0000 0.0000	</row1>
					<row2>	-0.9649 0.0000 -0.2625 0.0000	</row2>
					<row3>	-0.2131 0.2393 -5.5326 1.0000	</row3>
				</transform>
			</node>
			<node>
				<identifier>	MP_RM311_Barrel_DV_INDEX_3	</identifier>
				<transform>
					<row0>	-0.0546 0.0000 0.9985 0.0000	</row0>
					<row1>	0.0000 1.0000 0.0000 0.0000	</row1>
					<row2>	-0.9985 0.0000 -0.0546 0.0000	</row2>
					<row3>	-0.4786 0.2390 -3.5342 1.0000	</row3>
				</transform>
			</node>
			<node>
				<identifier>	MP_RM311_Barrel_DV_INDEX_4	</identifier>
				<transform>
					<row0>	-0.2625 0.0000 -0.9649 0.0000	</row0>
					<row1>	0.0000 1.0000 0.0000 0.0000	</row1>
					<row2>	0.9649 0.0000 -0.2625 0.0000	</row2>
					<row3>	0.2131 0.2393 -5.5326 1.0000	</row3>
				</transform>
			</node>
			<node>
				<identifier>	MP_RM311_Barrel_DV_INDEX_5	</identifier>
				<transform>
					<row0>	-0.0546 0.0000 -0.9985 0.0000	</row0>
					<row1>	0.0000 1.0000 0.0000 0.0000	</row1>
					<row2>	0.9985 0.0000 -0.0546 0.0000	</row2>
					<row3>	0.4786 0.2390 -3.5342 1.0000	</row3>
				</transform>
			</node>
			<node>
				<identifier>	MP_RM317_Sbomb_ejector	</identifier>
				<transform>
					<row0>	0.1058 0.0000 -0.9944 0.0000	</row0>
					<row1>	0.0000 1.0000 0.0000 0.0000	</row1>
					<row2>	0.9944 0.0000 0.1058 0.0000	</row2>
					<row3>	-0.4162 0.2405 -4.5116 1.0000	</row3>
				</transform>
			</node>
			<node>
				<identifier>	MP_RM317_Sbomb_ejector_INDEX_1	</identifier>
				<transform>
					<row0>	0.1275 0.0000 -0.9918 0.0000	</row0>
					<row1>	0.0000 1.0000 0.0000 0.0000	</row1>
					<row2>	0.9918 0.0000 0.1275 0.0000	</row2>
					<row3>	-0.3987 0.2405 -4.6568 1.0000	</row3>
				</transform>
			</node>
			<node>
				<identifier>	MP_RM317_Sbomb_ejector_INDEX_10	</identifier>
				<transform>
					<row0>	0.2162 0.0000 0.9764 0.0000	</row0>
					<row1>	0.0000 1.0000 0.0000 0.0000	</row1>
					<row2>	-0.9764 0.0000 0.2162 0.0000	</row2>
					<row3>	0.2930 0.2405 -5.2580 1.0000	</row3>
				</transform>
			</node>
			<node>
				<identifier>	MP_RM317_Sbomb_ejector_INDEX_11	</identifier>
				<transform>
					<row0>	0.1275 0.0000 0.9918 0.0000	</row0>
					<row1>	0.0000 1.0000 0.0000 0.0000	</row1>
					<row2>	-0.9918 0.0000 0.1275 0.0000	</row2>
					<row3>	0.3987 0.2405 -4.6568 1.0000	</row3>
				</transform>
			</node>
			<node>
				<identifier>	MP_RM317_Sbomb_ejector_INDEX_12	</identifier>
				<transform>
					<row0>	0.1044 0.0000 0.9945 0.0000	</row0>
					<row1>	0.0000 1.0000 0.0000 0.0000	</row1>
					<row2>	-0.9945 0.0000 0.1044 0.0000	</row2>
					<row3>	0.4265 0.2405 -4.4118 1.0000	</row3>
				</transform>
			</node>
			<node>
				<identifier>	MP_RM317_Sbomb_ejector_INDEX_13	</identifier>
				<transform>
					<row0>	0.1275 0.0000 -0.9918 0.0000	</row0>
					<row1>	0.0000 1.0000 0.0000 0.0000	</row1>
					<row2>	0.9918 0.0000 0.1275 0.0000	</row2>
					<row3>	-0.3917 0.2405 -4.7132 1.0000	</row3>
				</transform>
			</node>
			<node>
				<identifier>	MP_RM317_Sbomb_ejector_INDEX_14	</identifier>
				<transform>
					<row0>	0.1044 0.0000 -0.9945 0.0000	</row0>
					<row1>	0.0000 1.0000 0.0000 0.0000	</row1>
					<row2>	0.9945 0.0000 0.1044 0.0000	</row2>
					<row3>	-0.4214 0.2405 -4.4599 1.0000	</row3>
				</transform>
			</node>
			<node>
				<identifier>	MP_RM317_Sbomb_ejector_INDEX_15	</identifier>
				<transform>
					<row0>	0.1275 0.0000 0.9918 0.0000	</row0>
					<row1>	0.0000 1.0000 0.0000 0.0000	</row1>
					<row2>	-0.9918 0.0000 0.1275 0.0000	</row2>
					<row3>	0.3917 0.2405 -4.7132 1.0000	</row3>
				</transform>
			</node>
			<node>
				<identifier>	MP_RM317_Sbomb_ejector_INDEX_16	</identifier>
				<transform>
					<row0>	0.2162 0.0000 0.9764 0.0000	</row0>
					<row1>	0.0000 1.0000 0.0000 0.0000	</row1>
					<row2>	-0.9764 0.0000 0.2162 0.0000	</row2>
					<row3>	0.3035 0.2405 -5.2099 1.0000	</row3>
				</transform>
			</node>
			<node>
				<identifier>	MP_RM317_Sbomb_ejector_INDEX_17	</identifier>
				<transform>
					<row0>	0.1044 0.0000 0.9945 0.0000	</row0>
					<row1>	0.0000 1.0000 0.0000 0.0000	</row1>
					<row2>	-0.9945 0.0000 0.1044 0.0000	</row2>
					<row3>	0.4214 0.2405 -4.4599 1.0000	</row3>
				</transform>
			</node>
			<node>
				<identifier>	MP_RM317_Sbomb_ejector_INDEX_18	</identifier>
				<transform>
					<row0>	0.1169 0.0000 0.9931 0.0000	</row0>
					<row1>	0.0000 1.0000 0.0000 0.0000	</row1>
					<row2>	-0.9931 0.0000 0.1169 0.0000	</row2>
					<row3>	0.4110 0.2405 -4.5582 1.0000	</row3>
				</transform>
			</node>
			<node>
				<identifier>	MP_RM317_Sbomb_ejector_INDEX_19	</identifier>
				<transform>
					<row0>	0.1058 0.0000 0.9944 0.0000	</row0>
					<row1>	0.0000 1.0000 0.0000 0.0000	</row1>
					<row2>	-0.9944 0.0000 0.1058 0.0000	</row2>
					<row3>	0.4162 0.2405 -4.5116 1.0000	</row3>
				</transform>
			</node>
			<node>
				<identifier>	MP_RM317_Sbomb_ejector_INDEX_2	</identifier>
				<transform>
					<row0>	0.1598 0.0000 -0.9871 0.0000	</row0>
					<row1>	0.0000 1.0000 0.0000 0.0000	</row1>
					<row2>	0.9871 0.0000 0.1598 0.0000	</row2>
					<row3>	-0.3847 0.2405 -4.7617 1.0000	</row3>
				</transform>
			</node>
			<node>
				<identifier>	MP_RM317_Sbomb_ejector_INDEX_3	</identifier>
				<transform>
					<row0>	0.1169 0.0000 -0.9931 0.0000	</row0>
					<row1>	0.0000 1.0000 0.0000 0.0000	</row1>
					<row2>	0.9931 0.0000 0.1169 0.0000	</row2>
					<row3>	-0.4110 0.2405 -4.5582 1.0000	</row3>
				</transform>
			</node>
			<node>
				<identifier>	MP_RM317_Sbomb_ejector_INDEX_4	</identifier>
				<transform>
					<row0>	0.2162 0.0000 -0.9764 0.0000	</row0>
					<row1>	0.0000 1.0000 0.0000 0.0000	</row1>
					<row2>	0.9764 0.0000 0.2162 0.0000	</row2>
					<row3>	-0.3035 0.2405 -5.2099 1.0000	</row3>
				</transform>
			</node>
			<node>
				<identifier>	MP_RM317_Sbomb_ejector_INDEX_5	</identifier>
				<transform>
					<row0>	0.1598 0.0000 0.9871 0.0000	</row0>
					<row1>	0.0000 1.0000 0.0000 0.0000	</row1>
					<row2>	-0.9871 0.0000 0.1598 0.0000	</row2>
					<row3>	0.3847 0.2405 -4.7617 1.0000	</row3>
				</transform>
			</node>
			<node>
				<identifier>	MP_RM317_Sbomb_ejector_INDEX_6	</identifier>
				<transform>
					<row0>	0.1044 0.0000 -0.9945 0.0000	</row0>
					<row1>	0.0000 1.0000 0.0000 0.0000	</row1>
					<row2>	0.9945 0.0000 0.1044 0.0000	</row2>
					<row3>	-0.4265 0.2405 -4.4118 1.0000	</row3>
				</transform>
			</node>
			<node>
				<identifier>	MP_RM317_Sbomb_ejector_INDEX_7	</identifier>
				<transform>
					<row0>	0.2162 0.0000 -0.9764 0.0000	</row0>
					<row1>	0.0000 1.0000 0.0000 0.0000	</row1>
					<row2>	0.9764 0.0000 0.2162 0.0000	</row2>
					<row3>	-0.2930 0.2405 -5.2580 1.0000	</row3>
				</transform>
			</node>
			<node>
				<identifier>	MP_RM317_Sbomb_ejector_INDEX_8	</identifier>
				<transform>
					<row0>	0.1275 0.0000 0.9918 0.0000	</row0>
					<row1>	0.0000 1.0000 0.0000 0.0000	</row1>
					<row2>	-0.9918 0.0000 0.1275 0.0000	</row2>
					<row3>	0.4044 0.2405 -4.6118 1.0000	</row3>
				</transform>
			</node>
			<node>
				<identifier>	MP_RM317_Sbomb_ejector_INDEX_9	</identifier>
				<transform>
					<row0>	0.1275 0.0000 -0.9918 0.0000	</row0>
					<row1>	0.0000 1.0000 0.0000 0.0000	</row1>
					<row2>	0.9918 0.0000 0.1275 0.0000	</row2>
					<row3>	-0.4044 0.2405 -4.6118 1.0000	</row3>
				</transform>
			</node>
			<node>
				<identifier>	MP_RM351_Paravane	</identifier>
				<transform>
					<row0>	-1.0000 0.0000 0.0000 0.0000	</row0>
					<row1>	0.0000 1.0000 0.0000 0.0000	</row1>
					<row2>	0.0000 0.0000 -1.0000 0.0000	</row2>
					<row3>	0.0814 0.2755 -5.8157 1.0000	</row3>
				</transform>
			</node>
			<node>
				<identifier>	MP_RM351_Paravane_INDEX_1	</identifier>
				<transform>
					<row0>	-1.0000 0.0000 0.0000 0.0000	</row0>
					<row1>	0.0000 1.0000 0.0000 0.0000	</row1>
					<row2>	0.0000 0.0000 -1.0000 0.0000	</row2>
					<row3>	-0.0814 0.2755 -5.7477 1.0000	</row3>
				</transform>
			</node>
			<node>
				<identifier>	MP_RM361_AmmoBox	</identifier>
				<transform>
					<row0>	1.0000 0.0000 0.0000 0.0000	</row0>
					<row1>	0.0000 1.0000 0.0000 0.0000	</row1>
					<row2>	0.0000 0.0000 1.0000 0.0000	</row2>
					<row3>	0.1815 0.2388 -4.3162 1.0000	</row3>
				</transform>
			</node>
			<node>
				<identifier>	MP_RM361_AmmoBox_INDEX_1	</identifier>
				<transform>
					<row0>	1.0000 0.0000 0.0000 0.0000	</row0>
					<row1>	0.0000 1.0000 0.0000 0.0000	</row1>
					<row2>	0.0000 0.0000 1.0000 0.0000	</row2>
					<row3>	-0.1815 0.2388 -4.3162 1.0000	</row3>
				</transform>
			</node>
			<node>
				<identifier>	SP_YMS011_YHWL_M_1_INDEX_10	</identifier>
				<transform>
					<row0>	0.9954 0.0000 0.0959 0.0000	</row0>
					<row1>	0.0000 1.0000 0.0000 0.0000	</row1>
					<row2>	-0.0959 0.0000 0.9954 0.0000	</row2>
					<row3>	-0.4439 0.0000 -4.0290 1.0000	</row3>
				</transform>
			</node>
			<node>
				<identifier>	SP_YMS011_YHWL_M_1_INDEX_11	</identifier>
				<transform>
					<row0>	0.9874 0.0000 0.1582 0.0000	</row0>
					<row1>	0.0000 1.0000 0.0000 0.0000	</row1>
					<row2>	-0.1582 0.0000 0.9874 0.0000	</row2>
					<row3>	-0.3331 0.0000 -4.8723 1.0000	</row3>
				</transform>
			</node>
			<node>
				<identifier>	SP_YMS011_YHWL_M_1_INDEX_9	</identifier>
				<transform>
					<row0>	0.9980 0.0000 0.0640 0.0000	</row0>
					<row1>	0.0000 1.0000 0.0000 0.0000	</row1>
					<row2>	-0.0640 0.0000 0.9980 0.0000	</row2>
					<row3>	-0.5137 0.0000 -3.1811 1.0000	</row3>
				</transform>
			</node>
			<node>
				<identifier>	SP_YMS012_YHWR_M_1_INDEX_10	</identifier>
				<transform>
					<row0>	0.9954 0.0000 -0.0959 0.0000	</row0>
					<row1>	0.0000 1.0000 0.0000 0.0000	</row1>
					<row2>	0.0959 0.0000 0.9954 0.0000	</row2>
					<row3>	0.4439 0.0000 -4.0290 1.0000	</row3>
				</transform>
			</node>
			<node>
				<identifier>	SP_YMS012_YHWR_M_1_INDEX_11	</identifier>
				<transform>
					<row0>	0.9874 0.0000 -0.1582 0.0000	</row0>
					<row1>	0.0000 1.0000 0.0000 0.0000	</row1>
					<row2>	0.1582 0.0000 0.9874 0.0000	</row2>
					<row3>	0.3331 0.0000 -4.8723 1.0000	</row3>
				</transform>
			</node>
			<node>
				<identifier>	SP_YMS012_YHWR_M_1_INDEX_9	</identifier>
				<transform>
					<row0>	0.9980 0.0000 -0.0640 0.0000	</row0>
					<row1>	0.0000 1.0000 0.0000 0.0000	</row1>
					<row2>	0.0640 0.0000 0.9980 0.0000	</row2>
					<row3>	0.5137 0.0000 -3.1811 1.0000	</row3>
				</transform>
			</node>
			<node>
				<identifier>	SP_YMS023_YHUC_L_1	</identifier>
				<transform>
					<row0>	0.5981 -0.1572 -0.0096 0.0000	</row0>
					<row1>	0.1567 0.5977 -0.0265 0.0000	</row1>
					<row2>	0.0160 0.0231 0.6178 0.0000	</row2>
					<row3>	-0.3083 -0.2303 -5.2526 1.0000	</row3>
				</transform>
			</node>
			<node>
				<identifier>	SP_YMS023_YHUC_L_1_INDEX_1	</identifier>
				<transform>
					<row0>	0.5981 0.1572 0.0096 0.0000	</row0>
					<row1>	-0.1567 0.5977 -0.0265 0.0000	</row1>
					<row2>	-0.0160 0.0231 0.6178 0.0000	</row2>
					<row3>	0.3083 -0.2303 -5.2526 1.0000	</row3>
				</transform>
			</node>
			<node>
				<identifier>	SP_YMS030_YHAM_M_1	</identifier>
				<transform>
					<row0>	0.6999 0.0000 0.0000 0.0000	</row0>
					<row1>	0.0000 0.6973 0.0610 0.0000	</row1>
					<row2>	0.0000 -0.0610 0.6973 0.0000	</row2>
					<row3>	0.0000 0.2409 -5.9549 1.0000	</row3>
				</transform>
			</node>
			<node>
				<identifier>	SP_YMS031_YHAL_M_1	</identifier>
				<transform>
					<row0>	0.7980 0.2756 0.1468 0.0000	</row0>
					<row1>	-0.2662 0.8110 -0.0756 0.0000	</row1>
					<row2>	-0.1632 0.0248 0.8409 0.0000	</row2>
					<row3>	-0.2235 0.1316 -5.5773 1.0000	</row3>
				</transform>
			</node>
			<node>
				<identifier>	SP_YMS032_YHAR_M_1	</identifier>
				<transform>
					<row0>	0.7980 -0.2756 -0.1468 0.0000	</row0>
					<row1>	0.2662 0.8110 -0.0756 0.0000	</row1>
					<row2>	0.1632 0.0248 0.8409 0.0000	</row2>
					<row3>	0.2235 0.1316 -5.5773 1.0000	</row3>
				</transform>
			</node>
			<node>
				<identifier>	SP_YMS053_YHDC_S_1_INDEX_10	</identifier>
				<transform>
					<row0>	1.0000 0.0000 0.0000 0.0000	</row0>
					<row1>	0.0000 1.0000 0.0000 0.0000	</row1>
					<row2>	0.0000 0.0000 1.0000 0.0000	</row2>
					<row3>	0.0000 0.2392 -4.4100 1.0000	</row3>
				</transform>
			</node>
			<node>
				<identifier>	SP_YMS053_YHDC_S_1_INDEX_8	</identifier>
				<transform>
					<row0>	1.0000 0.0000 0.0000 0.0000	</row0>
					<row1>	0.0000 1.0000 0.0000 0.0000	</row1>
					<row2>	0.0000 0.0000 1.0000 0.0000	</row2>
					<row3>	-0.2938 0.2391 -3.7051 1.0000	</row3>
				</transform>
			</node>
			<node>
				<identifier>	SP_YMS053_YHDC_S_1_INDEX_9	</identifier>
				<transform>
					<row0>	1.0000 0.0000 0.0000 0.0000	</row0>
					<row1>	0.0000 1.0000 0.0000 0.0000	</row1>
					<row2>	0.0000 0.0000 1.0000 0.0000	</row2>
					<row3>	0.2938 0.2391 -3.7051 1.0000	</row3>
				</transform>
			</node>
			<node>
				<identifier>	SP_YMS080_YHSL_M_1_INDEX_2	</identifier>
				<transform>
					<row0>	0.7145 0.1260 0.0449 0.0000	</row0>
					<row1>	-0.1262 0.7159 0.0000 0.0000	</row1>
					<row2>	-0.0442 -0.0078 0.7256 0.0000	</row2>
					<row3>	-0.4577 0.1471 -3.9265 1.0000	</row3>
				</transform>
			</node>
			<node>
				<identifier>	SP_YMS081_YHSR_M_1_INDEX_2	</identifier>
				<transform>
					<row0>	0.7145 -0.1260 -0.0449 0.0000	</row0>
					<row1>	0.1262 0.7159 0.0000 0.0000	</row1>
					<row2>	0.0442 -0.0078 0.7256 0.0000	</row2>
					<row3>	0.4577 0.1471 -3.9265 1.0000	</row3>
				</transform>
			</node>
		</node>
	</node>
	<boundingBox>
		<min>	-0.0667 -0.0667 -0.0667	</min>
		<max>	0.0667 0.0667 0.0667	</max>
	</boundingBox>
</RSC037_Smolensk_1951_Stern_ports.visual>
