<ISC012_Trento_1943_Bow_ports.visual>
	<node>
		<identifier>	Scene Root	</identifier>
		<transform>
			<row0>	1.0000 0.0000 0.0000 0.0000	</row0>
			<row1>	0.0000 1.0000 0.0000 0.0000	</row1>
			<row2>	0.0000 0.0000 1.0000 0.0000	</row2>
			<row3>	0.0000 0.0000 0.0000 1.0000	</row3>
		</transform>
		<node>
			<identifier>	Bow_ports	</identifier>
			<transform>
				<row0>	1.0000 0.0000 0.0000 0.0000	</row0>
				<row1>	0.0000 1.0000 0.0000 0.0000	</row1>
				<row2>	0.0000 0.0000 1.0000 0.0000	</row2>
				<row3>	0.0000 0.0000 0.0000 1.0000	</row3>
			</transform>
			<node>
				<identifier>	HP_FX_Death_1	</identifier>
				<transform>
					<row0>	1.0000 0.0000 0.0000 0.0000	</row0>
					<row1>	0.0000 1.0000 0.0000 0.0000	</row1>
					<row2>	0.0000 0.0000 1.0000 0.0000	</row2>
					<row3>	0.0000 0.0000 3.3083 1.0000	</row3>
				</transform>
			</node>
			<node>
				<identifier>	HP_FX_Fire_1	</identifier>
				<transform>
					<row0>	1.0000 0.0000 0.0000 0.0000	</row0>
					<row1>	0.0000 1.0000 0.0000 0.0000	</row1>
					<row2>	0.0000 0.0000 1.0000 0.0000	</row2>
					<row3>	0.0000 0.4968 4.6717 1.0000	</row3>
				</transform>
			</node>
			<node>
				<identifier>	HP_FX_WakeTrace	</identifier>
				<transform>
					<row0>	1.0000 0.0000 0.0000 0.0000	</row0>
					<row1>	0.0000 1.0000 0.0000 0.0000	</row1>
					<row2>	0.0000 0.0000 1.0000 0.0000	</row2>
					<row3>	0.0000 0.0000 6.4885 1.0000	</row3>
				</transform>
			</node>
			<node>
				<identifier>	HP_IC_1	</identifier>
				<transform>
					<row0>	1.0000 0.0000 0.0000 0.0000	</row0>
					<row1>	0.0000 0.9999 -0.0155 0.0000	</row1>
					<row2>	0.0000 0.0155 0.9999 0.0000	</row2>
					<row3>	0.0000 0.4653 5.0159 1.0000	</row3>
				</transform>
			</node>
			<node>
				<identifier>	HP_IGM_1	</identifier>
				<transform>
					<row0>	1.0000 0.0000 0.0000 0.0000	</row0>
					<row1>	0.0000 1.0000 0.0000 0.0000	</row1>
					<row2>	0.0000 0.0000 1.0000 0.0000	</row2>
					<row3>	0.0000 0.5283 3.4673 1.0000	</row3>
				</transform>
			</node>
			<node>
				<identifier>	HP_Ship_death_1	</identifier>
				<transform>
					<row0>	1.0000 0.0000 0.0000 0.0000	</row0>
					<row1>	0.0000 1.0000 0.0000 0.0000	</row1>
					<row2>	0.0000 0.0000 1.0000 0.0000	</row2>
					<row3>	0.0000 0.0000 2.9002 1.0000	</row3>
				</transform>
			</node>
			<node>
				<identifier>	MP_CM011_Fire_Fighting_Gear	</identifier>
				<transform>
					<row0>	-0.6592 0.0006 0.7520 0.0000	</row0>
					<row1>	-0.0021 1.0000 -0.0027 0.0000	</row1>
					<row2>	-0.7519 -0.0034 -0.6592 0.0000	</row2>
					<row3>	0.1670 0.4395 3.5768 1.0000	</row3>
				</transform>
			</node>
			<node>
				<identifier>	MP_CM011_Fire_Fighting_Gear_INDEX_1	</identifier>
				<transform>
					<row0>	-0.6592 -0.0006 -0.7520 0.0000	</row0>
					<row1>	0.0021 1.0000 -0.0027 0.0000	</row1>
					<row2>	0.7519 -0.0034 -0.6592 0.0000	</row2>
					<row3>	-0.1670 0.4395 3.5768 1.0000	</row3>
				</transform>
			</node>
			<node>
				<identifier>	MP_CM015_Bundle_1	</identifier>
				<transform>
					<row0>	0.4221 0.0000 1.8199 0.0000	</row0>
					<row1>	0.0000 1.8682 0.0000 0.0000	</row1>
					<row2>	-1.8199 0.0000 0.4221 0.0000	</row2>
					<row3>	-0.0634 0.4723 4.2032 1.0000	</row3>
				</transform>
			</node>
			<node>
				<identifier>	MP_CM015_Bundle_1_INDEX_1	</identifier>
				<transform>
					<row0>	-0.9081 0.0000 -1.0839 0.0000	</row0>
					<row1>	0.0000 1.4140 0.0000 0.0000	</row1>
					<row2>	1.0839 0.0000 -0.9081 0.0000	</row2>
					<row3>	-0.1487 0.4666 4.2889 1.0000	</row3>
				</transform>
			</node>
			<node>
				<identifier>	MP_CM109_Leadsman_Platform	</identifier>
				<transform>
					<row0>	-0.7081 0.0765 0.0000 0.0000	</row0>
					<row1>	-0.0765 -0.7081 0.0000 0.0000	</row1>
					<row2>	0.0000 0.0000 0.7122 0.0000	</row2>
					<row3>	-0.1307 0.4928 6.2432 1.0000	</row3>
				</transform>
			</node>
			<node>
				<identifier>	MP_CM109_Leadsman_Platform_INDEX_1	</identifier>
				<transform>
					<row0>	0.6946 0.1574 0.0000 0.0000	</row0>
					<row1>	-0.1574 0.6946 0.0000 0.0000	</row1>
					<row2>	0.0000 0.0000 0.7122 0.0000	</row2>
					<row3>	0.1307 0.4928 6.2432 1.0000	</row3>
				</transform>
			</node>
			<node>
				<identifier>	MP_IM020_Bench	</identifier>
				<transform>
					<row0>	-0.0016 0.0175 0.9998 0.0000	</row0>
					<row1>	-0.0265 0.9995 -0.0175 0.0000	</row1>
					<row2>	-0.9996 -0.0265 -0.0011 0.0000	</row2>
					<row3>	-0.2120 0.4493 4.3198 1.0000	</row3>
				</transform>
			</node>
			<node>
				<identifier>	MP_IM020_Bench_INDEX_1	</identifier>
				<transform>
					<row0>	-0.0002 0.0165 0.9999 0.0000	</row0>
					<row1>	-0.0240 0.9996 -0.0165 0.0000	</row1>
					<row2>	-0.9997 -0.0240 0.0002 0.0000	</row2>
					<row3>	-0.2660 0.4451 4.1461 1.0000	</row3>
				</transform>
			</node>
			<node>
				<identifier>	MP_IM020_Bench_INDEX_2	</identifier>
				<transform>
					<row0>	-0.0004 -0.0168 -0.9999 0.0000	</row0>
					<row1>	0.0222 0.9996 -0.0168 0.0000	</row1>
					<row2>	0.9998 -0.0222 0.0000 0.0000	</row2>
					<row3>	0.0384 0.4533 4.3198 1.0000	</row3>
				</transform>
			</node>
			<node>
				<identifier>	MP_IM020_Bench_INDEX_3	</identifier>
				<transform>
					<row0>	0.0000 0.0167 0.9999 0.0000	</row0>
					<row1>	-0.0252 0.9995 -0.0167 0.0000	</row1>
					<row2>	-0.9997 -0.0252 0.0005 0.0000	</row2>
					<row3>	-0.2661 0.4412 3.9115 1.0000	</row3>
				</transform>
			</node>
			<node>
				<identifier>	MP_IM026_Reels	</identifier>
				<transform>
					<row0>	0.9997 -0.0250 0.0000 0.0000	</row0>
					<row1>	0.0250 0.9997 0.0000 0.0000	</row1>
					<row2>	0.0000 0.0000 1.0000 0.0000	</row2>
					<row3>	0.2599 0.4306 3.2887 1.0000	</row3>
				</transform>
			</node>
			<node>
				<identifier>	MP_IM026_Reels_INDEX_1	</identifier>
				<transform>
					<row0>	0.9997 0.0250 0.0000 0.0000	</row0>
					<row1>	-0.0250 0.9997 0.0000 0.0000	</row1>
					<row2>	0.0000 0.0000 1.0000 0.0000	</row2>
					<row3>	-0.2597 0.4306 3.2887 1.0000	</row3>
				</transform>
			</node>
			<node>
				<identifier>	MP_IM480_Bow_star	</identifier>
				<transform>
					<row0>	0.7930 0.0000 0.0000 0.0000	</row0>
					<row1>	0.0000 0.7814 0.1349 0.0000	</row1>
					<row2>	0.0000 -0.1349 0.7814 0.0000	</row2>
					<row3>	0.0000 0.4923 6.5996 1.0000	</row3>
				</transform>
			</node>
			<node>
				<identifier>	MP_IM500_Life_Boat	</identifier>
				<transform>
					<row0>	0.0000 0.0000 1.1153 0.0000	</row0>
					<row1>	-0.0032 1.1152 0.0000 0.0000	</row1>
					<row2>	-1.1152 -0.0032 0.0000 0.0000	</row2>
					<row3>	-0.0915 0.4710 3.9171 1.0000	</row3>
				</transform>
			</node>
			<node>
				<identifier>	MP_IM500_Life_Boat_INDEX_1	</identifier>
				<transform>
					<row0>	0.0000 0.0000 1.1153 0.0000	</row0>
					<row1>	-0.0035 1.1152 0.0000 0.0000	</row1>
					<row2>	-1.1152 -0.0035 0.0000 0.0000	</row2>
					<row3>	-0.0915 0.4711 4.0837 1.0000	</row3>
				</transform>
			</node>
			<node>
				<identifier>	MP_IM951_Anchor_up	</identifier>
				<transform>
					<row0>	0.9923 -0.0856 -0.0898 0.0000	</row0>
					<row1>	-0.0602 0.3007 -0.9518 0.0000	</row1>
					<row2>	0.1085 0.9499 0.2932 0.0000	</row2>
					<row3>	0.1960 0.4481 6.1832 1.0000	</row3>
				</transform>
			</node>
			<node>
				<identifier>	MP_IM951_Anchor_up_INDEX_1	</identifier>
				<transform>
					<row0>	0.9923 0.0856 0.0898 0.0000	</row0>
					<row1>	0.0602 0.3007 -0.9518 0.0000	</row1>
					<row2>	-0.1085 0.9499 0.2932 0.0000	</row2>
					<row3>	-0.1960 0.4481 6.1832 1.0000	</row3>
				</transform>
			</node>
			<node>
				<identifier>	MP_IM951_Anchor_up_INDEX_2	</identifier>
				<transform>
					<row0>	0.8667 -0.3323 -0.3720 0.0000	</row0>
					<row1>	-0.1682 0.5073 -0.8452 0.0000	</row1>
					<row2>	0.4696 0.7951 0.3838 0.0000	</row2>
					<row3>	0.2565 0.4274 5.9338 1.0000	</row3>
				</transform>
			</node>
			<node>
				<identifier>	MP_IM952_Anchor_Bottom	</identifier>
				<transform>
					<row0>	0.9429 -0.1918 0.2723 0.0000	</row0>
					<row1>	0.3149 0.2469 -0.9164 0.0000	</row1>
					<row2>	0.1085 0.9499 0.2932 0.0000	</row2>
					<row3>	0.1960 0.4481 6.1832 1.0000	</row3>
				</transform>
			</node>
			<node>
				<identifier>	MP_IM952_Anchor_Bottom_INDEX_1	</identifier>
				<transform>
					<row0>	0.9429 0.1918 -0.2723 0.0000	</row0>
					<row1>	-0.3149 0.2469 -0.9164 0.0000	</row1>
					<row2>	-0.1085 0.9499 0.2932 0.0000	</row2>
					<row3>	-0.1960 0.4481 6.1832 1.0000	</row3>
				</transform>
			</node>
			<node>
				<identifier>	MP_IM952_Anchor_Bottom_INDEX_2	</identifier>
				<transform>
					<row0>	0.8820 -0.4477 -0.1469 0.0000	</row0>
					<row1>	0.0632 0.4214 -0.9047 0.0000	</row1>
					<row2>	0.4669 0.7887 0.4000 0.0000	</row2>
					<row3>	0.2572 0.4271 5.9335 1.0000	</row3>
				</transform>
			</node>
		</node>
	</node>
	<boundingBox>
		<min>	-0.0667 -0.0667 -0.0667	</min>
		<max>	0.0667 0.0667 0.0667	</max>
	</boundingBox>
</ISC012_Trento_1943_Bow_ports.visual>
