<ISC009_Giussano_1938_MidFront_ports.visual>
	<node>
		<identifier>	Scene Root	</identifier>
		<transform>
			<row0>	1.0000 0.0000 0.0000 0.0000	</row0>
			<row1>	0.0000 1.0000 0.0000 0.0000	</row1>
			<row2>	0.0000 0.0000 1.0000 0.0000	</row2>
			<row3>	0.0000 0.0000 0.0000 1.0000	</row3>
		</transform>
		<node>
			<identifier>	MidFront_ports	</identifier>
			<transform>
				<row0>	1.0000 0.0000 0.0000 0.0000	</row0>
				<row1>	0.0000 1.0000 0.0000 0.0000	</row1>
				<row2>	0.0000 0.0000 1.0000 0.0000	</row2>
				<row3>	0.0000 0.0000 0.0000 1.0000	</row3>
			</transform>
			<node>
				<identifier>	HP_FX_Death_2	</identifier>
				<transform>
					<row0>	1.0000 0.0000 0.0000 0.0000	</row0>
					<row1>	0.0000 1.0000 0.0000 0.0000	</row1>
					<row2>	0.0000 0.0000 1.0000 0.0000	</row2>
					<row3>	0.0000 0.0000 -0.0645 1.0000	</row3>
				</transform>
			</node>
			<node>
				<identifier>	HP_FX_Fire_2	</identifier>
				<transform>
					<row0>	1.0000 0.0000 0.0000 0.0000	</row0>
					<row1>	0.0000 1.0000 0.0000 0.0000	</row1>
					<row2>	0.0000 0.0000 1.0000 0.0000	</row2>
					<row3>	0.0000 1.2130 1.9018 1.0000	</row3>
				</transform>
			</node>
			<node>
				<identifier>	HP_FX_Fire_2_side_1	</identifier>
				<transform>
					<row0>	1.0000 0.0000 0.0000 0.0000	</row0>
					<row1>	0.0000 1.0000 0.0000 0.0000	</row1>
					<row2>	0.0000 0.0000 1.0000 0.0000	</row2>
					<row3>	-0.3437 0.4633 2.4503 1.0000	</row3>
				</transform>
			</node>
			<node>
				<identifier>	HP_FX_Fire_2_side_2	</identifier>
				<transform>
					<row0>	1.0000 0.0000 0.0000 0.0000	</row0>
					<row1>	0.0000 1.0000 0.0000 0.0000	</row1>
					<row2>	0.0000 0.0000 1.0000 0.0000	</row2>
					<row3>	0.3437 0.5475 1.3259 1.0000	</row3>
				</transform>
			</node>
			<node>
				<identifier>	HP_FX_Fire_2_side_3	</identifier>
				<transform>
					<row0>	1.0000 0.0000 0.0000 0.0000	</row0>
					<row1>	0.0000 1.0000 0.0000 0.0000	</row1>
					<row2>	0.0000 0.0000 1.0000 0.0000	</row2>
					<row3>	-0.1987 0.3151 0.1767 1.0000	</row3>
				</transform>
			</node>
			<node>
				<identifier>	HP_FX_FloodLight_left_1	</identifier>
				<transform>
					<row0>	-1.0000 0.0000 0.0000 0.0000	</row0>
					<row1>	0.0000 1.0000 0.0000 0.0000	</row1>
					<row2>	0.0000 0.0000 -1.0000 0.0000	</row2>
					<row3>	-0.1140 0.8694 0.9940 1.0000	</row3>
				</transform>
			</node>
			<node>
				<identifier>	HP_FX_FloodLight_right_1	</identifier>
				<transform>
					<row0>	1.0000 0.0000 0.0000 0.0000	</row0>
					<row1>	0.0000 1.0000 0.0000 0.0000	</row1>
					<row2>	0.0000 0.0000 1.0000 0.0000	</row2>
					<row3>	0.1195 0.9086 0.9945 1.0000	</row3>
				</transform>
			</node>
			<node>
				<identifier>	HP_FX_Flood_steam_2	</identifier>
				<transform>
					<row0>	1.0000 0.0000 0.0000 0.0000	</row0>
					<row1>	0.0000 1.0000 0.0000 0.0000	</row1>
					<row2>	0.0000 0.0000 1.0000 0.0000	</row2>
					<row3>	-0.1339 1.1294 1.0555 1.0000	</row3>
				</transform>
			</node>
			<node>
				<identifier>	HP_FX_Flood_steam_left	</identifier>
				<transform>
					<row0>	-1.0000 0.0000 0.0000 0.0000	</row0>
					<row1>	0.0000 1.0000 0.0000 0.0000	</row1>
					<row2>	0.0000 0.0000 -1.0000 0.0000	</row2>
					<row3>	-0.4159 0.4275 3.3080 1.0000	</row3>
				</transform>
			</node>
			<node>
				<identifier>	HP_FX_Smoke_1	</identifier>
				<transform>
					<row0>	1.0000 0.0000 0.0000 0.0000	</row0>
					<row1>	0.0000 1.0000 0.0000 0.0000	</row1>
					<row2>	0.0000 0.0000 1.0000 0.0000	</row2>
					<row3>	0.0005 1.0252 0.9355 1.0000	</row3>
				</transform>
			</node>
			<node>
				<identifier>	HP_ID_1	</identifier>
				<transform>
					<row0>	1.0000 0.0000 0.0000 0.0000	</row0>
					<row1>	0.0000 1.0000 0.0000 0.0000	</row1>
					<row2>	0.0000 0.0000 1.0000 0.0000	</row2>
					<row3>	0.0000 0.9064 2.4168 1.0000	</row3>
				</transform>
			</node>
			<node>
				<identifier>	HP_ID_2	</identifier>
				<transform>
					<row0>	1.0000 0.0000 0.0000 0.0000	</row0>
					<row1>	0.0000 1.0000 0.0000 0.0000	</row1>
					<row2>	0.0000 0.0000 1.0000 0.0000	</row2>
					<row3>	0.0000 1.6681 1.8400 1.0000	</row3>
				</transform>
			</node>
			<node>
				<identifier>	HP_ID_3	</identifier>
				<transform>
					<row0>	1.0000 0.0000 0.0000 0.0000	</row0>
					<row1>	0.0000 1.0000 0.0000 0.0000	</row1>
					<row2>	0.0000 0.0000 1.0000 0.0000	</row2>
					<row3>	-0.1901 1.3406 1.6531 1.0000	</row3>
				</transform>
			</node>
			<node>
				<identifier>	HP_ID_4	</identifier>
				<transform>
					<row0>	1.0000 0.0000 0.0000 0.0000	</row0>
					<row1>	0.0000 1.0000 0.0000 0.0000	</row1>
					<row2>	0.0000 0.0000 1.0000 0.0000	</row2>
					<row3>	0.1900 1.3405 1.6531 1.0000	</row3>
				</transform>
			</node>
			<node>
				<identifier>	HP_IGA_1	</identifier>
				<transform>
					<row0>	0.3420 0.0000 0.9397 0.0000	</row0>
					<row1>	0.0000 1.0000 0.0000 0.0000	</row1>
					<row2>	-0.9397 0.0000 0.3420 0.0000	</row2>
					<row3>	-0.2383 0.7743 2.2044 1.0000	</row3>
				</transform>
			</node>
			<node>
				<identifier>	HP_IGA_2	</identifier>
				<transform>
					<row0>	0.4540 0.0000 -0.8910 0.0000	</row0>
					<row1>	0.0000 1.0000 0.0000 0.0000	</row1>
					<row2>	0.8910 0.0000 0.4540 0.0000	</row2>
					<row3>	0.2410 0.7743 2.2043 1.0000	</row3>
				</transform>
			</node>
			<node>
				<identifier>	HP_IGA_3	</identifier>
				<transform>
					<row0>	0.0523 0.0000 0.9986 0.0000	</row0>
					<row1>	0.0000 1.0000 0.0000 0.0000	</row1>
					<row2>	-0.9986 0.0000 0.0523 0.0000	</row2>
					<row3>	-0.3232 0.7755 1.6708 1.0000	</row3>
				</transform>
			</node>
			<node>
				<identifier>	HP_IGA_4	</identifier>
				<transform>
					<row0>	0.0000 0.0000 -1.0000 0.0000	</row0>
					<row1>	0.0000 1.0000 0.0000 0.0000	</row1>
					<row2>	1.0000 0.0000 0.0000 0.0000	</row2>
					<row3>	0.3232 0.7755 1.6708 1.0000	</row3>
				</transform>
			</node>
			<node>
				<identifier>	HP_IGM_1	</identifier>
				<transform>
					<row0>	1.0000 0.0000 0.0000 0.0000	</row0>
					<row1>	0.0000 1.0000 0.0000 0.0000	</row1>
					<row2>	0.0000 0.0000 1.0000 0.0000	</row2>
					<row3>	0.0000 0.4721 3.4506 1.0000	</row3>
				</transform>
			</node>
			<node>
				<identifier>	HP_IGM_2	</identifier>
				<transform>
					<row0>	1.0000 0.0000 0.0000 0.0000	</row0>
					<row1>	0.0000 1.0000 0.0000 0.0000	</row1>
					<row2>	0.0000 0.0000 1.0000 0.0000	</row2>
					<row3>	0.0000 0.6216 2.7893 1.0000	</row3>
				</transform>
			</node>
			<node>
				<identifier>	HP_IGS_1	</identifier>
				<transform>
					<row0>	1.0000 0.0000 0.0000 0.0000	</row0>
					<row1>	0.0000 1.0000 0.0000 0.0000	</row1>
					<row2>	0.0000 0.0000 1.0000 0.0000	</row2>
					<row3>	-0.3363 0.3100 0.4848 1.0000	</row3>
				</transform>
			</node>
			<node>
				<identifier>	HP_IGS_2	</identifier>
				<transform>
					<row0>	1.0000 0.0000 0.0000 0.0000	</row0>
					<row1>	0.0000 1.0000 0.0000 0.0000	</row1>
					<row2>	0.0000 0.0000 1.0000 0.0000	</row2>
					<row3>	0.3363 0.3100 0.4848 1.0000	</row3>
				</transform>
			</node>
			<node>
				<identifier>	HP_flag_courtesy	</identifier>
				<transform>
					<row0>	0.9996 0.0273 -0.0009 0.0000	</row0>
					<row1>	-0.0273 0.9977 -0.0626 0.0000	</row1>
					<row2>	-0.0009 0.0626 0.9980 0.0000	</row2>
					<row3>	0.2016 1.6068 1.5205 1.0000	</row3>
				</transform>
			</node>
			<node>
				<identifier>	HP_flag_house	</identifier>
				<transform>
					<row0>	0.9996 -0.0273 0.0009 0.0000	</row0>
					<row1>	0.0273 0.9977 -0.0626 0.0000	</row1>
					<row2>	0.0009 0.0626 0.9980 0.0000	</row2>
					<row3>	-0.2016 1.6068 1.5205 1.0000	</row3>
				</transform>
			</node>
			<node>
				<identifier>	MP_CM011_Fire_Fighting_Gear	</identifier>
				<transform>
					<row0>	0.7743 0.0000 0.6328 0.0000	</row0>
					<row1>	0.0000 1.0000 0.0000 0.0000	</row1>
					<row2>	-0.6328 0.0000 0.7743 0.0000	</row2>
					<row3>	0.2667 0.3049 0.8266 1.0000	</row3>
				</transform>
			</node>
			<node>
				<identifier>	MP_CM011_Fire_Fighting_Gear_INDEX_1	</identifier>
				<transform>
					<row0>	-0.3390 0.0000 0.9408 0.0000	</row0>
					<row1>	0.0000 1.0000 0.0000 0.0000	</row1>
					<row2>	-0.9408 0.0000 -0.3390 0.0000	</row2>
					<row3>	0.1639 0.4632 2.4555 1.0000	</row3>
				</transform>
			</node>
			<node>
				<identifier>	MP_CM011_Fire_Fighting_Gear_INDEX_2	</identifier>
				<transform>
					<row0>	-0.3390 0.0000 -0.9408 0.0000	</row0>
					<row1>	0.0000 1.0000 0.0000 0.0000	</row1>
					<row2>	0.9408 0.0000 -0.3390 0.0000	</row2>
					<row3>	-0.1639 0.4632 2.4555 1.0000	</row3>
				</transform>
			</node>
			<node>
				<identifier>	MP_CM011_Fire_Fighting_Gear_INDEX_3	</identifier>
				<transform>
					<row0>	0.7743 0.0000 -0.6328 0.0000	</row0>
					<row1>	0.0000 1.0000 0.0000 0.0000	</row1>
					<row2>	0.6328 0.0000 0.7743 0.0000	</row2>
					<row3>	-0.2667 0.3049 0.8266 1.0000	</row3>
				</transform>
			</node>
			<node>
				<identifier>	MP_CM011_Fire_Fighting_Gear_INDEX_4	</identifier>
				<transform>
					<row0>	1.0000 0.0000 0.0000 0.0000	</row0>
					<row1>	0.0000 1.0000 0.0000 0.0000	</row1>
					<row2>	0.0000 0.0000 1.0000 0.0000	</row2>
					<row3>	0.1218 0.4654 1.6480 1.0000	</row3>
				</transform>
			</node>
			<node>
				<identifier>	MP_CM011_Fire_Fighting_Gear_INDEX_5	</identifier>
				<transform>
					<row0>	1.0000 0.0000 0.0000 0.0000	</row0>
					<row1>	0.0000 1.0000 0.0000 0.0000	</row1>
					<row2>	0.0000 0.0000 1.0000 0.0000	</row2>
					<row3>	-0.1218 0.4654 1.6480 1.0000	</row3>
				</transform>
			</node>
			<node>
				<identifier>	MP_CM013_Fire_Hose_Rack_2	</identifier>
				<transform>
					<row0>	-0.6104 0.0000 0.7921 0.0000	</row0>
					<row1>	0.0000 1.0000 0.0000 0.0000	</row1>
					<row2>	-0.7921 0.0000 -0.6104 0.0000	</row2>
					<row3>	0.2675 0.3562 0.8468 1.0000	</row3>
				</transform>
			</node>
			<node>
				<identifier>	MP_CM013_Fire_Hose_Rack_2_INDEX_1	</identifier>
				<transform>
					<row0>	0.6016 0.0000 0.7988 0.0000	</row0>
					<row1>	0.0000 1.0000 0.0000 0.0000	</row1>
					<row2>	-0.7988 0.0000 0.6016 0.0000	</row2>
					<row3>	-0.2675 0.3562 0.8468 1.0000	</row3>
				</transform>
			</node>
			<node>
				<identifier>	MP_CM013_Fire_Hose_Rack_2_INDEX_2	</identifier>
				<transform>
					<row0>	-0.9382 0.0000 -0.3462 0.0000	</row0>
					<row1>	0.0000 1.0000 0.0000 0.0000	</row1>
					<row2>	0.3462 0.0000 -0.9382 0.0000	</row2>
					<row3>	0.1461 0.5189 2.4661 1.0000	</row3>
				</transform>
			</node>
			<node>
				<identifier>	MP_CM013_Fire_Hose_Rack_2_INDEX_3	</identifier>
				<transform>
					<row0>	0.9382 0.0000 -0.3460 0.0000	</row0>
					<row1>	0.0000 1.0000 0.0000 0.0000	</row1>
					<row2>	0.3460 0.0000 0.9382 0.0000	</row2>
					<row3>	-0.1461 0.5189 2.4661 1.0000	</row3>
				</transform>
			</node>
			<node>
				<identifier>	MP_CM013_Fire_Hose_Rack_2_INDEX_4	</identifier>
				<transform>
					<row0>	-0.3358 0.0000 0.9419 0.0000	</row0>
					<row1>	0.0000 1.0000 0.0000 0.0000	</row1>
					<row2>	-0.9419 0.0000 -0.3358 0.0000	</row2>
					<row3>	0.1418 0.5050 1.6607 1.0000	</row3>
				</transform>
			</node>
			<node>
				<identifier>	MP_CM013_Fire_Hose_Rack_2_INDEX_5	</identifier>
				<transform>
					<row0>	0.3438 0.0000 0.9390 0.0000	</row0>
					<row1>	0.0000 1.0000 0.0000 0.0000	</row1>
					<row2>	-0.9390 0.0000 0.3438 0.0000	</row2>
					<row3>	-0.1418 0.5050 1.6607 1.0000	</row3>
				</transform>
			</node>
			<node>
				<identifier>	MP_CM014_Fuel_Oil_Hose	</identifier>
				<transform>
					<row0>	-1.0000 0.0000 -0.0028 0.0000	</row0>
					<row1>	0.0000 -1.0000 0.0000 0.0000	</row1>
					<row2>	-0.0028 0.0000 1.0000 0.0000	</row2>
					<row3>	0.3318 0.3529 1.6554 1.0000	</row3>
				</transform>
			</node>
			<node>
				<identifier>	MP_CM014_Fuel_Oil_Hose_INDEX_1	</identifier>
				<transform>
					<row0>	1.0000 0.0000 -0.0013 0.0000	</row0>
					<row1>	0.0000 1.0000 0.0000 0.0000	</row1>
					<row2>	0.0013 0.0000 1.0000 0.0000	</row2>
					<row3>	-0.3316 0.3529 1.6554 1.0000	</row3>
				</transform>
			</node>
			<node>
				<identifier>	MP_CM029_Emergency_Box	</identifier>
				<transform>
					<row0>	0.0487 0.0000 0.9988 0.0000	</row0>
					<row1>	0.0000 1.0000 0.0000 0.0000	</row1>
					<row2>	-0.9988 0.0000 0.0487 0.0000	</row2>
					<row3>	0.1597 0.8322 1.9337 1.0000	</row3>
				</transform>
			</node>
			<node>
				<identifier>	MP_CM029_Emergency_Box_INDEX_1	</identifier>
				<transform>
					<row0>	0.0487 0.0000 -0.9988 0.0000	</row0>
					<row1>	0.0000 1.0000 0.0000 0.0000	</row1>
					<row2>	0.9988 0.0000 0.0487 0.0000	</row2>
					<row3>	-0.1597 0.8322 1.9337 1.0000	</row3>
				</transform>
			</node>
			<node>
				<identifier>	MP_CM029_Emergency_Box_INDEX_2	</identifier>
				<transform>
					<row0>	0.2028 0.0000 -0.9792 0.0000	</row0>
					<row1>	0.0000 1.0000 0.0000 0.0000	</row1>
					<row2>	0.9792 0.0000 0.2028 0.0000	</row2>
					<row3>	-0.1462 0.9799 1.8055 1.0000	</row3>
				</transform>
			</node>
			<node>
				<identifier>	MP_CM029_Emergency_Box_INDEX_3	</identifier>
				<transform>
					<row0>	0.2028 0.0000 0.9792 0.0000	</row0>
					<row1>	0.0000 1.0000 0.0000 0.0000	</row1>
					<row2>	-0.9792 0.0000 0.2028 0.0000	</row2>
					<row3>	0.1462 0.9799 1.8055 1.0000	</row3>
				</transform>
			</node>
			<node>
				<identifier>	MP_CM029_Emergency_Box_INDEX_4	</identifier>
				<transform>
					<row0>	0.0000 0.0000 1.0000 0.0000	</row0>
					<row1>	-0.1844 0.9829 0.0000 0.0000	</row1>
					<row2>	-0.9829 -0.1844 0.0000 0.0000	</row2>
					<row3>	0.0732 1.2842 1.8356 1.0000	</row3>
				</transform>
			</node>
			<node>
				<identifier>	MP_CM029_Emergency_Box_INDEX_5	</identifier>
				<transform>
					<row0>	0.0000 0.0000 1.0000 0.0000	</row0>
					<row1>	0.0000 1.0000 0.0000 0.0000	</row1>
					<row2>	-1.0000 0.0000 0.0000 0.0000	</row2>
					<row3>	0.3366 0.3664 1.9085 1.0000	</row3>
				</transform>
			</node>
			<node>
				<identifier>	MP_CM029_Emergency_Box_INDEX_6	</identifier>
				<transform>
					<row0>	0.0000 0.0000 -1.0000 0.0000	</row0>
					<row1>	0.0000 1.0000 0.0000 0.0000	</row1>
					<row2>	1.0000 0.0000 0.0000 0.0000	</row2>
					<row3>	-0.3366 0.3664 1.9085 1.0000	</row3>
				</transform>
			</node>
			<node>
				<identifier>	MP_CM030_Swab_Rack_2	</identifier>
				<transform>
					<row0>	0.0000 0.0000 1.0000 0.0000	</row0>
					<row1>	0.0000 1.0000 0.0000 0.0000	</row1>
					<row2>	-1.0000 0.0000 0.0000 0.0000	</row2>
					<row3>	-0.3284 0.3021 1.8379 1.0000	</row3>
				</transform>
			</node>
			<node>
				<identifier>	MP_CM030_Swab_Rack_2_INDEX_1	</identifier>
				<transform>
					<row0>	0.0000 0.0000 -1.0000 0.0000	</row0>
					<row1>	0.0000 1.0000 0.0000 0.0000	</row1>
					<row2>	1.0000 0.0000 0.0000 0.0000	</row2>
					<row3>	0.3284 0.3021 1.8379 1.0000	</row3>
				</transform>
			</node>
			<node>
				<identifier>	MP_CM040_Steering_Wheel	</identifier>
				<transform>
					<row0>	1.0000 0.0000 0.0000 0.0000	</row0>
					<row1>	0.0000 1.0000 0.0000 0.0000	</row1>
					<row2>	0.0000 0.0000 1.0000 0.0000	</row2>
					<row3>	-0.0480 1.0833 2.1093 1.0000	</row3>
				</transform>
			</node>
			<node>
				<identifier>	MP_CM052_Fender	</identifier>
				<transform>
					<row0>	0.0000 0.0000 -0.6571 0.0000	</row0>
					<row1>	0.0000 0.6571 0.0000 0.0000	</row1>
					<row2>	0.6571 0.0000 0.0000 0.0000	</row2>
					<row3>	0.3355 0.4632 1.7935 1.0000	</row3>
				</transform>
			</node>
			<node>
				<identifier>	MP_CM052_Fender_INDEX_1	</identifier>
				<transform>
					<row0>	0.0000 0.0000 -0.6571 0.0000	</row0>
					<row1>	0.0000 0.6571 0.0000 0.0000	</row1>
					<row2>	0.6571 0.0000 0.0000 0.0000	</row2>
					<row3>	0.3529 0.3042 0.9416 1.0000	</row3>
				</transform>
			</node>
			<node>
				<identifier>	MP_CM052_Fender_INDEX_2	</identifier>
				<transform>
					<row0>	0.0000 0.0000 0.6571 0.0000	</row0>
					<row1>	0.0000 0.6571 0.0000 0.0000	</row1>
					<row2>	-0.6571 0.0000 0.0000 0.0000	</row2>
					<row3>	-0.3529 0.3042 1.0383 1.0000	</row3>
				</transform>
			</node>
			<node>
				<identifier>	MP_CM052_Fender_INDEX_3	</identifier>
				<transform>
					<row0>	0.0000 0.0000 0.6571 0.0000	</row0>
					<row1>	0.0000 0.6571 0.0000 0.0000	</row1>
					<row2>	-0.6571 0.0000 0.0000 0.0000	</row2>
					<row3>	-0.3355 0.4632 1.7935 1.0000	</row3>
				</transform>
			</node>
			<node>
				<identifier>	MP_CM056_Ships_bell	</identifier>
				<transform>
					<row0>	1.0000 0.0000 0.0000 0.0000	</row0>
					<row1>	0.0000 1.0000 0.0000 0.0000	</row1>
					<row2>	0.0000 0.0000 1.0000 0.0000	</row2>
					<row3>	-0.0005 1.0476 2.1605 1.0000	</row3>
				</transform>
			</node>
			<node>
				<identifier>	MP_CM059_Ladder_Cruiser	</identifier>
				<transform>
					<row0>	0.0000 0.7878 0.0000 0.0000	</row0>
					<row1>	-0.7878 0.0000 -0.0031 0.0000	</row1>
					<row2>	-0.0031 0.0000 0.7878 0.0000	</row2>
					<row3>	-0.4487 0.3382 0.2195 1.0000	</row3>
				</transform>
			</node>
			<node>
				<identifier>	MP_CM092_Siren	</identifier>
				<transform>
					<row0>	1.0000 0.0000 0.0000 0.0000	</row0>
					<row1>	0.0000 1.0000 0.0000 0.0000	</row1>
					<row2>	0.0000 0.0000 1.0000 0.0000	</row2>
					<row3>	0.0274 0.9540 1.1538 1.0000	</row3>
				</transform>
			</node>
			<node>
				<identifier>	MP_CM120_Chair_Captain	</identifier>
				<transform>
					<row0>	1.0000 0.0000 0.0000 0.0000	</row0>
					<row1>	0.0000 1.0000 0.0000 0.0000	</row1>
					<row2>	0.0000 0.0000 1.0000 0.0000	</row2>
					<row3>	0.0601 1.0835 2.0647 1.0000	</row3>
				</transform>
			</node>
			<node>
				<identifier>	MP_CM149_Telegraph	</identifier>
				<transform>
					<row0>	0.0000 0.0000 1.0000 0.0000	</row0>
					<row1>	0.0000 1.0000 0.0000 0.0000	</row1>
					<row2>	-1.0000 0.0000 0.0000 0.0000	</row2>
					<row3>	0.0876 1.0835 2.0261 1.0000	</row3>
				</transform>
			</node>
			<node>
				<identifier>	MP_FM020_Siren	</identifier>
				<transform>
					<row0>	1.0000 0.0000 0.0000 0.0000	</row0>
					<row1>	0.0000 1.0000 0.0000 0.0000	</row1>
					<row2>	0.0000 0.0000 1.0000 0.0000	</row2>
					<row3>	-0.0274 0.9540 1.1538 1.0000	</row3>
				</transform>
			</node>
			<node>
				<identifier>	MP_IM001_Paramine_Tipo_C	</identifier>
				<transform>
					<row0>	0.0000 1.0000 0.0000 0.0000	</row0>
					<row1>	0.0000 0.0000 1.0000 0.0000	</row1>
					<row2>	1.0000 0.0000 0.0000 0.0000	</row2>
					<row3>	0.0000 0.5452 2.9910 1.0000	</row3>
				</transform>
			</node>
			<node>
				<identifier>	MP_IM001_Paramine_Tipo_C_INDEX_1	</identifier>
				<transform>
					<row0>	0.0000 1.0000 0.0000 0.0000	</row0>
					<row1>	0.9695 0.0000 0.2450 0.0000	</row1>
					<row2>	0.2450 0.0000 -0.9695 0.0000	</row2>
					<row3>	-0.2117 0.5452 2.6675 1.0000	</row3>
				</transform>
			</node>
			<node>
				<identifier>	MP_IM001_Paramine_Tipo_C_INDEX_2	</identifier>
				<transform>
					<row0>	0.0000 -1.0000 0.0000 0.0000	</row0>
					<row1>	-0.9695 0.0000 0.2450 0.0000	</row1>
					<row2>	-0.2450 0.0000 -0.9695 0.0000	</row2>
					<row3>	0.2116 0.5452 2.6675 1.0000	</row3>
				</transform>
			</node>
			<node>
				<identifier>	MP_IM010_Life_Jacket	</identifier>
				<transform>
					<row0>	0.5317 0.0000 -0.8469 0.0000	</row0>
					<row1>	-0.0294 0.9230 -0.0185 0.0000	</row1>
					<row2>	0.8463 0.0376 0.5313 0.0000	</row2>
					<row3>	-0.4562 0.3750 0.6393 1.0000	</row3>
				</transform>
			</node>
			<node>
				<identifier>	MP_IM010_Life_Jacket_INDEX_1	</identifier>
				<transform>
					<row0>	0.7606 0.0000 -0.6493 0.0000	</row0>
					<row1>	0.0000 1.0548 0.0000 0.0000	</row1>
					<row2>	0.6493 0.0000 0.7606 0.0000	</row2>
					<row3>	-0.4779 0.3728 0.6195 1.0000	</row3>
				</transform>
			</node>
			<node>
				<identifier>	MP_IM010_Life_Jacket_INDEX_10	</identifier>
				<transform>
					<row0>	0.7625 -0.0262 0.6465 0.0000	</row0>
					<row1>	0.0200 0.9997 0.0170 0.0000	</row1>
					<row2>	-0.6467 0.0000 0.7627 0.0000	</row2>
					<row3>	-0.4781 0.3741 0.3834 1.0000	</row3>
				</transform>
			</node>
			<node>
				<identifier>	MP_IM010_Life_Jacket_INDEX_11	</identifier>
				<transform>
					<row0>	0.5494 0.0000 0.8356 0.0000	</row0>
					<row1>	0.0456 1.0566 -0.0300 0.0000	</row1>
					<row2>	-0.8344 0.0516 0.5487 0.0000	</row2>
					<row3>	-0.4585 0.3734 0.3654 1.0000	</row3>
				</transform>
			</node>
			<node>
				<identifier>	MP_IM010_Life_Jacket_INDEX_12	</identifier>
				<transform>
					<row0>	-0.1025 0.0260 0.9944 0.0000	</row0>
					<row1>	0.0253 0.9994 -0.0235 0.0000	</row1>
					<row2>	-0.9944 0.0228 -0.1031 0.0000	</row2>
					<row3>	0.0161 0.5322 0.6452 1.0000	</row3>
				</transform>
			</node>
			<node>
				<identifier>	MP_IM010_Life_Jacket_INDEX_13	</identifier>
				<transform>
					<row0>	-0.3786 0.0000 0.9256 0.0000	</row0>
					<row1>	-0.0227 1.0534 -0.0093 0.0000	</row1>
					<row2>	-0.9253 -0.0233 -0.3785 0.0000	</row2>
					<row3>	0.0634 0.5322 0.6567 1.0000	</row3>
				</transform>
			</node>
			<node>
				<identifier>	MP_IM010_Life_Jacket_INDEX_14	</identifier>
				<transform>
					<row0>	-0.2266 -0.0326 0.9734 0.0000	</row0>
					<row1>	-0.0070 0.9448 0.0300 0.0000	</row1>
					<row2>	-0.9740 0.0000 -0.2268 0.0000	</row2>
					<row3>	0.0397 0.5322 0.6493 1.0000	</row3>
				</transform>
			</node>
			<node>
				<identifier>	MP_IM010_Life_Jacket_INDEX_15	</identifier>
				<transform>
					<row0>	-0.6737 0.0000 0.7390 0.0000	</row0>
					<row1>	-0.0412 0.9984 -0.0376 0.0000	</row1>
					<row2>	-0.7379 -0.0557 -0.6726 0.0000	</row2>
					<row3>	0.1292 0.5331 0.6986 1.0000	</row3>
				</transform>
			</node>
			<node>
				<identifier>	MP_IM010_Life_Jacket_INDEX_16	</identifier>
				<transform>
					<row0>	-0.5861 0.0000 0.8102 0.0000	</row0>
					<row1>	0.0000 1.0651 0.0000 0.0000	</row1>
					<row2>	-0.8102 0.0000 -0.5861 0.0000	</row2>
					<row3>	0.1114 0.5322 0.6841 1.0000	</row3>
				</transform>
			</node>
			<node>
				<identifier>	MP_IM010_Life_Jacket_INDEX_17	</identifier>
				<transform>
					<row0>	-0.9995 -0.0310 -0.0005 0.0000	</row0>
					<row1>	-0.0303 0.9772 0.0169 0.0000	</row1>
					<row2>	0.0000 0.0173 -0.9999 0.0000	</row2>
					<row3>	0.1825 0.5322 0.7227 1.0000	</row3>
				</transform>
			</node>
			<node>
				<identifier>	MP_IM010_Life_Jacket_INDEX_18	</identifier>
				<transform>
					<row0>	-1.0000 0.0000 0.0000 0.0000	</row0>
					<row1>	0.0000 0.9988 -0.0488 0.0000	</row1>
					<row2>	0.0000 -0.0488 -0.9988 0.0000	</row2>
					<row3>	0.1825 0.5324 0.7707 1.0000	</row3>
				</transform>
			</node>
			<node>
				<identifier>	MP_IM010_Life_Jacket_INDEX_19	</identifier>
				<transform>
					<row0>	-1.0000 0.0000 0.0000 0.0000	</row0>
					<row1>	0.0000 1.0443 0.0000 0.0000	</row1>
					<row2>	0.0000 0.0000 -1.0000 0.0000	</row2>
					<row3>	0.1825 0.5322 0.7466 1.0000	</row3>
				</transform>
			</node>
			<node>
				<identifier>	MP_IM010_Life_Jacket_INDEX_2	</identifier>
				<transform>
					<row0>	0.8931 -0.0534 -0.4467 0.0000	</row0>
					<row1>	0.0456 0.9548 -0.0228 0.0000	</row1>
					<row2>	0.4473 0.0000 0.8944 0.0000	</row2>
					<row3>	-0.4953 0.3742 0.5931 1.0000	</row3>
				</transform>
			</node>
			<node>
				<identifier>	MP_IM010_Life_Jacket_INDEX_20	</identifier>
				<transform>
					<row0>	-0.6203 0.0000 0.7844 0.0000	</row0>
					<row1>	0.0076 1.1005 0.0060 0.0000	</row1>
					<row2>	-0.7843 0.0089 -0.6203 0.0000	</row2>
					<row3>	0.1958 0.5328 0.7946 1.0000	</row3>
				</transform>
			</node>
			<node>
				<identifier>	MP_IM010_Life_Jacket_INDEX_21	</identifier>
				<transform>
					<row0>	-0.6197 -0.0454 0.7836 0.0000	</row0>
					<row1>	-0.0282 0.9990 0.0356 0.0000	</row1>
					<row2>	-0.7844 0.0000 -0.6203 0.0000	</row2>
					<row3>	0.2182 0.5322 0.8124 1.0000	</row3>
				</transform>
			</node>
			<node>
				<identifier>	MP_IM010_Life_Jacket_INDEX_22	</identifier>
				<transform>
					<row0>	-0.6203 0.0000 0.7844 0.0000	</row0>
					<row1>	0.0000 1.0329 0.0000 0.0000	</row1>
					<row2>	-0.7844 0.0000 -0.6203 0.0000	</row2>
					<row3>	0.2370 0.5333 0.8272 1.0000	</row3>
				</transform>
			</node>
			<node>
				<identifier>	MP_IM010_Life_Jacket_INDEX_23	</identifier>
				<transform>
					<row0>	-0.6168 -0.0751 0.7836 0.0000	</row0>
					<row1>	-0.0910 1.0617 0.0301 0.0000	</row1>
					<row2>	-0.7825 -0.0495 -0.6207 0.0000	</row2>
					<row3>	0.2580 0.5338 0.8439 1.0000	</row3>
				</transform>
			</node>
			<node>
				<identifier>	MP_IM010_Life_Jacket_INDEX_24	</identifier>
				<transform>
					<row0>	0.9975 0.0700 -0.0021 0.0000	</row0>
					<row1>	-0.0700 0.9971 -0.0295 0.0000	</row1>
					<row2>	0.0000 0.0296 0.9996 0.0000	</row2>
					<row3>	0.4439 0.3732 0.2659 1.0000	</row3>
				</transform>
			</node>
			<node>
				<identifier>	MP_IM010_Life_Jacket_INDEX_25	</identifier>
				<transform>
					<row0>	1.0000 0.0000 0.0000 0.0000	</row0>
					<row1>	0.0000 0.9664 0.0147 0.0000	</row1>
					<row2>	0.0000 -0.0152 0.9999 0.0000	</row2>
					<row3>	0.4439 0.3732 0.2415 1.0000	</row3>
				</transform>
			</node>
			<node>
				<identifier>	MP_IM010_Life_Jacket_INDEX_26	</identifier>
				<transform>
					<row0>	0.9995 0.0315 0.0000 0.0000	</row0>
					<row1>	-0.0332 1.0541 0.0000 0.0000	</row1>
					<row2>	0.0000 0.0000 1.0000 0.0000	</row2>
					<row3>	0.4439 0.3732 0.2172 1.0000	</row3>
				</transform>
			</node>
			<node>
				<identifier>	MP_IM010_Life_Jacket_INDEX_27	</identifier>
				<transform>
					<row0>	1.0000 0.0000 0.0000 0.0000	</row0>
					<row1>	0.0000 1.0000 0.0000 0.0000	</row1>
					<row2>	0.0000 0.0000 1.0000 0.0000	</row2>
					<row3>	0.4439 0.3741 0.1936 1.0000	</row3>
				</transform>
			</node>
			<node>
				<identifier>	MP_IM010_Life_Jacket_INDEX_28	</identifier>
				<transform>
					<row0>	1.0000 0.0000 0.0000 0.0000	</row0>
					<row1>	0.0000 1.0104 0.0332 0.0000	</row1>
					<row2>	0.0000 -0.0329 0.9995 0.0000	</row2>
					<row3>	0.4439 0.3736 0.1683 1.0000	</row3>
				</transform>
			</node>
			<node>
				<identifier>	MP_IM010_Life_Jacket_INDEX_29	</identifier>
				<transform>
					<row0>	1.0000 0.0000 0.0000 0.0000	</row0>
					<row1>	0.0000 0.9233 0.0000 0.0000	</row1>
					<row2>	0.0000 0.0000 1.0000 0.0000	</row2>
					<row3>	0.4439 0.3732 0.1204 1.0000	</row3>
				</transform>
			</node>
			<node>
				<identifier>	MP_IM010_Life_Jacket_INDEX_3	</identifier>
				<transform>
					<row0>	0.9667 -0.0224 -0.2550 0.0000	</row0>
					<row1>	0.0137 1.0338 -0.0386 0.0000	</row1>
					<row2>	0.2556 0.0327 0.9662 0.0000	</row2>
					<row3>	-0.5067 0.3736 0.5638 1.0000	</row3>
				</transform>
			</node>
			<node>
				<identifier>	MP_IM010_Life_Jacket_INDEX_30	</identifier>
				<transform>
					<row0>	0.9999 0.0120 0.0000 0.0000	</row0>
					<row1>	-0.0120 0.9999 0.0000 0.0000	</row1>
					<row2>	0.0000 0.0000 1.0000 0.0000	</row2>
					<row3>	0.4439 0.3732 0.1437 1.0000	</row3>
				</transform>
			</node>
			<node>
				<identifier>	MP_IM010_Life_Jacket_INDEX_31	</identifier>
				<transform>
					<row0>	1.0000 0.0000 0.0000 0.0000	</row0>
					<row1>	0.0000 1.0000 0.0000 0.0000	</row1>
					<row2>	0.0000 0.0000 1.0000 0.0000	</row2>
					<row3>	0.4439 0.3732 0.0933 1.0000	</row3>
				</transform>
			</node>
			<node>
				<identifier>	MP_IM010_Life_Jacket_INDEX_32	</identifier>
				<transform>
					<row0>	1.0000 0.0000 0.0000 0.0000	</row0>
					<row1>	0.0000 0.9994 0.0346 0.0000	</row1>
					<row2>	0.0000 -0.0346 0.9994 0.0000	</row2>
					<row3>	0.4439 0.3733 0.0653 1.0000	</row3>
				</transform>
			</node>
			<node>
				<identifier>	MP_IM010_Life_Jacket_INDEX_33	</identifier>
				<transform>
					<row0>	1.0000 0.0000 0.0000 0.0000	</row0>
					<row1>	0.0000 1.0549 -0.0081 0.0000	</row1>
					<row2>	0.0000 0.0077 1.0000 0.0000	</row2>
					<row3>	-0.4439 0.3737 0.3397 1.0000	</row3>
				</transform>
			</node>
			<node>
				<identifier>	MP_IM010_Life_Jacket_INDEX_34	</identifier>
				<transform>
					<row0>	1.0000 0.0000 0.0000 0.0000	</row0>
					<row1>	0.0000 1.0000 0.0000 0.0000	</row1>
					<row2>	0.0000 0.0000 1.0000 0.0000	</row2>
					<row3>	-0.4439 0.3732 0.3085 1.0000	</row3>
				</transform>
			</node>
			<node>
				<identifier>	MP_IM010_Life_Jacket_INDEX_35	</identifier>
				<transform>
					<row0>	1.0000 0.0000 0.0000 0.0000	</row0>
					<row1>	0.0000 0.9980 0.0631 0.0000	</row1>
					<row2>	0.0000 -0.0631 0.9980 0.0000	</row2>
					<row3>	-0.4420 0.3733 0.6636 1.0000	</row3>
				</transform>
			</node>
			<node>
				<identifier>	MP_IM010_Life_Jacket_INDEX_36	</identifier>
				<transform>
					<row0>	0.9995 -0.0324 0.0000 0.0000	</row0>
					<row1>	0.0335 1.0324 0.0000 0.0000	</row1>
					<row2>	0.0000 0.0000 1.0000 0.0000	</row2>
					<row3>	-0.4420 0.3734 0.6919 1.0000	</row3>
				</transform>
			</node>
			<node>
				<identifier>	MP_IM010_Life_Jacket_INDEX_37	</identifier>
				<transform>
					<row0>	0.9993 -0.0370 0.0017 0.0000	</row0>
					<row1>	0.0370 0.9983 -0.0453 0.0000	</row1>
					<row2>	0.0000 0.0453 0.9990 0.0000	</row2>
					<row3>	-0.4420 0.3734 0.7398 1.0000	</row3>
				</transform>
			</node>
			<node>
				<identifier>	MP_IM010_Life_Jacket_INDEX_38	</identifier>
				<transform>
					<row0>	1.0000 0.0000 0.0000 0.0000	</row0>
					<row1>	0.0000 0.8914 0.0171 0.0000	</row1>
					<row2>	0.0000 -0.0192 0.9998 0.0000	</row2>
					<row3>	-0.4420 0.3734 0.7156 1.0000	</row3>
				</transform>
			</node>
			<node>
				<identifier>	MP_IM010_Life_Jacket_INDEX_39	</identifier>
				<transform>
					<row0>	0.9997 -0.0263 0.0007 0.0000	</row0>
					<row1>	0.0278 1.0542 -0.0273 0.0000	</row1>
					<row2>	0.0000 0.0259 0.9997 0.0000	</row2>
					<row3>	-0.4420 0.3734 0.7694 1.0000	</row3>
				</transform>
			</node>
			<node>
				<identifier>	MP_IM010_Life_Jacket_INDEX_4	</identifier>
				<transform>
					<row0>	0.9843 -0.0445 -0.1709 0.0000	</row0>
					<row1>	0.0434 0.9880 -0.0075 0.0000	</row1>
					<row2>	0.1711 0.0000 0.9853 0.0000	</row2>
					<row3>	-0.5118 0.3737 0.5415 1.0000	</row3>
				</transform>
			</node>
			<node>
				<identifier>	MP_IM010_Life_Jacket_INDEX_40	</identifier>
				<transform>
					<row0>	1.0000 0.0000 0.0000 0.0000	</row0>
					<row1>	0.0000 1.0000 0.0000 0.0000	</row1>
					<row2>	0.0000 0.0000 1.0000 0.0000	</row2>
					<row3>	0.4420 0.3737 0.7960 1.0000	</row3>
				</transform>
			</node>
			<node>
				<identifier>	MP_IM010_Life_Jacket_INDEX_41	</identifier>
				<transform>
					<row0>	1.0000 0.0000 0.0000 0.0000	</row0>
					<row1>	0.0000 0.9980 0.0631 0.0000	</row1>
					<row2>	0.0000 -0.0631 0.9980 0.0000	</row2>
					<row3>	0.4420 0.3733 0.6636 1.0000	</row3>
				</transform>
			</node>
			<node>
				<identifier>	MP_IM010_Life_Jacket_INDEX_42	</identifier>
				<transform>
					<row0>	0.9995 0.0324 0.0000 0.0000	</row0>
					<row1>	-0.0335 1.0324 0.0000 0.0000	</row1>
					<row2>	0.0000 0.0000 1.0000 0.0000	</row2>
					<row3>	0.4420 0.3734 0.6919 1.0000	</row3>
				</transform>
			</node>
			<node>
				<identifier>	MP_IM010_Life_Jacket_INDEX_43	</identifier>
				<transform>
					<row0>	1.0000 0.0000 0.0000 0.0000	</row0>
					<row1>	0.0000 0.8914 0.0171 0.0000	</row1>
					<row2>	0.0000 -0.0192 0.9998 0.0000	</row2>
					<row3>	0.4420 0.3734 0.7156 1.0000	</row3>
				</transform>
			</node>
			<node>
				<identifier>	MP_IM010_Life_Jacket_INDEX_44	</identifier>
				<transform>
					<row0>	0.9993 0.0370 -0.0017 0.0000	</row0>
					<row1>	-0.0370 0.9983 -0.0453 0.0000	</row1>
					<row2>	0.0000 0.0453 0.9990 0.0000	</row2>
					<row3>	0.4420 0.3734 0.7398 1.0000	</row3>
				</transform>
			</node>
			<node>
				<identifier>	MP_IM010_Life_Jacket_INDEX_45	</identifier>
				<transform>
					<row0>	0.9997 0.0263 -0.0007 0.0000	</row0>
					<row1>	-0.0278 1.0542 -0.0273 0.0000	</row1>
					<row2>	0.0000 0.0259 0.9997 0.0000	</row2>
					<row3>	0.4420 0.3734 0.7694 1.0000	</row3>
				</transform>
			</node>
			<node>
				<identifier>	MP_IM010_Life_Jacket_INDEX_46	</identifier>
				<transform>
					<row0>	0.5317 0.0000 0.8469 0.0000	</row0>
					<row1>	0.0294 0.9230 -0.0185 0.0000	</row1>
					<row2>	-0.8463 0.0376 0.5313 0.0000	</row2>
					<row3>	0.4562 0.3750 0.6393 1.0000	</row3>
				</transform>
			</node>
			<node>
				<identifier>	MP_IM010_Life_Jacket_INDEX_47	</identifier>
				<transform>
					<row0>	0.7606 0.0000 0.6493 0.0000	</row0>
					<row1>	0.0000 1.0548 0.0000 0.0000	</row1>
					<row2>	-0.6493 0.0000 0.7606 0.0000	</row2>
					<row3>	0.4779 0.3728 0.6195 1.0000	</row3>
				</transform>
			</node>
			<node>
				<identifier>	MP_IM010_Life_Jacket_INDEX_48	</identifier>
				<transform>
					<row0>	0.8931 0.0534 0.4467 0.0000	</row0>
					<row1>	-0.0456 0.9548 -0.0228 0.0000	</row1>
					<row2>	-0.4473 0.0000 0.8944 0.0000	</row2>
					<row3>	0.4953 0.3742 0.5931 1.0000	</row3>
				</transform>
			</node>
			<node>
				<identifier>	MP_IM010_Life_Jacket_INDEX_49	</identifier>
				<transform>
					<row0>	0.9667 0.0224 0.2550 0.0000	</row0>
					<row1>	-0.0137 1.0338 -0.0386 0.0000	</row1>
					<row2>	-0.2556 0.0327 0.9662 0.0000	</row2>
					<row3>	0.5067 0.3736 0.5638 1.0000	</row3>
				</transform>
			</node>
			<node>
				<identifier>	MP_IM010_Life_Jacket_INDEX_5	</identifier>
				<transform>
					<row0>	0.9966 0.0000 -0.0825 0.0000	</row0>
					<row1>	0.0041 0.9988 0.0495 0.0000	</row1>
					<row2>	0.0824 -0.0497 0.9954 0.0000	</row2>
					<row3>	-0.5151 0.3737 0.5151 1.0000	</row3>
				</transform>
			</node>
			<node>
				<identifier>	MP_IM010_Life_Jacket_INDEX_50	</identifier>
				<transform>
					<row0>	0.9843 0.0445 0.1709 0.0000	</row0>
					<row1>	-0.0434 0.9880 -0.0075 0.0000	</row1>
					<row2>	-0.1711 0.0000 0.9853 0.0000	</row2>
					<row3>	0.5118 0.3737 0.5415 1.0000	</row3>
				</transform>
			</node>
			<node>
				<identifier>	MP_IM010_Life_Jacket_INDEX_51	</identifier>
				<transform>
					<row0>	0.9966 0.0000 0.0825 0.0000	</row0>
					<row1>	-0.0041 0.9988 0.0495 0.0000	</row1>
					<row2>	-0.0824 -0.0497 0.9954 0.0000	</row2>
					<row3>	0.5151 0.3737 0.5151 1.0000	</row3>
				</transform>
			</node>
			<node>
				<identifier>	MP_IM010_Life_Jacket_INDEX_52	</identifier>
				<transform>
					<row0>	0.9968 0.0000 -0.0795 0.0000	</row0>
					<row1>	-0.0022 1.0330 -0.0276 0.0000	</row1>
					<row2>	0.0795 0.0268 0.9965 0.0000	</row2>
					<row3>	0.5153 0.3734 0.4887 1.0000	</row3>
				</transform>
			</node>
			<node>
				<identifier>	MP_IM010_Life_Jacket_INDEX_53	</identifier>
				<transform>
					<row0>	0.9864 0.0000 -0.1641 0.0000	</row0>
					<row1>	0.0000 1.0000 0.0000 0.0000	</row1>
					<row2>	0.1641 0.0000 0.9864 0.0000	</row2>
					<row3>	0.5124 0.3738 0.4623 1.0000	</row3>
				</transform>
			</node>
			<node>
				<identifier>	MP_IM010_Life_Jacket_INDEX_54	</identifier>
				<transform>
					<row0>	0.9646 0.0000 -0.2637 0.0000	</row0>
					<row1>	0.0000 1.0000 0.0000 0.0000	</row1>
					<row2>	0.2637 0.0000 0.9646 0.0000	</row2>
					<row3>	0.5071 0.3728 0.4400 1.0000	</row3>
				</transform>
			</node>
			<node>
				<identifier>	MP_IM010_Life_Jacket_INDEX_55	</identifier>
				<transform>
					<row0>	0.8960 0.0000 -0.4440 0.0000	</row0>
					<row1>	0.0000 0.9672 0.0000 0.0000	</row1>
					<row2>	0.4440 0.0000 0.8960 0.0000	</row2>
					<row3>	0.4962 0.3742 0.4124 1.0000	</row3>
				</transform>
			</node>
			<node>
				<identifier>	MP_IM010_Life_Jacket_INDEX_56	</identifier>
				<transform>
					<row0>	0.7625 0.0262 -0.6465 0.0000	</row0>
					<row1>	-0.0200 0.9997 0.0170 0.0000	</row1>
					<row2>	0.6467 0.0000 0.7627 0.0000	</row2>
					<row3>	0.4781 0.3741 0.3834 1.0000	</row3>
				</transform>
			</node>
			<node>
				<identifier>	MP_IM010_Life_Jacket_INDEX_57	</identifier>
				<transform>
					<row0>	0.5494 0.0000 -0.8356 0.0000	</row0>
					<row1>	-0.0456 1.0566 -0.0300 0.0000	</row1>
					<row2>	0.8344 0.0516 0.5487 0.0000	</row2>
					<row3>	0.4585 0.3734 0.3654 1.0000	</row3>
				</transform>
			</node>
			<node>
				<identifier>	MP_IM010_Life_Jacket_INDEX_58	</identifier>
				<transform>
					<row0>	1.0000 0.0000 0.0000 0.0000	</row0>
					<row1>	0.0000 1.0549 -0.0081 0.0000	</row1>
					<row2>	0.0000 0.0077 1.0000 0.0000	</row2>
					<row3>	0.4439 0.3737 0.3397 1.0000	</row3>
				</transform>
			</node>
			<node>
				<identifier>	MP_IM010_Life_Jacket_INDEX_59	</identifier>
				<transform>
					<row0>	1.0000 0.0000 0.0000 0.0000	</row0>
					<row1>	0.0000 1.0000 0.0000 0.0000	</row1>
					<row2>	0.0000 0.0000 1.0000 0.0000	</row2>
					<row3>	0.4439 0.3732 0.3148 1.0000	</row3>
				</transform>
			</node>
			<node>
				<identifier>	MP_IM010_Life_Jacket_INDEX_6	</identifier>
				<transform>
					<row0>	0.9968 0.0000 0.0795 0.0000	</row0>
					<row1>	0.0022 1.0330 -0.0276 0.0000	</row1>
					<row2>	-0.0795 0.0268 0.9965 0.0000	</row2>
					<row3>	-0.5153 0.3734 0.4887 1.0000	</row3>
				</transform>
			</node>
			<node>
				<identifier>	MP_IM010_Life_Jacket_INDEX_60	</identifier>
				<transform>
					<row0>	1.0000 0.0000 0.0000 0.0000	</row0>
					<row1>	0.0000 1.0329 0.0000 0.0000	</row1>
					<row2>	0.0000 0.0000 1.0000 0.0000	</row2>
					<row3>	0.4439 0.3732 0.2914 1.0000	</row3>
				</transform>
			</node>
			<node>
				<identifier>	MP_IM010_Life_Jacket_INDEX_61	</identifier>
				<transform>
					<row0>	-0.9995 0.0310 0.0005 0.0000	</row0>
					<row1>	0.0303 0.9772 0.0169 0.0000	</row1>
					<row2>	0.0000 0.0173 -0.9999 0.0000	</row2>
					<row3>	-0.1825 0.5322 0.7227 1.0000	</row3>
				</transform>
			</node>
			<node>
				<identifier>	MP_IM010_Life_Jacket_INDEX_62	</identifier>
				<transform>
					<row0>	-1.0000 0.0000 0.0000 0.0000	</row0>
					<row1>	0.0000 1.0443 0.0000 0.0000	</row1>
					<row2>	0.0000 0.0000 -1.0000 0.0000	</row2>
					<row3>	-0.1825 0.5322 0.7466 1.0000	</row3>
				</transform>
			</node>
			<node>
				<identifier>	MP_IM010_Life_Jacket_INDEX_63	</identifier>
				<transform>
					<row0>	-1.0000 0.0000 0.0000 0.0000	</row0>
					<row1>	0.0000 0.9988 -0.0488 0.0000	</row1>
					<row2>	0.0000 -0.0488 -0.9988 0.0000	</row2>
					<row3>	-0.1825 0.5324 0.7707 1.0000	</row3>
				</transform>
			</node>
			<node>
				<identifier>	MP_IM010_Life_Jacket_INDEX_64	</identifier>
				<transform>
					<row0>	-0.6203 0.0000 -0.7844 0.0000	</row0>
					<row1>	-0.0076 1.1005 0.0060 0.0000	</row1>
					<row2>	0.7843 0.0089 -0.6203 0.0000	</row2>
					<row3>	-0.1958 0.5328 0.7946 1.0000	</row3>
				</transform>
			</node>
			<node>
				<identifier>	MP_IM010_Life_Jacket_INDEX_65	</identifier>
				<transform>
					<row0>	-0.6197 0.0454 -0.7836 0.0000	</row0>
					<row1>	0.0282 0.9990 0.0356 0.0000	</row1>
					<row2>	0.7844 0.0000 -0.6203 0.0000	</row2>
					<row3>	-0.2182 0.5322 0.8124 1.0000	</row3>
				</transform>
			</node>
			<node>
				<identifier>	MP_IM010_Life_Jacket_INDEX_66	</identifier>
				<transform>
					<row0>	-0.6203 0.0000 -0.7844 0.0000	</row0>
					<row1>	0.0000 1.0329 0.0000 0.0000	</row1>
					<row2>	0.7844 0.0000 -0.6203 0.0000	</row2>
					<row3>	-0.2370 0.5333 0.8272 1.0000	</row3>
				</transform>
			</node>
			<node>
				<identifier>	MP_IM010_Life_Jacket_INDEX_67	</identifier>
				<transform>
					<row0>	-0.6168 0.0751 -0.7836 0.0000	</row0>
					<row1>	0.0910 1.0617 0.0301 0.0000	</row1>
					<row2>	0.7825 -0.0495 -0.6207 0.0000	</row2>
					<row3>	-0.2580 0.5338 0.8439 1.0000	</row3>
				</transform>
			</node>
			<node>
				<identifier>	MP_IM010_Life_Jacket_INDEX_68	</identifier>
				<transform>
					<row0>	-0.6737 0.0000 -0.7390 0.0000	</row0>
					<row1>	0.0412 0.9984 -0.0376 0.0000	</row1>
					<row2>	0.7379 -0.0557 -0.6726 0.0000	</row2>
					<row3>	-0.1292 0.5331 0.6986 1.0000	</row3>
				</transform>
			</node>
			<node>
				<identifier>	MP_IM010_Life_Jacket_INDEX_69	</identifier>
				<transform>
					<row0>	-0.5861 0.0000 -0.8102 0.0000	</row0>
					<row1>	0.0000 1.0651 0.0000 0.0000	</row1>
					<row2>	0.8102 0.0000 -0.5861 0.0000	</row2>
					<row3>	-0.1114 0.5322 0.6841 1.0000	</row3>
				</transform>
			</node>
			<node>
				<identifier>	MP_IM010_Life_Jacket_INDEX_7	</identifier>
				<transform>
					<row0>	0.9864 0.0000 0.1641 0.0000	</row0>
					<row1>	0.0000 1.0000 0.0000 0.0000	</row1>
					<row2>	-0.1641 0.0000 0.9864 0.0000	</row2>
					<row3>	-0.5124 0.3738 0.4623 1.0000	</row3>
				</transform>
			</node>
			<node>
