<BSB040_St_Vincent_1944_Stern_ports.visual>
	<node>
		<identifier>	Scene Root	</identifier>
		<transform>
			<row0>	1.0000 0.0000 0.0000 0.0000	</row0>
			<row1>	0.0000 1.0000 0.0000 0.0000	</row1>
			<row2>	0.0000 0.0000 1.0000 0.0000	</row2>
			<row3>	0.0000 0.0000 0.0000 1.0000	</row3>
		</transform>
		<node>
			<identifier>	Stern_ports	</identifier>
			<transform>
				<row0>	1.0000 0.0000 0.0000 0.0000	</row0>
				<row1>	0.0000 1.0000 0.0000 0.0000	</row1>
				<row2>	0.0000 0.0000 1.0000 0.0000	</row2>
				<row3>	0.0000 0.0000 0.0000 1.0000	</row3>
			</transform>
			<node>
				<identifier>	HP_BD_16	</identifier>
				<transform>
					<row0>	-0.8660 0.0000 0.5000 0.0000	</row0>
					<row1>	0.0000 1.0000 0.0000 0.0000	</row1>
					<row2>	-0.5000 0.0000 -0.8660 0.0000	</row2>
					<row3>	-0.0927 0.5231 -7.8016 1.0000	</row3>
				</transform>
			</node>
			<node>
				<identifier>	HP_BD_17	</identifier>
				<transform>
					<row0>	-0.8660 0.0000 -0.5000 0.0000	</row0>
					<row1>	0.0000 1.0000 0.0000 0.0000	</row1>
					<row2>	0.5000 0.0000 -0.8660 0.0000	</row2>
					<row3>	0.0927 0.5231 -7.8016 1.0000	</row3>
				</transform>
			</node>
			<node>
				<identifier>	HP_BGA_21	</identifier>
				<transform>
					<row0>	-0.8660 0.0000 0.5000 0.0000	</row0>
					<row1>	0.0000 1.0000 0.0000 0.0000	</row1>
					<row2>	-0.5000 0.0000 -0.8660 0.0000	</row2>
					<row3>	-0.4306 0.4150 -7.7451 1.0000	</row3>
				</transform>
			</node>
			<node>
				<identifier>	HP_BGA_22	</identifier>
				<transform>
					<row0>	-0.8660 0.0000 -0.5000 0.0000	</row0>
					<row1>	0.0000 1.0000 0.0000 0.0000	</row1>
					<row2>	0.5000 0.0000 -0.8660 0.0000	</row2>
					<row3>	0.4306 0.4150 -7.7451 1.0000	</row3>
				</transform>
			</node>
			<node>
				<identifier>	HP_BGA_23	</identifier>
				<transform>
					<row0>	-0.8660 0.0000 0.5000 0.0000	</row0>
					<row1>	0.0000 1.0000 0.0000 0.0000	</row1>
					<row2>	-0.5000 0.0000 -0.8660 0.0000	</row2>
					<row3>	-0.3575 0.4234 -8.0905 1.0000	</row3>
				</transform>
			</node>
			<node>
				<identifier>	HP_BGA_24	</identifier>
				<transform>
					<row0>	-0.8660 0.0000 -0.5000 0.0000	</row0>
					<row1>	0.0000 1.0000 0.0000 0.0000	</row1>
					<row2>	0.5000 0.0000 -0.8660 0.0000	</row2>
					<row3>	0.3575 0.4234 -8.0905 1.0000	</row3>
				</transform>
			</node>
			<node>
				<identifier>	HP_BGA_25	</identifier>
				<transform>
					<row0>	-0.7071 0.0000 0.7071 0.0000	</row0>
					<row1>	0.0000 1.0000 0.0000 0.0000	</row1>
					<row2>	-0.7071 0.0000 -0.7071 0.0000	</row2>
					<row3>	-0.2755 0.4372 -8.5365 1.0000	</row3>
				</transform>
			</node>
			<node>
				<identifier>	HP_BGA_26	</identifier>
				<transform>
					<row0>	-0.7071 0.0000 -0.7071 0.0000	</row0>
					<row1>	0.0000 1.0000 0.0000 0.0000	</row1>
					<row2>	0.7071 0.0000 -0.7071 0.0000	</row2>
					<row3>	0.2755 0.4372 -8.5365 1.0000	</row3>
				</transform>
			</node>
			<node>
				<identifier>	HP_BGS_17	</identifier>
				<transform>
					<row0>	-1.0000 0.0000 0.0000 0.0000	</row0>
					<row1>	0.0000 1.0000 0.0000 0.0000	</row1>
					<row2>	0.0000 0.0000 -1.0000 0.0000	</row2>
					<row3>	-0.2296 0.5791 -7.2925 1.0000	</row3>
				</transform>
			</node>
			<node>
				<identifier>	HP_BGS_18	</identifier>
				<transform>
					<row0>	-1.0000 0.0000 0.0000 0.0000	</row0>
					<row1>	0.0000 1.0000 0.0000 0.0000	</row1>
					<row2>	0.0000 0.0000 -1.0000 0.0000	</row2>
					<row3>	0.2296 0.5791 -7.2925 1.0000	</row3>
				</transform>
			</node>
			<node>
				<identifier>	HP_FX_Fire_4	</identifier>
				<transform>
					<row0>	1.0000 0.0000 0.0000 0.0000	</row0>
					<row1>	0.0000 1.0000 0.0000 0.0000	</row1>
					<row2>	0.0000 0.0000 1.0000 0.0000	</row2>
					<row3>	0.0000 0.4338 -8.0499 1.0000	</row3>
				</transform>
			</node>
			<node>
				<identifier>	HP_FX_Flood_water_left	</identifier>
				<transform>
					<row0>	-0.9914 0.0000 -0.1312 0.0000	</row0>
					<row1>	0.0000 1.0000 0.0000 0.0000	</row1>
					<row2>	0.1312 0.0000 -0.9914 0.0000	</row2>
					<row3>	-0.5533 0.0734 -7.5844 1.0000	</row3>
				</transform>
			</node>
			<node>
				<identifier>	HP_FX_Flood_water_right	</identifier>
				<transform>
					<row0>	0.9907 0.0000 -0.1360 0.0000	</row0>
					<row1>	0.0000 1.0000 0.0000 0.0000	</row1>
					<row2>	0.1360 0.0000 0.9907 0.0000	</row2>
					<row3>	0.5534 0.0747 -7.5844 1.0000	</row3>
				</transform>
			</node>
			<node>
				<identifier>	HP_FX_WakeTraceBack	</identifier>
				<transform>
					<row0>	1.0000 0.0000 0.0000 0.0000	</row0>
					<row1>	0.0000 1.0000 0.0000 0.0000	</row1>
					<row2>	0.0000 0.0000 1.0000 0.0000	</row2>
					<row3>	0.0000 0.0000 -9.2530 1.0000	</row3>
				</transform>
			</node>
			<node>
				<identifier>	HP_FX_WakeTrace_screw_1	</identifier>
				<transform>
					<row0>	1.0000 0.0000 0.0000 0.0000	</row0>
					<row1>	0.0000 1.0000 0.0000 0.0000	</row1>
					<row2>	0.0000 0.0000 1.0000 0.0000	</row2>
					<row3>	-0.4663 -0.4492 -7.4918 1.0000	</row3>
				</transform>
			</node>
			<node>
				<identifier>	HP_FX_WakeTrace_screw_2	</identifier>
				<transform>
					<row0>	1.0000 0.0000 0.0000 0.0000	</row0>
					<row1>	0.0000 1.0000 0.0000 0.0000	</row1>
					<row2>	0.0000 0.0000 1.0000 0.0000	</row2>
					<row3>	-0.2428 -0.5174 -8.2833 1.0000	</row3>
				</transform>
			</node>
			<node>
				<identifier>	HP_FX_WakeTrace_screw_3	</identifier>
				<transform>
					<row0>	1.0000 0.0000 0.0000 0.0000	</row0>
					<row1>	0.0000 1.0000 0.0000 0.0000	</row1>
					<row2>	0.0000 0.0000 1.0000 0.0000	</row2>
					<row3>	0.2418 -0.5174 -8.2830 1.0000	</row3>
				</transform>
			</node>
			<node>
				<identifier>	HP_FX_WakeTrace_screw_4	</identifier>
				<transform>
					<row0>	1.0000 0.0000 0.0000 0.0000	</row0>
					<row1>	0.0000 1.0000 0.0000 0.0000	</row1>
					<row2>	0.0000 0.0000 1.0000 0.0000	</row2>
					<row3>	0.4664 -0.4512 -7.4920 1.0000	</row3>
				</transform>
			</node>
			<node>
				<identifier>	HP_Ship_death_3	</identifier>
				<transform>
					<row0>	1.0000 0.0000 0.0000 0.0000	</row0>
					<row1>	0.0000 1.0000 0.0000 0.0000	</row1>
					<row2>	0.0000 0.0000 1.0000 0.0000	</row2>
					<row3>	0.0000 0.0000 -7.1983 1.0000	</row3>
				</transform>
			</node>
			<node>
				<identifier>	MP_BM003_Night_lifebuoy	</identifier>
				<transform>
					<row0>	0.9813 0.1086 -0.1586 0.0000	</row0>
					<row1>	-0.1032 0.9938 0.0424 0.0000	</row1>
					<row2>	0.1622 -0.0252 0.9864 0.0000	</row2>
					<row3>	0.4997 0.4776 -8.3564 1.0000	</row3>
				</transform>
			</node>
			<node>
				<identifier>	MP_BM003_Night_lifebuoy_INDEX_1	</identifier>
				<transform>
					<row0>	-0.9813 0.1086 -0.1586 0.0000	</row0>
					<row1>	0.1032 0.9938 0.0424 0.0000	</row1>
					<row2>	0.1622 0.0252 -0.9864 0.0000	</row2>
					<row3>	-0.4997 0.4776 -8.3564 1.0000	</row3>
				</transform>
			</node>
			<node>
				<identifier>	MP_BM021_Crown	</identifier>
				<transform>
					<row0>	1.0000 0.0000 0.0000 0.0000	</row0>
					<row1>	0.0000 1.0000 0.0000 0.0000	</row1>
					<row2>	0.0000 0.0000 1.0000 0.0000	</row2>
					<row3>	0.0000 1.0231 -9.2344 1.0000	</row3>
				</transform>
			</node>
			<node>
				<identifier>	MP_BM022_Flotanet	</identifier>
				<transform>
					<row0>	0.2903 -0.0090 0.9569 0.0000	</row0>
					<row1>	0.0010 1.0000 0.0091 0.0000	</row1>
					<row2>	-0.9569 -0.0017 0.2903 0.0000	</row2>
					<row3>	-0.2200 0.5736 -8.3396 1.0000	</row3>
				</transform>
			</node>
			<node>
				<identifier>	MP_BM022_Flotanet_INDEX_1	</identifier>
				<transform>
					<row0>	0.2899 -0.0114 -0.9570 0.0000	</row0>
					<row1>	0.0034 0.9999 -0.0109 0.0000	</row1>
					<row2>	0.9571 -0.0001 0.2899 0.0000	</row2>
					<row3>	0.2200 0.5736 -8.3396 1.0000	</row3>
				</transform>
			</node>
			<node>
				<identifier>	MP_BM038_Helmets	</identifier>
				<transform>
					<row0>	0.0000 0.0000 1.0000 0.0000	</row0>
					<row1>	0.0000 1.0000 0.0000 0.0000	</row1>
					<row2>	-1.0000 0.0000 0.0000 0.0000	</row2>
					<row3>	-0.1376 0.4393 -7.7324 1.0000	</row3>
				</transform>
			</node>
			<node>
				<identifier>	MP_BM038_Helmets_INDEX_1	</identifier>
				<transform>
					<row0>	0.0000 0.0000 -1.0000 0.0000	</row0>
					<row1>	0.0000 1.0000 0.0000 0.0000	</row1>
					<row2>	1.0000 0.0000 0.0000 0.0000	</row2>
					<row3>	0.1376 0.4393 -7.7324 1.0000	</row3>
				</transform>
			</node>
			<node>
				<identifier>	MP_BM604_Voice_Tube	</identifier>
				<transform>
					<row0>	0.8660 0.0000 -0.5000 0.0000	</row0>
					<row1>	0.0000 1.0000 0.0000 0.0000	</row1>
					<row2>	0.5000 0.0000 0.8660 0.0000	</row2>
					<row3>	0.1065 0.5245 -7.6347 1.0000	</row3>
				</transform>
			</node>
			<node>
				<identifier>	MP_BM604_Voice_Tube_INDEX_1	</identifier>
				<transform>
					<row0>	0.8660 0.0000 0.5000 0.0000	</row0>
					<row1>	0.0000 1.0000 0.0000 0.0000	</row1>
					<row2>	-0.5000 0.0000 0.8660 0.0000	</row2>
					<row3>	-0.1065 0.5245 -7.6347 1.0000	</row3>
				</transform>
			</node>
			<node>
				<identifier>	MP_BM701_Locker	</identifier>
				<transform>
					<row0>	-1.0000 0.0000 0.0000 0.0000	</row0>
					<row1>	0.0000 1.0000 0.0000 0.0000	</row1>
					<row2>	0.0000 0.0000 -1.0000 0.0000	</row2>
					<row3>	0.2668 0.4112 -7.5875 1.0000	</row3>
				</transform>
			</node>
			<node>
				<identifier>	MP_BM701_Locker_INDEX_1	</identifier>
				<transform>
					<row0>	-1.0000 0.0000 0.0000 0.0000	</row0>
					<row1>	0.0000 1.0000 0.0000 0.0000	</row1>
					<row2>	0.0000 0.0000 -1.0000 0.0000	</row2>
					<row3>	-0.2668 0.4112 -7.5875 1.0000	</row3>
				</transform>
			</node>
			<node>
				<identifier>	MP_BM705_Ammunition_Box	</identifier>
				<transform>
					<row0>	0.2621 0.0000 -0.9650 0.0000	</row0>
					<row1>	0.0000 1.0000 0.0000 0.0000	</row1>
					<row2>	0.9650 0.0000 0.2621 0.0000	</row2>
					<row3>	0.1821 0.4282 -8.3482 1.0000	</row3>
				</transform>
			</node>
			<node>
				<identifier>	MP_BM705_Ammunition_Box_INDEX_1	</identifier>
				<transform>
					<row0>	0.0000 0.0000 -1.0000 0.0000	</row0>
					<row1>	0.0000 1.0000 0.0000 0.0000	</row1>
					<row2>	1.0000 0.0000 0.0000 0.0000	</row2>
					<row3>	0.2746 0.4376 -8.7470 1.0000	</row3>
				</transform>
			</node>
			<node>
				<identifier>	MP_BM705_Ammunition_Box_INDEX_2	</identifier>
				<transform>
					<row0>	0.2621 0.0000 -0.9650 0.0000	</row0>
					<row1>	0.0000 1.0000 0.0000 0.0000	</row1>
					<row2>	0.9650 0.0000 0.2621 0.0000	</row2>
					<row3>	0.2615 0.4260 -8.3267 1.0000	</row3>
				</transform>
			</node>
			<node>
				<identifier>	MP_BM705_Ammunition_Box_INDEX_3	</identifier>
				<transform>
					<row0>	0.2621 0.0000 0.9650 0.0000	</row0>
					<row1>	0.0000 1.0000 0.0000 0.0000	</row1>
					<row2>	-0.9650 0.0000 0.2621 0.0000	</row2>
					<row3>	-0.1821 0.4282 -8.3482 1.0000	</row3>
				</transform>
			</node>
			<node>
				<identifier>	MP_BM705_Ammunition_Box_INDEX_4	</identifier>
				<transform>
					<row0>	0.2621 0.0000 0.9650 0.0000	</row0>
					<row1>	0.0000 1.0000 0.0000 0.0000	</row1>
					<row2>	-0.9650 0.0000 0.2621 0.0000	</row2>
					<row3>	-0.2615 0.4260 -8.3267 1.0000	</row3>
				</transform>
			</node>
			<node>
				<identifier>	MP_BM705_Ammunition_Box_INDEX_5	</identifier>
				<transform>
					<row0>	0.0000 0.0000 1.0000 0.0000	</row0>
					<row1>	0.0000 1.0000 0.0000 0.0000	</row1>
					<row2>	-1.0000 0.0000 0.0000 0.0000	</row2>
					<row3>	-0.2746 0.4376 -8.7470 1.0000	</row3>
				</transform>
			</node>
			<node>
				<identifier>	MP_BM750_Deck_Hatch	</identifier>
				<transform>
					<row0>	1.0000 0.0000 0.0000 0.0000	</row0>
					<row1>	0.0000 1.0000 0.0000 0.0000	</row1>
					<row2>	0.0000 0.0000 1.0000 0.0000	</row2>
					<row3>	0.0320 0.4212 -8.0492 1.0000	</row3>
				</transform>
			</node>
			<node>
				<identifier>	MP_BM751_Deck_Hatch	</identifier>
				<transform>
					<row0>	-1.0000 0.0000 0.0000 0.0000	</row0>
					<row1>	0.0000 1.0000 0.0000 0.0000	</row1>
					<row2>	0.0000 0.0000 -1.0000 0.0000	</row2>
					<row3>	-0.1224 0.4516 -9.0522 1.0000	</row3>
				</transform>
			</node>
			<node>
				<identifier>	MP_BM751_Deck_Hatch_INDEX_1	</identifier>
				<transform>
					<row0>	-1.0000 0.0000 0.0000 0.0000	</row0>
					<row1>	0.0000 1.0000 0.0000 0.0000	</row1>
					<row2>	0.0000 0.0000 -1.0000 0.0000	</row2>
					<row3>	0.1565 0.4258 -8.2653 1.0000	</row3>
				</transform>
			</node>
			<node>
				<identifier>	MP_BM753_Deck_Hatch	</identifier>
				<transform>
					<row0>	-1.0000 0.0000 0.0000 0.0000	</row0>
					<row1>	0.0000 1.0000 0.0000 0.0000	</row1>
					<row2>	0.0000 0.0000 -1.0000 0.0000	</row2>
					<row3>	-0.0608 0.5807 -7.4719 1.0000	</row3>
				</transform>
			</node>
			<node>
				<identifier>	MP_BM753_Deck_Hatch_INDEX_1	</identifier>
				<transform>
					<row0>	-1.0000 0.0000 0.0000 0.0000	</row0>
					<row1>	0.0000 1.0000 0.0000 0.0000	</row1>
					<row2>	0.0000 0.0000 -1.0000 0.0000	</row2>
					<row3>	-0.0284 0.4302 -8.1931 1.0000	</row3>
				</transform>
			</node>
			<node>
				<identifier>	MP_BM800_Ventilators_mushroom	</identifier>
				<transform>
					<row0>	-1.0000 0.0000 0.0000 0.0000	</row0>
					<row1>	0.0000 1.0000 0.0000 0.0000	</row1>
					<row2>	0.0000 0.0000 -1.0000 0.0000	</row2>
					<row3>	0.1091 0.4173 -7.8296 1.0000	</row3>
				</transform>
			</node>
			<node>
				<identifier>	MP_BM800_Ventilators_mushroom_INDEX_1	</identifier>
				<transform>
					<row0>	-1.0000 0.0000 0.0000 0.0000	</row0>
					<row1>	0.0000 1.0000 0.0000 0.0000	</row1>
					<row2>	0.0000 0.0000 -1.0000 0.0000	</row2>
					<row3>	-0.1091 0.4173 -7.8296 1.0000	</row3>
				</transform>
			</node>
			<node>
				<identifier>	MP_BM801_Ventilators_mushroom	</identifier>
				<transform>
					<row0>	-1.0000 0.0000 0.0000 0.0000	</row0>
					<row1>	0.0000 1.0000 0.0000 0.0000	</row1>
					<row2>	0.0000 0.0000 -1.0000 0.0000	</row2>
					<row3>	-0.1662 0.4412 -8.7383 1.0000	</row3>
				</transform>
			</node>
			<node>
				<identifier>	MP_BM801_Ventilators_mushroom_INDEX_1	</identifier>
				<transform>
					<row0>	-1.0000 0.0000 0.0000 0.0000	</row0>
					<row1>	0.0000 1.0000 0.0000 0.0000	</row1>
					<row2>	0.0000 0.0000 -1.0000 0.0000	</row2>
					<row3>	0.3880 0.4189 -8.2545 1.0000	</row3>
				</transform>
			</node>
			<node>
				<identifier>	MP_BM857_Fog_Light	</identifier>
				<transform>
					<row0>	-1.0000 0.0000 0.0000 0.0000	</row0>
					<row1>	0.0000 1.0000 0.0000 0.0000	</row1>
					<row2>	0.0000 0.0000 -1.0000 0.0000	</row2>
					<row3>	0.0000 0.5422 -9.2595 1.0000	</row3>
				</transform>
			</node>
			<node>
				<identifier>	MP_BM872_Running_Lights_B	</identifier>
				<transform>
					<row0>	-1.0000 0.0000 0.0000 0.0000	</row0>
					<row1>	0.0000 1.0000 0.0000 0.0000	</row1>
					<row2>	0.0000 0.0000 -1.0000 0.0000	</row2>
					<row3>	0.0000 0.4858 -9.2618 1.0000	</row3>
				</transform>
			</node>
			<node>
				<identifier>	MP_BM950_Anchor_top	</identifier>
				<transform>
					<row0>	2.5000 0.0000 0.0000 0.0000	</row0>
					<row1>	0.0000 1.8314 1.7017 0.0000	</row1>
					<row2>	0.0000 -1.7017 1.8314 0.0000	</row2>
					<row3>	0.0000 0.1828 -9.3129 1.0000	</row3>
				</transform>
			</node>
			<node>
				<identifier>	MP_BM951_Anchor_down	</identifier>
				<transform>
					<row0>	2.5000 0.0000 0.0000 0.0000	</row0>
					<row1>	0.0000 2.4118 0.6582 0.0000	</row1>
					<row2>	0.0000 -0.6582 2.4118 0.0000	</row2>
					<row3>	0.0000 0.1828 -9.3128 1.0000	</row3>
				</transform>
			</node>
			<node>
				<identifier>	MP_BM952_Bollard	</identifier>
				<transform>
					<row0>	0.9905 -0.0441 -0.1300 0.0000	</row0>
					<row1>	0.0461 0.9989 0.0124 0.0000	</row1>
					<row2>	0.1293 -0.0183 0.9914 0.0000	</row2>
					<row3>	0.6154 0.4001 -7.3760 1.0000	</row3>
				</transform>
			</node>
			<node>
				<identifier>	MP_BM952_Bollard_INDEX_1	</identifier>
				<transform>
					<row0>	0.9866 0.0415 0.1579 0.0000	</row0>
					<row1>	-0.0454 0.9987 0.0211 0.0000	</row1>
					<row2>	-0.1568 -0.0280 0.9872 0.0000	</row2>
					<row3>	-0.3755 0.4423 -8.8366 1.0000	</row3>
				</transform>
			</node>
			<node>
				<identifier>	MP_BM952_Bollard_INDEX_2	</identifier>
				<transform>
					<row0>	0.9905 0.0441 0.1300 0.0000	</row0>
					<row1>	-0.0461 0.9989 0.0124 0.0000	</row1>
					<row2>	-0.1293 -0.0183 0.9914 0.0000	</row2>
					<row3>	-0.6129 0.4007 -7.3735 1.0000	</row3>
				</transform>
			</node>
			<node>
				<identifier>	MP_BM952_Bollard_INDEX_3	</identifier>
				<transform>
					<row0>	0.9866 -0.0415 -0.1579 0.0000	</row0>
					<row1>	0.0454 0.9987 0.0211 0.0000	</row1>
					<row2>	0.1568 -0.0280 0.9872 0.0000	</row2>
					<row3>	0.3755 0.4423 -8.8366 1.0000	</row3>
				</transform>
			</node>
			<node>
				<identifier>	MP_CM002_Propeller4_L	</identifier>
				<transform>
					<row0>	1.3417 -0.0987 0.0129 0.0000	</row0>
					<row1>	0.0990 1.3412 -0.0380 0.0000	</row1>
					<row2>	-0.0101 0.0388 1.3447 0.0000	</row2>
					<row3>	-0.4642 -0.4503 -7.4918 1.0000	</row3>
				</transform>
			</node>
			<node>
				<identifier>	MP_CM002_Propeller4_L_INDEX_1	</identifier>
				<transform>
					<row0>	1.3415 -0.0999 -0.0192 0.0000	</row0>
					<row1>	0.0988 1.3399 -0.0704 0.0000	</row1>
					<row2>	0.0244 0.0688 1.3434 0.0000	</row2>
					<row3>	-0.2415 -0.5186 -8.2833 1.0000	</row3>
				</transform>
			</node>
			<node>
				<identifier>	MP_CM011_Fire_Fighting_Gear	</identifier>
				<transform>
					<row0>	0.0000 0.0000 -1.0000 0.0000	</row0>
					<row1>	0.0000 1.0000 0.0000 0.0000	</row1>
					<row2>	1.0000 0.0000 0.0000 0.0000	</row2>
					<row3>	-0.1478 0.4151 -7.5735 1.0000	</row3>
				</transform>
			</node>
			<node>
				<identifier>	MP_CM011_Fire_Fighting_Gear_INDEX_1	</identifier>
				<transform>
					<row0>	0.0000 0.0000 1.0000 0.0000	</row0>
					<row1>	0.0000 1.0000 0.0000 0.0000	</row1>
					<row2>	-1.0000 0.0000 0.0000 0.0000	</row2>
					<row3>	0.1478 0.4151 -7.5735 1.0000	</row3>
				</transform>
			</node>
			<node>
				<identifier>	MP_CM012_Fire_Hose_Rack_1	</identifier>
				<transform>
					<row0>	0.0000 0.0000 1.0000 0.0000	</row0>
					<row1>	0.0000 1.0000 0.0000 0.0000	</row1>
					<row2>	-1.0000 0.0000 0.0000 0.0000	</row2>
					<row3>	0.1696 0.4849 -7.5589 1.0000	</row3>
				</transform>
			</node>
			<node>
				<identifier>	MP_CM012_Fire_Hose_Rack_1_INDEX_1	</identifier>
				<transform>
					<row0>	0.0000 0.0000 1.0000 0.0000	</row0>
					<row1>	0.0000 1.0000 0.0000 0.0000	</row1>
					<row2>	-1.0000 0.0000 0.0000 0.0000	</row2>
					<row3>	-0.1696 0.4849 -7.5589 1.0000	</row3>
				</transform>
			</node>
			<node>
				<identifier>	MP_CM029_Emergency_Box	</identifier>
				<transform>
					<row0>	0.3850 0.0000 -0.9229 0.0000	</row0>
					<row1>	0.0000 1.0000 0.0000 0.0000	</row1>
					<row2>	0.9229 0.0000 0.3850 0.0000	</row2>
					<row3>	-0.3365 0.5077 -7.5329 1.0000	</row3>
				</transform>
			</node>
			<node>
				<identifier>	MP_CM029_Emergency_Box_INDEX_1	</identifier>
				<transform>
					<row0>	0.3850 0.0000 0.9229 0.0000	</row0>
					<row1>	0.0000 1.0000 0.0000 0.0000	</row1>
					<row2>	-0.9229 0.0000 0.3850 0.0000	</row2>
					<row3>	0.3365 0.5077 -7.5329 1.0000	</row3>
				</transform>
			</node>
			<node>
				<identifier>	MP_CM033_Propeller4_R	</identifier>
				<transform>
					<row0>	1.3415 0.0999 0.0192 0.0000	</row0>
					<row1>	-0.0988 1.3399 -0.0704 0.0000	</row1>
					<row2>	-0.0244 0.0688 1.3434 0.0000	</row2>
					<row3>	0.2414 -0.5179 -8.2830 1.0000	</row3>
				</transform>
			</node>
			<node>
				<identifier>	MP_CM033_Propeller4_R_INDEX_1	</identifier>
				<transform>
					<row0>	1.3417 0.0987 -0.0129 0.0000	</row0>
					<row1>	-0.0990 1.3412 -0.0380 0.0000	</row1>
					<row2>	0.0101 0.0388 1.3447 0.0000	</row2>
					<row3>	0.4642 -0.4503 -7.4920 1.0000	</row3>
				</transform>
			</node>
			<node>
				<identifier>	SP_YMS011_YHWL_M_1_INDEX_16	</identifier>
				<transform>
					<row0>	0.8513 0.3174 0.1449 0.0000	</row0>
					<row1>	-0.3121 0.8635 -0.0577 0.0000	</row1>
					<row2>	-0.1559 0.0042 0.9067 0.0000	</row2>
					<row3>	-0.5250 0.0000 -7.6546 1.0000	</row3>
				</transform>
			</node>
			<node>
				<identifier>	SP_YMS011_YHWL_M_1_INDEX_3	</identifier>
				<transform>
					<row0>	0.8258 0.3774 0.1482 0.0000	</row0>
					<row1>	-0.3713 0.8390 -0.0678 0.0000	</row1>
					<row2>	-0.1630 0.0011 0.9055 0.0000	</row2>
					<row3>	-0.3915 0.0000 -8.4282 1.0000	</row3>
				</transform>
			</node>
			<node>
				<identifier>	SP_YMS012_YHWR_M_1_INDEX_17	</identifier>
				<transform>
					<row0>	0.8513 -0.3174 -0.1449 0.0000	</row0>
					<row1>	0.3121 0.8635 -0.0577 0.0000	</row1>
					<row2>	0.1559 0.0042 0.9067 0.0000	</row2>
					<row3>	0.5250 0.0000 -7.6546 1.0000	</row3>
				</transform>
			</node>
			<node>
				<identifier>	SP_YMS012_YHWR_M_1_INDEX_4	</identifier>
				<transform>
					<row0>	0.8258 -0.3774 -0.1482 0.0000	</row0>
					<row1>	0.3713 0.8390 -0.0678 0.0000	</row1>
					<row2>	0.1630 0.0011 0.9055 0.0000	</row2>
					<row3>	0.3915 0.0000 -8.4282 1.0000	</row3>
				</transform>
			</node>
			<node>
				<identifier>	SP_YMS023_YHUC_L_1	</identifier>
				<transform>
					<row0>	0.6698 0.0499 0.0096 0.0000	</row0>
					<row1>	-0.0493 0.6690 -0.0352 0.0000	</row1>
					<row2>	-0.0122 0.0344 0.6707 0.0000	</row2>
					<row3>	0.2415 -0.5186 -8.2833 1.0000	</row3>
				</transform>
			</node>
			<node>
				<identifier>	SP_YMS023_YHUC_L_1_INDEX_1	</identifier>
				<transform>
					<row0>	0.8245 0.0606 -0.0079 0.0000	</row0>
					<row1>	-0.0608 0.8242 -0.0234 0.0000	</row1>
					<row2>	0.0062 0.0239 0.8264 0.0000	</row2>
					<row3>	0.4642 -0.4503 -7.4918 1.0000	</row3>
				</transform>
			</node>
			<node>
				<identifier>	SP_YMS023_YHUC_L_1_INDEX_2	</identifier>
				<transform>
					<row0>	0.8245 -0.0606 0.0079 0.0000	</row0>
					<row1>	0.0608 0.8242 -0.0234 0.0000	</row1>
					<row2>	-0.0062 0.0239 0.8264 0.0000	</row2>
					<row3>	-0.4642 -0.4503 -7.4918 1.0000	</row3>
				</transform>
			</node>
			<node>
				<identifier>	SP_YMS023_YHUC_L_1_INDEX_3	</identifier>
				<transform>
					<row0>	0.6698 -0.0499 -0.0096 0.0000	</row0>
					<row1>	0.0493 0.6690 -0.0352 0.0000	</row1>
					<row2>	0.0122 0.0344 0.6707 0.0000	</row2>
					<row3>	-0.2415 -0.5186 -8.2833 1.0000	</row3>
				</transform>
			</node>
			<node>
				<identifier>	SP_YMS030_YHAM_M_1	</identifier>
				<transform>
					<row0>	1.2830 0.0000 0.0000 0.0000	</row0>
					<row1>	0.0000 1.2830 0.0000 0.0000	</row1>
					<row2>	0.0000 0.0000 1.2830 0.0000	</row2>
					<row3>	0.0000 0.2309 -9.3658 1.0000	</row3>
				</transform>
			</node>
			<node>
				<identifier>	SP_YMS031_YHAL_M_1	</identifier>
				<transform>
					<row0>	1.3539 0.0000 0.0000 0.0000	</row0>
					<row1>	0.0000 1.3539 0.0000 0.0000	</row1>
					<row2>	0.0000 0.0000 1.3539 0.0000	</row2>
					<row3>	-0.4554 0.2437 -8.9626 1.0000	</row3>
				</transform>
			</node>
			<node>
				<identifier>	SP_YMS032_YHAR_M_1	</identifier>
				<transform>
					<row0>	1.3539 0.0000 0.0000 0.0000	</row0>
					<row1>	0.0000 1.3539 0.0000 0.0000	</row1>
					<row2>	0.0000 0.0000 1.3539 0.0000	</row2>
					<row3>	0.4554 0.2437 -8.9626 1.0000	</row3>
				</transform>
			</node>
			<node>
				<identifier>	SP_YMS050_YHDC_M_1	</identifier>
				<transform>
					<row0>	0.2470 0.0209 -0.5957 0.0000	</row0>
					<row1>	-0.0133 0.6448 0.0171 0.0000	</row1>
					<row2>	0.5959 0.0057 0.2473 0.0000	</row2>
					<row3>	-0.3776 0.4065 -7.4192 1.0000	</row3>
				</transform>
			</node>
			<node>
				<identifier>	SP_YMS050_YHDC_M_1_INDEX_2	</identifier>
				<transform>
					<row0>	0.2470 -0.0209 0.5957 0.0000	</row0>
					<row1>	0.0133 0.6448 0.0171 0.0000	</row1>
					<row2>	-0.5959 0.0057 0.2473 0.0000	</row2>
					<row3>	0.3776 0.4065 -7.4192 1.0000	</row3>
				</transform>
			</node>
			<node>
				<identifier>	SP_YMS080_YHSL_M_1_INDEX_1	</identifier>
				<transform>
					<row0>	0.9280 0.1842 0.1450 0.0000	</row0>
					<row1>	-0.1906 0.9375 0.0286 0.0000	</row1>
					<row2>	-0.1366 -0.0566 0.9457 0.0000	</row2>
					<row3>	-0.5601 0.2753 -7.9447 1.0000	</row3>
				</transform>
			</node>
			<node>
				<identifier>	SP_YMS081_YHSR_M_1_INDEX_3	</identifier>
				<transform>
					<row0>	0.9280 -0.1842 -0.1450 0.0000	</row0>
					<row1>	0.1906 0.9375 0.0286 0.0000	</row1>
					<row2>	0.1366 -0.0566 0.9457 0.0000	</row2>
					<row3>	0.5601 0.2753 -7.9447 1.0000	</row3>
				</transform>
			</node>
		</node>
	</node>
	<boundingBox>
		<min>	-0.0667 -0.0667 -0.0667	</min>
		<max>	0.0667 0.0667 0.0667	</max>
	</boundingBox>
</BSB040_St_Vincent_1944_Stern_ports.visual>
