<RSC036_Tallinn_1953_Stern_ports.visual>
	<node>
		<identifier>	Scene Root	</identifier>
		<transform>
			<row0>	1.0000 0.0000 0.0000 0.0000	</row0>
			<row1>	0.0000 1.0000 0.0000 0.0000	</row1>
			<row2>	0.0000 0.0000 1.0000 0.0000	</row2>
			<row3>	0.0000 0.0000 0.0000 1.0000	</row3>
		</transform>
		<node>
			<identifier>	Stern_ports	</identifier>
			<transform>
				<row0>	1.0000 0.0000 0.0000 0.0000	</row0>
				<row1>	0.0000 1.0000 0.0000 0.0000	</row1>
				<row2>	0.0000 0.0000 1.0000 0.0000	</row2>
				<row3>	0.0000 0.0000 0.0000 1.0000	</row3>
			</transform>
			<node>
				<identifier>	HP_FX_Death_3	</identifier>
				<transform>
					<row0>	1.0000 0.0000 0.0000 0.0000	</row0>
					<row1>	0.0000 1.0000 0.0000 0.0000	</row1>
					<row2>	0.0000 0.0000 1.0000 0.0000	</row2>
					<row3>	0.0000 0.0000 -4.4770 1.0000	</row3>
				</transform>
			</node>
			<node>
				<identifier>	HP_FX_Fire_4	</identifier>
				<transform>
					<row0>	1.0000 0.0000 0.0000 0.0000	</row0>
					<row1>	0.0000 1.0000 0.0000 0.0000	</row1>
					<row2>	0.0000 0.0000 1.0000 0.0000	</row2>
					<row3>	0.0000 0.3458 -5.5972 1.0000	</row3>
				</transform>
			</node>
			<node>
				<identifier>	HP_FX_WakeTraceBack	</identifier>
				<transform>
					<row0>	1.0000 0.0000 0.0000 0.0000	</row0>
					<row1>	0.0000 1.0000 0.0000 0.0000	</row1>
					<row2>	0.0000 0.0000 1.0000 0.0000	</row2>
					<row3>	0.0000 0.0000 -6.8426 1.0000	</row3>
				</transform>
			</node>
			<node>
				<identifier>	HP_FX_WakeTrace_screw_1	</identifier>
				<transform>
					<row0>	1.0000 0.0000 0.0000 0.0000	</row0>
					<row1>	0.0000 1.0000 0.0000 0.0000	</row1>
					<row2>	0.0000 0.0000 1.0000 0.0000	</row2>
					<row3>	0.0000 -0.4368 -5.5841 1.0000	</row3>
				</transform>
			</node>
			<node>
				<identifier>	HP_FX_WakeTrace_screw_2	</identifier>
				<transform>
					<row0>	1.0000 0.0000 0.0000 0.0000	</row0>
					<row1>	0.0000 1.0000 0.0000 0.0000	</row1>
					<row2>	0.0000 0.0000 1.0000 0.0000	</row2>
					<row3>	-0.3806 -0.3706 -5.3972 1.0000	</row3>
				</transform>
			</node>
			<node>
				<identifier>	HP_FX_WakeTrace_screw_3	</identifier>
				<transform>
					<row0>	1.0000 0.0000 0.0000 0.0000	</row0>
					<row1>	0.0000 1.0000 0.0000 0.0000	</row1>
					<row2>	0.0000 0.0000 1.0000 0.0000	</row2>
					<row3>	0.3806 -0.3706 -5.3972 1.0000	</row3>
				</transform>
			</node>
			<node>
				<identifier>	HP_RGM_4	</identifier>
				<transform>
					<row0>	-1.0000 0.0000 0.0000 0.0000	</row0>
					<row1>	0.0000 1.0000 0.0000 0.0000	</row1>
					<row2>	0.0000 0.0000 -1.0000 0.0000	</row2>
					<row3>	0.0000 0.3918 -4.2673 1.0000	</row3>
				</transform>
			</node>
			<node>
				<identifier>	HP_Ship_death_3	</identifier>
				<transform>
					<row0>	1.0000 0.0000 0.0000 0.0000	</row0>
					<row1>	0.0000 1.0000 0.0000 0.0000	</row1>
					<row2>	0.0000 0.0000 1.0000 0.0000	</row2>
					<row3>	0.0000 0.0000 -4.1012 1.0000	</row3>
				</transform>
			</node>
			<node>
				<identifier>	MP_CM011_Fire_Fighting_Gear	</identifier>
				<transform>
					<row0>	1.0000 0.0000 0.0000 0.0000	</row0>
					<row1>	0.0000 1.0000 0.0000 0.0000	</row1>
					<row2>	0.0000 0.0000 1.0000 0.0000	</row2>
					<row3>	0.0094 0.3505 -6.0442 1.0000	</row3>
				</transform>
			</node>
			<node>
				<identifier>	MP_CM094_Propeller3_L	</identifier>
				<transform>
					<row0>	0.9532 0.0000 0.0000 0.0000	</row0>
					<row1>	0.0000 0.9515 -0.0569 0.0000	</row1>
					<row2>	0.0000 0.0569 0.9515 0.0000	</row2>
					<row3>	0.0000 -0.4368 -5.5841 1.0000	</row3>
				</transform>
			</node>
			<node>
				<identifier>	MP_CM094_Propeller3_L_INDEX_1	</identifier>
				<transform>
					<row0>	0.9527 0.0002 -0.0225 0.0000	</row0>
					<row1>	-0.0007 0.9527 -0.0229 0.0000	</row1>
					<row2>	0.0225 0.0229 0.9525 0.0000	</row2>
					<row3>	-0.3806 -0.3706 -5.3972 1.0000	</row3>
				</transform>
			</node>
			<node>
				<identifier>	MP_CM095_Propeller3_R	</identifier>
				<transform>
					<row0>	0.9527 -0.0002 0.0225 0.0000	</row0>
					<row1>	0.0007 0.9527 -0.0229 0.0000	</row1>
					<row2>	-0.0225 0.0229 0.9525 0.0000	</row2>
					<row3>	0.3806 -0.3706 -5.3972 1.0000	</row3>
				</transform>
			</node>
			<node>
				<identifier>	MP_CM126_Cleat	</identifier>
				<transform>
					<row0>	0.9947 -0.0310 -0.0985 0.0000	</row0>
					<row1>	0.0308 0.9995 -0.0030 0.0000	</row1>
					<row2>	0.0986 0.0000 0.9951 0.0000	</row2>
					<row3>	0.5198 0.3419 -4.7421 1.0000	</row3>
				</transform>
			</node>
			<node>
				<identifier>	MP_CM126_Cleat_INDEX_1	</identifier>
				<transform>
					<row0>	0.9947 -0.0310 -0.0985 0.0000	</row0>
					<row1>	0.0308 0.9995 -0.0030 0.0000	</row1>
					<row2>	0.0986 0.0000 0.9951 0.0000	</row2>
					<row3>	0.4366 0.3418 -5.5211 1.0000	</row3>
				</transform>
			</node>
			<node>
				<identifier>	MP_CM126_Cleat_INDEX_2	</identifier>
				<transform>
					<row0>	0.9947 -0.0310 -0.0985 0.0000	</row0>
					<row1>	0.0308 0.9995 -0.0030 0.0000	</row1>
					<row2>	0.0986 0.0000 0.9951 0.0000	</row2>
					<row3>	0.4213 0.3417 -5.6754 1.0000	</row3>
				</transform>
			</node>
			<node>
				<identifier>	MP_CM126_Cleat_INDEX_3	</identifier>
				<transform>
					<row0>	0.9947 0.0310 0.0985 0.0000	</row0>
					<row1>	-0.0308 0.9995 -0.0030 0.0000	</row1>
					<row2>	-0.0986 0.0000 0.9951 0.0000	</row2>
					<row3>	-0.5198 0.3419 -4.7421 1.0000	</row3>
				</transform>
			</node>
			<node>
				<identifier>	MP_CM126_Cleat_INDEX_4	</identifier>
				<transform>
					<row0>	0.9947 0.0310 0.0985 0.0000	</row0>
					<row1>	-0.0308 0.9995 -0.0030 0.0000	</row1>
					<row2>	-0.0986 0.0000 0.9951 0.0000	</row2>
					<row3>	-0.4366 0.3418 -5.5211 1.0000	</row3>
				</transform>
			</node>
			<node>
				<identifier>	MP_CM126_Cleat_INDEX_5	</identifier>
				<transform>
					<row0>	0.9947 0.0310 0.0985 0.0000	</row0>
					<row1>	-0.0308 0.9995 -0.0030 0.0000	</row1>
					<row2>	-0.0986 0.0000 0.9951 0.0000	</row2>
					<row3>	-0.4213 0.3417 -5.6754 1.0000	</row3>
				</transform>
			</node>
			<node>
				<identifier>	MP_CM159_Anchor_up	</identifier>
				<transform>
					<row0>	0.0909 0.5482 -0.4772 0.0000	</row0>
					<row1>	0.1688 0.4518 0.5512 0.0000	</row1>
					<row2>	0.7069 -0.1784 -0.0703 0.0000	</row2>
					<row3>	-0.1505 0.2454 -6.8927 1.0000	</row3>
				</transform>
			</node>
			<node>
				<identifier>	MP_CM160_Anchor_bottom	</identifier>
				<transform>
					<row0>	0.0909 0.5482 -0.4772 0.0000	</row0>
					<row1>	-0.3411 0.4568 0.4598 0.0000	</row1>
					<row2>	0.6418 0.1652 0.3120 0.0000	</row2>
					<row3>	-0.1505 0.2454 -6.8927 1.0000	</row3>
				</transform>
			</node>
			<node>
				<identifier>	MP_RM003_Yawl_20ft	</identifier>
				<transform>
					<row0>	0.9955 0.0000 -0.0952 0.0000	</row0>
					<row1>	0.0000 1.0000 0.0000 0.0000	</row1>
					<row2>	0.0952 0.0000 0.9955 0.0000	</row2>
					<row3>	0.4400 0.3813 -4.8676 1.0000	</row3>
				</transform>
			</node>
			<node>
				<identifier>	MP_RM003_Yawl_20ft_INDEX_1	</identifier>
				<transform>
					<row0>	0.9955 0.0000 0.0952 0.0000	</row0>
					<row1>	0.0000 1.0000 0.0000 0.0000	</row1>
					<row2>	-0.0952 0.0000 0.9955 0.0000	</row2>
					<row3>	-0.4400 0.3813 -4.8676 1.0000	</row3>
				</transform>
			</node>
			<node>
				<identifier>	MP_RM021_Screened_speed_light	</identifier>
				<transform>
					<row0>	-1.0000 0.0000 0.0000 0.0000	</row0>
					<row1>	0.0000 1.0000 0.0000 0.0000	</row1>
					<row2>	0.0000 0.0000 -1.0000 0.0000	</row2>
					<row3>	0.0000 0.4364 -7.0109 1.0000	</row3>
				</transform>
			</node>
			<node>
				<identifier>	MP_RM028_Signal_Lamp	</identifier>
				<transform>
					<row0>	1.0000 0.0000 0.0000 0.0000	</row0>
					<row1>	0.0000 1.0000 0.0000 0.0000	</row1>
					<row2>	0.0000 0.0000 1.0000 0.0000	</row2>
					<row3>	0.0000 0.8669 -6.9969 1.0000	</row3>
				</transform>
			</node>
			<node>
				<identifier>	MP_RM200_Running_Lights_B	</identifier>
				<transform>
					<row0>	-1.0000 0.0000 0.0000 0.0000	</row0>
					<row1>	0.0000 1.0000 0.0000 0.0000	</row1>
					<row2>	0.0000 0.0000 -1.0000 0.0000	</row2>
					<row3>	0.0000 0.4054 -7.0140 1.0000	</row3>
				</transform>
			</node>
			<node>
				<identifier>	MP_RM214_Life_Buoy	</identifier>
				<transform>
					<row0>	-0.1099 0.0000 -0.9939 0.0000	</row0>
					<row1>	0.0000 1.0000 0.0000 0.0000	</row1>
					<row2>	0.9939 0.0000 -0.1099 0.0000	</row2>
					<row3>	0.4897 0.4069 -5.3280 1.0000	</row3>
				</transform>
			</node>
			<node>
				<identifier>	MP_RM214_Life_Buoy_INDEX_1	</identifier>
				<transform>
					<row0>	-0.1099 0.0000 0.9939 0.0000	</row0>
					<row1>	0.0000 1.0000 0.0000 0.0000	</row1>
					<row2>	-0.9939 0.0000 -0.1099 0.0000	</row2>
					<row3>	-0.4897 0.4069 -5.3280 1.0000	</row3>
				</transform>
			</node>
			<node>
				<identifier>	MP_RM249_Coat_of_Arms_USSR	</identifier>
				<transform>
					<row0>	-1.0000 0.0000 0.0000 0.0000	</row0>
					<row1>	0.0000 0.9837 -0.1801 0.0000	</row1>
					<row2>	0.0000 -0.1801 -0.9837 0.0000	</row2>
					<row3>	0.0000 0.3010 -6.9965 1.0000	</row3>
				</transform>
			</node>
			<node>
				<identifier>	MP_RM273_Fire_Hose_Rack_box	</identifier>
				<transform>
					<row0>	0.0000 0.0000 1.0000 0.0000	</row0>
					<row1>	0.0000 1.0000 0.0000 0.0000	</row1>
					<row2>	-1.0000 0.0000 0.0000 0.0000	</row2>
					<row3>	-0.0312 0.3887 -5.8114 1.0000	</row3>
				</transform>
			</node>
			<node>
				<identifier>	MP_RM291_Reel	</identifier>
				<transform>
					<row0>	1.0000 0.0000 0.0000 0.0000	</row0>
					<row1>	0.0000 1.0000 0.0000 0.0000	</row1>
					<row2>	0.0000 0.0000 1.0000 0.0000	</row2>
					<row3>	0.1629 0.3475 -4.8574 1.0000	</row3>
				</transform>
			</node>
			<node>
				<identifier>	MP_RM291_Reel_INDEX_1	</identifier>
				<transform>
					<row0>	1.0000 0.0000 0.0000 0.0000	</row0>
					<row1>	0.0000 1.0000 0.0000 0.0000	</row1>
					<row2>	0.0000 0.0000 1.0000 0.0000	</row2>
					<row3>	-0.1629 0.3475 -4.8574 1.0000	</row3>
				</transform>
			</node>
			<node>
				<identifier>	MP_RM310_Crane_for_Ladder	</identifier>
				<transform>
					<row0>	0.9940 0.0000 -0.1091 0.0000	</row0>
					<row1>	0.0000 1.0000 0.0000 0.0000	</row1>
					<row2>	0.1091 0.0000 0.9940 0.0000	</row2>
					<row3>	0.5295 0.3336 -5.1141 1.0000	</row3>
				</transform>
			</node>
			<node>
				<identifier>	MP_RM310_Crane_for_Ladder_INDEX_1	</identifier>
				<transform>
					<row0>	0.9965 0.0000 -0.0832 0.0000	</row0>
					<row1>	0.0000 1.0000 0.0000 0.0000	</row1>
					<row2>	0.0832 0.0000 0.9965 0.0000	</row2>
					<row3>	0.5659 0.3336 -4.7122 1.0000	</row3>
				</transform>
			</node>
			<node>
				<identifier>	MP_RM310_Crane_for_Ladder_INDEX_2	</identifier>
				<transform>
					<row0>	0.9940 0.0000 0.1091 0.0000	</row0>
					<row1>	0.0000 1.0000 0.0000 0.0000	</row1>
					<row2>	-0.1091 0.0000 0.9940 0.0000	</row2>
					<row3>	-0.5295 0.3336 -5.1141 1.0000	</row3>
				</transform>
			</node>
			<node>
				<identifier>	MP_RM310_Crane_for_Ladder_INDEX_3	</identifier>
				<transform>
					<row0>	0.9965 0.0000 0.0832 0.0000	</row0>
					<row1>	0.0000 1.0000 0.0000 0.0000	</row1>
					<row2>	-0.0832 0.0000 0.9965 0.0000	</row2>
					<row3>	-0.5659 0.3336 -4.7122 1.0000	</row3>
				</transform>
			</node>
			<node>
				<identifier>	MP_RM311_Barrel_DV	</identifier>
				<transform>
					<row0>	-0.1873 0.0000 -0.9823 0.0000	</row0>
					<row1>	0.0000 1.0000 0.0000 0.0000	</row1>
					<row2>	0.9823 0.0000 -0.1873 0.0000	</row2>
					<row3>	0.3052 0.3409 -6.3894 1.0000	</row3>
				</transform>
			</node>
			<node>
				<identifier>	MP_RM311_Barrel_DV_INDEX_1	</identifier>
				<transform>
					<row0>	-0.1924 0.0000 -0.9813 0.0000	</row0>
					<row1>	0.0000 1.0000 0.0000 0.0000	</row1>
					<row2>	0.9813 0.0000 -0.1924 0.0000	</row2>
					<row3>	0.2849 0.3409 -6.4947 1.0000	</row3>
				</transform>
			</node>
			<node>
				<identifier>	MP_RM311_Barrel_DV_INDEX_2	</identifier>
				<transform>
					<row0>	-0.2657 0.0000 -0.9641 0.0000	</row0>
					<row1>	0.0000 1.0000 0.0000 0.0000	</row1>
					<row2>	0.9641 0.0000 -0.2657 0.0000	</row2>
					<row3>	0.2597 0.3409 -6.6023 1.0000	</row3>
				</transform>
			</node>
			<node>
				<identifier>	MP_RM311_Barrel_DV_INDEX_3	</identifier>
				<transform>
					<row0>	-0.2657 0.0000 0.9641 0.0000	</row0>
					<row1>	0.0000 1.0000 0.0000 0.0000	</row1>
					<row2>	-0.9641 0.0000 -0.2657 0.0000	</row2>
					<row3>	-0.2597 0.3409 -6.6023 1.0000	</row3>
				</transform>
			</node>
			<node>
				<identifier>	MP_RM311_Barrel_DV_INDEX_4	</identifier>
				<transform>
					<row0>	-0.1924 0.0000 0.9813 0.0000	</row0>
					<row1>	0.0000 1.0000 0.0000 0.0000	</row1>
					<row2>	-0.9813 0.0000 -0.1924 0.0000	</row2>
					<row3>	-0.2849 0.3409 -6.4947 1.0000	</row3>
				</transform>
			</node>
			<node>
				<identifier>	MP_RM311_Barrel_DV_INDEX_5	</identifier>
				<transform>
					<row0>	-0.1873 0.0000 0.9823 0.0000	</row0>
					<row1>	0.0000 1.0000 0.0000 0.0000	</row1>
					<row2>	-0.9823 0.0000 -0.1873 0.0000	</row2>
					<row3>	-0.3052 0.3409 -6.3894 1.0000	</row3>
				</transform>
			</node>
			<node>
				<identifier>	SP_YMS011_YHWL_M_1_INDEX_1	</identifier>
				<transform>
					<row0>	0.9896 -0.1082 0.0946 0.0000	</row0>
					<row1>	0.1072 0.9941 0.0154 0.0000	</row1>
					<row2>	-0.0957 -0.0051 0.9954 0.0000	</row2>
					<row3>	-0.5296 0.0074 -4.4756 1.0000	</row3>
				</transform>
			</node>
			<node>
				<identifier>	SP_YMS011_YHWL_M_1_INDEX_14	</identifier>
				<transform>
					<row0>	0.9380 0.2805 0.2038 0.0000	</row0>
					<row1>	-0.2739 0.9599 -0.0606 0.0000	</row1>
					<row2>	-0.2126 0.0011 0.9771 0.0000	</row2>
					<row3>	-0.2847 0.0020 -6.1429 1.0000	</row3>
				</transform>
			</node>
			<node>
				<identifier>	SP_YMS011_YHWL_M_1_INDEX_3	</identifier>
				<transform>
					<row0>	0.9897 -0.0075 0.1433 0.0000	</row0>
					<row1>	0.0082 1.0000 -0.0046 0.0000	</row1>
					<row2>	-0.1433 0.0057 0.9897 0.0000	</row2>
					<row3>	-0.4334 0.0045 -5.3172 1.0000	</row3>
				</transform>
			</node>
			<node>
				<identifier>	SP_YMS012_YHWR_M_1_INDEX_13	</identifier>
				<transform>
					<row0>	0.9896 0.1082 -0.0946 0.0000	</row0>
					<row1>	-0.1072 0.9941 0.0154 0.0000	</row1>
					<row2>	0.0957 -0.0051 0.9954 0.0000	</row2>
					<row3>	0.5296 0.0074 -4.4756 1.0000	</row3>
				</transform>
			</node>
			<node>
				<identifier>	SP_YMS012_YHWR_M_1_INDEX_14	</identifier>
				<transform>
					<row0>	0.9897 0.0075 -0.1433 0.0000	</row0>
					<row1>	-0.0082 1.0000 -0.0046 0.0000	</row1>
					<row2>	0.1433 0.0057 0.9897 0.0000	</row2>
					<row3>	0.4334 0.0045 -5.3172 1.0000	</row3>
				</transform>
			</node>
			<node>
				<identifier>	SP_YMS012_YHWR_M_1_INDEX_15	</identifier>
				<transform>
					<row0>	0.9380 -0.2805 -0.2038 0.0000	</row0>
					<row1>	0.2739 0.9598 -0.0606 0.0000	</row1>
					<row2>	0.2126 0.0011 0.9771 0.0000	</row2>
					<row3>	0.2847 0.0020 -6.1429 1.0000	</row3>
				</transform>
			</node>
			<node>
				<identifier>	SP_YMS023_YHUC_L_1	</identifier>
				<transform>
					<row0>	0.8800 0.0000 0.0000 0.0000	</row0>
					<row1>	0.0000 0.8784 -0.0525 0.0000	</row1>
					<row2>	0.0000 0.0525 0.8784 0.0000	</row2>
					<row3>	0.0000 -0.4368 -5.6475 1.0000	</row3>
				</transform>
			</node>
			<node>
				<identifier>	SP_YMS023_YHUC_L_1_INDEX_1	</identifier>
				<transform>
					<row0>	0.8795 -0.0002 0.0208 0.0000	</row0>
					<row1>	0.0007 0.8795 -0.0212 0.0000	</row1>
					<row2>	-0.0207 0.0212 0.8793 0.0000	</row2>
					<row3>	0.3832 -0.3741 -5.5465 1.0000	</row3>
				</transform>
			</node>
			<node>
				<identifier>	SP_YMS023_YHUC_L_1_INDEX_2	</identifier>
				<transform>
					<row0>	0.8795 0.0002 -0.0208 0.0000	</row0>
					<row1>	-0.0007 0.8795 -0.0212 0.0000	</row1>
					<row2>	0.0207 0.0212 0.8793 0.0000	</row2>
					<row3>	-0.3831 -0.3740 -5.5411 1.0000	</row3>
				</transform>
			</node>
			<node>
				<identifier>	SP_YMS030_YHAM_M_1	</identifier>
				<transform>
					<row0>	0.6299 0.0000 0.0000 0.0000	</row0>
					<row1>	0.0000 0.6299 0.0000 0.0000	</row1>
					<row2>	0.0000 0.0000 0.6299 0.0000	</row2>
					<row3>	0.0000 0.2745 -7.0029 1.0000	</row3>
				</transform>
			</node>
			<node>
				<identifier>	SP_YMS031_YHAL_M_1	</identifier>
				<transform>
					<row0>	0.8548 0.1805 0.2161 0.0000	</row0>
					<row1>	-0.1750 0.8817 -0.0443 0.0000	</row1>
					<row2>	-0.2206 0.0000 0.8725 0.0000	</row2>
					<row3>	-0.3284 0.2011 -6.5675 1.0000	</row3>
				</transform>
			</node>
			<node>
				<identifier>	SP_YMS032_YHAR_M_1	</identifier>
				<transform>
					<row0>	0.8268 -0.1746 -0.2091 0.0000	</row0>
					<row1>	0.1693 0.8528 -0.0428 0.0000	</row1>
					<row2>	0.2134 0.0000 0.8439 0.0000	</row2>
					<row3>	0.3284 0.2011 -6.5675 1.0000	</row3>
				</transform>
			</node>
			<node>
				<identifier>	SP_YMS051_YHDL_L_1_INDEX_1	</identifier>
				<transform>
					<row0>	-0.8414 -0.0016 0.1292 0.0000	</row0>
					<row1>	0.0007 0.8512 0.0149 0.0000	</row1>
					<row2>	-0.1292 0.0148 -0.8413 0.0000	</row2>
					<row3>	0.4805 0.3449 -5.5262 1.0000	</row3>
				</transform>
			</node>
			<node>
				<identifier>	SP_YMS052_YHDR_L_1	</identifier>
				<transform>
					<row0>	-0.8413 0.0016 -0.1292 0.0000	</row0>
					<row1>	-0.0007 0.8510 0.0149 0.0000	</row1>
					<row2>	0.1292 0.0148 -0.8412 0.0000	</row2>
					<row3>	-0.4805 0.3449 -5.5262 1.0000	</row3>
				</transform>
			</node>
			<node>
				<identifier>	SP_YMS053_YHDC_S_1_INDEX_6	</identifier>
				<transform>
					<row0>	1.0000 0.0000 0.0000 0.0000	</row0>
					<row1>	0.0000 1.0000 0.0000 0.0000	</row1>
					<row2>	0.0000 0.0000 1.0000 0.0000	</row2>
					<row3>	-0.2648 0.3620 -5.4051 1.0000	</row3>
				</transform>
			</node>
			<node>
				<identifier>	SP_YMS053_YHDC_S_1_INDEX_7	</identifier>
				<transform>
					<row0>	1.0000 0.0000 0.0000 0.0000	</row0>
					<row1>	0.0000 1.0000 0.0000 0.0000	</row1>
					<row2>	0.0000 0.0000 1.0000 0.0000	</row2>
					<row3>	0.2648 0.3620 -5.4051 1.0000	</row3>
				</transform>
			</node>
			<node>
				<identifier>	SP_YMS083_YHSC_L_1_INDEX_2	</identifier>
				<transform>
					<row0>	0.0593 0.0012 -0.7452 0.0000	</row0>
					<row1>	-0.1771 0.7262 -0.0129 0.0000	</row1>
					<row2>	0.7239 0.1775 0.0579 0.0000	</row2>
					<row3>	-0.5926 0.3232 -4.2069 1.0000	</row3>
				</transform>
			</node>
			<node>
				<identifier>	SP_YMS083_YHSC_L_1_INDEX_5	</identifier>
				<transform>
					<row0>	0.0593 -0.0012 0.7452 0.0000	</row0>
					<row1>	0.1771 0.7262 -0.0129 0.0000	</row1>
					<row2>	-0.7239 0.1775 0.0579 0.0000	</row2>
					<row3>	0.5926 0.3232 -4.2069 1.0000	</row3>
				</transform>
			</node>
			<node>
				<identifier>	SP_YMS084_YHSC_L_2_INDEX_1	</identifier>
				<transform>
					<row0>	0.0695 -0.0053 0.7389 0.0000	</row0>
					<row1>	0.1834 0.7191 -0.0121 0.0000	</row1>
					<row2>	-0.7158 0.1838 0.0686 0.0000	</row2>
					<row3>	0.5446 0.3245 -4.8193 1.0000	</row3>
				</transform>
			</node>
			<node>
				<identifier>	SP_YMS084_YHSC_L_2_INDEX_4	</identifier>
				<transform>
					<row0>	0.0695 0.0053 -0.7389 0.0000	</row0>
					<row1>	-0.1834 0.7191 -0.0121 0.0000	</row1>
					<row2>	0.7158 0.1838 0.0686 0.0000	</row2>
					<row3>	-0.5447 0.3245 -4.8193 1.0000	</row3>
				</transform>
			</node>
		</node>
	</node>
	<boundingBox>
		<min>	-0.0667 -0.0667 -0.0667	</min>
		<max>	0.0667 0.0667 0.0667	</max>
	</boundingBox>
</RSC036_Tallinn_1953_Stern_ports.visual>
