<GSB037_Prinz_Ruprecht_1944_Bow_ports.visual>
	<node>
		<identifier>	Scene Root	</identifier>
		<transform>
			<row0>	1.0000 0.0000 0.0000 0.0000	</row0>
			<row1>	0.0000 1.0000 0.0000 0.0000	</row1>
			<row2>	0.0000 0.0000 1.0000 0.0000	</row2>
			<row3>	0.0000 0.0000 0.0000 1.0000	</row3>
		</transform>
		<node>
			<identifier>	Bow_ports	</identifier>
			<transform>
				<row0>	1.0000 0.0000 0.0000 0.0000	</row0>
				<row1>	0.0000 1.0000 0.0000 0.0000	</row1>
				<row2>	0.0000 0.0000 1.0000 0.0000	</row2>
				<row3>	0.0000 0.0000 0.0000 1.0000	</row3>
			</transform>
			<node>
				<identifier>	HP_FX_Fire_1	</identifier>
				<transform>
					<row0>	1.0000 0.0000 0.0000 0.0000	</row0>
					<row1>	0.0000 1.0000 0.0000 0.0000	</row1>
					<row2>	0.0000 0.0000 1.0000 0.0000	</row2>
					<row3>	0.0000 0.4949 6.2910 1.0000	</row3>
				</transform>
			</node>
			<node>
				<identifier>	HP_FX_RepairLight_left_1	</identifier>
				<transform>
					<row0>	0.0000 0.0000 1.0000 0.0000	</row0>
					<row1>	0.0000 1.0000 0.0000 0.0000	</row1>
					<row2>	-1.0000 0.0000 0.0000 0.0000	</row2>
					<row3>	-0.6382 0.5053 4.4967 1.0000	</row3>
				</transform>
			</node>
			<node>
				<identifier>	HP_FX_WakeTrace	</identifier>
				<transform>
					<row0>	1.0000 0.0000 0.0000 0.0000	</row0>
					<row1>	0.0000 1.0000 0.0000 0.0000	</row1>
					<row2>	0.0000 0.0000 1.0000 0.0000	</row2>
					<row3>	0.0000 0.0000 8.0188 1.0000	</row3>
				</transform>
			</node>
			<node>
				<identifier>	HP_GGM_1	</identifier>
				<transform>
					<row0>	1.0000 0.0000 0.0000 0.0000	</row0>
					<row1>	0.0000 1.0000 0.0000 0.0000	</row1>
					<row2>	0.0000 0.0000 1.0000 0.0000	</row2>
					<row3>	0.0000 0.5385 4.8205 1.0000	</row3>
				</transform>
			</node>
			<node>
				<identifier>	HP_Ship_death_1	</identifier>
				<transform>
					<row0>	1.0000 0.0000 0.0000 0.0000	</row0>
					<row1>	0.0000 1.0000 0.0000 0.0000	</row1>
					<row2>	0.0000 0.0000 1.0000 0.0000	</row2>
					<row3>	0.0000 0.0000 4.3458 1.0000	</row3>
				</transform>
			</node>
			<node>
				<identifier>	MP_CM010_Fire_Hose_Reel	</identifier>
				<transform>
					<row0>	0.7535 0.0000 -0.2401 0.0000	</row0>
					<row1>	0.0000 -0.7908 0.0000 0.0000	</row1>
					<row2>	-0.3036 0.0000 -0.9528 0.0000	</row2>
					<row3>	-0.3953 0.5218 4.9488 1.0000	</row3>
				</transform>
			</node>
			<node>
				<identifier>	MP_CM010_Fire_Hose_Reel_INDEX_1	</identifier>
				<transform>
					<row0>	-0.7535 0.0000 -0.2401 0.0000	</row0>
					<row1>	0.0000 -0.7908 0.0000 0.0000	</row1>
					<row2>	-0.3036 0.0000 0.9528 0.0000	</row2>
					<row3>	0.3953 0.5218 4.9488 1.0000	</row3>
				</transform>
			</node>
			<node>
				<identifier>	MP_CM109_Leadsman_Platform	</identifier>
				<transform>
					<row0>	-0.2013 -0.9772 0.0675 0.0000	</row0>
					<row1>	-0.9653 0.2097 0.1558 0.0000	</row1>
					<row2>	-0.1664 -0.0338 -0.9855 0.0000	</row2>
					<row3>	-0.2179 0.5547 7.8371 1.0000	</row3>
				</transform>
			</node>
			<node>
				<identifier>	MP_CM109_Leadsman_Platform_INDEX_1	</identifier>
				<transform>
					<row0>	0.2013 -0.9772 0.0675 0.0000	</row0>
					<row1>	0.9653 0.2097 0.1558 0.0000	</row1>
					<row2>	-0.1664 0.0338 0.9855 0.0000	</row2>
					<row3>	0.2179 0.5547 7.8371 1.0000	</row3>
				</transform>
			</node>
			<node>
				<identifier>	MP_GM007_LifeBuoy	</identifier>
				<transform>
					<row0>	0.9870 0.0000 0.1608 0.0000	</row0>
					<row1>	0.0000 1.0000 0.0000 0.0000	</row1>
					<row2>	-0.1608 0.0000 0.9870 0.0000	</row2>
					<row3>	0.3597 0.5747 6.9779 1.0000	</row3>
				</transform>
			</node>
			<node>
				<identifier>	MP_GM007_LifeBuoy_INDEX_1	</identifier>
				<transform>
					<row0>	0.9890 0.0000 -0.1480 0.0000	</row0>
					<row1>	0.0000 1.0000 0.0000 0.0000	</row1>
					<row2>	0.1480 0.0000 0.9890 0.0000	</row2>
					<row3>	-0.3853 0.5687 6.8181 1.0000	</row3>
				</transform>
			</node>
			<node>
				<identifier>	MP_GM012_Reels_5	</identifier>
				<transform>
					<row0>	1.1292 0.0000 0.0000 0.0000	</row0>
					<row1>	0.0000 0.6733 0.0000 0.0000	</row1>
					<row2>	0.0000 0.0000 0.6733 0.0000	</row2>
					<row3>	-0.1138 0.5079 5.6918 1.0000	</row3>
				</transform>
			</node>
			<node>
				<identifier>	MP_GM012_Reels_5_INDEX_1	</identifier>
				<transform>
					<row0>	1.1292 0.0000 0.0000 0.0000	</row0>
					<row1>	0.0000 0.6733 0.0000 0.0000	</row1>
					<row2>	0.0000 0.0000 0.6733 0.0000	</row2>
					<row3>	0.1138 0.5079 5.6918 1.0000	</row3>
				</transform>
			</node>
			<node>
				<identifier>	MP_GM016_Sleeve	</identifier>
				<transform>
					<row0>	1.0000 0.0000 0.0000 0.0000	</row0>
					<row1>	0.0000 1.0000 0.0000 0.0000	</row1>
					<row2>	0.0000 0.0000 1.0000 0.0000	</row2>
					<row3>	0.0004 0.5509 6.7749 1.0000	</row3>
				</transform>
			</node>
			<node>
				<identifier>	MP_GM858_Towing_Light	</identifier>
				<transform>
					<row0>	1.0000 0.0000 0.0000 0.0000	</row0>
					<row1>	0.0000 1.0000 0.0000 0.0000	</row1>
					<row2>	0.0000 0.0000 1.0000 0.0000	</row2>
					<row3>	0.0000 0.9695 8.3682 1.0000	</row3>
				</transform>
			</node>
			<node>
				<identifier>	MP_GM969_Anchor_up	</identifier>
				<transform>
					<row0>	0.9962 -0.0724 -0.0487 0.0000	</row0>
					<row1>	-0.0487 0.0016 -0.9988 0.0000	</row1>
					<row2>	0.0724 0.9974 -0.0019 0.0000	</row2>
					<row3>	0.1883 0.5588 7.5695 1.0000	</row3>
				</transform>
			</node>
			<node>
				<identifier>	MP_GM969_Anchor_up_INDEX_1	</identifier>
				<transform>
					<row0>	0.9962 0.0724 0.0487 0.0000	</row0>
					<row1>	0.0487 0.0016 -0.9988 0.0000	</row1>
					<row2>	-0.0724 0.9974 -0.0019 0.0000	</row2>
					<row3>	-0.1883 0.5588 7.5695 1.0000	</row3>
				</transform>
			</node>
			<node>
				<identifier>	MP_GM969_Anchor_up_INDEX_2	</identifier>
				<transform>
					<row0>	0.7958 0.0703 0.0417 0.0000	</row0>
					<row1>	0.0382 0.0412 -0.7980 0.0000	</row1>
					<row2>	-0.0723 0.7958 0.0376 0.0000	</row2>
					<row3>	-0.2814 0.5367 7.0154 1.0000	</row3>
				</transform>
			</node>
			<node>
				<identifier>	MP_GM970_Anchor_bottom	</identifier>
				<transform>
					<row0>	0.7958 0.0703 0.0417 0.0000	</row0>
					<row1>	0.0382 0.0412 -0.7980 0.0000	</row1>
					<row2>	-0.0723 0.7958 0.0376 0.0000	</row2>
					<row3>	-0.2814 0.5367 7.0154 1.0000	</row3>
				</transform>
			</node>
			<node>
				<identifier>	MP_GM970_Anchor_bottom_INDEX_1	</identifier>
				<transform>
					<row0>	0.9962 -0.0724 -0.0487 0.0000	</row0>
					<row1>	-0.0493 -0.0068 -0.9988 0.0000	</row1>
					<row2>	0.0720 0.9973 -0.0103 0.0000	</row2>
					<row3>	0.1884 0.5588 7.5691 1.0000	</row3>
				</transform>
			</node>
			<node>
				<identifier>	MP_GM970_Anchor_bottom_INDEX_2	</identifier>
				<transform>
					<row0>	0.9962 0.0724 0.0487 0.0000	</row0>
					<row1>	0.0493 -0.0068 -0.9988 0.0000	</row1>
					<row2>	-0.0720 0.9973 -0.0103 0.0000	</row2>
					<row3>	-0.1883 0.5588 7.5695 1.0000	</row3>
				</transform>
			</node>
			<node>
				<identifier>	SP_YMS001_YHBM_M_1	</identifier>
				<transform>
					<row0>	1.0546 0.0000 0.0000 0.0000	</row0>
					<row1>	0.0000 1.0546 0.0000 0.0000	</row1>
					<row2>	0.0000 0.0000 1.0546 0.0000	</row2>
					<row3>	0.0000 0.5749 8.3749 1.0000	</row3>
				</transform>
			</node>
			<node>
				<identifier>	SP_YMS002_YHBL_M_1	</identifier>
				<transform>
					<row0>	1.1402 -0.1037 -0.0577 0.0000	</row0>
					<row1>	0.1006 1.1402 -0.0625 0.0000	</row1>
					<row2>	0.0631 0.0571 1.1432 0.0000	</row2>
					<row3>	0.0000 0.5749 8.3749 1.0000	</row3>
				</transform>
			</node>
			<node>
				<identifier>	SP_YMS003_YHBR_M_1	</identifier>
				<transform>
					<row0>	1.1402 0.1037 0.0577 0.0000	</row0>
					<row1>	-0.1006 1.1402 -0.0625 0.0000	</row1>
					<row2>	-0.0631 0.0571 1.1432 0.0000	</row2>
					<row3>	0.0000 0.5749 8.3749 1.0000	</row3>
				</transform>
			</node>
			<node>
				<identifier>	SP_YMS004_YHXL_L_1	</identifier>
				<transform>
					<row0>	0.8149 0.2638 -0.0175 0.0000	</row0>
					<row1>	-0.2634 0.8150 0.0180 0.0000	</row1>
					<row2>	0.0222 -0.0117 0.8563 0.0000	</row2>
					<row3>	-0.0788 0.4027 7.8865 1.0000	</row3>
				</transform>
			</node>
			<node>
				<identifier>	SP_YMS005_YHXR_L_1	</identifier>
				<transform>
					<row0>	0.8149 -0.2638 0.0175 0.0000	</row0>
					<row1>	0.2634 0.8150 0.0180 0.0000	</row1>
					<row2>	-0.0222 -0.0117 0.8563 0.0000	</row2>
					<row3>	0.0788 0.4027 7.8865 1.0000	</row3>
				</transform>
			</node>
			<node>
				<identifier>	SP_YMS010_YHWM_L_1	</identifier>
				<transform>
					<row0>	0.9536 0.0000 0.0000 0.0000	</row0>
					<row1>	0.0000 0.9536 0.0000 0.0000	</row1>
					<row2>	0.0000 0.0000 0.9536 0.0000	</row2>
					<row3>	0.0000 0.0000 8.1651 1.0000	</row3>
				</transform>
			</node>
			<node>
				<identifier>	SP_YMS011_YHWL_M_1_INDEX_12	</identifier>
				<transform>
					<row0>	0.9708 0.1766 -0.1625 0.0000	</row0>
					<row1>	-0.1774 0.9841 0.0099 0.0000	</row1>
					<row2>	0.1617 0.0192 0.9867 0.0000	</row2>
					<row3>	-0.2568 0.0000 6.5606 1.0000	</row3>
				</transform>
			</node>
			<node>
				<identifier>	SP_YMS011_YHWL_M_1_INDEX_2	</identifier>
				<transform>
					<row0>	0.9708 0.1774 -0.1617 0.0000	</row0>
					<row1>	-0.1774 0.9840 0.0146 0.0000	</row1>
					<row2>	0.1617 0.0145 0.9867 0.0000	</row2>
					<row3>	-0.5326 0.0000 4.9248 1.0000	</row3>
				</transform>
			</node>
			<node>
				<identifier>	SP_YMS011_YHWL_M_1_INDEX_6	</identifier>
				<transform>
					<row0>	0.9773 0.1389 -0.1598 0.0000	</row0>
					<row1>	-0.1395 0.9902 0.0077 0.0000	</row1>
					<row2>	0.1593 0.0147 0.9871 0.0000	</row2>
					<row3>	-0.3906 0.0000 5.7402 1.0000	</row3>
				</transform>
			</node>
			<node>
				<identifier>	SP_YMS012_YHWR_M_1_INDEX_1	</identifier>
				<transform>
					<row0>	0.9708 -0.1766 0.1625 0.0000	</row0>
					<row1>	0.1774 0.9841 0.0099 0.0000	</row1>
					<row2>	-0.1617 0.0192 0.9867 0.0000	</row2>
					<row3>	0.2568 0.0000 6.5606 1.0000	</row3>
				</transform>
			</node>
			<node>
				<identifier>	SP_YMS012_YHWR_M_1_INDEX_14	</identifier>
				<transform>
					<row0>	0.9708 -0.1774 0.1617 0.0000	</row0>
					<row1>	0.1774 0.9840 0.0146 0.0000	</row1>
					<row2>	-0.1617 0.0145 0.9867 0.0000	</row2>
					<row3>	0.5326 0.0000 4.9248 1.0000	</row3>
				</transform>
			</node>
			<node>
				<identifier>	SP_YMS012_YHWR_M_1_INDEX_2	</identifier>
				<transform>
					<row0>	0.9773 -0.1389 0.1598 0.0000	</row0>
					<row1>	0.1395 0.9902 0.0077 0.0000	</row1>
					<row2>	-0.1593 0.0147 0.9871 0.0000	</row2>
					<row3>	0.3906 0.0000 5.7402 1.0000	</row3>
				</transform>
			</node>
			<node>
				<identifier>	SP_YMS020_YHBU_M_1	</identifier>
				<transform>
					<row0>	1.2909 0.0000 0.0000 0.0000	</row0>
					<row1>	0.0000 1.2909 0.0000 0.0000	</row1>
					<row2>	0.0000 0.0000 1.2909 0.0000	</row2>
					<row3>	0.0000 -0.1667 7.8367 1.0000	</row3>
				</transform>
			</node>
			<node>
				<identifier>	SP_YMS022_YHUS_L_1	</identifier>
				<transform>
					<row0>	-0.3011 0.0071 -1.7441 0.0000	</row0>
					<row1>	-0.8850 1.5245 0.1590 0.0000	</row1>
					<row2>	1.5029 0.8991 -0.2558 0.0000	</row2>
					<row3>	-0.2165 -0.5730 4.9397 1.0000	</row3>
				</transform>
			</node>
			<node>
				<identifier>	SP_YMS022_YHUS_L_1_INDEX_1	</identifier>
				<transform>
					<row0>	-0.3011 -0.0071 1.7441 0.0000	</row0>
					<row1>	0.8850 1.5245 0.1590 0.0000	</row1>
					<row2>	-1.5029 0.8991 -0.2558 0.0000	</row2>
					<row3>	0.2165 -0.5730 4.9448 1.0000	</row3>
				</transform>
			</node>
			<node>
				<identifier>	SP_YMS051_YHDL_L_1	</identifier>
				<transform>
					<row0>	0.9422 -0.0320 -0.1289 0.0000	</row0>
					<row1>	0.0280 0.9506 -0.0312 0.0000	</row1>
					<row2>	0.1298 0.0271 0.9422 0.0000	</row2>
					<row3>	-0.5253 0.5004 6.1351 1.0000	</row3>
				</transform>
			</node>
			<node>
				<identifier>	SP_YMS052_YHDR_L_1	</identifier>
				<transform>
					<row0>	0.9422 0.0320 0.1289 0.0000	</row0>
					<row1>	-0.0280 0.9506 -0.0312 0.0000	</row1>
					<row2>	-0.1298 0.0271 0.9422 0.0000	</row2>
					<row3>	0.5253 0.5004 6.1351 1.0000	</row3>
				</transform>
			</node>
			<node>
				<identifier>	SP_YMS053_YHDC_S_1	</identifier>
				<transform>
					<row0>	1.0000 0.0000 0.0000 0.0000	</row0>
					<row1>	0.0000 0.9997 -0.0255 0.0000	</row1>
					<row2>	0.0000 0.0255 0.9997 0.0000	</row2>
					<row3>	0.0000 0.5402 6.9596 1.0000	</row3>
				</transform>
			</node>
			<node>
				<identifier>	SP_YMS080_YHSL_M_1	</identifier>
				<transform>
					<row0>	0.9493 0.2714 -0.1587 0.0000	</row0>
					<row1>	-0.2683 0.9625 0.0412 0.0000	</row1>
					<row2>	0.1639 0.0035 0.9865 0.0000	</row2>
					<row3>	-0.5046 0.2639 5.3870 1.0000	</row3>
				</transform>
			</node>
			<node>
				<identifier>	SP_YMS081_YHSR_M_1	</identifier>
				<transform>
					<row0>	0.9493 -0.2714 0.1587 0.0000	</row0>
					<row1>	0.2683 0.9625 0.0412 0.0000	</row1>
					<row2>	-0.1639 0.0035 0.9865 0.0000	</row2>
					<row3>	0.5046 0.2639 5.3870 1.0000	</row3>
				</transform>
			</node>
		</node>
	</node>
	<boundingBox>
		<min>	-0.0667 -0.0667 -0.0667	</min>
		<max>	0.0667 0.0667 0.0667	</max>
	</boundingBox>
</GSB037_Prinz_Ruprecht_1944_Bow_ports.visual>
