<BSB032_Repulse_1941_MidFront_ports.visual>
	<node>
		<identifier>	Scene Root	</identifier>
		<transform>
			<row0>	1.0000 0.0000 0.0000 0.0000	</row0>
			<row1>	0.0000 1.0000 0.0000 0.0000	</row1>
			<row2>	0.0000 0.0000 1.0000 0.0000	</row2>
			<row3>	0.0000 0.0000 0.0000 1.0000	</row3>
		</transform>
		<node>
			<identifier>	MidFront_ports	</identifier>
			<transform>
				<row0>	1.0000 0.0000 0.0000 0.0000	</row0>
				<row1>	0.0000 1.0000 0.0000 0.0000	</row1>
				<row2>	0.0000 0.0000 1.0000 0.0000	</row2>
				<row3>	0.0000 0.0000 0.0000 1.0000	</row3>
			</transform>
			<node>
				<identifier>	HP_BC_1	</identifier>
				<transform>
					<row0>	0.0000 0.0000 -1.0000 0.0000	</row0>
					<row1>	0.0000 1.0000 0.0000 0.0000	</row1>
					<row2>	1.0000 0.0000 0.0000 0.0000	</row2>
					<row3>	0.0000 0.3678 -1.7693 1.0000	</row3>
				</transform>
			</node>
			<node>
				<identifier>	HP_BD_1	</identifier>
				<transform>
					<row0>	1.0000 0.0000 0.0000 0.0000	</row0>
					<row1>	0.0000 1.0000 0.0000 0.0000	</row1>
					<row2>	0.0000 0.0000 1.0000 0.0000	</row2>
					<row3>	0.0000 1.0123 2.1841 1.0000	</row3>
				</transform>
			</node>
			<node>
				<identifier>	HP_BD_2	</identifier>
				<transform>
					<row0>	1.0000 0.0000 0.0000 0.0000	</row0>
					<row1>	0.0000 1.0000 0.0000 0.0000	</row1>
					<row2>	0.0000 0.0000 1.0000 0.0000	</row2>
					<row3>	0.0000 1.9768 1.7612 1.0000	</row3>
				</transform>
			</node>
			<node>
				<identifier>	HP_BD_3	</identifier>
				<transform>
					<row0>	1.0000 0.0000 0.0000 0.0000	</row0>
					<row1>	0.0000 1.0000 0.0000 0.0000	</row1>
					<row2>	0.0000 0.0000 1.0000 0.0000	</row2>
					<row3>	0.0000 1.7826 1.7552 1.0000	</row3>
				</transform>
			</node>
			<node>
				<identifier>	HP_BD_4	</identifier>
				<transform>
					<row0>	1.0000 0.0000 0.0000 0.0000	</row0>
					<row1>	0.0000 1.0000 0.0000 0.0000	</row1>
					<row2>	0.0000 0.0000 1.0000 0.0000	</row2>
					<row3>	0.0000 2.3734 1.6500 1.0000	</row3>
				</transform>
			</node>
			<node>
				<identifier>	HP_BD_5	</identifier>
				<transform>
					<row0>	0.0000 0.0000 1.0000 0.0000	</row0>
					<row1>	0.0000 1.0000 0.0000 0.0000	</row1>
					<row2>	-1.0000 0.0000 0.0000 0.0000	</row2>
					<row3>	-0.1123 2.3090 1.5143 1.0000	</row3>
				</transform>
			</node>
			<node>
				<identifier>	HP_BD_6	</identifier>
				<transform>
					<row0>	0.0000 0.0000 -1.0000 0.0000	</row0>
					<row1>	0.0000 1.0000 0.0000 0.0000	</row1>
					<row2>	1.0000 0.0000 0.0000 0.0000	</row2>
					<row3>	0.1123 2.3090 1.5143 1.0000	</row3>
				</transform>
			</node>
			<node>
				<identifier>	HP_BF_1	</identifier>
				<transform>
					<row0>	0.0000 0.0000 1.0000 0.0000	</row0>
					<row1>	0.0000 1.0000 0.0000 0.0000	</row1>
					<row2>	-1.0000 0.0000 0.0000 0.0000	</row2>
					<row3>	-0.4063 1.1811 1.4386 1.0000	</row3>
				</transform>
			</node>
			<node>
				<identifier>	HP_BF_2	</identifier>
				<transform>
					<row0>	0.0000 0.0000 -1.0000 0.0000	</row0>
					<row1>	0.0000 1.0000 0.0000 0.0000	</row1>
					<row2>	1.0000 0.0000 0.0000 0.0000	</row2>
					<row3>	0.4063 1.1811 1.4386 1.0000	</row3>
				</transform>
			</node>
			<node>
				<identifier>	HP_BF_3	</identifier>
				<transform>
					<row0>	0.0000 0.0000 1.0000 0.0000	</row0>
					<row1>	0.0000 1.0000 0.0000 0.0000	</row1>
					<row2>	-1.0000 0.0000 0.0000 0.0000	</row2>
					<row3>	-0.2621 1.3812 1.3233 1.0000	</row3>
				</transform>
			</node>
			<node>
				<identifier>	HP_BF_4	</identifier>
				<transform>
					<row0>	0.0000 0.0000 -1.0000 0.0000	</row0>
					<row1>	0.0000 1.0000 0.0000 0.0000	</row1>
					<row2>	1.0000 0.0000 0.0000 0.0000	</row2>
					<row3>	0.2621 1.3811 1.3233 1.0000	</row3>
				</transform>
			</node>
			<node>
				<identifier>	HP_BGA_1	</identifier>
				<transform>
					<row0>	0.2588 0.0000 0.9659 0.0000	</row0>
					<row1>	0.0000 1.0000 0.0000 0.0000	</row1>
					<row2>	-0.9659 0.0000 0.2588 0.0000	</row2>
					<row3>	-0.4034 0.5783 2.3589 1.0000	</row3>
				</transform>
			</node>
			<node>
				<identifier>	HP_BGA_2	</identifier>
				<transform>
					<row0>	0.2588 0.0000 -0.9659 0.0000	</row0>
					<row1>	0.0000 1.0000 0.0000 0.0000	</row1>
					<row2>	0.9659 0.0000 0.2588 0.0000	</row2>
					<row3>	0.4034 0.5783 2.3589 1.0000	</row3>
				</transform>
			</node>
			<node>
				<identifier>	HP_BGA_3	</identifier>
				<transform>
					<row0>	0.4208 0.0000 0.9072 0.0000	</row0>
					<row1>	0.0000 1.0000 0.0000 0.0000	</row1>
					<row2>	-0.9072 0.0000 0.4208 0.0000	</row2>
					<row3>	-0.3832 0.8439 1.6473 1.0000	</row3>
				</transform>
			</node>
			<node>
				<identifier>	HP_BGA_4	</identifier>
				<transform>
					<row0>	0.4208 0.0000 -0.9072 0.0000	</row0>
					<row1>	0.0000 1.0000 0.0000 0.0000	</row1>
					<row2>	0.9072 0.0000 0.4208 0.0000	</row2>
					<row3>	0.3832 0.8439 1.6473 1.0000	</row3>
				</transform>
			</node>
			<node>
				<identifier>	HP_BGA_5	</identifier>
				<transform>
					<row0>	0.0000 0.0000 1.0000 0.0000	</row0>
					<row1>	0.0000 1.0000 0.0000 0.0000	</row1>
					<row2>	-1.0000 0.0000 0.0000 0.0000	</row2>
					<row3>	-0.4724 1.0261 0.6709 1.0000	</row3>
				</transform>
			</node>
			<node>
				<identifier>	HP_BGA_6	</identifier>
				<transform>
					<row0>	0.0000 0.0000 -1.0000 0.0000	</row0>
					<row1>	0.0000 1.0000 0.0000 0.0000	</row1>
					<row2>	1.0000 0.0000 0.0000 0.0000	</row2>
					<row3>	0.4724 1.0261 0.6709 1.0000	</row3>
				</transform>
			</node>
			<node>
				<identifier>	HP_BGA_7	</identifier>
				<transform>
					<row0>	0.0000 0.0000 1.0000 0.0000	</row0>
					<row1>	0.0000 1.0000 0.0000 0.0000	</row1>
					<row2>	-1.0000 0.0000 0.0000 0.0000	</row2>
					<row3>	-0.7979 0.8439 0.6357 1.0000	</row3>
				</transform>
			</node>
			<node>
				<identifier>	HP_BGA_8	</identifier>
				<transform>
					<row0>	0.0000 0.0000 -1.0000 0.0000	</row0>
					<row1>	0.0000 1.0000 0.0000 0.0000	</row1>
					<row2>	1.0000 0.0000 0.0000 0.0000	</row2>
					<row3>	0.7979 0.8439 0.6357 1.0000	</row3>
				</transform>
			</node>
			<node>
				<identifier>	HP_BGM_1	</identifier>
				<transform>
					<row0>	1.0000 0.0000 0.0000 0.0000	</row0>
					<row1>	0.0000 1.0000 0.0000 0.0000	</row1>
					<row2>	0.0000 0.0000 1.0000 0.0000	</row2>
					<row3>	0.0000 0.5096 4.1022 1.0000	</row3>
				</transform>
			</node>
			<node>
				<identifier>	HP_BGM_2	</identifier>
				<transform>
					<row0>	1.0000 0.0000 0.0000 0.0000	</row0>
					<row1>	0.0000 1.0000 0.0000 0.0000	</row1>
					<row2>	0.0000 0.0000 1.0000 0.0000	</row2>
					<row3>	0.0000 0.7107 3.0470 1.0000	</row3>
				</transform>
			</node>
			<node>
				<identifier>	HP_BGS_1	</identifier>
				<transform>
					<row0>	1.0000 0.0000 0.0000 0.0000	</row0>
					<row1>	0.0000 1.0000 0.0000 0.0000	</row1>
					<row2>	0.0000 0.0000 1.0000 0.0000	</row2>
					<row3>	-0.6066 0.8439 1.1775 1.0000	</row3>
				</transform>
			</node>
			<node>
				<identifier>	HP_BGS_2	</identifier>
				<transform>
					<row0>	1.0000 0.0000 0.0000 0.0000	</row0>
					<row1>	0.0000 1.0000 0.0000 0.0000	</row1>
					<row2>	0.0000 0.0000 1.0000 0.0000	</row2>
					<row3>	0.6066 0.8439 1.1775 1.0000	</row3>
				</transform>
			</node>
			<node>
				<identifier>	HP_BGS_3	</identifier>
				<transform>
					<row0>	1.0000 0.0000 0.0000 0.0000	</row0>
					<row1>	0.0000 1.0000 0.0000 0.0000	</row1>
					<row2>	0.0000 0.0000 1.0000 0.0000	</row2>
					<row3>	-0.8096 0.3587 0.9187 1.0000	</row3>
				</transform>
			</node>
			<node>
				<identifier>	HP_BGS_4	</identifier>
				<transform>
					<row0>	1.0000 0.0000 0.0000 0.0000	</row0>
					<row1>	0.0000 1.0000 0.0000 0.0000	</row1>
					<row2>	0.0000 0.0000 1.0000 0.0000	</row2>
					<row3>	0.8096 0.3587 0.9187 1.0000	</row3>
				</transform>
			</node>
			<node>
				<identifier>	HP_BGS_5	</identifier>
				<transform>
					<row0>	1.0000 0.0000 0.0000 0.0000	</row0>
					<row1>	0.0000 1.0000 0.0000 0.0000	</row1>
					<row2>	0.0000 0.0000 1.0000 0.0000	</row2>
					<row3>	-0.7314 0.8063 -0.2581 1.0000	</row3>
				</transform>
			</node>
			<node>
				<identifier>	HP_BGS_6	</identifier>
				<transform>
					<row0>	1.0000 0.0000 0.0000 0.0000	</row0>
					<row1>	0.0000 1.0000 0.0000 0.0000	</row1>
					<row2>	0.0000 0.0000 1.0000 0.0000	</row2>
					<row3>	0.7314 0.8063 -0.2581 1.0000	</row3>
				</transform>
			</node>
			<node>
				<identifier>	HP_FX_Death_1	</identifier>
				<transform>
					<row0>	1.0000 0.0000 0.0000 0.0000	</row0>
					<row1>	0.0000 1.0000 0.0000 0.0000	</row1>
					<row2>	0.0000 0.0000 1.0000 0.0000	</row2>
					<row3>	0.0000 0.0000 4.1303 1.0000	</row3>
				</transform>
			</node>
			<node>
				<identifier>	HP_FX_Death_2	</identifier>
				<transform>
					<row0>	1.0000 0.0000 0.0000 0.0000	</row0>
					<row1>	0.0000 1.0000 0.0000 0.0000	</row1>
					<row2>	0.0000 0.0000 1.0000 0.0000	</row2>
					<row3>	0.0000 0.0000 -0.6064 1.0000	</row3>
				</transform>
			</node>
			<node>
				<identifier>	HP_FX_Fire_2	</identifier>
				<transform>
					<row0>	1.0000 0.0000 0.0000 0.0000	</row0>
					<row1>	0.0000 1.0000 0.0000 0.0000	</row1>
					<row2>	0.0000 0.0000 1.0000 0.0000	</row2>
					<row3>	0.0000 0.9062 2.1613 1.0000	</row3>
				</transform>
			</node>
			<node>
				<identifier>	HP_FX_Fire_2_side_1	</identifier>
				<transform>
					<row0>	0.9986 0.0000 -0.0531 0.0000	</row0>
					<row1>	0.0000 1.0000 0.0000 0.0000	</row1>
					<row2>	0.0531 0.0000 0.9986 0.0000	</row2>
					<row3>	-0.7988 0.3810 1.9482 1.0000	</row3>
				</transform>
			</node>
			<node>
				<identifier>	HP_FX_Fire_2_side_2	</identifier>
				<transform>
					<row0>	0.9971 0.0000 0.0763 0.0000	</row0>
					<row1>	0.0000 1.0000 0.0000 0.0000	</row1>
					<row2>	-0.0763 0.0000 0.9971 0.0000	</row2>
					<row3>	0.6865 0.3759 3.4945 1.0000	</row3>
				</transform>
			</node>
			<node>
				<identifier>	HP_FX_Fire_2_side_3	</identifier>
				<transform>
					<row0>	1.0000 0.0000 0.0000 0.0000	</row0>
					<row1>	0.0000 1.0000 0.0000 0.0000	</row1>
					<row2>	0.0000 0.0000 1.0000 0.0000	</row2>
					<row3>	0.8301 0.5166 0.2484 1.0000	</row3>
				</transform>
			</node>
			<node>
				<identifier>	HP_FX_Fire_5	</identifier>
				<transform>
					<row0>	1.0000 0.0000 0.0000 0.0000	</row0>
					<row1>	0.0000 1.0000 0.0000 0.0000	</row1>
					<row2>	0.0000 0.0000 1.0000 0.0000	</row2>
					<row3>	-0.1367 0.4593 -1.4618 1.0000	</row3>
				</transform>
			</node>
			<node>
				<identifier>	HP_FX_Fire_5_2	</identifier>
				<transform>
					<row0>	1.0000 0.0000 0.0000 0.0000	</row0>
					<row1>	0.0000 1.0000 0.0000 0.0000	</row1>
					<row2>	0.0000 0.0000 1.0000 0.0000	</row2>
					<row3>	-0.1367 0.8866 -1.0507 1.0000	</row3>
				</transform>
			</node>
			<node>
				<identifier>	HP_FX_FloodLight_left_1	</identifier>
				<transform>
					<row0>	-1.0000 0.0000 0.0000 0.0000	</row0>
					<row1>	0.0000 1.0000 0.0000 0.0000	</row1>
					<row2>	0.0000 0.0000 -1.0000 0.0000	</row2>
					<row3>	-0.6165 0.5024 1.2819 1.0000	</row3>
				</transform>
			</node>
			<node>
				<identifier>	HP_FX_FloodLight_right_1	</identifier>
				<transform>
					<row0>	1.0000 0.0000 0.0000 0.0000	</row0>
					<row1>	0.0000 1.0000 0.0000 0.0000	</row1>
					<row2>	0.0000 0.0000 1.0000 0.0000	</row2>
					<row3>	0.6174 0.5076 1.2783 1.0000	</row3>
				</transform>
			</node>
			<node>
				<identifier>	HP_FX_Flood_steam_1	</identifier>
				<transform>
					<row0>	0.7765 0.3288 -0.5376 0.0000	</row0>
					<row1>	-0.4880 0.8535 -0.1827 0.0000	</row1>
					<row2>	0.3988 0.4042 0.8231 0.0000	</row2>
					<row3>	-0.2020 1.4048 -0.4119 1.0000	</row3>
				</transform>
			</node>
			<node>
				<identifier>	HP_FX_Flood_steam_2	</identifier>
				<transform>
					<row0>	0.0000 -0.5202 -0.8540 0.0000	</row0>
					<row1>	0.0000 0.8540 -0.5202 0.0000	</row1>
					<row2>	1.0000 0.0000 0.0000 0.0000	</row2>
					<row3>	0.0184 1.5282 0.5587 1.0000	</row3>
				</transform>
			</node>
			<node>
				<identifier>	HP_FX_Flood_steam_left	</identifier>
				<transform>
					<row0>	-1.0000 0.0000 0.0000 0.0000	</row0>
					<row1>	0.0000 1.0000 0.0000 0.0000	</row1>
					<row2>	0.0000 0.0000 -1.0000 0.0000	</row2>
					<row3>	-0.8081 0.3000 2.8299 1.0000	</row3>
				</transform>
			</node>
			<node>
				<identifier>	HP_FX_RepairLight_left_1	</identifier>
				<transform>
					<row0>	0.1341 0.0000 0.9910 0.0000	</row0>
					<row1>	0.0000 1.0000 0.0000 0.0000	</row1>
					<row2>	-0.9910 0.0000 0.1341 0.0000	</row2>
					<row3>	-0.8029 0.3561 3.1956 1.0000	</row3>
				</transform>
			</node>
			<node>
				<identifier>	HP_FX_RepairLight_right_1	</identifier>
				<transform>
					<row0>	0.1474 0.0510 -0.9878 0.0000	</row0>
					<row1>	0.1129 0.9913 0.0680 0.0000	</row1>
					<row2>	0.9826 -0.1215 0.1403 0.0000	</row2>
					<row3>	0.7384 0.3713 4.3862 1.0000	</row3>
				</transform>
			</node>
			<node>
				<identifier>	HP_FX_Smoke_1	</identifier>
				<transform>
					<row0>	1.0000 0.0000 0.0000 0.0000	</row0>
					<row1>	0.0000 1.0000 0.0000 0.0000	</row1>
					<row2>	0.0000 0.0000 1.0000 0.0000	</row2>
					<row3>	0.0000 1.5840 0.8526 1.0000	</row3>
				</transform>
			</node>
			<node>
				<identifier>	HP_FX_Smoke_2	</identifier>
				<transform>
					<row0>	1.0000 0.0000 0.0000 0.0000	</row0>
					<row1>	0.0000 1.0000 0.0000 0.0000	</row1>
					<row2>	0.0000 0.0000 1.0000 0.0000	</row2>
					<row3>	0.0000 1.4481 -0.3962 1.0000	</row3>
				</transform>
			</node>
			<node>
				<identifier>	HP_Flagpole	</identifier>
				<transform>
					<row0>	1.0000 0.0000 0.0000 0.0000	</row0>
					<row1>	0.0000 1.0000 0.0000 0.0000	</row1>
					<row2>	0.0000 0.0000 1.0000 0.0000	</row2>
					<row3>	0.0000 2.3686 1.4196 1.0000	</row3>
				</transform>
			</node>
			<node>
				<identifier>	HP_flag_1	</identifier>
				<transform>
					<row0>	0.9851 -0.1688 -0.0322 0.0000	</row0>
					<row1>	0.1688 0.9153 0.3658 0.0000	</row1>
					<row2>	-0.0322 -0.3658 0.9302 0.0000	</row2>
					<row3>	0.4410 1.9532 1.2972 1.0000	</row3>
				</transform>
			</node>
			<node>
				<identifier>	HP_flag_2	</identifier>
				<transform>
					<row0>	0.9851 0.1688 0.0322 0.0000	</row0>
					<row1>	-0.1688 0.9153 0.3658 0.0000	</row1>
					<row2>	0.0322 -0.3658 0.9302 0.0000	</row2>
					<row3>	-0.4410 1.9532 1.2972 1.0000	</row3>
				</transform>
			</node>
			<node>
				<identifier>	HP_flag_3	</identifier>
				<transform>
					<row0>	0.9520 -0.3054 -0.0227 0.0000	</row0>
					<row1>	0.3054 0.9412 0.1445 0.0000	</row1>
					<row2>	-0.0227 -0.1445 0.9893 0.0000	</row2>
					<row3>	0.5492 1.9506 1.2258 1.0000	</row3>
				</transform>
			</node>
			<node>
				<identifier>	HP_flag_4	</identifier>
				<transform>
					<row0>	0.9520 0.3054 0.0227 0.0000	</row0>
					<row1>	-0.3054 0.9412 0.1445 0.0000	</row1>
					<row2>	0.0227 -0.1445 0.9893 0.0000	</row2>
					<row3>	-0.5492 1.9506 1.2258 1.0000	</row3>
				</transform>
			</node>
			<node>
				<identifier>	HP_flag_courtesy	</identifier>
				<transform>
					<row0>	0.9324 -0.3612 -0.0114 0.0000	</row0>
					<row1>	0.3612 0.9305 0.0609 0.0000	</row1>
					<row2>	-0.0114 -0.0609 0.9981 0.0000	</row2>
					<row3>	0.6585 1.9529 1.1513 1.0000	</row3>
				</transform>
			</node>
			<node>
				<identifier>	HP_flag_house	</identifier>
				<transform>
					<row0>	0.9324 0.3612 0.0114 0.0000	</row0>
					<row1>	-0.3612 0.9305 0.0609 0.0000	</row1>
					<row2>	0.0114 -0.0609 0.9981 0.0000	</row2>
					<row3>	-0.6585 1.9529 1.1513 1.0000	</row3>
				</transform>
			</node>
			<node>
				<identifier>	MP_BM001_Paravane	</identifier>
				<transform>
					<row0>	-0.9992 0.0388 0.0000 0.0000	</row0>
					<row1>	0.0388 0.9992 0.0000 0.0000	</row1>
					<row2>	0.0000 0.0000 -1.0000 0.0000	</row2>
					<row3>	-0.6732 0.5937 0.6320 1.0000	</row3>
				</transform>
			</node>
			<node>
				<identifier>	MP_BM001_Paravane_INDEX_1	</identifier>
				<transform>
					<row0>	0.3332 0.0000 0.9429 0.0000	</row0>
					<row1>	0.0000 1.0000 0.0000 0.0000	</row1>
					<row2>	-0.9429 0.0000 0.3332 0.0000	</row2>
					<row3>	0.6497 0.5138 0.7041 1.0000	</row3>
				</transform>
			</node>
			<node>
				<identifier>	MP_BM001_Paravane_INDEX_2	</identifier>
				<transform>
					<row0>	0.0000 1.0000 0.0000 0.0000	</row0>
					<row1>	0.9306 0.0000 -0.3661 0.0000	</row1>
					<row2>	-0.3661 0.0000 -0.9306 0.0000	</row2>
					<row3>	0.3248 0.4470 3.9999 1.0000	</row3>
				</transform>
			</node>
			<node>
				<identifier>	MP_BM001_Paravane_INDEX_3	</identifier>
				<transform>
					<row0>	0.9807 0.0000 0.1954 0.0000	</row0>
					<row1>	-0.0009 1.0000 0.0046 0.0000	</row1>
					<row2>	-0.1954 -0.0047 0.9807 0.0000	</row2>
					<row3>	0.5217 0.5173 0.6154 1.0000	</row3>
				</transform>
			</node>
			<node>
				<identifier>	MP_BM001_Paravane_INDEX_4	</identifier>
				<transform>
					<row0>	0.8935 0.0000 -0.4490 0.0000	</row0>
					<row1>	0.0000 1.0000 0.0000 0.0000	</row1>
					<row2>	0.4490 0.0000 0.8935 0.0000	</row2>
					<row3>	-0.6843 0.5132 0.6668 1.0000	</row3>
				</transform>
			</node>
			<node>
				<identifier>	MP_BM004_Reels	</identifier>
				<transform>
					<row0>	0.0000 0.0000 0.8775 0.0000	</row0>
					<row1>	0.0000 0.8775 0.0000 0.0000	</row1>
					<row2>	-0.8775 0.0000 0.0000 0.0000	</row2>
					<row3>	0.6257 0.5782 -0.0468 1.0000	</row3>
				</transform>
			</node>
			<node>
				<identifier>	MP_BM004_Reels_INDEX_1	</identifier>
				<transform>
					<row0>	0.0000 0.0000 -0.7196 0.0000	</row0>
					<row1>	-0.0368 0.7187 0.0000 0.0000	</row1>
					<row2>	0.7187 0.0368 0.0000 0.0000	</row2>
					<row3>	-0.4869 0.3681 0.0264 1.0000	</row3>
				</transform>
			</node>
			<node>
				<identifier>	MP_BM004_Reels_INDEX_10	</identifier>
				<transform>
					<row0>	0.0000 0.0000 0.8775 0.0000	</row0>
					<row1>	0.0000 0.8775 0.0000 0.0000	</row1>
					<row2>	-0.8775 0.0000 0.0000 0.0000	</row2>
					<row3>	-0.5163 0.5763 0.6325 1.0000	</row3>
				</transform>
			</node>
			<node>
				<identifier>	MP_BM004_Reels_INDEX_11	</identifier>
				<transform>
					<row0>	0.0000 0.0000 0.8775 0.0000	</row0>
					<row1>	0.0000 0.8775 0.0000 0.0000	</row1>
					<row2>	-0.8775 0.0000 0.0000 0.0000	</row2>
					<row3>	0.6296 0.5781 0.5263 1.0000	</row3>
				</transform>
			</node>
			<node>
				<identifier>	MP_BM004_Reels_INDEX_2	</identifier>
				<transform>
					<row0>	1.2173 0.0000 0.8512 0.0000	</row0>
					<row1>	0.0279 1.4845 -0.0398 0.0000	</row1>
					<row2>	-0.8507 0.0486 1.2166 0.0000	</row2>
					<row3>	0.1911 0.3809 3.7863 1.0000	</row3>
				</transform>
			</node>
			<node>
				<identifier>	MP_BM004_Reels_INDEX_3	</identifier>
				<transform>
					<row0>	0.0000 0.0000 -1.0000 0.0000	</row0>
					<row1>	-0.0512 0.9987 0.0000 0.0000	</row1>
					<row2>	0.9987 0.0512 0.0000 0.0000	</row2>
					<row3>	-0.6445 0.3600 0.6125 1.0000	</row3>
				</transform>
			</node>
			<node>
				<identifier>	MP_BM004_Reels_INDEX_4	</identifier>
				<transform>
					<row0>	0.0000 0.0000 -0.8775 0.0000	</row0>
					<row1>	0.0000 0.8775 0.0000 0.0000	</row1>
					<row2>	0.8775 0.0000 0.0000 0.0000	</row2>
					<row3>	-0.5801 0.5781 0.0030 1.0000	</row3>
				</transform>
			</node>
			<node>
				<identifier>	MP_BM004_Reels_INDEX_5	</identifier>
				<transform>
					<row0>	-0.4819 0.0000 -1.0297 0.0000	</row0>
					<row1>	0.0000 1.1369 0.0000 0.0000	</row1>
					<row2>	1.0297 0.0000 -0.4819 0.0000	</row2>
					<row3>	-0.4860 0.5763 1.7937 1.0000	</row3>
				</transform>
			</node>
			<node>
				<identifier>	MP_BM004_Reels_INDEX_6	</identifier>
				<transform>
					<row0>	0.0000 0.0000 0.8775 0.0000	</row0>
					<row1>	0.0000 0.8775 0.0000 0.0000	</row1>
					<row2>	-0.8775 0.0000 0.0000 0.0000	</row2>
					<row3>	0.2757 0.5763 0.3833 1.0000	</row3>
				</transform>
			</node>
			<node>
				<identifier>	MP_BM004_Reels_INDEX_7	</identifier>
				<transform>
					<row0>	0.0000 0.0000 1.0000 0.0000	</row0>
					<row1>	0.0512 0.9987 0.0000 0.0000	</row1>
					<row2>	-0.9987 0.0512 0.0000 0.0000	</row2>
					<row3>	0.4877 0.3687 0.7328 1.0000	</row3>
				</transform>
			</node>
			<node>
				<identifier>	MP_BM004_Reels_INDEX_8	</identifier>
				<transform>
					<row0>	0.0000 0.0000 1.1369 0.0000	</row0>
					<row1>	0.0000 1.1369 0.0000 0.0000	</row1>
					<row2>	-1.1369 0.0000 0.0000 0.0000	</row2>
					<row3>	0.5492 0.5763 1.7005 1.0000	</row3>
				</transform>
			</node>
			<node>
				<identifier>	MP_BM004_Reels_INDEX_9	</identifier>
				<transform>
					<row0>	0.8907 0.0000 -1.1882 0.0000	</row0>
					<row1>	-0.0236 1.4847 -0.0177 0.0000	</row1>
					<row2>	1.1880 0.0295 0.8905 0.0000	</row2>
					<row3>	-0.2779 0.3812 3.8471 1.0000	</row3>
				</transform>
			</node>
			<node>
				<identifier>	MP_BM012_Telpher	</identifier>
				<transform>
					<row0>	0.8039 0.0000 -0.5948 0.0000	</row0>
					<row1>	0.0000 1.0000 0.0000 0.0000	</row1>
					<row2>	0.5948 0.0000 0.8039 0.0000	</row2>
					<row3>	0.3469 0.9835 0.9172 1.0000	</row3>
				</transform>
			</node>
			<node>
				<identifier>	MP_BM012_Telpher_INDEX_1	</identifier>
				<transform>
					<row0>	0.8039 0.0000 0.5948 0.0000	</row0>
					<row1>	0.0000 1.0000 0.0000 0.0000	</row1>
					<row2>	-0.5948 0.0000 0.8039 0.0000	</row2>
					<row3>	-0.3469 0.9835 0.9172 1.0000	</row3>
				</transform>
			</node>
			<node>
				<identifier>	MP_BM017_Loading_Machine	</identifier>
				<transform>
					<row0>	0.8994 0.0000 -0.4371 0.0000	</row0>
					<row1>	0.0000 1.0000 0.0000 0.0000	</row1>
					<row2>	0.4371 0.0000 0.8994 0.0000	</row2>
					<row3>	-0.3436 0.5767 2.0836 1.0000	</row3>
				</transform>
			</node>
			<node>
				<identifier>	MP_BM037_Sounding_Machine	</identifier>
				<transform>
					<row0>	1.0000 0.0000 0.0000 0.0000	</row0>
					<row1>	0.0000 1.0000 0.0000 0.0000	</row1>
					<row2>	0.0000 0.0000 1.0000 0.0000	</row2>
					<row3>	-0.5631 0.5783 1.0380 1.0000	</row3>
				</transform>
			</node>
			<node>
				<identifier>	MP_BM037_Sounding_Machine_INDEX_1	</identifier>
				<transform>
					<row0>	1.0000 0.0000 0.0000 0.0000	</row0>
					<row1>	0.0000 1.0000 0.0000 0.0000	</row1>
					<row2>	0.0000 0.0000 1.0000 0.0000	</row2>
					<row3>	0.5631 0.5783 1.0380 1.0000	</row3>
				</transform>
			</node>
			<node>
				<identifier>	MP_BM038_Helmets	</identifier>
				<transform>
					<row0>	0.5780 0.0000 -0.8161 0.0000	</row0>
					<row1>	0.0000 1.0000 0.0000 0.0000	</row1>
					<row2>	0.8161 0.0000 0.5780 0.0000	</row2>
					<row3>	0.1385 0.8590 -0.1994 1.0000	</row3>
				</transform>
			</node>
			<node>
				<identifier>	MP_BM038_Helmets_INDEX_1	</identifier>
				<transform>
					<row0>	-1.0000 0.0000 0.0000 0.0000	</row0>
					<row1>	0.0000 1.0000 0.0000 0.0000	</row1>
					<row2>	0.0000 0.0000 -1.0000 0.0000	</row2>
					<row3>	-0.1265 1.0734 1.2489 1.0000	</row3>
				</transform>
			</node>
			<node>
				<identifier>	MP_BM038_Helmets_INDEX_10	</identifier>
				<transform>
					<row0>	1.0000 0.0000 0.0000 0.0000	</row0>
					<row1>	0.0000 1.0000 0.0000 0.0000	</row1>
					<row2>	0.0000 0.0000 1.0000 0.0000	</row2>
					<row3>	0.5679 0.8497 0.4788 1.0000	</row3>
				</transform>
			</node>
			<node>
				<identifier>	MP_BM038_Helmets_INDEX_11	</identifier>
				<transform>
					<row0>	0.4245 0.0000 -0.9054 0.0000	</row0>
					<row1>	0.0000 1.0000 0.0000 0.0000	</row1>
					<row2>	0.9054 0.0000 0.4245 0.0000	</row2>
					<row3>	0.1864 0.6016 2.2647 1.0000	</row3>
				</transform>
			</node>
			<node>
				<identifier>	MP_BM038_Helmets_INDEX_12	</identifier>
				<transform>
					<row0>	0.0000 0.0000 1.0000 0.0000	</row0>
					<row1>	0.0000 1.0000 0.0000 0.0000	</row1>
					<row2>	-1.0000 0.0000 0.0000 0.0000	</row2>
					<row3>	-0.3585 0.8938 1.2972 1.0000	</row3>
				</transform>
			</node>
			<node>
				<identifier>	MP_BM038_Helmets_INDEX_13	</identifier>
				<transform>
					<row0>	-0.8916 0.0000 0.4529 0.0000	</row0>
					<row1>	0.0000 1.0000 0.0000 0.0000	</row1>
					<row2>	-0.4529 0.0000 -0.8916 0.0000	</row2>
					<row3>	0.8637 0.3928 1.0953 1.0000	</row3>
				</transform>
			</node>
			<node>
				<identifier>	MP_BM038_Helmets_INDEX_2	</identifier>
				<transform>
					<row0>	0.5632 0.0000 -0.8263 0.0000	</row0>
					<row1>	0.0000 1.0000 0.0000 0.0000	</row1>
					<row2>	0.8263 0.0000 0.5632 0.0000	</row2>
					<row3>	0.3397 0.8938 1.5389 1.0000	</row3>
				</transform>
			</node>
			<node>
				<identifier>	MP_BM038_Helmets_INDEX_3	</identifier>
				<transform>
					<row0>	0.5780 0.0000 0.8161 0.0000	</row0>
					<row1>	0.0000 1.0000 0.0000 0.0000	</row1>
					<row2>	-0.8161 0.0000 0.5780 0.0000	</row2>
					<row3>	-0.1385 0.8590 -0.1994 1.0000	</row3>
				</transform>
			</node>
			<node>
				<identifier>	MP_BM038_Helmets_INDEX_4	</identifier>
				<transform>
					<row0>	0.5632 0.0000 0.8263 0.0000	</row0>
					<row1>	0.0000 1.0000 0.0000 0.0000	</row1>
					<row2>	-0.8263 0.0000 0.5632 0.0000	</row2>
					<row3>	-0.3329 0.8938 1.5343 1.0000	</row3>
				</transform>
			</node>
			<node>
				<identifier>	MP_BM038_Helmets_INDEX_5	</identifier>
				<transform>
					<row0>	0.0000 0.0000 -1.0000 0.0000	</row0>
					<row1>	0.0000 1.0000 0.0000 0.0000	</row1>
					<row2>	1.0000 0.0000 0.0000 0.0000	</row2>
					<row3>	0.3585 0.8938 1.2972 1.0000	</row3>
				</transform>
			</node>
			<node>
				<identifier>	MP_BM038_Helmets_INDEX_6	</identifier>
				<transform>
					<row0>	-1.0000 0.0000 0.0000 0.0000	</row0>
					<row1>	0.0000 1.0000 0.0000 0.0000	</row1>
					<row2>	0.0000 0.0000 -1.0000 0.0000	</row2>
					<row3>	-0.0844 1.0734 1.2489 1.0000	</row3>
				</transform>
			</node>
			<node>
				<identifier>	MP_BM038_Helmets_INDEX_7	</identifier>
				<transform>
					<row0>	1.0000 0.0000 0.0000 0.0000	</row0>
					<row1>	0.0000 1.0000 0.0000 0.0000	</row1>
					<row2>	0.0000 0.0000 1.0000 0.0000	</row2>
					<row3>	-0.5679 0.8497 0.4788 1.0000	</row3>
				</transform>
			</node>
			<node>
				<identifier>	MP_BM038_Helmets_INDEX_8	</identifier>
				<transform>
					<row0>	0.4245 0.0000 0.9054 0.0000	</row0>
					<row1>	0.0000 1.0000 0.0000 0.0000	</row1>
					<row2>	-0.9054 0.0000 0.4245 0.0000	</row2>
					<row3>	-0.1611 0.6016 2.3187 1.0000	</row3>
				</transform>
			</node>
			<node>
				<identifier>	MP_BM038_Helmets_INDEX_9	</identifier>
				<transform>
					<row0>	-0.8916 0.0000 -0.4529 0.0000	</row0>
					<row1>	0.0000 1.0000 0.0000 0.0000	</row1>
					<row2>	0.4529 0.0000 -0.8916 0.0000	</row2>
					<row3>	-0.8637 0.3928 1.0953 1.0000	</row3>
				</transform>
			</node>
			<node>
				<identifier>	MP_BM118_Bench	</identifier>
				<transform>
					<row0>	-0.2545 0.0000 0.9671 0.0000	</row0>
					<row1>	0.0000 1.0000 0.0000 0.0000	</row1>
					<row2>	-0.9671 0.0000 -0.2545 0.0000	</row2>
					<row3>	0.0678 0.5783 2.6985 1.0000	</row3>
				</transform>
			</node>
			<node>
				<identifier>	MP_BM118_Bench_INDEX_1	</identifier>
				<transform>
					<row0>	0.8811 0.0000 0.4730 0.0000	</row0>
					<row1>	0.0000 1.0000 0.0000 0.0000	</row1>
					<row2>	-0.4730 0.0000 0.8811 0.0000	</row2>
					<row3>	-0.2907 0.5783 2.6143 1.0000	</row3>
				</transform>
			</node>
			<node>
				<identifier>	MP_BM118_Bench_INDEX_2	</identifier>
				<transform>
					<row0>	-0.8392 0.0000 -0.5438 0.0000	</row0>
					<row1>	0.0000 1.0000 0.0000 0.0000	</row1>
					<row2>	0.5438 0.0000 -0.8392 0.0000	</row2>
					<row3>	0.4855 0.5783 2.5779 1.0000	</row3>
				</transform>
			</node>
			<node>
				<identifier>	MP_BM118_Bench_INDEX_3	</identifier>
				<transform>
					<row0>	-1.0000 0.0000 -0.0062 0.0000	</row0>
					<row1>	0.0000 1.0000 0.0000 0.0000	</row1>
					<row2>	0.0062 0.0000 -1.0000 0.0000	</row2>
					<row3>	-0.5041 0.5783 1.0627 1.0000	</row3>
				</transform>
			</node>
			<node>
				<identifier>	MP_BM118_Bench_INDEX_4	</identifier>
				<transform>
					<row0>	-0.9245 0.0000 -0.3813 0.0000	</row0>
					<row1>	0.0000 1.0000 0.0000 0.0000	</row1>
					<row2>	0.3813 0.0000 -0.9245 0.0000	</row2>
					<row3>	0.1995 0.5783 1.9928 1.0000	</row3>
				</transform>
			</node>
			<node>
				<identifier>	MP_BM118_Bench_INDEX_5	</identifier>
				<transform>
					<row0>	0.8081 0.0000 0.5890 0.0000	</row0>
					<row1>	0.0000 1.0000 0.0000 0.0000	</row1>
					<row2>	-0.5890 0.0000 0.8081 0.0000	</row2>
					<row3>	-0.3007 0.5783 2.8346 1.0000	</row3>
				</transform>
			</node>
			<node>
				<identifier>	MP_BM118_Bench_INDEX_6	</identifier>
				<transform>
					<row0>	-0.9466 0.0000 0.3224 0.0000	</row0>
					<row1>	0.0000 1.0000 0.0000 0.0000	</row1>
					<row2>	-0.3224 0.0000 -0.9466 0.0000	</row2>
					<row3>	0.1886 0.5783 2.5847 1.0000	</row3>
				</transform>
			</node>
			<node>
				<identifier>	MP_BM118_Bench_INDEX_7	</identifier>
				<transform>
					<row0>	-0.8990 0.0000 -0.4380 0.0000	</row0>
					<row1>	0.0000 1.0000 0.0000 0.0000	</row1>
					<row2>	0.4380 0.0000 -0.8990 0.0000	</row2>
					<row3>	0.4114 0.5783 1.6059 1.0000	</row3>
				</transform>
			</node>
			<node>
				<identifier>	MP_BM118_Bench_INDEX_8	</identifier>
				<transform>
					<row0>	0.9115 0.0000 -0.4113 0.0000	</row0>
					<row1>	0.0000 1.0000 0.0000 0.0000	</row1>
					<row2>	0.4113 0.0000 0.9115 0.0000	</row2>
					<row3>	-0.4823 0.5783 2.5383 1.0000	</row3>
				</transform>
			</node>
			<node>
				<identifier>	MP_BM121_Crest_Repulse	</identifier>
				<transform>
					<row0>	1.0000 0.0000 0.0000 0.0000	</row0>
					<row1>	0.0000 1.0000 0.0000 0.0000	</row1>
					<row2>	0.0000 0.0000 1.0000 0.0000	</row2>
					<row3>	0.0000 1.3834 1.9092 1.0000	</row3>
				</transform>
			</node>
			<node>
				<identifier>	MP_BM500_GIG_30ft	</identifier>
				<transform>
					<row0>	0.9962 0.0000 -0.0873 0.0000	</row0>
					<row1>	0.0000 1.0000 0.0000 0.0000	</row1>
					<row2>	0.0873 0.0000 0.9962 0.0000	</row2>
					<row3>	0.2130 0.9902 -0.8769 1.0000	</row3>
				</transform>
			</node>
			<node>
				<identifier>	MP_BM500_GIG_30ft_INDEX_1	</identifier>
				<transform>
					<row0>	1.0000 0.0000 0.0000 0.0000	</row0>
					<row1>	0.0000 1.0000 0.0000 0.0000	</row1>
					<row2>	0.0000 0.0000 1.0000 0.0000	</row2>
					<row3>	-0.8179 0.5949 -0.6383 1.0000	</row3>
				</transform>
			</node>
			<node>
				<identifier>	MP_BM500_GIG_30ft_INDEX_2	</identifier>
				<transform>
					<row0>	1.0000 0.0000 0.0000 0.0000	</row0>
					<row1>	0.0000 1.0000 0.0000 0.0000	</row1>
					<row2>	0.0000 0.0000 1.0000 0.0000	</row2>
					<row3>	0.8179 0.5949 -0.6383 1.0000	</row3>
				</transform>
			</node>
			<node>
				<identifier>	MP_BM500_GIG_30ft_INDEX_3	</identifier>
				<transform>
					<row0>	1.0000 0.0000 0.0000 0.0000	</row0>
					<row1>	0.0000 1.0000 0.0000 0.0000	</row1>
					<row2>	0.0000 0.0000 1.0000 0.0000	</row2>
					<row3>	0.8166 0.4552 0.2227 1.0000	</row3>
				</transform>
			</node>
			<node>
				<identifier>	MP_BM500_GIG_30ft_INDEX_4	</identifier>
				<transform>
					<row0>	1.0000 0.0000 0.0000 0.0000	</row0>
					<row1>	0.0000 1.0000 0.0000 0.0000	</row1>
					<row2>	0.0000 0.0000 1.0000 0.0000	</row2>
					<row3>	-0.8166 0.4552 0.2227 1.0000	</row3>
				</transform>
			</node>
			<node>
				<identifier>	MP_BM502_Pinnace_45ft	</identifier>
				<transform>
					<row0>	0.9962 0.0000 -0.0873 0.0000	</row0>
					<row1>	0.0000 1.0000 0.0000 0.0000	</row1>
					<row2>	0.0873 0.0000 0.9962 0.0000	</row2>
					<row3>	0.2130 0.8830 -0.8769 1.0000	</row3>
				</transform>
			</node>
			<node>
				<identifier>	MP_BM504_Motor_Boat_45ft	</identifier>
				<transform>
					<row0>	0.9979 0.0000 -0.0652 0.0000	</row0>
					<row1>	0.0000 1.0000 0.0000 0.0000	</row1>
					<row2>	0.0652 0.0000 0.9979 0.0000	</row2>
					<row3>	-0.4755 0.8134 -0.6530 1.0000	</row3>
				</transform>
			</node>
			<node>
				<identifier>	MP_BM504_Motor_Boat_45ft_INDEX_1	</identifier>
				<transform>
					<row0>	0.9982 0.0000 0.0597 0.0000	</row0>
					<row1>	0.0000 1.0000 0.0000 0.0000	</row1>
					<row2>	-0.0597 0.0000 0.9982 0.0000	</row2>
					<row3>	-0.2385 0.8801 -0.8544 1.0000	</row3>
				</transform>
			</node>
			<node>
				<identifier>	MP_BM504_Motor_Boat_45ft_INDEX_2	</identifier>
				<transform>
					<row0>	0.9979 0.0000 0.0652 0.0000	</row0>
					<row1>	0.0000 1.0000 0.0000 0.0000	</row1>
					<row2>	-0.0652 0.0000 0.9979 0.0000	</row2>
					<row3>	0.4755 0.8134 -0.6530 1.0000	</row3>
				</transform>
			</node>
			<node>
				<identifier>	MP_BM512_Liferaft_type_18_14ft	</identifier>
				<transform>
					<row0>	0.0000 -0.8500 0.0000 0.0000	</row0>
					<row1>	-0.3952 0.0000 -0.7525 0.0000	</row1>
					<row2>	0.7525 0.0000 -0.3952 0.0000	</row2>
					<row3>	-0.7161 0.6532 0.5302 1.0000	</row3>
				</transform>
			</node>
			<node>
				<identifier>	MP_BM512_Liferaft_type_18_14ft_INDEX_1	</identifier>
				<transform>
					<row0>	-0.3569 0.0000 -0.7714 0.0000	</row0>
					<row1>	-0.7714 0.0000 0.3569 0.0000	</row1>
					<row2>	0.0000 0.8500 0.0000 0.0000	</row2>
					<row3>	-0.5717 0.7679 1.4330 1.0000	</row3>
				</transform>
			</node>
			<node>
				<identifier>	MP_BM512_Liferaft_type_18_14ft_INDEX_2	</identifier>
				<transform>
					<row0>	0.0000 0.8500 0.0000 0.0000	</row0>
					<row1>	0.3952 0.0000 -0.7525 0.0000	</row1>
					<row2>	-0.7525 0.0000 -0.3952 0.0000	</row2>
					<row3>	0.7160 0.6532 0.5304 1.0000	</row3>
				</transform>
			</node>
			<node>
				<identifier>	MP_BM512_Liferaft_type_18_14ft_INDEX_3	</identifier>
				<transform>
					<row0>	0.0000 -0.8500 0.0000 0.0000	</row0>
					<row1>	0.8500 0.0000 0.0000 0.0000	</row1>
					<row2>	0.0000 0.0000 0.8500 0.0000	</row2>
					<row3>	0.6062 0.6725 0.8765 1.0000	</row3>
				</transform>
			</node>
			<node>
				<identifier>	MP_BM512_Liferaft_type_18_14ft_INDEX_4	</identifier>
				<transform>
					<row0>	-0.0993 -0.8429 -0.0461 0.0000	</row0>
					<row1>	0.7642 -0.1094 0.3558 0.0000	</row1>
					<row2>	-0.3587 0.0001 0.7706 0.0000	</row2>
					<row3>	0.4117 0.7866 1.7973 1.0000	</row3>
				</transform>
			</node>
			<node>
				<identifier>	MP_BM512_Liferaft_type_18_14ft_INDEX_5	</identifier>
				<transform>
					<row0>	-0.3569 0.0000 0.7714 0.0000	</row0>
					<row1>	0.7714 0.0000 0.3569 0.0000	</row1>
					<row2>	0.0000 0.8500 0.0000 0.0000	</row2>
					<row3>	0.5717 0.7679 1.4330 1.0000	</row3>
				</transform>
			</node>
			<node>
				<identifier>	MP_BM512_Liferaft_type_18_14ft_INDEX_6	</identifier>
				<transform>
					<row0>	0.0000 0.8500 0.0000 0.0000	</row0>
					<row1>	-0.8500 0.0000 0.0000 0.0000	</row1>
					<row2>	0.0000 0.0000 0.8500 0.0000	</row2>
					<row3>	-0.6062 0.6725 0.8765 1.0000	</row3>
				</transform>
			</node>
			<node>
				<identifier>	MP_BM512_Liferaft_type_18_14ft_INDEX_7	</identifier>
				<transform>
					<row0>	-0.0993 0.8429 0.0461 0.0000	</row0>
					<row1>	-0.7642 -0.1094 0.3558 0.0000	</row1>
					<row2>	0.3587 0.0001 0.7706 0.0000	</row2>
					<row3>	-0.4117 0.7866 1.7973 1.0000	</row3>
				</transform>
			</node>
			<node>
				<identifier>	MP_BM519_Motor_Whaler_27ft	</identifier>
				<transform>
					<row0>	1.0000 0.0000 0.0000 0.0000	</row0>
					<row1>	0.0000 1.0000 0.0000 0.0000	</row1>
					<row2>	0.0000 0.0000 1.0000 0.0000	</row2>
					<row3>	-0.8179 0.6505 -0.6060 1.0000	</row3>
				</transform>
			</node>
			<node>
				<identifier>	MP_BM519_Motor_Whaler_27ft_INDEX_1	</identifier>
				<transform>
					<row0>	1.0000 0.0000 0.0000 0.0000	</row0>
					<row1>	0.0000 1.0000 0.0000 0.0000	</row1>
					<row2>	0.0000 0.0000 1.0000 0.0000	</row2>
					<row3>	0.8179 0.6505 -0.6060 1.0000	</row3>
				</transform>
			</node>
			<node>
				<identifier>	MP_BM521_Motor_Cutter_35ft	</identifier>
				<transform>
					<row0>	1.0000 0.0000 0.0000 0.0000	</row0>
					<row1>	0.0000 1.0000 0.0000 0.0000	</row1>
					<row2>	0.0000 0.0000 1.0000 0.0000	</row2>
					<row3>	-0.0221 0.8067 -1.0161 1.0000	</row3>
				</transform>
			</node>
			<node>
				<identifier>	MP_BM528_Dinghy_16ft	</identifier>
				<transform>
					<row0>	0.9962 0.0000 -0.0873 0.0000	</row0>
					<row1>	0.0000 1.0000 0.0000 0.0000	</row1>
					<row2>	0.0873 0.0000 0.9962 0.0000	</row2>
					<row3>	0.2130 1.0408 -0.8769 1.0000	</row3>
				</transform>
			</node>
			<node>
				<identifier>	MP_BM528_Dinghy_16ft_INDEX_1	</identifier>
				<transform>
					<row0>	-0.5776 0.0000 -0.8163 0.0000	</row0>
					<row1>	0.0000 1.0000 0.0000 0.0000	</row1>
					<row2>	0.8163 0.0000 -0.5776 0.0000	</row2>
					<row3>	0.4921 0.8101 0.0942 1.0000	</row3>
				</transform>
			</node>
			<node>
				<identifier>	MP_BM600_Sky_lookout	</identifier>
				<transform>
					<row0>	-1.0000 0.0000 0.0000 0.0000	</row0>
					<row1>	0.0000 1.0000 0.0000 0.0000	</row1>
					<row2>	0.0000 0.0000 -1.0000 0.0000	</row2>
					<row3>	0.1147 2.3081 1.6765 1.0000	</row3>
				</transform>
			</node>
			<node>
				<identifier>	MP_BM600_Sky_lookout_INDEX_1	</identifier>
				<transform>
					<row0>	0.0000 0.0000 -1.0000 0.0000	</row0>
					<row1>	0.0000 1.0000 0.0000 0.0000	</row1>
					<row2>	1.0000 0.0000 0.0000 0.0000	</row2>
					<row3>	0.0461 2.3081 1.7800 1.0000	</row3>
				</transform>
			</node>
			<node>
				<identifier>	MP_BM600_Sky_lookout_INDEX_2	</identifier>
				<transform>
					<row0>	1.0000 0.0000 0.0000 0.0000	</row0>
					<row1>	0.0000 1.0000 0.0000 0.0000	</row1>
					<row2>	0.0000 0.0000 1.0000 0.0000	</row2>
					<row3>	-0.1147 2.3081 1.5946 1.0000	</row3>
				</transform>
			</node>
			<node>
				<identifier>	MP_BM600_Sky_lookout_INDEX_3	</identifier>
				<transform>
					<row0>	0.0000 0.0000 -1.0000 0.0000	</row0>
					<row1>	0.0000 1.0000 0.0000 0.0000	</row1>
					<row2>	1.0000 0.0000 0.0000 0.0000	</row2>
					<row3>	-0.0461 2.3081 1.7800 1.0000	</row3>
				</transform>
			</node>
			<node>
				<identifier>	MP_BM600_Sky_lookout_INDEX_4	</identifier>
				<transform>
					<row0>	0.0000 0.0000 1.0000 0.0000	</row0>
					<row1>	0.0000 1.0000 0.0000 0.0000	</row1>
					<row2>	-1.0000 0.0000 0.0000 0.0000	</row2>
					<row3>	0.0539 2.3081 1.4867 1.0000	</row3>
				</transform>
			</node>
			<node>
				<identifier>	MP_BM600_Sky_lookout_INDEX_5	</identifier>
				<transform>
					<row0>	0.0000 0.0000 1.0000 0.0000	</row0>
					<row1>	0.0000 1.0000 0.0000 0.0000	</row1>
					<row2>	-1.0000 0.0000 0.0000 0.0000	</row2>
					<row3>	-0.0539 2.3081 1.4867 1.0000	</row3>
				</transform>
			</node>
			<node>
				<identifier>	MP_BM600_Sky_lookout_INDEX_6	</identifier>
				<transform>
					<row0>	-1.0000 0.0000 0.0000 0.0000	</row0>
					<row1>	0.0000 1.0000 0.0000 0.0000	</row1>
					<row2>	0.0000 0.0000 -1.0000 0.0000	</row2>
					<row3>	0.1147 2.3081 1.5946 1.0000	</row3>
				</transform>
			</node>
			<node>
				<identifier>	MP_BM600_Sky_lookout_INDEX_7	</identifier>
				<transform>
					<row0>	1.0000 0.0000 0.0000 0.0000	</row0>
					<row1>	0.0000 1.0000 0.0000 0.0000	</row1>
					<row2>	0.0000 0.0000 1.0000 0.0000	</row2>
					<row3>	-0.1147 2.3081 1.6765 1.0000	</row3>
				</transform>
			</node>
			<node>
				<identifier>	MP_BM602_Pelorus	</identifier>
				<transform>
					<row0>	1.0000 0.0000 0.0000 0.0000	</row0>
					<row1>	0.0000 1.0000 0.0000 0.0000	</row1>
					<row2>	0.0000 0.0000 1.0000 0.0000	</row2>
					<row3>	0.0000 1.3910 1.8557 1.0000	</row3>
				</transform>
			</node>
			<node>
				<identifier>	MP_BM603_Compass_Binnacle	</identifier>
				<transform>
					<row0>	1.0000 0.0000 0.0000 0.0000	</row0>
					<row1>	0.0000 1.0000 0.0000 0.0000	</row1>
					<row2>	0.0000 0.0000 1.0000 0.0000	</row2>
					<row3>	0.0000 1.4763 1.3718 1.0000	</row3>
				</transform>
			</node>
			<node>
				<identifier>	MP_BM603_Compass_Binnacle_INDEX_1	</identifier>
				<transform>
					<row0>	1.0000 0.0000 0.0000 0.0000	</row0>
					<row1>	0.0000 1.0000 0.0000 0.0000	</row1>
					<row2>	0.0000 0.0000 1.0000 0.0000	</row2>
					<row3>	0.0000 1.3897 1.8027 1.0000	</row3>
				</transform>
			</node>
			<node>
				<identifier>	MP_BM605_Captain_sight	</identifier>
				<transform>
					<row0>	0.4943 0.0000 0.8693 0.0000	</row0>
					<row1>	0.0000 1.0000 0.0000 0.0000	</row1>
					<row2>	-0.8693 0.0000 0.4943 0.0000	</row2>
					<row3>	-0.1276 1.3779 1.6988 1.0000	</row3>
				</transform>
			</node>
			<node>
				<identifier>	MP_BM605_Captain_sight_INDEX_1	</identifier>
				<transform>
					<row0>	0.4943 0.0000 -0.8693 0.0000	</row0>
