<WSD021_Stord_1943_MidBack_ports.visual>
	<node>
		<identifier>	Scene Root	</identifier>
		<transform>
			<row0>	1.0000 0.0000 0.0000 0.0000	</row0>
			<row1>	0.0000 1.0000 0.0000 0.0000	</row1>
			<row2>	0.0000 0.0000 1.0000 0.0000	</row2>
			<row3>	0.0000 0.0000 0.0000 1.0000	</row3>
		</transform>
		<node>
			<identifier>	MidBack_ports	</identifier>
			<transform>
				<row0>	1.0000 0.0000 0.0000 0.0000	</row0>
				<row1>	0.0000 1.0000 0.0000 0.0000	</row1>
				<row2>	0.0000 0.0000 1.0000 0.0000	</row2>
				<row3>	0.0000 0.0000 0.0000 1.0000	</row3>
			</transform>
			<node>
				<identifier>	HP_FX_Death_3	</identifier>
				<transform>
					<row0>	1.0000 0.0000 0.0000 0.0000	</row0>
					<row1>	0.0000 1.0000 0.0000 0.0000	</row1>
					<row2>	0.0000 0.0000 1.0000 0.0000	</row2>
					<row3>	0.0000 0.0000 -1.8493 1.0000	</row3>
				</transform>
			</node>
			<node>
				<identifier>	HP_FX_Fire_3	</identifier>
				<transform>
					<row0>	1.0000 0.0000 0.0000 0.0000	</row0>
					<row1>	0.0000 1.0000 0.0000 0.0000	</row1>
					<row2>	0.0000 0.0000 1.0000 0.0000	</row2>
					<row3>	0.0000 0.1875 -1.5422 1.0000	</row3>
				</transform>
			</node>
			<node>
				<identifier>	HP_FX_FloodLight_left_2	</identifier>
				<transform>
					<row0>	-1.0000 0.0000 0.0000 0.0000	</row0>
					<row1>	0.0000 1.0000 0.0000 0.0000	</row1>
					<row2>	0.0000 0.0000 -1.0000 0.0000	</row2>
					<row3>	-0.1841 0.2590 -1.9570 1.0000	</row3>
				</transform>
			</node>
			<node>
				<identifier>	HP_FX_FloodLight_right_2	</identifier>
				<transform>
					<row0>	1.0000 0.0000 0.0000 0.0000	</row0>
					<row1>	0.0000 1.0000 0.0000 0.0000	</row1>
					<row2>	0.0000 0.0000 1.0000 0.0000	</row2>
					<row3>	0.1853 0.2612 -1.9974 1.0000	</row3>
				</transform>
			</node>
			<node>
				<identifier>	HP_FX_Flood_steam_right	</identifier>
				<transform>
					<row0>	1.0000 0.0000 0.0000 0.0000	</row0>
					<row1>	0.0000 1.0000 0.0000 0.0000	</row1>
					<row2>	0.0000 0.0000 1.0000 0.0000	</row2>
					<row3>	0.3497 0.1198 -1.6373 1.0000	</row3>
				</transform>
			</node>
			<node>
				<identifier>	HP_FX_Flood_water_right_2	</identifier>
				<transform>
					<row0>	1.0000 0.0000 0.0000 0.0000	</row0>
					<row1>	0.0000 1.0000 0.0000 0.0000	</row1>
					<row2>	0.0000 0.0000 1.0000 0.0000	</row2>
					<row3>	0.3339 0.0318 -2.0847 1.0000	</row3>
				</transform>
			</node>
			<node>
				<identifier>	HP_Flagpole	</identifier>
				<transform>
					<row0>	0.8497 0.0000 0.0000 0.0000	</row0>
					<row1>	0.0000 0.8446 -0.0932 0.0000	</row1>
					<row2>	0.0000 0.0932 0.8446 0.0000	</row2>
					<row3>	0.0000 0.5727 -0.8837 1.0000	</row3>
				</transform>
			</node>
			<node>
				<identifier>	HP_WGA_9	</identifier>
				<transform>
					<row0>	-1.0000 0.0000 0.0000 0.0000	</row0>
					<row1>	0.0000 1.0000 0.0000 0.0000	</row1>
					<row2>	0.0000 0.0000 -1.0000 0.0000	</row2>
					<row3>	0.0000 0.3578 -1.0577 1.0000	</row3>
				</transform>
			</node>
			<node>
				<identifier>	HP_WGB_1	</identifier>
				<transform>
					<row0>	-0.1736 0.0000 0.9848 0.0000	</row0>
					<row1>	0.0000 1.0000 0.0000 0.0000	</row1>
					<row2>	-0.9848 0.0000 -0.1736 0.0000	</row2>
					<row3>	-0.2594 0.1649 -2.1719 1.0000	</row3>
				</transform>
			</node>
			<node>
				<identifier>	HP_WGB_2	</identifier>
				<transform>
					<row0>	-0.1736 0.0000 -0.9848 0.0000	</row0>
					<row1>	0.0000 1.0000 0.0000 0.0000	</row1>
					<row2>	0.9848 0.0000 -0.1736 0.0000	</row2>
					<row3>	0.2594 0.1649 -2.1719 1.0000	</row3>
				</transform>
			</node>
			<node>
				<identifier>	HP_WGB_3	</identifier>
				<transform>
					<row0>	-0.1736 0.0000 0.9848 0.0000	</row0>
					<row1>	0.0000 1.0000 0.0000 0.0000	</row1>
					<row2>	-0.9848 0.0000 -0.1736 0.0000	</row2>
					<row3>	-0.2534 0.1651 -2.4369 1.0000	</row3>
				</transform>
			</node>
			<node>
				<identifier>	HP_WGB_4	</identifier>
				<transform>
					<row0>	-0.1736 0.0000 -0.9848 0.0000	</row0>
					<row1>	0.0000 1.0000 0.0000 0.0000	</row1>
					<row2>	0.9848 0.0000 -0.1736 0.0000	</row2>
					<row3>	0.2534 0.1652 -2.4369 1.0000	</row3>
				</transform>
			</node>
			<node>
				<identifier>	HP_WGB_5	</identifier>
				<transform>
					<row0>	-1.0000 0.0000 0.0000 0.0000	</row0>
					<row1>	0.0000 1.0000 0.0000 0.0000	</row1>
					<row2>	0.0000 0.0000 -1.0000 0.0000	</row2>
					<row3>	0.0000 0.1767 -3.4980 1.0000	</row3>
				</transform>
			</node>
			<node>
				<identifier>	HP_WGB_6	</identifier>
				<transform>
					<row0>	-1.0000 0.0000 0.0000 0.0000	</row0>
					<row1>	0.0000 1.0000 0.0000 0.0000	</row1>
					<row2>	0.0000 0.0000 -1.0000 0.0000	</row2>
					<row3>	-0.1148 0.1755 -3.5001 1.0000	</row3>
				</transform>
			</node>
			<node>
				<identifier>	HP_WGM_3	</identifier>
				<transform>
					<row0>	-1.0000 0.0000 0.0000 0.0000	</row0>
					<row1>	0.0000 1.0000 0.0000 0.0000	</row1>
					<row2>	0.0000 0.0000 -1.0000 0.0000	</row2>
					<row3>	0.0000 0.3267 -2.2262 1.0000	</row3>
				</transform>
			</node>
			<node>
				<identifier>	HP_WGM_4	</identifier>
				<transform>
					<row0>	-1.0000 0.0000 0.0000 0.0000	</row0>
					<row1>	0.0000 1.0000 0.0000 0.0000	</row1>
					<row2>	0.0000 0.0000 -1.0000 0.0000	</row2>
					<row3>	0.0000 0.1761 -2.9326 1.0000	</row3>
				</transform>
			</node>
			<node>
				<identifier>	HP_WGT_2	</identifier>
				<transform>
					<row0>	-1.0000 0.0000 0.0000 0.0000	</row0>
					<row1>	0.0000 1.0000 0.0000 0.0000	</row1>
					<row2>	0.0000 0.0000 -1.0000 0.0000	</row2>
					<row3>	0.0000 0.1799 -1.4460 1.0000	</row3>
				</transform>
			</node>
			<node>
				<identifier>	MP_BM009_Depth_Charge	</identifier>
				<transform>
					<row0>	0.0000 -1.0000 0.0000 0.0000	</row0>
					<row1>	0.1672 0.0000 -0.9859 0.0000	</row1>
					<row2>	0.9859 0.0000 0.1672 0.0000	</row2>
					<row3>	-0.2839 0.2528 -2.2233 1.0000	</row3>
				</transform>
			</node>
			<node>
				<identifier>	MP_BM009_Depth_Charge_INDEX_1	</identifier>
				<transform>
					<row0>	0.0000 -1.0000 0.0000 0.0000	</row0>
					<row1>	0.1672 0.0000 -0.9859 0.0000	</row1>
					<row2>	0.9859 0.0000 0.1672 0.0000	</row2>
					<row3>	-0.2838 0.2185 -2.2233 1.0000	</row3>
				</transform>
			</node>
			<node>
				<identifier>	MP_BM009_Depth_Charge_INDEX_10	</identifier>
				<transform>
					<row0>	0.0000 -1.0000 0.0000 0.0000	</row0>
					<row1>	0.1672 0.0000 -0.9859 0.0000	</row1>
					<row2>	0.9859 0.0000 0.1672 0.0000	</row2>
					<row3>	-0.2844 0.1841 -2.2232 1.0000	</row3>
				</transform>
			</node>
			<node>
				<identifier>	MP_BM009_Depth_Charge_INDEX_11	</identifier>
				<transform>
					<row0>	0.0000 1.0000 0.0000 0.0000	</row0>
					<row1>	-0.1672 0.0000 -0.9859 0.0000	</row1>
					<row2>	-0.9859 0.0000 0.1672 0.0000	</row2>
					<row3>	0.2764 0.2185 -2.4897 1.0000	</row3>
				</transform>
			</node>
			<node>
				<identifier>	MP_BM009_Depth_Charge_INDEX_12	</identifier>
				<transform>
					<row0>	0.0000 -1.0000 0.0000 0.0000	</row0>
					<row1>	0.1672 0.0000 -0.9859 0.0000	</row1>
					<row2>	0.9859 0.0000 0.1672 0.0000	</row2>
					<row3>	-0.3105 0.1844 -2.4954 1.0000	</row3>
				</transform>
			</node>
			<node>
				<identifier>	MP_BM009_Depth_Charge_INDEX_13	</identifier>
				<transform>
					<row0>	0.0000 -1.0000 0.0000 0.0000	</row0>
					<row1>	0.1672 0.0000 -0.9859 0.0000	</row1>
					<row2>	0.9859 0.0000 0.1672 0.0000	</row2>
					<row3>	-0.3196 0.2527 -2.2292 1.0000	</row3>
				</transform>
			</node>
			<node>
				<identifier>	MP_BM009_Depth_Charge_INDEX_14	</identifier>
				<transform>
					<row0>	0.0000 -1.0000 0.0000 0.0000	</row0>
					<row1>	0.1672 0.0000 -0.9859 0.0000	</row1>
					<row2>	0.9859 0.0000 0.1672 0.0000	</row2>
					<row3>	-0.3198 0.2180 -2.2294 1.0000	</row3>
				</transform>
			</node>
			<node>
				<identifier>	MP_BM009_Depth_Charge_INDEX_15	</identifier>
				<transform>
					<row0>	0.0000 -1.0000 0.0000 0.0000	</row0>
					<row1>	0.1672 0.0000 -0.9859 0.0000	</row1>
					<row2>	0.9859 0.0000 0.1672 0.0000	</row2>
					<row3>	-0.2764 0.1846 -2.4896 1.0000	</row3>
				</transform>
			</node>
			<node>
				<identifier>	MP_BM009_Depth_Charge_INDEX_16	</identifier>
				<transform>
					<row0>	0.0000 1.0000 0.0000 0.0000	</row0>
					<row1>	-0.1672 0.0000 -0.9859 0.0000	</row1>
					<row2>	-0.9859 0.0000 0.1672 0.0000	</row2>
					<row3>	0.2844 0.1841 -2.2232 1.0000	</row3>
				</transform>
			</node>
			<node>
				<identifier>	MP_BM009_Depth_Charge_INDEX_17	</identifier>
				<transform>
					<row0>	0.0000 1.0000 0.0000 0.0000	</row0>
					<row1>	-0.1672 0.0000 -0.9859 0.0000	</row1>
					<row2>	-0.9859 0.0000 0.1672 0.0000	</row2>
					<row3>	0.3105 0.2183 -2.4954 1.0000	</row3>
				</transform>
			</node>
			<node>
				<identifier>	MP_BM009_Depth_Charge_INDEX_18	</identifier>
				<transform>
					<row0>	0.0000 1.0000 0.0000 0.0000	</row0>
					<row1>	-0.1672 0.0000 -0.9859 0.0000	</row1>
					<row2>	-0.9859 0.0000 0.1672 0.0000	</row2>
					<row3>	0.2839 0.2528 -2.2233 1.0000	</row3>
				</transform>
			</node>
			<node>
				<identifier>	MP_BM009_Depth_Charge_INDEX_19	</identifier>
				<transform>
					<row0>	0.0000 1.0000 0.0000 0.0000	</row0>
					<row1>	-0.1672 0.0000 -0.9859 0.0000	</row1>
					<row2>	-0.9859 0.0000 0.1672 0.0000	</row2>
					<row3>	0.3198 0.2180 -2.2294 1.0000	</row3>
				</transform>
			</node>
			<node>
				<identifier>	MP_BM009_Depth_Charge_INDEX_2	</identifier>
				<transform>
					<row0>	0.0000 -1.0000 0.0000 0.0000	</row0>
					<row1>	0.1672 0.0000 -0.9859 0.0000	</row1>
					<row2>	0.9859 0.0000 0.1672 0.0000	</row2>
					<row3>	-0.3105 0.2183 -2.4954 1.0000	</row3>
				</transform>
			</node>
			<node>
				<identifier>	MP_BM009_Depth_Charge_INDEX_20	</identifier>
				<transform>
					<row0>	0.0000 1.0000 0.0000 0.0000	</row0>
					<row1>	-0.1672 0.0000 -0.9859 0.0000	</row1>
					<row2>	-0.9859 0.0000 0.1672 0.0000	</row2>
					<row3>	0.2764 0.2531 -2.4900 1.0000	</row3>
				</transform>
			</node>
			<node>
				<identifier>	MP_BM009_Depth_Charge_INDEX_21	</identifier>
				<transform>
					<row0>	0.0000 -1.0000 0.0000 0.0000	</row0>
					<row1>	0.1672 0.0000 -0.9859 0.0000	</row1>
					<row2>	0.9859 0.0000 0.1672 0.0000	</row2>
					<row3>	-0.2764 0.2531 -2.4900 1.0000	</row3>
				</transform>
			</node>
			<node>
				<identifier>	MP_BM009_Depth_Charge_INDEX_22	</identifier>
				<transform>
					<row0>	0.0000 -1.0000 0.0000 0.0000	</row0>
					<row1>	0.1672 0.0000 -0.9859 0.0000	</row1>
					<row2>	0.9859 0.0000 0.1672 0.0000	</row2>
					<row3>	-0.3188 0.1843 -2.2293 1.0000	</row3>
				</transform>
			</node>
			<node>
				<identifier>	MP_BM009_Depth_Charge_INDEX_23	</identifier>
				<transform>
					<row0>	0.0000 1.0000 0.0000 0.0000	</row0>
					<row1>	-0.1672 0.0000 -0.9859 0.0000	</row1>
					<row2>	-0.9859 0.0000 0.1672 0.0000	</row2>
					<row3>	0.3105 0.1844 -2.4954 1.0000	</row3>
				</transform>
			</node>
			<node>
				<identifier>	MP_BM009_Depth_Charge_INDEX_3	</identifier>
				<transform>
					<row0>	0.0000 1.0000 0.0000 0.0000	</row0>
					<row1>	-0.1672 0.0000 -0.9859 0.0000	</row1>
					<row2>	-0.9859 0.0000 0.1672 0.0000	</row2>
					<row3>	0.3196 0.2527 -2.2292 1.0000	</row3>
				</transform>
			</node>
			<node>
				<identifier>	MP_BM009_Depth_Charge_INDEX_4	</identifier>
				<transform>
					<row0>	0.0000 1.0000 0.0000 0.0000	</row0>
					<row1>	-0.1672 0.0000 -0.9859 0.0000	</row1>
					<row2>	-0.9859 0.0000 0.1672 0.0000	</row2>
					<row3>	0.2764 0.1846 -2.4896 1.0000	</row3>
				</transform>
			</node>
			<node>
				<identifier>	MP_BM009_Depth_Charge_INDEX_5	</identifier>
				<transform>
					<row0>	0.0000 -1.0000 0.0000 0.0000	</row0>
					<row1>	0.1672 0.0000 -0.9859 0.0000	</row1>
					<row2>	0.9859 0.0000 0.1672 0.0000	</row2>
					<row3>	-0.3104 0.2530 -2.4958 1.0000	</row3>
				</transform>
			</node>
			<node>
				<identifier>	MP_BM009_Depth_Charge_INDEX_6	</identifier>
				<transform>
					<row0>	0.0000 1.0000 0.0000 0.0000	</row0>
					<row1>	-0.1672 0.0000 -0.9859 0.0000	</row1>
					<row2>	-0.9859 0.0000 0.1672 0.0000	</row2>
					<row3>	0.2838 0.2185 -2.2233 1.0000	</row3>
				</transform>
			</node>
			<node>
				<identifier>	MP_BM009_Depth_Charge_INDEX_7	</identifier>
				<transform>
					<row0>	0.0000 -1.0000 0.0000 0.0000	</row0>
					<row1>	0.1672 0.0000 -0.9859 0.0000	</row1>
					<row2>	0.9859 0.0000 0.1672 0.0000	</row2>
					<row3>	-0.2764 0.2185 -2.4897 1.0000	</row3>
				</transform>
			</node>
			<node>
				<identifier>	MP_BM009_Depth_Charge_INDEX_8	</identifier>
				<transform>
					<row0>	0.0000 1.0000 0.0000 0.0000	</row0>
					<row1>	-0.1672 0.0000 -0.9859 0.0000	</row1>
					<row2>	-0.9859 0.0000 0.1672 0.0000	</row2>
					<row3>	0.3188 0.1843 -2.2293 1.0000	</row3>
				</transform>
			</node>
			<node>
				<identifier>	MP_BM009_Depth_Charge_INDEX_9	</identifier>
				<transform>
					<row0>	0.0000 1.0000 0.0000 0.0000	</row0>
					<row1>	-0.1672 0.0000 -0.9859 0.0000	</row1>
					<row2>	-0.9859 0.0000 0.1672 0.0000	</row2>
					<row3>	0.3104 0.2530 -2.4958 1.0000	</row3>
				</transform>
			</node>
			<node>
				<identifier>	MP_BM022_Flotanet	</identifier>
				<transform>
					<row0>	-1.0000 0.0000 0.0000 0.0000	</row0>
					<row1>	0.0000 1.0000 0.0000 0.0000	</row1>
					<row2>	0.0000 0.0000 -1.0000 0.0000	</row2>
					<row3>	0.2571 0.3180 -2.2776 1.0000	</row3>
				</transform>
			</node>
			<node>
				<identifier>	MP_BM022_Flotanet_INDEX_1	</identifier>
				<transform>
					<row0>	1.0000 0.0000 0.0000 0.0000	</row0>
					<row1>	0.0000 1.0000 0.0000 0.0000	</row1>
					<row2>	0.0000 0.0000 1.0000 0.0000	</row2>
					<row3>	-0.2571 0.3180 -2.2776 1.0000	</row3>
				</transform>
			</node>
			<node>
				<identifier>	MP_CM011_Fire_Fighting_Gear	</identifier>
				<transform>
					<row0>	-1.0000 0.0000 -0.0041 0.0000	</row0>
					<row1>	0.0000 1.0000 0.0000 0.0000	</row1>
					<row2>	0.0041 0.0000 -1.0000 0.0000	</row2>
					<row3>	-0.2148 0.1698 -0.9542 1.0000	</row3>
				</transform>
			</node>
			<node>
				<identifier>	MP_CM011_Fire_Fighting_Gear_INDEX_1	</identifier>
				<transform>
					<row0>	-1.0000 0.0000 -0.0081 0.0000	</row0>
					<row1>	0.0000 1.0000 0.0000 0.0000	</row1>
					<row2>	0.0081 0.0000 -1.0000 0.0000	</row2>
					<row3>	0.0452 0.1750 -1.8014 1.0000	</row3>
				</transform>
			</node>
			<node>
				<identifier>	MP_CM011_Fire_Fighting_Gear_INDEX_2	</identifier>
				<transform>
					<row0>	1.0000 0.0000 0.0041 0.0000	</row0>
					<row1>	0.0000 1.0000 0.0000 0.0000	</row1>
					<row2>	-0.0041 0.0000 1.0000 0.0000	</row2>
					<row3>	0.0769 0.1746 -2.6832 1.0000	</row3>
				</transform>
			</node>
			<node>
				<identifier>	MP_CM012_Fire_Hose_Rack_1	</identifier>
				<transform>
					<row0>	0.0042 0.0000 -1.0000 0.0000	</row0>
					<row1>	-0.0021 1.0000 0.0000 0.0000	</row1>
					<row2>	1.0000 0.0021 0.0042 0.0000	</row2>
					<row3>	-0.2074 0.2636 -0.9623 1.0000	</row3>
				</transform>
			</node>
			<node>
				<identifier>	MP_CM012_Fire_Hose_Rack_1_INDEX_1	</identifier>
				<transform>
					<row0>	-0.0042 0.0000 1.0000 0.0000	</row0>
					<row1>	0.0021 1.0000 0.0000 0.0000	</row1>
					<row2>	-1.0000 0.0021 -0.0042 0.0000	</row2>
					<row3>	0.1007 0.2699 -2.6726 1.0000	</row3>
				</transform>
			</node>
			<node>
				<identifier>	MP_CM012_Fire_Hose_Rack_1_INDEX_2	</identifier>
				<transform>
					<row0>	-0.0008 0.0000 -1.0000 0.0000	</row0>
					<row1>	-0.0021 1.0000 0.0000 0.0000	</row1>
					<row2>	1.0000 0.0021 -0.0008 0.0000	</row2>
					<row3>	0.0462 0.2594 -1.8106 1.0000	</row3>
				</transform>
			</node>
			<node>
				<identifier>	MP_CM029_Emergency_Box	</identifier>
				<transform>
					<row0>	0.9686 0.0000 0.2487 0.0000	</row0>
					<row1>	0.0000 1.0000 0.0000 0.0000	</row1>
					<row2>	-0.2487 0.0000 0.9686 0.0000	</row2>
					<row3>	-0.1913 0.3970 -0.9343 1.0000	</row3>
				</transform>
			</node>
			<node>
				<identifier>	MP_CM029_Emergency_Box_INDEX_1	</identifier>
				<transform>
					<row0>	0.0000 0.0000 -1.0000 0.0000	</row0>
					<row1>	0.0000 1.0000 0.0000 0.0000	</row1>
					<row2>	1.0000 0.0000 0.0000 0.0000	</row2>
					<row3>	0.2323 0.3331 -2.2973 1.0000	</row3>
				</transform>
			</node>
			<node>
				<identifier>	MP_CM052_Fender	</identifier>
				<transform>
					<row0>	0.0000 0.0000 -0.7000 0.0000	</row0>
					<row1>	0.0000 0.7000 0.0000 0.0000	</row1>
					<row2>	0.7000 0.0000 0.0000 0.0000	</row2>
					<row3>	0.1141 0.1733 -1.1370 1.0000	</row3>
				</transform>
			</node>
			<node>
				<identifier>	MP_CM052_Fender_INDEX_1	</identifier>
				<transform>
					<row0>	0.7000 0.0000 0.0000 0.0000	</row0>
					<row1>	0.0000 0.7000 0.0000 0.0000	</row1>
					<row2>	0.0000 0.0000 0.7000 0.0000	</row2>
					<row3>	-0.1552 0.1717 -0.9407 1.0000	</row3>
				</transform>
			</node>
			<node>
				<identifier>	MP_CM057_Accommodation_Ladder_Closed	</identifier>
				<transform>
					<row0>	0.9983 0.0580 0.0002 0.0000	</row0>
					<row1>	-0.0580 0.9983 0.0041 0.0000	</row1>
					<row2>	0.0000 -0.0041 1.0000 0.0000	</row2>
					<row3>	-0.2127 0.1701 -1.3677 1.0000	</row3>
				</transform>
			</node>
			<node>
				<identifier>	MP_CM088_Swab_Rack	</identifier>
				<transform>
					<row0>	-1.0000 0.0000 0.0000 0.0000	</row0>
					<row1>	0.0000 1.0000 0.0000 0.0000	</row1>
					<row2>	0.0000 0.0000 -1.0000 0.0000	</row2>
					<row3>	0.0507 0.1738 -1.1505 1.0000	</row3>
				</transform>
			</node>
			<node>
				<identifier>	MP_WM004_Life_buoy	</identifier>
				<transform>
					<row0>	-0.2019 0.0000 -0.9794 0.0000	</row0>
					<row1>	0.0000 1.0000 0.0000 0.0000	</row1>
					<row2>	0.9794 0.0000 -0.2019 0.0000	</row2>
					<row3>	0.2210 0.3892 -2.4166 1.0000	</row3>
				</transform>
			</node>
			<node>
				<identifier>	MP_WM004_Life_buoy_INDEX_1	</identifier>
				<transform>
					<row0>	-0.2019 0.0000 0.9794 0.0000	</row0>
					<row1>	0.0000 1.0000 0.0000 0.0000	</row1>
					<row2>	-0.9794 0.0000 -0.2019 0.0000	</row2>
					<row3>	-0.2210 0.3892 -2.4166 1.0000	</row3>
				</transform>
			</node>
			<node>
				<identifier>	MP_WM032_Speaker_SW	</identifier>
				<transform>
					<row0>	-1.0000 0.0000 0.0000 0.0000	</row0>
					<row1>	0.0000 1.0000 0.0000 0.0000	</row1>
					<row2>	0.0000 0.0000 -1.0000 0.0000	</row2>
					<row3>	-0.0949 0.3378 -1.1516 1.0000	</row3>
				</transform>
			</node>
			<node>
				<identifier>	MP_WM032_Speaker_SW_INDEX_1	</identifier>
				<transform>
					<row0>	0.0000 0.0000 1.0000 0.0000	</row0>
					<row1>	0.0000 1.0000 0.0000 0.0000	</row1>
					<row2>	-1.0000 0.0000 0.0000 0.0000	</row2>
					<row3>	-0.1825 0.3001 -2.5472 1.0000	</row3>
				</transform>
			</node>
			<node>
				<identifier>	MP_WM032_Speaker_SW_INDEX_2	</identifier>
				<transform>
					<row0>	0.0000 0.0000 -1.0000 0.0000	</row0>
					<row1>	0.0000 1.0000 0.0000 0.0000	</row1>
					<row2>	1.0000 0.0000 0.0000 0.0000	</row2>
					<row3>	0.1825 0.3001 -2.5472 1.0000	</row3>
				</transform>
			</node>
			<node>
				<identifier>	MP_WM047_Smoke_floats	</identifier>
				<transform>
					<row0>	1.0000 0.0000 0.0000 0.0000	</row0>
					<row1>	0.0000 1.0000 0.0000 0.0000	</row1>
					<row2>	0.0000 0.0000 1.0000 0.0000	</row2>
					<row3>	0.0287 0.3276 -2.6091 1.0000	</row3>
				</transform>
			</node>
			<node>
				<identifier>	MP_WM047_Smoke_floats_INDEX_1	</identifier>
				<transform>
					<row0>	1.0000 0.0000 0.0000 0.0000	</row0>
					<row1>	0.0000 1.0000 0.0000 0.0000	</row1>
					<row2>	0.0000 0.0000 1.0000 0.0000	</row2>
					<row3>	0.0735 0.3276 -1.8789 1.0000	</row3>
				</transform>
			</node>
			<node>
				<identifier>	MP_WM047_Smoke_floats_INDEX_2	</identifier>
				<transform>
					<row0>	1.0000 0.0000 0.0000 0.0000	</row0>
					<row1>	0.0000 1.0000 0.0000 0.0000	</row1>
					<row2>	0.0000 0.0000 1.0000 0.0000	</row2>
					<row3>	0.0334 0.3276 -1.8619 1.0000	</row3>
				</transform>
			</node>
			<node>
				<identifier>	MP_WM069_Talker_Helmets_Rack	</identifier>
				<transform>
					<row0>	-0.4052 0.0000 0.9142 0.0000	</row0>
					<row1>	0.0000 1.0000 0.0000 0.0000	</row1>
					<row2>	-0.9142 0.0000 -0.4052 0.0000	</row2>
					<row3>	-0.1544 0.2312 -2.6356 1.0000	</row3>
				</transform>
			</node>
			<node>
				<identifier>	MP_WM069_Talker_Helmets_Rack_INDEX_1	</identifier>
				<transform>
					<row0>	-0.4052 0.0000 -0.9142 0.0000	</row0>
					<row1>	0.0000 1.0000 0.0000 0.0000	</row1>
					<row2>	0.9142 0.0000 -0.4052 0.0000	</row2>
					<row3>	0.1544 0.2312 -2.6356 1.0000	</row3>
				</transform>
			</node>
			<node>
				<identifier>	MP_WM088_Helmets_Rack	</identifier>
				<transform>
					<row0>	-0.8742 0.0000 0.4855 0.0000	</row0>
					<row1>	0.0000 1.0000 0.0000 0.0000	</row1>
					<row2>	-0.4855 0.0000 -0.8742 0.0000	</row2>
					<row3>	0.1824 0.3685 -0.9338 1.0000	</row3>
				</transform>
			</node>
			<node>
				<identifier>	MP_WM088_Helmets_Rack_INDEX_1	</identifier>
				<transform>
					<row0>	-0.4926 0.0000 0.8702 0.0000	</row0>
					<row1>	0.0000 1.0000 0.0000 0.0000	</row1>
					<row2>	-0.8702 0.0000 -0.4926 0.0000	</row2>
					<row3>	0.1992 0.3280 -2.1302 1.0000	</row3>
				</transform>
			</node>
			<node>
				<identifier>	MP_WM088_Helmets_Rack_INDEX_2	</identifier>
				<transform>
					<row0>	-0.4926 0.0000 -0.8702 0.0000	</row0>
					<row1>	0.0000 1.0000 0.0000 0.0000	</row1>
					<row2>	0.8702 0.0000 -0.4926 0.0000	</row2>
					<row3>	-0.1992 0.3280 -2.1302 1.0000	</row3>
				</transform>
			</node>
			<node>
				<identifier>	MP_WM097_Reels	</identifier>
				<transform>
					<row0>	0.0000 0.0000 -0.6000 0.0000	</row0>
					<row1>	0.0000 0.6000 0.0000 0.0000	</row1>
					<row2>	0.6000 0.0000 0.0000 0.0000	</row2>
					<row3>	-0.0475 0.3551 -2.6372 1.0000	</row3>
				</transform>
			</node>
			<node>
				<identifier>	MP_WM516_Liferaft_type_20_10ft	</identifier>
				<transform>
					<row0>	0.0000 0.0000 -0.9800 0.0000	</row0>
					<row1>	0.9800 0.0000 0.0000 0.0000	</row1>
					<row2>	0.0000 -0.9800 0.0000 0.0000	</row2>
					<row3>	0.3118 0.2828 -0.9978 1.0000	</row3>
				</transform>
			</node>
			<node>
				<identifier>	MP_WM516_Liferaft_type_20_10ft_INDEX_1	</identifier>
				<transform>
					<row0>	0.0000 0.0000 0.9800 0.0000	</row0>
					<row1>	-0.9800 0.0000 0.0000 0.0000	</row1>
					<row2>	0.0000 -0.9800 0.0000 0.0000	</row2>
					<row3>	-0.3118 0.2828 -0.9978 1.0000	</row3>
				</transform>
			</node>
			<node>
				<identifier>	MP_WM618_Voice_Tube	</identifier>
				<transform>
					<row0>	1.0000 0.0000 0.0000 0.0000	</row0>
					<row1>	0.0000 1.0000 0.0000 0.0000	</row1>
					<row2>	0.0000 0.0000 1.0000 0.0000	</row2>
					<row3>	0.0549 0.3259 -1.9292 1.0000	</row3>
				</transform>
			</node>
			<node>
				<identifier>	MP_WM618_Voice_Tube_INDEX_1	</identifier>
				<transform>
					<row0>	1.0000 0.0000 0.0000 0.0000	</row0>
					<row1>	0.0000 1.0000 0.0000 0.0000	</row1>
					<row2>	0.0000 0.0000 1.0000 0.0000	</row2>
					<row3>	-0.1508 0.1721 -2.6601 1.0000	</row3>
				</transform>
			</node>
			<node>
				<identifier>	MP_WM713_Locker	</identifier>
				<transform>
					<row0>	0.0000 0.0000 -1.0000 0.0000	</row0>
					<row1>	0.0000 1.0000 0.0000 0.0000	</row1>
					<row2>	1.0000 0.0000 0.0000 0.0000	</row2>
					<row3>	-0.0236 0.3270 -1.9114 1.0000	</row3>
				</transform>
			</node>
			<node>
				<identifier>	MP_WM717_Locker	</identifier>
				<transform>
					<row0>	0.0000 0.0000 -1.0000 0.0000	</row0>
					<row1>	0.0000 1.0000 0.0000 0.0000	</row1>
					<row2>	1.0000 0.0000 0.0000 0.0000	</row2>
					<row3>	0.2096 0.3520 -0.9995 1.0000	</row3>
				</transform>
			</node>
			<node>
				<identifier>	MP_WM717_Locker_INDEX_1	</identifier>
				<transform>
					<row0>	0.0000 0.0000 1.0000 0.0000	</row0>
					<row1>	0.0000 1.0000 0.0000 0.0000	</row1>
					<row2>	-1.0000 0.0000 0.0000 0.0000	</row2>
					<row3>	-0.2573 0.3500 -0.9788 1.0000	</row3>
				</transform>
			</node>
			<node>
				<identifier>	MP_WM717_Locker_INDEX_2	</identifier>
				<transform>
					<row0>	0.9495 0.0000 0.3136 0.0000	</row0>
					<row1>	0.0000 1.0000 0.0000 0.0000	</row1>
					<row2>	-0.3136 0.0000 0.9495 0.0000	</row2>
					<row3>	-0.0580 0.3567 -0.8588 1.0000	</row3>
				</transform>
			</node>
			<node>
				<identifier>	MP_WM717_Locker_INDEX_3	</identifier>
				<transform>
					<row0>	0.9495 0.0000 -0.3136 0.0000	</row0>
					<row1>	0.0000 1.0000 0.0000 0.0000	</row1>
					<row2>	0.3136 0.0000 0.9495 0.0000	</row2>
					<row3>	0.0580 0.3567 -0.8588 1.0000	</row3>
				</transform>
			</node>
			<node>
				<identifier>	MP_WM719_Locker	</identifier>
				<transform>
					<row0>	0.0000 0.0000 1.0000 0.0000	</row0>
					<row1>	0.0000 1.0000 0.0000 0.0000	</row1>
					<row2>	-1.0000 0.0000 0.0000 0.0000	</row2>
					<row3>	0.1176 0.1721 -2.6966 1.0000	</row3>
				</transform>
			</node>
			<node>
				<identifier>	MP_WM719_Locker_INDEX_1	</identifier>
				<transform>
					<row0>	1.0000 0.0000 0.0000 0.0000	</row0>
					<row1>	0.0000 1.0000 0.0000 0.0000	</row1>
					<row2>	0.0000 0.0000 1.0000 0.0000	</row2>
					<row3>	-0.1158 0.3238 -1.8836 1.0000	</row3>
				</transform>
			</node>
			<node>
				<identifier>	MP_WM719_Locker_INDEX_2	</identifier>
				<transform>
					<row0>	0.0000 0.0000 -1.0000 0.0000	</row0>
					<row1>	0.0000 1.0000 0.0000 0.0000	</row1>
					<row2>	1.0000 0.0000 0.0000 0.0000	</row2>
					<row3>	-0.0825 0.1721 -2.6966 1.0000	</row3>
				</transform>
			</node>
			<node>
				<identifier>	MP_WM719_Locker_INDEX_3	</identifier>
				<transform>
					<row0>	0.9326 0.0000 -0.3608 0.0000	</row0>
					<row1>	0.0000 1.0000 0.0000 0.0000	</row1>
					<row2>	0.3608 0.0000 0.9326 0.0000	</row2>
					<row3>	0.1494 0.3225 -1.9085 1.0000	</row3>
				</transform>
			</node>
			<node>
				<identifier>	MP_WM719_Locker_INDEX_4	</identifier>
				<transform>
					<row0>	-1.0000 0.0000 0.0000 0.0000	</row0>
					<row1>	0.0000 1.0000 0.0000 0.0000	</row1>
					<row2>	0.0000 0.0000 -1.0000 0.0000	</row2>
					<row3>	-0.0262 0.3267 -2.5522 1.0000	</row3>
				</transform>
			</node>
			<node>
				<identifier>	MP_WM758_24in_round_hatch	</identifier>
				<transform>
					<row0>	-1.0000 0.0000 0.0000 0.0000	</row0>
					<row1>	0.0000 1.0000 0.0000 0.0000	</row1>
					<row2>	0.0000 0.0000 -1.0000 0.0000	</row2>
					<row3>	0.0815 0.3243 -2.6455 1.0000	</row3>
				</transform>
			</node>
			<node>
				<identifier>	MP_WM804_Ventilators_mushroom	</identifier>
				<transform>
					<row0>	-1.0000 0.0000 0.0000 0.0000	</row0>
					<row1>	0.0000 1.0000 0.0000 0.0000	</row1>
					<row2>	0.0000 0.0000 -1.0000 0.0000	</row2>
					<row3>	0.1082 0.3065 -1.9115 1.0000	</row3>
				</transform>
			</node>
			<node>
				<identifier>	MP_WM804_Ventilators_mushroom_INDEX_1	</identifier>
				<transform>
					<row0>	-1.0000 0.0000 0.0000 0.0000	</row0>
					<row1>	0.0000 1.0000 0.0000 0.0000	</row1>
					<row2>	0.0000 0.0000 -1.0000 0.0000	</row2>
					<row3>	0.1257 0.3065 -1.8648 1.0000	</row3>
				</transform>
			</node>
			<node>
				<identifier>	MP_WM804_Ventilators_mushroom_INDEX_2	</identifier>
				<transform>
					<row0>	1.1741 0.0000 0.0000 0.0000	</row0>
					<row1>	0.0000 1.1741 0.0000 0.0000	</row1>
					<row2>	0.0000 0.0000 1.1741 0.0000	</row2>
					<row3>	0.0179 0.3120 -2.4842 1.0000	</row3>
				</transform>
			</node>
			<node>
				<identifier>	MP_WM804_Ventilators_mushroom_INDEX_3	</identifier>
				<transform>
					<row0>	-1.1200 0.0000 0.0000 0.0000	</row0>
					<row1>	0.0000 1.1200 0.0000 0.0000	</row1>
					<row2>	0.0000 0.0000 -1.1200 0.0000	</row2>
					<row3>	-0.1557 0.3065 -1.8893 1.0000	</row3>
				</transform>
			</node>
		</node>
	</node>
	<boundingBox>
		<min>	-0.0667 -0.0667 -0.0667	</min>
		<max>	0.0667 0.0667 0.0667	</max>
	</boundingBox>
</WSD021_Stord_1943_MidBack_ports.visual>
