<ZSC011_Harbin_1947_Stern_ports.visual>
	<node>
		<identifier>	Scene Root	</identifier>
		<transform>
			<row0>	1.0000 0.0000 0.0000 0.0000	</row0>
			<row1>	0.0000 1.0000 0.0000 0.0000	</row1>
			<row2>	0.0000 0.0000 1.0000 0.0000	</row2>
			<row3>	0.0000 0.0000 0.0000 1.0000	</row3>
		</transform>
		<node>
			<identifier>	Stern_ports	</identifier>
			<transform>
				<row0>	1.0000 0.0000 0.0000 0.0000	</row0>
				<row1>	0.0000 1.0000 0.0000 0.0000	</row1>
				<row2>	0.0000 0.0000 1.0000 0.0000	</row2>
				<row3>	0.0000 0.0000 0.0000 1.0000	</row3>
			</transform>
			<node>
				<identifier>	HP_FX_Death_3	</identifier>
				<transform>
					<row0>	1.0000 0.0000 0.0000 0.0000	</row0>
					<row1>	0.0000 1.0000 0.0000 0.0000	</row1>
					<row2>	0.0000 0.0000 1.0000 0.0000	</row2>
					<row3>	0.0000 0.0000 -3.8649 1.0000	</row3>
				</transform>
			</node>
			<node>
				<identifier>	HP_FX_Fire_4	</identifier>
				<transform>
					<row0>	1.0000 0.0000 0.0000 0.0000	</row0>
					<row1>	0.0000 1.0000 0.0000 0.0000	</row1>
					<row2>	0.0000 0.0000 1.0000 0.0000	</row2>
					<row3>	0.0000 0.2585 -4.1260 1.0000	</row3>
				</transform>
			</node>
			<node>
				<identifier>	HP_FX_Flood_steam_right	</identifier>
				<transform>
					<row0>	1.0000 0.0000 0.0000 0.0000	</row0>
					<row1>	0.0000 1.0000 0.0000 0.0000	</row1>
					<row2>	0.0000 0.0000 1.0000 0.0000	</row2>
					<row3>	0.4776 0.2328 -3.2988 1.0000	</row3>
				</transform>
			</node>
			<node>
				<identifier>	HP_FX_Flood_water_left	</identifier>
				<transform>
					<row0>	-0.9969 0.0000 -0.0792 0.0000	</row0>
					<row1>	0.0000 1.0000 0.0000 0.0000	</row1>
					<row2>	0.0792 0.0000 -0.9969 0.0000	</row2>
					<row3>	-0.4288 0.0422 -3.2971 1.0000	</row3>
				</transform>
			</node>
			<node>
				<identifier>	HP_FX_Flood_water_right	</identifier>
				<transform>
					<row0>	0.9961 0.0000 -0.0889 0.0000	</row0>
					<row1>	0.0000 1.0000 0.0000 0.0000	</row1>
					<row2>	0.0889 0.0000 0.9961 0.0000	</row2>
					<row3>	0.4286 0.0426 -3.2975 1.0000	</row3>
				</transform>
			</node>
			<node>
				<identifier>	HP_FX_WakeTraceBack	</identifier>
				<transform>
					<row0>	1.0000 0.0000 0.0000 0.0000	</row0>
					<row1>	0.0000 1.0000 0.0000 0.0000	</row1>
					<row2>	0.0000 0.0000 1.0000 0.0000	</row2>
					<row3>	0.0000 0.0000 -5.7186 1.0000	</row3>
				</transform>
			</node>
			<node>
				<identifier>	HP_FX_WakeTrace_screw_1	</identifier>
				<transform>
					<row0>	1.0000 0.0000 0.0000 0.0000	</row0>
					<row1>	0.0000 1.0000 0.0000 0.0000	</row1>
					<row2>	0.0000 0.0000 1.0000 0.0000	</row2>
					<row3>	0.2318 -0.2339 -4.9774 1.0000	</row3>
				</transform>
			</node>
			<node>
				<identifier>	HP_FX_WakeTrace_screw_2	</identifier>
				<transform>
					<row0>	1.0000 0.0000 0.0000 0.0000	</row0>
					<row1>	0.0000 1.0000 0.0000 0.0000	</row1>
					<row2>	0.0000 0.0000 1.0000 0.0000	</row2>
					<row3>	-0.2318 -0.2339 -4.9774 1.0000	</row3>
				</transform>
			</node>
			<node>
				<identifier>	HP_Ship_death_3	</identifier>
				<transform>
					<row0>	1.0000 0.0000 0.0000 0.0000	</row0>
					<row1>	0.0000 1.0000 0.0000 0.0000	</row1>
					<row2>	0.0000 0.0000 1.0000 0.0000	</row2>
					<row3>	0.0000 0.0000 -3.1703 1.0000	</row3>
				</transform>
			</node>
			<node>
				<identifier>	HP_ZGB_1	</identifier>
				<transform>
					<row0>	0.0000 0.0102 0.9999 0.0000	</row0>
					<row1>	-0.0122 0.9999 -0.0102 0.0000	</row1>
					<row2>	-0.9999 -0.0122 0.0000 0.0000	</row2>
					<row3>	-0.0824 0.2880 -5.0294 1.0000	</row3>
				</transform>
			</node>
			<node>
				<identifier>	HP_ZGB_10	</identifier>
				<transform>
					<row0>	-1.0000 0.0093 0.0000 0.0000	</row0>
					<row1>	0.0092 0.9913 -0.1312 0.0000	</row1>
					<row2>	-0.0012 -0.1312 -0.9914 0.0000	</row2>
					<row3>	0.0749 0.2446 -5.8004 1.0000	</row3>
				</transform>
			</node>
			<node>
				<identifier>	HP_ZGB_2	</identifier>
				<transform>
					<row0>	0.0000 -0.0102 -0.9999 0.0000	</row0>
					<row1>	0.0122 0.9999 -0.0102 0.0000	</row1>
					<row2>	0.9999 -0.0122 0.0000 0.0000	</row2>
					<row3>	0.0824 0.2879 -5.0294 1.0000	</row3>
				</transform>
			</node>
			<node>
				<identifier>	HP_ZGB_3	</identifier>
				<transform>
					<row0>	0.0000 0.0022 1.0000 0.0000	</row0>
					<row1>	-0.0135 0.9999 -0.0022 0.0000	</row1>
					<row2>	-0.9999 -0.0135 0.0000 0.0000	</row2>
					<row3>	-0.1154 0.2865 -5.2952 1.0000	</row3>
				</transform>
			</node>
			<node>
				<identifier>	HP_ZGB_4	</identifier>
				<transform>
					<row0>	0.0000 -0.0022 -1.0000 0.0000	</row0>
					<row1>	0.0135 0.9999 -0.0022 0.0000	</row1>
					<row2>	0.9999 -0.0135 0.0000 0.0000	</row2>
					<row3>	0.1154 0.2861 -5.3168 1.0000	</row3>
				</transform>
			</node>
			<node>
				<identifier>	HP_ZGB_5	</identifier>
				<transform>
					<row0>	0.0000 0.0102 0.9999 0.0000	</row0>
					<row1>	-0.0122 0.9999 -0.0102 0.0000	</row1>
					<row2>	-0.9999 -0.0122 0.0000 0.0000	</row2>
					<row3>	-0.0824 0.2927 -4.1378 1.0000	</row3>
				</transform>
			</node>
			<node>
				<identifier>	HP_ZGB_6	</identifier>
				<transform>
					<row0>	0.0000 -0.0102 -0.9999 0.0000	</row0>
					<row1>	0.0122 0.9999 -0.0102 0.0000	</row1>
					<row2>	0.9999 -0.0122 0.0000 0.0000	</row2>
					<row3>	0.0824 0.2926 -4.1378 1.0000	</row3>
				</transform>
			</node>
			<node>
				<identifier>	HP_ZGB_9	</identifier>
				<transform>
					<row0>	-1.0000 -0.0093 0.0000 0.0000	</row0>
					<row1>	-0.0092 0.9913 -0.1312 0.0000	</row1>
					<row2>	0.0012 -0.1312 -0.9914 0.0000	</row2>
					<row3>	-0.0749 0.2446 -5.8004 1.0000	</row3>
				</transform>
			</node>
			<node>
				<identifier>	MP_CM011_Fire_Fighting_Gear	</identifier>
				<transform>
					<row0>	0.0000 0.0184 0.9998 0.0000	</row0>
					<row1>	0.0000 0.9998 -0.0184 0.0000	</row1>
					<row2>	-1.0000 0.0000 0.0000 0.0000	</row2>
					<row3>	0.0596 0.2936 -4.5301 1.0000	</row3>
				</transform>
			</node>
			<node>
				<identifier>	MP_CM011_Fire_Fighting_Gear_INDEX_1	</identifier>
				<transform>
					<row0>	0.0000 -0.0184 -0.9998 0.0000	</row0>
					<row1>	0.0000 0.9998 -0.0184 0.0000	</row1>
					<row2>	1.0000 0.0000 0.0000 0.0000	</row2>
					<row3>	-0.0596 0.2936 -4.5301 1.0000	</row3>
				</transform>
			</node>
			<node>
				<identifier>	MP_CM078_Propeller_PL_3_L	</identifier>
				<transform>
					<row0>	1.0250 0.0000 0.0000 0.0000	</row0>
					<row1>	0.0000 1.0250 0.0000 0.0000	</row1>
					<row2>	0.0000 0.0000 1.0250 0.0000	</row2>
					<row3>	-0.0001 -0.1996 -5.0669 1.0000	</row3>
				</transform>
			</node>
			<node>
				<identifier>	MP_CM137_Anchor_Up	</identifier>
				<transform>
					<row0>	-0.6050 0.0000 0.0000 0.0000	</row0>
					<row1>	0.0000 0.3762 0.4950 0.0000	</row1>
					<row2>	0.0000 0.4817 -0.3661 0.0000	</row2>
					<row3>	-0.0003 0.1125 -5.8700 1.0000	</row3>
				</transform>
			</node>
			<node>
				<identifier>	MP_CM138_Anchor_Bottom	</identifier>
				<transform>
					<row0>	-0.6223 0.0000 0.0000 0.0000	</row0>
					<row1>	0.0000 0.6210 -0.0403 0.0000	</row1>
					<row2>	0.0000 -0.0403 -0.6210 0.0000	</row2>
					<row3>	0.0000 0.1061 -5.8698 1.0000	</row3>
				</transform>
			</node>
			<node>
				<identifier>	MP_CM161_Propeller_4_8m_BB_R	</identifier>
				<transform>
					<row0>	0.8199 0.0000 0.0156 0.0000	</row0>
					<row1>	0.0000 0.8200 0.0000 0.0000	</row1>
					<row2>	-0.0156 0.0000 0.8199 0.0000	</row2>
					<row3>	0.2318 -0.2339 -4.9774 1.0000	</row3>
				</transform>
			</node>
			<node>
				<identifier>	MP_CM162_Propeller_4_8m_BB_L	</identifier>
				<transform>
					<row0>	0.8199 0.0000 -0.0156 0.0000	</row0>
					<row1>	0.0000 0.8200 0.0000 0.0000	</row1>
					<row2>	0.0156 0.0000 0.8199 0.0000	</row2>
					<row3>	-0.2318 -0.2339 -4.9774 1.0000	</row3>
				</transform>
			</node>
			<node>
				<identifier>	MP_RM182_Depth_Charge_BB1	</identifier>
				<transform>
					<row0>	-0.7672 -0.0047 0.6414 0.0000	</row0>
					<row1>	-0.0100 0.9999 -0.0046 0.0000	</row1>
					<row2>	-0.6413 -0.0099 -0.7672 0.0000	</row2>
					<row3>	-0.1678 0.3064 -4.2645 1.0000	</row3>
				</transform>
			</node>
			<node>
				<identifier>	MP_RM182_Depth_Charge_BB1_INDEX_1	</identifier>
				<transform>
					<row0>	-0.6413 -0.0099 -0.7672 0.0000	</row0>
					<row1>	-0.0100 0.9999 -0.0046 0.0000	</row1>
					<row2>	0.7672 0.0047 -0.6414 0.0000	</row2>
					<row3>	-0.1613 0.3067 -4.2763 1.0000	</row3>
				</transform>
			</node>
			<node>
				<identifier>	MP_RM182_Depth_Charge_BB1_INDEX_10	</identifier>
				<transform>
					<row0>	-0.6413 0.0099 0.7672 0.0000	</row0>
					<row1>	0.0100 0.9999 -0.0046 0.0000	</row1>
					<row2>	-0.7672 0.0047 -0.6414 0.0000	</row2>
					<row3>	0.1669 0.3067 -4.2205 1.0000	</row3>
				</transform>
			</node>
			<node>
				<identifier>	MP_RM182_Depth_Charge_BB1_INDEX_11	</identifier>
				<transform>
					<row0>	-0.6413 0.0099 0.7672 0.0000	</row0>
					<row1>	0.0100 0.9999 -0.0046 0.0000	</row1>
					<row2>	-0.7672 0.0047 -0.6414 0.0000	</row2>
					<row3>	0.1634 0.3067 -4.2483 1.0000	</row3>
				</transform>
			</node>
			<node>
				<identifier>	MP_RM182_Depth_Charge_BB1_INDEX_2	</identifier>
				<transform>
					<row0>	-0.7672 -0.0047 0.6414 0.0000	</row0>
					<row1>	-0.0100 0.9999 -0.0046 0.0000	</row1>
					<row2>	-0.6413 -0.0099 -0.7672 0.0000	</row2>
					<row3>	-0.1698 0.3064 -4.2360 1.0000	</row3>
				</transform>
			</node>
			<node>
				<identifier>	MP_RM182_Depth_Charge_BB1_INDEX_3	</identifier>
				<transform>
					<row0>	0.9946 0.0104 0.1030 0.0000	</row0>
					<row1>	-0.0100 0.9999 -0.0046 0.0000	</row1>
					<row2>	-0.1030 0.0035 0.9947 0.0000	</row2>
					<row3>	-0.1592 0.3080 -4.3262 1.0000	</row3>
				</transform>
			</node>
			<node>
				<identifier>	MP_RM182_Depth_Charge_BB1_INDEX_4	</identifier>
				<transform>
					<row0>	-0.6413 -0.0099 -0.7672 0.0000	</row0>
					<row1>	-0.0100 0.9999 -0.0046 0.0000	</row1>
					<row2>	0.7672 0.0047 -0.6414 0.0000	</row2>
					<row3>	-0.1669 0.3067 -4.2205 1.0000	</row3>
				</transform>
			</node>
			<node>
				<identifier>	MP_RM182_Depth_Charge_BB1_INDEX_5	</identifier>
				<transform>
					<row0>	-0.6413 -0.0099 -0.7672 0.0000	</row0>
					<row1>	-0.0100 0.9999 -0.0046 0.0000	</row1>
					<row2>	0.7672 0.0047 -0.6414 0.0000	</row2>
					<row3>	-0.1634 0.3067 -4.2483 1.0000	</row3>
				</transform>
			</node>
			<node>
				<identifier>	MP_RM182_Depth_Charge_BB1_INDEX_6	</identifier>
				<transform>
					<row0>	-0.7672 0.0047 -0.6414 0.0000	</row0>
					<row1>	0.0100 0.9999 -0.0046 0.0000	</row1>
					<row2>	0.6413 -0.0099 -0.7672 0.0000	</row2>
					<row3>	0.1678 0.3064 -4.2645 1.0000	</row3>
				</transform>
			</node>
			<node>
				<identifier>	MP_RM182_Depth_Charge_BB1_INDEX_7	</identifier>
				<transform>
					<row0>	-0.6413 0.0099 0.7672 0.0000	</row0>
					<row1>	0.0100 0.9999 -0.0046 0.0000	</row1>
					<row2>	-0.7672 0.0047 -0.6414 0.0000	</row2>
					<row3>	0.1613 0.3067 -4.2763 1.0000	</row3>
				</transform>
			</node>
			<node>
				<identifier>	MP_RM182_Depth_Charge_BB1_INDEX_8	</identifier>
				<transform>
					<row0>	-0.7672 0.0047 -0.6414 0.0000	</row0>
					<row1>	0.0100 0.9999 -0.0046 0.0000	</row1>
					<row2>	0.6413 -0.0099 -0.7672 0.0000	</row2>
					<row3>	0.1698 0.3064 -4.2360 1.0000	</row3>
				</transform>
			</node>
			<node>
				<identifier>	MP_RM182_Depth_Charge_BB1_INDEX_9	</identifier>
				<transform>
					<row0>	0.9946 -0.0104 -0.1030 0.0000	</row0>
					<row1>	0.0100 0.9999 -0.0046 0.0000	</row1>
					<row2>	0.1030 0.0035 0.9947 0.0000	</row2>
					<row3>	0.1592 0.3080 -4.3262 1.0000	</row3>
				</transform>
			</node>
			<node>
				<identifier>	MP_RM239_Bomb_Bogie	</identifier>
				<transform>
					<row0>	-0.9263 -0.0097 -0.0827 0.0000	</row0>
					<row1>	-0.0101 0.9999 -0.0040 0.0000	</row1>
					<row2>	0.0890 -0.0031 -0.9960 0.0000	</row2>
					<row3>	-0.1638 0.2925 -4.2762 1.0000	</row3>
				</transform>
			</node>
			<node>
				<identifier>	MP_RM239_Bomb_Bogie_INDEX_1	</identifier>
				<transform>
					<row0>	-0.9263 0.0097 0.0827 0.0000	</row0>
					<row1>	0.0101 0.9999 -0.0040 0.0000	</row1>
					<row2>	-0.0890 -0.0031 -0.9960 0.0000	</row2>
					<row3>	0.1638 0.2925 -4.2762 1.0000	</row3>
				</transform>
			</node>
			<node>
				<identifier>	MP_ZM004_Basket_Rope	</identifier>
				<transform>
					<row0>	0.9923 -0.0534 -0.1114 0.0000	</row0>
					<row1>	0.0530 0.9986 -0.0066 0.0000	</row1>
					<row2>	0.1116 0.0006 0.9937 0.0000	</row2>
					<row3>	0.4504 0.2814 -3.3388 1.0000	</row3>
				</transform>
			</node>
			<node>
				<identifier>	MP_ZM004_Basket_Rope_INDEX_1	</identifier>
				<transform>
					<row0>	0.9923 0.0534 0.1114 0.0000	</row0>
					<row1>	-0.0530 0.9986 -0.0066 0.0000	</row1>
					<row2>	-0.1116 0.0006 0.9937 0.0000	</row2>
					<row3>	-0.4504 0.2814 -3.3388 1.0000	</row3>
				</transform>
			</node>
			<node>
				<identifier>	MP_ZM014_Screen_Smoke_DA2	</identifier>
				<transform>
					<row0>	-0.1372 0.0063 -0.9905 0.0000	</row0>
					<row1>	0.0126 0.9999 0.0046 0.0000	</row1>
					<row2>	0.9905 -0.0118 -0.1373 0.0000	</row2>
					<row3>	0.3380 0.2807 -4.8685 1.0000	</row3>
				</transform>
			</node>
			<node>
				<identifier>	MP_ZM014_Screen_Smoke_DA2_INDEX_1	</identifier>
				<transform>
					<row0>	-0.1372 -0.0063 0.9905 0.0000	</row0>
					<row1>	-0.0126 0.9999 0.0046 0.0000	</row1>
					<row2>	-0.9905 -0.0118 -0.1373 0.0000	</row2>
					<row3>	-0.3380 0.2807 -4.8685 1.0000	</row3>
				</transform>
			</node>
			<node>
				<identifier>	MP_ZM059_Reels	</identifier>
				<transform>
					<row0>	0.0003 -0.0098 -1.1000 0.0000	</row0>
					<row1>	0.0277 1.0996 -0.0098 0.0000	</row1>
					<row2>	1.0997 -0.0277 0.0005 0.0000	</row2>
					<row3>	0.0825 0.2953 -3.3489 1.0000	</row3>
				</transform>
			</node>
			<node>
				<identifier>	MP_ZM059_Reels_INDEX_1	</identifier>
				<transform>
					<row0>	0.0003 0.0098 1.1000 0.0000	</row0>
					<row1>	-0.0277 1.0996 -0.0098 0.0000	</row1>
					<row2>	-1.0997 -0.0277 0.0005 0.0000	</row2>
					<row3>	-0.0825 0.2953 -3.3489 1.0000	</row3>
				</transform>
			</node>
			<node>
				<identifier>	MP_ZM102_Life_Buoy	</identifier>
				<transform>
					<row0>	0.0945 0.0000 0.9955 0.0000	</row0>
					<row1>	0.0000 1.0000 0.0000 0.0000	</row1>
					<row2>	-0.9955 0.0000 0.0945 0.0000	</row2>
					<row3>	0.3757 0.3551 -4.7178 1.0000	</row3>
				</transform>
			</node>
			<node>
				<identifier>	MP_ZM102_Life_Buoy_INDEX_1	</identifier>
				<transform>
					<row0>	0.0945 0.0000 -0.9955 0.0000	</row0>
					<row1>	0.0000 1.0000 0.0000 0.0000	</row1>
					<row2>	0.9955 0.0000 0.0945 0.0000	</row2>
					<row3>	-0.3757 0.3551 -4.7178 1.0000	</row3>
				</transform>
			</node>
			<node>
				<identifier>	MP_ZM108_Depth_Charge_Loading_Rack_BMB2_R	</identifier>
				<transform>
					<row0>	0.9999 -0.0132 0.0000 0.0000	</row0>
					<row1>	0.0132 0.9999 0.0000 0.0000	</row1>
					<row2>	0.0000 0.0000 1.0000 0.0000	</row2>
					<row3>	0.0943 0.2896 -5.1560 1.0000	</row3>
				</transform>
			</node>
			<node>
				<identifier>	MP_ZM108_Depth_Charge_Loading_Rack_BMB2_R_INDEX_1	</identifier>
				<transform>
					<row0>	0.9999 0.0132 0.0000 0.0000	</row0>
					<row1>	-0.0132 0.9999 0.0000 0.0000	</row1>
					<row2>	0.0000 0.0000 1.0000 0.0000	</row2>
					<row3>	-0.0943 0.2896 -5.1560 1.0000	</row3>
				</transform>
			</node>
			<node>
				<identifier>	MP_ZM110_GMZ	</identifier>
				<transform>
					<row0>	0.0000 0.0000 -1.0000 0.0000	</row0>
					<row1>	0.0238 0.9997 0.0000 0.0000	</row1>
					<row2>	0.9997 -0.0238 0.0000 0.0000	</row2>
					<row3>	0.0955 0.2973 -3.4667 1.0000	</row3>
				</transform>
			</node>
			<node>
				<identifier>	MP_ZM110_GMZ_INDEX_1	</identifier>
				<transform>
					<row0>	0.0000 0.0000 1.0000 0.0000	</row0>
					<row1>	-0.0238 0.9997 0.0000 0.0000	</row1>
					<row2>	-0.9997 -0.0238 0.0000 0.0000	</row2>
					<row3>	-0.0955 0.2973 -3.4667 1.0000	</row3>
				</transform>
			</node>
			<node>
				<identifier>	MP_ZM135_Screened_speed_light	</identifier>
				<transform>
					<row0>	-1.0000 0.0000 0.0000 0.0000	</row0>
					<row1>	0.0000 1.0000 0.0000 0.0000	</row1>
					<row2>	0.0000 0.0000 -1.0000 0.0000	</row2>
					<row3>	0.0000 0.4560 -5.9147 1.0000	</row3>
				</transform>
			</node>
			<node>
				<identifier>	MP_ZM2957_Platform_over_Anchor	</identifier>
				<transform>
					<row0>	1.2000 0.0000 0.0000 0.0000	</row0>
					<row1>	0.0000 1.2000 -0.0056 0.0000	</row1>
					<row2>	0.0000 0.0056 1.2000 0.0000	</row2>
					<row3>	0.0000 0.2871 -5.6740 1.0000	</row3>
				</transform>
			</node>
			<node>
				<identifier>	MP_ZM500_Yawl_20ft	</identifier>
				<transform>
					<row0>	0.9956 0.0000 0.0934 0.0000	</row0>
					<row1>	0.0000 1.0000 0.0000 0.0000	</row1>
					<row2>	-0.0934 0.0000 0.9956 0.0000	</row2>
					<row3>	-0.3552 0.3142 -4.1857 1.0000	</row3>
				</transform>
			</node>
			<node>
				<identifier>	MP_ZM500_Yawl_20ft_INDEX_1	</identifier>
				<transform>
					<row0>	0.9956 0.0000 -0.0934 0.0000	</row0>
					<row1>	0.0000 1.0000 0.0000 0.0000	</row1>
					<row2>	0.0934 0.0000 0.9956 0.0000	</row2>
					<row3>	0.3552 0.3142 -4.1857 1.0000	</row3>
				</transform>
			</node>
			<node>
				<identifier>	MP_ZM541_Lifeboat_SPS18	</identifier>
				<transform>
					<row0>	0.0000 0.0000 -1.0000 0.0000	</row0>
					<row1>	0.0000 1.0000 0.0000 0.0000	</row1>
					<row2>	1.0000 0.0000 0.0000 0.0000	</row2>
					<row3>	0.0000 0.3270 -4.2725 1.0000	</row3>
				</transform>
			</node>
			<node>
				<identifier>	MP_ZM541_Lifeboat_SPS18_INDEX_1	</identifier>
				<transform>
					<row0>	0.0000 0.0000 -1.0000 0.0000	</row0>
					<row1>	0.0000 1.0000 0.0000 0.0000	</row1>
					<row2>	1.0000 0.0000 0.0000 0.0000	</row2>
					<row3>	0.0000 0.2936 -4.2725 1.0000	</row3>
				</transform>
			</node>
			<node>
				<identifier>	MP_ZM754_Hatch	</identifier>
				<transform>
					<row0>	0.8999 -0.0125 0.0026 0.0000	</row0>
					<row1>	0.0125 0.8999 -0.0026 0.0000	</row1>
					<row2>	-0.0025 0.0026 0.9000 0.0000	</row2>
					<row3>	0.0672 0.2941 -3.6364 1.0000	</row3>
				</transform>
			</node>
			<node>
				<identifier>	MP_ZM754_Hatch_INDEX_1	</identifier>
				<transform>
					<row0>	0.8999 0.0125 -0.0026 0.0000	</row0>
					<row1>	-0.0125 0.8999 -0.0026 0.0000	</row1>
					<row2>	0.0025 0.0026 0.9000 0.0000	</row2>
					<row3>	-0.0672 0.2941 -3.6364 1.0000	</row3>
				</transform>
			</node>
			<node>
				<identifier>	MP_ZM774_Hatch	</identifier>
				<transform>
					<row0>	-0.9999 0.0119 0.0000 0.0000	</row0>
					<row1>	0.0119 0.9996 -0.0253 0.0000	</row1>
					<row2>	-0.0003 -0.0253 -0.9997 0.0000	</row2>
					<row3>	-0.0003 0.2919 -4.5507 1.0000	</row3>
				</transform>
			</node>
			<node>
				<identifier>	MP_ZM774_Hatch_INDEX_1	</identifier>
				<transform>
					<row0>	-0.9996 -0.0279 0.0015 0.0000	</row0>
					<row1>	-0.0279 0.9996 -0.0016 0.0000	</row1>
					<row2>	-0.0014 -0.0016 -1.0000 0.0000	</row2>
					<row3>	-0.1409 0.2844 -5.3847 1.0000	</row3>
				</transform>
			</node>
			<node>
				<identifier>	MP_ZM810_Ventilation_mushroom	</identifier>
				<transform>
					<row0>	0.7000 0.0000 0.0000 0.0000	</row0>
					<row1>	0.0000 0.7000 0.0000 0.0000	</row1>
					<row2>	0.0000 0.0000 0.7000 0.0000	</row2>
					<row3>	0.1336 0.2915 -3.7672 1.0000	</row3>
				</transform>
			</node>
			<node>
				<identifier>	MP_ZM810_Ventilation_mushroom_INDEX_1	</identifier>
				<transform>
					<row0>	0.7000 0.0000 0.0000 0.0000	</row0>
					<row1>	0.0000 0.7000 0.0000 0.0000	</row1>
					<row2>	0.0000 0.0000 0.7000 0.0000	</row2>
					<row3>	-0.1175 0.2925 -3.7339 1.0000	</row3>
				</transform>
			</node>
			<node>
				<identifier>	MP_ZM810_Ventilation_mushroom_INDEX_2	</identifier>
				<transform>
					<row0>	0.7000 0.0000 0.0000 0.0000	</row0>
					<row1>	0.0000 0.7000 0.0000 0.0000	</row1>
					<row2>	0.0000 0.0000 0.7000 0.0000	</row2>
					<row3>	-0.0586 0.2907 -4.6576 1.0000	</row3>
				</transform>
			</node>
			<node>
				<identifier>	MP_ZM852_Running_Lights_B	</identifier>
				<transform>
					<row0>	-2.2000 0.0000 0.0000 0.0000	</row0>
					<row1>	0.0000 2.2000 0.0000 0.0000	</row1>
					<row2>	0.0000 0.0000 -2.2000 0.0000	</row2>
					<row3>	0.0000 0.4021 -5.9138 1.0000	</row3>
				</transform>
			</node>
			<node>
				<identifier>	MP_ZM857_Signal_Lamp	</identifier>
				<transform>
					<row0>	-1.2000 0.0000 0.0000 0.0000	</row0>
					<row1>	0.0000 1.2000 0.0000 0.0000	</row1>
					<row2>	0.0000 0.0000 -1.2000 0.0000	</row2>
					<row3>	0.0000 0.7350 -5.9487 1.0000	</row3>
				</transform>
			</node>
			<node>
				<identifier>	MP_ZM915_Davit	</identifier>
				<transform>
					<row0>	0.9939 0.0000 -0.1106 0.0000	</row0>
					<row1>	0.0000 1.0000 -0.0011 0.0000	</row1>
					<row2>	0.1106 0.0011 0.9939 0.0000	</row2>
					<row3>	0.4560 0.2873 -4.0172 1.0000	</row3>
				</transform>
			</node>
			<node>
				<identifier>	MP_ZM915_Davit_INDEX_1	</identifier>
				<transform>
					<row0>	0.9939 0.0000 -0.1102 0.0000	</row0>
					<row1>	0.0000 1.0000 -0.0011 0.0000	</row1>
					<row2>	0.1102 0.0011 0.9939 0.0000	</row2>
					<row3>	0.4206 0.2876 -4.4182 1.0000	</row3>
				</transform>
			</node>
			<node>
				<identifier>	MP_ZM915_Davit_INDEX_2	</identifier>
				<transform>
					<row0>	0.9939 0.0000 0.1106 0.0000	</row0>
					<row1>	0.0000 1.0000 -0.0011 0.0000	</row1>
					<row2>	-0.1106 0.0011 0.9939 0.0000	</row2>
					<row3>	-0.4560 0.2887 -4.0172 1.0000	</row3>
				</transform>
			</node>
			<node>
				<identifier>	MP_ZM915_Davit_INDEX_3	</identifier>
				<transform>
					<row0>	0.9939 0.0000 0.1102 0.0000	</row0>
					<row1>	0.0000 1.0000 -0.0011 0.0000	</row1>
					<row2>	-0.1102 0.0011 0.9939 0.0000	</row2>
					<row3>	-0.4206 0.2876 -4.4182 1.0000	</row3>
				</transform>
			</node>
			<node>
				<identifier>	MP_ZM950_Bollard	</identifier>
				<transform>
					<row0>	1.5934 -0.0767 -0.1234 0.0000	</row0>
					<row1>	0.0763 1.5982 -0.0083 0.0000	</row1>
					<row2>	0.1237 0.0024 1.5952 0.0000	</row2>
					<row3>	0.2542 0.2788 -3.9671 1.0000	</row3>
				</transform>
			</node>
			<node>
				<identifier>	MP_ZM950_Bollard_INDEX_1	</identifier>
				<transform>
					<row0>	1.5934 0.0767 0.1234 0.0000	</row0>
					<row1>	-0.0763 1.5982 -0.0083 0.0000	</row1>
					<row2>	-0.1237 0.0024 1.5952 0.0000	</row2>
					<row3>	-0.2542 0.2788 -3.9671 1.0000	</row3>
				</transform>
			</node>
			<node>
				<identifier>	MP_ZM951_Fairlead	</identifier>
				<transform>
					<row0>	1.2958 -0.0647 -0.0823 0.0000	</row0>
					<row1>	0.0648 1.2984 0.0000 0.0000	</row1>
					<row2>	0.0822 -0.0041 1.2974 0.0000	</row2>
					<row3>	0.4333 0.2846 -3.8489 1.0000	</row3>
				</transform>
			</node>
			<node>
				<identifier>	MP_ZM951_Fairlead_INDEX_1	</identifier>
				<transform>
					<row0>	1.2958 0.0647 0.0823 0.0000	</row0>
					<row1>	-0.0648 1.2984 0.0000 0.0000	</row1>
					<row2>	-0.0822 -0.0041 1.2974 0.0000	</row2>
					<row3>	-0.4333 0.2846 -3.8489 1.0000	</row3>
				</transform>
			</node>
			<node>
				<identifier>	MP_ZM951_Fairlead_INDEX_2	</identifier>
				<transform>
					<row0>	1.2780 -0.0487 -0.2330 0.0000	</row0>
					<row1>	0.0495 1.2991 0.0000 0.0000	</row1>
					<row2>	0.2329 -0.0089 1.2789 0.0000	</row2>
					<row3>	0.3100 0.2842 -5.1493 1.0000	</row3>
				</transform>
			</node>
			<node>
				<identifier>	MP_ZM951_Fairlead_INDEX_3	</identifier>
				<transform>
					<row0>	1.2780 0.0487 0.2330 0.0000	</row0>
					<row1>	-0.0495 1.2991 0.0000 0.0000	</row1>
					<row2>	-0.2329 -0.0089 1.2789 0.0000	</row2>
					<row3>	-0.3100 0.2842 -5.1493 1.0000	</row3>
				</transform>
			</node>
			<node>
				<identifier>	MP_ZM980_Anchor_Capstan_Stern	</identifier>
				<transform>
					<row0>	1.0000 0.0000 0.0000 0.0000	</row0>
					<row1>	0.0000 1.0000 0.0000 0.0000	</row1>
					<row2>	0.0000 0.0000 1.0000 0.0000	</row2>
					<row3>	0.0000 0.2922 -4.9017 1.0000	</row3>
				</transform>
			</node>
			<node>
				<identifier>	SP_YMS011_YHWL_M_1_INDEX_10	</identifier>
				<transform>
					<row0>	0.8966 0.4315 0.0999 0.0000	</row0>
					<row1>	0.4301 -0.9020 0.0361 0.0000	</row1>
					<row2>	0.1057 0.0106 -0.9943 0.0000	</row2>
					<row3>	-0.3909 0.0000 -3.5899 1.0000	</row3>
				</transform>
			</node>
			<node>
				<identifier>	SP_YMS011_YHWL_M_1_INDEX_16	</identifier>
				<transform>
					<row0>	0.6525 0.5380 0.1442 0.0000	</row0>
					<row1>	0.5299 -0.6680 0.0946 0.0000	</row1>
					<row2>	0.1716 0.0171 -0.8403 0.0000	</row2>
					<row3>	-0.1242 0.0000 -5.2066 1.0000	</row3>
				</transform>
			</node>
			<node>
				<identifier>	SP_YMS011_YHWL_M_1_INDEX_21	</identifier>
				<transform>
					<row0>	0.8035 0.5817 0.1261 0.0000	</row0>
					<row1>	0.5753 -0.8134 0.0861 0.0000	</row1>
					<row2>	0.1526 0.0034 -0.9883 0.0000	</row2>
					<row3>	-0.2768 0.0000 -4.4320 1.0000	</row3>
				</transform>
			</node>
			<node>
				<identifier>	SP_YMS012_YHWR_M_1_INDEX_11	</identifier>
				<transform>
					<row0>	0.8966 -0.4315 -0.0999 0.0000	</row0>
					<row1>	-0.4301 -0.9020 0.0361 0.0000	</row1>
					<row2>	-0.1057 0.0106 -0.9943 0.0000	</row2>
					<row3>	0.3909 0.0000 -3.5899 1.0000	</row3>
				</transform>
			</node>
			<node>
				<identifier>	SP_YMS012_YHWR_M_1_INDEX_4	</identifier>
				<transform>
					<row0>	0.8035 -0.5817 -0.1261 0.0000	</row0>
					<row1>	-0.5753 -0.8134 0.0861 0.0000	</row1>
					<row2>	-0.1526 0.0034 -0.9883 0.0000	</row2>
					<row3>	0.2768 0.0000 -4.4320 1.0000	</row3>
				</transform>
			</node>
			<node>
				<identifier>	SP_YMS012_YHWR_M_1_INDEX_5	</identifier>
				<transform>
					<row0>	0.6525 -0.5380 -0.1442 0.0000	</row0>
					<row1>	-0.5299 -0.6680 0.0946 0.0000	</row1>
					<row2>	-0.1716 0.0171 -0.8403 0.0000	</row2>
					<row3>	0.1242 0.0000 -5.2066 1.0000	</row3>
				</transform>
			</node>
			<node>
				<identifier>	SP_YMS023_YHUC_L_1	</identifier>
				<transform>
					<row0>	0.7871 0.0000 -0.0245 0.0000	</row0>
					<row1>	-0.0004 0.7874 -0.0128 0.0000	</row1>
					<row2>	0.0245 0.0128 0.7870 0.0000	</row2>
					<row3>	-0.2316 -0.2323 -5.0278 1.0000	</row3>
				</transform>
			</node>
			<node>
				<identifier>	SP_YMS023_YHUC_L_1_INDEX_1	</identifier>
				<transform>
					<row0>	0.7871 0.0000 0.0245 0.0000	</row0>
					<row1>	0.0004 0.7874 -0.0128 0.0000	</row1>
					<row2>	-0.0245 0.0128 0.7870 0.0000	</row2>
					<row3>	0.2316 -0.2323 -5.0278 1.0000	</row3>
				</transform>
			</node>
			<node>
				<identifier>	SP_YMS030_YHAM_M_1	</identifier>
				<transform>
					<row0>	0.4999 0.0000 0.0000 0.0000	</row0>
					<row1>	0.0000 0.4999 0.0000 0.0000	</row1>
					<row2>	0.0000 0.0000 0.4999 0.0000	</row2>
					<row3>	0.0000 0.1240 -5.8790 1.0000	</row3>
				</transform>
			</node>
			<node>
				<identifier>	SP_YMS031_YHAL_M_1	</identifier>
				<transform>
					<row0>	0.6029 0.3206 0.1224 0.0000	</row0>
					<row1>	-0.3257 0.6125 0.0000 0.0000	</row1>
					<row2>	-0.1081 -0.0575 0.6828 0.0000	</row2>
					<row3>	-0.1655 0.1715 -5.6261 1.0000	</row3>
				</transform>
			</node>
			<node>
				<identifier>	SP_YMS032_YHAR_M_1	</identifier>
				<transform>
					<row0>	0.6034 -0.3208 -0.1191 0.0000	</row0>
					<row1>	0.3257 0.6125 0.0000 0.0000	</row1>
					<row2>	0.1052 -0.0559 0.6834 0.0000	</row2>
					<row3>	0.1645 0.1716 -5.6262 1.0000	</row3>
				</transform>
			</node>
			<node>
				<identifier>	SP_YMS041_YHCS_M_1	</identifier>
				<transform>
					<row0>	-0.9939 0.0000 0.1101 0.0000	</row0>
					<row1>	0.0000 1.0000 0.0000 0.0000	</row1>
					<row2>	-0.1101 0.0000 -0.9939 0.0000	</row2>
					<row3>	0.3566 0.3371 -4.1770 1.0000	</row3>
				</transform>
			</node>
			<node>
				<identifier>	SP_YMS041_YHCS_M_1_INDEX_3	</identifier>
				<transform>
					<row0>	-0.9939 0.0000 -0.1101 0.0000	</row0>
					<row1>	0.0000 1.0000 0.0000 0.0000	</row1>
					<row2>	0.1101 0.0000 -0.9939 0.0000	</row2>
					<row3>	-0.3566 0.3371 -4.1770 1.0000	</row3>
				</transform>
			</node>
			<node>
				<identifier>	SP_YMS053_YHDC_S_1	</identifier>
				<transform>
					<row0>	0.9242 0.0000 0.0000 0.0000	</row0>
					<row1>	0.0000 0.9242 0.0000 0.0000	</row1>
					<row2>	0.0000 0.0000 0.9242 0.0000	</row2>
					<row3>	-0.0018 0.3022 -5.3561 1.0000	</row3>
				</transform>
			</node>
			<node>
				<identifier>	SP_YMS053_YHDC_S_1_INDEX_1	</identifier>
				<transform>
					<row0>	1.0000 0.0000 0.0000 0.0000	</row0>
					<row1>	0.0000 1.0000 0.0000 0.0000	</row1>
					<row2>	0.0000 0.0000 1.0000 0.0000	</row2>
					<row3>	0.0000 0.3096 -4.4157 1.0000	</row3>
				</transform>
			</node>
			<node>
				<identifier>	SP_YMS053_YHDC_S_1_INDEX_4	</identifier>
				<transform>
					<row0>	0.0000 0.0000 1.0000 0.0000	</row0>
					<row1>	0.0000 1.0000 0.0000 0.0000	</row1>
					<row2>	-1.0000 0.0000 0.0000 0.0000	</row2>
					<row3>	-0.1456 0.3106 -3.2161 1.0000	</row3>
				</transform>
			</node>
			<node>
				<identifier>	SP_YMS053_YHDC_S_1_INDEX_5	</identifier>
				<transform>
					<row0>	0.0000 0.0000 -1.0000 0.0000	</row0>
					<row1>	0.0000 1.0000 0.0000 0.0000	</row1>
					<row2>	1.0000 0.0000 0.0000 0.0000	</row2>
					<row3>	0.1456 0.3106 -3.2161 1.0000	</row3>
				</transform>
			</node>
			<node>
				<identifier>	SP_YMS080_YHSL_M_1_INDEX_1	</identifier>
				<transform>
					<row0>	0.5876 0.3626 0.1152 0.0000	</row0>
					<row1>	-0.3555 0.5987 -0.0718 0.0000	</row1>
					<row2>	-0.1357 0.0018 0.6867 0.0000	</row2>
					<row3>	-0.2506 0.1803 -5.1808 1.0000	</row3>
				</transform>
			</node>
			<node>
				<identifier>	SP_YMS081_YHSR_M_1_INDEX_1	</identifier>
				<transform>
					<row0>	0.5876 -0.3626 -0.1152 0.0000	</row0>
					<row1>	0.3555 0.5987 -0.0718 0.0000	</row1>
					<row2>	0.1357 0.0018 0.6867 0.0000	</row2>
					<row3>	0.2506 0.1803 -5.1808 1.0000	</row3>
				</transform>
			</node>
			<node>
				<identifier>	SP_YMS083_YHSC_L_1	</identifier>
				<transform>
					<row0>	0.0380 0.0104 -0.6568 0.0000	</row0>
					<row1>	-0.1119 0.6484 0.0038 0.0000	</row1>
					<row2>	0.6473 0.1115 0.0392 0.0000	</row2>
					<row3>	-0.4706 0.2804 -3.4444 1.0000	</row3>
				</transform>
			</node>
			<node>
				<identifier>	SP_YMS083_YHSC_L_1_INDEX_5	</identifier>
				<transform>
					<row0>	0.0380 -0.0104 0.6571 0.0000	</row0>
					<row1>	0.1119 0.6487 0.0038 0.0000	</row1>
					<row2>	-0.6476 0.1115 0.0392 0.0000	</row2>
					<row3>	0.4692 0.2808 -3.4690 1.0000	</row3>
				</transform>
			</node>
		</node>
	</node>
	<boundingBox>
		<min>	-0.0667 -0.0667 -0.0667	</min>
		<max>	0.0667 0.0667 0.0667	</max>
	</boundingBox>
</ZSC011_Harbin_1947_Stern_ports.visual>
