<HSC002_Gelderland_1939_MidBack_ports.visual>
	<node>
		<identifier>	Scene Root	</identifier>
		<transform>
			<row0>	1.0000 0.0000 0.0000 0.0000	</row0>
			<row1>	0.0000 1.0000 0.0000 0.0000	</row1>
			<row2>	0.0000 0.0000 1.0000 0.0000	</row2>
			<row3>	0.0000 0.0000 0.0000 1.0000	</row3>
		</transform>
		<node>
			<identifier>	MidBack_ports	</identifier>
			<transform>
				<row0>	1.0000 0.0000 0.0000 0.0000	</row0>
				<row1>	0.0000 1.0000 0.0000 0.0000	</row1>
				<row2>	0.0000 0.0000 1.0000 0.0000	</row2>
				<row3>	0.0000 0.0000 0.0000 1.0000	</row3>
			</transform>
			<node>
				<identifier>	HP_FX_Death_3	</identifier>
				<transform>
					<row0>	1.0000 0.0000 0.0000 0.0000	</row0>
					<row1>	0.0000 1.0000 0.0000 0.0000	</row1>
					<row2>	0.0000 0.0000 1.0000 0.0000	</row2>
					<row3>	0.0000 0.0000 -1.6519 1.0000	</row3>
				</transform>
			</node>
			<node>
				<identifier>	HP_FX_Fire_3	</identifier>
				<transform>
					<row0>	1.0000 0.0000 0.0000 0.0000	</row0>
					<row1>	0.0000 1.0000 0.0000 0.0000	</row1>
					<row2>	0.0000 0.0000 1.0000 0.0000	</row2>
					<row3>	0.0000 0.3827 -1.1759 1.0000	</row3>
				</transform>
			</node>
			<node>
				<identifier>	HP_FX_Fire_3_side_1	</identifier>
				<transform>
					<row0>	1.0000 0.0000 0.0000 0.0000	</row0>
					<row1>	0.0000 1.0000 0.0000 0.0000	</row1>
					<row2>	0.0000 0.0000 1.0000 0.0000	</row2>
					<row3>	-0.3070 0.5916 -0.8049 1.0000	</row3>
				</transform>
			</node>
			<node>
				<identifier>	HP_FX_Fire_3_side_2	</identifier>
				<transform>
					<row0>	1.0000 0.0000 0.0000 0.0000	</row0>
					<row1>	0.0000 1.0000 0.0000 0.0000	</row1>
					<row2>	0.0000 0.0000 1.0000 0.0000	</row2>
					<row3>	0.2823 0.5415 -1.6014 1.0000	</row3>
				</transform>
			</node>
			<node>
				<identifier>	HP_FX_Flood_steam_right	</identifier>
				<transform>
					<row0>	0.9952 0.0000 -0.0983 0.0000	</row0>
					<row1>	0.0000 1.0000 0.0000 0.0000	</row1>
					<row2>	0.0983 0.0000 0.9952 0.0000	</row2>
					<row3>	0.4083 0.2744 -1.3336 1.0000	</row3>
				</transform>
			</node>
			<node>
				<identifier>	HP_HGA_10	</identifier>
				<transform>
					<row0>	0.0244 0.0000 -0.9997 0.0000	</row0>
					<row1>	0.0000 1.0000 0.0000 0.0000	</row1>
					<row2>	0.9997 0.0000 0.0244 0.0000	</row2>
					<row3>	0.2073 0.4694 -1.8677 1.0000	</row3>
				</transform>
			</node>
			<node>
				<identifier>	HP_HGA_7	</identifier>
				<transform>
					<row0>	0.0244 0.0000 0.9997 0.0000	</row0>
					<row1>	0.0000 1.0000 0.0000 0.0000	</row1>
					<row2>	-0.9997 0.0000 0.0244 0.0000	</row2>
					<row3>	-0.3291 0.3305 -1.0854 1.0000	</row3>
				</transform>
			</node>
			<node>
				<identifier>	HP_HGA_8	</identifier>
				<transform>
					<row0>	0.0244 0.0000 -0.9997 0.0000	</row0>
					<row1>	0.0000 1.0000 0.0000 0.0000	</row1>
					<row2>	0.9997 0.0000 0.0244 0.0000	</row2>
					<row3>	0.3291 0.3305 -1.0854 1.0000	</row3>
				</transform>
			</node>
			<node>
				<identifier>	HP_HGA_9	</identifier>
				<transform>
					<row0>	0.0244 0.0000 0.9997 0.0000	</row0>
					<row1>	0.0000 1.0000 0.0000 0.0000	</row1>
					<row2>	-0.9997 0.0000 0.0244 0.0000	</row2>
					<row3>	-0.2073 0.4694 -1.8677 1.0000	</row3>
				</transform>
			</node>
			<node>
				<identifier>	HP_HGM_6	</identifier>
				<transform>
					<row0>	-1.0000 0.0000 0.0000 0.0000	</row0>
					<row1>	0.0000 1.0000 0.0000 0.0000	</row1>
					<row2>	0.0000 0.0000 -1.0000 0.0000	</row2>
					<row3>	-0.2753 0.3261 -1.5412 1.0000	</row3>
				</transform>
			</node>
			<node>
				<identifier>	HP_HGM_7	</identifier>
				<transform>
					<row0>	-1.0000 0.0000 0.0000 0.0000	</row0>
					<row1>	0.0000 1.0000 0.0000 0.0000	</row1>
					<row2>	0.0000 0.0000 -1.0000 0.0000	</row2>
					<row3>	0.2769 0.3261 -1.5412 1.0000	</row3>
				</transform>
			</node>
			<node>
				<identifier>	HP_Ship_death_2	</identifier>
				<transform>
					<row0>	1.0000 0.0000 0.0000 0.0000	</row0>
					<row1>	0.0000 1.0000 0.0000 0.0000	</row1>
					<row2>	0.0000 0.0000 1.0000 0.0000	</row2>
					<row3>	0.0000 0.0000 -0.4867 1.0000	</row3>
				</transform>
			</node>
			<node>
				<identifier>	HP_flag_nation	</identifier>
				<transform>
					<row0>	1.0000 -0.0004 0.0000 0.0000	</row0>
					<row1>	0.0004 0.9966 0.0828 0.0000	</row1>
					<row2>	0.0000 -0.0828 0.9966 0.0000	</row2>
					<row3>	0.0003 1.5263 -1.6113 1.0000	</row3>
				</transform>
			</node>
			<node>
				<identifier>	HP_flag_rank	</identifier>
				<transform>
					<row0>	0.9998 -0.0219 -0.0033 0.0000	</row0>
					<row1>	0.0219 0.9558 0.2933 0.0000	</row1>
					<row2>	-0.0033 -0.2933 0.9560 0.0000	</row2>
					<row3>	-0.0012 1.8074 -1.3043 1.0000	</row3>
				</transform>
			</node>
			<node>
				<identifier>	MP_CM012_Fire_Hose_Rack_1	</identifier>
				<transform>
					<row0>	1.0000 0.0000 0.0000 0.0000	</row0>
					<row1>	0.0000 1.0000 0.0000 0.0000	</row1>
					<row2>	0.0000 0.0000 1.0000 0.0000	</row2>
					<row3>	-0.1359 0.3830 -0.7255 1.0000	</row3>
				</transform>
			</node>
			<node>
				<identifier>	MP_CM012_Fire_Hose_Rack_1_INDEX_1	</identifier>
				<transform>
					<row0>	-1.0000 0.0000 0.0000 0.0000	</row0>
					<row1>	0.0000 1.0000 0.0000 0.0000	</row1>
					<row2>	0.0000 0.0000 -1.0000 0.0000	</row2>
					<row3>	0.1362 0.3830 -0.7255 1.0000	</row3>
				</transform>
			</node>
			<node>
				<identifier>	MP_CM029_Emergency_Box	</identifier>
				<transform>
					<row0>	-0.0592 0.0000 -0.9982 0.0000	</row0>
					<row1>	0.0000 1.0000 0.0000 0.0000	</row1>
					<row2>	0.9982 0.0000 -0.0592 0.0000	</row2>
					<row3>	0.2509 0.4058 -1.8108 1.0000	</row3>
				</transform>
			</node>
			<node>
				<identifier>	MP_CM029_Emergency_Box_INDEX_1	</identifier>
				<transform>
					<row0>	-0.0592 0.0000 0.9982 0.0000	</row0>
					<row1>	0.0000 1.0000 0.0000 0.0000	</row1>
					<row2>	-0.9982 0.0000 -0.0592 0.0000	</row2>
					<row3>	-0.2509 0.4058 -1.8108 1.0000	</row3>
				</transform>
			</node>
			<node>
				<identifier>	MP_CM051_Fire_Fighting_Gear	</identifier>
				<transform>
					<row0>	1.0000 0.0000 0.0000 0.0000	</row0>
					<row1>	0.0000 1.0000 0.0000 0.0000	</row1>
					<row2>	0.0000 0.0000 1.0000 0.0000	</row2>
					<row3>	0.1365 0.3378 -0.7174 1.0000	</row3>
				</transform>
			</node>
			<node>
				<identifier>	MP_CM051_Fire_Fighting_Gear_INDEX_1	</identifier>
				<transform>
					<row0>	-1.0000 0.0000 0.0000 0.0000	</row0>
					<row1>	0.0000 1.0000 0.0000 0.0000	</row1>
					<row2>	0.0000 0.0000 -1.0000 0.0000	</row2>
					<row3>	-0.1358 0.3378 -0.7174 1.0000	</row3>
				</transform>
			</node>
			<node>
				<identifier>	MP_CM052_Fender	</identifier>
				<transform>
					<row0>	0.0000 0.0000 -0.6706 0.0000	</row0>
					<row1>	0.0000 0.6706 0.0000 0.0000	</row1>
					<row2>	0.6706 0.0000 0.0000 0.0000	</row2>
					<row3>	-0.2375 0.3279 -1.7504 1.0000	</row3>
				</transform>
			</node>
			<node>
				<identifier>	MP_CM052_Fender_INDEX_1	</identifier>
				<transform>
					<row0>	0.7000 0.0000 0.0018 0.0000	</row0>
					<row1>	0.0000 0.7000 0.0000 0.0000	</row1>
					<row2>	-0.0018 0.0000 0.7000 0.0000	</row2>
					<row3>	0.0746 0.3228 -0.6475 1.0000	</row3>
				</transform>
			</node>
			<node>
				<identifier>	MP_CM052_Fender_INDEX_2	</identifier>
				<transform>
					<row0>	0.0000 0.0000 0.6706 0.0000	</row0>
					<row1>	0.0000 0.6706 0.0000 0.0000	</row1>
					<row2>	-0.6706 0.0000 0.0000 0.0000	</row2>
					<row3>	0.2375 0.3279 -1.7504 1.0000	</row3>
				</transform>
			</node>
			<node>
				<identifier>	MP_CM052_Fender_INDEX_3	</identifier>
				<transform>
					<row0>	0.7000 0.0000 -0.0018 0.0000	</row0>
					<row1>	0.0000 0.7000 0.0000 0.0000	</row1>
					<row2>	0.0018 0.0000 0.7000 0.0000	</row2>
					<row3>	-0.0746 0.3228 -0.6475 1.0000	</row3>
				</transform>
			</node>
			<node>
				<identifier>	MP_CM082_Rope	</identifier>
				<transform>
					<row0>	0.0275 0.0000 0.5834 0.0000	</row0>
					<row1>	0.0000 0.5841 0.0000 0.0000	</row1>
					<row2>	-0.5834 0.0000 0.0275 0.0000	</row2>
					<row3>	-0.0300 0.5362 -1.6934 1.0000	</row3>
				</transform>
			</node>
			<node>
				<identifier>	MP_CM082_Rope_INDEX_1	</identifier>
				<transform>
					<row0>	0.6064 0.0000 0.0551 0.0000	</row0>
					<row1>	0.0000 0.6089 0.0000 0.0000	</row1>
					<row2>	-0.0551 0.0000 0.6064 0.0000	</row2>
					<row3>	-0.2514 0.5362 -1.8295 1.0000	</row3>
				</transform>
			</node>
			<node>
				<identifier>	MP_CM082_Rope_INDEX_2	</identifier>
				<transform>
					<row0>	0.0275 0.0000 0.5834 0.0000	</row0>
					<row1>	0.0000 0.5841 0.0000 0.0000	</row1>
					<row2>	-0.5834 0.0000 0.0275 0.0000	</row2>
					<row3>	-0.0011 0.5362 -1.6934 1.0000	</row3>
				</transform>
			</node>
			<node>
				<identifier>	MP_CM082_Rope_INDEX_3	</identifier>
				<transform>
					<row0>	0.7620 0.0000 -0.0693 0.0000	</row0>
					<row1>	0.0000 0.7652 0.0000 0.0000	</row1>
					<row2>	0.0693 0.0000 0.7620 0.0000	</row2>
					<row3>	0.2514 0.5362 -1.8295 1.0000	</row3>
				</transform>
			</node>
			<node>
				<identifier>	MP_CM126_Cleat	</identifier>
				<transform>
					<row0>	-0.9883 -0.0048 0.1525 0.0000	</row0>
					<row1>	0.1526 -0.0232 0.9880 0.0000	</row1>
					<row2>	-0.0012 0.9997 0.0237 0.0000	</row2>
					<row3>	0.4542 0.4414 -0.6221 1.0000	</row3>
				</transform>
			</node>
			<node>
				<identifier>	MP_CM126_Cleat_INDEX_1	</identifier>
				<transform>
					<row0>	-0.9535 0.0000 -0.3014 0.0000	</row0>
					<row1>	-0.3013 -0.0237 0.9532 0.0000	</row1>
					<row2>	-0.0071 0.9997 0.0226 0.0000	</row2>
					<row3>	0.4193 0.4414 -1.2491 1.0000	</row3>
				</transform>
			</node>
			<node>
				<identifier>	MP_CM126_Cleat_INDEX_2	</identifier>
				<transform>
					<row0>	-0.9975 0.0048 0.0709 0.0000	</row0>
					<row1>	0.0707 -0.0232 0.9972 0.0000	</row1>
					<row2>	0.0064 0.9997 0.0228 0.0000	</row2>
					<row3>	-0.4530 0.4414 -0.6213 1.0000	</row3>
				</transform>
			</node>
			<node>
				<identifier>	MP_CM126_Cleat_INDEX_3	</identifier>
				<transform>
					<row0>	0.5765 -0.0170 -0.8169 0.0000	</row0>
					<row1>	-0.8171 -0.0166 -0.5763 0.0000	</row1>
					<row2>	-0.0037 0.9997 -0.0234 0.0000	</row2>
					<row3>	0.3703 0.4695 -1.7645 1.0000	</row3>
				</transform>
			</node>
			<node>
				<identifier>	MP_CM126_Cleat_INDEX_4	</identifier>
				<transform>
					<row0>	-0.9999 0.0000 -0.0126 0.0000	</row0>
					<row1>	-0.0126 -0.0237 0.9996 0.0000	</row1>
					<row2>	-0.0003 0.9997 0.0237 0.0000	</row2>
					<row3>	-0.4194 0.4414 -1.2507 1.0000	</row3>
				</transform>
			</node>
			<node>
				<identifier>	MP_CM126_Cleat_INDEX_5	</identifier>
				<transform>
					<row0>	0.8430 0.0000 -0.5380 0.0000	</row0>
					<row1>	-0.5378 -0.0237 -0.8427 0.0000	</row1>
					<row2>	-0.0128 0.9997 -0.0200 0.0000	</row2>
					<row3>	0.4258 0.4414 -1.1701 1.0000	</row3>
				</transform>
			</node>
			<node>
				<identifier>	MP_CM126_Cleat_INDEX_6	</identifier>
				<transform>
					<row0>	0.9963 0.0000 0.0854 0.0000	</row0>
					<row1>	0.0000 1.0000 0.0000 0.0000	</row1>
					<row2>	-0.0854 0.0000 0.9963 0.0000	</row2>
					<row3>	-0.2321 0.3713 -2.0789 1.0000	</row3>
				</transform>
			</node>
			<node>
				<identifier>	MP_CM126_Cleat_INDEX_7	</identifier>
				<transform>
					<row0>	0.8340 0.0098 0.5517 0.0000	</row0>
					<row1>	0.5518 -0.0216 -0.8337 0.0000	</row1>
					<row2>	0.0037 0.9997 -0.0234 0.0000	</row2>
					<row3>	-0.3711 0.4695 -1.8080 1.0000	</row3>
				</transform>
			</node>
			<node>
				<identifier>	MP_CM126_Cleat_INDEX_8	</identifier>
				<transform>
					<row0>	0.9478 0.0000 0.3189 0.0000	</row0>
					<row1>	0.3188 -0.0237 -0.9475 0.0000	</row1>
					<row2>	0.0076 0.9997 -0.0225 0.0000	</row2>
					<row3>	-0.4265 0.4414 -1.1702 1.0000	</row3>
				</transform>
			</node>
			<node>
				<identifier>	MP_CM126_Cleat_INDEX_9	</identifier>
				<transform>
					<row0>	0.9963 0.0000 -0.0854 0.0000	</row0>
					<row1>	0.0000 1.0000 0.0000 0.0000	</row1>
					<row2>	0.0854 0.0000 0.9963 0.0000	</row2>
					<row3>	0.2308 0.3714 -2.0639 1.0000	</row3>
				</transform>
			</node>
			<node>
				<identifier>	MP_HM030_Helmets	</identifier>
				<transform>
					<row0>	0.0532 0.0000 0.9986 0.0000	</row0>
					<row1>	0.0000 1.0000 0.0000 0.0000	</row1>
					<row2>	-0.9986 0.0000 0.0532 0.0000	</row2>
					<row3>	0.2550 0.3539 -1.8456 1.0000	</row3>
				</transform>
			</node>
			<node>
				<identifier>	MP_HM030_Helmets_INDEX_1	</identifier>
				<transform>
					<row0>	0.0599 0.0000 -0.9982 0.0000	</row0>
					<row1>	0.0000 1.0000 0.0000 0.0000	</row1>
					<row2>	0.9982 0.0000 0.0599 0.0000	</row2>
					<row3>	-0.2524 0.3539 -1.8456 1.0000	</row3>
				</transform>
			</node>
			<node>
				<identifier>	MP_HM030_Helmets_INDEX_2	</identifier>
				<transform>
					<row0>	-0.0030 0.0000 -1.0000 0.0000	</row0>
					<row1>	0.0000 1.0000 0.0000 0.0000	</row1>
					<row2>	1.0000 0.0000 -0.0030 0.0000	</row2>
					<row3>	0.1113 0.3539 -0.8945 1.0000	</row3>
				</transform>
			</node>
			<node>
				<identifier>	MP_HM030_Helmets_INDEX_3	</identifier>
				<transform>
					<row0>	-0.0030 0.0000 1.0000 0.0000	</row0>
					<row1>	0.0000 1.0000 0.0000 0.0000	</row1>
					<row2>	-1.0000 0.0000 -0.0030 0.0000	</row2>
					<row3>	-0.1367 0.3539 -0.8945 1.0000	</row3>
				</transform>
			</node>
			<node>
				<identifier>	MP_HM042_75mm_kanon_conserve	</identifier>
				<transform>
					<row0>	1.0000 0.0000 0.0000 0.0000	</row0>
					<row1>	0.0000 1.0000 0.0000 0.0000	</row1>
					<row2>	0.0000 0.0000 1.0000 0.0000	</row2>
					<row3>	0.3460 0.3149 -0.8573 1.0000	</row3>
				</transform>
			</node>
			<node>
				<identifier>	MP_HM042_75mm_kanon_conserve_INDEX_1	</identifier>
				<transform>
					<row0>	1.0000 0.0000 0.0000 0.0000	</row0>
					<row1>	0.0000 1.0000 0.0000 0.0000	</row1>
					<row2>	0.0000 0.0000 1.0000 0.0000	</row2>
					<row3>	-0.3460 0.3149 -0.8573 1.0000	</row3>
				</transform>
			</node>
			<node>
				<identifier>	MP_HM501_Whaleboat_27ft	</identifier>
				<transform>
					<row0>	0.9952 0.0000 0.0980 0.0000	</row0>
					<row1>	0.0000 1.0000 0.0000 0.0000	</row1>
					<row2>	-0.0980 0.0000 0.9952 0.0000	</row2>
					<row3>	-0.2993 0.4845 -1.4894 1.0000	</row3>
				</transform>
			</node>
			<node>
				<identifier>	MP_HM515_Motosloep_28ft	</identifier>
				<transform>
					<row0>	1.0000 0.0000 0.0000 0.0000	</row0>
					<row1>	0.0000 1.0000 0.0000 0.0000	</row1>
					<row2>	0.0000 0.0000 1.0000 0.0000	</row2>
					<row3>	-0.3089 0.4837 -0.8568 1.0000	</row3>
				</transform>
			</node>
			<node>
				<identifier>	MP_HM525_Reddingboot_C	</identifier>
				<transform>
					<row0>	0.9981 0.0000 -0.0617 0.0000	</row0>
					<row1>	0.0000 1.0000 0.0000 0.0000	</row1>
					<row2>	0.0617 0.0000 0.9981 0.0000	</row2>
					<row3>	0.2909 0.4793 -1.4723 1.0000	</row3>
				</transform>
			</node>
			<node>
				<identifier>	MP_HM526_Motosloep_30ft	</identifier>
				<transform>
					<row0>	1.0000 0.0000 0.0000 0.0000	</row0>
					<row1>	0.0000 1.0000 0.0000 0.0000	</row1>
					<row2>	0.0000 0.0000 1.0000 0.0000	</row2>
					<row3>	0.3105 0.4611 -0.8187 1.0000	</row3>
				</transform>
			</node>
			<node>
				<identifier>	MP_HM606_Compass_repeater	</identifier>
				<transform>
					<row0>	1.0000 0.0000 0.0000 0.0000	</row0>
					<row1>	0.0000 1.0000 0.0000 0.0000	</row1>
					<row2>	0.0000 0.0000 1.0000 0.0000	</row2>
					<row3>	0.0000 0.6697 -0.6307 1.0000	</row3>
				</transform>
			</node>
			<node>
				<identifier>	MP_HM612_Voice_Tube	</identifier>
				<transform>
					<row0>	1.0000 0.0000 0.0000 0.0000	</row0>
					<row1>	0.0000 1.0000 0.0000 0.0000	</row1>
					<row2>	0.0000 0.0000 1.0000 0.0000	</row2>
					<row3>	0.0067 0.3297 -1.4183 1.0000	</row3>
				</transform>
			</node>
			<node>
				<identifier>	MP_HM612_Voice_Tube_INDEX_1	</identifier>
				<transform>
					<row0>	0.0021 0.0000 -1.0000 0.0000	</row0>
					<row1>	0.0000 1.0000 0.0000 0.0000	</row1>
					<row2>	1.0000 0.0000 0.0021 0.0000	</row2>
					<row3>	0.0635 0.6509 -1.7823 1.0000	</row3>
				</transform>
			</node>
			<node>
				<identifier>	MP_HM612_Voice_Tube_INDEX_2	</identifier>
				<transform>
					<row0>	-0.5095 0.0000 -0.8605 0.0000	</row0>
					<row1>	0.0000 1.0000 0.0000 0.0000	</row1>
					<row2>	0.8605 0.0000 -0.5095 0.0000	</row2>
					<row3>	-0.0731 0.4705 -1.7587 1.0000	</row3>
				</transform>
			</node>
			<node>
				<identifier>	MP_HM612_Voice_Tube_INDEX_3	</identifier>
				<transform>
					<row0>	-0.5095 0.0000 0.8605 0.0000	</row0>
					<row1>	0.0000 1.0000 0.0000 0.0000	</row1>
					<row2>	-0.8605 0.0000 -0.5095 0.0000	</row2>
					<row3>	0.0731 0.4705 -1.7587 1.0000	</row3>
				</transform>
			</node>
			<node>
				<identifier>	MP_HM612_Voice_Tube_INDEX_4	</identifier>
				<transform>
					<row0>	-1.0000 0.0000 0.0000 0.0000	</row0>
					<row1>	0.0000 1.0000 0.0000 0.0000	</row1>
					<row2>	0.0000 0.0000 -1.0000 0.0000	</row2>
					<row3>	0.0058 0.6688 -0.6773 1.0000	</row3>
				</transform>
			</node>
			<node>
				<identifier>	MP_HM612_Voice_Tube_INDEX_5	</identifier>
				<transform>
					<row0>	1.0000 0.0000 0.0000 0.0000	</row0>
					<row1>	0.0000 1.0000 0.0000 0.0000	</row1>
					<row2>	0.0000 0.0000 1.0000 0.0000	</row2>
					<row3>	-0.0087 0.3297 -1.4183 1.0000	</row3>
				</transform>
			</node>
			<node>
				<identifier>	MP_HM612_Voice_Tube_INDEX_6	</identifier>
				<transform>
					<row0>	1.0000 0.0000 0.0000 0.0000	</row0>
					<row1>	0.0000 1.0000 0.0000 0.0000	</row1>
					<row2>	0.0000 0.0000 1.0000 0.0000	</row2>
					<row3>	0.0381 0.3722 -1.9215 1.0000	</row3>
				</transform>
			</node>
			<node>
				<identifier>	MP_HM612_Voice_Tube_INDEX_7	</identifier>
				<transform>
					<row0>	1.0000 0.0000 0.0000 0.0000	</row0>
					<row1>	0.0000 1.0000 0.0000 0.0000	</row1>
					<row2>	0.0000 0.0000 1.0000 0.0000	</row2>
					<row3>	0.0226 0.3722 -1.9215 1.0000	</row3>
				</transform>
			</node>
			<node>
				<identifier>	MP_HM860_Searchlight_60cm	</identifier>
				<transform>
					<row0>	-1.0000 0.0000 0.0000 0.0000	</row0>
					<row1>	0.0000 1.0000 0.0000 0.0000	</row1>
					<row2>	0.0000 0.0000 -1.0000 0.0000	</row2>
					<row3>	0.0000 0.6681 -1.7823 1.0000	</row3>
				</transform>
			</node>
			<node>
				<identifier>	MP_HM959_Reel	</identifier>
				<transform>
					<row0>	-1.0000 0.0000 0.0000 0.0000	</row0>
					<row1>	0.0000 1.0000 0.0000 0.0000	</row1>
					<row2>	0.0000 0.0000 -1.0000 0.0000	</row2>
					<row3>	-0.0318 0.4716 -1.8743 1.0000	</row3>
				</transform>
			</node>
			<node>
				<identifier>	MP_HM959_Reel_INDEX_1	</identifier>
				<transform>
					<row0>	1.0000 0.0000 0.0000 0.0000	</row0>
					<row1>	0.0000 1.0000 0.0000 0.0000	</row1>
					<row2>	0.0000 0.0000 1.0000 0.0000	</row2>
					<row3>	0.0327 0.4716 -1.8743 1.0000	</row3>
				</transform>
			</node>
		</node>
	</node>
	<boundingBox>
		<min>	-0.0667 -0.0667 -0.0667	</min>
		<max>	0.0667 0.0667 0.0667	</max>
	</boundingBox>
</HSC002_Gelderland_1939_MidBack_ports.visual>
