<ZSD015_Siliwangi_1959_MidBack_ports.visual>
	<node>
		<identifier>	Scene Root	</identifier>
		<transform>
			<row0>	1.0000 0.0000 0.0000 0.0000	</row0>
			<row1>	0.0000 1.0000 0.0000 0.0000	</row1>
			<row2>	0.0000 0.0000 1.0000 0.0000	</row2>
			<row3>	0.0000 0.0000 0.0000 1.0000	</row3>
		</transform>
		<node>
			<identifier>	MidBack_ports	</identifier>
			<transform>
				<row0>	1.0000 0.0000 0.0000 0.0000	</row0>
				<row1>	0.0000 1.0000 0.0000 0.0000	</row1>
				<row2>	0.0000 0.0000 1.0000 0.0000	</row2>
				<row3>	0.0000 0.0000 0.0000 1.0000	</row3>
			</transform>
			<node>
				<identifier>	HP_FX_Death_2	</identifier>
				<transform>
					<row0>	1.0000 0.0000 0.0000 0.0000	</row0>
					<row1>	0.0000 1.0000 0.0000 0.0000	</row1>
					<row2>	0.0000 0.0000 1.0000 0.0000	</row2>
					<row3>	0.0000 0.0000 -0.1473 1.0000	</row3>
				</transform>
			</node>
			<node>
				<identifier>	HP_FX_Death_3	</identifier>
				<transform>
					<row0>	1.0000 0.0000 0.0000 0.0000	</row0>
					<row1>	0.0000 1.0000 0.0000 0.0000	</row1>
					<row2>	0.0000 0.0000 1.0000 0.0000	</row2>
					<row3>	0.0000 0.0000 -2.5400 1.0000	</row3>
				</transform>
			</node>
			<node>
				<identifier>	HP_FX_Fire_3	</identifier>
				<transform>
					<row0>	1.0000 0.0000 0.0000 0.0000	</row0>
					<row1>	0.0000 1.0000 0.0000 0.0000	</row1>
					<row2>	0.0000 0.0000 1.0000 0.0000	</row2>
					<row3>	0.0000 0.3662 -1.6720 1.0000	</row3>
				</transform>
			</node>
			<node>
				<identifier>	HP_FX_Fire_3_side_1	</identifier>
				<transform>
					<row0>	1.0000 0.0000 0.0000 0.0000	</row0>
					<row1>	0.0000 1.0000 0.0000 0.0000	</row1>
					<row2>	0.0000 0.0000 1.0000 0.0000	</row2>
					<row3>	-0.3491 0.3387 -0.2963 1.0000	</row3>
				</transform>
			</node>
			<node>
				<identifier>	HP_FX_Fire_3_side_2	</identifier>
				<transform>
					<row0>	1.0000 0.0000 0.0000 0.0000	</row0>
					<row1>	0.0000 1.0000 0.0000 0.0000	</row1>
					<row2>	0.0000 0.0000 1.0000 0.0000	</row2>
					<row3>	0.2262 0.1554 -2.0304 1.0000	</row3>
				</transform>
			</node>
			<node>
				<identifier>	HP_FX_FloodLight_left_1	</identifier>
				<transform>
					<row0>	-1.0000 0.0000 0.0000 0.0000	</row0>
					<row1>	0.0000 1.0000 0.0000 0.0000	</row1>
					<row2>	0.0000 0.0000 -1.0000 0.0000	</row2>
					<row3>	-0.2391 0.2400 -1.6014 1.0000	</row3>
				</transform>
			</node>
			<node>
				<identifier>	HP_FX_FloodLight_right_1	</identifier>
				<transform>
					<row0>	1.0000 0.0000 0.0000 0.0000	</row0>
					<row1>	0.0000 1.0000 0.0000 0.0000	</row1>
					<row2>	0.0000 0.0000 1.0000 0.0000	</row2>
					<row3>	0.2356 0.2291 -1.5203 1.0000	</row3>
				</transform>
			</node>
			<node>
				<identifier>	HP_FX_Flood_steam_2	</identifier>
				<transform>
					<row0>	1.0000 0.0000 0.0000 0.0000	</row0>
					<row1>	0.0000 1.0000 0.0000 0.0000	</row1>
					<row2>	0.0000 0.0000 1.0000 0.0000	</row2>
					<row3>	-0.0060 0.7354 -0.4846 1.0000	</row3>
				</transform>
			</node>
			<node>
				<identifier>	HP_FX_Flood_steam_right	</identifier>
				<transform>
					<row0>	1.0000 0.0000 0.0000 0.0000	</row0>
					<row1>	0.0000 1.0000 0.0000 0.0000	</row1>
					<row2>	0.0000 0.0000 1.0000 0.0000	</row2>
					<row3>	0.3849 0.1105 -1.8308 1.0000	</row3>
				</transform>
			</node>
			<node>
				<identifier>	HP_FX_Flood_water_left_2	</identifier>
				<transform>
					<row0>	-1.0000 0.0000 0.0000 0.0000	</row0>
					<row1>	0.0000 1.0000 0.0000 0.0000	</row1>
					<row2>	0.0000 0.0000 -1.0000 0.0000	</row2>
					<row3>	-0.3607 0.0294 -2.2423 1.0000	</row3>
				</transform>
			</node>
			<node>
				<identifier>	HP_FX_Flood_water_right_2	</identifier>
				<transform>
					<row0>	1.0000 0.0000 0.0000 0.0000	</row0>
					<row1>	0.0000 1.0000 0.0000 0.0000	</row1>
					<row2>	0.0000 0.0000 1.0000 0.0000	</row2>
					<row3>	0.3606 0.0288 -2.2422 1.0000	</row3>
				</transform>
			</node>
			<node>
				<identifier>	HP_FX_Smoke_3	</identifier>
				<transform>
					<row0>	1.0000 0.0000 0.0000 0.0000	</row0>
					<row1>	0.0000 0.9735 -0.2287 0.0000	</row1>
					<row2>	0.0000 0.2287 0.9735 0.0000	</row2>
					<row3>	0.0000 0.6544 -0.6206 1.0000	</row3>
				</transform>
			</node>
			<node>
				<identifier>	HP_FX_Smoke_4	</identifier>
				<transform>
					<row0>	1.0000 0.0000 0.0000 0.0000	</row0>
					<row1>	0.0000 0.9693 -0.2458 0.0000	</row1>
					<row2>	0.0000 0.2458 0.9693 0.0000	</row2>
					<row3>	0.0000 0.6126 -0.7121 1.0000	</row3>
				</transform>
			</node>
			<node>
				<identifier>	HP_ZD_5	</identifier>
				<transform>
					<row0>	1.0000 0.0000 0.0000 0.0000	</row0>
					<row1>	0.0000 1.0000 0.0000 0.0000	</row1>
					<row2>	0.0000 0.0000 1.0000 0.0000	</row2>
					<row3>	0.0000 0.3958 0.0144 1.0000	</row3>
				</transform>
			</node>
			<node>
				<identifier>	HP_ZF_2	</identifier>
				<transform>
					<row0>	-1.0000 0.0000 0.0000 0.0000	</row0>
					<row1>	0.0000 1.0000 0.0000 0.0000	</row1>
					<row2>	0.0000 0.0000 -1.0000 0.0000	</row2>
					<row3>	0.0000 0.4189 -1.5452 1.0000	</row3>
				</transform>
			</node>
			<node>
				<identifier>	HP_ZGA_3	</identifier>
				<transform>
					<row0>	-0.7071 0.0000 0.7071 0.0000	</row0>
					<row1>	0.0000 1.0000 0.0000 0.0000	</row1>
					<row2>	-0.7071 0.0000 -0.7071 0.0000	</row2>
					<row3>	-0.1512 0.3372 -1.7234 1.0000	</row3>
				</transform>
			</node>
			<node>
				<identifier>	HP_ZGA_4	</identifier>
				<transform>
					<row0>	-0.7071 0.0000 -0.7071 0.0000	</row0>
					<row1>	0.0000 1.0000 0.0000 0.0000	</row1>
					<row2>	0.7071 0.0000 -0.7071 0.0000	</row2>
					<row3>	0.1512 0.3372 -1.7234 1.0000	</row3>
				</transform>
			</node>
			<node>
				<identifier>	HP_ZGA_5	</identifier>
				<transform>
					<row0>	-1.0000 0.0000 0.0000 0.0000	</row0>
					<row1>	0.0000 1.0000 0.0000 0.0000	</row1>
					<row2>	0.0000 0.0000 -1.0000 0.0000	</row2>
					<row3>	0.0000 0.3415 -2.0493 1.0000	</row3>
				</transform>
			</node>
			<node>
				<identifier>	HP_ZGM_2	</identifier>
				<transform>
					<row0>	-1.0000 0.0000 0.0000 0.0000	</row0>
					<row1>	0.0000 1.0000 0.0000 0.0000	</row1>
					<row2>	0.0000 0.0000 -1.0000 0.0000	</row2>
					<row3>	0.0000 0.1845 -2.6204 1.0000	</row3>
				</transform>
			</node>
			<node>
				<identifier>	HP_ZGT_2	</identifier>
				<transform>
					<row0>	1.0000 0.0000 0.0000 0.0000	</row0>
					<row1>	0.0000 1.0000 0.0000 0.0000	</row1>
					<row2>	0.0000 0.0000 1.0000 0.0000	</row2>
					<row3>	0.0000 0.2029 -1.1315 1.0000	</row3>
				</transform>
			</node>
			<node>
				<identifier>	HP_ZRS_3	</identifier>
				<transform>
					<row0>	1.0000 0.0000 0.0000 0.0000	</row0>
					<row1>	0.0000 1.0000 0.0000 0.0000	</row1>
					<row2>	0.0000 0.0000 1.0000 0.0000	</row2>
					<row3>	0.0000 1.0391 -0.2781 1.0000	</row3>
				</transform>
			</node>
			<node>
				<identifier>	HP_flag_courtesy	</identifier>
				<transform>
					<row0>	0.9964 0.0845 0.0108 0.0000	</row0>
					<row1>	-0.0845 0.9643 0.2511 0.0000	</row1>
					<row2>	0.0108 -0.2511 0.9679 0.0000	</row2>
					<row3>	0.1657 0.8813 -0.2989 1.0000	</row3>
				</transform>
			</node>
			<node>
				<identifier>	HP_flag_house	</identifier>
				<transform>
					<row0>	0.9964 -0.0845 -0.0108 0.0000	</row0>
					<row1>	0.0845 0.9643 0.2511 0.0000	</row1>
					<row2>	-0.0108 -0.2511 0.9679 0.0000	</row2>
					<row3>	-0.1657 0.8813 -0.2989 1.0000	</row3>
				</transform>
			</node>
			<node>
				<identifier>	HP_flag_nation	</identifier>
				<transform>
					<row0>	0.9986 0.0524 0.0032 0.0000	</row0>
					<row1>	-0.0524 0.9911 0.1224 0.0000	</row1>
					<row2>	0.0032 -0.1224 0.9925 0.0000	</row2>
					<row3>	0.0006 1.1020 -0.3705 1.0000	</row3>
				</transform>
			</node>
			<node>
				<identifier>	MP_CM011_Fire_Fighting_Gear	</identifier>
				<transform>
					<row0>	0.0000 0.0000 -1.0000 0.0000	</row0>
					<row1>	0.0000 1.0000 0.0000 0.0000	</row1>
					<row2>	1.0000 0.0000 0.0000 0.0000	</row2>
					<row3>	0.0260 0.1708 -3.3529 1.0000	</row3>
				</transform>
			</node>
			<node>
				<identifier>	MP_CM011_Fire_Fighting_Gear_INDEX_1	</identifier>
				<transform>
					<row0>	0.0000 0.0000 1.0000 0.0000	</row0>
					<row1>	0.0000 1.0000 0.0000 0.0000	</row1>
					<row2>	-1.0000 0.0000 0.0000 0.0000	</row2>
					<row3>	0.2085 0.1537 -0.7562 1.0000	</row3>
				</transform>
			</node>
			<node>
				<identifier>	MP_CM011_Fire_Fighting_Gear_INDEX_2	</identifier>
				<transform>
					<row0>	0.3420 0.0000 -0.9397 0.0000	</row0>
					<row1>	0.0000 1.0000 0.0000 0.0000	</row1>
					<row2>	0.9397 0.0000 0.3420 0.0000	</row2>
					<row3>	-0.2224 0.1558 -1.9756 1.0000	</row3>
				</transform>
			</node>
			<node>
				<identifier>	MP_CM011_Fire_Fighting_Gear_INDEX_3	</identifier>
				<transform>
					<row0>	0.0000 0.0000 -1.0000 0.0000	</row0>
					<row1>	0.0000 1.0000 0.0000 0.0000	</row1>
					<row2>	1.0000 0.0000 0.0000 0.0000	</row2>
					<row3>	-0.0078 0.1607 -2.8518 1.0000	</row3>
				</transform>
			</node>
			<node>
				<identifier>	MP_CM011_Fire_Fighting_Gear_INDEX_4	</identifier>
				<transform>
					<row0>	0.0000 0.0000 -1.0000 0.0000	</row0>
					<row1>	0.0000 1.0000 0.0000 0.0000	</row1>
					<row2>	1.0000 0.0000 0.0000 0.0000	</row2>
					<row3>	-0.2085 0.1537 -0.7562 1.0000	</row3>
				</transform>
			</node>
			<node>
				<identifier>	MP_CM011_Fire_Fighting_Gear_INDEX_5	</identifier>
				<transform>
					<row0>	0.3420 0.0000 0.9397 0.0000	</row0>
					<row1>	0.0000 1.0000 0.0000 0.0000	</row1>
					<row2>	-0.9397 0.0000 0.3420 0.0000	</row2>
					<row3>	0.2224 0.1558 -1.9756 1.0000	</row3>
				</transform>
			</node>
			<node>
				<identifier>	MP_CM011_Fire_Fighting_Gear_INDEX_6	</identifier>
				<transform>
					<row0>	0.0000 0.0000 -1.0000 0.0000	</row0>
					<row1>	0.0000 1.0000 0.0000 0.0000	</row1>
					<row2>	1.0000 0.0000 0.0000 0.0000	</row2>
					<row3>	-0.0484 0.3735 -0.2702 1.0000	</row3>
				</transform>
			</node>
			<node>
				<identifier>	MP_CM011_Fire_Fighting_Gear_INDEX_7	</identifier>
				<transform>
					<row0>	-0.8192 0.0000 -0.5736 0.0000	</row0>
					<row1>	0.0000 1.0000 0.0000 0.0000	</row1>
					<row2>	0.5736 0.0000 -0.8192 0.0000	</row2>
					<row3>	-0.1574 0.1538 0.0037 1.0000	</row3>
				</transform>
			</node>
			<node>
				<identifier>	MP_CM011_Fire_Fighting_Gear_INDEX_8	</identifier>
				<transform>
					<row0>	-0.8192 0.0000 0.5736 0.0000	</row0>
					<row1>	0.0000 1.0000 0.0000 0.0000	</row1>
					<row2>	-0.5736 0.0000 -0.8192 0.0000	</row2>
					<row3>	0.1574 0.1538 0.0037 1.0000	</row3>
				</transform>
			</node>
			<node>
				<identifier>	MP_CM014_Fuel_Oil_Hose	</identifier>
				<transform>
					<row0>	0.0000 1.0000 0.0000 0.0000	</row0>
					<row1>	1.0000 0.0000 0.0000 0.0000	</row1>
					<row2>	0.0000 0.0000 -1.0000 0.0000	</row2>
					<row3>	0.3141 0.2883 -0.5044 1.0000	</row3>
				</transform>
			</node>
			<node>
				<identifier>	MP_CM014_Fuel_Oil_Hose_INDEX_1	</identifier>
				<transform>
					<row0>	0.0000 1.0000 0.0000 0.0000	</row0>
					<row1>	1.0000 0.0000 0.0000 0.0000	</row1>
					<row2>	0.0000 0.0000 -1.0000 0.0000	</row2>
					<row3>	0.2883 0.2883 -0.5044 1.0000	</row3>
				</transform>
			</node>
			<node>
				<identifier>	MP_CM014_Fuel_Oil_Hose_INDEX_2	</identifier>
				<transform>
					<row0>	0.0000 1.0000 0.0000 0.0000	</row0>
					<row1>	-1.0000 0.0000 0.0000 0.0000	</row1>
					<row2>	0.0000 0.0000 1.0000 0.0000	</row2>
					<row3>	-0.3141 0.2883 -0.5044 1.0000	</row3>
				</transform>
			</node>
			<node>
				<identifier>	MP_CM014_Fuel_Oil_Hose_INDEX_3	</identifier>
				<transform>
					<row0>	0.0000 1.0000 0.0000 0.0000	</row0>
					<row1>	-1.0000 0.0000 0.0000 0.0000	</row1>
					<row2>	0.0000 0.0000 1.0000 0.0000	</row2>
					<row3>	-0.2883 0.2883 -0.5044 1.0000	</row3>
				</transform>
			</node>
			<node>
				<identifier>	MP_CM029_Emergency_Box	</identifier>
				<transform>
					<row0>	0.0000 0.0000 1.0000 0.0000	</row0>
					<row1>	0.0000 1.0000 0.0000 0.0000	</row1>
					<row2>	-1.0000 0.0000 0.0000 0.0000	</row2>
					<row3>	0.2070 0.3606 -0.6156 1.0000	</row3>
				</transform>
			</node>
			<node>
				<identifier>	MP_CM029_Emergency_Box_INDEX_1	</identifier>
				<transform>
					<row0>	0.0000 0.0000 -1.0000 0.0000	</row0>
					<row1>	0.0000 1.0000 0.0000 0.0000	</row1>
					<row2>	1.0000 0.0000 0.0000 0.0000	</row2>
					<row3>	-0.2070 0.3606 -0.5932 1.0000	</row3>
				</transform>
			</node>
			<node>
				<identifier>	MP_CM029_Emergency_Box_INDEX_2	</identifier>
				<transform>
					<row0>	-0.0872 0.0000 -0.9962 0.0000	</row0>
					<row1>	0.0000 1.0000 0.0000 0.0000	</row1>
					<row2>	0.9962 0.0000 -0.0872 0.0000	</row2>
					<row3>	-0.0621 0.3750 -1.5367 1.0000	</row3>
				</transform>
			</node>
			<node>
				<identifier>	MP_CM029_Emergency_Box_INDEX_3	</identifier>
				<transform>
					<row0>	0.0000 0.0000 -1.0000 0.0000	</row0>
					<row1>	0.0000 1.0000 0.0000 0.0000	</row1>
					<row2>	1.0000 0.0000 0.0000 0.0000	</row2>
					<row3>	-0.2068 0.2169 -0.6671 1.0000	</row3>
				</transform>
			</node>
			<node>
				<identifier>	MP_CM029_Emergency_Box_INDEX_4	</identifier>
				<transform>
					<row0>	0.2983 0.0000 0.9545 0.0000	</row0>
					<row1>	0.0000 1.0000 0.0000 0.0000	</row1>
					<row2>	-0.9545 0.0000 0.2983 0.0000	</row2>
					<row3>	0.1987 0.2417 -2.0516 1.0000	</row3>
				</transform>
			</node>
			<node>
				<identifier>	MP_CM029_Emergency_Box_INDEX_5	</identifier>
				<transform>
					<row0>	0.2983 0.0000 -0.9545 0.0000	</row0>
					<row1>	0.0000 1.0000 0.0000 0.0000	</row1>
					<row2>	0.9545 0.0000 0.2983 0.0000	</row2>
					<row3>	-0.1987 0.2417 -2.0516 1.0000	</row3>
				</transform>
			</node>
			<node>
				<identifier>	MP_CM029_Emergency_Box_INDEX_6	</identifier>
				<transform>
					<row0>	0.0000 0.0000 -1.0000 0.0000	</row0>
					<row1>	0.0000 1.0000 0.0000 0.0000	</row1>
					<row2>	1.0000 0.0000 0.0000 0.0000	</row2>
					<row3>	0.1883 0.4095 -0.2517 1.0000	</row3>
				</transform>
			</node>
			<node>
				<identifier>	MP_CM029_Emergency_Box_INDEX_7	</identifier>
				<transform>
					<row0>	0.0000 0.0000 1.0000 0.0000	</row0>
					<row1>	0.0000 1.0000 0.0000 0.0000	</row1>
					<row2>	-1.0000 0.0000 0.0000 0.0000	</row2>
					<row3>	-0.1883 0.4095 -0.3315 1.0000	</row3>
				</transform>
			</node>
			<node>
				<identifier>	MP_CM029_Emergency_Box_INDEX_8	</identifier>
				<transform>
					<row0>	0.0000 0.0000 1.0000 0.0000	</row0>
					<row1>	0.0000 1.0000 0.0000 0.0000	</row1>
					<row2>	-1.0000 0.0000 0.0000 0.0000	</row2>
					<row3>	0.2068 0.2169 -0.5808 1.0000	</row3>
				</transform>
			</node>
			<node>
				<identifier>	MP_CM030_Swab_Rack_2	</identifier>
				<transform>
					<row0>	0.0000 0.0000 1.0000 0.0000	</row0>
					<row1>	0.0000 1.0000 0.0000 0.0000	</row1>
					<row2>	-1.0000 0.0000 0.0000 0.0000	</row2>
					<row3>	-0.2004 0.1532 -0.5813 1.0000	</row3>
				</transform>
			</node>
			<node>
				<identifier>	MP_CM079_Fender	</identifier>
				<transform>
					<row0>	0.0094 -0.4435 -0.0258 0.0000	</row0>
					<row1>	-0.4175 0.0000 -0.1519 0.0000	</row1>
					<row2>	0.1516 0.0274 -0.4167 0.0000	</row2>
					<row3>	-0.2285 0.1751 -1.9943 1.0000	</row3>
				</transform>
			</node>
			<node>
				<identifier>	MP_CM079_Fender_INDEX_1	</identifier>
				<transform>
					<row0>	-0.0094 0.4435 -0.0258 0.0000	</row0>
					<row1>	-0.4175 0.0000 0.1520 0.0000	</row1>
					<row2>	0.1517 0.0274 0.4167 0.0000	</row2>
					<row3>	0.2106 0.1753 -2.0434 1.0000	</row3>
				</transform>
			</node>
			<node>
				<identifier>	MP_CM079_Fender_INDEX_2	</identifier>
				<transform>
					<row0>	-0.0094 -0.4435 0.0258 0.0000	</row0>
					<row1>	0.4175 0.0000 0.1520 0.0000	</row1>
					<row2>	-0.1517 0.0274 0.4167 0.0000	</row2>
					<row3>	-0.2106 0.1753 -2.0434 1.0000	</row3>
				</transform>
			</node>
			<node>
				<identifier>	MP_CM079_Fender_INDEX_3	</identifier>
				<transform>
					<row0>	0.0094 0.4435 0.0258 0.0000	</row0>
					<row1>	0.4175 0.0000 -0.1519 0.0000	</row1>
					<row2>	-0.1516 0.0274 -0.4167 0.0000	</row2>
					<row3>	0.2285 0.1751 -1.9943 1.0000	</row3>
				</transform>
			</node>
			<node>
				<identifier>	MP_CM094_Propeller3_L	</identifier>
				<transform>
					<row0>	0.5444 0.1075 -0.0103 0.0000	</row0>
					<row1>	-0.1079 0.5439 -0.0238 0.0000	</row1>
					<row2>	0.0055 0.0253 0.5544 0.0000	</row2>
					<row3>	-0.1869 -0.2272 -3.3692 1.0000	</row3>
				</transform>
			</node>
			<node>
				<identifier>	MP_CM095_Propeller3_R	</identifier>
				<transform>
					<row0>	0.5444 -0.1075 0.0103 0.0000	</row0>
					<row1>	0.1079 0.5439 -0.0238 0.0000	</row1>
					<row2>	-0.0055 0.0253 0.5544 0.0000	</row2>
					<row3>	0.1869 -0.2272 -3.3692 1.0000	</row3>
				</transform>
			</node>
			<node>
				<identifier>	MP_CM109_Leadsman_Platform	</identifier>
				<transform>
					<row0>	0.0000 -1.1227 0.0000 0.0000	</row0>
					<row1>	1.1225 0.0000 0.0209 0.0000	</row1>
					<row2>	-0.0209 0.0000 1.1225 0.0000	</row2>
					<row3>	-0.3843 0.1584 -1.6905 1.0000	</row3>
				</transform>
			</node>
			<node>
				<identifier>	MP_CM109_Leadsman_Platform_INDEX_1	</identifier>
				<transform>
					<row0>	0.0000 -1.1227 0.0000 0.0000	</row0>
					<row1>	-1.1223 0.0000 0.0276 0.0000	</row1>
					<row2>	-0.0276 0.0000 -1.1223 0.0000	</row2>
					<row3>	0.3843 0.1584 -1.6905 1.0000	</row3>
				</transform>
			</node>
			<node>
				<identifier>	MP_RM059_Fairlead	</identifier>
				<transform>
					<row0>	0.8417 0.0000 0.0448 0.0000	</row0>
					<row1>	-0.0011 0.8426 0.0208 0.0000	</row1>
					<row2>	-0.0448 -0.0208 0.8414 0.0000	</row2>
					<row3>	-0.3068 0.1689 -3.2980 1.0000	</row3>
				</transform>
			</node>
			<node>
				<identifier>	MP_RM059_Fairlead_INDEX_1	</identifier>
				<transform>
					<row0>	0.8417 0.0000 -0.0448 0.0000	</row0>
					<row1>	0.0011 0.8426 0.0208 0.0000	</row1>
					<row2>	0.0448 -0.0208 0.8414 0.0000	</row2>
					<row3>	0.3068 0.1689 -3.2980 1.0000	</row3>
				</transform>
			</node>
			<node>
				<identifier>	MP_RM140_Alarm_Tool	</identifier>
				<transform>
					<row0>	1.0000 0.0000 0.0000 0.0000	</row0>
					<row1>	0.0000 1.0000 0.0000 0.0000	</row1>
					<row2>	0.0000 0.0000 1.0000 0.0000	</row2>
					<row3>	-0.0279 0.4504 -0.2758 1.0000	</row3>
				</transform>
			</node>
			<node>
				<identifier>	MP_RM140_Alarm_Tool_INDEX_1	</identifier>
				<transform>
					<row0>	-1.0000 0.0000 0.0000 0.0000	</row0>
					<row1>	0.0000 1.0000 0.0000 0.0000	</row1>
					<row2>	0.0000 0.0000 -1.0000 0.0000	</row2>
					<row3>	0.0000 0.2635 -2.3464 1.0000	</row3>
				</transform>
			</node>
			<node>
				<identifier>	MP_RM194_Magnetic_Compass	</identifier>
				<transform>
					<row0>	-1.0000 0.0000 0.0000 0.0000	</row0>
					<row1>	0.0000 1.0000 0.0000 0.0000	</row1>
					<row2>	0.0000 0.0000 -1.0000 0.0000	</row2>
					<row3>	0.1149 0.3727 -0.1157 1.0000	</row3>
				</transform>
			</node>
			<node>
				<identifier>	MP_RM227_Fire_control_station	</identifier>
				<transform>
					<row0>	0.0000 0.0000 -1.0000 0.0000	</row0>
					<row1>	0.0000 1.0000 0.0000 0.0000	</row1>
					<row2>	1.0000 0.0000 0.0000 0.0000	</row2>
					<row3>	-0.0850 0.4195 -0.0369 1.0000	</row3>
				</transform>
			</node>
			<node>
				<identifier>	MP_RM227_Fire_control_station_INDEX_1	</identifier>
				<transform>
					<row0>	0.0000 0.0000 1.0000 0.0000	</row0>
					<row1>	0.0000 1.0000 0.0000 0.0000	</row1>
					<row2>	-1.0000 0.0000 0.0000 0.0000	</row2>
					<row3>	0.0850 0.4195 -0.0369 1.0000	</row3>
				</transform>
			</node>
			<node>
				<identifier>	MP_RM227_Fire_control_station_INDEX_2	</identifier>
				<transform>
					<row0>	0.0000 0.0000 -1.0000 0.0000	</row0>
					<row1>	0.0000 1.0000 0.0000 0.0000	</row1>
					<row2>	1.0000 0.0000 0.0000 0.0000	</row2>
					<row3>	-0.1951 0.4268 -0.2529 1.0000	</row3>
				</transform>
			</node>
			<node>
				<identifier>	MP_RM231_Provisions_TA	</identifier>
				<transform>
					<row0>	-1.0000 0.0000 0.0000 0.0000	</row0>
					<row1>	0.0000 1.0000 0.0000 0.0000	</row1>
					<row2>	0.0000 0.0000 -1.0000 0.0000	</row2>
					<row3>	-0.0097 0.4289 -0.2796 1.0000	</row3>
				</transform>
			</node>
			<node>
				<identifier>	MP_RM231_Provisions_TA_INDEX_1	</identifier>
				<transform>
					<row0>	-1.0000 0.0000 0.0000 0.0000	</row0>
					<row1>	0.0000 1.0000 0.0000 0.0000	</row1>
					<row2>	0.0000 0.0000 -1.0000 0.0000	</row2>
					<row3>	-0.0097 0.4176 -0.2796 1.0000	</row3>
				</transform>
			</node>
			<node>
				<identifier>	MP_RM232_Switch_TA	</identifier>
				<transform>
					<row0>	0.0000 0.0000 -1.0000 0.0000	</row0>
					<row1>	0.0000 1.0000 0.0000 0.0000	</row1>
					<row2>	1.0000 0.0000 0.0000 0.0000	</row2>
					<row3>	-0.1952 0.4090 -0.2529 1.0000	</row3>
				</transform>
			</node>
			<node>
				<identifier>	MP_RM232_Switch_TA_INDEX_1	</identifier>
				<transform>
					<row0>	0.0000 0.0000 -1.0000 0.0000	</row0>
					<row1>	0.0000 1.0000 0.0000 0.0000	</row1>
					<row2>	1.0000 0.0000 0.0000 0.0000	</row2>
					<row3>	-0.0787 0.4429 0.0093 1.0000	</row3>
				</transform>
			</node>
			<node>
				<identifier>	MP_RM232_Switch_TA_INDEX_2	</identifier>
				<transform>
					<row0>	0.0000 0.0000 1.0000 0.0000	</row0>
					<row1>	0.0000 1.0000 0.0000 0.0000	</row1>
					<row2>	-1.0000 0.0000 0.0000 0.0000	</row2>
					<row3>	0.0787 0.4429 0.0093 1.0000	</row3>
				</transform>
			</node>
			<node>
				<identifier>	MP_RM232_Switch_TA_INDEX_3	</identifier>
				<transform>
					<row0>	-1.0000 0.0000 0.0000 0.0000	</row0>
					<row1>	0.0000 1.0000 0.0000 0.0000	</row1>
					<row2>	0.0000 0.0000 -1.0000 0.0000	</row2>
					<row3>	0.0237 0.4461 -0.2796 1.0000	</row3>
				</transform>
			</node>
			<node>
				<identifier>	MP_RM232_Switch_TA_INDEX_4	</identifier>
				<transform>
					<row0>	-1.0000 0.0000 0.0000 0.0000	</row0>
					<row1>	0.0000 1.0000 0.0000 0.0000	</row1>
					<row2>	0.0000 0.0000 -1.0000 0.0000	</row2>
					<row3>	0.0237 0.4289 -0.2796 1.0000	</row3>
				</transform>
			</node>
			<node>
				<identifier>	MP_RM232_Switch_TA_INDEX_5	</identifier>
				<transform>
					<row0>	-1.0000 0.0000 0.0000 0.0000	</row0>
					<row1>	0.0000 1.0000 0.0000 0.0000	</row1>
					<row2>	0.0000 0.0000 -1.0000 0.0000	</row2>
					<row3>	-0.0073 0.4637 -0.2794 1.0000	</row3>
				</transform>
			</node>
			<node>
				<identifier>	MP_RM252_Belomor	</identifier>
				<transform>
					<row0>	1.0000 0.0000 0.0000 0.0000	</row0>
					<row1>	0.0000 1.0000 0.0000 0.0000	</row1>
					<row2>	0.0000 0.0000 1.0000 0.0000	</row2>
					<row3>	0.3802 0.2543 -0.4464 1.0000	</row3>
				</transform>
			</node>
			<node>
				<identifier>	MP_RM252_Belomor_INDEX_1	</identifier>
				<transform>
					<row0>	0.5000 0.0000 -0.8660 0.0000	</row0>
					<row1>	0.0000 1.0000 0.0000 0.0000	</row1>
					<row2>	0.8660 0.0000 0.5000 0.0000	</row2>
					<row3>	0.3842 0.2543 -0.4369 1.0000	</row3>
				</transform>
			</node>
			<node>
				<identifier>	MP_RM271_Lifeboat_SPS18	</identifier>
				<transform>
					<row0>	-0.9060 0.4234 0.0000 0.0000	</row0>
					<row1>	0.4234 0.9060 0.0000 0.0000	</row1>
					<row2>	0.0000 0.0000 -1.0000 0.0000	</row2>
					<row3>	0.3387 0.3056 -0.2957 1.0000	</row3>
				</transform>
			</node>
			<node>
				<identifier>	MP_RM271_Lifeboat_SPS18_INDEX_1	</identifier>
				<transform>
					<row0>	-0.9060 -0.4234 0.0000 0.0000	</row0>
					<row1>	-0.4234 0.9060 0.0000 0.0000	</row1>
					<row2>	0.0000 0.0000 -1.0000 0.0000	</row2>
					<row3>	-0.3194 0.3053 -1.7008 1.0000	</row3>
				</transform>
			</node>
			<node>
				<identifier>	MP_RM271_Lifeboat_SPS18_INDEX_2	</identifier>
				<transform>
					<row0>	-0.9060 -0.4234 0.0000 0.0000	</row0>
					<row1>	-0.4234 0.9060 0.0000 0.0000	</row1>
					<row2>	0.0000 0.0000 -1.0000 0.0000	</row2>
					<row3>	-0.3387 0.3056 -0.2957 1.0000	</row3>
				</transform>
			</node>
			<node>
				<identifier>	MP_RM271_Lifeboat_SPS18_INDEX_3	</identifier>
				<transform>
					<row0>	-0.9060 0.4234 0.0000 0.0000	</row0>
					<row1>	0.4234 0.9060 0.0000 0.0000	</row1>
					<row2>	0.0000 0.0000 -1.0000 0.0000	</row2>
					<row3>	0.3194 0.3053 -1.7008 1.0000	</row3>
				</transform>
			</node>
			<node>
				<identifier>	MP_RM316_Sbomb_MDSH	</identifier>
				<transform>
					<row0>	0.0812 0.0000 -0.9967 0.0000	</row0>
					<row1>	0.0000 1.0000 0.0000 0.0000	</row1>
					<row2>	0.9967 0.0000 0.0812 0.0000	</row2>
					<row3>	0.0815 0.1925 -3.9462 1.0000	</row3>
				</transform>
			</node>
			<node>
				<identifier>	MP_RM316_Sbomb_MDSH_INDEX_1	</identifier>
				<transform>
					<row0>	-0.0812 0.0000 0.9967 0.0000	</row0>
					<row1>	0.0000 1.0000 0.0000 0.0000	</row1>
					<row2>	-0.9967 0.0000 -0.0812 0.0000	</row2>
					<row3>	0.1093 0.1925 -3.9439 1.0000	</row3>
				</transform>
			</node>
			<node>
				<identifier>	MP_RM316_Sbomb_MDSH_INDEX_2	</identifier>
				<transform>
					<row0>	-0.9967 0.0000 0.0812 0.0000	</row0>
					<row1>	0.0000 1.0000 0.0000 0.0000	</row1>
					<row2>	-0.0812 0.0000 -0.9967 0.0000	</row2>
					<row3>	-0.0538 0.1925 -3.9485 1.0000	</row3>
				</transform>
			</node>
			<node>
				<identifier>	MP_RM316_Sbomb_MDSH_INDEX_3	</identifier>
				<transform>
					<row0>	-0.0812 0.0000 -0.9967 0.0000	</row0>
					<row1>	0.0000 1.0000 0.0000 0.0000	</row1>
					<row2>	0.9967 0.0000 -0.0812 0.0000	</row2>
					<row3>	-0.1093 0.1925 -3.9439 1.0000	</row3>
				</transform>
			</node>
			<node>
				<identifier>	MP_RM316_Sbomb_MDSH_INDEX_4	</identifier>
				<transform>
					<row0>	-0.9967 0.0000 -0.0812 0.0000	</row0>
					<row1>	0.0000 1.0000 0.0000 0.0000	</row1>
					<row2>	0.0812 0.0000 -0.9967 0.0000	</row2>
					<row3>	0.0538 0.1925 -3.9485 1.0000	</row3>
				</transform>
			</node>
			<node>
				<identifier>	MP_RM316_Sbomb_MDSH_INDEX_5	</identifier>
				<transform>
					<row0>	0.0812 0.0000 0.9967 0.0000	</row0>
					<row1>	0.0000 1.0000 0.0000 0.0000	</row1>
					<row2>	-0.9967 0.0000 0.0812 0.0000	</row2>
					<row3>	-0.0815 0.1925 -3.9462 1.0000	</row3>
				</transform>
			</node>
			<node>
				<identifier>	MP_ZM002_Reel	</identifier>
				<transform>
					<row0>	-0.0044 0.5996 -0.0014 0.0000	</row0>
					<row1>	0.5726 0.0046 0.1779 0.0000	</row1>
					<row2>	0.1779 0.0000 -0.5726 0.0000	</row2>
					<row3>	-0.1540 0.2020 -2.1694 1.0000	</row3>
				</transform>
			</node>
			<node>
				<identifier>	MP_ZM002_Reel_INDEX_1	</identifier>
				<transform>
					<row0>	-0.0044 -0.5996 0.0014 0.0000	</row0>
					<row1>	-0.5726 0.0046 0.1779 0.0000	</row1>
					<row2>	-0.1779 0.0000 -0.5726 0.0000	</row2>
					<row3>	0.1540 0.2020 -2.1694 1.0000	</row3>
				</transform>
			</node>
			<node>
				<identifier>	MP_ZM002_Reel_INDEX_2	</identifier>
				<transform>
					<row0>	0.0000 0.4429 -0.1846 0.0000	</row0>
					<row1>	0.0000 -0.1846 -0.4429 0.0000	</row1>
					<row2>	-0.5819 0.0000 0.0000 0.0000	</row2>
					<row3>	0.0664 0.2278 -3.3087 1.0000	</row3>
				</transform>
			</node>
			<node>
				<identifier>	MP_ZM002_Reel_INDEX_3	</identifier>
				<transform>
					<row0>	0.0000 0.0000 0.5607 0.0000	</row0>
					<row1>	0.0000 -0.5607 0.0000 0.0000	</row1>
					<row2>	0.5607 0.0000 0.0000 0.0000	</row2>
					<row3>	-0.0886 0.1698 -3.3574 1.0000	</row3>
				</transform>
			</node>
			<node>
				<identifier>	MP_ZM007_Fire_Hose_Rack_box	</identifier>
				<transform>
					<row0>	0.0000 0.0000 -1.0000 0.0000	</row0>
					<row1>	0.0000 1.0000 0.0000 0.0000	</row1>
					<row2>	1.0000 0.0000 0.0000 0.0000	</row2>
					<row3>	0.1007 0.2447 -3.3754 1.0000	</row3>
				</transform>
			</node>
			<node>
				<identifier>	MP_ZM007_Fire_Hose_Rack_box_INDEX_1	</identifier>
				<transform>
					<row0>	0.0962 0.0000 0.9954 0.0000	</row0>
					<row1>	0.0000 1.0000 0.0000 0.0000	</row1>
					<row2>	-0.9954 0.0000 0.0962 0.0000	</row2>
					<row3>	0.0341 0.2058 -3.3269 1.0000	</row3>
				</transform>
			</node>
			<node>
				<identifier>	MP_ZM007_Fire_Hose_Rack_box_INDEX_10	</identifier>
				<transform>
					<row0>	0.0000 0.0000 -1.0000 0.0000	</row0>
					<row1>	0.0000 1.0000 0.0000 0.0000	</row1>
					<row2>	1.0000 0.0000 0.0000 0.0000	</row2>
					<row3>	0.2013 0.2245 -0.6483 1.0000	</row3>
				</transform>
			</node>
			<node>
				<identifier>	MP_ZM007_Fire_Hose_Rack_box_INDEX_2	</identifier>
				<transform>
					<row0>	1.0000 0.0000 0.0000 0.0000	</row0>
					<row1>	0.0000 1.0000 0.0000 0.0000	</row1>
					<row2>	0.0000 0.0000 1.0000 0.0000	</row2>
					<row3>	-0.0292 0.4228 -0.2768 1.0000	</row3>
				</transform>
			</node>
			<node>
				<identifier>	MP_ZM007_Fire_Hose_Rack_box_INDEX_3	</identifier>
				<transform>
					<row0>	0.0000 0.0000 1.0000 0.0000	</row0>
					<row1>	0.0000 1.0000 0.0000 0.0000	</row1>
					<row2>	-1.0000 0.0000 0.0000 0.0000	</row2>
					<row3>	-0.2013 0.2245 -0.7144 1.0000	</row3>
				</transform>
			</node>
			<node>
				<identifier>	MP_ZM007_Fire_Hose_Rack_box_INDEX_4	</identifier>
				<transform>
					<row0>	0.0962 0.0000 -0.9954 0.0000	</row0>
					<row1>	0.0000 1.0000 0.0000 0.0000	</row1>
					<row2>	0.9954 0.0000 0.0962 0.0000	</row2>
					<row3>	0.0991 0.2204 -3.3284 1.0000	</row3>
				</transform>
			</node>
			<node>
				<identifier>	MP_ZM007_Fire_Hose_Rack_box_INDEX_5	</identifier>
				<transform>
					<row0>	1.0000 0.0000 0.0000 0.0000	</row0>
					<row1>	0.0000 1.0000 0.0000 0.0000	</row1>
					<row2>	0.0000 0.0000 1.0000 0.0000	</row2>
					<row3>	-0.1128 0.2042 0.0089 1.0000	</row3>
				</transform>
			</node>
			<node>
				<identifier>	MP_ZM007_Fire_Hose_Rack_box_INDEX_6	</identifier>
				<transform>
					<row0>	-0.2983 0.0000 -0.9545 0.0000	</row0>
					<row1>	0.0000 1.0000 0.0000 0.0000	</row1>
					<row2>	0.9545 0.0000 -0.2983 0.0000	</row2>
					<row3>	0.2035 0.2286 -2.0147 1.0000	</row3>
				</transform>
			</node>
			<node>
				<identifier>	MP_ZM007_Fire_Hose_Rack_box_INDEX_7	</identifier>
				<transform>
					<row0>	-0.2983 0.0000 0.9545 0.0000	</row0>
					<row1>	0.0000 1.0000 0.0000 0.0000	</row1>
					<row2>	-0.9545 0.0000 -0.2983 0.0000	</row2>
					<row3>	-0.2092 0.2286 -1.9964 1.0000	</row3>
				</transform>
			</node>
			<node>
				<identifier>	MP_ZM007_Fire_Hose_Rack_box_INDEX_8	</identifier>
				<transform>
					<row0>	1.0000 0.0000 0.0000 0.0000	</row0>
					<row1>	0.0000 0.9214 -0.3885 0.0000	</row1>
					<row2>	0.0000 0.3885 0.9214 0.0000	</row2>
					<row3>	0.0295 0.2359 -2.8561 1.0000	</row3>
				</transform>
			</node>
			<node>
				<identifier>	MP_ZM007_Fire_Hose_Rack_box_INDEX_9	</identifier>
				<transform>
					<row0>	1.0000 0.0000 0.0000 0.0000	</row0>
					<row1>	0.0000 1.0000 0.0000 0.0000	</row1>
					<row2>	0.0000 0.0000 1.0000 0.0000	</row2>
					<row3>	0.1128 0.2042 0.0089 1.0000	</row3>
				</transform>
			</node>
			<node>
				<identifier>	MP_ZM014_Screen_Smoke_DA2	</identifier>
				<transform>
					<row0>	0.0000 0.0000 1.0000 0.0000	</row0>
					<row1>	0.0000 1.0000 0.0000 0.0000	</row1>
					<row2>	-1.0000 0.0000 0.0000 0.0000	</row2>
					<row3>	-0.2656 0.1813 -3.8382 1.0000	</row3>
				</transform>
			</node>
			<node>
				<identifier>	MP_ZM014_Screen_Smoke_DA2_INDEX_1	</identifier>
				<transform>
					<row0>	0.0000 0.0000 -1.0000 0.0000	</row0>
					<row1>	0.0000 1.0000 0.0000 0.0000	</row1>
					<row2>	1.0000 0.0000 0.0000 0.0000	</row2>
					<row3>	0.2656 0.1813 -3.8382 1.0000	</row3>
				</transform>
			</node>
			<node>
				<identifier>	MP_ZM015_Speaker	</identifier>
				<transform>
					<row0>	0.0000 0.0000 1.0000 0.0000	</row0>
					<row1>	-0.3420 0.9397 0.0000 0.0000	</row1>
					<row2>	-0.9397 -0.3420 0.0000 0.0000	</row2>
					<row3>	-0.2032 0.4298 -0.5297 1.0000	</row3>
				</transform>
			</node>
			<node>
				<identifier>	MP_ZM015_Speaker_INDEX_1	</identifier>
				<transform>
					<row0>	0.0000 0.0000 -1.0000 0.0000	</row0>
					<row1>	0.3420 0.9397 0.0000 0.0000	</row1>
					<row2>	0.9397 -0.3420 0.0000 0.0000	</row2>
					<row3>	0.2030 0.4299 -0.5297 1.0000	</row3>
				</transform>
			</node>
			<node>
				<identifier>	MP_ZM015_Speaker_INDEX_2	</identifier>
				<transform>
					<row0>	1.0000 0.0000 0.0000 0.0000	</row0>
					<row1>	0.0000 0.9397 0.3420 0.0000	</row1>
					<row2>	0.0000 -0.3420 0.9397 0.0000	</row2>
					<row3>	0.0000 0.3096 -1.4387 1.0000	</row3>
				</transform>
			</node>
			<node>
				<identifier>	MP_ZM015_Speaker_INDEX_3	</identifier>
				<transform>
					<row0>	0.0000 0.0000 1.0000 0.0000	</row0>
					<row1>	-0.3420 0.9397 0.0000 0.0000	</row1>
					<row2>	-0.9397 -0.3420 0.0000 0.0000	</row2>
					<row3>	0.0298 0.2656 -3.3610 1.0000	</row3>
				</transform>
			</node>
			<node>
				<identifier>	MP_ZM015_Speaker_INDEX_4	</identifier>
				<transform>
					<row0>	-1.0000 0.0000 0.0000 0.0000	</row0>
					<row1>	0.0000 0.9397 -0.3420 0.0000	</row1>
					<row2>	0.0000 -0.3420 -0.9397 0.0000	</row2>
					<row3>	0.0280 0.2879 -2.3470 1.0000	</row3>
				</transform>
			</node>
			<node>
				<identifier>	MP_ZM015_Speaker_INDEX_5	</identifier>
				<transform>
					<row0>	1.0000 0.0000 0.0000 0.0000	</row0>
					<row1>	0.0000 0.9397 0.3420 0.0000	</row1>
					<row2>	0.0000 -0.3420 0.9397 0.0000	</row2>
					<row3>	0.0296 0.3194 0.0106 1.0000	</row3>
				</transform>
			</node>
			<node>
				<identifier>	MP_ZM024_Life_Buoy	</identifier>
				<transform>
					<row0>	-1.0000 0.0000 0.0000 0.0000	</row0>
					<row1>	0.0000 1.0000 0.0000 0.0000	</row1>
					<row2>	0.0000 0.0000 -1.0000 0.0000	</row2>
					<row3>	-0.1128 0.4273 0.0069 1.0000	</row3>
				</transform>
			</node>
			<node>
				<identifier>	MP_ZM024_Life_Buoy_INDEX_1	</identifier>
				<transform>
					<row0>	0.2968 0.0000 0.9550 0.0000	</row0>
					<row1>	0.0000 1.0000 0.0000 0.0000	</row1>
					<row2>	-0.9550 0.0000 0.2968 0.0000	</row2>
					<row3>	0.1089 0.3172 -2.3140 1.0000	</row3>
				</transform>
			</node>
			<node>
				<identifier>	MP_ZM024_Life_Buoy_INDEX_2	</identifier>
				<transform>
					<row0>	0.2968 0.0000 0.9550 0.0000	</row0>
					<row1>	0.0000 1.0000 0.0000 0.0000	</row1>
					<row2>	-0.9550 0.0000 0.2968 0.0000	</row2>
					<row3>	0.1177 0.2619 -2.2841 1.0000	</row3>
				</transform>
			</node>
			<node>
				<identifier>	MP_ZM024_Life_Buoy_INDEX_3	</identifier>
				<transform>
					<row0>	0.0646 0.0000 0.9979 0.0000	</row0>
					<row1>	0.0000 1.0000 0.0000 0.0000	</row1>
					<row2>	-0.9979 0.0000 0.0646 0.0000	</row2>
					<row3>	0.3393 0.2279 -2.7788 1.0000	</row3>
				</transform>
			</node>
			<node>
				<identifier>	MP_ZM024_Life_Buoy_INDEX_4	</identifier>
				<transform>
					<row0>	-1.0000 0.0000 0.0000 0.0000	</row0>
					<row1>	0.0000 1.0000 0.0000 0.0000	</row1>
					<row2>	0.0000 0.0000 -1.0000 0.0000	</row2>
					<row3>	0.1128 0.4273 0.0068 1.0000	</row3>
				</transform>
			</node>
			<node>
				<identifier>	MP_ZM024_Life_Buoy_INDEX_5	</identifier>
				<transform>
					<row0>	0.2968 0.0000 -0.9550 0.0000	</row0>
					<row1>	0.0000 1.0000 0.0000 0.0000	</row1>
					<row2>	0.9550 0.0000 0.2968 0.0000	</row2>
					<row3>	-0.1177 0.2619 -2.2841 1.0000	</row3>
				</transform>
			</node>
			<node>
				<identifier>	MP_ZM024_Life_Buoy_INDEX_6	</identifier>
				<transform>
					<row0>	0.0646 0.0000 -0.9979 0.0000	</row0>
					<row1>	0.0000 1.0000 0.0000 0.0000	</row1>
					<row2>	0.9979 0.0000 0.0646 0.0000	</row2>
					<row3>	-0.3393 0.2279 -2.7788 1.0000	</row3>
				</transform>
			</node>
			<node>
				<identifier>	MP_ZM024_Life_Buoy_INDEX_7	</identifier>
				<transform>
					<row0>	0.2968 0.0000 -0.9550 0.0000	</row0>
					<row1>	0.0000 1.0000 0.0000 0.0000	</row1>
					<row2>	0.9550 0.0000 0.2968 0.0000	</row2>
					<row3>	-0.1381 0.2921 -2.2199 1.0000	</row3>
				</transform>
			</node>
			<node>
				<identifier>	MP_ZM059_Reels	</identifier>
				<transform>
					<row0>	0.9530 0.0000 -0.3031 0.0000	</row0>
					<row1>	0.0014 1.0000 0.0045 0.0000	</row1>
					<row2>	0.3031 -0.0047 0.9530 0.0000	</row2>
					<row3>	0.1494 0.1554 -2.3348 1.0000	</row3>
				</transform>
			</node>
			<node>
				<identifier>	MP_ZM600_Electric_Telegraph	</identifier>
				<transform>
					<row0>	-1.0000 0.0000 0.0000 0.0000	</row0>
					<row1>	0.0000 1.0000 0.0000 0.0000	</row1>
					<row2>	0.0000 0.0000 -1.0000 0.0000	</row2>
					<row3>	-0.1402 0.3730 -0.1148 1.0000	</row3>
				</transform>
			</node>
			<node>
				<identifier>	MP_ZM602_Pelorus	</identifier>
				<transform>
					<row0>	0.0000 0.0000 -1.0000 0.0000	</row0>
					<row1>	0.0000 1.0000 0.0000 0.0000	</row1>
					<row2>	1.0000 0.0000 0.0000 0.0000	</row2>
					<row3>	-0.2268 0.3730 -0.1466 1.0000	</row3>
				</transform>
			</node>
			<node>
				<identifier>	MP_ZM602_Pelorus_INDEX_1	</identifier>
				<transform>
					<row0>	0.0000 0.0000 1.0000 0.0000	</row0>
					<row1>	0.0000 1.0000 0.0000 0.0000	</row1>
					<row2>	-1.0000 0.0000 0.0000 0.0000	</row2>
					<row3>	0.2268 0.3730 -0.1466 1.0000	</row3>
				</transform>
			</node>
			<node>
				<identifier>	MP_ZM603_PUR	</identifier>
				<transform>
					<row0>	-1.0000 0.0000 0.0000 0.0000	</row0>
					<row1>	0.0000 1.0000 0.0000 0.0000	</row1>
					<row2>	0.0000 0.0000 -1.0000 0.0000	</row2>
					<row3>	0.1735 0.3739 -0.1294 1.0000	</row3>
				</transform>
			</node>
			<node>
				<identifier>	MP_ZM604_Voice_Tube	</identifier>
				<transform>
					<row0>	0.0000 0.0000 -1.0000 0.0000	</row0>
					<row1>	0.0000 1.0000 0.0000 0.0000	</row1>
					<row2>	1.0000 0.0000 0.0000 0.0000	</row2>
					<row3>	0.0440 0.3729 -0.3300 1.0000	</row3>
				</transform>
			</node>
			<node>
				<identifier>	MP_ZM604_Voice_Tube_INDEX_1	</identifier>
				<transform>
					<row0>	1.0000 0.0000 0.0000 0.0000	</row0>
					<row1>	0.0000 1.0000 0.0000 0.0000	</row1>
					<row2>	0.0000 0.0000 1.0000 0.0000	</row2>
					<row3>	-0.1638 0.3729 -0.1077 1.0000	</row3>
				</transform>
			</node>
			<node>
				<identifier>	MP_ZM604_Voice_Tube_INDEX_2	</identifier>
				<transform>
					<row0>	0.0000 0.0000 -1.0000 0.0000	</row0>
					<row1>	0.0000 1.0000 0.0000 0.0000	</row1>
					<row2>	1.0000 0.0000 0.0000 0.0000	</row2>
					<row3>	0.0774 0.3959 -0.0197 1.0000	</row3>
				</transform>
			</node>
			<node>
				<identifier>	MP_ZM604_Voice_Tube_INDEX_3	</identifier>
				<transform>
					<row0>	1.0000 0.0000 0.0000 0.0000	</row0>
					<row1>	0.0000 1.0000 0.0000 0.0000	</row1>
					<row2>	0.0000 0.0000 1.0000 0.0000	</row2>
					<row3>	0.0709 0.3729 -0.1170 1.0000	</row3>
				</transform>
			</node>
			<node>
				<identifier>	MP_ZM604_Voice_Tube_INDEX_4	</identifier>
				<transform>
					<row0>	1.0000 0.0000 0.0000 0.0000	</row0>
					<row1>	0.0000 1.0000 0.0000 0.0000	</row1>
					<row2>	0.0000 0.0000 1.0000 0.0000	</row2>
					<row3>	-0.1136 0.3729 -0.1077 1.0000	</row3>
				</transform>
			</node>
			<node>
				<identifier>	MP_ZM604_Voice_Tube_INDEX_5	</identifier>
				<transform>
					<row0>	1.0000 0.0000 0.0000 0.0000	</row0>
					<row1>	0.0000 1.0000 0.0000 0.0000	</row1>
					<row2>	0.0000 0.0000 1.0000 0.0000	</row2>
					<row3>	0.0865 0.3729 -0.1170 1.0000	</row3>
				</transform>
			</node>
			<node>
				<identifier>	MP_ZM608_Telephone	</identifier>
				<transform>
					<row0>	-0.7071 0.0000 -0.7071 0.0000	</row0>
					<row1>	0.0000 1.0000 0.0000 0.0000	</row1>
					<row2>	0.7071 0.0000 -0.7071 0.0000	</row2>
					<row3>	0.0411 0.3723 -1.5871 1.0000	</row3>
				</transform>
			</node>
			<node>
				<identifier>	MP_ZM608_Telephone_INDEX_1	</identifier>
				<transform>
					<row0>	0.0000 0.0000 1.0000 0.0000	</row0>
					<row1>	0.0000 1.0000 0.0000 0.0000	</row1>
					<row2>	-1.0000 0.0000 0.0000 0.0000	</row2>
					<row3>	-0.2010 0.3682 -0.5121 1.0000	</row3>
				</transform>
			</node>
			<node>
				<identifier>	MP_ZM608_Telephone_INDEX_2	</identifier>
				<transform>
					<row0>	0.0000 0.0000 1.0000 0.0000	</row0>
					<row1>	0.0000 1.0000 0.0000 0.0000	</row1>
					<row2>	-1.0000 0.0000 0.0000 0.0000	</row2>
					<row3>	0.0505 0.4461 -0.2990 1.0000	</row3>
				</transform>
			</node>
			<node>
				<identifier>	MP_ZM608_Telephone_INDEX_3	</identifier>
				<transform>
					<row0>	0.0000 0.0000 -1.0000 0.0000	</row0>
					<row1>	0.0000 1.0000 0.0000 0.0000	</row1>
					<row2>	1.0000 0.0000 0.0000 0.0000	</row2>
					<row3>	0.2014 0.3682 -0.5857 1.0000	</row3>
				</transform>
			</node>
			<node>
