<FSB010_France_1957_MidFront_ports.visual>
	<node>
		<identifier>	Scene Root	</identifier>
		<transform>
			<row0>	1.0000 0.0000 0.0000 0.0000	</row0>
			<row1>	0.0000 1.0000 0.0000 0.0000	</row1>
			<row2>	0.0000 0.0000 1.0000 0.0000	</row2>
			<row3>	0.0000 0.0000 0.0000 1.0000	</row3>
		</transform>
		<node>
			<identifier>	MidFront_ports	</identifier>
			<transform>
				<row0>	1.0000 0.0000 0.0000 0.0000	</row0>
				<row1>	0.0000 1.0000 0.0000 0.0000	</row1>
				<row2>	0.0000 0.0000 1.0000 0.0000	</row2>
				<row3>	0.0000 0.0000 0.0000 1.0000	</row3>
			</transform>
			<node>
				<identifier>	HP_FD_1	</identifier>
				<transform>
					<row0>	0.8660 0.0000 0.5000 0.0000	</row0>
					<row1>	0.0000 1.0000 0.0000 0.0000	</row1>
					<row2>	-0.5000 0.0000 0.8660 0.0000	</row2>
					<row3>	-0.5026 0.9998 1.5702 1.0000	</row3>
				</transform>
			</node>
			<node>
				<identifier>	HP_FD_10	</identifier>
				<transform>
					<row0>	0.8660 0.0000 0.5000 0.0000	</row0>
					<row1>	0.0000 1.0000 0.0000 0.0000	</row1>
					<row2>	-0.5000 0.0000 0.8660 0.0000	</row2>
					<row3>	-0.5571 1.1373 1.0187 1.0000	</row3>
				</transform>
			</node>
			<node>
				<identifier>	HP_FD_11	</identifier>
				<transform>
					<row0>	0.8660 0.0000 -0.5000 0.0000	</row0>
					<row1>	0.0000 1.0000 0.0000 0.0000	</row1>
					<row2>	0.5000 0.0000 0.8660 0.0000	</row2>
					<row3>	0.5571 1.1373 1.0187 1.0000	</row3>
				</transform>
			</node>
			<node>
				<identifier>	HP_FD_12	</identifier>
				<transform>
					<row0>	0.0000 0.0000 1.0000 0.0000	</row0>
					<row1>	0.0000 1.0000 0.0000 0.0000	</row1>
					<row2>	-1.0000 0.0000 0.0000 0.0000	</row2>
					<row3>	-0.5700 1.2789 0.8499 1.0000	</row3>
				</transform>
			</node>
			<node>
				<identifier>	HP_FD_13	</identifier>
				<transform>
					<row0>	0.0000 0.0000 -1.0000 0.0000	</row0>
					<row1>	0.0000 1.0000 0.0000 0.0000	</row1>
					<row2>	1.0000 0.0000 0.0000 0.0000	</row2>
					<row3>	0.5700 1.2789 0.8499 1.0000	</row3>
				</transform>
			</node>
			<node>
				<identifier>	HP_FD_14	</identifier>
				<transform>
					<row0>	0.0000 0.0000 -1.0000 0.0000	</row0>
					<row1>	0.0000 1.0000 0.0000 0.0000	</row1>
					<row2>	1.0000 0.0000 0.0000 0.0000	</row2>
					<row3>	-0.3502 1.9930 0.8012 1.0000	</row3>
				</transform>
			</node>
			<node>
				<identifier>	HP_FD_15	</identifier>
				<transform>
					<row0>	0.0000 0.0000 1.0000 0.0000	</row0>
					<row1>	0.0000 1.0000 0.0000 0.0000	</row1>
					<row2>	-1.0000 0.0000 0.0000 0.0000	</row2>
					<row3>	0.3502 1.9930 0.8012 1.0000	</row3>
				</transform>
			</node>
			<node>
				<identifier>	HP_FD_16	</identifier>
				<transform>
					<row0>	1.0000 0.0000 0.0000 0.0000	</row0>
					<row1>	0.0000 1.0000 0.0000 0.0000	</row1>
					<row2>	0.0000 0.0000 1.0000 0.0000	</row2>
					<row3>	0.0000 2.1939 0.7014 1.0000	</row3>
				</transform>
			</node>
			<node>
				<identifier>	HP_FD_17	</identifier>
				<transform>
					<row0>	1.0000 0.0000 0.0000 0.0000	</row0>
					<row1>	0.0000 1.0000 0.0000 0.0000	</row1>
					<row2>	0.0000 0.0000 1.0000 0.0000	</row2>
					<row3>	0.0000 2.4129 0.7014 1.0000	</row3>
				</transform>
			</node>
			<node>
				<identifier>	HP_FD_18	</identifier>
				<transform>
					<row0>	0.0000 0.0000 -1.0000 0.0000	</row0>
					<row1>	0.0000 1.0000 0.0000 0.0000	</row1>
					<row2>	1.0000 0.0000 0.0000 0.0000	</row2>
					<row3>	-0.3391 1.9930 0.6019 1.0000	</row3>
				</transform>
			</node>
			<node>
				<identifier>	HP_FD_19	</identifier>
				<transform>
					<row0>	0.0000 0.0000 1.0000 0.0000	</row0>
					<row1>	0.0000 1.0000 0.0000 0.0000	</row1>
					<row2>	-1.0000 0.0000 0.0000 0.0000	</row2>
					<row3>	0.3391 1.9930 0.6019 1.0000	</row3>
				</transform>
			</node>
			<node>
				<identifier>	HP_FD_2	</identifier>
				<transform>
					<row0>	0.8660 0.0000 -0.5000 0.0000	</row0>
					<row1>	0.0000 1.0000 0.0000 0.0000	</row1>
					<row2>	0.5000 0.0000 0.8660 0.0000	</row2>
					<row3>	0.5026 0.9998 1.5702 1.0000	</row3>
				</transform>
			</node>
			<node>
				<identifier>	HP_FD_20	</identifier>
				<transform>
					<row0>	0.0000 0.0000 1.0000 0.0000	</row0>
					<row1>	0.0000 1.0000 0.0000 0.0000	</row1>
					<row2>	-1.0000 0.0000 0.0000 0.0000	</row2>
					<row3>	-0.2519 1.9930 0.4514 1.0000	</row3>
				</transform>
			</node>
			<node>
				<identifier>	HP_FD_21	</identifier>
				<transform>
					<row0>	0.0000 0.0000 -1.0000 0.0000	</row0>
					<row1>	0.0000 1.0000 0.0000 0.0000	</row1>
					<row2>	1.0000 0.0000 0.0000 0.0000	</row2>
					<row3>	0.2519 1.9930 0.4514 1.0000	</row3>
				</transform>
			</node>
			<node>
				<identifier>	HP_FD_3	</identifier>
				<transform>
					<row0>	1.0000 0.0000 0.0000 0.0000	</row0>
					<row1>	0.0000 1.0000 0.0000 0.0000	</row1>
					<row2>	0.0000 0.0000 1.0000 0.0000	</row2>
					<row3>	0.0000 1.3052 1.4013 1.0000	</row3>
				</transform>
			</node>
			<node>
				<identifier>	HP_FD_4	</identifier>
				<transform>
					<row0>	1.0000 0.0000 0.0000 0.0000	</row0>
					<row1>	0.0000 1.0000 0.0000 0.0000	</row1>
					<row2>	0.0000 0.0000 1.0000 0.0000	</row2>
					<row3>	-0.6390 0.9997 1.3130 1.0000	</row3>
				</transform>
			</node>
			<node>
				<identifier>	HP_FD_5	</identifier>
				<transform>
					<row0>	0.8660 0.0000 -0.5000 0.0000	</row0>
					<row1>	0.0000 1.0000 0.0000 0.0000	</row1>
					<row2>	0.5000 0.0000 0.8660 0.0000	</row2>
					<row3>	0.6390 0.9997 1.3130 1.0000	</row3>
				</transform>
			</node>
			<node>
				<identifier>	HP_FD_6	</identifier>
				<transform>
					<row0>	0.8660 0.0000 0.5000 0.0000	</row0>
					<row1>	0.0000 1.0000 0.0000 0.0000	</row1>
					<row2>	-0.5000 0.0000 0.8660 0.0000	</row2>
					<row3>	-0.3666 1.6130 1.0432 1.0000	</row3>
				</transform>
			</node>
			<node>
				<identifier>	HP_FD_7	</identifier>
				<transform>
					<row0>	0.8660 0.0000 -0.5000 0.0000	</row0>
					<row1>	0.0000 1.0000 0.0000 0.0000	</row1>
					<row2>	0.5000 0.0000 0.8660 0.0000	</row2>
					<row3>	0.3666 1.6130 1.0432 1.0000	</row3>
				</transform>
			</node>
			<node>
				<identifier>	HP_FD_8	</identifier>
				<transform>
					<row0>	0.0000 0.0000 1.0000 0.0000	</row0>
					<row1>	0.0000 1.0000 0.0000 0.0000	</row1>
					<row2>	-1.0000 0.0000 0.0000 0.0000	</row2>
					<row3>	-0.3014 1.9930 1.0334 1.0000	</row3>
				</transform>
			</node>
			<node>
				<identifier>	HP_FD_9	</identifier>
				<transform>
					<row0>	0.0000 0.0000 -1.0000 0.0000	</row0>
					<row1>	0.0000 1.0000 0.0000 0.0000	</row1>
					<row2>	1.0000 0.0000 0.0000 0.0000	</row2>
					<row3>	0.3014 1.9930 1.0334 1.0000	</row3>
				</transform>
			</node>
			<node>
				<identifier>	HP_FGA_1	</identifier>
				<transform>
					<row0>	0.8660 0.0000 0.5000 0.0000	</row0>
					<row1>	0.0000 1.0000 0.0000 0.0000	</row1>
					<row2>	-0.5000 0.0000 0.8660 0.0000	</row2>
					<row3>	-0.8000 0.5135 2.2993 1.0000	</row3>
				</transform>
			</node>
			<node>
				<identifier>	HP_FGA_2	</identifier>
				<transform>
					<row0>	0.8660 0.0000 -0.5000 0.0000	</row0>
					<row1>	0.0000 1.0000 0.0000 0.0000	</row1>
					<row2>	0.5000 0.0000 0.8660 0.0000	</row2>
					<row3>	0.8000 0.5135 2.2993 1.0000	</row3>
				</transform>
			</node>
			<node>
				<identifier>	HP_FGA_3	</identifier>
				<transform>
					<row0>	0.8660 0.0000 0.5000 0.0000	</row0>
					<row1>	0.0000 1.0000 0.0000 0.0000	</row1>
					<row2>	-0.5000 0.0000 0.8660 0.0000	</row2>
					<row3>	-0.6000 0.6755 1.8992 1.0000	</row3>
				</transform>
			</node>
			<node>
				<identifier>	HP_FGA_4	</identifier>
				<transform>
					<row0>	0.8660 0.0000 -0.5000 0.0000	</row0>
					<row1>	0.0000 1.0000 0.0000 0.0000	</row1>
					<row2>	0.5000 0.0000 0.8660 0.0000	</row2>
					<row3>	0.6000 0.6755 1.8992 1.0000	</row3>
				</transform>
			</node>
			<node>
				<identifier>	HP_FGS_1	</identifier>
				<transform>
					<row0>	1.0000 0.0000 0.0000 0.0000	</row0>
					<row1>	0.0000 1.0000 0.0000 0.0000	</row1>
					<row2>	0.0000 0.0000 1.0000 0.0000	</row2>
					<row3>	0.0000 0.8670 3.0988 1.0000	</row3>
				</transform>
			</node>
			<node>
				<identifier>	HP_FGS_2	</identifier>
				<transform>
					<row0>	1.0000 0.0000 0.0000 0.0000	</row0>
					<row1>	0.0000 1.0000 0.0000 0.0000	</row1>
					<row2>	0.0000 0.0000 1.0000 0.0000	</row2>
					<row3>	0.0000 1.0337 2.5001 1.0000	</row3>
				</transform>
			</node>
			<node>
				<identifier>	HP_FGS_3	</identifier>
				<transform>
					<row0>	1.0000 0.0000 0.0000 0.0000	</row0>
					<row1>	0.0000 1.0000 0.0000 0.0000	</row1>
					<row2>	0.0000 0.0000 1.0000 0.0000	</row2>
					<row3>	-0.9003 0.6808 1.4001 1.0000	</row3>
				</transform>
			</node>
			<node>
				<identifier>	HP_FGS_4	</identifier>
				<transform>
					<row0>	1.0000 0.0000 0.0000 0.0000	</row0>
					<row1>	0.0000 1.0000 0.0000 0.0000	</row1>
					<row2>	0.0000 0.0000 1.0000 0.0000	</row2>
					<row3>	0.9003 0.6808 1.4001 1.0000	</row3>
				</transform>
			</node>
			<node>
				<identifier>	HP_FGS_5	</identifier>
				<transform>
					<row0>	1.0000 0.0000 0.0000 0.0000	</row0>
					<row1>	0.0000 1.0000 0.0000 0.0000	</row1>
					<row2>	0.0000 0.0000 1.0000 0.0000	</row2>
					<row3>	-1.0005 0.7874 0.8986 1.0000	</row3>
				</transform>
			</node>
			<node>
				<identifier>	HP_FGS_6	</identifier>
				<transform>
					<row0>	1.0000 0.0000 0.0000 0.0000	</row0>
					<row1>	0.0000 1.0000 0.0000 0.0000	</row1>
					<row2>	0.0000 0.0000 1.0000 0.0000	</row2>
					<row3>	1.0005 0.7874 0.8986 1.0000	</row3>
				</transform>
			</node>
			<node>
				<identifier>	HP_FRS_1	</identifier>
				<transform>
					<row0>	1.0000 0.0000 0.0000 0.0000	</row0>
					<row1>	0.0000 1.0000 0.0000 0.0000	</row1>
					<row2>	0.0000 0.0000 1.0000 0.0000	</row2>
					<row3>	0.0000 3.1434 0.9440 1.0000	</row3>
				</transform>
			</node>
			<node>
				<identifier>	HP_FRS_2	</identifier>
				<transform>
					<row0>	1.0000 0.0000 0.0000 0.0000	</row0>
					<row1>	0.0000 1.0000 0.0000 0.0000	</row1>
					<row2>	0.0000 0.0000 1.0000 0.0000	</row2>
					<row3>	0.0000 3.2719 0.8206 1.0000	</row3>
				</transform>
			</node>
			<node>
				<identifier>	HP_FX_Fire_2	</identifier>
				<transform>
					<row0>	1.0000 0.0000 0.0000 0.0000	</row0>
					<row1>	0.0000 1.0000 0.0000 0.0000	</row1>
					<row2>	0.0000 0.0000 1.0000 0.0000	</row2>
					<row3>	0.0000 1.3887 1.6642 1.0000	</row3>
				</transform>
			</node>
			<node>
				<identifier>	HP_FX_Fire_2_side_1	</identifier>
				<transform>
					<row0>	1.0000 0.0000 0.0000 0.0000	</row0>
					<row1>	0.0000 1.0000 0.0000 0.0000	</row1>
					<row2>	0.0000 0.0000 1.0000 0.0000	</row2>
					<row3>	-0.9911 0.5154 2.6599 1.0000	</row3>
				</transform>
			</node>
			<node>
				<identifier>	HP_FX_Fire_2_side_2	</identifier>
				<transform>
					<row0>	1.0000 0.0000 0.0000 0.0000	</row0>
					<row1>	0.0000 1.0000 0.0000 0.0000	</row1>
					<row2>	0.0000 0.0000 1.0000 0.0000	</row2>
					<row3>	0.4617 0.6668 2.3758 1.0000	</row3>
				</transform>
			</node>
			<node>
				<identifier>	HP_FX_FloodLight_left_2	</identifier>
				<transform>
					<row0>	-1.0000 0.0000 0.0000 0.0000	</row0>
					<row1>	0.0000 1.0000 0.0000 0.0000	</row1>
					<row2>	0.0000 0.0000 -1.0000 0.0000	</row2>
					<row3>	-0.6037 0.7386 1.1104 1.0000	</row3>
				</transform>
			</node>
			<node>
				<identifier>	HP_FX_FloodLight_right_2	</identifier>
				<transform>
					<row0>	1.0000 0.0000 0.0000 0.0000	</row0>
					<row1>	0.0000 1.0000 0.0000 0.0000	</row1>
					<row2>	0.0000 0.0000 1.0000 0.0000	</row2>
					<row3>	0.6027 0.7466 1.1154 1.0000	</row3>
				</transform>
			</node>
			<node>
				<identifier>	HP_FX_Flood_steam_left	</identifier>
				<transform>
					<row0>	-1.0000 0.0000 0.0000 0.0000	</row0>
					<row1>	0.0000 1.0000 0.0000 0.0000	</row1>
					<row2>	0.0000 0.0000 -1.0000 0.0000	</row2>
					<row3>	-1.1124 0.3958 2.8586 1.0000	</row3>
				</transform>
			</node>
			<node>
				<identifier>	HP_FX_RepairLight_left_2	</identifier>
				<transform>
					<row0>	0.0874 0.0000 0.9962 0.0000	</row0>
					<row1>	0.0000 1.0000 0.0000 0.0000	</row1>
					<row2>	-0.9962 0.0000 0.0874 0.0000	</row2>
					<row3>	-1.1459 0.5046 2.4082 1.0000	</row3>
				</transform>
			</node>
			<node>
				<identifier>	HP_Flagpole	</identifier>
				<transform>
					<row0>	1.0000 0.0000 0.0000 0.0000	</row0>
					<row1>	0.0000 1.0000 0.0000 0.0000	</row1>
					<row2>	0.0000 0.0000 1.0000 0.0000	</row2>
					<row3>	0.0000 3.6926 0.5186 1.0000	</row3>
				</transform>
			</node>
			<node>
				<identifier>	HP_flag_1	</identifier>
				<transform>
					<row0>	0.8807 -0.4660 0.0846 0.0000	</row0>
					<row1>	0.4660 0.8207 -0.3305 0.0000	</row1>
					<row2>	0.0846 0.3305 0.9400 0.0000	</row2>
					<row3>	0.8630 1.8875 0.4100 1.0000	</row3>
				</transform>
			</node>
			<node>
				<identifier>	HP_flag_2	</identifier>
				<transform>
					<row0>	0.8807 0.4660 -0.0846 0.0000	</row0>
					<row1>	-0.4660 0.8207 -0.3305 0.0000	</row1>
					<row2>	-0.0846 0.3305 0.9400 0.0000	</row2>
					<row3>	-0.8620 1.8878 0.4095 1.0000	</row3>
				</transform>
			</node>
			<node>
				<identifier>	HP_flag_3	</identifier>
				<transform>
					<row0>	0.9070 -0.4166 0.0610 0.0000	</row0>
					<row1>	0.4166 0.8670 -0.2735 0.0000	</row1>
					<row2>	0.0610 0.2735 0.9599 0.0000	</row2>
					<row3>	0.7757 1.8810 0.4609 1.0000	</row3>
				</transform>
			</node>
			<node>
				<identifier>	HP_flag_4	</identifier>
				<transform>
					<row0>	0.9070 0.4166 -0.0610 0.0000	</row0>
					<row1>	-0.4166 0.8670 -0.2735 0.0000	</row1>
					<row2>	-0.0610 0.2735 0.9599 0.0000	</row2>
					<row3>	-0.7757 1.8810 0.4609 1.0000	</row3>
				</transform>
			</node>
			<node>
				<identifier>	MP_CM011_Fire_Fighting_Gear	</identifier>
				<transform>
					<row0>	-1.0000 0.0000 0.0000 0.0000	</row0>
					<row1>	0.0000 1.0000 0.0000 0.0000	</row1>
					<row2>	0.0000 0.0000 -1.0000 0.0000	</row2>
					<row3>	-0.1208 0.8299 2.7129 1.0000	</row3>
				</transform>
			</node>
			<node>
				<identifier>	MP_CM011_Fire_Fighting_Gear_INDEX_1	</identifier>
				<transform>
					<row0>	1.0000 0.0000 0.0000 0.0000	</row0>
					<row1>	0.0000 1.0000 0.0000 0.0000	</row1>
					<row2>	0.0000 0.0000 1.0000 0.0000	</row2>
					<row3>	-0.5911 1.0002 0.8168 1.0000	</row3>
				</transform>
			</node>
			<node>
				<identifier>	MP_CM011_Fire_Fighting_Gear_INDEX_2	</identifier>
				<transform>
					<row0>	0.6024 0.0000 -0.7982 0.0000	</row0>
					<row1>	0.0000 1.0000 0.0000 0.0000	</row1>
					<row2>	0.7982 0.0000 0.6024 0.0000	</row2>
					<row3>	-0.1763 1.9801 0.5816 1.0000	</row3>
				</transform>
			</node>
			<node>
				<identifier>	MP_CM011_Fire_Fighting_Gear_INDEX_3	</identifier>
				<transform>
					<row0>	-1.0000 0.0000 0.0000 0.0000	</row0>
					<row1>	0.0000 1.0000 0.0000 0.0000	</row1>
					<row2>	0.0000 0.0000 -1.0000 0.0000	</row2>
					<row3>	-0.2544 0.5151 3.1223 1.0000	</row3>
				</transform>
			</node>
			<node>
				<identifier>	MP_CM011_Fire_Fighting_Gear_INDEX_4	</identifier>
				<transform>
					<row0>	-1.0000 0.0000 0.0000 0.0000	</row0>
					<row1>	0.0000 1.0000 0.0000 0.0000	</row1>
					<row2>	0.0000 0.0000 -1.0000 0.0000	</row2>
					<row3>	0.2544 0.5151 3.1223 1.0000	</row3>
				</transform>
			</node>
			<node>
				<identifier>	MP_CM011_Fire_Fighting_Gear_INDEX_5	</identifier>
				<transform>
					<row0>	-1.0000 0.0000 0.0000 0.0000	</row0>
					<row1>	0.0000 1.0000 0.0000 0.0000	</row1>
					<row2>	0.0000 0.0000 -1.0000 0.0000	</row2>
					<row3>	0.1344 0.8314 1.9104 1.0000	</row3>
				</transform>
			</node>
			<node>
				<identifier>	MP_CM011_Fire_Fighting_Gear_INDEX_6	</identifier>
				<transform>
					<row0>	-0.9244 0.0000 0.3814 0.0000	</row0>
					<row1>	0.0000 1.0000 0.0000 0.0000	</row1>
					<row2>	-0.3814 0.0000 -0.9244 0.0000	</row2>
					<row3>	0.0917 1.9801 0.8918 1.0000	</row3>
				</transform>
			</node>
			<node>
				<identifier>	MP_CM011_Fire_Fighting_Gear_INDEX_7	</identifier>
				<transform>
					<row0>	1.0000 0.0000 0.0000 0.0000	</row0>
					<row1>	0.0000 1.0000 0.0000 0.0000	</row1>
					<row2>	0.0000 0.0000 1.0000 0.0000	</row2>
					<row3>	0.5911 1.0002 0.8168 1.0000	</row3>
				</transform>
			</node>
			<node>
				<identifier>	MP_CM012_Fire_Hose_Rack_1	</identifier>
				<transform>
					<row0>	0.6100 0.0000 -0.7924 0.0000	</row0>
					<row1>	0.0000 1.0000 0.0000 0.0000	</row1>
					<row2>	0.7924 0.0000 0.6100 0.0000	</row2>
					<row3>	-0.1382 0.8887 2.6840 1.0000	</row3>
				</transform>
			</node>
			<node>
				<identifier>	MP_CM012_Fire_Hose_Rack_1_INDEX_1	</identifier>
				<transform>
					<row0>	0.0000 0.0000 1.0000 0.0000	</row0>
					<row1>	0.0000 1.0000 0.0000 0.0000	</row1>
					<row2>	-1.0000 0.0000 0.0000 0.0000	</row2>
					<row3>	0.3644 0.8999 0.6002 1.0000	</row3>
				</transform>
			</node>
			<node>
				<identifier>	MP_CM012_Fire_Hose_Rack_1_INDEX_10	</identifier>
				<transform>
					<row0>	1.0000 0.0000 0.0000 0.0000	</row0>
					<row1>	0.0000 1.0000 0.0000 0.0000	</row1>
					<row2>	0.0000 0.0000 1.0000 0.0000	</row2>
					<row3>	-0.2995 1.3401 0.8339 1.0000	</row3>
				</transform>
			</node>
			<node>
				<identifier>	MP_CM012_Fire_Hose_Rack_1_INDEX_11	</identifier>
				<transform>
					<row0>	-0.4787 0.0000 0.8780 0.0000	</row0>
					<row1>	0.0000 1.0000 0.0000 0.0000	</row1>
					<row2>	-0.8780 0.0000 -0.4787 0.0000	</row2>
					<row3>	0.2182 1.6683 0.5564 1.0000	</row3>
				</transform>
			</node>
			<node>
				<identifier>	MP_CM012_Fire_Hose_Rack_1_INDEX_12	</identifier>
				<transform>
					<row0>	-0.9224 0.0000 -0.3862 0.0000	</row0>
					<row1>	0.0000 1.0000 0.0000 0.0000	</row1>
					<row2>	0.3862 0.0000 -0.9224 0.0000	</row2>
					<row3>	0.2528 1.1934 1.6093 1.0000	</row3>
				</transform>
			</node>
			<node>
				<identifier>	MP_CM012_Fire_Hose_Rack_1_INDEX_13	</identifier>
				<transform>
					<row0>	0.5000 0.0000 0.8660 0.0000	</row0>
					<row1>	0.0000 1.0000 0.0000 0.0000	</row1>
					<row2>	-0.8660 0.0000 0.5000 0.0000	</row2>
					<row3>	-0.2188 1.6683 0.5567 1.0000	</row3>
				</transform>
			</node>
			<node>
				<identifier>	MP_CM012_Fire_Hose_Rack_1_INDEX_14	</identifier>
				<transform>
					<row0>	-0.7965 0.0000 -0.6047 0.0000	</row0>
					<row1>	0.0000 1.0000 0.0000 0.0000	</row1>
					<row2>	0.6047 0.0000 -0.7965 0.0000	</row2>
					<row3>	0.1659 0.8887 1.8616 1.0000	</row3>
				</transform>
			</node>
			<node>
				<identifier>	MP_CM012_Fire_Hose_Rack_1_INDEX_15	</identifier>
				<transform>
					<row0>	0.9207 0.0000 -0.3902 0.0000	</row0>
					<row1>	0.0000 1.0000 0.0000 0.0000	</row1>
					<row2>	0.3902 0.0000 0.9207 0.0000	</row2>
					<row3>	-0.2370 1.0561 1.6483 1.0000	</row3>
				</transform>
			</node>
			<node>
				<identifier>	MP_CM012_Fire_Hose_Rack_1_INDEX_16	</identifier>
				<transform>
					<row0>	-0.8198 0.0000 -0.5726 0.0000	</row0>
					<row1>	0.0000 1.0000 0.0000 0.0000	</row1>
					<row2>	0.5726 0.0000 -0.8198 0.0000	</row2>
					<row3>	0.4858 0.7223 1.4762 1.0000	</row3>
				</transform>
			</node>
			<node>
				<identifier>	MP_CM012_Fire_Hose_Rack_1_INDEX_17	</identifier>
				<transform>
					<row0>	1.0000 0.0000 0.0000 0.0000	</row0>
					<row1>	0.0000 1.0000 0.0000 0.0000	</row1>
					<row2>	0.0000 0.0000 1.0000 0.0000	</row2>
					<row3>	-0.2990 1.0563 0.7487 1.0000	</row3>
				</transform>
			</node>
			<node>
				<identifier>	MP_CM012_Fire_Hose_Rack_1_INDEX_18	</identifier>
				<transform>
					<row0>	0.9219 0.0000 -0.3873 0.0000	</row0>
					<row1>	0.0000 1.0000 0.0000 0.0000	</row1>
					<row2>	0.3873 0.0000 0.9219 0.0000	</row2>
					<row3>	-0.2534 1.1928 1.6105 1.0000	</row3>
				</transform>
			</node>
			<node>
				<identifier>	MP_CM012_Fire_Hose_Rack_1_INDEX_19	</identifier>
				<transform>
					<row0>	1.0000 0.0000 0.0000 0.0000	</row0>
					<row1>	0.0000 1.0000 0.0000 0.0000	</row1>
					<row2>	0.0000 0.0000 1.0000 0.0000	</row2>
					<row3>	-0.2995 1.1934 0.9495 1.0000	</row3>
				</transform>
			</node>
			<node>
				<identifier>	MP_CM012_Fire_Hose_Rack_1_INDEX_2	</identifier>
				<transform>
					<row0>	0.0000 0.0000 1.0000 0.0000	</row0>
					<row1>	0.0000 1.0000 0.0000 0.0000	</row1>
					<row2>	-1.0000 0.0000 0.0000 0.0000	</row2>
					<row3>	-0.3653 0.8999 0.6002 1.0000	</row3>
				</transform>
			</node>
			<node>
				<identifier>	MP_CM012_Fire_Hose_Rack_1_INDEX_20	</identifier>
				<transform>
					<row0>	-0.9209 0.0000 -0.3898 0.0000	</row0>
					<row1>	0.0000 1.0000 0.0000 0.0000	</row1>
					<row2>	0.3898 0.0000 -0.9209 0.0000	</row2>
					<row3>	0.2371 1.0561 1.6489 1.0000	</row3>
				</transform>
			</node>
			<node>
				<identifier>	MP_CM012_Fire_Hose_Rack_1_INDEX_21	</identifier>
				<transform>
					<row0>	-1.0000 0.0000 0.0000 0.0000	</row0>
					<row1>	0.0000 1.0000 0.0000 0.0000	</row1>
					<row2>	0.0000 0.0000 -1.0000 0.0000	</row2>
					<row3>	0.2995 1.0563 0.7487 1.0000	</row3>
				</transform>
			</node>
			<node>
				<identifier>	MP_CM012_Fire_Hose_Rack_1_INDEX_22	</identifier>
				<transform>
					<row0>	-1.0000 0.0000 0.0000 0.0000	</row0>
					<row1>	0.0000 1.0000 0.0000 0.0000	</row1>
					<row2>	0.0000 0.0000 -1.0000 0.0000	</row2>
					<row3>	0.2995 1.1934 0.9488 1.0000	</row3>
				</transform>
			</node>
			<node>
				<identifier>	MP_CM012_Fire_Hose_Rack_1_INDEX_23	</identifier>
				<transform>
					<row0>	0.8185 0.0000 -0.5745 0.0000	</row0>
					<row1>	0.0000 1.0000 0.0000 0.0000	</row1>
					<row2>	0.5745 0.0000 0.8185 0.0000	</row2>
					<row3>	-0.4856 0.7223 1.4765 1.0000	</row3>
				</transform>
			</node>
			<node>
				<identifier>	MP_CM012_Fire_Hose_Rack_1_INDEX_24	</identifier>
				<transform>
					<row0>	-0.8131 0.0000 -0.5822 0.0000	</row0>
					<row1>	0.0000 1.0000 0.0000 0.0000	</row1>
					<row2>	0.5822 0.0000 -0.8131 0.0000	</row2>
					<row3>	1.0467 0.5510 1.5137 1.0000	</row3>
				</transform>
			</node>
			<node>
				<identifier>	MP_CM012_Fire_Hose_Rack_1_INDEX_25	</identifier>
				<transform>
					<row0>	-1.0000 0.0000 0.0000 0.0000	</row0>
					<row1>	0.0000 1.0000 0.0000 0.0000	</row1>
					<row2>	0.0000 0.0000 -1.0000 0.0000	</row2>
					<row3>	0.2995 1.3401 0.8331 1.0000	</row3>
				</transform>
			</node>
			<node>
				<identifier>	MP_CM012_Fire_Hose_Rack_1_INDEX_26	</identifier>
				<transform>
					<row0>	0.8185 0.0000 -0.5744 0.0000	</row0>
					<row1>	0.0000 1.0000 0.0000 0.0000	</row1>
					<row2>	0.5744 0.0000 0.8185 0.0000	</row2>
					<row3>	-1.0467 0.5510 1.5137 1.0000	</row3>
				</transform>
			</node>
			<node>
				<identifier>	MP_CM012_Fire_Hose_Rack_1_INDEX_27	</identifier>
				<transform>
					<row0>	1.0000 0.0000 0.0000 0.0000	</row0>
					<row1>	0.0000 1.0000 0.0000 0.0000	</row1>
					<row2>	0.0000 0.0000 1.0000 0.0000	</row2>
					<row3>	-0.2990 1.5014 0.6823 1.0000	</row3>
				</transform>
			</node>
			<node>
				<identifier>	MP_CM012_Fire_Hose_Rack_1_INDEX_28	</identifier>
				<transform>
					<row0>	-1.0000 0.0000 0.0000 0.0000	</row0>
					<row1>	0.0000 1.0000 0.0000 0.0000	</row1>
					<row2>	0.0000 0.0000 -1.0000 0.0000	</row2>
					<row3>	0.2995 1.5014 0.6823 1.0000	</row3>
				</transform>
			</node>
			<node>
				<identifier>	MP_CM012_Fire_Hose_Rack_1_INDEX_29	</identifier>
				<transform>
					<row0>	-0.3814 0.0000 -0.9244 0.0000	</row0>
					<row1>	0.0000 1.0000 0.0000 0.0000	</row1>
					<row2>	0.9244 0.0000 -0.3814 0.0000	</row2>
					<row3>	0.0661 2.0302 0.8887 1.0000	</row3>
				</transform>
			</node>
			<node>
				<identifier>	MP_CM012_Fire_Hose_Rack_1_INDEX_3	</identifier>
				<transform>
					<row0>	-0.4787 0.0000 0.8780 0.0000	</row0>
					<row1>	0.0000 1.0000 0.0000 0.0000	</row1>
					<row2>	-0.8780 0.0000 -0.4787 0.0000	</row2>
					<row3>	0.2780 1.8355 0.5888 1.0000	</row3>
				</transform>
			</node>
			<node>
				<identifier>	MP_CM012_Fire_Hose_Rack_1_INDEX_4	</identifier>
				<transform>
					<row0>	0.7922 0.0000 0.6102 0.0000	</row0>
					<row1>	0.0000 1.0000 0.0000 0.0000	</row1>
					<row2>	-0.6102 0.0000 0.7922 0.0000	</row2>
					<row3>	-0.1522 2.0302 0.5740 1.0000	</row3>
				</transform>
			</node>
			<node>
				<identifier>	MP_CM012_Fire_Hose_Rack_1_INDEX_5	</identifier>
				<transform>
					<row0>	-0.8131 0.0000 -0.5822 0.0000	</row0>
					<row1>	0.0000 1.0000 0.0000 0.0000	</row1>
					<row2>	0.5822 0.0000 -0.8131 0.0000	</row2>
					<row3>	0.7061 0.5504 2.0022 1.0000	</row3>
				</transform>
			</node>
			<node>
				<identifier>	MP_CM012_Fire_Hose_Rack_1_INDEX_6	</identifier>
				<transform>
					<row0>	0.0000 0.0000 -1.0000 0.0000	</row0>
					<row1>	0.0000 1.0000 0.0000 0.0000	</row1>
					<row2>	1.0000 0.0000 0.0000 0.0000	</row2>
					<row3>	-0.2544 0.5807 3.0988 1.0000	</row3>
				</transform>
			</node>
			<node>
				<identifier>	MP_CM012_Fire_Hose_Rack_1_INDEX_7	</identifier>
				<transform>
					<row0>	0.4786 0.0000 0.8780 0.0000	</row0>
					<row1>	0.0000 1.0000 0.0000 0.0000	</row1>
					<row2>	-0.8780 0.0000 0.4786 0.0000	</row2>
					<row3>	-0.2778 1.8355 0.5887 1.0000	</row3>
				</transform>
			</node>
			<node>
				<identifier>	MP_CM012_Fire_Hose_Rack_1_INDEX_8	</identifier>
				<transform>
					<row0>	0.0000 0.0000 -1.0000 0.0000	</row0>
					<row1>	0.0000 1.0000 0.0000 0.0000	</row1>
					<row2>	1.0000 0.0000 0.0000 0.0000	</row2>
					<row3>	0.2545 0.5807 3.0988 1.0000	</row3>
				</transform>
			</node>
			<node>
				<identifier>	MP_CM012_Fire_Hose_Rack_1_INDEX_9	</identifier>
				<transform>
					<row0>	0.8183 0.0000 -0.5748 0.0000	</row0>
					<row1>	0.0000 1.0000 0.0000 0.0000	</row1>
					<row2>	0.5748 0.0000 0.8183 0.0000	</row2>
					<row3>	-0.7057 0.5504 2.0028 1.0000	</row3>
				</transform>
			</node>
			<node>
				<identifier>	MP_CM019_Wood_Box_2	</identifier>
				<transform>
					<row0>	0.0000 0.0000 -1.0000 0.0000	</row0>
					<row1>	0.0000 1.0000 0.0000 0.0000	</row1>
					<row2>	1.0000 0.0000 0.0000 0.0000	</row2>
					<row3>	0.0000 0.8306 0.4035 1.0000	</row3>
				</transform>
			</node>
			<node>
				<identifier>	MP_CM019_Wood_Box_2_INDEX_1	</identifier>
				<transform>
					<row0>	0.0000 0.0000 -1.0000 0.0000	</row0>
					<row1>	0.0000 1.0000 0.0000 0.0000	</row1>
					<row2>	1.0000 0.0000 0.0000 0.0000	</row2>
					<row3>	0.0000 0.8306 0.4342 1.0000	</row3>
				</transform>
			</node>
			<node>
				<identifier>	MP_CM029_Emergency_Box	</identifier>
				<transform>
					<row0>	0.0000 0.0000 -1.0000 0.0000	</row0>
					<row1>	0.0000 1.0000 0.0000 0.0000	</row1>
					<row2>	1.0000 0.0000 0.0000 0.0000	</row2>
					<row3>	-0.3053 1.0805 1.3999 1.0000	</row3>
				</transform>
			</node>
			<node>
				<identifier>	MP_CM029_Emergency_Box_INDEX_1	</identifier>
				<transform>
					<row0>	0.0000 0.0000 1.0000 0.0000	</row0>
					<row1>	0.0000 1.0000 0.0000 0.0000	</row1>
					<row2>	-1.0000 0.0000 0.0000 0.0000	</row2>
					<row3>	0.3053 1.2257 1.2291 1.0000	</row3>
				</transform>
			</node>
			<node>
				<identifier>	MP_CM029_Emergency_Box_INDEX_10	</identifier>
				<transform>
					<row0>	-0.3731 0.0000 0.9278 0.0000	</row0>
					<row1>	0.0000 1.0000 0.0000 0.0000	</row1>
					<row2>	-0.9278 0.0000 -0.3731 0.0000	</row2>
					<row3>	0.2007 0.9216 1.8179 1.0000	</row3>
				</transform>
			</node>
			<node>
				<identifier>	MP_CM029_Emergency_Box_INDEX_11	</identifier>
				<transform>
					<row0>	0.0000 0.0000 -1.0000 0.0000	</row0>
					<row1>	0.0000 1.0000 0.0000 0.0000	</row1>
					<row2>	1.0000 0.0000 0.0000 0.0000	</row2>
					<row3>	-0.3053 1.0805 0.7177 1.0000	</row3>
				</transform>
			</node>
			<node>
				<identifier>	MP_CM029_Emergency_Box_INDEX_12	</identifier>
				<transform>
					<row0>	0.0000 0.0000 -1.0000 0.0000	</row0>
					<row1>	0.0000 1.0000 0.0000 0.0000	</row1>
					<row2>	1.0000 0.0000 0.0000 0.0000	</row2>
					<row3>	-0.4053 0.7489 2.4973 1.0000	</row3>
				</transform>
			</node>
			<node>
				<identifier>	MP_CM029_Emergency_Box_INDEX_13	</identifier>
				<transform>
					<row0>	0.8785 -0.0028 -0.4777 0.0000	</row0>
					<row1>	0.0035 1.0000 0.0006 0.0000	</row1>
					<row2>	0.4777 -0.0022 0.8785 0.0000	</row2>
					<row3>	-0.2570 1.8654 0.5704 1.0000	</row3>
				</transform>
			</node>
			<node>
				<identifier>	MP_CM029_Emergency_Box_INDEX_14	</identifier>
				<transform>
					<row0>	0.0000 0.0000 -1.0000 0.0000	</row0>
					<row1>	0.0000 1.0000 0.0000 0.0000	</row1>
					<row2>	1.0000 0.0000 0.0000 0.0000	</row2>
					<row3>	-0.3053 1.2257 1.2291 1.0000	</row3>
				</transform>
			</node>
			<node>
				<identifier>	MP_CM029_Emergency_Box_INDEX_15	</identifier>
				<transform>
					<row0>	0.0000 0.0000 -1.0000 0.0000	</row0>
					<row1>	0.0000 1.0000 0.0000 0.0000	</row1>
					<row2>	1.0000 0.0000 0.0000 0.0000	</row2>
					<row3>	-0.3053 1.6946 0.7391 1.0000	</row3>
				</transform>
			</node>
			<node>
				<identifier>	MP_CM029_Emergency_Box_INDEX_16	</identifier>
				<transform>
					<row0>	-1.0000 0.0000 0.0000 0.0000	</row0>
					<row1>	0.0000 1.0000 0.0000 0.0000	</row1>
					<row2>	0.0000 0.0000 -1.0000 0.0000	</row2>
					<row3>	0.1072 1.3714 1.1039 1.0000	</row3>
				</transform>
			</node>
			<node>
				<identifier>	MP_CM029_Emergency_Box_INDEX_17	</identifier>
				<transform>
					<row0>	0.0000 0.0000 1.0000 0.0000	</row0>
					<row1>	0.0000 1.0000 0.0000 0.0000	</row1>
					<row2>	-1.0000 0.0000 0.0000 0.0000	</row2>
					<row3>	0.3053 1.5338 0.8611 1.0000	</row3>
				</transform>
			</node>
			<node>
				<identifier>	MP_CM029_Emergency_Box_INDEX_18	</identifier>
				<transform>
					<row0>	0.0000 0.0000 1.0000 0.0000	</row0>
					<row1>	0.0000 1.0000 0.0000 0.0000	</row1>
					<row2>	-1.0000 0.0000 0.0000 0.0000	</row2>
					<row3>	0.5051 0.5789 2.6054 1.0000	</row3>
				</transform>
			</node>
			<node>
				<identifier>	MP_CM029_Emergency_Box_INDEX_19	</identifier>
				<transform>
					<row0>	0.0000 0.0000 -1.0000 0.0000	</row0>
					<row1>	0.0000 1.0000 0.0000 0.0000	</row1>
					<row2>	1.0000 0.0000 0.0000 0.0000	</row2>
					<row3>	-0.5051 0.5789 2.6054 1.0000	</row3>
				</transform>
			</node>
			<node>
				<identifier>	MP_CM029_Emergency_Box_INDEX_2	</identifier>
				<transform>
					<row0>	0.8785 0.0028 0.4777 0.0000	</row0>
					<row1>	-0.0035 1.0000 0.0006 0.0000	</row1>
					<row2>	-0.4777 -0.0022 0.8785 0.0000	</row2>
					<row3>	0.2570 1.8654 0.5704 1.0000	</row3>
				</transform>
			</node>
			<node>
				<identifier>	MP_CM029_Emergency_Box_INDEX_20	</identifier>
				<transform>
					<row0>	0.0000 0.0000 1.0000 0.0000	</row0>
					<row1>	0.0000 1.0000 0.0000 0.0000	</row1>
					<row2>	-1.0000 0.0000 0.0000 0.0000	</row2>
					<row3>	0.3053 1.0805 1.3999 1.0000	</row3>
				</transform>
			</node>
			<node>
				<identifier>	MP_CM029_Emergency_Box_INDEX_21	</identifier>
				<transform>
					<row0>	1.0000 0.0028 0.0000 0.0000	</row0>
					<row1>	-0.0028 1.0000 0.0022 0.0000	</row1>
					<row2>	0.0000 -0.0022 1.0000 0.0000	</row2>
					<row3>	-0.0346 2.0800 0.9947 1.0000	</row3>
				</transform>
			</node>
			<node>
				<identifier>	MP_CM029_Emergency_Box_INDEX_22	</identifier>
				<transform>
					<row0>	0.9917 0.0025 0.1285 0.0000	</row0>
					<row1>	-0.0028 1.0000 0.0022 0.0000	</row1>
					<row2>	-0.1285 -0.0025 0.9917 0.0000	</row2>
					<row3>	0.0160 2.0800 0.4982 1.0000	</row3>
				</transform>
			</node>
			<node>
				<identifier>	MP_CM029_Emergency_Box_INDEX_3	</identifier>
				<transform>
					<row0>	-0.3731 0.0000 -0.9278 0.0000	</row0>
					<row1>	0.0000 1.0000 0.0000 0.0000	</row1>
					<row2>	0.9278 0.0000 -0.3731 0.0000	</row2>
					<row3>	-0.2007 0.9216 1.8179 1.0000	</row3>
				</transform>
			</node>
			<node>
				<identifier>	MP_CM029_Emergency_Box_INDEX_4	</identifier>
				<transform>
					<row0>	0.0000 0.0000 -1.0000 0.0000	</row0>
					<row1>	0.0000 1.0000 0.0000 0.0000	</row1>
					<row2>	1.0000 0.0000 0.0000 0.0000	</row2>
					<row3>	-0.3053 1.5338 0.8611 1.0000	</row3>
				</transform>
			</node>
			<node>
				<identifier>	MP_CM029_Emergency_Box_INDEX_5	</identifier>
				<transform>
					<row0>	-0.5665 0.0000 -0.8241 0.0000	</row0>
					<row1>	0.0000 1.0000 0.0000 0.0000	</row1>
					<row2>	0.8241 0.0000 -0.5665 0.0000	</row2>
					<row3>	-0.6362 0.7489 0.9568 1.0000	</row3>
				</transform>
			</node>
			<node>
				<identifier>	MP_CM029_Emergency_Box_INDEX_6	</identifier>
				<transform>
					<row0>	0.0000 0.0000 1.0000 0.0000	</row0>
					<row1>	0.0000 1.0000 0.0000 0.0000	</row1>
					<row2>	-1.0000 0.0000 0.0000 0.0000	</row2>
					<row3>	0.3053 1.6946 0.7391 1.0000	</row3>
				</transform>
			</node>
			<node>
				<identifier>	MP_CM029_Emergency_Box_INDEX_7	</identifier>
				<transform>
					<row0>	0.0000 0.0000 1.0000 0.0000	</row0>
					<row1>	0.0000 1.0000 0.0000 0.0000	</row1>
					<row2>	-1.0000 0.0000 0.0000 0.0000	</row2>
					<row3>	0.3053 1.0805 0.7177 1.0000	</row3>
				</transform>
			</node>
			<node>
				<identifier>	MP_CM029_Emergency_Box_INDEX_8	</identifier>
				<transform>
					<row0>	0.0000 0.0000 1.0000 0.0000	</row0>
					<row1>	0.0000 1.0000 0.0000 0.0000	</row1>
					<row2>	-1.0000 0.0000 0.0000 0.0000	</row2>
					<row3>	0.4053 0.7489 2.4973 1.0000	</row3>
				</transform>
			</node>
			<node>
				<identifier>	MP_CM029_Emergency_Box_INDEX_9	</identifier>
				<transform>
					<row0>	-0.5665 0.0000 0.8241 0.0000	</row0>
					<row1>	0.0000 1.0000 0.0000 0.0000	</row1>
					<row2>	-0.8241 0.0000 -0.5665 0.0000	</row2>
					<row3>	0.6362 0.7489 0.9568 1.0000	</row3>
				</transform>
			</node>
			<node>
				<identifier>	MP_CM030_Swab_Rack_2	</identifier>
				<transform>
					<row0>	0.0000 0.0000 1.0000 0.0000	</row0>
					<row1>	0.0000 1.0000 0.0000 0.0000	</row1>
					<row2>	-1.0000 0.0000 0.0000 0.0000	</row2>
					<row3>	-0.6989 0.6646 0.6349 1.0000	</row3>
				</transform>
			</node>
			<node>
				<identifier>	MP_CM030_Swab_Rack_2_INDEX_1	</identifier>
				<transform>
					<row0>	0.0000 0.0000 -1.0000 0.0000	</row0>
					<row1>	0.0000 1.0000 0.0000 0.0000	</row1>
					<row2>	1.0000 0.0000 0.0000 0.0000	</row2>
					<row3>	0.6989 0.6646 0.6349 1.0000	</row3>
				</transform>
			</node>
			<node>
				<identifier>	MP_CM040_Steering_Wheel	</identifier>
				<transform>
					<row0>	1.0000 0.0000 0.0000 0.0000	</row0>
					<row1>	0.0000 1.0000 0.0000 0.0000	</row1>
					<row2>	0.0000 0.0000 1.0000 0.0000	</row2>
					<row3>	-0.0004 1.9793 1.1757 1.0000	</row3>
				</transform>
			</node>
			<node>
				<identifier>	MP_CM051_Fire_Fighting_Gear	</identifier>
				<transform>
					<row0>	-0.9220 0.0000 0.3872 0.0000	</row0>
					<row1>	0.3872 0.0000 0.9220 0.0000	</row1>
					<row2>	0.0000 1.0000 0.0000 0.0000	</row2>
					<row3>	-0.2645 1.1437 1.5850 1.0000	</row3>
				</transform>
			</node>
			<node>
				<identifier>	MP_CM051_Fire_Fighting_Gear_INDEX_1	</identifier>
				<transform>
					<row0>	0.9224 0.0000 0.3861 0.0000	</row0>
					<row1>	0.3861 0.0000 -0.9224 0.0000	</row1>
					<row2>	0.0000 1.0000 0.0000 0.0000	</row2>
					<row3>	0.2644 1.1459 1.5843 1.0000	</row3>
				</transform>
			</node>
			<node>
				<identifier>	MP_CM051_Fire_Fighting_Gear_INDEX_10	</identifier>
				<transform>
					<row0>	0.8131 0.0000 0.5822 0.0000	</row0>
					<row1>	0.5822 0.0000 -0.8131 0.0000	</row1>
					<row2>	0.0000 1.0000 0.0000 0.0000	</row2>
					<row3>	0.7243 0.5007 1.9761 1.0000	</row3>
				</transform>
			</node>
			<node>
				<identifier>	MP_CM051_Fire_Fighting_Gear_INDEX_11	</identifier>
				<transform>
					<row0>	0.0000 0.0000 -1.0000 0.0000	</row0>
					<row1>	-1.0000 0.0000 0.0000 0.0000	</row1>
					<row2>	0.0000 1.0000 0.0000 0.0000	</row2>
					<row3>	-0.3368 0.8393 0.6002 1.0000	</row3>
				</transform>
			</node>
			<node>
				<identifier>	MP_CM051_Fire_Fighting_Gear_INDEX_12	</identifier>
				<transform>
					<row0>	-0.8198 0.0000 0.5726 0.0000	</row0>
					<row1>	0.5726 0.0000 0.8198 0.0000	</row1>
					<row2>	0.0000 1.0000 0.0000 0.0000	</row2>
					<row3>	-0.5006 0.6727 1.4536 1.0000	</row3>
				</transform>
			</node>
			<node>
				<identifier>	MP_CM051_Fire_Fighting_Gear_INDEX_13	</identifier>
				<transform>
					<row0>	1.0000 0.0000 0.0000 0.0000	</row0>
					<row1>	0.0000 0.0000 -1.0000 0.0000	</row1>
					<row2>	0.0000 1.0000 0.0000 0.0000	</row2>
					<row3>	0.3001 1.4518 0.7155 1.0000	</row3>
				</transform>
			</node>
			<node>
				<identifier>	MP_CM051_Fire_Fighting_Gear_INDEX_14	</identifier>
				<transform>
					<row0>	-0.4800 0.0000 -0.8773 0.0000	</row0>
					<row1>	-0.8773 0.0000 0.4800 0.0000	</row1>
					<row2>	0.0000 1.0000 0.0000 0.0000	</row2>
					<row3>	-0.2471 1.7858 0.5711 1.0000	</row3>
				</transform>
			</node>
			<node>
				<identifier>	MP_CM051_Fire_Fighting_Gear_INDEX_15	</identifier>
				<transform>
					<row0>	0.4800 0.0000 -0.8773 0.0000	</row0>
					<row1>	-0.8773 0.0000 -0.4800 0.0000	</row1>
					<row2>	0.0000 1.0000 0.0000 0.0000	</row2>
					<row3>	0.2471 1.7858 0.5711 1.0000	</row3>
				</transform>
			</node>
			<node>
				<identifier>	MP_CM051_Fire_Fighting_Gear_INDEX_16	</identifier>
				<transform>
					<row0>	1.0000 0.0000 0.0000 0.0000	</row0>
					<row1>	0.0000 0.0000 -1.0000 0.0000	</row1>
					<row2>	0.0000 1.0000 0.0000 0.0000	</row2>
					<row3>	0.3001 1.2858 0.8144 1.0000	</row3>
				</transform>
			</node>
			<node>
				<identifier>	MP_CM051_Fire_Fighting_Gear_INDEX_17	</identifier>
				<transform>
					<row0>	0.0000 0.0000 -1.0000 0.0000	</row0>
					<row1>	-1.0000 0.0000 0.0000 0.0000	</row1>
					<row2>	0.0000 1.0000 0.0000 0.0000	</row2>
					<row3>	0.3368 0.8393 0.6002 1.0000	</row3>
				</transform>
			</node>
			<node>
				<identifier>	MP_CM051_Fire_Fighting_Gear_INDEX_18	</identifier>
				<transform>
					<row0>	-0.8206 0.0000 0.5716 0.0000	</row0>
					<row1>	0.5716 0.0000 0.8206 0.0000	</row1>
					<row2>	0.0000 1.0000 0.0000 0.0000	</row2>
					<row3>	-1.0261 0.5013 1.5432 1.0000	</row3>
				</transform>
			</node>
			<node>
				<identifier>	MP_CM051_Fire_Fighting_Gear_INDEX_19	</identifier>
				<transform>
					<row0>	0.8131 0.0000 0.5822 0.0000	</row0>
					<row1>	0.5822 0.0000 -0.8131 0.0000	</row1>
					<row2>	0.0000 1.0000 0.0000 0.0000	</row2>
					<row3>	1.0261 0.5013 1.5432 1.0000	</row3>
				</transform>
			</node>
			<node>
				<identifier>	MP_CM051_Fire_Fighting_Gear_INDEX_2	</identifier>
				<transform>
					<row0>	1.0000 0.0000 0.0000 0.0000	</row0>
					<row1>	0.0000 0.0000 -1.0000 0.0000	</row1>
					<row2>	0.0000 1.0000 0.0000 0.0000	</row2>
					<row3>	0.3001 1.0073 0.7155 1.0000	</row3>
				</transform>
			</node>
			<node>
				<identifier>	MP_CM051_Fire_Fighting_Gear_INDEX_20	</identifier>
				<transform>
					<row0>	-1.0000 0.0000 0.0000 0.0000	</row0>
					<row1>	0.0000 0.0000 1.0000 0.0000	</row1>
					<row2>	0.0000 1.0000 0.0000 0.0000	</row2>
					<row3>	-0.2993 1.0074 0.7151 1.0000	</row3>
				</transform>
			</node>
			<node>
				<identifier>	MP_CM051_Fire_Fighting_Gear_INDEX_21	</identifier>
				<transform>
					<row0>	1.0000 0.0000 0.0000 0.0000	</row0>
					<row1>	0.0000 0.0000 -1.0000 0.0000	</row1>
					<row2>	0.0000 1.0000 0.0000 0.0000	</row2>
					<row3>	0.3001 1.1437 0.9836 1.0000	</row3>
				</transform>
			</node>
			<node>
				<identifier>	MP_CM051_Fire_Fighting_Gear_INDEX_22	</identifier>
				<transform>
					<row0>	-1.0000 0.0000 0.0000 0.0000	</row0>
					<row1>	0.0000 0.0000 1.0000 0.0000	</row1>
					<row2>	0.0000 1.0000 0.0000 0.0000	</row2>
					<row3>	-0.3000 1.2858 0.8143 1.0000	</row3>
				</transform>
			</node>
			<node>
				<identifier>	MP_CM051_Fire_Fighting_Gear_INDEX_23	</identifier>
				<transform>
					<row0>	-0.8173 0.0000 0.5763 0.0000	</row0>
					<row1>	0.5763 0.0000 0.8173 0.0000	</row1>
					<row2>	0.0000 1.0000 0.0000 0.0000	</row2>
					<row3>	-0.7243 0.5007 1.9761 1.0000	</row3>
				</transform>
			</node>
			<node>
				<identifier>	MP_CM051_Fire_Fighting_Gear_INDEX_3	</identifier>
				<transform>
					<row0>	0.4800 0.0000 -0.8773 0.0000	</row0>
					<row1>	-0.8773 0.0000 -0.4800 0.0000	</row1>
					<row2>	0.0000 1.0000 0.0000 0.0000	</row2>
					<row3>	0.2471 1.6186 0.5711 1.0000	</row3>
				</transform>
			</node>
			<node>
				<identifier>	MP_CM051_Fire_Fighting_Gear_INDEX_4	</identifier>
				<transform>
					<row0>	-1.0000 0.0000 0.0000 0.0000	</row0>
