<RSB009_Lenin_1945_MidBack_ports.visual>
	<node>
		<identifier>	Scene Root	</identifier>
		<transform>
			<row0>	1.0000 0.0000 0.0000 0.0000	</row0>
			<row1>	0.0000 1.0000 0.0000 0.0000	</row1>
			<row2>	0.0000 0.0000 1.0000 0.0000	</row2>
			<row3>	0.0000 0.0000 0.0000 1.0000	</row3>
		</transform>
		<node>
			<identifier>	MidBack_ports	</identifier>
			<transform>
				<row0>	1.0000 0.0000 0.0000 0.0000	</row0>
				<row1>	0.0000 1.0000 0.0000 0.0000	</row1>
				<row2>	0.0000 0.0000 1.0000 0.0000	</row2>
				<row3>	0.0000 0.0000 0.0000 1.0000	</row3>
			</transform>
			<node>
				<identifier>	HP_FX_Death_3	</identifier>
				<transform>
					<row0>	1.0000 0.0000 0.0000 0.0000	</row0>
					<row1>	0.0000 1.0000 0.0000 0.0000	</row1>
					<row2>	0.0000 0.0000 1.0000 0.0000	</row2>
					<row3>	0.0000 0.0000 -5.0718 1.0000	</row3>
				</transform>
			</node>
			<node>
				<identifier>	HP_FX_Fire_3	</identifier>
				<transform>
					<row0>	1.0000 0.0000 0.0000 0.0000	</row0>
					<row1>	0.0000 1.0000 0.0000 0.0000	</row1>
					<row2>	0.0000 0.0000 1.0000 0.0000	</row2>
					<row3>	0.0000 0.7672 -4.2032 1.0000	</row3>
				</transform>
			</node>
			<node>
				<identifier>	HP_FX_Fire_3_side_1	</identifier>
				<transform>
					<row0>	0.9981 0.0000 -0.0623 0.0000	</row0>
					<row1>	0.0000 1.0000 0.0000 0.0000	</row1>
					<row2>	0.0623 0.0000 0.9981 0.0000	</row2>
					<row3>	0.5250 1.0117 -1.6083 1.0000	</row3>
				</transform>
			</node>
			<node>
				<identifier>	HP_FX_Fire_3_side_2	</identifier>
				<transform>
					<row0>	0.9981 0.0000 0.0623 0.0000	</row0>
					<row1>	0.0000 1.0000 0.0000 0.0000	</row1>
					<row2>	-0.0623 0.0000 0.9981 0.0000	</row2>
					<row3>	-0.4051 0.5371 -3.4326 1.0000	</row3>
				</transform>
			</node>
			<node>
				<identifier>	HP_FX_Fire_5	</identifier>
				<transform>
					<row0>	1.0000 0.0000 0.0000 0.0000	</row0>
					<row1>	0.0000 1.0000 0.0000 0.0000	</row1>
					<row2>	0.0000 0.0000 1.0000 0.0000	</row2>
					<row3>	-0.1367 0.6194 -1.8051 1.0000	</row3>
				</transform>
			</node>
			<node>
				<identifier>	HP_FX_Fire_5_2	</identifier>
				<transform>
					<row0>	1.0000 0.0000 0.0000 0.0000	</row0>
					<row1>	0.0000 1.0000 0.0000 0.0000	</row1>
					<row2>	0.0000 0.0000 1.0000 0.0000	</row2>
					<row3>	-0.1367 0.5897 -2.1401 1.0000	</row3>
				</transform>
			</node>
			<node>
				<identifier>	HP_FX_FloodLight_left_1	</identifier>
				<transform>
					<row0>	-0.9484 0.0000 0.3170 0.0000	</row0>
					<row1>	0.0000 1.0000 0.0000 0.0000	</row1>
					<row2>	-0.3170 0.0000 -0.9484 0.0000	</row2>
					<row3>	-0.3438 0.5807 -0.9035 1.0000	</row3>
				</transform>
			</node>
			<node>
				<identifier>	HP_FX_FloodLight_left_2	</identifier>
				<transform>
					<row0>	-1.0000 0.0000 0.0000 0.0000	</row0>
					<row1>	0.0000 1.0000 0.0000 0.0000	</row1>
					<row2>	0.0000 0.0000 -1.0000 0.0000	</row2>
					<row3>	-0.1709 1.0425 -3.0645 1.0000	</row3>
				</transform>
			</node>
			<node>
				<identifier>	HP_FX_FloodLight_right_1	</identifier>
				<transform>
					<row0>	0.9359 0.0000 0.3523 0.0000	</row0>
					<row1>	0.0000 1.0000 0.0000 0.0000	</row1>
					<row2>	-0.3523 0.0000 0.9359 0.0000	</row2>
					<row3>	0.3398 0.5847 -0.9015 1.0000	</row3>
				</transform>
			</node>
			<node>
				<identifier>	HP_FX_FloodLight_right_2	</identifier>
				<transform>
					<row0>	1.0000 0.0000 0.0000 0.0000	</row0>
					<row1>	0.0000 1.0000 0.0000 0.0000	</row1>
					<row2>	0.0000 0.0000 1.0000 0.0000	</row2>
					<row3>	0.1729 1.0395 -3.0805 1.0000	</row3>
				</transform>
			</node>
			<node>
				<identifier>	HP_FX_Flood_steam_1	</identifier>
				<transform>
					<row0>	1.0000 0.0000 0.0000 0.0000	</row0>
					<row1>	0.0000 0.9633 -0.2684 0.0000	</row1>
					<row2>	0.0000 0.2684 0.9633 0.0000	</row2>
					<row3>	0.0269 1.3876 -3.3456 1.0000	</row3>
				</transform>
			</node>
			<node>
				<identifier>	HP_FX_Flood_steam_right	</identifier>
				<transform>
					<row0>	1.0000 0.0000 0.0000 0.0000	</row0>
					<row1>	0.0000 1.0000 0.0000 0.0000	</row1>
					<row2>	0.0000 0.0000 1.0000 0.0000	</row2>
					<row3>	1.0065 0.3578 -2.6067 1.0000	</row3>
				</transform>
			</node>
			<node>
				<identifier>	HP_FX_Flood_water_left	</identifier>
				<transform>
					<row0>	-1.0000 0.0000 0.0000 0.0000	</row0>
					<row1>	0.0000 1.0000 0.0000 0.0000	</row1>
					<row2>	0.0000 0.0000 -1.0000 0.0000	</row2>
					<row3>	-1.0286 0.2568 -1.3517 1.0000	</row3>
				</transform>
			</node>
			<node>
				<identifier>	HP_FX_Flood_water_left_3	</identifier>
				<transform>
					<row0>	-1.0000 0.0000 0.0000 0.0000	</row0>
					<row1>	0.0000 1.0000 0.0000 0.0000	</row1>
					<row2>	0.0000 0.0000 -1.0000 0.0000	</row2>
					<row3>	-0.6781 0.0985 -5.6585 1.0000	</row3>
				</transform>
			</node>
			<node>
				<identifier>	HP_FX_Flood_water_right	</identifier>
				<transform>
					<row0>	1.0000 0.0000 0.0000 0.0000	</row0>
					<row1>	0.0000 1.0000 0.0000 0.0000	</row1>
					<row2>	0.0000 0.0000 1.0000 0.0000	</row2>
					<row3>	1.0286 0.2566 -1.3509 1.0000	</row3>
				</transform>
			</node>
			<node>
				<identifier>	HP_FX_Flood_water_right_3	</identifier>
				<transform>
					<row0>	1.0000 0.0000 0.0000 0.0000	</row0>
					<row1>	0.0000 1.0000 0.0000 0.0000	</row1>
					<row2>	0.0000 0.0000 1.0000 0.0000	</row2>
					<row3>	0.6782 0.0987 -5.6581 1.0000	</row3>
				</transform>
			</node>
			<node>
				<identifier>	HP_FX_RepairLight_right_2	</identifier>
				<transform>
					<row0>	-0.1388 0.0000 -0.9903 0.0000	</row0>
					<row1>	0.1736 0.9845 -0.0243 0.0000	</row1>
					<row2>	0.9750 -0.1753 -0.1366 0.0000	</row2>
					<row3>	0.6887 0.2423 -5.7973 1.0000	</row3>
				</transform>
			</node>
			<node>
				<identifier>	HP_FX_Smoke_1	</identifier>
				<transform>
					<row0>	0.9962 -0.0872 0.0000 0.0000	</row0>
					<row1>	0.0872 0.9962 0.0000 0.0000	</row1>
					<row2>	0.0000 0.0000 1.0000 0.0000	</row2>
					<row3>	0.0000 1.3613 -2.7127 1.0000	</row3>
				</transform>
			</node>
			<node>
				<identifier>	HP_FX_Smoke_2	</identifier>
				<transform>
					<row0>	0.9962 0.0872 0.0000 0.0000	</row0>
					<row1>	-0.0872 0.9962 0.0000 0.0000	</row1>
					<row2>	0.0000 0.0000 1.0000 0.0000	</row2>
					<row3>	0.0000 1.3613 -3.0741 1.0000	</row3>
				</transform>
			</node>
			<node>
				<identifier>	HP_FX_WakeTrace_screw_1	</identifier>
				<transform>
					<row0>	1.0000 0.0000 0.0000 0.0000	</row0>
					<row1>	0.0000 1.0000 0.0000 0.0000	</row1>
					<row2>	0.0000 0.0000 1.0000 0.0000	</row2>
					<row3>	-0.6137 -0.5034 -5.5700 1.0000	</row3>
				</transform>
			</node>
			<node>
				<identifier>	HP_FX_WakeTrace_screw_2	</identifier>
				<transform>
					<row0>	1.0000 0.0000 0.0000 0.0000	</row0>
					<row1>	0.0000 1.0000 0.0000 0.0000	</row1>
					<row2>	0.0000 0.0000 1.0000 0.0000	</row2>
					<row3>	0.6137 -0.5034 -5.5700 1.0000	</row3>
				</transform>
			</node>
			<node>
				<identifier>	HP_Flagpole	</identifier>
				<transform>
					<row0>	0.0039 0.0001 0.0000 0.0000	</row0>
					<row1>	-0.0001 0.0039 -0.0002 0.0000	</row1>
					<row2>	0.0000 0.0002 0.0039 0.0000	</row2>
					<row3>	0.0003 2.4672 -3.6376 1.0000	</row3>
				</transform>
			</node>
			<node>
				<identifier>	HP_RD_1	</identifier>
				<transform>
					<row0>	1.0000 0.0000 0.0000 0.0000	</row0>
					<row1>	0.0000 1.0000 0.0000 0.0000	</row1>
					<row2>	0.0000 0.0000 1.0000 0.0000	</row2>
					<row3>	0.0000 1.1454 -0.5520 1.0000	</row3>
				</transform>
			</node>
			<node>
				<identifier>	HP_RF_1	</identifier>
				<transform>
					<row0>	1.0000 0.0000 0.0000 0.0000	</row0>
					<row1>	0.0000 1.0000 0.0000 0.0000	</row1>
					<row2>	0.0000 0.0000 1.0000 0.0000	</row2>
					<row3>	0.0000 1.6077 -0.9029 1.0000	</row3>
				</transform>
			</node>
			<node>
				<identifier>	HP_RF_10	</identifier>
				<transform>
					<row0>	-1.0000 0.0000 0.0000 0.0000	</row0>
					<row1>	0.0000 1.0000 0.0000 0.0000	</row1>
					<row2>	0.0000 0.0000 -1.0000 0.0000	</row2>
					<row3>	0.0000 0.9371 -4.3562 1.0000	</row3>
				</transform>
			</node>
			<node>
				<identifier>	HP_RF_11	</identifier>
				<transform>
					<row0>	-1.0000 0.0000 0.0000 0.0000	</row0>
					<row1>	0.0000 1.0000 0.0000 0.0000	</row1>
					<row2>	0.0000 0.0000 -1.0000 0.0000	</row2>
					<row3>	0.0000 0.7532 -4.7007 1.0000	</row3>
				</transform>
			</node>
			<node>
				<identifier>	HP_RF_2	</identifier>
				<transform>
					<row0>	1.0000 0.0000 0.0000 0.0000	</row0>
					<row1>	0.0000 1.0000 0.0000 0.0000	</row1>
					<row2>	0.0000 0.0000 1.0000 0.0000	</row2>
					<row3>	-0.2135 1.7114 -1.1817 1.0000	</row3>
				</transform>
			</node>
			<node>
				<identifier>	HP_RF_3	</identifier>
				<transform>
					<row0>	1.0000 0.0000 0.0000 0.0000	</row0>
					<row1>	0.0000 1.0000 0.0000 0.0000	</row1>
					<row2>	0.0000 0.0000 1.0000 0.0000	</row2>
					<row3>	0.2135 1.7114 -1.1817 1.0000	</row3>
				</transform>
			</node>
			<node>
				<identifier>	HP_RF_4	</identifier>
				<transform>
					<row0>	1.0000 0.0000 0.0000 0.0000	</row0>
					<row1>	0.0000 1.0000 0.0000 0.0000	</row1>
					<row2>	0.0000 0.0000 1.0000 0.0000	</row2>
					<row3>	-0.0003 2.0917 -1.4519 1.0000	</row3>
				</transform>
			</node>
			<node>
				<identifier>	HP_RF_5	</identifier>
				<transform>
					<row0>	0.0000 0.0000 1.0000 0.0000	</row0>
					<row1>	0.0000 1.0000 0.0000 0.0000	</row1>
					<row2>	-1.0000 0.0000 0.0000 0.0000	</row2>
					<row3>	-0.3150 1.4408 -1.4530 1.0000	</row3>
				</transform>
			</node>
			<node>
				<identifier>	HP_RF_6	</identifier>
				<transform>
					<row0>	0.0000 0.0000 -1.0000 0.0000	</row0>
					<row1>	0.0000 1.0000 0.0000 0.0000	</row1>
					<row2>	1.0000 0.0000 0.0000 0.0000	</row2>
					<row3>	0.3149 1.4408 -1.4530 1.0000	</row3>
				</transform>
			</node>
			<node>
				<identifier>	HP_RF_7	</identifier>
				<transform>
					<row0>	1.0000 0.0000 0.0000 0.0000	</row0>
					<row1>	0.0000 1.0000 0.0000 0.0000	</row1>
					<row2>	0.0000 0.0000 1.0000 0.0000	</row2>
					<row3>	-0.4675 0.8956 -1.6025 1.0000	</row3>
				</transform>
			</node>
			<node>
				<identifier>	HP_RF_8	</identifier>
				<transform>
					<row0>	1.0000 0.0000 0.0000 0.0000	</row0>
					<row1>	0.0000 1.0000 0.0000 0.0000	</row1>
					<row2>	0.0000 0.0000 1.0000 0.0000	</row2>
					<row3>	0.4675 0.8956 -1.6025 1.0000	</row3>
				</transform>
			</node>
			<node>
				<identifier>	HP_RF_9	</identifier>
				<transform>
					<row0>	-1.0000 0.0000 0.0000 0.0000	</row0>
					<row1>	0.0000 1.0000 0.0000 0.0000	</row1>
					<row2>	0.0000 0.0000 -1.0000 0.0000	</row2>
					<row3>	0.0000 1.1927 -3.9545 1.0000	</row3>
				</transform>
			</node>
			<node>
				<identifier>	HP_RGA_10	</identifier>
				<transform>
					<row0>	0.0000 0.0000 -1.0000 0.0000	</row0>
					<row1>	0.0000 1.0000 0.0000 0.0000	</row1>
					<row2>	1.0000 0.0000 0.0000 0.0000	</row2>
					<row3>	0.3119 1.1793 -2.9018 1.0000	</row3>
				</transform>
			</node>
			<node>
				<identifier>	HP_RGA_11	</identifier>
				<transform>
					<row0>	0.0000 0.0000 1.0000 0.0000	</row0>
					<row1>	0.0000 1.0000 0.0000 0.0000	</row1>
					<row2>	-1.0000 0.0000 0.0000 0.0000	</row2>
					<row3>	-0.3746 0.7232 -4.4026 1.0000	</row3>
				</transform>
			</node>
			<node>
				<identifier>	HP_RGA_12	</identifier>
				<transform>
					<row0>	0.0000 0.0000 -1.0000 0.0000	</row0>
					<row1>	0.0000 1.0000 0.0000 0.0000	</row1>
					<row2>	1.0000 0.0000 0.0000 0.0000	</row2>
					<row3>	0.3746 0.7232 -4.4026 1.0000	</row3>
				</transform>
			</node>
			<node>
				<identifier>	HP_RGA_5	</identifier>
				<transform>
					<row0>	0.0000 0.0000 1.0000 0.0000	</row0>
					<row1>	0.0000 1.0000 0.0000 0.0000	</row1>
					<row2>	-1.0000 0.0000 0.0000 0.0000	</row2>
					<row3>	-0.8402 0.4298 -1.0504 1.0000	</row3>
				</transform>
			</node>
			<node>
				<identifier>	HP_RGA_6	</identifier>
				<transform>
					<row0>	0.0000 0.0000 -1.0000 0.0000	</row0>
					<row1>	0.0000 1.0000 0.0000 0.0000	</row1>
					<row2>	1.0000 0.0000 0.0000 0.0000	</row2>
					<row3>	0.8402 0.4298 -1.0504 1.0000	</row3>
				</transform>
			</node>
			<node>
				<identifier>	HP_RGA_7	</identifier>
				<transform>
					<row0>	0.0000 0.0000 1.0000 0.0000	</row0>
					<row1>	0.0000 1.0000 0.0000 0.0000	</row1>
					<row2>	-1.0000 0.0000 0.0000 0.0000	</row2>
					<row3>	-0.3991 0.7884 -1.2550 1.0000	</row3>
				</transform>
			</node>
			<node>
				<identifier>	HP_RGA_8	</identifier>
				<transform>
					<row0>	0.0000 0.0000 -1.0000 0.0000	</row0>
					<row1>	0.0000 1.0000 0.0000 0.0000	</row1>
					<row2>	1.0000 0.0000 0.0000 0.0000	</row2>
					<row3>	0.3991 0.7884 -1.2550 1.0000	</row3>
				</transform>
			</node>
			<node>
				<identifier>	HP_RGA_9	</identifier>
				<transform>
					<row0>	0.0000 0.0000 1.0000 0.0000	</row0>
					<row1>	0.0000 1.0000 0.0000 0.0000	</row1>
					<row2>	-1.0000 0.0000 0.0000 0.0000	</row2>
					<row3>	-0.3119 1.1793 -2.9018 1.0000	</row3>
				</transform>
			</node>
			<node>
				<identifier>	HP_RGS_1	</identifier>
				<transform>
					<row0>	1.0000 0.0000 0.0000 0.0000	</row0>
					<row1>	0.0000 1.0000 0.0000 0.0000	</row1>
					<row2>	0.0000 0.0000 1.0000 0.0000	</row2>
					<row3>	-0.7469 0.4638 -2.2544 1.0000	</row3>
				</transform>
			</node>
			<node>
				<identifier>	HP_RGS_10	</identifier>
				<transform>
					<row0>	-1.0000 0.0000 0.0000 0.0000	</row0>
					<row1>	0.0000 1.0000 0.0000 0.0000	</row1>
					<row2>	0.0000 0.0000 -1.0000 0.0000	</row2>
					<row3>	0.6080 0.4471 -4.8500 1.0000	</row3>
				</transform>
			</node>
			<node>
				<identifier>	HP_RGS_2	</identifier>
				<transform>
					<row0>	1.0000 0.0000 0.0000 0.0000	</row0>
					<row1>	0.0000 1.0000 0.0000 0.0000	</row1>
					<row2>	0.0000 0.0000 1.0000 0.0000	</row2>
					<row3>	0.7469 0.4638 -2.2544 1.0000	</row3>
				</transform>
			</node>
			<node>
				<identifier>	HP_RGS_3	</identifier>
				<transform>
					<row0>	1.0000 0.0000 0.0000 0.0000	</row0>
					<row1>	0.0000 1.0000 0.0000 0.0000	</row1>
					<row2>	0.0000 0.0000 1.0000 0.0000	</row2>
					<row3>	-0.7469 0.6291 -2.9487 1.0000	</row3>
				</transform>
			</node>
			<node>
				<identifier>	HP_RGS_4	</identifier>
				<transform>
					<row0>	1.0000 0.0000 0.0000 0.0000	</row0>
					<row1>	0.0000 1.0000 0.0000 0.0000	</row1>
					<row2>	0.0000 0.0000 1.0000 0.0000	</row2>
					<row3>	0.7469 0.6291 -2.9487 1.0000	</row3>
				</transform>
			</node>
			<node>
				<identifier>	HP_RGS_5	</identifier>
				<transform>
					<row0>	1.0000 0.0000 0.0000 0.0000	</row0>
					<row1>	0.0000 1.0000 0.0000 0.0000	</row1>
					<row2>	0.0000 0.0000 1.0000 0.0000	</row2>
					<row3>	-0.7000 0.4425 -3.8548 1.0000	</row3>
				</transform>
			</node>
			<node>
				<identifier>	HP_RGS_6	</identifier>
				<transform>
					<row0>	1.0000 0.0000 0.0000 0.0000	</row0>
					<row1>	0.0000 1.0000 0.0000 0.0000	</row1>
					<row2>	0.0000 0.0000 1.0000 0.0000	</row2>
					<row3>	0.7000 0.4425 -3.8548 1.0000	</row3>
				</transform>
			</node>
			<node>
				<identifier>	HP_RGS_7	</identifier>
				<transform>
					<row0>	1.0000 0.0000 0.0000 0.0000	</row0>
					<row1>	0.0000 1.0000 0.0000 0.0000	</row1>
					<row2>	0.0000 0.0000 1.0000 0.0000	</row2>
					<row3>	-0.7026 0.5289 -4.2544 1.0000	</row3>
				</transform>
			</node>
			<node>
				<identifier>	HP_RGS_8	</identifier>
				<transform>
					<row0>	1.0000 0.0000 0.0000 0.0000	</row0>
					<row1>	0.0000 1.0000 0.0000 0.0000	</row1>
					<row2>	0.0000 0.0000 1.0000 0.0000	</row2>
					<row3>	0.7026 0.5289 -4.2544 1.0000	</row3>
				</transform>
			</node>
			<node>
				<identifier>	HP_RGS_9	</identifier>
				<transform>
					<row0>	-1.0000 0.0000 0.0000 0.0000	</row0>
					<row1>	0.0000 1.0000 0.0000 0.0000	</row1>
					<row2>	0.0000 0.0000 -1.0000 0.0000	</row2>
					<row3>	-0.6080 0.4471 -4.8500 1.0000	</row3>
				</transform>
			</node>
			<node>
				<identifier>	HP_RRS_1	</identifier>
				<transform>
					<row0>	-1.0000 0.0000 0.0000 0.0000	</row0>
					<row1>	0.0000 1.0000 0.0000 0.0000	</row1>
					<row2>	0.0000 0.0000 -1.0000 0.0000	</row2>
					<row3>	0.0000 2.4184 -3.5074 1.0000	</row3>
				</transform>
			</node>
			<node>
				<identifier>	HP_Ship_death_2	</identifier>
				<transform>
					<row0>	1.0000 0.0000 0.0000 0.0000	</row0>
					<row1>	0.0000 1.0000 0.0000 0.0000	</row1>
					<row2>	0.0000 0.0000 1.0000 0.0000	</row2>
					<row3>	0.0000 0.0000 -0.3837 1.0000	</row3>
				</transform>
			</node>
			<node>
				<identifier>	HP_flag_1	</identifier>
				<transform>
					<row0>	0.8322 -0.5414 0.1196 0.0000	</row0>
					<row1>	0.5414 0.7470 -0.3859 0.0000	</row1>
					<row2>	0.1196 0.3859 0.9147 0.0000	</row2>
					<row3>	0.6612 1.6839 -1.9750 1.0000	</row3>
				</transform>
			</node>
			<node>
				<identifier>	HP_flag_2	</identifier>
				<transform>
					<row0>	0.8322 0.5414 -0.1196 0.0000	</row0>
					<row1>	-0.5414 0.7470 -0.3859 0.0000	</row1>
					<row2>	-0.1196 0.3859 0.9147 0.0000	</row2>
					<row3>	-0.6612 1.6839 -1.9750 1.0000	</row3>
				</transform>
			</node>
			<node>
				<identifier>	HP_flag_3	</identifier>
				<transform>
					<row0>	0.9084 -0.4096 0.0843 0.0000	</row0>
					<row1>	0.4096 0.8308 -0.3768 0.0000	</row1>
					<row2>	0.0843 0.3768 0.9224 0.0000	</row2>
					<row3>	0.5427 1.6824 -1.8792 1.0000	</row3>
				</transform>
			</node>
			<node>
				<identifier>	HP_flag_4	</identifier>
				<transform>
					<row0>	0.9084 0.4096 -0.0843 0.0000	</row0>
					<row1>	-0.4096 0.8308 -0.3768 0.0000	</row1>
					<row2>	-0.0843 0.3768 0.9224 0.0000	</row2>
					<row3>	-0.5427 1.6824 -1.8792 1.0000	</row3>
				</transform>
			</node>
			<node>
				<identifier>	HP_flag_courtesy	</identifier>
				<transform>
					<row0>	0.8857 -0.4639 0.0183 0.0000	</row0>
					<row1>	0.4639 0.8828 -0.0744 0.0000	</row1>
					<row2>	0.0183 0.0744 0.9971 0.0000	</row2>
					<row3>	0.3523 1.5492 -3.5733 1.0000	</row3>
				</transform>
			</node>
			<node>
				<identifier>	HP_flag_house	</identifier>
				<transform>
					<row0>	0.8857 0.4639 -0.0183 0.0000	</row0>
					<row1>	-0.4639 0.8828 -0.0744 0.0000	</row1>
					<row2>	-0.0183 0.0744 0.9971 0.0000	</row2>
					<row3>	-0.3523 1.5492 -3.5733 1.0000	</row3>
				</transform>
			</node>
			<node>
				<identifier>	HP_flag_nation	</identifier>
				<transform>
					<row0>	1.0000 0.0000 0.0000 0.0000	</row0>
					<row1>	0.0000 0.9686 -0.2488 0.0000	</row1>
					<row2>	0.0000 0.2488 0.9686 0.0000	</row2>
					<row3>	0.0000 2.1135 -3.8067 1.0000	</row3>
				</transform>
			</node>
			<node>
				<identifier>	HP_flag_rank	</identifier>
				<transform>
					<row0>	1.0000 0.0000 0.0000 0.0000	</row0>
					<row1>	0.0000 0.9686 -0.2488 0.0000	</row1>
					<row2>	0.0000 0.2488 0.9686 0.0000	</row2>
					<row3>	0.0000 1.9343 -3.7607 1.0000	</row3>
				</transform>
			</node>
			<node>
				<identifier>	MP_CM001_Propeller3_L	</identifier>
				<transform>
					<row0>	1.4022 0.0000 -0.0433 0.0000	</row0>
					<row1>	0.0000 1.4029 0.0000 0.0000	</row1>
					<row2>	0.0433 0.0000 1.4022 0.0000	</row2>
					<row3>	-0.6137 -0.5034 -5.5700 1.0000	</row3>
				</transform>
			</node>
			<node>
				<identifier>	MP_CM011_Fire_Fighting_Gear	</identifier>
				<transform>
					<row0>	0.0000 0.0000 1.0000 0.0000	</row0>
					<row1>	0.0000 1.0000 0.0000 0.0000	</row1>
					<row2>	-1.0000 0.0000 0.0000 0.0000	</row2>
					<row3>	0.1907 0.4568 -2.5891 1.0000	</row3>
				</transform>
			</node>
			<node>
				<identifier>	MP_CM011_Fire_Fighting_Gear_INDEX_1	</identifier>
				<transform>
					<row0>	0.7893 0.0000 0.6140 0.0000	</row0>
					<row1>	0.0000 1.0000 0.0000 0.0000	</row1>
					<row2>	-0.6140 0.0000 0.7893 0.0000	</row2>
					<row3>	0.2470 0.4532 -4.7283 1.0000	</row3>
				</transform>
			</node>
			<node>
				<identifier>	MP_CM011_Fire_Fighting_Gear_INDEX_2	</identifier>
				<transform>
					<row0>	0.0000 0.0000 -1.0000 0.0000	</row0>
					<row1>	0.0000 1.0000 0.0000 0.0000	</row1>
					<row2>	1.0000 0.0000 0.0000 0.0000	</row2>
					<row3>	-0.1907 0.4568 -2.5891 1.0000	</row3>
				</transform>
			</node>
			<node>
				<identifier>	MP_CM011_Fire_Fighting_Gear_INDEX_3	</identifier>
				<transform>
					<row0>	0.7893 0.0000 -0.6140 0.0000	</row0>
					<row1>	0.0000 1.0000 0.0000 0.0000	</row1>
					<row2>	0.6140 0.0000 0.7893 0.0000	</row2>
					<row3>	-0.2470 0.4532 -4.7283 1.0000	</row3>
				</transform>
			</node>
			<node>
				<identifier>	MP_CM011_Fire_Fighting_Gear_INDEX_4	</identifier>
				<transform>
					<row0>	1.0000 0.0000 0.0000 0.0000	</row0>
					<row1>	0.0000 1.0000 0.0000 0.0000	</row1>
					<row2>	0.0000 0.0000 1.0000 0.0000	</row2>
					<row3>	0.4615 0.2434 -5.6090 1.0000	</row3>
				</transform>
			</node>
			<node>
				<identifier>	MP_CM011_Fire_Fighting_Gear_INDEX_5	</identifier>
				<transform>
					<row0>	0.0000 0.0000 -1.0000 0.0000	</row0>
					<row1>	0.0000 1.0000 0.0000 0.0000	</row1>
					<row2>	1.0000 0.0000 0.0000 0.0000	</row2>
					<row3>	-0.1655 0.4571 -0.5546 1.0000	</row3>
				</transform>
			</node>
			<node>
				<identifier>	MP_CM011_Fire_Fighting_Gear_INDEX_6	</identifier>
				<transform>
					<row0>	1.0000 0.0000 0.0000 0.0000	</row0>
					<row1>	0.0000 1.0000 0.0000 0.0000	</row1>
					<row2>	0.0000 0.0000 1.0000 0.0000	</row2>
					<row3>	-0.4615 0.2434 -5.6090 1.0000	</row3>
				</transform>
			</node>
			<node>
				<identifier>	MP_CM011_Fire_Fighting_Gear_INDEX_7	</identifier>
				<transform>
					<row0>	0.0000 0.0000 1.0000 0.0000	</row0>
					<row1>	0.0000 1.0000 0.0000 0.0000	</row1>
					<row2>	-1.0000 0.0000 0.0000 0.0000	</row2>
					<row3>	0.1655 0.4571 -0.5546 1.0000	</row3>
				</transform>
			</node>
			<node>
				<identifier>	MP_CM014_Fuel_Oil_Hose	</identifier>
				<transform>
					<row0>	-0.0643 -0.9978 0.0139 0.0000	</row0>
					<row1>	0.0000 0.0139 0.9999 0.0000	</row1>
					<row2>	-0.9979 0.0643 -0.0009 0.0000	</row2>
					<row3>	0.7462 0.4300 -3.1981 1.0000	</row3>
				</transform>
			</node>
			<node>
				<identifier>	MP_CM014_Fuel_Oil_Hose_INDEX_1	</identifier>
				<transform>
					<row0>	-0.0615 -0.9979 0.0188 0.0000	</row0>
					<row1>	0.0000 0.0188 0.9998 0.0000	</row1>
					<row2>	-0.9981 0.0615 -0.0012 0.0000	</row2>
					<row3>	0.7463 0.4319 -2.5019 1.0000	</row3>
				</transform>
			</node>
			<node>
				<identifier>	MP_CM014_Fuel_Oil_Hose_INDEX_10	</identifier>
				<transform>
					<row0>	-0.0699 -0.9973 0.0205 0.0000	</row0>
					<row1>	0.0000 0.0206 0.9998 0.0000	</row1>
					<row2>	-0.9976 0.0699 -0.0015 0.0000	</row2>
					<row3>	0.7025 0.4278 -4.4346 1.0000	</row3>
				</transform>
			</node>
			<node>
				<identifier>	MP_CM014_Fuel_Oil_Hose_INDEX_11	</identifier>
				<transform>
					<row0>	0.0643 -0.9979 -0.0088 0.0000	</row0>
					<row1>	0.0018 0.0089 -1.0000 0.0000	</row1>
					<row2>	0.9979 0.0643 0.0024 0.0000	</row2>
					<row3>	-0.7462 0.4300 -3.1981 1.0000	</row3>
				</transform>
			</node>
			<node>
				<identifier>	MP_CM014_Fuel_Oil_Hose_INDEX_2	</identifier>
				<transform>
					<row0>	0.0622 -0.9980 -0.0137 0.0000	</row0>
					<row1>	0.0019 0.0139 -0.9999 0.0000	</row1>
					<row2>	0.9981 0.0622 0.0028 0.0000	</row2>
					<row3>	-0.7463 0.4320 -2.4754 1.0000	</row3>
				</transform>
			</node>
			<node>
				<identifier>	MP_CM014_Fuel_Oil_Hose_INDEX_3	</identifier>
				<transform>
					<row0>	-0.0643 -0.9978 0.0133 0.0000	</row0>
					<row1>	0.0000 0.0133 0.9999 0.0000	</row1>
					<row2>	-0.9979 0.0643 -0.0009 0.0000	</row2>
					<row3>	0.7462 0.4301 -3.1711 1.0000	</row3>
				</transform>
			</node>
			<node>
				<identifier>	MP_CM014_Fuel_Oil_Hose_INDEX_4	</identifier>
				<transform>
					<row0>	-0.0615 -0.9980 0.0158 0.0000	</row0>
					<row1>	0.0000 0.0158 0.9999 0.0000	</row1>
					<row2>	-0.9981 0.0615 -0.0010 0.0000	</row2>
					<row3>	0.7463 0.4320 -2.4754 1.0000	</row3>
				</transform>
			</node>
			<node>
				<identifier>	MP_CM014_Fuel_Oil_Hose_INDEX_5	</identifier>
				<transform>
					<row0>	0.0699 -0.9975 -0.0072 0.0000	</row0>
					<row1>	0.0029 0.0074 -1.0000 0.0000	</row1>
					<row2>	0.9976 0.0699 0.0034 0.0000	</row2>
					<row3>	-0.7025 0.4278 -4.4346 1.0000	</row3>
				</transform>
			</node>
			<node>
				<identifier>	MP_CM014_Fuel_Oil_Hose_INDEX_6	</identifier>
				<transform>
					<row0>	0.0615 -0.9980 -0.0125 0.0000	</row0>
					<row1>	0.0023 0.0127 -0.9999 0.0000	</row1>
					<row2>	0.9981 0.0615 0.0031 0.0000	</row2>
					<row3>	-0.7463 0.4319 -2.5019 1.0000	</row3>
				</transform>
			</node>
			<node>
				<identifier>	MP_CM014_Fuel_Oil_Hose_INDEX_7	</identifier>
				<transform>
					<row0>	0.0643 -0.9979 -0.0087 0.0000	</row0>
					<row1>	0.0017 0.0088 -1.0000 0.0000	</row1>
					<row2>	0.9979 0.0643 0.0023 0.0000	</row2>
					<row3>	-0.7462 0.4301 -3.1711 1.0000	</row3>
				</transform>
			</node>
			<node>
				<identifier>	MP_CM014_Fuel_Oil_Hose_INDEX_8	</identifier>
				<transform>
					<row0>	-0.0699 -0.9973 0.0205 0.0000	</row0>
					<row1>	0.0000 0.0206 0.9998 0.0000	</row1>
					<row2>	-0.9976 0.0699 -0.0015 0.0000	</row2>
					<row3>	0.7024 0.4279 -4.4076 1.0000	</row3>
				</transform>
			</node>
			<node>
				<identifier>	MP_CM014_Fuel_Oil_Hose_INDEX_9	</identifier>
				<transform>
					<row0>	0.0699 -0.9975 -0.0087 0.0000	</row0>
					<row1>	0.0029 0.0090 -1.0000 0.0000	</row1>
					<row2>	0.9976 0.0698 0.0035 0.0000	</row2>
					<row3>	-0.7024 0.4279 -4.4076 1.0000	</row3>
				</transform>
			</node>
			<node>
				<identifier>	MP_CM017_Boat_Stowage_3	</identifier>
				<transform>
					<row0>	1.4279 0.0000 0.0000 0.0000	</row0>
					<row1>	0.0000 1.4279 0.0000 0.0000	</row1>
					<row2>	0.0000 0.0000 1.4279 0.0000	</row2>
					<row3>	-0.3251 0.5292 -3.4596 1.0000	</row3>
				</transform>
			</node>
			<node>
				<identifier>	MP_CM017_Boat_Stowage_3_INDEX_1	</identifier>
				<transform>
					<row0>	1.4280 0.0000 0.0000 0.0000	</row0>
					<row1>	0.0000 1.4280 0.0000 0.0000	</row1>
					<row2>	0.0000 0.0000 1.4280 0.0000	</row2>
					<row3>	0.2149 0.7075 -1.9753 1.0000	</row3>
				</transform>
			</node>
			<node>
				<identifier>	MP_CM017_Boat_Stowage_3_INDEX_2	</identifier>
				<transform>
					<row0>	1.4279 0.0000 0.0000 0.0000	</row0>
					<row1>	0.0000 1.4279 0.0000 0.0000	</row1>
					<row2>	0.0000 0.0000 1.4279 0.0000	</row2>
					<row3>	-0.3251 0.5291 -3.6890 1.0000	</row3>
				</transform>
			</node>
			<node>
				<identifier>	MP_CM017_Boat_Stowage_3_INDEX_3	</identifier>
				<transform>
					<row0>	1.4280 0.0000 0.0000 0.0000	</row0>
					<row1>	0.0000 1.4280 0.0000 0.0000	</row1>
					<row2>	0.0000 0.0000 1.4280 0.0000	</row2>
					<row3>	0.2149 0.7087 -2.2044 1.0000	</row3>
				</transform>
			</node>
			<node>
				<identifier>	MP_CM030_Swab_Rack_2	</identifier>
				<transform>
					<row0>	0.9845 0.0000 0.1753 0.0000	</row0>
					<row1>	0.0000 1.0000 0.0000 0.0000	</row1>
					<row2>	-0.1753 0.0000 0.9845 0.0000	</row2>
					<row3>	-0.0179 0.4566 -3.8400 1.0000	</row3>
				</transform>
			</node>
			<node>
				<identifier>	MP_CM030_Swab_Rack_2_INDEX_1	</identifier>
				<transform>
					<row0>	-1.0000 0.0000 0.0000 0.0000	</row0>
					<row1>	0.0000 1.0000 0.0000 0.0000	</row1>
					<row2>	0.0000 0.0000 -1.0000 0.0000	</row2>
					<row3>	-0.5922 0.2419 -5.3483 1.0000	</row3>
				</transform>
			</node>
			<node>
				<identifier>	MP_CM030_Swab_Rack_2_INDEX_2	</identifier>
				<transform>
					<row0>	-0.8644 0.0000 -0.5029 0.0000	</row0>
					<row1>	0.0000 1.0000 0.0000 0.0000	</row1>
					<row2>	0.5029 0.0000 -0.8644 0.0000	</row2>
					<row3>	-0.1137 0.6246 -1.5186 1.0000	</row3>
				</transform>
			</node>
			<node>
				<identifier>	MP_CM032_Propeller3_R	</identifier>
				<transform>
					<row0>	1.4022 0.0000 0.0433 0.0000	</row0>
					<row1>	0.0000 1.4029 0.0000 0.0000	</row1>
					<row2>	-0.0433 0.0000 1.4022 0.0000	</row2>
					<row3>	0.6137 -0.5034 -5.5700 1.0000	</row3>
				</transform>
			</node>
			<node>
				<identifier>	MP_CM052_Fender	</identifier>
				<transform>
					<row0>	0.6068 0.0000 -0.7948 0.0000	</row0>
					<row1>	0.0000 1.0000 0.0000 0.0000	</row1>
					<row2>	0.7948 0.0000 0.6068 0.0000	</row2>
					<row3>	0.1508 0.4573 -0.4895 1.0000	</row3>
				</transform>
			</node>
			<node>
				<identifier>	MP_CM052_Fender_INDEX_1	</identifier>
				<transform>
					<row0>	0.6583 0.0000 0.7528 0.0000	</row0>
					<row1>	0.0000 1.0000 0.0000 0.0000	</row1>
					<row2>	-0.7528 0.0000 0.6583 0.0000	</row2>
					<row3>	-0.1146 0.4585 -3.8620 1.0000	</row3>
				</transform>
			</node>
			<node>
				<identifier>	MP_CM052_Fender_INDEX_2	</identifier>
				<transform>
					<row0>	0.6583 0.0000 -0.7528 0.0000	</row0>
					<row1>	0.0000 1.0000 0.0000 0.0000	</row1>
					<row2>	0.7528 0.0000 0.6583 0.0000	</row2>
					<row3>	0.1146 0.4585 -3.8620 1.0000	</row3>
				</transform>
			</node>
			<node>
				<identifier>	MP_CM052_Fender_INDEX_3	</identifier>
				<transform>
					<row0>	0.6068 0.0000 0.7948 0.0000	</row0>
					<row1>	0.0000 1.0000 0.0000 0.0000	</row1>
					<row2>	-0.7948 0.0000 0.6068 0.0000	</row2>
					<row3>	-0.1508 0.4573 -0.4895 1.0000	</row3>
				</transform>
			</node>
			<node>
				<identifier>	MP_CM052_Fender_INDEX_4	</identifier>
				<transform>
					<row0>	0.0000 0.0000 -1.0000 0.0000	</row0>
					<row1>	0.0000 1.0000 0.0000 0.0000	</row1>
					<row2>	1.0000 0.0000 0.0000 0.0000	</row2>
					<row3>	0.2649 0.4540 -2.0013 1.0000	</row3>
				</transform>
			</node>
			<node>
				<identifier>	MP_CM052_Fender_INDEX_5	</identifier>
				<transform>
					<row0>	0.0000 0.0000 1.0000 0.0000	</row0>
					<row1>	0.0000 1.0000 0.0000 0.0000	</row1>
					<row2>	-1.0000 0.0000 0.0000 0.0000	</row2>
					<row3>	-0.2649 0.4540 -2.0013 1.0000	</row3>
				</transform>
			</node>
			<node>
				<identifier>	MP_CM056_Ships_bell	</identifier>
				<transform>
					<row0>	0.7000 0.0000 0.0000 0.0000	</row0>
					<row1>	0.0000 0.7000 0.0000 0.0000	</row1>
					<row2>	0.0000 0.0000 0.7000 0.0000	</row2>
					<row3>	0.1612 0.6000 -4.7877 1.0000	</row3>
				</transform>
			</node>
			<node>
				<identifier>	MP_CM082_Rope	</identifier>
				<transform>
					<row0>	0.0840 -0.0048 -0.9965 0.0000	</row0>
					<row1>	0.0565 0.9984 0.0000 0.0000	</row1>
					<row2>	0.9949 -0.0563 0.0841 0.0000	</row2>
					<row3>	0.0245 1.6928 -3.5888 1.0000	</row3>
				</transform>
			</node>
			<node>
				<identifier>	MP_CM126_Cleat	</identifier>
				<transform>
					<row0>	1.0000 0.0000 0.0000 0.0000	</row0>
					<row1>	0.0000 0.0000 -1.0000 0.0000	</row1>
					<row2>	0.0000 1.0000 0.0000 0.0000	</row2>
					<row3>	-0.0003 1.1123 -3.5500 1.0000	</row3>
				</transform>
			</node>
			<node>
				<identifier>	MP_RM008_Voice_Tube	</identifier>
				<transform>
					<row0>	-0.6922 0.0000 -0.7217 0.0000	</row0>
					<row1>	0.0000 1.0000 0.0000 0.0000	</row1>
					<row2>	0.7217 0.0000 -0.6922 0.0000	</row2>
					<row3>	0.1302 1.9295 -1.6019 1.0000	</row3>
				</transform>
			</node>
			<node>
				<identifier>	MP_RM008_Voice_Tube_INDEX_1	</identifier>
				<transform>
					<row0>	0.0000 0.0000 -1.0000 0.0000	</row0>
					<row1>	0.0000 1.0000 0.0000 0.0000	</row1>
					<row2>	1.0000 0.0000 0.0000 0.0000	</row2>
					<row3>	0.2604 1.6010 -1.3739 1.0000	</row3>
				</transform>
			</node>
			<node>
				<identifier>	MP_RM008_Voice_Tube_INDEX_10	</identifier>
				<transform>
					<row0>	1.0000 0.0000 0.0000 0.0000	</row0>
					<row1>	0.0000 1.0000 0.0000 0.0000	</row1>
					<row2>	0.0000 0.0000 1.0000 0.0000	</row2>
					<row3>	0.1638 1.1121 -0.7159 1.0000	</row3>
				</transform>
			</node>
			<node>
				<identifier>	MP_RM008_Voice_Tube_INDEX_11	</identifier>
				<transform>
					<row0>	-0.6428 0.0000 0.7660 0.0000	</row0>
					<row1>	0.0000 1.0000 0.0000 0.0000	</row1>
					<row2>	-0.7660 0.0000 -0.6428 0.0000	</row2>
					<row3>	0.0432 1.0552 -3.5220 1.0000	</row3>
				</transform>
			</node>
			<node>
				<identifier>	MP_RM008_Voice_Tube_INDEX_12	</identifier>
				<transform>
					<row0>	0.0000 0.0000 -1.0000 0.0000	</row0>
					<row1>	0.0000 1.0000 0.0000 0.0000	</row1>
					<row2>	1.0000 0.0000 0.0000 0.0000	</row2>
					<row3>	0.3380 1.2785 -1.4355 1.0000	</row3>
				</transform>
			</node>
			<node>
				<identifier>	MP_RM008_Voice_Tube_INDEX_13	</identifier>
				<transform>
					<row0>	1.0000 0.0000 0.0000 0.0000	</row0>
					<row1>	0.0000 1.0000 0.0000 0.0000	</row1>
					<row2>	0.0000 0.0000 1.0000 0.0000	</row2>
					<row3>	-0.0790 1.2777 -0.8793 1.0000	</row3>
				</transform>
			</node>
			<node>
				<identifier>	MP_RM008_Voice_Tube_INDEX_14	</identifier>
				<transform>
					<row0>	1.0000 0.0000 0.0000 0.0000	</row0>
					<row1>	0.0000 1.0000 0.0000 0.0000	</row1>
					<row2>	0.0000 0.0000 1.0000 0.0000	</row2>
					<row3>	-0.1376 1.6010 -0.8651 1.0000	</row3>
				</transform>
			</node>
			<node>
				<identifier>	MP_RM008_Voice_Tube_INDEX_15	</identifier>
				<transform>
					<row0>	1.0000 0.0000 0.0000 0.0000	</row0>
					<row1>	0.0000 1.0000 0.0000 0.0000	</row1>
					<row2>	0.0000 0.0000 1.0000 0.0000	</row2>
					<row3>	-0.0599 1.2777 -0.8793 1.0000	</row3>
				</transform>
			</node>
			<node>
				<identifier>	MP_RM008_Voice_Tube_INDEX_16	</identifier>
				<transform>
					<row0>	0.0000 0.0000 -1.0000 0.0000	</row0>
					<row1>	0.0000 1.0000 0.0000 0.0000	</row1>
					<row2>	1.0000 0.0000 0.0000 0.0000	</row2>
					<row3>	0.3752 1.4408 -1.3486 1.0000	</row3>
				</transform>
			</node>
			<node>
				<identifier>	MP_RM008_Voice_Tube_INDEX_17	</identifier>
				<transform>
					<row0>	0.0000 0.0000 1.0000 0.0000	</row0>
					<row1>	0.0000 1.0000 0.0000 0.0000	</row1>
					<row2>	-1.0000 0.0000 0.0000 0.0000	</row2>
					<row3>	0.1161 0.6227 -4.6652 1.0000	</row3>
				</transform>
			</node>
			<node>
				<identifier>	MP_RM008_Voice_Tube_INDEX_18	</identifier>
				<transform>
					<row0>	0.0000 0.0000 -1.0000 0.0000	</row0>
					<row1>	0.0000 1.0000 0.0000 0.0000	</row1>
					<row2>	1.0000 0.0000 0.0000 0.0000	</row2>
					<row3>	-0.1779 1.1754 -2.8267 1.0000	</row3>
				</transform>
			</node>
			<node>
				<identifier>	MP_RM008_Voice_Tube_INDEX_19	</identifier>
				<transform>
					<row0>	0.0000 0.0000 1.0000 0.0000	</row0>
					<row1>	0.0000 1.0000 0.0000 0.0000	</row1>
					<row2>	-1.0000 0.0000 0.0000 0.0000	</row2>
					<row3>	0.1734 1.1754 -2.8356 1.0000	</row3>
				</transform>
			</node>
			<node>
				<identifier>	MP_RM008_Voice_Tube_INDEX_2	</identifier>
				<transform>
					<row0>	-0.5532 0.0000 -0.8330 0.0000	</row0>
					<row1>	0.0000 1.0000 0.0000 0.0000	</row1>
					<row2>	0.8330 0.0000 -0.5532 0.0000	</row2>
					<row3>	0.2674 0.9541 -1.4919 1.0000	</row3>
				</transform>
			</node>
			<node>
				<identifier>	MP_RM008_Voice_Tube_INDEX_20	</identifier>
				<transform>
					<row0>	1.0000 0.0000 0.0000 0.0000	</row0>
					<row1>	0.0000 1.0000 0.0000 0.0000	</row1>
					<row2>	0.0000 0.0000 1.0000 0.0000	</row2>
					<row3>	0.0790 1.2777 -0.8793 1.0000	</row3>
				</transform>
			</node>
			<node>
				<identifier>	MP_RM008_Voice_Tube_INDEX_21	</identifier>
				<transform>
					<row0>	0.0000 0.0000 1.0000 0.0000	</row0>
					<row1>	0.0000 1.0000 0.0000 0.0000	</row1>
					<row2>	-1.0000 0.0000 0.0000 0.0000	</row2>
					<row3>	-0.3752 1.4408 -1.3486 1.0000	</row3>
				</transform>
			</node>
			<node>
				<identifier>	MP_RM008_Voice_Tube_INDEX_22	</identifier>
				<transform>
					<row0>	1.0000 0.0000 0.0000 0.0000	</row0>
					<row1>	0.0000 1.0000 0.0000 0.0000	</row1>
					<row2>	0.0000 0.0000 1.0000 0.0000	</row2>
					<row3>	0.1376 1.6010 -0.8651 1.0000	</row3>
				</transform>
			</node>
			<node>
				<identifier>	MP_RM008_Voice_Tube_INDEX_23	</identifier>
				<transform>
					<row0>	1.0000 0.0000 0.0000 0.0000	</row0>
					<row1>	0.0000 1.0000 0.0000 0.0000	</row1>
					<row2>	0.0000 0.0000 1.0000 0.0000	</row2>
					<row3>	0.3117 1.2786 -0.9660 1.0000	</row3>
				</transform>
			</node>
			<node>
				<identifier>	MP_RM008_Voice_Tube_INDEX_24	</identifier>
				<transform>
					<row0>	0.0000 0.0000 1.0000 0.0000	</row0>
					<row1>	0.0000 1.0000 0.0000 0.0000	</row1>
					<row2>	-1.0000 0.0000 0.0000 0.0000	</row2>
					<row3>	-0.2604 1.6010 -1.3739 1.0000	</row3>
				</transform>
			</node>
			<node>
				<identifier>	MP_RM008_Voice_Tube_INDEX_25	</identifier>
				<transform>
					<row0>	0.8911 0.0000 -0.4537 0.0000	</row0>
					<row1>	0.0000 1.0000 0.0000 0.0000	</row1>
					<row2>	0.4537 0.0000 0.8911 0.0000	</row2>
					<row3>	0.2905 1.6010 -0.9153 1.0000	</row3>
				</transform>
			</node>
			<node>
				<identifier>	MP_RM008_Voice_Tube_INDEX_26	</identifier>
				<transform>
					<row0>	0.8911 0.0000 0.4537 0.0000	</row0>
					<row1>	0.0000 1.0000 0.0000 0.0000	</row1>
					<row2>	-0.4537 0.0000 0.8911 0.0000	</row2>
					<row3>	-0.2905 1.6010 -0.9153 1.0000	</row3>
				</transform>
			</node>
			<node>
				<identifier>	MP_RM008_Voice_Tube_INDEX_27	</identifier>
				<transform>
					<row0>	0.0000 0.0000 -1.0000 0.0000	</row0>
					<row1>	0.0000 1.0000 0.0000 0.0000	</row1>
					<row2>	1.0000 0.0000 0.0000 0.0000	</row2>
					<row3>	-0.1161 0.6227 -4.6652 1.0000	</row3>
				</transform>
			</node>
			<node>
				<identifier>	MP_RM008_Voice_Tube_INDEX_28	</identifier>
				<transform>
					<row0>	1.0000 0.0000 0.0000 0.0000	</row0>
					<row1>	0.0000 1.0000 0.0000 0.0000	</row1>
					<row2>	0.0000 0.0000 1.0000 0.0000	</row2>
					<row3>	-0.1638 1.1121 -0.7159 1.0000	</row3>
				</transform>
			</node>
			<node>
				<identifier>	MP_RM008_Voice_Tube_INDEX_29	</identifier>
				<transform>
					<row0>	1.0000 0.0000 0.0000 0.0000	</row0>
					<row1>	0.0000 1.0000 0.0000 0.0000	</row1>
					<row2>	0.0000 0.0000 1.0000 0.0000	</row2>
					<row3>	-0.1480 1.2777 -0.8793 1.0000	</row3>
				</transform>
			</node>
			<node>
				<identifier>	MP_RM008_Voice_Tube_INDEX_3	</identifier>
				<transform>
					<row0>	-0.6922 0.0000 0.7217 0.0000	</row0>
					<row1>	0.0000 1.0000 0.0000 0.0000	</row1>
					<row2>	-0.7217 0.0000 -0.6922 0.0000	</row2>
					<row3>	-0.1302 1.9295 -1.6019 1.0000	</row3>
				</transform>
			</node>
			<node>
				<identifier>	MP_RM008_Voice_Tube_INDEX_30	</identifier>
				<transform>
					<row0>	1.0000 0.0000 0.0000 0.0000	</row0>
					<row1>	0.0000 1.0000 0.0000 0.0000	</row1>
					<row2>	0.0000 0.0000 1.0000 0.0000	</row2>
					<row3>	0.0599 1.2777 -0.8793 1.0000	</row3>
				</transform>
			</node>
			<node>
				<identifier>	MP_RM008_Voice_Tube_INDEX_31	</identifier>
				<transform>
					<row0>	0.0000 0.0000 1.0000 0.0000	</row0>
					<row1>	0.0000 1.0000 0.0000 0.0000	</row1>
					<row2>	-1.0000 0.0000 0.0000 0.0000	</row2>
					<row3>	-0.3380 1.2785 -1.2849 1.0000	</row3>
				</transform>
			</node>
			<node>
				<identifier>	MP_RM008_Voice_Tube_INDEX_4	</identifier>
				<transform>
					<row0>	0.0000 0.0000 -1.0000 0.0000	</row0>
					<row1>	0.0000 1.0000 0.0000 0.0000	</row1>
					<row2>	1.0000 0.0000 0.0000 0.0000	</row2>
					<row3>	0.3380 1.2785 -1.2849 1.0000	</row3>
				</transform>
			</node>
			<node>
				<identifier>	MP_RM008_Voice_Tube_INDEX_5	</identifier>
				<transform>
					<row0>	-0.5532 0.0000 0.8330 0.0000	</row0>
					<row1>	0.0000 1.0000 0.0000 0.0000	</row1>
					<row2>	-0.8330 0.0000 -0.5532 0.0000	</row2>
					<row3>	-0.2674 0.9541 -1.4919 1.0000	</row3>
				</transform>
			</node>
			<node>
				<identifier>	MP_RM008_Voice_Tube_INDEX_6	</identifier>
				<transform>
					<row0>	-0.6428 0.0000 -0.7660 0.0000	</row0>
					<row1>	0.0000 1.0000 0.0000 0.0000	</row1>
					<row2>	0.7660 0.0000 -0.6428 0.0000	</row2>
					<row3>	-0.0432 1.0552 -3.5220 1.0000	</row3>
				</transform>
			</node>
			<node>
				<identifier>	MP_RM008_Voice_Tube_INDEX_7	</identifier>
				<transform>
					<row0>	1.0000 0.0000 0.0000 0.0000	</row0>
					<row1>	0.0000 1.0000 0.0000 0.0000	</row1>
					<row2>	0.0000 0.0000 1.0000 0.0000	</row2>
					<row3>	-0.3117 1.2786 -0.9660 1.0000	</row3>
				</transform>
			</node>
			<node>
				<identifier>	MP_RM008_Voice_Tube_INDEX_8	</identifier>
				<transform>
					<row0>	0.0000 0.0000 1.0000 0.0000	</row0>
					<row1>	0.0000 1.0000 0.0000 0.0000	</row1>
					<row2>	-1.0000 0.0000 0.0000 0.0000	</row2>
					<row3>	-0.3380 1.2785 -1.4265 1.0000	</row3>
				</transform>
