<SSC011_Castilla_1944_Stern_ports.visual>
	<node>
		<identifier>	Scene Root	</identifier>
		<transform>
			<row0>	1.0000 0.0000 0.0000 0.0000	</row0>
			<row1>	0.0000 1.0000 0.0000 0.0000	</row1>
			<row2>	0.0000 0.0000 1.0000 0.0000	</row2>
			<row3>	0.0000 0.0000 0.0000 1.0000	</row3>
		</transform>
		<node>
			<identifier>	Stern_ports	</identifier>
			<transform>
				<row0>	1.0000 0.0000 0.0000 0.0000	</row0>
				<row1>	0.0000 1.0000 0.0000 0.0000	</row1>
				<row2>	0.0000 0.0000 1.0000 0.0000	</row2>
				<row3>	0.0000 0.0000 0.0000 1.0000	</row3>
			</transform>
			<node>
				<identifier>	HP_FX_Fire_4	</identifier>
				<transform>
					<row0>	1.0000 0.0000 0.0000 0.0000	</row0>
					<row1>	0.0000 1.0000 0.0000 0.0000	</row1>
					<row2>	0.0000 0.0000 1.0000 0.0000	</row2>
					<row3>	0.0573 0.3681 -6.3120 1.0000	</row3>
				</transform>
			</node>
			<node>
				<identifier>	HP_FX_RepairLight_right_1	</identifier>
				<transform>
					<row0>	-0.0685 0.0000 -0.9977 0.0000	</row0>
					<row1>	0.0000 1.0000 0.0000 0.0000	</row1>
					<row2>	0.9977 0.0000 -0.0685 0.0000	</row2>
					<row3>	0.6152 0.3616 -5.2130 1.0000	</row3>
				</transform>
			</node>
			<node>
				<identifier>	HP_FX_WakeTraceBack	</identifier>
				<transform>
					<row0>	1.0000 0.0000 0.0000 0.0000	</row0>
					<row1>	0.0000 1.0000 0.0000 0.0000	</row1>
					<row2>	0.0000 0.0000 1.0000 0.0000	</row2>
					<row3>	0.0000 0.0000 -7.7662 1.0000	</row3>
				</transform>
			</node>
			<node>
				<identifier>	HP_FX_WakeTrace_screw_1	</identifier>
				<transform>
					<row0>	1.0000 0.0000 0.0000 0.0000	</row0>
					<row1>	0.0000 1.0000 0.0000 0.0000	</row1>
					<row2>	0.0000 0.0000 1.0000 0.0000	</row2>
					<row3>	-0.3828 -0.3302 -5.7760 1.0000	</row3>
				</transform>
			</node>
			<node>
				<identifier>	HP_FX_WakeTrace_screw_2	</identifier>
				<transform>
					<row0>	1.0000 0.0000 0.0000 0.0000	</row0>
					<row1>	0.0000 1.0000 0.0000 0.0000	</row1>
					<row2>	0.0000 0.0000 1.0000 0.0000	</row2>
					<row3>	-0.2004 -0.3303 -6.9154 1.0000	</row3>
				</transform>
			</node>
			<node>
				<identifier>	HP_FX_WakeTrace_screw_3	</identifier>
				<transform>
					<row0>	1.0000 0.0000 0.0000 0.0000	</row0>
					<row1>	0.0000 1.0000 0.0000 0.0000	</row1>
					<row2>	0.0000 0.0000 1.0000 0.0000	</row2>
					<row3>	0.2004 -0.3303 -6.9154 1.0000	</row3>
				</transform>
			</node>
			<node>
				<identifier>	HP_FX_WakeTrace_screw_4	</identifier>
				<transform>
					<row0>	1.0000 0.0000 0.0000 0.0000	</row0>
					<row1>	0.0000 1.0000 0.0000 0.0000	</row1>
					<row2>	0.0000 0.0000 1.0000 0.0000	</row2>
					<row3>	0.3828 -0.3302 -5.7760 1.0000	</row3>
				</transform>
			</node>
			<node>
				<identifier>	HP_SGA_19	</identifier>
				<transform>
					<row0>	-1.0000 0.0000 0.0000 0.0000	</row0>
					<row1>	0.0000 1.0000 0.0000 0.0000	</row1>
					<row2>	0.0000 0.0000 -1.0000 0.0000	</row2>
					<row3>	-0.3443 0.3610 -5.8838 1.0000	</row3>
				</transform>
			</node>
			<node>
				<identifier>	HP_SGA_20	</identifier>
				<transform>
					<row0>	-1.0000 0.0000 0.0000 0.0000	</row0>
					<row1>	0.0000 1.0000 0.0000 0.0000	</row1>
					<row2>	0.0000 0.0000 -1.0000 0.0000	</row2>
					<row3>	0.3443 0.3610 -5.8838 1.0000	</row3>
				</transform>
			</node>
			<node>
				<identifier>	HP_Ship_death_3	</identifier>
				<transform>
					<row0>	1.0000 0.0000 0.0000 0.0000	</row0>
					<row1>	0.0000 1.0000 0.0000 0.0000	</row1>
					<row2>	0.0000 0.0000 1.0000 0.0000	</row2>
					<row3>	0.0000 0.0000 -5.0237 1.0000	</row3>
				</transform>
			</node>
			<node>
				<identifier>	MP_CM002_Propeller4_L	</identifier>
				<transform>
					<row0>	1.0768 0.0000 0.0000 0.0000	</row0>
					<row1>	0.0000 1.0766 -0.0191 0.0000	</row1>
					<row2>	0.0000 0.0191 1.0766 0.0000	</row2>
					<row3>	-0.2004 -0.3304 -6.9154 1.0000	</row3>
				</transform>
			</node>
			<node>
				<identifier>	MP_CM002_Propeller4_L_INDEX_1	</identifier>
				<transform>
					<row0>	1.0750 0.0000 -0.0082 0.0000	</row0>
					<row1>	0.0000 1.0748 -0.0190 0.0000	</row1>
					<row2>	0.0082 0.0190 1.0748 0.0000	</row2>
					<row3>	-0.3828 -0.3302 -5.7760 1.0000	</row3>
				</transform>
			</node>
			<node>
				<identifier>	MP_CM033_Propeller4_R	</identifier>
				<transform>
					<row0>	1.0750 0.0000 0.0082 0.0000	</row0>
					<row1>	0.0000 1.0748 -0.0190 0.0000	</row1>
					<row2>	-0.0082 0.0190 1.0748 0.0000	</row2>
					<row3>	0.3828 -0.3302 -5.7760 1.0000	</row3>
				</transform>
			</node>
			<node>
				<identifier>	MP_CM033_Propeller4_R_INDEX_1	</identifier>
				<transform>
					<row0>	1.0768 0.0000 0.0000 0.0000	</row0>
					<row1>	0.0000 1.0766 -0.0191 0.0000	</row1>
					<row2>	0.0000 0.0191 1.0766 0.0000	</row2>
					<row3>	0.2004 -0.3304 -6.9154 1.0000	</row3>
				</transform>
			</node>
			<node>
				<identifier>	MP_SM016_Reels	</identifier>
				<transform>
					<row0>	1.0000 0.0000 0.0000 0.0000	</row0>
					<row1>	0.0000 1.0000 0.0000 0.0000	</row1>
					<row2>	0.0000 0.0000 1.0000 0.0000	</row2>
					<row3>	-0.1091 0.3656 -5.6096 1.0000	</row3>
				</transform>
			</node>
			<node>
				<identifier>	MP_SM016_Reels_INDEX_1	</identifier>
				<transform>
					<row0>	1.0000 0.0000 0.0000 0.0000	</row0>
					<row1>	0.0000 1.0000 0.0000 0.0000	</row1>
					<row2>	0.0000 0.0000 1.0000 0.0000	</row2>
					<row3>	0.1091 0.3656 -5.6096 1.0000	</row3>
				</transform>
			</node>
			<node>
				<identifier>	MP_SM016_Reels_INDEX_2	</identifier>
				<transform>
					<row0>	1.0000 0.0000 0.0000 0.0000	</row0>
					<row1>	0.0000 1.0000 0.0000 0.0000	</row1>
					<row2>	0.0000 0.0000 1.0000 0.0000	</row2>
					<row3>	-0.2272 0.3656 -6.2435 1.0000	</row3>
				</transform>
			</node>
			<node>
				<identifier>	MP_SM016_Reels_INDEX_3	</identifier>
				<transform>
					<row0>	1.0000 0.0000 0.0000 0.0000	</row0>
					<row1>	0.0000 1.0000 0.0000 0.0000	</row1>
					<row2>	0.0000 0.0000 1.0000 0.0000	</row2>
					<row3>	0.0000 0.3681 -7.1452 1.0000	</row3>
				</transform>
			</node>
			<node>
				<identifier>	MP_SM037_Life_Buoy	</identifier>
				<transform>
					<row0>	-0.1908 -0.0013 -0.9816 0.0000	</row0>
					<row1>	0.1841 0.9822 -0.0371 0.0000	</row1>
					<row2>	0.9642 -0.1878 -0.1872 0.0000	</row2>
					<row3>	0.3481 0.2842 -7.1739 1.0000	</row3>
				</transform>
			</node>
			<node>
				<identifier>	MP_SM037_Life_Buoy_INDEX_1	</identifier>
				<transform>
					<row0>	-0.1908 0.0013 0.9816 0.0000	</row0>
					<row1>	-0.1841 0.9822 -0.0371 0.0000	</row1>
					<row2>	-0.9642 -0.1878 -0.1872 0.0000	</row2>
					<row3>	-0.3480 0.2842 -7.1739 1.0000	</row3>
				</transform>
			</node>
			<node>
				<identifier>	MP_SM047_Fire_Fighting	</identifier>
				<transform>
					<row0>	0.0000 0.0000 1.0000 0.0000	</row0>
					<row1>	0.0000 1.0000 0.0000 0.0000	</row1>
					<row2>	-1.0000 0.0000 0.0000 0.0000	</row2>
					<row3>	0.0237 0.3679 -6.5788 1.0000	</row3>
				</transform>
			</node>
			<node>
				<identifier>	MP_SM047_Fire_Fighting_INDEX_1	</identifier>
				<transform>
					<row0>	0.0000 0.0000 -1.0000 0.0000	</row0>
					<row1>	0.0000 1.0000 0.0000 0.0000	</row1>
					<row2>	1.0000 0.0000 0.0000 0.0000	</row2>
					<row3>	-0.0237 0.3679 -6.5788 1.0000	</row3>
				</transform>
			</node>
			<node>
				<identifier>	MP_SM048_Fire_Hose	</identifier>
				<transform>
					<row0>	0.0000 0.0000 -1.0000 0.0000	</row0>
					<row1>	0.0000 1.0000 0.0000 0.0000	</row1>
					<row2>	1.0000 0.0000 0.0000 0.0000	</row2>
					<row3>	0.0030 0.4088 -6.2115 1.0000	</row3>
				</transform>
			</node>
			<node>
				<identifier>	MP_SM048_Fire_Hose_INDEX_1	</identifier>
				<transform>
					<row0>	0.0000 0.0000 1.0000 0.0000	</row0>
					<row1>	0.0000 1.0000 0.0000 0.0000	</row1>
					<row2>	-1.0000 0.0000 0.0000 0.0000	</row2>
					<row3>	-0.0030 0.4088 -6.2115 1.0000	</row3>
				</transform>
			</node>
			<node>
				<identifier>	MP_SM508_Boat_8_6m	</identifier>
				<transform>
					<row0>	0.9892 0.0000 0.1467 0.0000	</row0>
					<row1>	0.0000 1.0000 0.0000 0.0000	</row1>
					<row2>	-0.1467 0.0000 0.9892 0.0000	</row2>
					<row3>	-0.3470 0.3898 -6.6703 1.0000	</row3>
				</transform>
			</node>
			<node>
				<identifier>	MP_SM508_Boat_8_6m_INDEX_1	</identifier>
				<transform>
					<row0>	0.9892 0.0000 -0.1467 0.0000	</row0>
					<row1>	0.0000 1.0000 0.0000 0.0000	</row1>
					<row2>	0.1467 0.0000 0.9892 0.0000	</row2>
					<row3>	0.3470 0.3898 -6.6703 1.0000	</row3>
				</transform>
			</node>
			<node>
				<identifier>	SP_YMS011_YHWL_M_1_INDEX_11	</identifier>
				<transform>
					<row0>	0.8977 0.4254 0.1143 0.0000	</row0>
					<row1>	-0.4220 0.9050 -0.0537 0.0000	</row1>
					<row2>	-0.1263 0.0000 0.9920 0.0000	</row2>
					<row3>	-0.5260 0.0000 -5.6265 1.0000	</row3>
				</transform>
			</node>
			<node>
				<identifier>	SP_YMS011_YHWL_M_1_INDEX_16	</identifier>
				<transform>
					<row0>	0.8396 0.5087 0.1908 0.0000	</row0>
					<row1>	-0.4949 0.8610 -0.1177 0.0000	</row1>
					<row2>	-0.2241 0.0044 0.9745 0.0000	</row2>
					<row3>	-0.2349 0.0036 -7.3013 1.0000	</row3>
				</transform>
			</node>
			<node>
				<identifier>	SP_YMS011_YHWL_M_1_INDEX_3	</identifier>
				<transform>
					<row0>	0.8594 0.4926 0.1372 0.0000	</row0>
					<row1>	-0.4876 0.8702 -0.0701 0.0000	</row1>
					<row2>	-0.1540 -0.0066 0.9881 0.0000	</row2>
					<row3>	-0.3994 0.0036 -6.4679 1.0000	</row3>
				</transform>
			</node>
			<node>
				<identifier>	SP_YMS012_YHWR_M_1_INDEX_16	</identifier>
				<transform>
					<row0>	0.8396 -0.5087 -0.1908 0.0000	</row0>
					<row1>	0.4949 0.8610 -0.1177 0.0000	</row1>
					<row2>	0.2241 0.0044 0.9745 0.0000	</row2>
					<row3>	0.2349 0.0036 -7.3013 1.0000	</row3>
				</transform>
			</node>
			<node>
				<identifier>	SP_YMS012_YHWR_M_1_INDEX_3	</identifier>
				<transform>
					<row0>	0.8594 -0.4926 -0.1372 0.0000	</row0>
					<row1>	0.4876 0.8702 -0.0701 0.0000	</row1>
					<row2>	0.1540 -0.0066 0.9881 0.0000	</row2>
					<row3>	0.3994 0.0036 -6.4679 1.0000	</row3>
				</transform>
			</node>
			<node>
				<identifier>	SP_YMS012_YHWR_M_1_INDEX_7	</identifier>
				<transform>
					<row0>	0.8977 -0.4254 -0.1143 0.0000	</row0>
					<row1>	0.4220 0.9050 -0.0537 0.0000	</row1>
					<row2>	0.1263 0.0000 0.9920 0.0000	</row2>
					<row3>	0.5260 0.0000 -5.6265 1.0000	</row3>
				</transform>
			</node>
			<node>
				<identifier>	SP_YMS023_YHUC_L_1	</identifier>
				<transform>
					<row0>	0.5417 0.0000 0.0041 0.0000	</row0>
					<row1>	0.0000 0.5417 -0.0096 0.0000	</row1>
					<row2>	-0.0041 0.0096 0.5416 0.0000	</row2>
					<row3>	0.3828 -0.3302 -5.7766 1.0000	</row3>
				</transform>
			</node>
			<node>
				<identifier>	SP_YMS023_YHUC_L_1_INDEX_1	</identifier>
				<transform>
					<row0>	0.5369 0.0000 0.0000 0.0000	</row0>
					<row1>	0.0000 0.5368 -0.0106 0.0000	</row1>
					<row2>	0.0000 0.0106 0.5368 0.0000	</row2>
					<row3>	-0.2001 -0.3302 -6.9160 1.0000	</row3>
				</transform>
			</node>
			<node>
				<identifier>	SP_YMS023_YHUC_L_1_INDEX_2	</identifier>
				<transform>
					<row0>	0.5369 0.0000 0.0000 0.0000	</row0>
					<row1>	0.0000 0.5368 -0.0106 0.0000	</row1>
					<row2>	0.0000 0.0106 0.5368 0.0000	</row2>
					<row3>	0.2001 -0.3302 -6.9160 1.0000	</row3>
				</transform>
			</node>
			<node>
				<identifier>	SP_YMS023_YHUC_L_1_INDEX_3	</identifier>
				<transform>
					<row0>	0.5417 0.0000 -0.0041 0.0000	</row0>
					<row1>	0.0000 0.5417 -0.0096 0.0000	</row1>
					<row2>	0.0041 0.0096 0.5416 0.0000	</row2>
					<row3>	-0.3828 -0.3302 -5.7766 1.0000	</row3>
				</transform>
			</node>
			<node>
				<identifier>	SP_YMS030_YHAM_M_1	</identifier>
				<transform>
					<row0>	0.7517 0.0000 0.0000 0.0000	</row0>
					<row1>	0.0000 0.7517 0.0000 0.0000	</row1>
					<row2>	0.0000 0.0000 0.7517 0.0000	</row2>
					<row3>	0.0000 0.1580 -7.8471 1.0000	</row3>
				</transform>
			</node>
			<node>
				<identifier>	SP_YMS031_YHAL_M_1	</identifier>
				<transform>
					<row0>	0.9592 0.0000 0.2826 0.0000	</row0>
					<row1>	0.0000 1.0000 0.0000 0.0000	</row1>
					<row2>	-0.2826 0.0000 0.9592 0.0000	</row2>
					<row3>	-0.2927 0.1821 -7.4428 1.0000	</row3>
				</transform>
			</node>
			<node>
				<identifier>	SP_YMS032_YHAR_M_1	</identifier>
				<transform>
					<row0>	0.9592 0.0000 -0.2826 0.0000	</row0>
					<row1>	0.0000 1.0000 0.0000 0.0000	</row1>
					<row2>	0.2826 0.0000 0.9592 0.0000	</row2>
					<row3>	0.2927 0.1821 -7.4428 1.0000	</row3>
				</transform>
			</node>
			<node>
				<identifier>	SP_YMS041_YHCS_M_1_INDEX_2	</identifier>
				<transform>
					<row0>	-0.9889 0.0000 -0.1483 0.0000	</row0>
					<row1>	0.0000 1.0000 0.0000 0.0000	</row1>
					<row2>	0.1483 0.0000 -0.9889 0.0000	</row2>
					<row3>	-0.3441 0.4436 -6.6855 1.0000	</row3>
				</transform>
			</node>
			<node>
				<identifier>	SP_YMS041_YHCS_M_1_INDEX_7	</identifier>
				<transform>
					<row0>	-0.9889 0.0000 0.1483 0.0000	</row0>
					<row1>	0.0000 1.0000 0.0000 0.0000	</row1>
					<row2>	-0.1483 0.0000 -0.9889 0.0000	</row2>
					<row3>	0.3441 0.4436 -6.6855 1.0000	</row3>
				</transform>
			</node>
			<node>
				<identifier>	SP_YMS053_YHDC_S_1_INDEX_1	</identifier>
				<transform>
					<row0>	1.0000 0.0000 0.0000 0.0000	</row0>
					<row1>	0.0000 1.0000 0.0000 0.0000	</row1>
					<row2>	0.0000 0.0000 1.0000 0.0000	</row2>
					<row3>	-0.3732 0.3771 -5.5194 1.0000	</row3>
				</transform>
			</node>
			<node>
				<identifier>	SP_YMS053_YHDC_S_1_INDEX_4	</identifier>
				<transform>
					<row0>	1.0000 0.0000 0.0000 0.0000	</row0>
					<row1>	0.0000 1.0000 0.0000 0.0000	</row1>
					<row2>	0.0000 0.0000 1.0000 0.0000	</row2>
					<row3>	0.3732 0.3771 -5.5194 1.0000	</row3>
				</transform>
			</node>
			<node>
				<identifier>	SP_YMS080_YHSL_M_1	</identifier>
				<transform>
					<row0>	0.8519 0.1376 0.1060 0.0000	</row0>
					<row1>	-0.1278 0.8559 -0.0843 0.0000	</row1>
					<row2>	-0.1177 0.0670 0.8589 0.0000	</row2>
					<row3>	-0.5482 0.2010 -5.6629 1.0000	</row3>
				</transform>
			</node>
			<node>
				<identifier>	SP_YMS081_YHSR_M_1_INDEX_1	</identifier>
				<transform>
					<row0>	0.8519 -0.1376 -0.1060 0.0000	</row0>
					<row1>	0.1278 0.8559 -0.0843 0.0000	</row1>
					<row2>	0.1177 0.0670 0.8589 0.0000	</row2>
					<row3>	0.5482 0.2010 -5.6629 1.0000	</row3>
				</transform>
			</node>
		</node>
	</node>
	<boundingBox>
		<min>	-0.0667 -0.0667 -0.0667	</min>
		<max>	0.0667 0.0667 0.0667	</max>
	</boundingBox>
</SSC011_Castilla_1944_Stern_ports.visual>
