<ASD043_Nicholas_1938_MidFront_ports.visual>
	<node>
		<identifier>	Scene Root	</identifier>
		<transform>
			<row0>	1.0000 0.0000 0.0000 0.0000	</row0>
			<row1>	0.0000 1.0000 0.0000 0.0000	</row1>
			<row2>	0.0000 0.0000 1.0000 0.0000	</row2>
			<row3>	0.0000 0.0000 0.0000 1.0000	</row3>
		</transform>
		<node>
			<identifier>	MidFront_ports	</identifier>
			<transform>
				<row0>	1.0000 0.0000 0.0000 0.0000	</row0>
				<row1>	0.0000 1.0000 0.0000 0.0000	</row1>
				<row2>	0.0000 0.0000 1.0000 0.0000	</row2>
				<row3>	0.0000 0.0000 0.0000 1.0000	</row3>
			</transform>
			<node>
				<identifier>	HP_AD_1	</identifier>
				<transform>
					<row0>	1.0000 0.0000 0.0000 0.0000	</row0>
					<row1>	0.0000 1.0000 0.0000 0.0000	</row1>
					<row2>	0.0000 0.0000 1.0000 0.0000	</row2>
					<row3>	0.0000 0.8899 1.6989 1.0000	</row3>
				</transform>
			</node>
			<node>
				<identifier>	HP_AD_2	</identifier>
				<transform>
					<row0>	0.0000 0.0000 1.0000 0.0000	</row0>
					<row1>	0.0000 1.0000 0.0000 0.0000	</row1>
					<row2>	-1.0000 0.0000 0.0000 0.0000	</row2>
					<row3>	-0.3184 0.7521 1.5406 1.0000	</row3>
				</transform>
			</node>
			<node>
				<identifier>	HP_AD_3	</identifier>
				<transform>
					<row0>	0.0000 0.0000 -1.0000 0.0000	</row0>
					<row1>	0.0000 1.0000 0.0000 0.0000	</row1>
					<row2>	1.0000 0.0000 0.0000 0.0000	</row2>
					<row3>	0.3184 0.7521 1.5406 1.0000	</row3>
				</transform>
			</node>
			<node>
				<identifier>	HP_AD_4	</identifier>
				<transform>
					<row0>	0.0000 0.0000 1.0000 0.0000	</row0>
					<row1>	0.0000 1.0000 0.0000 0.0000	</row1>
					<row2>	-1.0000 0.0000 0.0000 0.0000	</row2>
					<row3>	-0.2144 0.3973 0.3921 1.0000	</row3>
				</transform>
			</node>
			<node>
				<identifier>	HP_AD_5	</identifier>
				<transform>
					<row0>	0.0000 0.0000 -1.0000 0.0000	</row0>
					<row1>	0.0000 1.0000 0.0000 0.0000	</row1>
					<row2>	1.0000 0.0000 0.0000 0.0000	</row2>
					<row3>	0.2144 0.3973 0.3921 1.0000	</row3>
				</transform>
			</node>
			<node>
				<identifier>	HP_AF_1	</identifier>
				<transform>
					<row0>	1.0000 0.0000 0.0000 0.0000	</row0>
					<row1>	0.0000 1.0000 0.0000 0.0000	</row1>
					<row2>	0.0000 0.0000 1.0000 0.0000	</row2>
					<row3>	-0.2168 0.8886 1.5651 1.0000	</row3>
				</transform>
			</node>
			<node>
				<identifier>	HP_AF_2	</identifier>
				<transform>
					<row0>	1.0000 0.0000 0.0000 0.0000	</row0>
					<row1>	0.0000 1.0000 0.0000 0.0000	</row1>
					<row2>	0.0000 0.0000 1.0000 0.0000	</row2>
					<row3>	0.2168 0.8886 1.5651 1.0000	</row3>
				</transform>
			</node>
			<node>
				<identifier>	HP_AF_3	</identifier>
				<transform>
					<row0>	0.0000 0.0000 1.0000 0.0000	</row0>
					<row1>	0.0000 1.0000 0.0000 0.0000	</row1>
					<row2>	-1.0000 0.0000 0.0000 0.0000	</row2>
					<row3>	-0.2144 0.3973 0.3921 1.0000	</row3>
				</transform>
			</node>
			<node>
				<identifier>	HP_AF_4	</identifier>
				<transform>
					<row0>	0.0000 0.0000 -1.0000 0.0000	</row0>
					<row1>	0.0000 1.0000 0.0000 0.0000	</row1>
					<row2>	1.0000 0.0000 0.0000 0.0000	</row2>
					<row3>	0.2144 0.3973 0.3921 1.0000	</row3>
				</transform>
			</node>
			<node>
				<identifier>	HP_AGA_1	</identifier>
				<transform>
					<row0>	0.8192 0.0000 0.5736 0.0000	</row0>
					<row1>	0.0000 1.0000 0.0000 0.0000	</row1>
					<row2>	-0.5736 0.0000 0.8192 0.0000	</row2>
					<row3>	-0.2442 0.5850 1.8369 1.0000	</row3>
				</transform>
			</node>
			<node>
				<identifier>	HP_AGA_2	</identifier>
				<transform>
					<row0>	0.8192 0.0000 -0.5736 0.0000	</row0>
					<row1>	0.0000 1.0000 0.0000 0.0000	</row1>
					<row2>	0.5736 0.0000 0.8192 0.0000	</row2>
					<row3>	0.2442 0.5850 1.8369 1.0000	</row3>
				</transform>
			</node>
			<node>
				<identifier>	HP_AGA_3	</identifier>
				<transform>
					<row0>	0.0000 0.0000 1.0000 0.0000	</row0>
					<row1>	0.0000 1.0000 0.0000 0.0000	</row1>
					<row2>	-1.0000 0.0000 0.0000 0.0000	</row2>
					<row3>	-0.2368 0.3973 0.6772 1.0000	</row3>
				</transform>
			</node>
			<node>
				<identifier>	HP_AGA_4	</identifier>
				<transform>
					<row0>	0.0000 0.0000 -1.0000 0.0000	</row0>
					<row1>	0.0000 1.0000 0.0000 0.0000	</row1>
					<row2>	1.0000 0.0000 0.0000 0.0000	</row2>
					<row3>	0.2368 0.3973 0.6772 1.0000	</row3>
				</transform>
			</node>
			<node>
				<identifier>	HP_AGA_5	</identifier>
				<transform>
					<row0>	0.0000 0.0000 1.0000 0.0000	</row0>
					<row1>	0.0000 1.0000 0.0000 0.0000	</row1>
					<row2>	-1.0000 0.0000 0.0000 0.0000	</row2>
					<row3>	-0.2367 0.3973 0.6734 1.0000	</row3>
				</transform>
			</node>
			<node>
				<identifier>	HP_AGA_6	</identifier>
				<transform>
					<row0>	0.0000 0.0000 -1.0000 0.0000	</row0>
					<row1>	0.0000 1.0000 0.0000 0.0000	</row1>
					<row2>	1.0000 0.0000 0.0000 0.0000	</row2>
					<row3>	0.2367 0.3973 0.6734 1.0000	</row3>
				</transform>
			</node>
			<node>
				<identifier>	HP_AGM_1	</identifier>
				<transform>
					<row0>	1.0000 0.0000 0.0000 0.0000	</row0>
					<row1>	0.0000 1.0000 0.0000 0.0000	</row1>
					<row2>	0.0000 0.0000 1.0000 0.0000	</row2>
					<row3>	0.0000 0.4484 2.6701 1.0000	</row3>
				</transform>
			</node>
			<node>
				<identifier>	HP_AGM_2	</identifier>
				<transform>
					<row0>	1.0000 0.0000 0.0000 0.0000	</row0>
					<row1>	0.0000 1.0000 0.0000 0.0000	</row1>
					<row2>	0.0000 0.0000 1.0000 0.0000	</row2>
					<row3>	0.0000 0.5850 2.1244 1.0000	</row3>
				</transform>
			</node>
			<node>
				<identifier>	HP_AGT_1	</identifier>
				<transform>
					<row0>	1.0000 0.0000 0.0000 0.0000	</row0>
					<row1>	0.0000 1.0000 0.0000 0.0000	</row1>
					<row2>	0.0000 0.0000 1.0000 0.0000	</row2>
					<row3>	-0.2458 0.2328 -0.2354 1.0000	</row3>
				</transform>
			</node>
			<node>
				<identifier>	HP_AGT_2	</identifier>
				<transform>
					<row0>	1.0000 0.0000 0.0000 0.0000	</row0>
					<row1>	0.0000 1.0000 0.0000 0.0000	</row1>
					<row2>	0.0000 0.0000 1.0000 0.0000	</row2>
					<row3>	0.2458 0.2328 -0.2354 1.0000	</row3>
				</transform>
			</node>
			<node>
				<identifier>	HP_FX_Death_1	</identifier>
				<transform>
					<row0>	1.0000 0.0000 0.0000 0.0000	</row0>
					<row1>	0.0000 1.0000 0.0000 0.0000	</row1>
					<row2>	0.0000 0.0000 1.0000 0.0000	</row2>
					<row3>	0.0000 0.0000 2.3158 1.0000	</row3>
				</transform>
			</node>
			<node>
				<identifier>	HP_FX_Death_2	</identifier>
				<transform>
					<row0>	1.0000 0.0000 0.0000 0.0000	</row0>
					<row1>	0.0000 1.0000 0.0000 0.0000	</row1>
					<row2>	0.0000 0.0000 1.0000 0.0000	</row2>
					<row3>	0.0000 0.0000 -0.2105 1.0000	</row3>
				</transform>
			</node>
			<node>
				<identifier>	HP_FX_Fire_2	</identifier>
				<transform>
					<row0>	1.0000 0.0000 0.0000 0.0000	</row0>
					<row1>	0.0000 1.0000 0.0000 0.0000	</row1>
					<row2>	0.0000 0.0000 1.0000 0.0000	</row2>
					<row3>	0.0000 0.2325 0.9391 1.0000	</row3>
				</transform>
			</node>
			<node>
				<identifier>	HP_FX_Fire_2_side_1	</identifier>
				<transform>
					<row0>	1.0000 0.0000 0.0000 0.0000	</row0>
					<row1>	0.0000 1.0000 0.0000 0.0000	</row1>
					<row2>	0.0000 0.0000 1.0000 0.0000	</row2>
					<row3>	0.2269 0.4418 1.3084 1.0000	</row3>
				</transform>
			</node>
			<node>
				<identifier>	HP_FX_Fire_2_side_2	</identifier>
				<transform>
					<row0>	1.0000 0.0000 0.0000 0.0000	</row0>
					<row1>	0.0000 1.0000 0.0000 0.0000	</row1>
					<row2>	0.0000 0.0000 1.0000 0.0000	</row2>
					<row3>	-0.2610 0.2229 0.1970 1.0000	</row3>
				</transform>
			</node>
			<node>
				<identifier>	HP_FX_FloodLight_left_1	</identifier>
				<transform>
					<row0>	-1.0000 0.0000 0.0000 0.0000	</row0>
					<row1>	0.0000 1.0000 0.0000 0.0000	</row1>
					<row2>	0.0000 0.0000 -1.0000 0.0000	</row2>
					<row3>	-0.1694 0.7037 1.7320 1.0000	</row3>
				</transform>
			</node>
			<node>
				<identifier>	HP_FX_FloodLight_right_1	</identifier>
				<transform>
					<row0>	1.0000 0.0000 0.0000 0.0000	</row0>
					<row1>	0.0000 1.0000 0.0000 0.0000	</row1>
					<row2>	0.0000 0.0000 1.0000 0.0000	</row2>
					<row3>	0.1697 0.7042 1.7309 1.0000	</row3>
				</transform>
			</node>
			<node>
				<identifier>	HP_FX_Flood_steam_1	</identifier>
				<transform>
					<row0>	1.0000 0.0000 0.0000 0.0000	</row0>
					<row1>	0.0000 0.7107 -0.7035 0.0000	</row1>
					<row2>	0.0000 0.7035 0.7107 0.0000	</row2>
					<row3>	0.0000 0.8078 0.9326 1.0000	</row3>
				</transform>
			</node>
			<node>
				<identifier>	HP_FX_Flood_steam_2	</identifier>
				<transform>
					<row0>	1.0000 0.0000 0.0000 0.0000	</row0>
					<row1>	0.0000 0.7592 -0.6508 0.0000	</row1>
					<row2>	0.0000 0.6508 0.7592 0.0000	</row2>
					<row3>	0.0000 0.7925 -0.0050 1.0000	</row3>
				</transform>
			</node>
			<node>
				<identifier>	HP_FX_Flood_steam_3	</identifier>
				<transform>
					<row0>	1.0000 0.0000 0.0000 0.0000	</row0>
					<row1>	0.0000 0.9943 -0.1066 0.0000	</row1>
					<row2>	0.0000 0.1066 0.9943 0.0000	</row2>
					<row3>	0.0342 0.8374 0.2767 1.0000	</row3>
				</transform>
			</node>
			<node>
				<identifier>	HP_FX_Flood_steam_left	</identifier>
				<transform>
					<row0>	-1.0000 0.0000 0.0000 0.0000	</row0>
					<row1>	0.0000 1.0000 0.0000 0.0000	</row1>
					<row2>	0.0000 0.0000 -1.0000 0.0000	</row2>
					<row3>	-0.2570 0.3902 2.3531 1.0000	</row3>
				</transform>
			</node>
			<node>
				<identifier>	HP_FX_Flood_water_left	</identifier>
				<transform>
					<row0>	-1.0000 0.0000 0.0000 0.0000	</row0>
					<row1>	0.0000 1.0000 0.0000 0.0000	</row1>
					<row2>	0.0000 0.0000 -1.0000 0.0000	</row2>
					<row3>	-0.2847 0.0485 1.6532 1.0000	</row3>
				</transform>
			</node>
			<node>
				<identifier>	HP_FX_Flood_water_right	</identifier>
				<transform>
					<row0>	1.0000 0.0000 0.0000 0.0000	</row0>
					<row1>	0.0000 1.0000 0.0000 0.0000	</row1>
					<row2>	0.0000 0.0000 1.0000 0.0000	</row2>
					<row3>	0.2847 0.0489 1.6532 1.0000	</row3>
				</transform>
			</node>
			<node>
				<identifier>	HP_FX_Smoke_1	</identifier>
				<transform>
					<row0>	1.0000 0.0000 0.0000 0.0000	</row0>
					<row1>	0.0000 0.9549 -0.2972 0.0000	</row1>
					<row2>	0.0000 0.2972 0.9549 0.0000	</row2>
					<row3>	0.0000 0.8333 1.0826 1.0000	</row3>
				</transform>
			</node>
			<node>
				<identifier>	HP_FX_Smoke_2	</identifier>
				<transform>
					<row0>	1.0000 0.0000 0.0000 0.0000	</row0>
					<row1>	0.0000 0.9969 -0.0786 0.0000	</row1>
					<row2>	0.0000 0.0786 0.9969 0.0000	</row2>
					<row3>	0.0000 0.8101 0.1553 1.0000	</row3>
				</transform>
			</node>
			<node>
				<identifier>	HP_Flagpole	</identifier>
				<transform>
					<row0>	0.6750 0.0000 0.0000 0.0000	</row0>
					<row1>	0.0000 0.6743 -0.0308 0.0000	</row1>
					<row2>	0.0000 0.0308 0.6743 0.0000	</row2>
					<row3>	0.0000 2.0145 1.4530 1.0000	</row3>
				</transform>
			</node>
			<node>
				<identifier>	HP_Ship_death_2	</identifier>
				<transform>
					<row0>	1.0000 0.0000 0.0000 0.0000	</row0>
					<row1>	0.0000 1.0000 0.0000 0.0000	</row1>
					<row2>	0.0000 0.0000 1.0000 0.0000	</row2>
					<row3>	0.0000 0.0000 -0.2300 1.0000	</row3>
				</transform>
			</node>
			<node>
				<identifier>	HP_flag_1	</identifier>
				<transform>
					<row0>	0.9992 0.0406 0.0010 0.0000	</row0>
					<row1>	-0.0406 0.9980 0.0485 0.0000	</row1>
					<row2>	0.0010 -0.0485 0.9988 0.0000	</row2>
					<row3>	0.1520 1.9015 1.4564 1.0000	</row3>
				</transform>
			</node>
			<node>
				<identifier>	HP_flag_2	</identifier>
				<transform>
					<row0>	0.9992 -0.0407 -0.0010 0.0000	</row0>
					<row1>	0.0407 0.9980 0.0485 0.0000	</row1>
					<row2>	-0.0010 -0.0485 0.9988 0.0000	</row2>
					<row3>	-0.1514 1.9014 1.4554 1.0000	</row3>
				</transform>
			</node>
			<node>
				<identifier>	HP_flag_3	</identifier>
				<transform>
					<row0>	0.9973 0.0733 0.0018 0.0000	</row0>
					<row1>	-0.0733 0.9961 0.0484 0.0000	</row1>
					<row2>	0.0018 -0.0484 0.9988 0.0000	</row2>
					<row3>	0.0594 1.9014 1.4554 1.0000	</row3>
				</transform>
			</node>
			<node>
				<identifier>	HP_flag_4	</identifier>
				<transform>
					<row0>	0.9973 -0.0734 -0.0018 0.0000	</row0>
					<row1>	0.0734 0.9961 0.0484 0.0000	</row1>
					<row2>	-0.0018 -0.0484 0.9988 0.0000	</row2>
					<row3>	-0.0588 1.9014 1.4564 1.0000	</row3>
				</transform>
			</node>
			<node>
				<identifier>	HP_flag_courtesy	</identifier>
				<transform>
					<row0>	0.9993 0.0364 0.0000 0.0000	</row0>
					<row1>	-0.0364 0.9993 0.0040 0.0000	</row1>
					<row2>	0.0000 -0.0040 1.0000 0.0000	</row2>
					<row3>	0.2489 1.9023 1.4566 1.0000	</row3>
				</transform>
			</node>
			<node>
				<identifier>	HP_flag_house	</identifier>
				<transform>
					<row0>	0.9993 -0.0364 0.0000 0.0000	</row0>
					<row1>	0.0364 0.9993 0.0040 0.0000	</row1>
					<row2>	0.0000 -0.0040 1.0000 0.0000	</row2>
					<row3>	-0.2489 1.9023 1.4566 1.0000	</row3>
				</transform>
			</node>
			<node>
				<identifier>	MP_AM006_Reels_1	</identifier>
				<transform>
					<row0>	0.6618 0.0000 -0.7497 0.0000	</row0>
					<row1>	0.0533 0.9975 0.0470 0.0000	</row1>
					<row2>	0.7478 -0.0710 0.6601 0.0000	</row2>
					<row3>	0.0700 0.4454 2.7941 1.0000	</row3>
				</transform>
			</node>
			<node>
				<identifier>	MP_AM010_Speaker_1	</identifier>
				<transform>
					<row0>	-1.0000 0.0000 0.0000 0.0000	</row0>
					<row1>	0.0000 0.9531 0.3026 0.0000	</row1>
					<row2>	0.0000 0.3026 -0.9531 0.0000	</row2>
					<row3>	0.0000 0.8956 1.8849 1.0000	</row3>
				</transform>
			</node>
			<node>
				<identifier>	MP_AM018_Compass_Binnacle	</identifier>
				<transform>
					<row0>	1.0000 0.0000 0.0000 0.0000	</row0>
					<row1>	0.0000 1.0000 0.0000 0.0000	</row1>
					<row2>	0.0000 0.0000 1.0000 0.0000	</row2>
					<row3>	0.0000 0.7446 1.8200 1.0000	</row3>
				</transform>
			</node>
			<node>
				<identifier>	MP_AM025_Pelorus_Mk7	</identifier>
				<transform>
					<row0>	1.0000 0.0000 0.0000 0.0000	</row0>
					<row1>	0.0000 1.0000 0.0000 0.0000	</row1>
					<row2>	0.0000 0.0000 1.0000 0.0000	</row2>
					<row3>	0.2694 0.7469 1.6298 1.0000	</row3>
				</transform>
			</node>
			<node>
				<identifier>	MP_AM025_Pelorus_Mk7_INDEX_1	</identifier>
				<transform>
					<row0>	1.0000 0.0000 0.0000 0.0000	</row0>
					<row1>	0.0000 1.0000 0.0000 0.0000	</row1>
					<row2>	0.0000 0.0000 1.0000 0.0000	</row2>
					<row3>	-0.2694 0.7469 1.6298 1.0000	</row3>
				</transform>
			</node>
			<node>
				<identifier>	MP_AM047_Running_Lights_R	</identifier>
				<transform>
					<row0>	0.9978 0.0000 0.0660 0.0000	</row0>
					<row1>	0.0000 1.0000 0.0000 0.0000	</row1>
					<row2>	-0.0660 0.0000 0.9978 0.0000	</row2>
					<row3>	0.3208 0.6901 1.5052 1.0000	</row3>
				</transform>
			</node>
			<node>
				<identifier>	MP_AM048_Running_Lights_L	</identifier>
				<transform>
					<row0>	0.9978 0.0000 -0.0660 0.0000	</row0>
					<row1>	0.0000 1.0000 0.0000 0.0000	</row1>
					<row2>	0.0660 0.0000 0.9978 0.0000	</row2>
					<row3>	-0.3208 0.6901 1.5052 1.0000	</row3>
				</transform>
			</node>
			<node>
				<identifier>	MP_AM049_Signal_Lamp_1	</identifier>
				<transform>
					<row0>	0.0000 0.0000 1.0000 0.0000	</row0>
					<row1>	0.0000 1.0000 0.0000 0.0000	</row1>
					<row2>	-1.0000 0.0000 0.0000 0.0000	</row2>
					<row3>	0.1034 1.9107 1.4560 1.0000	</row3>
				</transform>
			</node>
			<node>
				<identifier>	MP_AM049_Signal_Lamp_1_INDEX_1	</identifier>
				<transform>
					<row0>	0.0000 0.0000 -1.0000 0.0000	</row0>
					<row1>	0.0000 1.0000 0.0000 0.0000	</row1>
					<row2>	1.0000 0.0000 0.0000 0.0000	</row2>
					<row3>	-0.2424 1.9107 1.4560 1.0000	</row3>
				</transform>
			</node>
			<node>
				<identifier>	MP_AM049_Signal_Lamp_1_INDEX_2	</identifier>
				<transform>
					<row0>	0.0000 0.0000 -1.0000 0.0000	</row0>
					<row1>	0.0000 1.0000 0.0000 0.0000	</row1>
					<row2>	1.0000 0.0000 0.0000 0.0000	</row2>
					<row3>	-0.1503 1.9107 1.4560 1.0000	</row3>
				</transform>
			</node>
			<node>
				<identifier>	MP_AM049_Signal_Lamp_1_INDEX_3	</identifier>
				<transform>
					<row0>	0.0000 0.0000 1.0000 0.0000	</row0>
					<row1>	0.0000 1.0000 0.0000 0.0000	</row1>
					<row2>	-1.0000 0.0000 0.0000 0.0000	</row2>
					<row3>	0.2424 1.9107 1.4560 1.0000	</row3>
				</transform>
			</node>
			<node>
				<identifier>	MP_AM049_Signal_Lamp_1_INDEX_4	</identifier>
				<transform>
					<row0>	0.0000 0.0000 1.0000 0.0000	</row0>
					<row1>	0.0000 1.0000 0.0000 0.0000	</row1>
					<row2>	-1.0000 0.0000 0.0000 0.0000	</row2>
					<row3>	0.1963 1.9107 1.4560 1.0000	</row3>
				</transform>
			</node>
			<node>
				<identifier>	MP_AM049_Signal_Lamp_1_INDEX_5	</identifier>
				<transform>
					<row0>	0.0000 0.0000 -1.0000 0.0000	</row0>
					<row1>	0.0000 1.0000 0.0000 0.0000	</row1>
					<row2>	1.0000 0.0000 0.0000 0.0000	</row2>
					<row3>	-0.1963 1.9107 1.4560 1.0000	</row3>
				</transform>
			</node>
			<node>
				<identifier>	MP_AM049_Signal_Lamp_1_INDEX_6	</identifier>
				<transform>
					<row0>	0.0000 0.0000 1.0000 0.0000	</row0>
					<row1>	0.0000 1.0000 0.0000 0.0000	</row1>
					<row2>	-1.0000 0.0000 0.0000 0.0000	</row2>
					<row3>	0.1503 1.9107 1.4560 1.0000	</row3>
				</transform>
			</node>
			<node>
				<identifier>	MP_AM049_Signal_Lamp_1_INDEX_7	</identifier>
				<transform>
					<row0>	0.0000 0.0000 -1.0000 0.0000	</row0>
					<row1>	0.0000 1.0000 0.0000 0.0000	</row1>
					<row2>	1.0000 0.0000 0.0000 0.0000	</row2>
					<row3>	-0.1042 1.9107 1.4560 1.0000	</row3>
				</transform>
			</node>
			<node>
				<identifier>	MP_AM055_Boat_1	</identifier>
				<transform>
					<row0>	0.0000 1.0000 0.0000 0.0000	</row0>
					<row1>	0.0000 0.0000 -1.0000 0.0000	</row1>
					<row2>	-1.0000 0.0000 0.0000 0.0000	</row2>
					<row3>	-0.0174 0.5927 1.4877 1.0000	</row3>
				</transform>
			</node>
			<node>
				<identifier>	MP_AM063_Wind_Direction	</identifier>
				<transform>
					<row0>	0.0000 0.0000 0.5000 0.0000	</row0>
					<row1>	0.0000 0.5000 0.0000 0.0000	</row1>
					<row2>	-0.5000 0.0000 0.0000 0.0000	</row2>
					<row3>	0.0581 1.9127 1.4559 1.0000	</row3>
				</transform>
			</node>
			<node>
				<identifier>	MP_AM064_Wind_Intensity	</identifier>
				<transform>
					<row0>	0.0000 0.0000 -0.5000 0.0000	</row0>
					<row1>	0.0000 0.5000 0.0000 0.0000	</row1>
					<row2>	0.5000 0.0000 0.0000 0.0000	</row2>
					<row3>	-0.0589 1.9127 1.4559 1.0000	</row3>
				</transform>
			</node>
			<node>
				<identifier>	MP_AM071_Signal_Lamp_2	</identifier>
				<transform>
					<row0>	1.0000 0.0000 0.0000 0.0000	</row0>
					<row1>	0.0000 1.0000 0.0000 0.0000	</row1>
					<row2>	0.0000 0.0000 1.0000 0.0000	</row2>
					<row3>	0.0000 1.2359 1.4321 1.0000	</row3>
				</transform>
			</node>
			<node>
				<identifier>	MP_AM071_Signal_Lamp_2_INDEX_1	</identifier>
				<transform>
					<row0>	1.0000 0.0000 0.0000 0.0000	</row0>
					<row1>	0.0000 1.0000 0.0000 0.0000	</row1>
					<row2>	0.0000 0.0000 1.0000 0.0000	</row2>
					<row3>	0.0000 1.3509 1.4318 1.0000	</row3>
				</transform>
			</node>
			<node>
				<identifier>	MP_AM079_24in_SearchLight	</identifier>
				<transform>
					<row0>	1.0000 0.0000 0.0000 0.0000	</row0>
					<row1>	0.0000 1.0000 0.0000 0.0000	</row1>
					<row2>	0.0000 0.0000 1.0000 0.0000	</row2>
					<row3>	0.0000 1.1865 1.5795 1.0000	</row3>
				</transform>
			</node>
			<node>
				<identifier>	MP_AM115_RDF	</identifier>
				<transform>
					<row0>	0.0000 0.0000 1.0000 0.0000	</row0>
					<row1>	0.0000 1.0000 0.0000 0.0000	</row1>
					<row2>	-1.0000 0.0000 0.0000 0.0000	</row2>
					<row3>	0.0000 0.8872 1.4463 1.0000	</row3>
				</transform>
			</node>
			<node>
				<identifier>	MP_AM133_Boat_7	</identifier>
				<transform>
					<row0>	0.0000 1.0000 0.0000 0.0000	</row0>
					<row1>	0.0000 0.0000 -1.0000 0.0000	</row1>
					<row2>	-1.0000 0.0000 0.0000 0.0000	</row2>
					<row3>	-0.0174 0.4708 1.4877 1.0000	</row3>
				</transform>
			</node>
			<node>
				<identifier>	MP_AM142_Running_Lights_FW	</identifier>
				<transform>
					<row0>	1.0000 0.0000 0.0000 0.0000	</row0>
					<row1>	0.0000 1.0000 0.0000 0.0000	</row1>
					<row2>	0.0000 0.0000 1.0000 0.0000	</row2>
					<row3>	0.0000 1.1831 1.6311 1.0000	</row3>
				</transform>
			</node>
			<node>
				<identifier>	MP_AM142_Running_Lights_FW_INDEX_1	</identifier>
				<transform>
					<row0>	1.0000 0.0000 0.0000 0.0000	</row0>
					<row1>	0.0000 1.0000 0.0000 0.0000	</row1>
					<row2>	0.0000 0.0000 1.0000 0.0000	</row2>
					<row3>	0.0000 1.4629 1.5375 1.0000	</row3>
				</transform>
			</node>
			<node>
				<identifier>	MP_AM152_Log_Desk	</identifier>
				<transform>
					<row0>	0.5326 0.0000 -0.4696 0.0000	</row0>
					<row1>	0.0000 0.7100 0.0000 0.0000	</row1>
					<row2>	0.4696 0.0000 0.5326 0.0000	</row2>
					<row3>	0.1361 0.8103 1.7711 1.0000	</row3>
				</transform>
			</node>
			<node>
				<identifier>	MP_AM154_Switch_Panel_1	</identifier>
				<transform>
					<row0>	0.7514 0.0000 0.6599 0.0000	</row0>
					<row1>	0.0000 1.0000 0.0000 0.0000	</row1>
					<row2>	-0.6599 0.0000 0.7514 0.0000	</row2>
					<row3>	-0.1922 0.8143 1.7214 1.0000	</row3>
				</transform>
			</node>
			<node>
				<identifier>	MP_AM156_Switch_Panel_3	</identifier>
				<transform>
					<row0>	0.7495 0.0000 -0.6620 0.0000	</row0>
					<row1>	0.0000 1.0000 0.0000 0.0000	</row1>
					<row2>	0.6620 0.0000 0.7495 0.0000	</row2>
					<row3>	0.1776 0.8113 1.7353 1.0000	</row3>
				</transform>
			</node>
			<node>
				<identifier>	MP_AM157_Telephone	</identifier>
				<transform>
					<row0>	-0.7489 0.0000 -0.6627 0.0000	</row0>
					<row1>	0.0000 1.0000 0.0000 0.0000	</row1>
					<row2>	0.6627 0.0000 -0.7489 0.0000	</row2>
					<row3>	-0.0502 0.6706 1.8512 1.0000	</row3>
				</transform>
			</node>
			<node>
				<identifier>	MP_AM157_Telephone_INDEX_1	</identifier>
				<transform>
					<row0>	0.0000 0.0000 -1.0000 0.0000	</row0>
					<row1>	0.0000 1.0000 0.0000 0.0000	</row1>
					<row2>	1.0000 0.0000 0.0000 0.0000	</row2>
					<row3>	-0.1702 0.6706 1.6241 1.0000	</row3>
				</transform>
			</node>
			<node>
				<identifier>	MP_AM157_Telephone_INDEX_10	</identifier>
				<transform>
					<row0>	-1.0000 0.0000 0.0000 0.0000	</row0>
					<row1>	0.0000 1.0000 0.0000 0.0000	</row1>
					<row2>	0.0000 0.0000 -1.0000 0.0000	</row2>
					<row3>	-0.0189 0.8334 1.6454 1.0000	</row3>
				</transform>
			</node>
			<node>
				<identifier>	MP_AM157_Telephone_INDEX_11	</identifier>
				<transform>
					<row0>	0.7599 0.0000 -0.6500 0.0000	</row0>
					<row1>	0.0000 1.0000 0.0000 0.0000	</row1>
					<row2>	0.6500 0.0000 0.7599 0.0000	</row2>
					<row3>	0.2337 0.8139 1.6849 1.0000	</row3>
				</transform>
			</node>
			<node>
				<identifier>	MP_AM157_Telephone_INDEX_2	</identifier>
				<transform>
					<row0>	-0.5628 0.0000 -0.8266 0.0000	</row0>
					<row1>	0.0000 1.0000 0.0000 0.0000	</row1>
					<row2>	0.8266 0.0000 -0.5628 0.0000	</row2>
					<row3>	-0.1211 0.5245 2.3726 1.0000	</row3>
				</transform>
			</node>
			<node>
				<identifier>	MP_AM157_Telephone_INDEX_3	</identifier>
				<transform>
					<row0>	0.7599 0.0000 0.6500 0.0000	</row0>
					<row1>	0.0000 1.0000 0.0000 0.0000	</row1>
					<row2>	-0.6500 0.0000 0.7599 0.0000	</row2>
					<row3>	-0.2337 0.8139 1.6849 1.0000	</row3>
				</transform>
			</node>
			<node>
				<identifier>	MP_AM157_Telephone_INDEX_4	</identifier>
				<transform>
					<row0>	-1.0000 0.0000 0.0000 0.0000	</row0>
					<row1>	0.0000 1.0000 0.0000 0.0000	</row1>
					<row2>	0.0000 0.0000 -1.0000 0.0000	</row2>
					<row3>	-0.0589 0.8334 1.6452 1.0000	</row3>
				</transform>
			</node>
			<node>
				<identifier>	MP_AM157_Telephone_INDEX_5	</identifier>
				<transform>
					<row0>	-1.0000 0.0000 0.0000 0.0000	</row0>
					<row1>	0.0000 1.0000 0.0000 0.0000	</row1>
					<row2>	0.0000 0.0000 -1.0000 0.0000	</row2>
					<row3>	0.1452 0.3226 0.8889 1.0000	</row3>
				</transform>
			</node>
			<node>
				<identifier>	MP_AM157_Telephone_INDEX_6	</identifier>
				<transform>
					<row0>	-0.7489 0.0000 0.6627 0.0000	</row0>
					<row1>	0.0000 1.0000 0.0000 0.0000	</row1>
					<row2>	-0.6627 0.0000 -0.7489 0.0000	</row2>
					<row3>	0.0502 0.6706 1.8512 1.0000	</row3>
				</transform>
			</node>
			<node>
				<identifier>	MP_AM157_Telephone_INDEX_7	</identifier>
				<transform>
					<row0>	-1.0000 0.0000 0.0000 0.0000	</row0>
					<row1>	0.0000 1.0000 0.0000 0.0000	</row1>
					<row2>	0.0000 0.0000 -1.0000 0.0000	</row2>
					<row3>	-0.0322 0.8334 1.6453 1.0000	</row3>
				</transform>
			</node>
			<node>
				<identifier>	MP_AM157_Telephone_INDEX_8	</identifier>
				<transform>
					<row0>	-0.5628 0.0000 0.8266 0.0000	</row0>
					<row1>	0.0000 1.0000 0.0000 0.0000	</row1>
					<row2>	-0.8266 0.0000 -0.5628 0.0000	</row2>
					<row3>	0.1211 0.5245 2.3726 1.0000	</row3>
				</transform>
			</node>
			<node>
				<identifier>	MP_AM157_Telephone_INDEX_9	</identifier>
				<transform>
					<row0>	-1.0000 0.0000 0.0000 0.0000	</row0>
					<row1>	0.0000 1.0000 0.0000 0.0000	</row1>
					<row2>	0.0000 0.0000 -1.0000 0.0000	</row2>
					<row3>	-0.0456 0.8334 1.6453 1.0000	</row3>
				</transform>
			</node>
			<node>
				<identifier>	MP_AM159_Voice_Tube	</identifier>
				<transform>
					<row0>	0.7926 0.0000 -0.6098 0.0000	</row0>
					<row1>	0.0000 1.0000 0.0000 0.0000	</row1>
					<row2>	0.6098 0.0000 0.7926 0.0000	</row2>
					<row3>	0.2148 0.8886 1.6906 1.0000	</row3>
				</transform>
			</node>
			<node>
				<identifier>	MP_AM159_Voice_Tube_INDEX_1	</identifier>
				<transform>
					<row0>	0.6433 0.0000 0.7656 0.0000	</row0>
					<row1>	0.0000 1.0000 0.0000 0.0000	</row1>
					<row2>	-0.7656 0.0000 0.6433 0.0000	</row2>
					<row3>	-0.0879 0.4089 2.8241 1.0000	</row3>
				</transform>
			</node>
			<node>
				<identifier>	MP_AM159_Voice_Tube_INDEX_2	</identifier>
				<transform>
					<row0>	0.7519 0.0000 0.6593 0.0000	</row0>
					<row1>	0.0000 1.0000 0.0000 0.0000	</row1>
					<row2>	-0.6593 0.0000 0.7519 0.0000	</row2>
					<row3>	-0.1154 0.7446 1.7648 1.0000	</row3>
				</transform>
			</node>
			<node>
				<identifier>	MP_AM159_Voice_Tube_INDEX_3	</identifier>
				<transform>
					<row0>	0.7926 0.0000 0.6098 0.0000	</row0>
					<row1>	0.0000 1.0000 0.0000 0.0000	</row1>
					<row2>	-0.6098 0.0000 0.7926 0.0000	</row2>
					<row3>	-0.2148 0.8886 1.6906 1.0000	</row3>
				</transform>
			</node>
			<node>
				<identifier>	MP_AM159_Voice_Tube_INDEX_4	</identifier>
				<transform>
					<row0>	0.7071 0.0000 0.7071 0.0000	</row0>
					<row1>	0.0000 1.0000 0.0000 0.0000	</row1>
					<row2>	-0.7071 0.0000 0.7071 0.0000	</row2>
					<row3>	-0.2939 0.7458 1.6185 1.0000	</row3>
				</transform>
			</node>
			<node>
				<identifier>	MP_AM159_Voice_Tube_INDEX_5	</identifier>
				<transform>
					<row0>	0.7519 0.0000 0.6593 0.0000	</row0>
					<row1>	0.0000 1.0000 0.0000 0.0000	</row1>
					<row2>	-0.6593 0.0000 0.7519 0.0000	</row2>
					<row3>	-0.1254 0.7446 1.7560 1.0000	</row3>
				</transform>
			</node>
			<node>
				<identifier>	MP_AM159_Voice_Tube_INDEX_6	</identifier>
				<transform>
					<row0>	0.7519 0.0000 0.6593 0.0000	</row0>
					<row1>	0.0000 1.0000 0.0000 0.0000	</row1>
					<row2>	-0.6593 0.0000 0.7519 0.0000	</row2>
					<row3>	-0.1355 0.7446 1.7472 1.0000	</row3>
				</transform>
			</node>
			<node>
				<identifier>	MP_AM159_Voice_Tube_INDEX_7	</identifier>
				<transform>
					<row0>	0.7071 0.0000 -0.7071 0.0000	</row0>
					<row1>	0.0000 1.0000 0.0000 0.0000	</row1>
					<row2>	0.7071 0.0000 0.7071 0.0000	</row2>
					<row3>	0.2939 0.7458 1.6185 1.0000	</row3>
				</transform>
			</node>
			<node>
				<identifier>	MP_AM207_Crane	</identifier>
				<transform>
					<row0>	-1.0000 0.0000 0.0000 0.0000	</row0>
					<row1>	0.0000 1.0000 0.0000 0.0000	</row1>
					<row2>	0.0000 0.0000 -1.0000 0.0000	</row2>
					<row3>	0.0000 0.4411 3.4440 1.0000	</row3>
				</transform>
			</node>
			<node>
				<identifier>	MP_AM219_Bollard	</identifier>
				<transform>
					<row0>	0.5028 0.0328 -0.0750 0.0000	</row0>
					<row1>	-0.0333 0.5084 -0.0008 0.0000	</row1>
					<row2>	0.0748 0.0056 0.5039 0.0000	</row2>
					<row3>	-0.1543 0.4397 2.9969 1.0000	</row3>
				</transform>
			</node>
			<node>
				<identifier>	MP_AM219_Bollard_INDEX_1	</identifier>
				<transform>
					<row0>	0.5047 0.0508 -0.0471 0.0000	</row0>
					<row1>	-0.0512 0.5069 -0.0019 0.0000	</row1>
					<row2>	0.0466 0.0066 0.5073 0.0000	</row2>
					<row3>	-0.2236 0.4346 2.4930 1.0000	</row3>
				</transform>
			</node>
			<node>
				<identifier>	MP_AM219_Bollard_INDEX_2	</identifier>
				<transform>
					<row0>	0.5021 -0.0400 0.0767 0.0000	</row0>
					<row1>	0.0405 0.5079 0.0000 0.0000	</row1>
					<row2>	-0.0764 0.0060 0.5037 0.0000	</row2>
					<row3>	0.1543 0.4397 2.9969 1.0000	</row3>
				</transform>
			</node>
			<node>
				<identifier>	MP_AM219_Bollard_INDEX_3	</identifier>
				<transform>
					<row0>	0.5095 0.0000 0.0000 0.0000	</row0>
					<row1>	0.0000 0.5094 -0.0047 0.0000	</row1>
					<row2>	0.0000 0.0047 0.5094 0.0000	</row2>
					<row3>	0.0000 0.4403 3.3389 1.0000	</row3>
				</transform>
			</node>
			<node>
				<identifier>	MP_AM219_Bollard_INDEX_4	</identifier>
				<transform>
					<row0>	0.5072 0.0430 -0.0214 0.0000	</row0>
					<row1>	-0.0432 0.5076 -0.0037 0.0000	</row1>
					<row2>	0.0210 0.0055 0.5090 0.0000	</row2>
					<row3>	-0.2835 0.2321 1.2101 1.0000	</row3>
				</transform>
			</node>
			<node>
				<identifier>	MP_AM219_Bollard_INDEX_5	</identifier>
				<transform>
					<row0>	0.5047 -0.0508 0.0471 0.0000	</row0>
					<row1>	0.0512 0.5069 -0.0019 0.0000	</row1>
					<row2>	-0.0466 0.0066 0.5073 0.0000	</row2>
					<row3>	0.2236 0.4346 2.4930 1.0000	</row3>
				</transform>
			</node>
			<node>
				<identifier>	MP_AM219_Bollard_INDEX_6	</identifier>
				<transform>
					<row0>	0.5072 -0.0430 0.0214 0.0000	</row0>
					<row1>	0.0432 0.5076 -0.0037 0.0000	</row1>
					<row2>	-0.0210 0.0055 0.5090 0.0000	</row2>
					<row3>	0.2835 0.2321 1.2101 1.0000	</row3>
				</transform>
			</node>
			<node>
				<identifier>	MP_AM238_Whaleboat_24ft	</identifier>
				<transform>
					<row0>	-0.9574 -0.2791 -0.0740 0.0000	</row0>
					<row1>	-0.2809 0.9596 0.0152 0.0000	</row1>
					<row2>	0.0668 0.0353 -0.9971 0.0000	</row2>
					<row3>	0.2413 0.4398 1.2004 1.0000	</row3>
				</transform>
			</node>
			<node>
				<identifier>	MP_AM238_Whaleboat_24ft_INDEX_1	</identifier>
				<transform>
					<row0>	-0.9574 0.2791 0.0740 0.0000	</row0>
					<row1>	0.2809 0.9596 0.0152 0.0000	</row1>
					<row2>	-0.0668 0.0353 -0.9971 0.0000	</row2>
					<row3>	-0.2413 0.4398 1.2004 1.0000	</row3>
				</transform>
			</node>
			<node>
				<identifier>	MP_AM246_Hatch	</identifier>
				<transform>
					<row0>	0.9995 -0.0307 0.0002 0.0000	</row0>
					<row1>	0.0307 0.9995 -0.0109 0.0000	</row1>
					<row2>	0.0001 0.0109 0.9999 0.0000	</row2>
					<row3>	0.0834 0.2269 -0.2517 1.0000	</row3>
				</transform>
			</node>
			<node>
				<identifier>	MP_AM246_Hatch_INDEX_1	</identifier>
				<transform>
					<row0>	0.9996 0.0269 -0.0002 0.0000	</row0>
					<row1>	-0.0269 0.9995 -0.0162 0.0000	</row1>
					<row2>	-0.0003 0.0162 0.9999 0.0000	</row2>
					<row3>	-0.1501 0.2250 -0.2517 1.0000	</row3>
				</transform>
			</node>
			<node>
				<identifier>	MP_AM280_Signal_Lamp	</identifier>
				<transform>
					<row0>	1.0000 0.0000 0.0000 0.0000	</row0>
					<row1>	0.0000 1.0000 0.0000 0.0000	</row1>
					<row2>	0.0000 0.0000 1.0000 0.0000	</row2>
					<row3>	0.0000 0.6864 3.7447 1.0000	</row3>
				</transform>
			</node>
			<node>
				<identifier>	MP_AM374_Fender	</identifier>
				<transform>
					<row0>	0.0000 0.0000 0.6000 0.0000	</row0>
					<row1>	0.0000 0.6000 0.0000 0.0000	</row1>
					<row2>	-0.6000 0.0000 0.0000 0.0000	</row2>
					<row3>	-0.0865 0.2436 1.0608 1.0000	</row3>
				</transform>
			</node>
			<node>
				<identifier>	MP_AM374_Fender_INDEX_1	</identifier>
				<transform>
					<row0>	0.0000 0.0000 -0.6000 0.0000	</row0>
					<row1>	0.0000 0.6000 0.0000 0.0000	</row1>
					<row2>	0.6000 0.0000 0.0000 0.0000	</row2>
					<row3>	0.0865 0.2436 1.0608 1.0000	</row3>
				</transform>
			</node>
			<node>
				<identifier>	MP_AM374_Fender_INDEX_2	</identifier>
				<transform>
					<row0>	0.0000 0.0000 0.6000 0.0000	</row0>
					<row1>	0.0000 0.6000 0.0000 0.0000	</row1>
					<row2>	-0.6000 0.0000 0.0000 0.0000	</row2>
					<row3>	-0.0865 0.2442 1.1033 1.0000	</row3>
				</transform>
			</node>
			<node>
				<identifier>	MP_AM374_Fender_INDEX_3	</identifier>
				<transform>
					<row0>	0.0000 0.0000 -0.6000 0.0000	</row0>
					<row1>	0.0000 0.6000 0.0000 0.0000	</row1>
					<row2>	0.6000 0.0000 0.0000 0.0000	</row2>
					<row3>	0.0865 0.2442 1.1033 1.0000	</row3>
				</transform>
			</node>
			<node>
				<identifier>	MP_AM433_MC_Box	</identifier>
				<transform>
					<row0>	-0.4349 0.0000 -0.3795 0.0000	</row0>
					<row1>	0.0000 0.5772 0.0000 0.0000	</row1>
					<row2>	0.3795 0.0000 -0.4349 0.0000	</row2>
					<row3>	-0.0781 0.8169 1.8228 1.0000	</row3>
				</transform>
			</node>
			<node>
				<identifier>	MP_AM442_Multipole_Switch	</identifier>
				<transform>
					<row0>	0.9826 0.0000 0.1857 0.0000	</row0>
					<row1>	0.0000 1.0000 0.0000 0.0000	</row1>
					<row2>	-0.1857 0.0000 0.9826 0.0000	</row2>
					<row3>	0.2624 0.4185 0.5195 1.0000	</row3>
				</transform>
			</node>
			<node>
				<identifier>	MP_AM442_Multipole_Switch_INDEX_1	</identifier>
				<transform>
					<row0>	0.0000 0.0000 1.0000 0.0000	</row0>
					<row1>	0.0000 1.0000 0.0000 0.0000	</row1>
					<row2>	-1.0000 0.0000 0.0000 0.0000	</row2>
					<row3>	0.3207 0.7705 1.5001 1.0000	</row3>
				</transform>
			</node>
			<node>
				<identifier>	MP_AM442_Multipole_Switch_INDEX_2	</identifier>
				<transform>
					<row0>	0.0000 0.0000 -1.0000 0.0000	</row0>
					<row1>	0.0000 1.0000 0.0000 0.0000	</row1>
					<row2>	1.0000 0.0000 0.0000 0.0000	</row2>
					<row3>	-0.3207 0.7705 1.5001 1.0000	</row3>
				</transform>
			</node>
			<node>
				<identifier>	MP_AM442_Multipole_Switch_INDEX_3	</identifier>
				<transform>
					<row0>	0.9826 0.0000 -0.1857 0.0000	</row0>
					<row1>	0.0000 1.0000 0.0000 0.0000	</row1>
					<row2>	0.1857 0.0000 0.9826 0.0000	</row2>
					<row3>	-0.2624 0.4185 0.5195 1.0000	</row3>
				</transform>
			</node>
			<node>
				<identifier>	MP_AM445_Switch_box_2	</identifier>
				<transform>
					<row0>	-0.7579 0.0000 0.6524 0.0000	</row0>
					<row1>	0.0000 1.0000 0.0000 0.0000	</row1>
					<row2>	-0.6524 0.0000 -0.7579 0.0000	</row2>
					<row3>	0.0854 0.8156 1.8173 1.0000	</row3>
				</transform>
			</node>
			<node>
				<identifier>	MP_AM451_Signal_Lamp	</identifier>
				<transform>
					<row0>	0.7000 0.0000 0.0000 0.0000	</row0>
					<row1>	0.0000 0.7000 0.0000 0.0000	</row1>
					<row2>	0.0000 0.0000 0.7000 0.0000	</row2>
					<row3>	0.0000 1.9816 1.4713 1.0000	</row3>
				</transform>
			</node>
			<node>
				<identifier>	MP_AM464_Chair	</identifier>
				<transform>
					<row0>	0.7501 0.0000 -0.6613 0.0000	</row0>
					<row1>	0.0000 1.0000 0.0000 0.0000	</row1>
					<row2>	0.6613 0.0000 0.7501 0.0000	</row2>
					<row3>	0.0995 0.7454 1.7442 1.0000	</row3>
				</transform>
			</node>
			<node>
				<identifier>	MP_AM531_Stretcher	</identifier>
				<transform>
					<row0>	0.9993 -0.0063 0.0371 0.0000	</row0>
					<row1>	0.0063 1.0000 0.0002 0.0000	</row1>
					<row2>	-0.0371 0.0000 0.9993 0.0000	</row2>
					<row3>	0.2369 0.2960 0.7672 1.0000	</row3>
				</transform>
			</node>
			<node>
				<identifier>	MP_AM531_Stretcher_INDEX_1	</identifier>
				<transform>
					<row0>	0.0000 0.0011 -1.0000 0.0000	</row0>
					<row1>	1.0000 0.0003 0.0000 0.0000	</row1>
					<row2>	0.0003 -1.0000 -0.0011 0.0000	</row2>
					<row3>	-0.0256 0.3351 1.4861 1.0000	</row3>
				</transform>
			</node>
			<node>
				<identifier>	MP_AM531_Stretcher_INDEX_2	</identifier>
				<transform>
					<row0>	-0.9993 -0.0063 0.0371 0.0000	</row0>
					<row1>	-0.0063 1.0000 0.0002 0.0000	</row1>
					<row2>	-0.0371 0.0000 -0.9993 0.0000	</row2>
					<row3>	-0.2368 0.2960 0.7672 1.0000	</row3>
				</transform>
			</node>
			<node>
				<identifier>	MP_AM531_Stretcher_INDEX_3	</identifier>
				<transform>
					<row0>	0.0000 0.0011 -1.0000 0.0000	</row0>
					<row1>	1.0000 0.0003 0.0000 0.0000	</row1>
					<row2>	0.0003 -1.0000 -0.0011 0.0000	</row2>
					<row3>	-0.0760 0.3351 1.4861 1.0000	</row3>
				</transform>
			</node>
			<node>
				<identifier>	MP_AM549_Life_Buoy	</identifier>
				<transform>
					<row0>	-0.7386 0.0000 -0.6741 0.0000	</row0>
					<row1>	-0.0001 1.0000 0.0002 0.0000	</row1>
					<row2>	0.6741 0.0003 -0.7386 0.0000	</row2>
					<row3>	-0.3035 0.7754 1.4662 1.0000	</row3>
				</transform>
			</node>
			<node>
				<identifier>	MP_AM549_Life_Buoy_INDEX_1	</identifier>
				<transform>
					<row0>	0.7448 0.0000 -0.6673 0.0000	</row0>
					<row1>	0.0001 1.0000 0.0002 0.0000	</row1>
					<row2>	0.6673 -0.0003 0.7448 0.0000	</row2>
					<row3>	0.3035 0.7754 1.4662 1.0000	</row3>
				</transform>
			</node>
			<node>
				<identifier>	MP_AM549_Life_Buoy_INDEX_2	</identifier>
				<transform>
					<row0>	0.9980 0.0068 0.0629 0.0000	</row0>
					<row1>	-0.0068 1.0000 0.0000 0.0000	</row1>
					<row2>	-0.0629 -0.0005 0.9980 0.0000	</row2>
					<row3>	0.2874 0.4725 1.9706 1.0000	</row3>
				</transform>
			</node>
			<node>
				<identifier>	MP_AM549_Life_Buoy_INDEX_3	</identifier>
				<transform>
					<row0>	0.9961 -0.0002 0.0879 0.0000	</row0>
					<row1>	0.0001 1.0000 0.0002 0.0000	</row1>
					<row2>	-0.0879 -0.0002 0.9961 0.0000	</row2>
					<row3>	0.2391 0.6255 2.1947 1.0000	</row3>
				</transform>
			</node>
			<node>
				<identifier>	MP_AM549_Life_Buoy_INDEX_4	</identifier>
				<transform>
					<row0>	0.9910 0.0068 0.1338 0.0000	</row0>
					<row1>	-0.0068 1.0000 -0.0005 0.0000	</row1>
					<row2>	-0.1338 -0.0005 0.9910 0.0000	</row2>
					<row3>	0.2122 0.4813 2.8559 1.0000	</row3>
				</transform>
			</node>
			<node>
				<identifier>	MP_AM549_Life_Buoy_INDEX_5	</identifier>
				<transform>
					<row0>	-0.9910 0.0068 0.1338 0.0000	</row0>
					<row1>	0.0068 1.0000 -0.0005 0.0000	</row1>
					<row2>	-0.1338 0.0005 -0.9910 0.0000	</row2>
					<row3>	-0.2122 0.4813 2.8559 1.0000	</row3>
				</transform>
			</node>
			<node>
				<identifier>	MP_AM549_Life_Buoy_INDEX_6	</identifier>
				<transform>
					<row0>	-0.9961 -0.0002 0.0879 0.0000	</row0>
					<row1>	-0.0001 1.0000 0.0002 0.0000	</row1>
					<row2>	-0.0879 0.0002 -0.9961 0.0000	</row2>
					<row3>	-0.2391 0.6255 2.1947 1.0000	</row3>
				</transform>
			</node>
			<node>
				<identifier>	MP_AM549_Life_Buoy_INDEX_7	</identifier>
				<transform>
					<row0>	-0.9980 0.0068 0.0629 0.0000	</row0>
					<row1>	0.0068 1.0000 0.0000 0.0000	</row1>
					<row2>	-0.0629 0.0005 -0.9980 0.0000	</row2>
					<row3>	-0.2874 0.4725 1.9705 1.0000	</row3>
				</transform>
			</node>
			<node>
				<identifier>	MP_AM558_Telegraph	</identifier>
				<transform>
					<row0>	1.0000 0.0000 0.0000 0.0000	</row0>
					<row1>	0.0000 1.0000 0.0000 0.0000	</row1>
					<row2>	0.0000 0.0000 1.0000 0.0000	</row2>
					<row3>	-0.0676 0.7446 1.7824 1.0000	</row3>
				</transform>
			</node>
			<node>
				<identifier>	MP_AM723_Ammobox	</identifier>
				<transform>
					<row0>	0.0000 0.0000 1.0000 0.0000	</row0>
					<row1>	0.0000 1.0000 0.0000 0.0000	</row1>
					<row2>	-1.0000 0.0000 0.0000 0.0000	</row2>
					<row3>	0.0928 0.2322 0.2655 1.0000	</row3>
				</transform>
			</node>
			<node>
				<identifier>	MP_AM723_Ammobox_INDEX_1	</identifier>
				<transform>
					<row0>	0.0000 0.0000 -1.0000 0.0000	</row0>
					<row1>	0.0000 1.0000 0.0000 0.0000	</row1>
					<row2>	1.0000 0.0000 0.0000 0.0000	</row2>
					<row3>	-0.0928 0.2322 0.2655 1.0000	</row3>
				</transform>
			</node>
			<node>
				<identifier>	MP_AM724_Ammobox_big	</identifier>
				<transform>
					<row0>	1.0000 0.0000 0.0000 0.0000	</row0>
					<row1>	0.0000 1.0000 0.0000 0.0000	</row1>
					<row2>	0.0000 0.0000 1.0000 0.0000	</row2>
					<row3>	-0.1157 0.3973 0.8638 1.0000	</row3>
				</transform>
			</node>
			<node>
				<identifier>	MP_AM724_Ammobox_big_INDEX_1	</identifier>
				<transform>
