<BSC022_Surrey_1944_Bow_ports.visual>
	<node>
		<identifier>	Scene Root	</identifier>
		<transform>
			<row0>	1.0000 0.0000 0.0000 0.0000	</row0>
			<row1>	0.0000 1.0000 0.0000 0.0000	</row1>
			<row2>	0.0000 0.0000 1.0000 0.0000	</row2>
			<row3>	0.0000 0.0000 0.0000 1.0000	</row3>
		</transform>
		<node>
			<identifier>	Bow_ports	</identifier>
			<transform>
				<row0>	1.0000 0.0000 0.0000 0.0000	</row0>
				<row1>	0.0000 1.0000 0.0000 0.0000	</row1>
				<row2>	0.0000 0.0000 1.0000 0.0000	</row2>
				<row3>	0.0000 0.0000 0.0000 1.0000	</row3>
			</transform>
			<node>
				<identifier>	HP_BGA_1	</identifier>
				<transform>
					<row0>	0.7071 0.0000 0.7071 0.0000	</row0>
					<row1>	0.0000 1.0000 0.0000 0.0000	</row1>
					<row2>	-0.7071 0.0000 0.7071 0.0000	</row2>
					<row3>	-0.4000 0.4205 3.4285 1.0000	</row3>
				</transform>
			</node>
			<node>
				<identifier>	HP_BGA_2	</identifier>
				<transform>
					<row0>	0.7071 0.0000 -0.7071 0.0000	</row0>
					<row1>	0.0000 1.0000 0.0000 0.0000	</row1>
					<row2>	0.7071 0.0000 0.7071 0.0000	</row2>
					<row3>	0.4000 0.4205 3.4285 1.0000	</row3>
				</transform>
			</node>
			<node>
				<identifier>	HP_BGM_1	</identifier>
				<transform>
					<row0>	1.0000 0.0000 0.0000 0.0000	</row0>
					<row1>	0.0000 1.0000 0.0000 0.0000	</row1>
					<row2>	0.0000 0.0000 1.0000 0.0000	</row2>
					<row3>	0.0000 0.4820 3.8265 1.0000	</row3>
				</transform>
			</node>
			<node>
				<identifier>	HP_FX_Death_1	</identifier>
				<transform>
					<row0>	1.0000 0.0000 0.0000 0.0000	</row0>
					<row1>	0.0000 1.0000 0.0000 0.0000	</row1>
					<row2>	0.0000 0.0000 1.0000 0.0000	</row2>
					<row3>	0.0000 0.0000 3.5415 1.0000	</row3>
				</transform>
			</node>
			<node>
				<identifier>	HP_FX_Fire_1	</identifier>
				<transform>
					<row0>	1.0000 0.0000 0.0000 0.0000	</row0>
					<row1>	0.0000 1.0000 0.0000 0.0000	</row1>
					<row2>	0.0000 0.0000 1.0000 0.0000	</row2>
					<row3>	0.0000 0.4382 4.6647 1.0000	</row3>
				</transform>
			</node>
			<node>
				<identifier>	HP_FX_Flood_steam_left	</identifier>
				<transform>
					<row0>	-0.9961 0.0000 0.0883 0.0000	</row0>
					<row1>	0.0000 1.0000 0.0000 0.0000	</row1>
					<row2>	-0.0883 0.0000 -0.9961 0.0000	</row2>
					<row3>	-0.4441 0.3673 4.0175 1.0000	</row3>
				</transform>
			</node>
			<node>
				<identifier>	HP_FX_RepairLight_right_2	</identifier>
				<transform>
					<row0>	0.0647 0.0000 -0.9979 0.0000	</row0>
					<row1>	0.0156 0.9999 0.0010 0.0000	</row1>
					<row2>	0.9978 -0.0156 0.0647 0.0000	</row2>
					<row3>	0.5164 0.4228 3.3331 1.0000	</row3>
				</transform>
			</node>
			<node>
				<identifier>	HP_FX_WakeTrace	</identifier>
				<transform>
					<row0>	1.0000 0.0000 0.0000 0.0000	</row0>
					<row1>	0.0000 1.0000 0.0000 0.0000	</row1>
					<row2>	0.0000 0.0000 1.0000 0.0000	</row2>
					<row3>	0.0000 0.0000 5.9898 1.0000	</row3>
				</transform>
			</node>
			<node>
				<identifier>	HP_Ship_death_1	</identifier>
				<transform>
					<row0>	1.0000 0.0000 0.0000 0.0000	</row0>
					<row1>	0.0000 1.0000 0.0000 0.0000	</row1>
					<row2>	0.0000 0.0000 1.0000 0.0000	</row2>
					<row3>	0.0000 0.0000 3.3094 1.0000	</row3>
				</transform>
			</node>
			<node>
				<identifier>	MP_BM004_Reels	</identifier>
				<transform>
					<row0>	-1.1900 0.0000 0.0000 0.0000	</row0>
					<row1>	0.0000 1.4667 -0.0320 0.0000	</row1>
					<row2>	0.0000 -0.0320 -1.4667 0.0000	</row2>
					<row3>	-0.1434 0.4344 4.3123 1.0000	</row3>
				</transform>
			</node>
			<node>
				<identifier>	MP_BM004_Reels_INDEX_1	</identifier>
				<transform>
					<row0>	-1.1900 0.0000 0.0000 0.0000	</row0>
					<row1>	0.0000 1.4667 -0.0320 0.0000	</row1>
					<row2>	0.0000 -0.0320 -1.4667 0.0000	</row2>
					<row3>	0.1434 0.4344 4.3123 1.0000	</row3>
				</transform>
			</node>
			<node>
				<identifier>	MP_BM752_Deck_Hatch	</identifier>
				<transform>
					<row0>	-1.0000 0.0000 0.0000 0.0000	</row0>
					<row1>	0.0000 0.9993 -0.0370 0.0000	</row1>
					<row2>	0.0000 -0.0370 -0.9993 0.0000	</row2>
					<row3>	-0.0007 0.4559 4.8101 1.0000	</row3>
				</transform>
			</node>
			<node>
				<identifier>	MP_BM752_Deck_Hatch_INDEX_1	</identifier>
				<transform>
					<row0>	-1.0000 0.0000 0.0000 0.0000	</row0>
					<row1>	0.0000 0.9962 -0.0872 0.0000	</row1>
					<row2>	0.0000 -0.0872 -0.9962 0.0000	</row2>
					<row3>	0.0262 0.5144 5.7459 1.0000	</row3>
				</transform>
			</node>
			<node>
				<identifier>	MP_BM752_Deck_Hatch_INDEX_2	</identifier>
				<transform>
					<row0>	-0.7903 0.0000 0.0000 0.0000	</row0>
					<row1>	0.0000 0.7903 -0.0123 0.0000	</row1>
					<row2>	0.0000 -0.0123 -0.7903 0.0000	</row2>
					<row3>	0.0000 0.4257 3.5424 1.0000	</row3>
				</transform>
			</node>
			<node>
				<identifier>	MP_BM753_Deck_Hatch	</identifier>
				<transform>
					<row0>	0.0000 -0.0109 -0.6482 0.0000	</row0>
					<row1>	0.0000 0.6482 -0.0109 0.0000	</row1>
					<row2>	0.6483 0.0000 0.0000 0.0000	</row2>
					<row3>	0.0000 0.4349 4.1307 1.0000	</row3>
				</transform>
			</node>
			<node>
				<identifier>	MP_BM753_Deck_Hatch_INDEX_1	</identifier>
				<transform>
					<row0>	0.0000 -0.0293 -0.9996 0.0000	</row0>
					<row1>	0.0000 0.9996 -0.0293 0.0000	</row1>
					<row2>	1.0000 0.0000 0.0000 0.0000	</row2>
					<row3>	0.0000 0.4414 4.3723 1.0000	</row3>
				</transform>
			</node>
			<node>
				<identifier>	MP_BM800_Ventilators_mushroom	</identifier>
				<transform>
					<row0>	-1.0000 0.0000 0.0000 0.0000	</row0>
					<row1>	0.0000 1.0000 0.0000 0.0000	</row1>
					<row2>	0.0000 0.0000 -1.0000 0.0000	</row2>
					<row3>	0.2317 0.4313 4.2842 1.0000	</row3>
				</transform>
			</node>
			<node>
				<identifier>	MP_BM800_Ventilators_mushroom_INDEX_1	</identifier>
				<transform>
					<row0>	-1.0000 0.0000 0.0000 0.0000	</row0>
					<row1>	0.0000 1.0000 0.0000 0.0000	</row1>
					<row2>	0.0000 0.0000 -1.0000 0.0000	</row2>
					<row3>	0.1686 0.4246 3.9890 1.0000	</row3>
				</transform>
			</node>
			<node>
				<identifier>	MP_BM800_Ventilators_mushroom_INDEX_10	</identifier>
				<transform>
					<row0>	-1.0000 0.0000 0.0000 0.0000	</row0>
					<row1>	0.0000 1.0000 0.0000 0.0000	</row1>
					<row2>	0.0000 0.0000 -1.0000 0.0000	</row2>
					<row3>	-0.0488 0.4468 4.7067 1.0000	</row3>
				</transform>
			</node>
			<node>
				<identifier>	MP_BM800_Ventilators_mushroom_INDEX_11	</identifier>
				<transform>
					<row0>	-1.0000 0.0000 0.0000 0.0000	</row0>
					<row1>	0.0000 1.0000 0.0000 0.0000	</row1>
					<row2>	0.0000 0.0000 -1.0000 0.0000	</row2>
					<row3>	-0.1788 0.4926 5.5416 1.0000	</row3>
				</transform>
			</node>
			<node>
				<identifier>	MP_BM800_Ventilators_mushroom_INDEX_2	</identifier>
				<transform>
					<row0>	-1.0000 0.0000 0.0000 0.0000	</row0>
					<row1>	0.0000 1.0000 0.0000 0.0000	</row1>
					<row2>	0.0000 0.0000 -1.0000 0.0000	</row2>
					<row3>	-0.2163 0.4246 3.9198 1.0000	</row3>
				</transform>
			</node>
			<node>
				<identifier>	MP_BM800_Ventilators_mushroom_INDEX_3	</identifier>
				<transform>
					<row0>	-1.0000 0.0000 0.0000 0.0000	</row0>
					<row1>	0.0000 1.0000 0.0000 0.0000	</row1>
					<row2>	0.0000 0.0000 -1.0000 0.0000	</row2>
					<row3>	0.1788 0.4926 5.5416 1.0000	</row3>
				</transform>
			</node>
			<node>
				<identifier>	MP_BM800_Ventilators_mushroom_INDEX_4	</identifier>
				<transform>
					<row0>	-1.0000 0.0000 0.0000 0.0000	</row0>
					<row1>	0.0000 1.0000 0.0000 0.0000	</row1>
					<row2>	0.0000 0.0000 -1.0000 0.0000	</row2>
					<row3>	-0.1081 0.4321 4.3889 1.0000	</row3>
				</transform>
			</node>
			<node>
				<identifier>	MP_BM800_Ventilators_mushroom_INDEX_5	</identifier>
				<transform>
					<row0>	-1.0000 0.0000 0.0000 0.0000	</row0>
					<row1>	0.0000 1.0000 0.0000 0.0000	</row1>
					<row2>	0.0000 0.0000 -1.0000 0.0000	</row2>
					<row3>	-0.1686 0.4246 3.9890 1.0000	</row3>
				</transform>
			</node>
			<node>
				<identifier>	MP_BM800_Ventilators_mushroom_INDEX_6	</identifier>
				<transform>
					<row0>	-1.0000 0.0000 0.0000 0.0000	</row0>
					<row1>	0.0000 1.0000 0.0000 0.0000	</row1>
					<row2>	0.0000 0.0000 -1.0000 0.0000	</row2>
					<row3>	0.1081 0.4321 4.3889 1.0000	</row3>
				</transform>
			</node>
			<node>
				<identifier>	MP_BM800_Ventilators_mushroom_INDEX_7	</identifier>
				<transform>
					<row0>	-1.0000 0.0000 0.0000 0.0000	</row0>
					<row1>	0.0000 1.0000 0.0000 0.0000	</row1>
					<row2>	0.0000 0.0000 -1.0000 0.0000	</row2>
					<row3>	0.2163 0.4246 3.9198 1.0000	</row3>
				</transform>
			</node>
			<node>
				<identifier>	MP_BM800_Ventilators_mushroom_INDEX_8	</identifier>
				<transform>
					<row0>	-1.0000 0.0000 0.0000 0.0000	</row0>
					<row1>	0.0000 1.0000 0.0000 0.0000	</row1>
					<row2>	0.0000 0.0000 -1.0000 0.0000	</row2>
					<row3>	0.0494 0.4468 4.7060 1.0000	</row3>
				</transform>
			</node>
			<node>
				<identifier>	MP_BM800_Ventilators_mushroom_INDEX_9	</identifier>
				<transform>
					<row0>	-1.0000 0.0000 0.0000 0.0000	</row0>
					<row1>	0.0000 1.0000 0.0000 0.0000	</row1>
					<row2>	0.0000 0.0000 -1.0000 0.0000	</row2>
					<row3>	-0.2317 0.4313 4.2842 1.0000	</row3>
				</transform>
			</node>
			<node>
				<identifier>	MP_BM803_Ventilation_box	</identifier>
				<transform>
					<row0>	0.4226 0.0000 0.9063 0.0000	</row0>
					<row1>	0.0000 1.0000 0.0000 0.0000	</row1>
					<row2>	-0.9063 0.0000 0.4226 0.0000	</row2>
					<row3>	-0.1193 0.4223 3.6064 1.0000	</row3>
				</transform>
			</node>
			<node>
				<identifier>	MP_BM803_Ventilation_box_INDEX_1	</identifier>
				<transform>
					<row0>	-0.5000 0.0000 0.8660 0.0000	</row0>
					<row1>	0.0000 1.0000 0.0000 0.0000	</row1>
					<row2>	-0.8660 0.0000 -0.5000 0.0000	</row2>
					<row3>	0.1193 0.4223 3.6064 1.0000	</row3>
				</transform>
			</node>
			<node>
				<identifier>	MP_BM858_Signal_Lamp	</identifier>
				<transform>
					<row0>	0.9965 0.0000 0.0000 0.0000	</row0>
					<row1>	0.0000 0.9965 0.0000 0.0000	</row1>
					<row2>	0.0000 0.0000 0.9965 0.0000	</row2>
					<row3>	0.0000 0.9634 6.0753 1.0000	</row3>
				</transform>
			</node>
			<node>
				<identifier>	MP_BM871_Running_Lights_F	</identifier>
				<transform>
					<row0>	-1.7757 0.0000 0.0000 0.0000	</row0>
					<row1>	0.0000 1.7757 0.0000 0.0000	</row1>
					<row2>	0.0000 0.0000 -1.7757 0.0000	</row2>
					<row3>	0.0000 0.8632 6.0610 1.0000	</row3>
				</transform>
			</node>
			<node>
				<identifier>	MP_BM957_Anchor_Capstan_big	</identifier>
				<transform>
					<row0>	0.5803 0.0000 0.0000 0.0000	</row0>
					<row1>	0.0000 0.6038 0.0000 0.0000	</row1>
					<row2>	0.0000 0.0000 0.5803 0.0000	</row2>
					<row3>	0.0000 0.4740 5.1556 1.0000	</row3>
				</transform>
			</node>
			<node>
				<identifier>	MP_BM959_Anchor_WW2_top	</identifier>
				<transform>
					<row0>	0.9754 0.0917 -0.2004 0.0000	</row0>
					<row1>	-0.2197 0.4757 -0.8517 0.0000	</row1>
					<row2>	0.0172 0.8748 0.4842 0.0000	</row2>
					<row3>	0.2227 0.3826 5.5502 1.0000	</row3>
				</transform>
			</node>
			<node>
				<identifier>	MP_BM959_Anchor_WW2_top_INDEX_1	</identifier>
				<transform>
					<row0>	0.9470 0.2318 -0.2222 0.0000	</row0>
					<row1>	-0.3137 0.5198 -0.7946 0.0000	</row1>
					<row2>	-0.0687 0.8222 0.5650 0.0000	</row2>
					<row3>	0.1507 0.3982 5.7981 1.0000	</row3>
				</transform>
			</node>
			<node>
				<identifier>	MP_BM959_Anchor_WW2_top_INDEX_2	</identifier>
				<transform>
					<row0>	0.9470 -0.2318 0.2222 0.0000	</row0>
					<row1>	0.3137 0.5198 -0.7946 0.0000	</row1>
					<row2>	0.0687 0.8222 0.5650 0.0000	</row2>
					<row3>	-0.1507 0.3982 5.7981 1.0000	</row3>
				</transform>
			</node>
			<node>
				<identifier>	MP_BM960_Anchor_WW2_down	</identifier>
				<transform>
					<row0>	0.9954 0.0109 0.0953 0.0000	</row0>
					<row1>	0.0722 0.5689 -0.8192 0.0000	</row1>
					<row2>	-0.0631 0.8223 0.5655 0.0000	</row2>
					<row3>	0.1509 0.3982 5.7981 1.0000	</row3>
				</transform>
			</node>
			<node>
				<identifier>	MP_BM960_Anchor_WW2_down_INDEX_1	</identifier>
				<transform>
					<row0>	0.9984 -0.0387 0.0401 0.0000	</row0>
					<row1>	0.0541 0.4992 -0.8648 0.0000	</row1>
					<row2>	0.0134 0.8656 0.5005 0.0000	</row2>
					<row3>	0.2227 0.3826 5.5502 1.0000	</row3>
				</transform>
			</node>
			<node>
				<identifier>	MP_BM960_Anchor_WW2_down_INDEX_2	</identifier>
				<transform>
					<row0>	0.9955 -0.0091 -0.0941 0.0000	</row0>
					<row1>	-0.0722 0.5689 -0.8192 0.0000	</row1>
					<row2>	0.0609 0.8223 0.5657 0.0000	</row2>
					<row3>	-0.1509 0.3982 5.7981 1.0000	</row3>
				</transform>
			</node>
			<node>
				<identifier>	MP_CM011_Fire_Fighting_Gear	</identifier>
				<transform>
					<row0>	0.0000 0.0000 1.0000 0.0000	</row0>
					<row1>	0.0000 1.0000 0.0000 0.0000	</row1>
					<row2>	-1.0000 0.0000 0.0000 0.0000	</row2>
					<row3>	0.0118 0.4560 4.8449 1.0000	</row3>
				</transform>
			</node>
			<node>
				<identifier>	MP_CM011_Fire_Fighting_Gear_INDEX_1	</identifier>
				<transform>
					<row0>	0.0000 0.0000 1.0000 0.0000	</row0>
					<row1>	0.0000 1.0000 0.0000 0.0000	</row1>
					<row2>	-1.0000 0.0000 0.0000 0.0000	</row2>
					<row3>	0.2248 0.4296 3.8365 1.0000	</row3>
				</transform>
			</node>
			<node>
				<identifier>	MP_CM011_Fire_Fighting_Gear_INDEX_2	</identifier>
				<transform>
					<row0>	0.0000 0.0000 1.0000 0.0000	</row0>
					<row1>	0.0000 1.0000 0.0000 0.0000	</row1>
					<row2>	-1.0000 0.0000 0.0000 0.0000	</row2>
					<row3>	0.0114 0.4376 4.3154 1.0000	</row3>
				</transform>
			</node>
			<node>
				<identifier>	MP_CM011_Fire_Fighting_Gear_INDEX_3	</identifier>
				<transform>
					<row0>	0.0000 0.0000 -1.0000 0.0000	</row0>
					<row1>	0.0000 1.0000 0.0000 0.0000	</row1>
					<row2>	1.0000 0.0000 0.0000 0.0000	</row2>
					<row3>	-0.2248 0.4296 3.8365 1.0000	</row3>
				</transform>
			</node>
		</node>
	</node>
	<boundingBox>
		<min>	-0.0667 -0.0667 -0.0667	</min>
		<max>	0.0667 0.0667 0.0667	</max>
	</boundingBox>
</BSC022_Surrey_1944_Bow_ports.visual>
