<WSD002_Tatra_1918_MidFront_ports.visual>
	<node>
		<identifier>	Scene Root	</identifier>
		<transform>
			<row0>	1.0000 0.0000 0.0000 0.0000	</row0>
			<row1>	0.0000 1.0000 0.0000 0.0000	</row1>
			<row2>	0.0000 0.0000 1.0000 0.0000	</row2>
			<row3>	0.0000 0.0000 0.0000 1.0000	</row3>
		</transform>
		<node>
			<identifier>	MidFront_ports	</identifier>
			<transform>
				<row0>	1.0000 0.0000 0.0000 0.0000	</row0>
				<row1>	0.0000 1.0000 0.0000 0.0000	</row1>
				<row2>	0.0000 0.0000 1.0000 0.0000	</row2>
				<row3>	0.0000 0.0000 0.0000 1.0000	</row3>
			</transform>
			<node>
				<identifier>	HP_FX_Death_1	</identifier>
				<transform>
					<row0>	1.0000 0.0000 0.0000 0.0000	</row0>
					<row1>	0.0000 1.0000 0.0000 0.0000	</row1>
					<row2>	0.0000 0.0000 1.0000 0.0000	</row2>
					<row3>	0.0000 0.0000 1.0513 1.0000	</row3>
				</transform>
			</node>
			<node>
				<identifier>	HP_FX_Fire_2	</identifier>
				<transform>
					<row0>	1.0000 0.0000 0.0000 0.0000	</row0>
					<row1>	0.0000 1.0000 0.0000 0.0000	</row1>
					<row2>	0.0000 0.0000 1.0000 0.0000	</row2>
					<row3>	0.0000 0.2479 1.3932 1.0000	</row3>
				</transform>
			</node>
			<node>
				<identifier>	HP_FX_Fire_2_side_1	</identifier>
				<transform>
					<row0>	1.0000 0.0000 0.0000 0.0000	</row0>
					<row1>	0.0000 1.0000 0.0000 0.0000	</row1>
					<row2>	0.0000 0.0000 1.0000 0.0000	</row2>
					<row3>	-0.1351 0.1281 0.9096 1.0000	</row3>
				</transform>
			</node>
			<node>
				<identifier>	HP_FX_Fire_2_side_2	</identifier>
				<transform>
					<row0>	1.0000 0.0000 0.0000 0.0000	</row0>
					<row1>	0.0000 1.0000 0.0000 0.0000	</row1>
					<row2>	0.0000 0.0000 1.0000 0.0000	</row2>
					<row3>	0.2017 0.3411 0.1371 1.0000	</row3>
				</transform>
			</node>
			<node>
				<identifier>	HP_FX_FloodLight_left_1	</identifier>
				<transform>
					<row0>	-1.0000 0.0000 0.0000 0.0000	</row0>
					<row1>	0.0000 1.0000 0.0000 0.0000	</row1>
					<row2>	0.0000 0.0000 -1.0000 0.0000	</row2>
					<row3>	-0.0390 0.3968 1.2022 1.0000	</row3>
				</transform>
			</node>
			<node>
				<identifier>	HP_FX_FloodLight_right_1	</identifier>
				<transform>
					<row0>	1.0000 0.0000 0.0000 0.0000	</row0>
					<row1>	0.0000 1.0000 0.0000 0.0000	</row1>
					<row2>	0.0000 0.0000 1.0000 0.0000	</row2>
					<row3>	0.0379 0.3979 1.2047 1.0000	</row3>
				</transform>
			</node>
			<node>
				<identifier>	HP_FX_Flood_steam_1	</identifier>
				<transform>
					<row0>	1.0000 0.0000 0.0000 0.0000	</row0>
					<row1>	0.0000 0.9518 -0.3068 0.0000	</row1>
					<row2>	0.0000 0.3068 0.9518 0.0000	</row2>
					<row3>	-0.0204 0.4354 0.6778 1.0000	</row3>
				</transform>
			</node>
			<node>
				<identifier>	HP_FX_Flood_steam_left	</identifier>
				<transform>
					<row0>	-0.9950 0.0000 0.1002 0.0000	</row0>
					<row1>	0.0000 1.0000 0.0000 0.0000	</row1>
					<row2>	-0.1002 0.0000 -0.9950 0.0000	</row2>
					<row3>	-0.2471 0.2394 1.5489 1.0000	</row3>
				</transform>
			</node>
			<node>
				<identifier>	HP_FX_Flood_water_left_1	</identifier>
				<transform>
					<row0>	-0.9981 0.0571 0.0216 0.0000	</row0>
					<row1>	0.0570 0.9983 -0.0076 0.0000	</row1>
					<row2>	-0.0220 -0.0063 -0.9997 0.0000	</row2>
					<row3>	-0.2356 0.0107 1.0783 1.0000	</row3>
				</transform>
			</node>
			<node>
				<identifier>	HP_FX_Flood_water_left_2	</identifier>
				<transform>
					<row0>	-0.9981 0.0571 0.0216 0.0000	</row0>
					<row1>	0.0570 0.9983 -0.0076 0.0000	</row1>
					<row2>	-0.0220 -0.0063 -0.9997 0.0000	</row2>
					<row3>	-0.2592 0.0091 -0.0004 1.0000	</row3>
				</transform>
			</node>
			<node>
				<identifier>	HP_FX_Flood_water_right_1	</identifier>
				<transform>
					<row0>	1.0000 0.0000 0.0000 0.0000	</row0>
					<row1>	0.0000 1.0000 0.0000 0.0000	</row1>
					<row2>	0.0000 0.0000 1.0000 0.0000	</row2>
					<row3>	0.2357 0.0111 1.0778 1.0000	</row3>
				</transform>
			</node>
			<node>
				<identifier>	HP_FX_Flood_water_right_2	</identifier>
				<transform>
					<row0>	1.0000 0.0000 0.0000 0.0000	</row0>
					<row1>	0.0000 1.0000 0.0000 0.0000	</row1>
					<row2>	0.0000 0.0000 1.0000 0.0000	</row2>
					<row3>	0.2591 0.0101 -0.0006 1.0000	</row3>
				</transform>
			</node>
			<node>
				<identifier>	HP_FX_Smoke_1	</identifier>
				<transform>
					<row0>	1.0000 0.0000 0.0000 0.0000	</row0>
					<row1>	0.0000 1.0000 0.0000 0.0000	</row1>
					<row2>	0.0000 0.0000 1.0000 0.0000	</row2>
					<row3>	0.0010 0.4744 1.2021 1.0000	</row3>
				</transform>
			</node>
			<node>
				<identifier>	HP_FX_Smoke_2	</identifier>
				<transform>
					<row0>	1.0000 0.0000 0.0000 0.0000	</row0>
					<row1>	0.0000 1.0000 0.0000 0.0000	</row1>
					<row2>	0.0000 0.0000 1.0000 0.0000	</row2>
					<row3>	0.0000 0.4724 0.7681 1.0000	</row3>
				</transform>
			</node>
			<node>
				<identifier>	HP_FX_Smoke_3	</identifier>
				<transform>
					<row0>	1.0000 0.0000 0.0000 0.0000	</row0>
					<row1>	0.0000 1.0000 0.0000 0.0000	</row1>
					<row2>	0.0000 0.0000 1.0000 0.0000	</row2>
					<row3>	-0.0005 0.4771 0.1246 1.0000	</row3>
				</transform>
			</node>
			<node>
				<identifier>	HP_Flagpole	</identifier>
				<transform>
					<row0>	0.4646 0.0000 0.0000 0.0000	</row0>
					<row1>	0.0000 0.4629 -0.0390 0.0000	</row1>
					<row2>	0.0000 0.0390 0.4629 0.0000	</row2>
					<row3>	0.0000 1.3652 1.4348 1.0000	</row3>
				</transform>
			</node>
			<node>
				<identifier>	HP_flag_1	</identifier>
				<transform>
					<row0>	0.9996 -0.0274 0.0000 0.0000	</row0>
					<row1>	0.0274 0.9996 0.0065 0.0000	</row1>
					<row2>	0.0000 -0.0065 1.0000 0.0000	</row2>
					<row3>	0.0732 1.0649 1.4540 1.0000	</row3>
				</transform>
			</node>
			<node>
				<identifier>	HP_flag_2	</identifier>
				<transform>
					<row0>	0.9996 0.0274 0.0000 0.0000	</row0>
					<row1>	-0.0274 0.9996 0.0065 0.0000	</row1>
					<row2>	0.0000 -0.0065 1.0000 0.0000	</row2>
					<row3>	-0.0732 1.0649 1.4540 1.0000	</row3>
				</transform>
			</node>
			<node>
				<identifier>	HP_flag_3	</identifier>
				<transform>
					<row0>	1.0000 0.0059 0.0000 0.0000	</row0>
					<row1>	-0.0059 1.0000 0.0065 0.0000	</row1>
					<row2>	0.0000 -0.0065 1.0000 0.0000	</row2>
					<row3>	0.0323 1.0648 1.4540 1.0000	</row3>
				</transform>
			</node>
			<node>
				<identifier>	HP_flag_4	</identifier>
				<transform>
					<row0>	1.0000 -0.0059 0.0000 0.0000	</row0>
					<row1>	0.0059 1.0000 0.0065 0.0000	</row1>
					<row2>	0.0000 -0.0065 1.0000 0.0000	</row2>
					<row3>	-0.0323 1.0648 1.4540 1.0000	</row3>
				</transform>
			</node>
			<node>
				<identifier>	HP_flag_courtesy	</identifier>
				<transform>
					<row0>	0.9992 -0.0411 -0.0001 0.0000	</row0>
					<row1>	0.0411 0.9991 0.0065 0.0000	</row1>
					<row2>	-0.0001 -0.0065 1.0000 0.0000	</row2>
					<row3>	0.0980 1.2116 1.4549 1.0000	</row3>
				</transform>
			</node>
			<node>
				<identifier>	HP_flag_house	</identifier>
				<transform>
					<row0>	0.9992 0.0411 0.0001 0.0000	</row0>
					<row1>	-0.0411 0.9991 0.0065 0.0000	</row1>
					<row2>	0.0001 -0.0065 1.0000 0.0000	</row2>
					<row3>	-0.0980 1.2116 1.4549 1.0000	</row3>
				</transform>
			</node>
			<node>
				<identifier>	HP_flag_rank	</identifier>
				<transform>
					<row0>	1.0000 -0.0010 0.0001 0.0000	</row0>
					<row1>	0.0010 0.9764 -0.2162 0.0000	</row1>
					<row2>	0.0001 0.2162 0.9764 0.0000	</row2>
					<row3>	0.0002 1.3609 1.3794 1.0000	</row3>
				</transform>
			</node>
			<node>
				<identifier>	MP_BM874_Searchlight_24in	</identifier>
				<transform>
					<row0>	1.0000 0.0000 0.0000 0.0000	</row0>
					<row1>	0.0000 1.0000 0.0000 0.0000	</row1>
					<row2>	0.0000 0.0000 1.0000 0.0000	</row2>
					<row3>	0.0000 0.5305 1.5865 1.0000	</row3>
				</transform>
			</node>
			<node>
				<identifier>	MP_CM011_Fire_Fighting_Gear	</identifier>
				<transform>
					<row0>	0.0000 0.0000 1.0000 0.0000	</row0>
					<row1>	0.0000 1.0000 0.0000 0.0000	</row1>
					<row2>	-1.0000 0.0000 0.0000 0.0000	</row2>
					<row3>	0.0891 0.2797 1.5856 1.0000	</row3>
				</transform>
			</node>
			<node>
				<identifier>	MP_CM011_Fire_Fighting_Gear_INDEX_1	</identifier>
				<transform>
					<row0>	1.0000 0.0000 0.0000 0.0000	</row0>
					<row1>	0.0000 1.0000 0.0000 0.0000	</row1>
					<row2>	0.0000 0.0000 1.0000 0.0000	</row2>
					<row3>	-0.0721 0.2050 1.3974 1.0000	</row3>
				</transform>
			</node>
			<node>
				<identifier>	MP_CM052_Fender	</identifier>
				<transform>
					<row0>	0.0000 0.0000 -0.4163 0.0000	</row0>
					<row1>	-0.1056 0.4027 0.0000 0.0000	</row1>
					<row2>	0.4027 0.1056 0.0000 0.0000	</row2>
					<row3>	0.1205 0.1304 0.3145 1.0000	</row3>
				</transform>
			</node>
			<node>
				<identifier>	MP_CM052_Fender_INDEX_1	</identifier>
				<transform>
					<row0>	0.0000 0.0000 0.4163 0.0000	</row0>
					<row1>	0.1056 0.4027 0.0000 0.0000	</row1>
					<row2>	-0.4027 0.1056 0.0000 0.0000	</row2>
					<row3>	-0.1205 0.1306 0.9986 1.0000	</row3>
				</transform>
			</node>
			<node>
				<identifier>	MP_CM052_Fender_INDEX_2	</identifier>
				<transform>
					<row0>	0.0000 0.0000 0.4160 0.0000	</row0>
					<row1>	0.0000 0.4160 0.0000 0.0000	</row1>
					<row2>	-0.4160 0.0000 0.0000 0.0000	</row2>
					<row3>	-0.1289 0.2806 1.6441 1.0000	</row3>
				</transform>
			</node>
			<node>
				<identifier>	MP_CM052_Fender_INDEX_3	</identifier>
				<transform>
					<row0>	0.0000 0.0000 0.4163 0.0000	</row0>
					<row1>	0.1056 0.4027 0.0000 0.0000	</row1>
					<row2>	-0.4027 0.1056 0.0000 0.0000	</row2>
					<row3>	-0.1226 0.1310 0.3149 1.0000	</row3>
				</transform>
			</node>
			<node>
				<identifier>	MP_CM052_Fender_INDEX_4	</identifier>
				<transform>
					<row0>	0.0000 0.0000 -0.4163 0.0000	</row0>
					<row1>	-0.1056 0.4027 0.0000 0.0000	</row1>
					<row2>	0.4027 0.1056 0.0000 0.0000	</row2>
					<row3>	0.1205 0.1306 0.9986 1.0000	</row3>
				</transform>
			</node>
			<node>
				<identifier>	MP_CM092_Siren	</identifier>
				<transform>
					<row0>	0.4906 0.0000 0.0000 0.0000	</row0>
					<row1>	0.0000 0.4906 0.0000 0.0000	</row1>
					<row2>	0.0000 0.0000 0.4906 0.0000	</row2>
					<row3>	0.0151 0.4068 1.2741 1.0000	</row3>
				</transform>
			</node>
			<node>
				<identifier>	MP_CM126_Cleat	</identifier>
				<transform>
					<row0>	-0.8115 0.5843 0.0000 0.0000	</row0>
					<row1>	0.0000 0.0000 -1.0000 0.0000	</row1>
					<row2>	-0.5843 -0.8115 0.0000 0.0000	</row2>
					<row3>	-0.1479 0.2292 1.3666 1.0000	</row3>
				</transform>
			</node>
			<node>
				<identifier>	MP_CM126_Cleat_INDEX_1	</identifier>
				<transform>
					<row0>	0.8115 -0.5843 0.0000 0.0000	</row0>
					<row1>	0.0000 0.0000 1.0000 0.0000	</row1>
					<row2>	-0.5843 -0.8115 0.0000 0.0000	</row2>
					<row3>	-0.1722 0.1973 1.1805 1.0000	</row3>
				</transform>
			</node>
			<node>
				<identifier>	MP_CM126_Cleat_INDEX_10	</identifier>
				<transform>
					<row0>	0.8115 0.5843 0.0000 0.0000	</row0>
					<row1>	0.0000 0.0000 1.0000 0.0000	</row1>
					<row2>	0.5843 -0.8115 0.0000 0.0000	</row2>
					<row3>	0.1722 0.1973 1.1805 1.0000	</row3>
				</transform>
			</node>
			<node>
				<identifier>	MP_CM126_Cleat_INDEX_11	</identifier>
				<transform>
					<row0>	-0.8115 0.5843 0.0000 0.0000	</row0>
					<row1>	0.0000 0.0000 -1.0000 0.0000	</row1>
					<row2>	-0.5843 -0.8115 0.0000 0.0000	</row2>
					<row3>	-0.1614 0.2311 0.2371 1.0000	</row3>
				</transform>
			</node>
			<node>
				<identifier>	MP_CM126_Cleat_INDEX_12	</identifier>
				<transform>
					<row0>	-0.8115 -0.5843 0.0000 0.0000	</row0>
					<row1>	0.0000 0.0000 -1.0000 0.0000	</row1>
					<row2>	0.5843 -0.8115 0.0000 0.0000	</row2>
					<row3>	0.1614 0.2311 0.2371 1.0000	</row3>
				</transform>
			</node>
			<node>
				<identifier>	MP_CM126_Cleat_INDEX_13	</identifier>
				<transform>
					<row0>	-0.8115 -0.5843 0.0000 0.0000	</row0>
					<row1>	0.0000 0.0000 -1.0000 0.0000	</row1>
					<row2>	0.5843 -0.8115 0.0000 0.0000	</row2>
					<row3>	0.1714 0.1979 1.3666 1.0000	</row3>
				</transform>
			</node>
			<node>
				<identifier>	MP_CM126_Cleat_INDEX_2	</identifier>
				<transform>
					<row0>	0.8115 0.5843 0.0000 0.0000	</row0>
					<row1>	0.0000 0.0000 1.0000 0.0000	</row1>
					<row2>	0.5843 -0.8115 0.0000 0.0000	</row2>
					<row3>	0.1614 0.2311 0.0255 1.0000	</row3>
				</transform>
			</node>
			<node>
				<identifier>	MP_CM126_Cleat_INDEX_3	</identifier>
				<transform>
					<row0>	0.8115 -0.5843 0.0000 0.0000	</row0>
					<row1>	0.0000 0.0000 1.0000 0.0000	</row1>
					<row2>	-0.5843 -0.8115 0.0000 0.0000	</row2>
					<row3>	-0.1479 0.2292 1.1805 1.0000	</row3>
				</transform>
			</node>
			<node>
				<identifier>	MP_CM126_Cleat_INDEX_4	</identifier>
				<transform>
					<row0>	-0.8115 -0.5843 0.0000 0.0000	</row0>
					<row1>	0.0000 0.0000 -1.0000 0.0000	</row1>
					<row2>	0.5843 -0.8115 0.0000 0.0000	</row2>
					<row3>	0.1479 0.2292 1.3666 1.0000	</row3>
				</transform>
			</node>
			<node>
				<identifier>	MP_CM126_Cleat_INDEX_5	</identifier>
				<transform>
					<row0>	-0.8115 0.5843 0.0000 0.0000	</row0>
					<row1>	0.0000 0.0000 -1.0000 0.0000	</row1>
					<row2>	-0.5843 -0.8115 0.0000 0.0000	</row2>
					<row3>	-0.1714 0.1979 1.3666 1.0000	</row3>
				</transform>
			</node>
			<node>
				<identifier>	MP_CM126_Cleat_INDEX_6	</identifier>
				<transform>
					<row0>	0.8792 0.0000 -0.4765 0.0000	</row0>
					<row1>	0.0000 1.0000 0.0000 0.0000	</row1>
					<row2>	0.4765 0.0000 0.8792 0.0000	</row2>
					<row3>	0.2246 0.2757 1.7825 1.0000	</row3>
				</transform>
			</node>
			<node>
				<identifier>	MP_CM126_Cleat_INDEX_7	</identifier>
				<transform>
					<row0>	0.8115 -0.5843 0.0000 0.0000	</row0>
					<row1>	0.0000 0.0000 1.0000 0.0000	</row1>
					<row2>	-0.5843 -0.8115 0.0000 0.0000	</row2>
					<row3>	-0.1614 0.2311 0.0255 1.0000	</row3>
				</transform>
			</node>
			<node>
				<identifier>	MP_CM126_Cleat_INDEX_8	</identifier>
				<transform>
					<row0>	0.8792 0.0000 0.4765 0.0000	</row0>
					<row1>	0.0000 1.0000 0.0000 0.0000	</row1>
					<row2>	-0.4765 0.0000 0.8792 0.0000	</row2>
					<row3>	-0.2246 0.2757 1.7825 1.0000	</row3>
				</transform>
			</node>
			<node>
				<identifier>	MP_CM126_Cleat_INDEX_9	</identifier>
				<transform>
					<row0>	0.8115 0.5843 0.0000 0.0000	</row0>
					<row1>	0.0000 0.0000 1.0000 0.0000	</row1>
					<row2>	0.5843 -0.8115 0.0000 0.0000	</row2>
					<row3>	0.1479 0.2292 1.1805 1.0000	</row3>
				</transform>
			</node>
			<node>
				<identifier>	MP_CM128_Barrel	</identifier>
				<transform>
					<row0>	1.3794 0.0000 0.0000 0.0000	</row0>
					<row1>	0.0000 1.3794 0.0000 0.0000	</row1>
					<row2>	0.0000 0.0000 1.3794 0.0000	</row2>
					<row3>	-0.0536 0.2221 0.9100 1.0000	</row3>
				</transform>
			</node>
			<node>
				<identifier>	MP_CM128_Barrel_INDEX_1	</identifier>
				<transform>
					<row0>	1.3794 0.0000 0.0000 0.0000	</row0>
					<row1>	0.0000 1.3794 0.0000 0.0000	</row1>
					<row2>	0.0000 0.0000 1.3794 0.0000	</row2>
					<row3>	-0.0654 0.2221 0.3167 1.0000	</row3>
				</transform>
			</node>
			<node>
				<identifier>	MP_CM128_Barrel_INDEX_2	</identifier>
				<transform>
					<row0>	1.3794 0.0000 0.0000 0.0000	</row0>
					<row1>	0.0000 1.3794 0.0000 0.0000	</row1>
					<row2>	0.0000 0.0000 1.3794 0.0000	</row2>
					<row3>	0.0654 0.2221 0.3167 1.0000	</row3>
				</transform>
			</node>
			<node>
				<identifier>	MP_WM004_Life_buoy	</identifier>
				<transform>
					<row0>	0.0000 0.0000 -0.7613 0.0000	</row0>
					<row1>	0.0000 0.7613 0.0000 0.0000	</row1>
					<row2>	0.7613 0.0000 0.0000 0.0000	</row2>
					<row3>	-0.0748 0.4697 1.4830 1.0000	</row3>
				</transform>
			</node>
			<node>
				<identifier>	MP_WM004_Life_buoy_INDEX_1	</identifier>
				<transform>
					<row0>	0.7613 0.0000 0.0000 0.0000	</row0>
					<row1>	0.0000 0.7613 0.0000 0.0000	</row1>
					<row2>	0.0000 0.0000 0.7613 0.0000	</row2>
					<row3>	0.1749 0.4697 1.6004 1.0000	</row3>
				</transform>
			</node>
			<node>
				<identifier>	MP_WM004_Life_buoy_INDEX_10	</identifier>
				<transform>
					<row0>	0.0000 0.0000 0.7613 0.0000	</row0>
					<row1>	0.0000 0.7613 0.0000 0.0000	</row1>
					<row2>	-0.7613 0.0000 0.0000 0.0000	</row2>
					<row3>	0.0748 0.4697 1.5533 1.0000	</row3>
				</transform>
			</node>
			<node>
				<identifier>	MP_WM004_Life_buoy_INDEX_11	</identifier>
				<transform>
					<row0>	-0.0311 0.0000 -0.7604 0.0000	</row0>
					<row1>	0.0000 0.7610 0.0000 0.0000	</row1>
					<row2>	0.7604 0.0000 -0.0311 0.0000	</row2>
					<row3>	-0.2375 0.1790 1.0617 1.0000	</row3>
				</transform>
			</node>
			<node>
				<identifier>	MP_WM004_Life_buoy_INDEX_12	</identifier>
				<transform>
					<row0>	0.7613 0.0000 0.0000 0.0000	</row0>
					<row1>	0.0000 0.7613 0.0000 0.0000	</row1>
					<row2>	0.0000 0.0000 0.7613 0.0000	</row2>
					<row3>	-0.1749 0.4697 1.6004 1.0000	</row3>
				</transform>
			</node>
			<node>
				<identifier>	MP_WM004_Life_buoy_INDEX_2	</identifier>
				<transform>
					<row0>	-0.0311 0.0000 0.7607 0.0000	</row0>
					<row1>	0.0000 0.7613 0.0000 0.0000	</row1>
					<row2>	-0.7607 0.0000 -0.0311 0.0000	</row2>
					<row3>	0.2317 0.3348 1.5554 1.0000	</row3>
				</transform>
			</node>
			<node>
				<identifier>	MP_WM004_Life_buoy_INDEX_3	</identifier>
				<transform>
					<row0>	-0.0311 0.0000 0.7604 0.0000	</row0>
					<row1>	0.0000 0.7610 0.0000 0.0000	</row1>
					<row2>	-0.7604 0.0000 -0.0311 0.0000	</row2>
					<row3>	0.2375 0.1790 1.0617 1.0000	</row3>
				</transform>
			</node>
			<node>
				<identifier>	MP_WM004_Life_buoy_INDEX_4	</identifier>
				<transform>
					<row0>	-0.7613 0.0000 0.0000 0.0000	</row0>
					<row1>	0.0000 0.7613 0.0000 0.0000	</row1>
					<row2>	0.0000 0.0000 -0.7613 0.0000	</row2>
					<row3>	0.1749 0.4699 1.6897 1.0000	</row3>
				</transform>
			</node>
			<node>
				<identifier>	MP_WM004_Life_buoy_INDEX_5	</identifier>
				<transform>
					<row0>	-0.0311 0.0000 -0.7607 0.0000	</row0>
					<row1>	0.0000 0.7613 0.0000 0.0000	</row1>
					<row2>	0.7607 0.0000 -0.0311 0.0000	</row2>
					<row3>	-0.2317 0.3348 1.5554 1.0000	</row3>
				</transform>
			</node>
			<node>
				<identifier>	MP_WM004_Life_buoy_INDEX_6	</identifier>
				<transform>
					<row0>	0.0000 0.0000 0.7613 0.0000	</row0>
					<row1>	0.0000 0.7613 0.0000 0.0000	</row1>
					<row2>	-0.7613 0.0000 0.0000 0.0000	</row2>
					<row3>	0.0748 0.4697 1.4830 1.0000	</row3>
				</transform>
			</node>
			<node>
				<identifier>	MP_WM004_Life_buoy_INDEX_7	</identifier>
				<transform>
					<row0>	-0.0548 0.0000 0.7590 0.0000	</row0>
					<row1>	0.0000 0.7610 0.0000 0.0000	</row1>
					<row2>	-0.7590 0.0000 -0.0548 0.0000	</row2>
					<row3>	0.2174 0.3366 1.8670 1.0000	</row3>
				</transform>
			</node>
			<node>
				<identifier>	MP_WM004_Life_buoy_INDEX_8	</identifier>
				<transform>
					<row0>	-0.7613 0.0000 0.0000 0.0000	</row0>
					<row1>	0.0000 0.7613 0.0000 0.0000	</row1>
					<row2>	0.0000 0.0000 -0.7613 0.0000	</row2>
					<row3>	-0.1749 0.4699 1.6897 1.0000	</row3>
				</transform>
			</node>
			<node>
				<identifier>	MP_WM004_Life_buoy_INDEX_9	</identifier>
				<transform>
					<row0>	-0.0548 0.0000 -0.7590 0.0000	</row0>
					<row1>	0.0000 0.7610 0.0000 0.0000	</row1>
					<row2>	0.7590 0.0000 -0.0548 0.0000	</row2>
					<row3>	-0.2174 0.3366 1.8670 1.0000	</row3>
				</transform>
			</node>
			<node>
				<identifier>	MP_WM013_Fire_Hose_Rack_Box	</identifier>
				<transform>
					<row0>	-1.0000 0.0000 0.0000 0.0000	</row0>
					<row1>	0.0000 1.0000 0.0000 0.0000	</row1>
					<row2>	0.0000 0.0000 -1.0000 0.0000	</row2>
					<row3>	0.0748 0.3265 1.5607 1.0000	</row3>
				</transform>
			</node>
			<node>
				<identifier>	MP_WM013_Fire_Hose_Rack_Box_INDEX_1	</identifier>
				<transform>
					<row0>	0.0000 0.0000 1.0000 0.0000	</row0>
					<row1>	0.0000 1.0000 0.0000 0.0000	</row1>
					<row2>	-1.0000 0.0000 0.0000 0.0000	</row2>
					<row3>	-0.0575 0.2571 1.4094 1.0000	</row3>
				</transform>
			</node>
			<node>
				<identifier>	MP_WM016_7cm_45_K09_TAG_Skoda	</identifier>
				<transform>
					<row0>	0.9511 0.0000 0.3090 0.0000	</row0>
					<row1>	0.0000 1.0000 0.0000 0.0000	</row1>
					<row2>	-0.3090 0.0000 0.9511 0.0000	</row2>
					<row3>	-0.2192 0.1274 0.7859 1.0000	</row3>
				</transform>
			</node>
			<node>
				<identifier>	MP_WM016_7cm_45_K09_TAG_Skoda_INDEX_1	</identifier>
				<transform>
					<row0>	0.9511 0.0000 -0.3090 0.0000	</row0>
					<row1>	0.0000 1.0000 0.0000 0.0000	</row1>
					<row2>	0.3090 0.0000 0.9511 0.0000	</row2>
					<row3>	0.2192 0.1274 0.7859 1.0000	</row3>
				</transform>
			</node>
			<node>
				<identifier>	MP_WM508_normaljolle	</identifier>
				<transform>
					<row0>	1.0000 0.0000 0.0000 0.0000	</row0>
					<row1>	0.0000 1.0000 0.0000 0.0000	</row1>
					<row2>	0.0000 0.0000 1.0000 0.0000	</row2>
					<row3>	-0.1877 0.2829 1.2744 1.0000	</row3>
				</transform>
			</node>
			<node>
				<identifier>	MP_WM508_normaljolle_INDEX_1	</identifier>
				<transform>
					<row0>	1.0000 0.0000 0.0000 0.0000	</row0>
					<row1>	0.0000 1.0000 0.0000 0.0000	</row1>
					<row2>	0.0000 0.0000 1.0000 0.0000	</row2>
					<row3>	0.1877 0.2829 1.2744 1.0000	</row3>
				</transform>
			</node>
			<node>
				<identifier>	MP_WM518_6_3m_motorboot_AW	</identifier>
				<transform>
					<row0>	1.0000 0.0000 0.0000 0.0000	</row0>
					<row1>	0.0000 1.0000 0.0000 0.0000	</row1>
					<row2>	0.0000 0.0000 1.0000 0.0000	</row2>
					<row3>	0.2015 0.2663 0.1376 1.0000	</row3>
				</transform>
			</node>
			<node>
				<identifier>	MP_WM518_6_3m_motorboot_AW_INDEX_1	</identifier>
				<transform>
					<row0>	1.0000 0.0000 0.0000 0.0000	</row0>
					<row1>	0.0000 1.0000 0.0000 0.0000	</row1>
					<row2>	0.0000 0.0000 1.0000 0.0000	</row2>
					<row3>	-0.2015 0.2663 0.1376 1.0000	</row3>
				</transform>
			</node>
		</node>
	</node>
	<boundingBox>
		<min>	-0.0667 -0.0667 -0.0667	</min>
		<max>	0.0667 0.0667 0.0667	</max>
	</boundingBox>
</WSD002_Tatra_1918_MidFront_ports.visual>
