<BGM066_16in45_BL_MkI.visual>
	<node>
		<identifier>	Scene Root	</identifier>
		<transform>
			<row0>	1.0000 0.0000 0.0000 0.0000	</row0>
			<row1>	0.0000 1.0000 0.0000 0.0000	</row1>
			<row2>	0.0000 0.0000 1.0000 0.0000	</row2>
			<row3>	0.0000 0.0000 0.0000 1.0000	</row3>
		</transform>
		<node>
			<identifier>	Root	</identifier>
			<transform>
				<row0>	1.0000 0.0000 0.0000 0.0000	</row0>
				<row1>	0.0000 1.0000 0.0000 0.0000	</row1>
				<row2>	0.0000 0.0000 1.0000 0.0000	</row2>
				<row3>	0.0000 0.0000 0.0000 1.0000	</row3>
			</transform>
			<node>
				<identifier>	Root_BlendBone	</identifier>
				<transform>
					<row0>	1.0000 0.0000 0.0000 0.0000	</row0>
					<row1>	0.0000 1.0000 0.0000 0.0000	</row1>
					<row2>	0.0000 0.0000 -1.0000 0.0000	</row2>
					<row3>	0.0000 0.0000 0.0000 1.0000	</row3>
				</transform>
			</node>
			<node>
				<identifier>	Rotate_Y	</identifier>
				<transform>
					<row0>	1.0000 0.0000 0.0000 0.0000	</row0>
					<row1>	0.0000 1.0000 0.0000 0.0000	</row1>
					<row2>	0.0000 0.0000 1.0000 0.0000	</row2>
					<row3>	0.0000 0.0053 0.0000 1.0000	</row3>
				</transform>
				<node>
					<identifier>	HP_BC_1	</identifier>
					<transform>
						<row0>	1.0000 0.0000 0.0000 0.0000	</row0>
						<row1>	0.0000 1.0000 0.0000 0.0000	</row1>
						<row2>	0.0000 0.0000 1.0000 0.0000	</row2>
						<row3>	0.0000 0.1754 -0.0892 1.0000	</row3>
					</transform>
				</node>
				<node>
					<identifier>	HP_BGA_1	</identifier>
					<transform>
						<row0>	1.0000 0.0000 0.0000 0.0000	</row0>
						<row1>	0.0000 1.0000 0.0000 0.0000	</row1>
						<row2>	0.0000 0.0000 1.0000 0.0000	</row2>
						<row3>	0.0000 0.1810 0.1638 1.0000	</row3>
					</transform>
				</node>
				<node>
					<identifier>	HP_BGA_2	</identifier>
					<transform>
						<row0>	0.0000 0.0000 1.0000 0.0000	</row0>
						<row1>	0.0000 1.0000 0.0000 0.0000	</row1>
						<row2>	-1.0000 0.0000 0.0000 0.0000	</row2>
						<row3>	-0.1477 0.1761 -0.0672 1.0000	</row3>
					</transform>
				</node>
				<node>
					<identifier>	HP_BGA_3	</identifier>
					<transform>
						<row0>	0.0000 0.0000 -1.0000 0.0000	</row0>
						<row1>	0.0000 1.0000 0.0000 0.0000	</row1>
						<row2>	1.0000 0.0000 0.0000 0.0000	</row2>
						<row3>	0.1477 0.1761 -0.0672 1.0000	</row3>
					</transform>
				</node>
				<node>
					<identifier>	HP_BGA_4	</identifier>
					<transform>
						<row0>	1.0000 0.0000 0.0000 0.0000	</row0>
						<row1>	0.0000 1.0000 0.0000 0.0000	</row1>
						<row2>	0.0000 0.0000 1.0000 0.0000	</row2>
						<row3>	0.0000 0.1767 -0.2240 1.0000	</row3>
					</transform>
				</node>
				<node>
					<identifier>	HP_BGA_5	</identifier>
					<transform>
						<row0>	0.0000 0.0000 1.0000 0.0000	</row0>
						<row1>	0.0000 1.0000 0.0000 0.0000	</row1>
						<row2>	-1.0000 0.0000 0.0000 0.0000	</row2>
						<row3>	-0.2003 0.1740 -0.3204 1.0000	</row3>
					</transform>
				</node>
				<node>
					<identifier>	HP_BGA_6	</identifier>
					<transform>
						<row0>	0.0000 0.0000 -1.0000 0.0000	</row0>
						<row1>	0.0000 1.0000 0.0000 0.0000	</row1>
						<row2>	1.0000 0.0000 0.0000 0.0000	</row2>
						<row3>	0.2003 0.1740 -0.3204 1.0000	</row3>
					</transform>
				</node>
				<node>
					<identifier>	MP_BM435_Ready_use_storage	</identifier>
					<transform>
						<row0>	1.0000 0.0000 0.0000 0.0000	</row0>
						<row1>	0.0000 1.0000 0.0000 0.0000	</row1>
						<row2>	0.0000 0.0000 1.0000 0.0000	</row2>
						<row3>	0.0000 -0.0053 0.0000 1.0000	</row3>
					</transform>
				</node>
				<node>
					<identifier>	MP_BM450_Gun_Deck_for_BGM021	</identifier>
					<transform>
						<row0>	0.5000 0.0000 0.8660 0.0000	</row0>
						<row1>	0.0000 1.0000 0.0000 0.0000	</row1>
						<row2>	-0.8660 0.0000 0.5000 0.0000	</row2>
						<row3>	0.0000 0.1822 0.1645 1.0000	</row3>
					</transform>
				</node>
				<node>
					<identifier>	MP_BM493_gundeck_for_BGM066	</identifier>
					<transform>
						<row0>	1.0000 0.0000 0.0000 0.0000	</row0>
						<row1>	0.0000 1.0000 0.0000 0.0000	</row1>
						<row2>	0.0000 0.0000 1.0000 0.0000	</row2>
						<row3>	0.0000 0.1716 -0.2140 1.0000	</row3>
					</transform>
				</node>
				<node>
					<identifier>	MP_BM509_Liferaft_type_20_10ft	</identifier>
					<transform>
						<row0>	0.8988 0.0000 -0.4384 0.0000	</row0>
						<row1>	-0.4384 0.0000 -0.8988 0.0000	</row1>
						<row2>	0.0000 1.0000 0.0000 0.0000	</row2>
						<row3>	-0.2050 0.0604 -0.5206 1.0000	</row3>
					</transform>
				</node>
				<node>
					<identifier>	MP_BM509_Liferaft_type_20_10ft_INDEX_1	</identifier>
					<transform>
						<row0>	0.9712 0.0000 -0.2382 0.0000	</row0>
						<row1>	-0.2382 0.0000 -0.9712 0.0000	</row1>
						<row2>	0.0000 1.0000 0.0000 0.0000	</row2>
						<row3>	-0.1028 0.0604 -0.5564 1.0000	</row3>
					</transform>
				</node>
				<node>
					<identifier>	MP_BM509_Liferaft_type_20_10ft_INDEX_2	</identifier>
					<transform>
						<row0>	0.0000 -1.0000 0.0000 0.0000	</row0>
						<row1>	-0.2349 0.0000 -0.9720 0.0000	</row1>
						<row2>	0.9720 0.0000 -0.2349 0.0000	</row2>
						<row3>	-0.1044 0.2402 -0.5326 1.0000	</row3>
					</transform>
				</node>
				<node>
					<identifier>	MP_BM509_Liferaft_type_20_10ft_INDEX_3	</identifier>
					<transform>
						<row0>	0.0000 1.0000 0.0000 0.0000	</row0>
						<row1>	0.2349 0.0000 -0.9720 0.0000	</row1>
						<row2>	-0.9720 0.0000 -0.2349 0.0000	</row2>
						<row3>	0.1044 0.2402 -0.5326 1.0000	</row3>
					</transform>
				</node>
				<node>
					<identifier>	MP_BM509_Liferaft_type_20_10ft_INDEX_4	</identifier>
					<transform>
						<row0>	0.8988 0.0000 0.4384 0.0000	</row0>
						<row1>	0.4384 0.0000 -0.8988 0.0000	</row1>
						<row2>	0.0000 1.0000 0.0000 0.0000	</row2>
						<row3>	0.2050 0.0604 -0.5206 1.0000	</row3>
					</transform>
				</node>
				<node>
					<identifier>	MP_BM509_Liferaft_type_20_10ft_INDEX_5	</identifier>
					<transform>
						<row0>	0.9712 0.0000 0.2382 0.0000	</row0>
						<row1>	0.2382 0.0000 -0.9712 0.0000	</row1>
						<row2>	0.0000 1.0000 0.0000 0.0000	</row2>
						<row3>	0.1028 0.0604 -0.5564 1.0000	</row3>
					</transform>
				</node>
				<node>
					<identifier>	MP_BM509_Liferaft_type_20_10ft_INDEX_6	</identifier>
					<transform>
						<row0>	0.0000 1.0000 0.0000 0.0000	</row0>
						<row1>	-0.4384 0.0000 -0.8988 0.0000	</row1>
						<row2>	-0.8988 0.0000 0.4384 0.0000	</row2>
						<row3>	-0.2050 0.0936 -0.5206 1.0000	</row3>
					</transform>
				</node>
				<node>
					<identifier>	MP_BM509_Liferaft_type_20_10ft_INDEX_7	</identifier>
					<transform>
						<row0>	0.0000 -1.0000 0.0000 0.0000	</row0>
						<row1>	0.4384 0.0000 -0.8988 0.0000	</row1>
						<row2>	0.8988 0.0000 0.4384 0.0000	</row2>
						<row3>	0.2050 0.0936 -0.5206 1.0000	</row3>
					</transform>
				</node>
				<node>
					<identifier>	MP_BM704_Locker	</identifier>
					<transform>
						<row0>	0.8801 0.0000 -0.4748 0.0000	</row0>
						<row1>	0.0000 1.0000 0.0000 0.0000	</row1>
						<row2>	0.4748 0.0000 0.8801 0.0000	</row2>
						<row3>	-0.2690 0.2010 -0.4242 1.0000	</row3>
					</transform>
				</node>
				<node>
					<identifier>	MP_BM704_Locker_INDEX_1	</identifier>
					<transform>
						<row0>	0.5000 0.0000 0.8660 0.0000	</row0>
						<row1>	0.0000 1.0000 0.0000 0.0000	</row1>
						<row2>	-0.8660 0.0000 0.5000 0.0000	</row2>
						<row3>	0.0952 0.2167 0.1098 1.0000	</row3>
					</transform>
				</node>
				<node>
					<identifier>	MP_BM704_Locker_INDEX_2	</identifier>
					<transform>
						<row0>	0.5000 0.0000 -0.8660 0.0000	</row0>
						<row1>	0.0000 1.0000 0.0000 0.0000	</row1>
						<row2>	0.8660 0.0000 0.5000 0.0000	</row2>
						<row3>	-0.0948 0.2167 0.1092 1.0000	</row3>
					</transform>
				</node>
				<node>
					<identifier>	MP_BM704_Locker_INDEX_3	</identifier>
					<transform>
						<row0>	-0.8149 0.0000 -0.5797 0.0000	</row0>
						<row1>	0.0000 1.0000 0.0000 0.0000	</row1>
						<row2>	0.5797 0.0000 -0.8149 0.0000	</row2>
						<row3>	-0.2856 0.2010 -0.1873 1.0000	</row3>
					</transform>
				</node>
				<node>
					<identifier>	MP_BM704_Locker_INDEX_4	</identifier>
					<transform>
						<row0>	0.8801 0.0000 0.4748 0.0000	</row0>
						<row1>	0.0000 1.0000 0.0000 0.0000	</row1>
						<row2>	-0.4748 0.0000 0.8801 0.0000	</row2>
						<row3>	0.2690 0.2010 -0.4242 1.0000	</row3>
					</transform>
				</node>
				<node>
					<identifier>	MP_BM704_Locker_INDEX_5	</identifier>
					<transform>
						<row0>	-0.8149 0.0000 0.5797 0.0000	</row0>
						<row1>	0.0000 1.0000 0.0000 0.0000	</row1>
						<row2>	-0.5797 0.0000 -0.8149 0.0000	</row2>
						<row3>	0.2856 0.2010 -0.1873 1.0000	</row3>
					</transform>
				</node>
				<node>
					<identifier>	MP_BM705_Ammunition_Box	</identifier>
					<transform>
						<row0>	1.0000 0.0000 0.0000 0.0000	</row0>
						<row1>	0.0000 1.0000 0.0000 0.0000	</row1>
						<row2>	0.0000 0.0000 1.0000 0.0000	</row2>
						<row3>	-0.2078 0.1736 -0.3415 1.0000	</row3>
					</transform>
				</node>
				<node>
					<identifier>	MP_BM705_Ammunition_Box_INDEX_1	</identifier>
					<transform>
						<row0>	1.0000 0.0000 0.0000 0.0000	</row0>
						<row1>	0.0000 1.0000 0.0000 0.0000	</row1>
						<row2>	0.0000 0.0000 1.0000 0.0000	</row2>
						<row3>	0.2669 0.1718 -0.3415 1.0000	</row3>
					</transform>
				</node>
				<node>
					<identifier>	MP_BM705_Ammunition_Box_INDEX_2	</identifier>
					<transform>
						<row0>	1.0000 0.0000 0.0000 0.0000	</row0>
						<row1>	0.0000 1.0000 0.0000 0.0000	</row1>
						<row2>	0.0000 0.0000 1.0000 0.0000	</row2>
						<row3>	-0.1817 0.1751 -0.4308 1.0000	</row3>
					</transform>
				</node>
				<node>
					<identifier>	MP_BM705_Ammunition_Box_INDEX_3	</identifier>
					<transform>
						<row0>	1.0000 0.0000 0.0000 0.0000	</row0>
						<row1>	0.0000 1.0000 0.0000 0.0000	</row1>
						<row2>	0.0000 0.0000 1.0000 0.0000	</row2>
						<row3>	0.0000 0.1817 -0.3373 1.0000	</row3>
					</transform>
				</node>
				<node>
					<identifier>	MP_BM705_Ammunition_Box_INDEX_4	</identifier>
					<transform>
						<row0>	1.0000 0.0000 0.0000 0.0000	</row0>
						<row1>	0.0000 1.0000 0.0000 0.0000	</row1>
						<row2>	0.0000 0.0000 1.0000 0.0000	</row2>
						<row3>	0.0000 0.1816 -0.2326 1.0000	</row3>
					</transform>
				</node>
				<node>
					<identifier>	MP_BM705_Ammunition_Box_INDEX_5	</identifier>
					<transform>
						<row0>	0.0000 0.0000 -1.0000 0.0000	</row0>
						<row1>	0.0000 1.0000 0.0000 0.0000	</row1>
						<row2>	1.0000 0.0000 0.0000 0.0000	</row2>
						<row3>	-0.2111 0.1737 -0.1904 1.0000	</row3>
					</transform>
				</node>
				<node>
					<identifier>	MP_BM705_Ammunition_Box_INDEX_6	</identifier>
					<transform>
						<row0>	0.0000 0.0000 1.0000 0.0000	</row0>
						<row1>	0.0000 1.0000 0.0000 0.0000	</row1>
						<row2>	-1.0000 0.0000 0.0000 0.0000	</row2>
						<row3>	0.2111 0.1737 -0.1904 1.0000	</row3>
					</transform>
				</node>
				<node>
					<identifier>	Rotate_X	</identifier>
					<transform>
						<row0>	1.0000 0.0000 0.0000 0.0000	</row0>
						<row1>	0.0000 1.0000 0.0000 0.0000	</row1>
						<row2>	0.0000 0.0000 1.0000 0.0000	</row2>
						<row3>	0.0000 0.0556 0.2349 1.0000	</row3>
					</transform>
					<node>
						<identifier>	HP_gunFireEffect	</identifier>
						<transform>
							<row0>	1.0000 0.0000 0.0000 0.0000	</row0>
							<row1>	0.0000 1.0000 0.0000 0.0000	</row1>
							<row2>	0.0000 0.0000 1.0000 0.0000	</row2>
							<row3>	0.0000 -0.0030 0.8696 1.0000	</row3>
						</transform>
					</node>
					<node>
						<identifier>	Roll_Back1	</identifier>
						<transform>
							<row0>	1.0000 0.0000 0.0000 0.0000	</row0>
							<row1>	0.0000 1.0000 0.0000 0.0000	</row1>
							<row2>	0.0000 0.0000 1.0000 0.0000	</row2>
							<row3>	0.0000 -0.0030 0.8696 1.0000	</row3>
						</transform>
						<node>
							<identifier>	HP_gunFire1	</identifier>
							<transform>
								<row0>	1.0000 0.0000 0.0000 0.0000	</row0>
								<row1>	0.0000 1.0000 0.0000 0.0000	</row1>
								<row2>	0.0000 0.0000 1.0000 0.0000	</row2>
								<row3>	-0.1659 0.0000 0.0000 1.0000	</row3>
							</transform>
						</node>
						<node>
							<identifier>	HP_gunFire2	</identifier>
							<transform>
								<row0>	1.0000 0.0000 0.0000 0.0000	</row0>
								<row1>	0.0000 1.0000 0.0000 0.0000	</row1>
								<row2>	0.0000 0.0000 1.0000 0.0000	</row2>
								<row3>	0.0000 0.0000 0.0000 1.0000	</row3>
							</transform>
						</node>
						<node>
							<identifier>	HP_gunFire3	</identifier>
							<transform>
								<row0>	1.0000 0.0000 0.0000 0.0000	</row0>
								<row1>	0.0000 1.0000 0.0000 0.0000	</row1>
								<row2>	0.0000 0.0000 1.0000 0.0000	</row2>
								<row3>	0.1659 0.0000 0.0000 1.0000	</row3>
							</transform>
						</node>
						<node>
							<identifier>	Roll_Back1_BlendBone	</identifier>
							<transform>
								<row0>	1.0000 0.0000 0.0000 0.0000	</row0>
								<row1>	0.0000 1.0000 0.0000 0.0000	</row1>
								<row2>	0.0000 0.0000 -1.0000 0.0000	</row2>
								<row3>	0.0000 -0.0579 -1.1043 1.0000	</row3>
							</transform>
						</node>
					</node>
					<node>
						<identifier>	Rotate_X_BlendBone	</identifier>
						<transform>
							<row0>	1.0000 0.0000 0.0000 0.0000	</row0>
							<row1>	0.0000 1.0000 0.0000 0.0000	</row1>
							<row2>	0.0000 0.0000 -1.0000 0.0000	</row2>
							<row3>	0.0000 -0.0609 -0.2349 1.0000	</row3>
						</transform>
					</node>
				</node>
				<node>
					<identifier>	Rotate_Y_BlendBone	</identifier>
					<transform>
						<row0>	1.0000 0.0000 0.0000 0.0000	</row0>
						<row1>	0.0000 1.0000 0.0000 0.0000	</row1>
						<row2>	0.0000 0.0000 -1.0000 0.0000	</row2>
						<row3>	0.0000 -0.0053 0.0000 1.0000	</row3>
					</transform>
				</node>
			</node>
		</node>
		<node>
			<identifier>	Turret	</identifier>
			<transform>
				<row0>	1.0000 0.0000 0.0000 0.0000	</row0>
				<row1>	0.0000 1.0000 0.0000 0.0000	</row1>
				<row2>	0.0000 0.0000 1.0000 0.0000	</row2>
				<row3>	0.0000 0.0000 0.0000 1.0000	</row3>
			</transform>
		</node>
	</node>
	<renderSet>
		<treatAsWorldSpaceObject>	true	</treatAsWorldSpaceObject>
		<node>	Roll_Back1_BlendBone	</node>
		<node>	Rotate_X_BlendBone	</node>
		<node>	Rotate_Y_BlendBone	</node>
		<geometry>
			<vertices>	TurretShape.vertices	</vertices>
			<primitive>	TurretShape.indices	</primitive>
			<primitiveGroup>	0
				<material>
					<identifier>	SHIPMAT_PBS_Gun_skinned	</identifier>
					<mfm>	PnFMods/ModsSDK.zip/BSB517_Nelson/gun/BGM066_16in45_BL_MkI_skinned.mfm	</mfm>
				</material>
			</primitiveGroup>
		</geometry>
	</renderSet>
	<boundingBox>
		<min>	-0.4395 -0.0165 -0.5675	</min>
		<max>	0.4395 0.2072 1.1044	</max>
	</boundingBox>
</BGM066_16in45_BL_MkI.visual>
