<VSC007_La_Argentina_1941_MidFront_ports.visual>
	<node>
		<identifier>	Scene Root	</identifier>
		<transform>
			<row0>	1.0000 0.0000 0.0000 0.0000	</row0>
			<row1>	0.0000 1.0000 0.0000 0.0000	</row1>
			<row2>	0.0000 0.0000 1.0000 0.0000	</row2>
			<row3>	0.0000 0.0000 0.0000 1.0000	</row3>
		</transform>
		<node>
			<identifier>	MidFront_ports	</identifier>
			<transform>
				<row0>	1.0000 0.0000 0.0000 0.0000	</row0>
				<row1>	0.0000 1.0000 0.0000 0.0000	</row1>
				<row2>	0.0000 0.0000 1.0000 0.0000	</row2>
				<row3>	0.0000 0.0000 0.0000 1.0000	</row3>
			</transform>
			<node>
				<identifier>	HP_FX_Fire_2	</identifier>
				<transform>
					<row0>	1.0000 0.0000 0.0000 0.0000	</row0>
					<row1>	0.0000 1.0000 0.0000 0.0000	</row1>
					<row2>	0.0000 0.0000 1.0000 0.0000	</row2>
					<row3>	0.0000 0.4548 0.8602 1.0000	</row3>
				</transform>
			</node>
			<node>
				<identifier>	HP_FX_Fire_2_side_1	</identifier>
				<transform>
					<row0>	1.0000 0.0000 0.0000 0.0000	</row0>
					<row1>	0.0000 1.0000 0.0000 0.0000	</row1>
					<row2>	0.0000 0.0000 1.0000 0.0000	</row2>
					<row3>	-0.4225 0.4513 2.5650 1.0000	</row3>
				</transform>
			</node>
			<node>
				<identifier>	HP_FX_Fire_2_side_2	</identifier>
				<transform>
					<row0>	1.0000 0.0000 0.0000 0.0000	</row0>
					<row1>	0.0000 1.0000 0.0000 0.0000	</row1>
					<row2>	0.0000 0.0000 1.0000 0.0000	</row2>
					<row3>	0.4755 0.4300 1.6324 1.0000	</row3>
				</transform>
			</node>
			<node>
				<identifier>	HP_FX_FloodLight_left_1	</identifier>
				<transform>
					<row0>	-0.9980 0.0000 0.0636 0.0000	</row0>
					<row1>	0.0000 1.0000 0.0000 0.0000	</row1>
					<row2>	-0.0636 0.0000 -0.9980 0.0000	</row2>
					<row3>	-0.3804 0.5752 2.4325 1.0000	</row3>
				</transform>
			</node>
			<node>
				<identifier>	HP_FX_FloodLight_right_2	</identifier>
				<transform>
					<row0>	0.9986 0.0000 0.0527 0.0000	</row0>
					<row1>	0.0000 1.0000 0.0000 0.0000	</row1>
					<row2>	-0.0527 0.0000 0.9986 0.0000	</row2>
					<row3>	0.3786 0.5764 2.4475 1.0000	</row3>
				</transform>
			</node>
			<node>
				<identifier>	HP_FX_Flood_steam_1	</identifier>
				<transform>
					<row0>	1.0000 0.0000 0.0000 0.0000	</row0>
					<row1>	0.0000 1.0000 0.0000 0.0000	</row1>
					<row2>	0.0000 0.0000 1.0000 0.0000	</row2>
					<row3>	0.0000 1.2174 0.5147 1.0000	</row3>
				</transform>
			</node>
			<node>
				<identifier>	HP_FX_Flood_steam_left	</identifier>
				<transform>
					<row0>	-0.9989 0.0000 0.0464 0.0000	</row0>
					<row1>	0.0000 1.0000 0.0000 0.0000	</row1>
					<row2>	-0.0464 0.0000 -0.9989 0.0000	</row2>
					<row3>	-0.4986 0.3943 2.5840 1.0000	</row3>
				</transform>
			</node>
			<node>
				<identifier>	HP_FX_Flood_water_left_2	</identifier>
				<transform>
					<row0>	-1.0000 0.0000 0.0000 0.0000	</row0>
					<row1>	0.0000 1.0000 0.0000 0.0000	</row1>
					<row2>	0.0000 0.0000 -1.0000 0.0000	</row2>
					<row3>	-0.5786 0.0563 0.0727 1.0000	</row3>
				</transform>
			</node>
			<node>
				<identifier>	HP_FX_Flood_water_left_3	</identifier>
				<transform>
					<row0>	-0.9955 0.0000 0.0945 0.0000	</row0>
					<row1>	0.0000 1.0000 0.0000 0.0000	</row1>
					<row2>	-0.0945 0.0000 -0.9955 0.0000	</row2>
					<row3>	-0.4662 0.0597 2.4840 1.0000	</row3>
				</transform>
			</node>
			<node>
				<identifier>	HP_FX_Flood_water_right_2	</identifier>
				<transform>
					<row0>	1.0000 0.0000 0.0000 0.0000	</row0>
					<row1>	0.0000 1.0000 0.0000 0.0000	</row1>
					<row2>	0.0000 0.0000 1.0000 0.0000	</row2>
					<row3>	0.5786 0.0573 0.0725 1.0000	</row3>
				</transform>
			</node>
			<node>
				<identifier>	HP_FX_Flood_water_right_3	</identifier>
				<transform>
					<row0>	0.9949 0.0000 0.1009 0.0000	</row0>
					<row1>	0.0000 1.0000 0.0000 0.0000	</row1>
					<row2>	-0.1009 0.0000 0.9949 0.0000	</row2>
					<row3>	0.4662 0.0592 2.4838 1.0000	</row3>
				</transform>
			</node>
			<node>
				<identifier>	HP_FX_Smoke_1	</identifier>
				<transform>
					<row0>	0.9989 0.0466 0.0000 0.0000	</row0>
					<row1>	-0.0466 0.9989 0.0000 0.0000	</row1>
					<row2>	0.0000 0.0000 1.0000 0.0000	</row2>
					<row3>	0.0000 1.1825 0.4429 1.0000	</row3>
				</transform>
			</node>
			<node>
				<identifier>	HP_Ship_death_2	</identifier>
				<transform>
					<row0>	1.0000 0.0000 0.0000 0.0000	</row0>
					<row1>	0.0000 1.0000 0.0000 0.0000	</row1>
					<row2>	0.0000 0.0000 1.0000 0.0000	</row2>
					<row3>	0.0000 0.0000 -0.0327 1.0000	</row3>
				</transform>
			</node>
			<node>
				<identifier>	HP_VD_1	</identifier>
				<transform>
					<row0>	1.0000 0.0000 0.0000 0.0000	</row0>
					<row1>	0.0000 1.0000 0.0000 0.0000	</row1>
					<row2>	0.0000 0.0000 1.0000 0.0000	</row2>
					<row3>	0.0000 1.3465 1.3636 1.0000	</row3>
				</transform>
			</node>
			<node>
				<identifier>	HP_VF_1	</identifier>
				<transform>
					<row0>	1.0000 0.0000 0.0000 0.0000	</row0>
					<row1>	0.0000 1.0000 0.0000 0.0000	</row1>
					<row2>	0.0000 0.0000 1.0000 0.0000	</row2>
					<row3>	0.0000 0.9202 2.2403 1.0000	</row3>
				</transform>
			</node>
			<node>
				<identifier>	HP_VGA_1	</identifier>
				<transform>
					<row0>	1.0000 0.0000 0.0000 0.0000	</row0>
					<row1>	0.0000 1.0000 0.0000 0.0000	</row1>
					<row2>	0.0000 0.0000 1.0000 0.0000	</row2>
					<row3>	-0.3730 0.4672 3.1615 1.0000	</row3>
				</transform>
			</node>
			<node>
				<identifier>	HP_VGA_10	</identifier>
				<transform>
					<row0>	0.7071 0.0000 -0.7071 0.0000	</row0>
					<row1>	0.0000 1.0000 0.0000 0.0000	</row1>
					<row2>	0.7071 0.0000 0.7071 0.0000	</row2>
					<row3>	0.1738 0.9401 1.8654 1.0000	</row3>
				</transform>
			</node>
			<node>
				<identifier>	HP_VGA_11	</identifier>
				<transform>
					<row0>	0.0000 0.0000 1.0000 0.0000	</row0>
					<row1>	0.0000 1.0000 0.0000 0.0000	</row1>
					<row2>	-1.0000 0.0000 0.0000 0.0000	</row2>
					<row3>	-0.4382 0.7862 1.0611 1.0000	</row3>
				</transform>
			</node>
			<node>
				<identifier>	HP_VGA_12	</identifier>
				<transform>
					<row0>	0.0000 0.0000 -1.0000 0.0000	</row0>
					<row1>	0.0000 1.0000 0.0000 0.0000	</row1>
					<row2>	1.0000 0.0000 0.0000 0.0000	</row2>
					<row3>	0.4382 0.7862 1.0611 1.0000	</row3>
				</transform>
			</node>
			<node>
				<identifier>	HP_VGA_2	</identifier>
				<transform>
					<row0>	1.0000 0.0000 0.0000 0.0000	</row0>
					<row1>	0.0000 1.0000 0.0000 0.0000	</row1>
					<row2>	0.0000 0.0000 1.0000 0.0000	</row2>
					<row3>	0.3730 0.4672 3.1615 1.0000	</row3>
				</transform>
			</node>
			<node>
				<identifier>	HP_VGA_3	</identifier>
				<transform>
					<row0>	0.7071 0.0000 0.7071 0.0000	</row0>
					<row1>	0.0000 1.0000 0.0000 0.0000	</row1>
					<row2>	-0.7071 0.0000 0.7071 0.0000	</row2>
					<row3>	-0.3088 0.6254 2.4088 1.0000	</row3>
				</transform>
			</node>
			<node>
				<identifier>	HP_VGA_4	</identifier>
				<transform>
					<row0>	0.7071 0.0000 -0.7071 0.0000	</row0>
					<row1>	0.0000 1.0000 0.0000 0.0000	</row1>
					<row2>	0.7071 0.0000 0.7071 0.0000	</row2>
					<row3>	0.3088 0.6254 2.4088 1.0000	</row3>
				</transform>
			</node>
			<node>
				<identifier>	HP_VGA_7	</identifier>
				<transform>
					<row0>	0.7071 0.0000 0.7071 0.0000	</row0>
					<row1>	0.0000 1.0000 0.0000 0.0000	</row1>
					<row2>	-0.7071 0.0000 0.7071 0.0000	</row2>
					<row3>	-0.2519 0.7887 2.0322 1.0000	</row3>
				</transform>
			</node>
			<node>
				<identifier>	HP_VGA_8	</identifier>
				<transform>
					<row0>	0.7071 0.0000 -0.7071 0.0000	</row0>
					<row1>	0.0000 1.0000 0.0000 0.0000	</row1>
					<row2>	0.7071 0.0000 0.7071 0.0000	</row2>
					<row3>	0.2519 0.7887 2.0322 1.0000	</row3>
				</transform>
			</node>
			<node>
				<identifier>	HP_VGA_9	</identifier>
				<transform>
					<row0>	0.7071 0.0000 0.7071 0.0000	</row0>
					<row1>	0.0000 1.0000 0.0000 0.0000	</row1>
					<row2>	-0.7071 0.0000 0.7071 0.0000	</row2>
					<row3>	-0.1738 0.9401 1.8654 1.0000	</row3>
				</transform>
			</node>
			<node>
				<identifier>	HP_VGM_2	</identifier>
				<transform>
					<row0>	1.0000 0.0000 0.0000 0.0000	</row0>
					<row1>	0.0000 1.0000 0.0000 0.0000	</row1>
					<row2>	0.0000 0.0000 1.0000 0.0000	</row2>
					<row3>	0.0000 0.6860 2.8084 1.0000	</row3>
				</transform>
			</node>
			<node>
				<identifier>	HP_flag_1	</identifier>
				<transform>
					<row0>	0.9933 -0.1146 -0.0123 0.0000	</row0>
					<row1>	0.1146 0.9706 0.2118 0.0000	</row1>
					<row2>	-0.0123 -0.2118 0.9772 0.0000	</row2>
					<row3>	0.3456 1.9509 1.0490 1.0000	</row3>
				</transform>
			</node>
			<node>
				<identifier>	HP_flag_2	</identifier>
				<transform>
					<row0>	0.9933 0.1146 0.0123 0.0000	</row0>
					<row1>	-0.1146 0.9706 0.2118 0.0000	</row1>
					<row2>	0.0123 -0.2118 0.9772 0.0000	</row2>
					<row3>	-0.3456 1.9509 1.0490 1.0000	</row3>
				</transform>
			</node>
			<node>
				<identifier>	HP_flag_3	</identifier>
				<transform>
					<row0>	1.0000 0.0043 0.0005 0.0000	</row0>
					<row1>	-0.0043 0.9746 0.2240 0.0000	</row1>
					<row2>	0.0005 -0.2240 0.9746 0.0000	</row2>
					<row3>	0.2147 1.9498 1.0490 1.0000	</row3>
				</transform>
			</node>
			<node>
				<identifier>	HP_flag_4	</identifier>
				<transform>
					<row0>	1.0000 -0.0043 -0.0005 0.0000	</row0>
					<row1>	0.0043 0.9746 0.2240 0.0000	</row1>
					<row2>	-0.0005 -0.2240 0.9746 0.0000	</row2>
					<row3>	-0.2147 1.9498 1.0490 1.0000	</row3>
				</transform>
			</node>
			<node>
				<identifier>	HP_flag_courtesy	</identifier>
				<transform>
					<row0>	0.9997 -0.0251 -0.0017 0.0000	</row0>
					<row1>	0.0251 0.9901 0.1382 0.0000	</row1>
					<row2>	-0.0017 -0.1382 0.9904 0.0000	</row2>
					<row3>	0.3546 1.9378 1.0431 1.0000	</row3>
				</transform>
			</node>
			<node>
				<identifier>	HP_flag_house	</identifier>
				<transform>
					<row0>	0.9997 0.0251 0.0017 0.0000	</row0>
					<row1>	-0.0251 0.9901 0.1382 0.0000	</row1>
					<row2>	0.0017 -0.1382 0.9904 0.0000	</row2>
					<row3>	-0.3546 1.9378 1.0431 1.0000	</row3>
				</transform>
			</node>
			<node>
				<identifier>	HP_flag_nation	</identifier>
				<transform>
					<row0>	1.0000 0.0000 0.0000 0.0000	</row0>
					<row1>	0.0000 1.0000 0.0037 0.0000	</row1>
					<row2>	0.0000 -0.0037 1.0000 0.0000	</row2>
					<row3>	0.0000 2.6697 1.0601 1.0000	</row3>
				</transform>
			</node>
			<node>
				<identifier>	MP_BM038_Helmets	</identifier>
				<transform>
					<row0>	0.0000 0.0000 1.0000 0.0000	</row0>
					<row1>	0.0000 1.0000 0.0000 0.0000	</row1>
					<row2>	-1.0000 0.0000 0.0000 0.0000	</row2>
					<row3>	-0.2452 0.8196 1.1986 1.0000	</row3>
				</transform>
			</node>
			<node>
				<identifier>	MP_BM038_Helmets_INDEX_1	</identifier>
				<transform>
					<row0>	0.5700 0.0000 0.8216 0.0000	</row0>
					<row1>	0.0000 1.0000 0.0000 0.0000	</row1>
					<row2>	-0.8216 0.0000 0.5700 0.0000	</row2>
					<row3>	-0.3329 0.4980 3.0399 1.0000	</row3>
				</transform>
			</node>
			<node>
				<identifier>	MP_BM038_Helmets_INDEX_2	</identifier>
				<transform>
					<row0>	0.0000 0.0000 -1.0000 0.0000	</row0>
					<row1>	0.0000 1.0000 0.0000 0.0000	</row1>
					<row2>	1.0000 0.0000 0.0000 0.0000	</row2>
					<row3>	0.2452 0.8196 1.1986 1.0000	</row3>
				</transform>
			</node>
			<node>
				<identifier>	MP_BM038_Helmets_INDEX_3	</identifier>
				<transform>
					<row0>	-0.5569 0.0000 0.8306 0.0000	</row0>
					<row1>	0.0000 1.0000 0.0000 0.0000	</row1>
					<row2>	-0.8306 0.0000 -0.5569 0.0000	</row2>
					<row3>	-0.0815 1.1263 1.3085 1.0000	</row3>
				</transform>
			</node>
			<node>
				<identifier>	MP_BM038_Helmets_INDEX_4	</identifier>
				<transform>
					<row0>	1.0000 0.0000 0.0000 0.0000	</row0>
					<row1>	0.0000 1.0000 0.0000 0.0000	</row1>
					<row2>	0.0000 0.0000 1.0000 0.0000	</row2>
					<row3>	-0.0450 0.9520 1.7750 1.0000	</row3>
				</transform>
			</node>
			<node>
				<identifier>	MP_BM038_Helmets_INDEX_5	</identifier>
				<transform>
					<row0>	0.5722 0.0000 0.8201 0.0000	</row0>
					<row1>	0.0000 1.0000 0.0000 0.0000	</row1>
					<row2>	-0.8201 0.0000 0.5722 0.0000	</row2>
					<row3>	-0.0739 0.6590 2.4249 1.0000	</row3>
				</transform>
			</node>
			<node>
				<identifier>	MP_BM038_Helmets_INDEX_6	</identifier>
				<transform>
					<row0>	0.5533 0.0000 0.8330 0.0000	</row0>
					<row1>	0.0000 1.0000 0.0000 0.0000	</row1>
					<row2>	-0.8330 0.0000 0.5533 0.0000	</row2>
					<row3>	-0.1995 0.8196 1.8882 1.0000	</row3>
				</transform>
			</node>
			<node>
				<identifier>	MP_BM038_Helmets_INDEX_7	</identifier>
				<transform>
					<row0>	0.5700 0.0000 -0.8216 0.0000	</row0>
					<row1>	0.0000 1.0000 0.0000 0.0000	</row1>
					<row2>	0.8216 0.0000 0.5700 0.0000	</row2>
					<row3>	0.3330 0.4980 3.0399 1.0000	</row3>
				</transform>
			</node>
			<node>
				<identifier>	MP_BM038_Helmets_INDEX_8	</identifier>
				<transform>
					<row0>	0.5533 0.0000 -0.8330 0.0000	</row0>
					<row1>	0.0000 1.0000 0.0000 0.0000	</row1>
					<row2>	0.8330 0.0000 0.5533 0.0000	</row2>
					<row3>	0.1995 0.8196 1.8883 1.0000	</row3>
				</transform>
			</node>
			<node>
				<identifier>	MP_BM635_Torpedo_deflector_sight	</identifier>
				<transform>
					<row0>	0.0000 0.0000 -1.0000 0.0000	</row0>
					<row1>	0.0000 1.0000 0.0000 0.0000	</row1>
					<row2>	1.0000 0.0000 0.0000 0.0000	</row2>
					<row3>	0.2966 1.1923 1.5195 1.0000	</row3>
				</transform>
			</node>
			<node>
				<identifier>	MP_BM635_Torpedo_deflector_sight_INDEX_1	</identifier>
				<transform>
					<row0>	0.0000 0.0000 1.0000 0.0000	</row0>
					<row1>	0.0000 1.0000 0.0000 0.0000	</row1>
					<row2>	-1.0000 0.0000 0.0000 0.0000	</row2>
					<row3>	-0.2966 1.1923 1.5195 1.0000	</row3>
				</transform>
			</node>
			<node>
				<identifier>	MP_BM640_Binocular	</identifier>
				<transform>
					<row0>	1.0000 0.0000 0.0000 0.0000	</row0>
					<row1>	0.0000 1.0000 0.0000 0.0000	</row1>
					<row2>	0.0000 0.0000 1.0000 0.0000	</row2>
					<row3>	0.1849 1.1069 1.7309 1.0000	</row3>
				</transform>
			</node>
			<node>
				<identifier>	MP_BM640_Binocular_INDEX_1	</identifier>
				<transform>
					<row0>	1.0000 0.0000 0.0000 0.0000	</row0>
					<row1>	0.0000 1.0000 0.0000 0.0000	</row1>
					<row2>	0.0000 0.0000 1.0000 0.0000	</row2>
					<row3>	-0.1849 1.1069 1.7309 1.0000	</row3>
				</transform>
			</node>
			<node>
				<identifier>	MP_BM640_Binocular_INDEX_2	</identifier>
				<transform>
					<row0>	0.0000 0.0000 -1.0000 0.0000	</row0>
					<row1>	0.0000 1.0000 0.0000 0.0000	</row1>
					<row2>	1.0000 0.0000 0.0000 0.0000	</row2>
					<row3>	0.2843 1.1069 1.6866 1.0000	</row3>
				</transform>
			</node>
			<node>
				<identifier>	MP_BM640_Binocular_INDEX_3	</identifier>
				<transform>
					<row0>	0.0000 0.0000 1.0000 0.0000	</row0>
					<row1>	0.0000 1.0000 0.0000 0.0000	</row1>
					<row2>	-1.0000 0.0000 0.0000 0.0000	</row2>
					<row3>	-0.2867 1.1070 1.2325 1.0000	</row3>
				</transform>
			</node>
			<node>
				<identifier>	MP_BM640_Binocular_INDEX_4	</identifier>
				<transform>
					<row0>	0.0000 0.0000 -1.0000 0.0000	</row0>
					<row1>	0.0000 1.0000 0.0000 0.0000	</row1>
					<row2>	1.0000 0.0000 0.0000 0.0000	</row2>
					<row3>	0.2867 1.1070 1.2325 1.0000	</row3>
				</transform>
			</node>
			<node>
				<identifier>	MP_BM640_Binocular_INDEX_5	</identifier>
				<transform>
					<row0>	0.0000 0.0000 1.0000 0.0000	</row0>
					<row1>	0.0000 1.0000 0.0000 0.0000	</row1>
					<row2>	-1.0000 0.0000 0.0000 0.0000	</row2>
					<row3>	-0.2843 1.1069 1.6866 1.0000	</row3>
				</transform>
			</node>
			<node>
				<identifier>	MP_BM850_Signal_lamp_10in	</identifier>
				<transform>
					<row0>	0.0000 0.0000 -1.0000 0.0000	</row0>
					<row1>	0.0000 1.0000 0.0000 0.0000	</row1>
					<row2>	1.0000 0.0000 0.0000 0.0000	</row2>
					<row3>	-0.4019 1.1711 1.0027 1.0000	</row3>
				</transform>
			</node>
			<node>
				<identifier>	MP_BM850_Signal_lamp_10in_INDEX_1	</identifier>
				<transform>
					<row0>	0.0000 0.0000 1.0000 0.0000	</row0>
					<row1>	0.0000 1.0000 0.0000 0.0000	</row1>
					<row2>	-1.0000 0.0000 0.0000 0.0000	</row2>
					<row3>	0.2371 1.0367 1.1430 1.0000	</row3>
				</transform>
			</node>
			<node>
				<identifier>	MP_BM850_Signal_lamp_10in_INDEX_2	</identifier>
				<transform>
					<row0>	0.0000 0.0000 -1.0000 0.0000	</row0>
					<row1>	0.0000 1.0000 0.0000 0.0000	</row1>
					<row2>	1.0000 0.0000 0.0000 0.0000	</row2>
					<row3>	-0.2371 1.0367 1.1430 1.0000	</row3>
				</transform>
			</node>
			<node>
				<identifier>	MP_BM850_Signal_lamp_10in_INDEX_3	</identifier>
				<transform>
					<row0>	0.0000 0.0000 1.0000 0.0000	</row0>
					<row1>	0.0000 1.0000 0.0000 0.0000	</row1>
					<row2>	-1.0000 0.0000 0.0000 0.0000	</row2>
					<row3>	0.4019 1.1711 1.0024 1.0000	</row3>
				</transform>
			</node>
			<node>
				<identifier>	MP_CM011_Fire_Fighting_Gear	</identifier>
				<transform>
					<row0>	-0.5691 0.0000 0.8223 0.0000	</row0>
					<row1>	0.0000 1.0000 0.0000 0.0000	</row1>
					<row2>	-0.8223 0.0000 -0.5691 0.0000	</row2>
					<row3>	0.1972 0.4756 3.2492 1.0000	</row3>
				</transform>
			</node>
			<node>
				<identifier>	MP_CM011_Fire_Fighting_Gear_INDEX_1	</identifier>
				<transform>
					<row0>	1.0000 0.0000 0.0000 0.0000	</row0>
					<row1>	0.0000 1.0000 0.0000 0.0000	</row1>
					<row2>	0.0000 0.0000 1.0000 0.0000	</row2>
					<row3>	0.0296 0.4376 1.0938 1.0000	</row3>
				</transform>
			</node>
			<node>
				<identifier>	MP_CM011_Fire_Fighting_Gear_INDEX_2	</identifier>
				<transform>
					<row0>	-0.8370 0.0000 -0.5472 0.0000	</row0>
					<row1>	0.0000 1.0000 0.0000 0.0000	</row1>
					<row2>	0.5472 0.0000 -0.8370 0.0000	</row2>
					<row3>	0.2235 0.7905 1.8677 1.0000	</row3>
				</transform>
			</node>
			<node>
				<identifier>	MP_CM011_Fire_Fighting_Gear_INDEX_3	</identifier>
				<transform>
					<row0>	-0.0299 0.0203 0.9993 0.0000	</row0>
					<row1>	0.0290 0.9994 -0.0194 0.0000	</row1>
					<row2>	-0.9991 0.0284 -0.0305 0.0000	</row2>
					<row3>	0.3995 0.4411 2.0758 1.0000	</row3>
				</transform>
			</node>
			<node>
				<identifier>	MP_CM011_Fire_Fighting_Gear_INDEX_4	</identifier>
				<transform>
					<row0>	0.8370 0.0000 -0.5472 0.0000	</row0>
					<row1>	0.0000 1.0000 0.0000 0.0000	</row1>
					<row2>	0.5472 0.0000 0.8370 0.0000	</row2>
					<row3>	-0.2256 0.7905 1.8671 1.0000	</row3>
				</transform>
			</node>
			<node>
				<identifier>	MP_CM011_Fire_Fighting_Gear_INDEX_5	</identifier>
				<transform>
					<row0>	-0.5691 0.0000 0.8223 0.0000	</row0>
					<row1>	0.0000 1.0000 0.0000 0.0000	</row1>
					<row2>	-0.8223 0.0000 -0.5691 0.0000	</row2>
					<row3>	0.0805 0.6320 2.4305 1.0000	</row3>
				</transform>
			</node>
			<node>
				<identifier>	MP_CM011_Fire_Fighting_Gear_INDEX_6	</identifier>
				<transform>
					<row0>	-0.0299 -0.0203 -0.9993 0.0000	</row0>
					<row1>	-0.0290 0.9994 -0.0194 0.0000	</row1>
					<row2>	0.9991 0.0284 -0.0305 0.0000	</row2>
					<row3>	-0.4033 0.4405 2.0886 1.0000	</row3>
				</transform>
			</node>
			<node>
				<identifier>	MP_CM011_Fire_Fighting_Gear_INDEX_7	</identifier>
				<transform>
					<row0>	0.0000 0.0000 -1.0000 0.0000	</row0>
					<row1>	0.0000 1.0000 0.0000 0.0000	</row1>
					<row2>	1.0000 0.0000 0.0000 0.0000	</row2>
					<row3>	0.0256 0.9437 1.7833 1.0000	</row3>
				</transform>
			</node>
			<node>
				<identifier>	MP_CM013_Fire_Hose_Rack_2	</identifier>
				<transform>
					<row0>	0.9991 0.0000 -0.0425 0.0000	</row0>
					<row1>	0.0000 1.0000 0.0000 0.0000	</row1>
					<row2>	0.0425 0.0000 0.9991 0.0000	</row2>
					<row3>	-0.3937 0.4877 2.0251 1.0000	</row3>
				</transform>
			</node>
			<node>
				<identifier>	MP_CM013_Fire_Hose_Rack_2_INDEX_1	</identifier>
				<transform>
					<row0>	-0.8196 0.0000 -0.5729 0.0000	</row0>
					<row1>	0.0000 1.0000 0.0000 0.0000	</row1>
					<row2>	0.5729 0.0000 -0.8196 0.0000	</row2>
					<row3>	0.2022 0.5233 3.2274 1.0000	</row3>
				</transform>
			</node>
			<node>
				<identifier>	MP_CM013_Fire_Hose_Rack_2_INDEX_2	</identifier>
				<transform>
					<row0>	-0.9994 0.0000 -0.0351 0.0000	</row0>
					<row1>	0.0000 1.0000 0.0000 0.0000	</row1>
					<row2>	0.0351 0.0000 -0.9994 0.0000	</row2>
					<row3>	0.3937 0.4877 2.0251 1.0000	</row3>
				</transform>
			</node>
			<node>
				<identifier>	MP_CM013_Fire_Hose_Rack_2_INDEX_3	</identifier>
				<transform>
					<row0>	0.8370 0.0000 -0.5472 0.0000	</row0>
					<row1>	0.0000 1.0000 0.0000 0.0000	</row1>
					<row2>	0.5472 0.0000 0.8370 0.0000	</row2>
					<row3>	-0.2337 0.8302 1.8372 1.0000	</row3>
				</transform>
			</node>
			<node>
				<identifier>	MP_CM013_Fire_Hose_Rack_2_INDEX_4	</identifier>
				<transform>
					<row0>	0.0000 0.0000 -1.0000 0.0000	</row0>
					<row1>	0.0000 1.0000 0.0000 0.0000	</row1>
					<row2>	1.0000 0.0000 0.0000 0.0000	</row2>
					<row3>	0.0582 0.9834 1.7752 1.0000	</row3>
				</transform>
			</node>
			<node>
				<identifier>	MP_CM013_Fire_Hose_Rack_2_INDEX_5	</identifier>
				<transform>
					<row0>	-0.8196 0.0000 -0.5729 0.0000	</row0>
					<row1>	0.0000 1.0000 0.0000 0.0000	</row1>
					<row2>	0.5729 0.0000 -0.8196 0.0000	</row2>
					<row3>	0.0897 0.6784 2.4028 1.0000	</row3>
				</transform>
			</node>
			<node>
				<identifier>	MP_CM013_Fire_Hose_Rack_2_INDEX_6	</identifier>
				<transform>
					<row0>	0.0000 0.0000 1.0000 0.0000	</row0>
					<row1>	0.0000 1.0000 0.0000 0.0000	</row1>
					<row2>	-1.0000 0.0000 0.0000 0.0000	</row2>
					<row3>	0.0404 0.5079 1.1004 1.0000	</row3>
				</transform>
			</node>
			<node>
				<identifier>	MP_CM013_Fire_Hose_Rack_2_INDEX_7	</identifier>
				<transform>
					<row0>	-0.8370 0.0000 -0.5472 0.0000	</row0>
					<row1>	0.0000 1.0000 0.0000 0.0000	</row1>
					<row2>	0.5472 0.0000 -0.8370 0.0000	</row2>
					<row3>	0.2337 0.8302 1.8372 1.0000	</row3>
				</transform>
			</node>
			<node>
				<identifier>	MP_CM029_Emergency_Box	</identifier>
				<transform>
					<row0>	1.0000 0.0000 0.0000 0.0000	</row0>
					<row1>	0.0000 1.0000 0.0000 0.0000	</row1>
					<row2>	0.0000 0.0000 1.0000 0.0000	</row2>
					<row3>	0.1203 1.0350 1.6028 1.0000	</row3>
				</transform>
			</node>
			<node>
				<identifier>	MP_CM029_Emergency_Box_INDEX_1	</identifier>
				<transform>
					<row0>	-1.0000 0.0000 0.0000 0.0000	</row0>
					<row1>	0.0000 1.0000 0.0000 0.0000	</row1>
					<row2>	0.0000 0.0000 -1.0000 0.0000	</row2>
					<row3>	0.0000 1.1854 1.4664 1.0000	</row3>
				</transform>
			</node>
			<node>
				<identifier>	MP_CM029_Emergency_Box_INDEX_2	</identifier>
				<transform>
					<row0>	-1.0000 0.0000 0.0000 0.0000	</row0>
					<row1>	0.0000 1.0000 0.0000 0.0000	</row1>
					<row2>	0.0000 0.0000 -1.0000 0.0000	</row2>
					<row3>	0.0000 1.0143 1.7818 1.0000	</row3>
				</transform>
			</node>
			<node>
				<identifier>	MP_CM029_Emergency_Box_INDEX_3	</identifier>
				<transform>
					<row0>	-0.5726 0.0000 -0.8199 0.0000	</row0>
					<row1>	0.0000 1.0000 0.0000 0.0000	</row1>
					<row2>	0.8199 0.0000 -0.5726 0.0000	</row2>
					<row3>	-0.1483 0.7071 2.3297 1.0000	</row3>
				</transform>
			</node>
			<node>
				<identifier>	MP_CM029_Emergency_Box_INDEX_4	</identifier>
				<transform>
					<row0>	1.0000 0.0000 0.0000 0.0000	</row0>
					<row1>	0.0000 1.0000 0.0000 0.0000	</row1>
					<row2>	0.0000 0.0000 1.0000 0.0000	</row2>
					<row3>	0.0615 0.8964 1.0973 1.0000	</row3>
				</transform>
			</node>
			<node>
				<identifier>	MP_CM029_Emergency_Box_INDEX_5	</identifier>
				<transform>
					<row0>	-0.5726 0.0000 0.8199 0.0000	</row0>
					<row1>	0.0000 1.0000 0.0000 0.0000	</row1>
					<row2>	-0.8199 0.0000 -0.5726 0.0000	</row2>
					<row3>	0.1483 0.7071 2.3297 1.0000	</row3>
				</transform>
			</node>
			<node>
				<identifier>	MP_CM029_Emergency_Box_INDEX_6	</identifier>
				<transform>
					<row0>	0.0000 0.0000 1.0000 0.0000	</row0>
					<row1>	0.0000 1.0000 0.0000 0.0000	</row1>
					<row2>	-1.0000 0.0000 0.0000 0.0000	</row2>
					<row3>	0.2494 0.8462 1.5548 1.0000	</row3>
				</transform>
			</node>
			<node>
				<identifier>	MP_CM029_Emergency_Box_INDEX_7	</identifier>
				<transform>
					<row0>	0.8280 0.0000 -0.5608 0.0000	</row0>
					<row1>	0.0000 1.0000 0.0000 0.0000	</row1>
					<row2>	0.5608 0.0000 0.8280 0.0000	</row2>
					<row3>	-0.0584 1.1690 1.2768 1.0000	</row3>
				</transform>
			</node>
			<node>
				<identifier>	MP_CM029_Emergency_Box_INDEX_8	</identifier>
				<transform>
					<row0>	0.0000 0.0000 -1.0000 0.0000	</row0>
					<row1>	0.0000 1.0000 0.0000 0.0000	</row1>
					<row2>	1.0000 0.0000 0.0000 0.0000	</row2>
					<row3>	-0.2494 0.8462 1.5548 1.0000	</row3>
				</transform>
			</node>
			<node>
				<identifier>	MP_CM040_Steering_Wheel	</identifier>
				<transform>
					<row0>	1.0000 0.0000 0.0000 0.0000	</row0>
					<row1>	0.0000 1.0000 0.0000 0.0000	</row1>
					<row2>	0.0000 0.0000 1.0000 0.0000	</row2>
					<row3>	0.0000 0.9435 1.7395 1.0000	</row3>
				</transform>
			</node>
			<node>
				<identifier>	MP_CM056_Ships_bell	</identifier>
				<transform>
					<row0>	0.0000 0.0000 -1.0000 0.0000	</row0>
					<row1>	0.0000 1.0000 0.0000 0.0000	</row1>
					<row2>	1.0000 0.0000 0.0000 0.0000	</row2>
					<row3>	0.0000 1.2732 1.0326 1.0000	</row3>
				</transform>
			</node>
			<node>
				<identifier>	MP_CM082_Rope	</identifier>
				<transform>
					<row0>	0.0926 0.0000 0.3840 0.0000	</row0>
					<row1>	0.0000 0.3950 0.0000 0.0000	</row1>
					<row2>	-0.3840 0.0000 0.0926 0.0000	</row2>
					<row3>	-0.2006 1.1840 0.8686 1.0000	</row3>
				</transform>
			</node>
			<node>
				<identifier>	MP_CM082_Rope_INDEX_1	</identifier>
				<transform>
					<row0>	0.0476 0.0000 -0.3921 0.0000	</row0>
					<row1>	0.0000 0.3950 0.0000 0.0000	</row1>
					<row2>	0.3921 0.0000 0.0476 0.0000	</row2>
					<row3>	0.3368 1.1476 0.9334 1.0000	</row3>
				</transform>
			</node>
			<node>
				<identifier>	MP_CM082_Rope_INDEX_2	</identifier>
				<transform>
					<row0>	0.0814 0.0000 0.3865 0.0000	</row0>
					<row1>	-0.0225 0.3943 0.0047 0.0000	</row1>
					<row2>	-0.3858 -0.0229 0.0813 0.0000	</row2>
					<row3>	-0.3367 1.1478 0.9341 1.0000	</row3>
				</transform>
			</node>
			<node>
				<identifier>	MP_CM082_Rope_INDEX_3	</identifier>
				<transform>
					<row0>	0.0926 0.0000 -0.3840 0.0000	</row0>
					<row1>	0.0000 0.3950 0.0000 0.0000	</row1>
					<row2>	0.3840 0.0000 0.0926 0.0000	</row2>
					<row3>	0.2006 1.1840 0.8686 1.0000	</row3>
				</transform>
			</node>
			<node>
				<identifier>	MP_CM082_Rope_INDEX_4	</identifier>
				<transform>
					<row0>	0.0926 0.0000 0.3840 0.0000	</row0>
					<row1>	0.0000 0.3950 0.0000 0.0000	</row1>
					<row2>	-0.3840 0.0000 0.0926 0.0000	</row2>
					<row3>	-0.2569 1.1840 0.8822 1.0000	</row3>
				</transform>
			</node>
			<node>
				<identifier>	MP_CM082_Rope_INDEX_5	</identifier>
				<transform>
					<row0>	0.0926 0.0000 0.3840 0.0000	</row0>
					<row1>	0.0000 0.3950 0.0000 0.0000	</row1>
					<row2>	-0.3840 0.0000 0.0926 0.0000	</row2>
					<row3>	-0.2377 1.1840 0.8775 1.0000	</row3>
				</transform>
			</node>
			<node>
				<identifier>	MP_CM082_Rope_INDEX_6	</identifier>
				<transform>
					<row0>	0.0926 0.0000 -0.3840 0.0000	</row0>
					<row1>	0.0000 0.3950 0.0000 0.0000	</row1>
					<row2>	0.3840 0.0000 0.0926 0.0000	</row2>
					<row3>	0.2194 1.1840 0.8731 1.0000	</row3>
				</transform>
			</node>
			<node>
				<identifier>	MP_CM082_Rope_INDEX_7	</identifier>
				<transform>
					<row0>	0.0926 0.0000 -0.3840 0.0000	</row0>
					<row1>	0.0000 0.3950 0.0000 0.0000	</row1>
					<row2>	0.3840 0.0000 0.0926 0.0000	</row2>
					<row3>	0.2569 1.1840 0.8822 1.0000	</row3>
				</transform>
			</node>
			<node>
				<identifier>	MP_CM082_Rope_INDEX_8	</identifier>
				<transform>
					<row0>	0.0926 0.0000 0.3840 0.0000	</row0>
					<row1>	0.0000 0.3950 0.0000 0.0000	</row1>
					<row2>	-0.3840 0.0000 0.0926 0.0000	</row2>
					<row3>	-0.2194 1.1840 0.8731 1.0000	</row3>
				</transform>
			</node>
			<node>
				<identifier>	MP_CM082_Rope_INDEX_9	</identifier>
				<transform>
					<row0>	0.0926 0.0000 -0.3840 0.0000	</row0>
					<row1>	0.0000 0.3950 0.0000 0.0000	</row1>
					<row2>	0.3840 0.0000 0.0926 0.0000	</row2>
					<row3>	0.2377 1.1840 0.8775 1.0000	</row3>
				</transform>
			</node>
			<node>
				<identifier>	MP_CM104_Life_Buoy	</identifier>
				<transform>
					<row0>	-0.0853 0.0000 0.9964 0.0000	</row0>
					<row1>	0.0000 1.0000 0.0000 0.0000	</row1>
					<row2>	-0.9964 0.0000 -0.0853 0.0000	</row2>
					<row3>	0.4574 0.5273 3.3251 1.0000	</row3>
				</transform>
			</node>
			<node>
				<identifier>	MP_CM104_Life_Buoy_INDEX_1	</identifier>
				<transform>
					<row0>	-0.0853 0.0000 -0.9964 0.0000	</row0>
					<row1>	0.0000 1.0000 0.0000 0.0000	</row1>
					<row2>	0.9964 0.0000 -0.0853 0.0000	</row2>
					<row3>	-0.4574 0.5273 3.3251 1.0000	</row3>
				</transform>
			</node>
			<node>
				<identifier>	MP_CM109_Leadsman_Platform	</identifier>
				<transform>
					<row0>	0.0006 -0.9999 0.0164 0.0000	</row0>
					<row1>	-0.9994 0.0000 0.0355 0.0000	</row1>
					<row2>	-0.0355 -0.0164 -0.9992 0.0000	</row2>
					<row3>	-0.5411 0.4338 1.7288 1.0000	</row3>
				</transform>
			</node>
			<node>
				<identifier>	MP_CM109_Leadsman_Platform_INDEX_1	</identifier>
				<transform>
					<row0>	-0.0006 -0.9999 0.0164 0.0000	</row0>
					<row1>	0.9994 0.0000 0.0355 0.0000	</row1>
					<row2>	-0.0355 0.0164 0.9992 0.0000	</row2>
					<row3>	0.5411 0.4338 1.7288 1.0000	</row3>
				</transform>
			</node>
			<node>
				<identifier>	MP_CM112_Fire_Extinguisher	</identifier>
				<transform>
					<row0>	0.0000 0.0000 -1.0000 0.0000	</row0>
					<row1>	0.0000 1.0000 0.0000 0.0000	</row1>
					<row2>	1.0000 0.0000 0.0000 0.0000	</row2>
					<row3>	0.0200 1.1205 1.4660 1.0000	</row3>
				</transform>
			</node>
			<node>
				<identifier>	MP_CM126_Cleat	</identifier>
				<transform>
					<row0>	0.4330 -0.2500 0.0000 0.0000	</row0>
					<row1>	0.0000 0.0000 -0.5000 0.0000	</row1>
					<row2>	0.2500 0.4330 0.0000 0.0000	</row2>
					<row3>	-0.5092 0.4973 1.0964 1.0000	</row3>
				</transform>
			</node>
			<node>
				<identifier>	MP_CM126_Cleat_INDEX_1	</identifier>
				<transform>
					<row0>	-0.4330 -0.2500 0.0000 0.0000	</row0>
					<row1>	0.0000 0.0000 0.5000 0.0000	</row1>
					<row2>	-0.2500 0.4330 0.0000 0.0000	</row2>
					<row3>	0.5080 0.4936 0.7350 1.0000	</row3>
				</transform>
			</node>
			<node>
				<identifier>	MP_CM126_Cleat_INDEX_2	</identifier>
				<transform>
					<row0>	-0.4330 0.2500 0.0000 0.0000	</row0>
					<row1>	0.0000 0.0000 0.5000 0.0000	</row1>
					<row2>	0.2500 0.4330 0.0000 0.0000	</row2>
					<row3>	-0.5080 0.4936 0.7350 1.0000	</row3>
				</transform>
			</node>
			<node>
				<identifier>	MP_CM126_Cleat_INDEX_3	</identifier>
				<transform>
					<row0>	0.4330 0.2500 0.0000 0.0000	</row0>
					<row1>	0.0000 0.0000 -0.5000 0.0000	</row1>
					<row2>	-0.2500 0.4330 0.0000 0.0000	</row2>
					<row3>	0.5092 0.4973 1.0964 1.0000	</row3>
				</transform>
			</node>
			<node>
				<identifier>	MP_SM015_Life_Buoy	</identifier>
				<transform>
					<row0>	-0.5874 0.0000 0.8093 0.0000	</row0>
					<row1>	0.0000 1.0000 0.0000 0.0000	</row1>
					<row2>	-0.8093 0.0000 -0.5874 0.0000	</row2>
					<row3>	0.2647 0.7049 3.1262 1.0000	</row3>
				</transform>
			</node>
			<node>
				<identifier>	MP_SM015_Life_Buoy_INDEX_1	</identifier>
				<transform>
					<row0>	-0.5874 0.0000 -0.8093 0.0000	</row0>
					<row1>	0.0000 1.0000 0.0000 0.0000	</row1>
					<row2>	0.8093 0.0000 -0.5874 0.0000	</row2>
					<row3>	-0.2647 0.7049 3.1262 1.0000	</row3>
				</transform>
			</node>
			<node>
				<identifier>	MP_VM003_Paravane	</identifier>
				<transform>
					<row0>	-0.9659 0.0000 0.2588 0.0000	</row0>
					<row1>	0.0000 1.0000 0.0000 0.0000	</row1>
					<row2>	-0.2588 0.0000 -0.9659 0.0000	</row2>
					<row3>	0.3074 0.6491 2.6226 1.0000	</row3>
				</transform>
			</node>
			<node>
				<identifier>	MP_VM003_Paravane_INDEX_1	</identifier>
				<transform>
					<row0>	-0.9659 0.0000 -0.2588 0.0000	</row0>
					<row1>	0.0000 1.0000 0.0000 0.0000	</row1>
					<row2>	0.2588 0.0000 -0.9659 0.0000	</row2>
					<row3>	-0.3074 0.6491 2.6226 1.0000	</row3>
				</transform>
			</node>
			<node>
				<identifier>	MP_VM016_Reels	</identifier>
				<transform>
					<row0>	0.5729 -0.0312 -0.8191 0.0000	</row0>
					<row1>	-0.0027 0.9992 -0.0399 0.0000	</row1>
					<row2>	0.8196 0.0251 0.5723 0.0000	</row2>
					<row3>	0.2112 0.6434 3.1506 1.0000	</row3>
				</transform>
			</node>
			<node>
				<identifier>	MP_VM016_Reels_INDEX_1	</identifier>
				<transform>
					<row0>	0.5729 0.0312 0.8191 0.0000	</row0>
					<row1>	0.0027 0.9992 -0.0399 0.0000	</row1>
					<row2>	-0.8196 0.0251 0.5723 0.0000	</row2>
					<row3>	-0.2112 0.6434 3.1506 1.0000	</row3>
				</transform>
			</node>
			<node>
				<identifier>	MP_VM508_Whaleboat_16ft	</identifier>
				<transform>
					<row0>	1.0618 -0.0475 0.0000 0.0000	</row0>
					<row1>	0.0475 1.0618 0.0048 0.0000	</row1>
					<row2>	-0.0002 -0.0048 1.0629 0.0000	</row2>
					<row3>	0.4773 0.4494 0.9215 1.0000	</row3>
				</transform>
			</node>
			<node>
				<identifier>	MP_VM508_Whaleboat_16ft_INDEX_1	</identifier>
				<transform>
					<row0>	1.0618 0.0475 0.0000 0.0000	</row0>
					<row1>	-0.0475 1.0618 0.0048 0.0000	</row1>
					<row2>	0.0002 -0.0048 1.0629 0.0000	</row2>
					<row3>	-0.4773 0.4494 0.9215 1.0000	</row3>
				</transform>
			</node>
			<node>
				<identifier>	MP_VM514_Liferaft_type_20_8ft	</identifier>
				<transform>
					<row0>	0.0000 1.0000 0.0000 0.0000	</row0>
					<row1>	1.0000 0.0000 0.0000 0.0000	</row1>
					<row2>	0.0000 0.0000 -1.0000 0.0000	</row2>
					<row3>	0.2494 0.8586 1.3063 1.0000	</row3>
				</transform>
			</node>
			<node>
				<identifier>	MP_VM514_Liferaft_type_20_8ft_INDEX_1	</identifier>
				<transform>
					<row0>	0.0000 1.0000 0.0000 0.0000	</row0>
					<row1>	1.0000 0.0000 0.0000 0.0000	</row1>
					<row2>	0.0000 0.0000 -1.0000 0.0000	</row2>
					<row3>	0.2494 0.8586 1.6783 1.0000	</row3>
				</transform>
			</node>
			<node>
				<identifier>	MP_VM514_Liferaft_type_20_8ft_INDEX_2	</identifier>
				<transform>
					<row0>	0.0000 -1.0000 0.0000 0.0000	</row0>
					<row1>	-1.0000 0.0000 0.0000 0.0000	</row1>
					<row2>	0.0000 0.0000 -1.0000 0.0000	</row2>
					<row3>	-0.2494 0.8586 1.6783 1.0000	</row3>
				</transform>
			</node>
			<node>
				<identifier>	MP_VM514_Liferaft_type_20_8ft_INDEX_3	</identifier>
				<transform>
					<row0>	0.0000 -1.0000 0.0000 0.0000	</row0>
					<row1>	-1.0000 0.0000 0.0000 0.0000	</row1>
					<row2>	0.0000 0.0000 -1.0000 0.0000	</row2>
					<row3>	-0.2494 0.8586 1.3063 1.0000	</row3>
				</transform>
			</node>
			<node>
				<identifier>	MP_VM528_Whaler_27ft	</identifier>
				<transform>
					<row0>	1.0000 0.0000 0.0000 0.0000	</row0>
					<row1>	0.0000 1.0000 -0.0087 0.0000	</row1>
					<row2>	0.0000 0.0087 1.0000 0.0000	</row2>
					<row3>	-0.5275 0.5350 0.9038 1.0000	</row3>
				</transform>
			</node>
			<node>
				<identifier>	MP_VM528_Whaler_27ft_INDEX_1	</identifier>
				<transform>
					<row0>	1.0000 0.0000 0.0000 0.0000	</row0>
					<row1>	0.0000 1.0000 -0.0087 0.0000	</row1>
					<row2>	0.0000 0.0087 1.0000 0.0000	</row2>
					<row3>	0.5275 0.5350 0.9038 1.0000	</row3>
				</transform>
			</node>
			<node>
				<identifier>	MP_VM529_Liferaft_type_18_14ft	</identifier>
				<transform>
					<row0>	0.0000 0.0000 -1.0000 0.0000	</row0>
					<row1>	0.0000 1.0000 0.0000 0.0000	</row1>
					<row2>	1.0000 0.0000 0.0000 0.0000	</row2>
					<row3>	-0.0043 0.5671 0.6985 1.0000	</row3>
				</transform>
			</node>
			<node>
				<identifier>	MP_VM529_Liferaft_type_18_14ft_INDEX_1	</identifier>
				<transform>
					<row0>	0.0000 1.0000 0.0000 0.0000	</row0>
					<row1>	0.0000 0.0000 1.0000 0.0000	</row1>
					<row2>	1.0000 0.0000 0.0000 0.0000	</row2>
					<row3>	0.0000 0.8805 1.9567 1.0000	</row3>
				</transform>
			</node>
			<node>
				<identifier>	MP_VM615_Voice_Tube	</identifier>
				<transform>
					<row0>	1.0000 0.0000 0.0000 0.0000	</row0>
					<row1>	0.0000 1.0000 0.0000 0.0000	</row1>
					<row2>	0.0000 0.0000 1.0000 0.0000	</row2>
					<row3>	0.0665 1.1077 1.7307 1.0000	</row3>
				</transform>
			</node>
			<node>
				<identifier>	MP_VM615_Voice_Tube_INDEX_1	</identifier>
				<transform>
					<row0>	0.0000 0.0000 1.0000 0.0000	</row0>
					<row1>	0.0000 1.0000 0.0000 0.0000	</row1>
					<row2>	-1.0000 0.0000 0.0000 0.0000	</row2>
					<row3>	-0.2997 1.1077 1.4977 1.0000	</row3>
				</transform>
			</node>
			<node>
				<identifier>	MP_VM615_Voice_Tube_INDEX_10	</identifier>
				<transform>
					<row0>	0.0000 0.0000 -1.0000 0.0000	</row0>
					<row1>	0.0000 1.0000 0.0000 0.0000	</row1>
					<row2>	1.0000 0.0000 0.0000 0.0000	</row2>
					<row3>	0.2849 1.1077 1.6642 1.0000	</row3>
				</transform>
			</node>
			<node>
				<identifier>	MP_VM615_Voice_Tube_INDEX_11	</identifier>
				<transform>
					<row0>	0.0000 0.0000 -1.0000 0.0000	</row0>
					<row1>	0.0000 1.0000 0.0000 0.0000	</row1>
					<row2>	1.0000 0.0000 0.0000 0.0000	</row2>
					<row3>	0.2997 1.1077 1.4977 1.0000	</row3>
				</transform>
			</node>
			<node>
				<identifier>	MP_VM615_Voice_Tube_INDEX_12	</identifier>
				<transform>
					<row0>	1.0000 0.0000 0.0000 0.0000	</row0>
					<row1>	0.0000 1.0000 0.0000 0.0000	</row1>
					<row2>	0.0000 0.0000 1.0000 0.0000	</row2>
					<row3>	-0.0509 0.9433 1.8952 1.0000	</row3>
				</transform>
			</node>
			<node>
				<identifier>	MP_VM615_Voice_Tube_INDEX_13	</identifier>
				<transform>
					<row0>	0.0000 0.0000 -1.0000 0.0000	</row0>
					<row1>	0.0000 1.0000 0.0000 0.0000	</row1>
					<row2>	1.0000 0.0000 0.0000 0.0000	</row2>
					<row3>	0.2938 1.1077 1.2710 1.0000	</row3>
				</transform>
			</node>
			<node>
				<identifier>	MP_VM615_Voice_Tube_INDEX_2	</identifier>
				<transform>
					<row0>	1.0000 0.0000 0.0000 0.0000	</row0>
					<row1>	0.0000 1.0000 0.0000 0.0000	</row1>
					<row2>	0.0000 0.0000 1.0000 0.0000	</row2>
					<row3>	0.0665 1.1077 1.6270 1.0000	</row3>
				</transform>
			</node>
			<node>
				<identifier>	MP_VM615_Voice_Tube_INDEX_3	</identifier>
				<transform>
					<row0>	1.0000 0.0000 0.0000 0.0000	</row0>
					<row1>	0.0000 1.0000 0.0000 0.0000	</row1>
					<row2>	0.0000 0.0000 1.0000 0.0000	</row2>
					<row3>	0.1511 1.1077 1.7306 1.0000	</row3>
				</transform>
			</node>
			<node>
				<identifier>	MP_VM615_Voice_Tube_INDEX_4	</identifier>
				<transform>
					<row0>	0.0000 0.0000 1.0000 0.0000	</row0>
					<row1>	0.0000 1.0000 0.0000 0.0000	</row1>
					<row2>	-1.0000 0.0000 0.0000 0.0000	</row2>
					<row3>	-0.2849 1.1077 1.6642 1.0000	</row3>
				</transform>
			</node>
			<node>
				<identifier>	MP_VM615_Voice_Tube_INDEX_5	</identifier>
				<transform>
					<row0>	0.0000 0.0000 -1.0000 0.0000	</row0>
					<row1>	0.0000 1.0000 0.0000 0.0000	</row1>
					<row2>	1.0000 0.0000 0.0000 0.0000	</row2>
					<row3>	0.2849 1.1077 1.5697 1.0000	</row3>
				</transform>
			</node>
			<node>
				<identifier>	MP_VM615_Voice_Tube_INDEX_6	</identifier>
				<transform>
					<row0>	0.8660 0.0000 -0.5000 0.0000	</row0>
					<row1>	0.0000 1.0000 0.0000 0.0000	</row1>
					<row2>	0.5000 0.0000 0.8660 0.0000	</row2>
					<row3>	0.0522 0.9429 1.7396 1.0000	</row3>
				</transform>
			</node>
			<node>
				<identifier>	MP_VM615_Voice_Tube_INDEX_7	</identifier>
				<transform>
					<row0>	0.0000 0.0000 1.0000 0.0000	</row0>
					<row1>	0.0000 1.0000 0.0000 0.0000	</row1>
					<row2>	-1.0000 0.0000 0.0000 0.0000	</row2>
					<row3>	-0.2849 1.1077 1.5697 1.0000	</row3>
				</transform>
			</node>
			<node>
				<identifier>	MP_VM615_Voice_Tube_INDEX_8	</identifier>
				<transform>
					<row0>	1.0000 0.0000 0.0000 0.0000	</row0>
					<row1>	0.0000 1.0000 0.0000 0.0000	</row1>
					<row2>	0.0000 0.0000 1.0000 0.0000	</row2>
					<row3>	-0.1512 1.1077 1.7305 1.0000	</row3>
				</transform>
			</node>
			<node>
				<identifier>	MP_VM615_Voice_Tube_INDEX_9	</identifier>
				<transform>
					<row0>	0.0000 0.0000 1.0000 0.0000	</row0>
					<row1>	0.0000 1.0000 0.0000 0.0000	</row1>
					<row2>	-1.0000 0.0000 0.0000 0.0000	</row2>
					<row3>	-0.2938 1.1077 1.2710 1.0000	</row3>
