<FSC009_Saint_Louis_1945_Bow_ports.visual>
	<node>
		<identifier>	Scene Root	</identifier>
		<transform>
			<row0>	1.0000 0.0000 0.0000 0.0000	</row0>
			<row1>	0.0000 1.0000 0.0000 0.0000	</row1>
			<row2>	0.0000 0.0000 1.0000 0.0000	</row2>
			<row3>	0.0000 0.0000 0.0000 1.0000	</row3>
		</transform>
		<node>
			<identifier>	Bow_ports	</identifier>
			<transform>
				<row0>	1.0000 0.0000 0.0000 0.0000	</row0>
				<row1>	0.0000 1.0000 0.0000 0.0000	</row1>
				<row2>	0.0000 0.0000 1.0000 0.0000	</row2>
				<row3>	0.0000 0.0000 0.0000 1.0000	</row3>
			</transform>
			<node>
				<identifier>	HP_FD_1	</identifier>
				<transform>
					<row0>	0.9871 0.0000 0.1599 0.0000	</row0>
					<row1>	0.0000 1.0000 0.0000 0.0000	</row1>
					<row2>	-0.1599 0.0000 0.9871 0.0000	</row2>
					<row3>	-0.2363 0.4840 4.4752 1.0000	</row3>
				</transform>
			</node>
			<node>
				<identifier>	HP_FD_2	</identifier>
				<transform>
					<row0>	0.9871 0.0000 -0.1599 0.0000	</row0>
					<row1>	0.0000 1.0000 0.0000 0.0000	</row1>
					<row2>	0.1599 0.0000 0.9871 0.0000	</row2>
					<row3>	0.2363 0.4840 4.4752 1.0000	</row3>
				</transform>
			</node>
			<node>
				<identifier>	HP_FGA_1	</identifier>
				<transform>
					<row0>	1.0000 0.0000 0.0000 0.0000	</row0>
					<row1>	0.0000 1.0000 0.0000 0.0000	</row1>
					<row2>	0.0000 0.0000 1.0000 0.0000	</row2>
					<row3>	-0.1005 0.4411 6.4559 1.0000	</row3>
				</transform>
			</node>
			<node>
				<identifier>	HP_FGA_2	</identifier>
				<transform>
					<row0>	1.0000 0.0000 0.0000 0.0000	</row0>
					<row1>	0.0000 1.0000 0.0000 0.0000	</row1>
					<row2>	0.0000 0.0000 1.0000 0.0000	</row2>
					<row3>	0.1005 0.4411 6.4559 1.0000	</row3>
				</transform>
			</node>
			<node>
				<identifier>	HP_FGA_3	</identifier>
				<transform>
					<row0>	1.0000 0.0000 0.0000 0.0000	</row0>
					<row1>	0.0000 1.0000 0.0000 0.0000	</row1>
					<row2>	0.0000 0.0000 1.0000 0.0000	</row2>
					<row3>	-0.2798 0.4082 4.7236 1.0000	</row3>
				</transform>
			</node>
			<node>
				<identifier>	HP_FGA_4	</identifier>
				<transform>
					<row0>	1.0000 0.0000 0.0000 0.0000	</row0>
					<row1>	0.0000 1.0000 0.0000 0.0000	</row1>
					<row2>	0.0000 0.0000 1.0000 0.0000	</row2>
					<row3>	0.2798 0.4082 4.7236 1.0000	</row3>
				</transform>
			</node>
			<node>
				<identifier>	HP_FGA_5	</identifier>
				<transform>
					<row0>	0.7660 0.0000 0.6428 0.0000	</row0>
					<row1>	0.0000 1.0000 0.0000 0.0000	</row1>
					<row2>	-0.6428 0.0000 0.7660 0.0000	</row2>
					<row3>	-0.3289 0.3952 4.0513 1.0000	</row3>
				</transform>
			</node>
			<node>
				<identifier>	HP_FGA_6	</identifier>
				<transform>
					<row0>	0.7660 0.0000 -0.6428 0.0000	</row0>
					<row1>	0.0000 1.0000 0.0000 0.0000	</row1>
					<row2>	0.6428 0.0000 0.7660 0.0000	</row2>
					<row3>	0.3289 0.3952 4.0513 1.0000	</row3>
				</transform>
			</node>
			<node>
				<identifier>	HP_FGA_7	</identifier>
				<transform>
					<row0>	0.7660 0.0000 0.6428 0.0000	</row0>
					<row1>	0.0000 1.0000 0.0000 0.0000	</row1>
					<row2>	-0.6428 0.0000 0.7660 0.0000	</row2>
					<row3>	-0.4559 0.3934 3.9360 1.0000	</row3>
				</transform>
			</node>
			<node>
				<identifier>	HP_FGA_8	</identifier>
				<transform>
					<row0>	0.7660 0.0000 -0.6428 0.0000	</row0>
					<row1>	0.0000 1.0000 0.0000 0.0000	</row1>
					<row2>	0.6428 0.0000 0.7660 0.0000	</row2>
					<row3>	0.4559 0.3934 3.9360 1.0000	</row3>
				</transform>
			</node>
			<node>
				<identifier>	HP_FGM_1	</identifier>
				<transform>
					<row0>	1.0000 0.0000 0.0000 0.0000	</row0>
					<row1>	0.0000 1.0000 0.0000 0.0000	</row1>
					<row2>	0.0000 0.0000 1.0000 0.0000	</row2>
					<row3>	0.0000 0.4687 3.6150 1.0000	</row3>
				</transform>
			</node>
			<node>
				<identifier>	HP_FX_Death_1	</identifier>
				<transform>
					<row0>	1.0000 0.0000 0.0000 0.0000	</row0>
					<row1>	0.0000 1.0000 0.0000 0.0000	</row1>
					<row2>	0.0000 0.0000 1.0000 0.0000	</row2>
					<row3>	0.0000 0.0000 4.2762 1.0000	</row3>
				</transform>
			</node>
			<node>
				<identifier>	HP_FX_Fire_1	</identifier>
				<transform>
					<row0>	1.0000 0.0000 0.0000 0.0000	</row0>
					<row1>	0.0000 1.0000 0.0000 0.0000	</row1>
					<row2>	0.0000 0.0000 1.0000 0.0000	</row2>
					<row3>	0.0000 0.4020 5.2534 1.0000	</row3>
				</transform>
			</node>
			<node>
				<identifier>	HP_FX_Flood_water_left_4	</identifier>
				<transform>
					<row0>	-1.0000 0.0000 0.0000 0.0000	</row0>
					<row1>	0.0000 1.0000 0.0000 0.0000	</row1>
					<row2>	0.0000 0.0000 -1.0000 0.0000	</row2>
					<row3>	-0.4988 0.0846 3.6808 1.0000	</row3>
				</transform>
			</node>
			<node>
				<identifier>	HP_FX_Flood_water_right_4	</identifier>
				<transform>
					<row0>	1.0000 0.0000 0.0000 0.0000	</row0>
					<row1>	0.0000 1.0000 0.0000 0.0000	</row1>
					<row2>	0.0000 0.0000 1.0000 0.0000	</row2>
					<row3>	0.4988 0.0857 3.6793 1.0000	</row3>
				</transform>
			</node>
			<node>
				<identifier>	HP_FX_WakeTrace	</identifier>
				<transform>
					<row0>	1.0000 0.0000 0.0000 0.0000	</row0>
					<row1>	0.0000 1.0000 0.0000 0.0000	</row1>
					<row2>	0.0000 0.0000 1.0000 0.0000	</row2>
					<row3>	0.0000 0.0000 6.5891 1.0000	</row3>
				</transform>
			</node>
			<node>
				<identifier>	HP_Ship_death_1	</identifier>
				<transform>
					<row0>	1.0000 0.0000 0.0000 0.0000	</row0>
					<row1>	0.0000 1.0000 0.0000 0.0000	</row1>
					<row2>	0.0000 0.0000 1.0000 0.0000	</row2>
					<row3>	0.0000 0.0000 3.2073 1.0000	</row3>
				</transform>
			</node>
			<node>
				<identifier>	MP_CM011_Fire_Fighting_Gear	</identifier>
				<transform>
					<row0>	0.0000 0.0000 -1.0000 0.0000	</row0>
					<row1>	0.0000 1.0000 0.0000 0.0000	</row1>
					<row2>	1.0000 0.0000 0.0000 0.0000	</row2>
					<row3>	-0.2770 0.3886 3.6254 1.0000	</row3>
				</transform>
			</node>
			<node>
				<identifier>	MP_CM011_Fire_Fighting_Gear_INDEX_1	</identifier>
				<transform>
					<row0>	0.0000 0.0000 1.0000 0.0000	</row0>
					<row1>	0.0000 1.0000 0.0000 0.0000	</row1>
					<row2>	-1.0000 0.0000 0.0000 0.0000	</row2>
					<row3>	0.2770 0.3886 3.6254 1.0000	</row3>
				</transform>
			</node>
			<node>
				<identifier>	MP_CM012_Fire_Hose_Rack_1	</identifier>
				<transform>
					<row0>	0.9911 0.0000 0.1330 0.0000	</row0>
					<row1>	0.0000 1.0000 0.0000 0.0000	</row1>
					<row2>	-0.1330 0.0000 0.9911 0.0000	</row2>
					<row3>	-0.2642 0.4342 3.5959 1.0000	</row3>
				</transform>
			</node>
			<node>
				<identifier>	MP_CM012_Fire_Hose_Rack_1_INDEX_1	</identifier>
				<transform>
					<row0>	-0.9911 0.0000 0.1330 0.0000	</row0>
					<row1>	0.0000 1.0000 0.0000 0.0000	</row1>
					<row2>	-0.1330 0.0000 -0.9911 0.0000	</row2>
					<row3>	0.2642 0.4342 3.5959 1.0000	</row3>
				</transform>
			</node>
			<node>
				<identifier>	MP_CM029_Emergency_Box	</identifier>
				<transform>
					<row0>	-0.5804 0.0000 -0.8143 0.0000	</row0>
					<row1>	0.0000 1.0000 0.0000 0.0000	</row1>
					<row2>	0.8143 0.0000 -0.5804 0.0000	</row2>
					<row3>	0.1903 0.4482 4.0977 1.0000	</row3>
				</transform>
			</node>
			<node>
				<identifier>	MP_CM029_Emergency_Box_INDEX_1	</identifier>
				<transform>
					<row0>	-0.5804 0.0000 0.8143 0.0000	</row0>
					<row1>	0.0000 1.0000 0.0000 0.0000	</row1>
					<row2>	-0.8143 0.0000 -0.5804 0.0000	</row2>
					<row3>	-0.1903 0.4482 4.0977 1.0000	</row3>
				</transform>
			</node>
			<node>
				<identifier>	MP_CM109_Leadsman_Platform	</identifier>
				<transform>
					<row0>	-0.0136 -0.8998 0.0095 0.0000	</row0>
					<row1>	-0.8465 0.0161 0.3052 0.0000	</row1>
					<row2>	-0.3053 -0.0044 -0.8466 0.0000	</row2>
					<row3>	-0.2959 0.4426 6.1907 1.0000	</row3>
				</transform>
			</node>
			<node>
				<identifier>	MP_CM109_Leadsman_Platform_INDEX_1	</identifier>
				<transform>
					<row0>	0.0235 -0.8997 0.0082 0.0000	</row0>
					<row1>	0.8494 0.0249 0.2964 0.0000	</row1>
					<row2>	-0.2965 0.0000 0.8497 0.0000	</row2>
					<row3>	0.2959 0.4426 6.1907 1.0000	</row3>
				</transform>
			</node>
			<node>
				<identifier>	MP_FM011_Reels	</identifier>
				<transform>
					<row0>	1.2719 0.0000 0.0000 0.0000	</row0>
					<row1>	0.0000 1.4359 -0.0184 0.0000	</row1>
					<row2>	0.0000 0.0184 1.4359 0.0000	</row2>
					<row3>	-0.2253 0.4158 4.9770 1.0000	</row3>
				</transform>
			</node>
			<node>
				<identifier>	MP_FM011_Reels_INDEX_1	</identifier>
				<transform>
					<row0>	1.2719 0.0000 0.0000 0.0000	</row0>
					<row1>	0.0000 1.4359 -0.0184 0.0000	</row1>
					<row2>	0.0000 0.0184 1.4359 0.0000	</row2>
					<row3>	0.2253 0.4158 4.9770 1.0000	</row3>
				</transform>
			</node>
			<node>
				<identifier>	MP_FM017_Turtles_box	</identifier>
				<transform>
					<row0>	-0.1574 0.0000 -0.9875 0.0000	</row0>
					<row1>	0.0000 1.0000 0.0000 0.0000	</row1>
					<row2>	0.9875 0.0000 -0.1574 0.0000	</row2>
					<row3>	-0.0902 0.4229 4.7067 1.0000	</row3>
				</transform>
			</node>
			<node>
				<identifier>	MP_FM017_Turtles_box_INDEX_1	</identifier>
				<transform>
					<row0>	-0.7303 0.0000 0.6831 0.0000	</row0>
					<row1>	0.0000 1.0000 0.0000 0.0000	</row1>
					<row2>	-0.6831 0.0000 -0.7303 0.0000	</row2>
					<row3>	0.1899 0.4191 4.0394 1.0000	</row3>
				</transform>
			</node>
			<node>
				<identifier>	MP_FM601_Multipole_Switch	</identifier>
				<transform>
					<row0>	-0.1642 0.0000 -0.9864 0.0000	</row0>
					<row1>	0.0000 1.0000 0.0000 0.0000	</row1>
					<row2>	0.9864 0.0000 -0.1642 0.0000	</row2>
					<row3>	0.0951 0.4550 4.7505 1.0000	</row3>
				</transform>
			</node>
			<node>
				<identifier>	MP_FM601_Multipole_Switch_INDEX_1	</identifier>
				<transform>
					<row0>	-0.1642 0.0000 0.9864 0.0000	</row0>
					<row1>	0.0000 1.0000 0.0000 0.0000	</row1>
					<row2>	-0.9864 0.0000 -0.1642 0.0000	</row2>
					<row3>	-0.0951 0.4550 4.7505 1.0000	</row3>
				</transform>
			</node>
			<node>
				<identifier>	MP_FM602_Switch_box	</identifier>
				<transform>
					<row0>	0.7334 0.0000 0.6798 0.0000	</row0>
					<row1>	0.0000 1.0000 0.0000 0.0000	</row1>
					<row2>	-0.6798 0.0000 0.7334 0.0000	</row2>
					<row3>	-0.4325 0.4602 3.8239 1.0000	</row3>
				</transform>
			</node>
			<node>
				<identifier>	MP_FM602_Switch_box_INDEX_1	</identifier>
				<transform>
					<row0>	0.7334 0.0000 0.6798 0.0000	</row0>
					<row1>	0.0000 1.0000 0.0000 0.0000	</row1>
					<row2>	-0.6798 0.0000 0.7334 0.0000	</row2>
					<row3>	-0.2182 0.4602 4.0225 1.0000	</row3>
				</transform>
			</node>
			<node>
				<identifier>	MP_FM602_Switch_box_INDEX_2	</identifier>
				<transform>
					<row0>	0.7334 0.0000 -0.6798 0.0000	</row0>
					<row1>	0.0000 1.0000 0.0000 0.0000	</row1>
					<row2>	0.6798 0.0000 0.7334 0.0000	</row2>
					<row3>	0.4325 0.4602 3.8239 1.0000	</row3>
				</transform>
			</node>
			<node>
				<identifier>	MP_FM602_Switch_box_INDEX_3	</identifier>
				<transform>
					<row0>	0.7334 0.0000 -0.6798 0.0000	</row0>
					<row1>	0.0000 1.0000 0.0000 0.0000	</row1>
					<row2>	0.6798 0.0000 0.7334 0.0000	</row2>
					<row3>	0.2182 0.4602 4.0225 1.0000	</row3>
				</transform>
			</node>
			<node>
				<identifier>	MP_FM701_Ammunition_Box	</identifier>
				<transform>
					<row0>	-1.0158 0.0000 -0.4221 0.0000	</row0>
					<row1>	0.0000 1.3000 0.0000 0.0000	</row1>
					<row2>	0.3838 0.0000 -0.9234 0.0000	</row2>
					<row3>	-0.1234 0.3899 3.8725 1.0000	</row3>
				</transform>
			</node>
			<node>
				<identifier>	MP_FM701_Ammunition_Box_INDEX_1	</identifier>
				<transform>
					<row0>	-1.0158 0.0000 0.4221 0.0000	</row0>
					<row1>	0.0000 1.3000 0.0000 0.0000	</row1>
					<row2>	-0.3838 0.0000 -0.9234 0.0000	</row2>
					<row3>	0.1234 0.3899 3.8725 1.0000	</row3>
				</transform>
			</node>
			<node>
				<identifier>	MP_FM701_Ammunition_Box_INDEX_2	</identifier>
				<transform>
					<row0>	-1.1000 -0.0010 0.0000 0.0000	</row0>
					<row1>	-0.0012 1.3000 -0.0012 0.0000	</row1>
					<row2>	0.0000 -0.0009 -1.0000 0.0000	</row2>
					<row3>	-0.1152 0.4383 6.3335 1.0000	</row3>
				</transform>
			</node>
			<node>
				<identifier>	MP_FM701_Ammunition_Box_INDEX_3	</identifier>
				<transform>
					<row0>	-1.1000 0.0010 0.0000 0.0000	</row0>
					<row1>	0.0012 1.3000 -0.0012 0.0000	</row1>
					<row2>	0.0000 -0.0009 -1.0000 0.0000	</row2>
					<row3>	0.1152 0.4383 6.3335 1.0000	</row3>
				</transform>
			</node>
			<node>
				<identifier>	MP_FM701_Ammunition_Box_INDEX_4	</identifier>
				<transform>
					<row0>	-0.6666 0.0000 0.8750 0.0000	</row0>
					<row1>	0.0000 1.3000 0.0000 0.0000	</row1>
					<row2>	-0.7954 0.0000 -0.6060 0.0000	</row2>
					<row3>	0.2246 0.3899 3.7909 1.0000	</row3>
				</transform>
			</node>
			<node>
				<identifier>	MP_FM701_Ammunition_Box_INDEX_5	</identifier>
				<transform>
					<row0>	-0.6666 0.0000 -0.8750 0.0000	</row0>
					<row1>	0.0000 1.3000 0.0000 0.0000	</row1>
					<row2>	0.7954 0.0000 -0.6060 0.0000	</row2>
					<row3>	-0.2246 0.3899 3.7909 1.0000	</row3>
				</transform>
			</node>
			<node>
				<identifier>	MP_FM707_Locker	</identifier>
				<transform>
					<row0>	0.5657 0.0000 -0.8246 0.0000	</row0>
					<row1>	0.0000 1.0000 0.0000 0.0000	</row1>
					<row2>	0.8246 0.0000 0.5657 0.0000	</row2>
					<row3>	-0.2060 0.3966 4.0769 1.0000	</row3>
				</transform>
			</node>
			<node>
				<identifier>	MP_FM707_Locker_INDEX_1	</identifier>
				<transform>
					<row0>	-0.7329 0.0000 0.6803 0.0000	</row0>
					<row1>	0.0000 1.0000 0.0000 0.0000	</row1>
					<row2>	-0.6803 0.0000 -0.7329 0.0000	</row2>
					<row3>	0.3360 0.3943 3.9323 1.0000	</row3>
				</transform>
			</node>
			<node>
				<identifier>	MP_FM707_Locker_INDEX_2	</identifier>
				<transform>
					<row0>	-0.7329 0.0000 -0.6803 0.0000	</row0>
					<row1>	0.0000 1.0000 0.0000 0.0000	</row1>
					<row2>	0.6803 0.0000 -0.7329 0.0000	</row2>
					<row3>	-0.3360 0.3943 3.9323 1.0000	</row3>
				</transform>
			</node>
			<node>
				<identifier>	MP_FM707_Locker_INDEX_3	</identifier>
				<transform>
					<row0>	-0.4427 0.0000 -0.8967 0.0000	</row0>
					<row1>	0.0000 1.0000 0.0000 0.0000	</row1>
					<row2>	0.8967 0.0000 -0.4427 0.0000	</row2>
					<row3>	0.5263 0.3921 3.8651 1.0000	</row3>
				</transform>
			</node>
			<node>
				<identifier>	MP_FM707_Locker_INDEX_4	</identifier>
				<transform>
					<row0>	0.5657 0.0000 0.8246 0.0000	</row0>
					<row1>	0.0000 1.0000 0.0000 0.0000	</row1>
					<row2>	-0.8246 0.0000 0.5657 0.0000	</row2>
					<row3>	0.2060 0.3966 4.0769 1.0000	</row3>
				</transform>
			</node>
			<node>
				<identifier>	MP_FM707_Locker_INDEX_5	</identifier>
				<transform>
					<row0>	-0.4427 0.0000 0.8967 0.0000	</row0>
					<row1>	0.0000 1.0000 0.0000 0.0000	</row1>
					<row2>	-0.8967 0.0000 -0.4427 0.0000	</row2>
					<row3>	-0.5263 0.3921 3.8651 1.0000	</row3>
				</transform>
			</node>
			<node>
				<identifier>	MP_FM950_Anchor_bottom	</identifier>
				<transform>
					<row0>	-0.3277 0.7321 0.4188 0.0000	</row0>
					<row1>	-0.2021 0.3680 -0.8015 0.0000	</row1>
					<row2>	-0.8188 -0.3839 0.0302 0.0000	</row2>
					<row3>	-0.1423 0.3127 6.3603 1.0000	</row3>
				</transform>
			</node>
			<node>
				<identifier>	MP_FM950_Anchor_bottom_INDEX_1	</identifier>
				<transform>
					<row0>	-0.3277 -0.7321 -0.4188 0.0000	</row0>
					<row1>	0.2042 0.3670 -0.8015 0.0000	</row1>
					<row2>	0.8183 -0.3848 0.0323 0.0000	</row2>
					<row3>	0.1423 0.3127 6.3603 1.0000	</row3>
				</transform>
			</node>
			<node>
				<identifier>	MP_FM950_Anchor_bottom_INDEX_2	</identifier>
				<transform>
					<row0>	-0.3285 -0.7318 -0.4188 0.0000	</row0>
					<row1>	0.2080 0.3652 -0.8013 0.0000	</row1>
					<row2>	0.8171 -0.3872 0.0357 0.0000	</row2>
					<row3>	0.2022 0.2961 6.0887 1.0000	</row3>
				</transform>
			</node>
			<node>
				<identifier>	MP_FM951_Anchor_up	</identifier>
				<transform>
					<row0>	-0.3277 0.7321 0.4188 0.0000	</row0>
					<row1>	0.2126 0.5439 -0.7844 0.0000	</row1>
					<row2>	-0.8202 -0.1719 -0.3414 0.0000	</row2>
					<row3>	-0.1423 0.3127 6.3603 1.0000	</row3>
				</transform>
			</node>
			<node>
				<identifier>	MP_FM951_Anchor_up_INDEX_1	</identifier>
				<transform>
					<row0>	-0.3277 -0.7321 -0.4188 0.0000	</row0>
					<row1>	-0.2126 0.5439 -0.7844 0.0000	</row1>
					<row2>	0.8202 -0.1719 -0.3414 0.0000	</row2>
					<row3>	0.1423 0.3127 6.3603 1.0000	</row3>
				</transform>
			</node>
			<node>
				<identifier>	MP_FM951_Anchor_up_INDEX_2	</identifier>
				<transform>
					<row0>	-0.3444 -0.7078 -0.4462 0.0000	</row0>
					<row1>	-0.2063 0.6083 -0.8056 0.0000	</row1>
					<row2>	0.8169 -0.1799 -0.3451 0.0000	</row2>
					<row3>	0.2021 0.2958 6.0887 1.0000	</row3>
				</transform>
			</node>
			<node>
				<identifier>	MP_FM952_Anchor_Capstan	</identifier>
				<transform>
					<row0>	1.0000 0.0000 0.0000 0.0000	</row0>
					<row1>	0.0000 1.0000 0.0000 0.0000	</row1>
					<row2>	0.0000 0.0000 1.0000 0.0000	</row2>
					<row3>	-0.1354 0.4405 5.2454 1.0000	</row3>
				</transform>
			</node>
			<node>
				<identifier>	MP_FM952_Anchor_Capstan_INDEX_1	</identifier>
				<transform>
					<row0>	1.0000 0.0000 0.0000 0.0000	</row0>
					<row1>	0.0000 1.0000 0.0000 0.0000	</row1>
					<row2>	0.0000 0.0000 1.0000 0.0000	</row2>
					<row3>	0.1354 0.4405 5.2454 1.0000	</row3>
				</transform>
			</node>
			<node>
				<identifier>	MP_FM953_Anchor_Capstan	</identifier>
				<transform>
					<row0>	0.8046 0.0000 0.0000 0.0000	</row0>
					<row1>	0.0000 0.8046 0.0000 0.0000	</row1>
					<row2>	0.0000 0.0000 0.8046 0.0000	</row2>
					<row3>	0.0000 0.4224 5.4463 1.0000	</row3>
				</transform>
			</node>
			<node>
				<identifier>	MP_FM955_Bollard	</identifier>
				<transform>
					<row0>	1.1083 -0.0009 0.1049 0.0000	</row0>
					<row1>	0.0027 1.1131 -0.0192 0.0000	</row1>
					<row2>	-0.1048 0.0194 1.1081 0.0000	</row2>
					<row3>	0.3902 0.4208 5.3601 1.0000	</row3>
				</transform>
			</node>
			<node>
				<identifier>	MP_FM955_Bollard_INDEX_1	</identifier>
				<transform>
					<row0>	0.6774 -0.0006 0.0592 0.0000	</row0>
					<row1>	0.0016 0.6799 -0.0117 0.0000	</row1>
					<row2>	-0.0592 0.0118 0.6773 0.0000	</row2>
					<row3>	0.4500 0.4141 4.9826 1.0000	</row3>
				</transform>
			</node>
			<node>
				<identifier>	MP_FM955_Bollard_INDEX_2	</identifier>
				<transform>
					<row0>	0.6774 0.0006 -0.0592 0.0000	</row0>
					<row1>	-0.0016 0.6799 -0.0117 0.0000	</row1>
					<row2>	0.0592 0.0118 0.6773 0.0000	</row2>
					<row3>	-0.4500 0.4141 4.9826 1.0000	</row3>
				</transform>
			</node>
			<node>
				<identifier>	MP_FM955_Bollard_INDEX_3	</identifier>
				<transform>
					<row0>	1.1083 0.0009 -0.1049 0.0000	</row0>
					<row1>	-0.0027 1.1131 -0.0192 0.0000	</row1>
					<row2>	0.1048 0.0194 1.1081 0.0000	</row2>
					<row3>	-0.3902 0.4208 5.3601 1.0000	</row3>
				</transform>
			</node>
			<node>
				<identifier>	MP_FM955_Bollard_INDEX_4	</identifier>
				<transform>
					<row0>	1.3281 0.0011 -0.1297 0.0000	</row0>
					<row1>	-0.0033 1.3342 -0.0230 0.0000	</row1>
					<row2>	0.1297 0.0232 1.3279 0.0000	</row2>
					<row3>	-0.3623 0.4160 5.0729 1.0000	</row3>
				</transform>
			</node>
			<node>
				<identifier>	MP_FM955_Bollard_INDEX_5	</identifier>
				<transform>
					<row0>	1.3281 -0.0011 0.1297 0.0000	</row0>
					<row1>	0.0033 1.3342 -0.0230 0.0000	</row1>
					<row2>	-0.1297 0.0232 1.3279 0.0000	</row2>
					<row3>	0.3623 0.4160 5.0729 1.0000	</row3>
				</transform>
			</node>
			<node>
				<identifier>	MP_FM964_Winch	</identifier>
				<transform>
					<row0>	-1.0000 0.0000 0.0000 0.0000	</row0>
					<row1>	0.0000 1.0000 0.0000 0.0000	</row1>
					<row2>	0.0000 0.0000 -1.0000 0.0000	</row2>
					<row3>	-0.3183 0.3800 3.1659 1.0000	</row3>
				</transform>
			</node>
			<node>
				<identifier>	MP_FM964_Winch_INDEX_1	</identifier>
				<transform>
					<row0>	-1.0000 0.0000 0.0000 0.0000	</row0>
					<row1>	0.0000 1.0000 0.0000 0.0000	</row1>
					<row2>	0.0000 0.0000 -1.0000 0.0000	</row2>
					<row3>	0.3183 0.3800 3.1659 1.0000	</row3>
				</transform>
			</node>
			<node>
				<identifier>	SP_YMS001_YHBM_M_1	</identifier>
				<transform>
					<row0>	1.1607 0.0000 0.0000 0.0000	</row0>
					<row1>	0.0000 1.1547 0.1174 0.0000	</row1>
					<row2>	0.0000 -0.1174 1.1547 0.0000	</row2>
					<row3>	0.0000 0.4743 6.7977 1.0000	</row3>
				</transform>
			</node>
			<node>
				<identifier>	SP_YMS002_YHBL_M_1	</identifier>
				<transform>
					<row0>	0.8587 -0.0961 -0.1171 0.0000	</row0>
					<row1>	0.0868 0.8646 -0.0723 0.0000	</row1>
					<row2>	0.1241 0.0596 0.8611 0.0000	</row2>
					<row3>	0.0000 0.4743 6.7977 1.0000	</row3>
				</transform>
			</node>
			<node>
				<identifier>	SP_YMS003_YHBR_M_1	</identifier>
				<transform>
					<row0>	0.8587 0.0961 0.1171 0.0000	</row0>
					<row1>	-0.0868 0.8646 -0.0723 0.0000	</row1>
					<row2>	-0.1241 0.0596 0.8611 0.0000	</row2>
					<row3>	0.0000 0.4743 6.7977 1.0000	</row3>
				</transform>
			</node>
			<node>
				<identifier>	SP_YMS004_YHXL_L_1	</identifier>
				<transform>
					<row0>	0.8922 0.5909 -0.2411 0.0000	</row0>
					<row1>	-0.5537 0.9228 0.2128 0.0000	</row1>
					<row2>	0.3174 -0.0514 1.0488 0.0000	</row2>
					<row3>	-0.1199 0.3105 6.2876 1.0000	</row3>
				</transform>
			</node>
			<node>
				<identifier>	SP_YMS005_YHXR_L_1	</identifier>
				<transform>
					<row0>	0.8922 -0.5909 0.2411 0.0000	</row0>
					<row1>	0.5537 0.9228 0.2128 0.0000	</row1>
					<row2>	-0.3174 -0.0514 1.0488 0.0000	</row2>
					<row3>	0.1199 0.3105 6.2876 1.0000	</row3>
				</transform>
			</node>
			<node>
				<identifier>	SP_YMS010_YHWM_L_1	</identifier>
				<transform>
					<row0>	0.5400 0.0000 0.0000 0.0000	</row0>
					<row1>	0.0000 0.5400 0.0000 0.0000	</row1>
					<row2>	0.0000 0.0000 0.5400 0.0000	</row2>
					<row3>	0.0000 0.0000 6.6037 1.0000	</row3>
				</transform>
			</node>
			<node>
				<identifier>	SP_YMS011_YHWL_M_1	</identifier>
				<transform>
					<row0>	0.9754 0.1305 -0.1775 0.0000	</row0>
					<row1>	-0.1284 0.9914 0.0234 0.0000	</row1>
					<row2>	0.1791 0.0000 0.9838 0.0000	</row2>
					<row3>	-0.1962 0.0000 5.5139 1.0000	</row3>
				</transform>
			</node>
			<node>
				<identifier>	SP_YMS011_YHWL_M_1_INDEX_1	</identifier>
				<transform>
					<row0>	0.9743 0.1566 -0.1619 0.0000	</row0>
					<row1>	-0.1545 0.9877 0.0257 0.0000	</row1>
					<row2>	0.1639 0.0000 0.9865 0.0000	</row2>
					<row3>	-0.3375 0.0000 4.6875 1.0000	</row3>
				</transform>
			</node>
			<node>
				<identifier>	SP_YMS011_YHWL_M_1_INDEX_2	</identifier>
				<transform>
					<row0>	0.9837 0.1204 -0.1335 0.0000	</row0>
					<row1>	-0.1186 0.9927 0.0209 0.0000	</row1>
					<row2>	0.1350 -0.0048 0.9908 0.0000	</row2>
					<row3>	-0.4665 0.0038 3.8647 1.0000	</row3>
				</transform>
			</node>
			<node>
				<identifier>	SP_YMS012_YHWR_M_1	</identifier>
				<transform>
					<row0>	0.9754 -0.1305 0.1775 0.0000	</row0>
					<row1>	0.1284 0.9914 0.0234 0.0000	</row1>
					<row2>	-0.1791 0.0000 0.9838 0.0000	</row2>
					<row3>	0.1962 0.0000 5.5139 1.0000	</row3>
				</transform>
			</node>
			<node>
				<identifier>	SP_YMS012_YHWR_M_1_INDEX_1	</identifier>
				<transform>
					<row0>	0.9743 -0.1566 0.1619 0.0000	</row0>
					<row1>	0.1545 0.9877 0.0257 0.0000	</row1>
					<row2>	-0.1639 0.0000 0.9865 0.0000	</row2>
					<row3>	0.3375 0.0000 4.6875 1.0000	</row3>
				</transform>
			</node>
			<node>
				<identifier>	SP_YMS012_YHWR_M_1_INDEX_2	</identifier>
				<transform>
					<row0>	0.9837 -0.1204 0.1335 0.0000	</row0>
					<row1>	0.1186 0.9927 0.0209 0.0000	</row1>
					<row2>	-0.1350 -0.0048 0.9908 0.0000	</row2>
					<row3>	0.4697 0.0062 3.8662 1.0000	</row3>
				</transform>
			</node>
			<node>
				<identifier>	SP_YMS020_YHBU_M_1	</identifier>
				<transform>
					<row0>	1.0000 0.0000 0.0000 0.0000	</row0>
					<row1>	0.0000 0.9438 0.3306 0.0000	</row1>
					<row2>	0.0000 -0.3306 0.9438 0.0000	</row2>
					<row3>	0.0000 -0.1053 6.5532 1.0000	</row3>
				</transform>
			</node>
			<node>
				<identifier>	SP_YMS022_YHUS_L_1	</identifier>
				<transform>
					<row0>	-0.1442 -0.0020 -0.9895 0.0000	</row0>
					<row1>	-0.3568 0.9328 0.0501 0.0000	</row1>
					<row2>	0.9230 0.3603 -0.1353 0.0000	</row2>
					<row3>	-0.3514 -0.4275 3.6962 1.0000	</row3>
				</transform>
			</node>
			<node>
				<identifier>	SP_YMS022_YHUS_L_1_INDEX_1	</identifier>
				<transform>
					<row0>	-0.1442 0.0020 0.9895 0.0000	</row0>
					<row1>	0.3568 0.9328 0.0501 0.0000	</row1>
					<row2>	-0.9230 0.3603 -0.1353 0.0000	</row2>
					<row3>	0.3514 -0.4275 3.6962 1.0000	</row3>
				</transform>
			</node>
			<node>
				<identifier>	SP_YMS052_YHDR_L_1	</identifier>
				<transform>
					<row0>	0.6551 0.0166 0.0461 0.0000	</row0>
					<row1>	-0.0158 0.6566 -0.0123 0.0000	</row1>
					<row2>	-0.0464 0.0112 0.6552 0.0000	</row2>
					<row3>	0.5224 0.4075 4.7189 1.0000	</row3>
				</transform>
			</node>
			<node>
				<identifier>	SP_YMS053_YHDC_S_1	</identifier>
				<transform>
					<row0>	1.0000 0.0000 0.0000 0.0000	</row0>
					<row1>	0.0000 1.0000 0.0000 0.0000	</row1>
					<row2>	0.0000 0.0000 1.0000 0.0000	</row2>
					<row3>	-0.2871 0.4286 5.6988 1.0000	</row3>
				</transform>
			</node>
			<node>
				<identifier>	SP_YMS053_YHDC_S_1_INDEX_1	</identifier>
				<transform>
					<row0>	1.0000 0.0000 0.0000 0.0000	</row0>
					<row1>	0.0000 1.0000 0.0000 0.0000	</row1>
					<row2>	0.0000 0.0000 1.0000 0.0000	</row2>
					<row3>	0.2871 0.4286 5.6988 1.0000	</row3>
				</transform>
			</node>
			<node>
				<identifier>	SP_YMS053_YHDC_S_1_INDEX_2	</identifier>
				<transform>
					<row0>	1.0000 0.0000 0.0000 0.0000	</row0>
					<row1>	0.0000 1.0000 0.0000 0.0000	</row1>
					<row2>	0.0000 0.0000 1.0000 0.0000	</row2>
					<row3>	-0.4031 0.4014 4.3178 1.0000	</row3>
				</transform>
			</node>
			<node>
				<identifier>	SP_YMS062_YHGH_M_1	</identifier>
				<transform>
					<row0>	0.3254 0.0000 0.0532 0.0000	</row0>
					<row1>	0.0000 0.3297 0.0000 0.0000	</row1>
					<row2>	-0.0532 0.0000 0.3254 0.0000	</row2>
					<row3>	-0.2354 0.5506 4.4696 1.0000	</row3>
				</transform>
			</node>
			<node>
				<identifier>	SP_YMS062_YHGH_M_1_INDEX_1	</identifier>
				<transform>
					<row0>	0.3254 0.0000 -0.0532 0.0000	</row0>
					<row1>	0.0000 0.3297 0.0000 0.0000	</row1>
					<row2>	0.0532 0.0000 0.3254 0.0000	</row2>
					<row3>	0.2354 0.5506 4.4696 1.0000	</row3>
				</transform>
			</node>
			<node>
				<identifier>	SP_YMS072_YHHC_M_1	</identifier>
				<transform>
					<row0>	-0.1141 -0.0053 -0.9935 0.0000	</row0>
					<row1>	-0.1676 0.9858 0.0140 0.0000	</row1>
					<row2>	0.9792 0.1681 -0.1134 0.0000	</row2>
					<row3>	-0.5371 0.1839 3.4961 1.0000	</row3>
				</transform>
			</node>
			<node>
				<identifier>	SP_YMS072_YHHC_M_1_INDEX_1	</identifier>
				<transform>
					<row0>	-0.1141 0.0053 0.9935 0.0000	</row0>
					<row1>	0.1676 0.9858 0.0140 0.0000	</row1>
					<row2>	-0.9792 0.1681 -0.1134 0.0000	</row2>
					<row3>	0.5371 0.1839 3.4961 1.0000	</row3>
				</transform>
			</node>
			<node>
				<identifier>	SP_YMS080_YHSL_M_1	</identifier>
				<transform>
					<row0>	0.9219 0.3712 -0.1111 0.0000	</row0>
					<row1>	-0.3637 0.9279 0.0819 0.0000	</row1>
					<row2>	0.1335 -0.0351 0.9904 0.0000	</row2>
					<row3>	-0.2771 0.2235 5.3675 1.0000	</row3>
				</transform>
			</node>
			<node>
				<identifier>	SP_YMS080_YHSL_M_1_INDEX_1	</identifier>
				<transform>
					<row0>	0.9516 0.2882 -0.1064 0.0000	</row0>
					<row1>	-0.2818 0.9568 0.0712 0.0000	</row1>
					<row2>	0.1223 -0.0378 0.9918 0.0000	</row2>
					<row3>	-0.4342 0.2132 4.2058 1.0000	</row3>
				</transform>
			</node>
			<node>
				<identifier>	SP_YMS081_YHSR_M_1	</identifier>
				<transform>
					<row0>	0.9219 -0.3712 0.1111 0.0000	</row0>
					<row1>	0.3637 0.9279 0.0819 0.0000	</row1>
					<row2>	-0.1335 -0.0351 0.9904 0.0000	</row2>
					<row3>	0.2771 0.2235 5.3675 1.0000	</row3>
				</transform>
			</node>
			<node>
				<identifier>	SP_YMS081_YHSR_M_1_INDEX_1	</identifier>
				<transform>
					<row0>	0.9516 -0.2882 0.1064 0.0000	</row0>
					<row1>	0.2818 0.9568 0.0712 0.0000	</row1>
					<row2>	-0.1223 -0.0378 0.9918 0.0000	</row2>
					<row3>	0.4342 0.2132 4.2058 1.0000	</row3>
				</transform>
			</node>
		</node>
	</node>
	<boundingBox>
		<min>	-0.0667 -0.0667 -0.0667	</min>
		<max>	0.0667 0.0667 0.0667	</max>
	</boundingBox>
</FSC009_Saint_Louis_1945_Bow_ports.visual>
