<VSC011_Santander_1948_Bow_ports.visual>
	<node>
		<identifier>	Scene Root	</identifier>
		<transform>
			<row0>	1.0000 0.0000 0.0000 0.0000	</row0>
			<row1>	0.0000 1.0000 0.0000 0.0000	</row1>
			<row2>	0.0000 0.0000 1.0000 0.0000	</row2>
			<row3>	0.0000 0.0000 0.0000 1.0000	</row3>
		</transform>
		<node>
			<identifier>	Bow_ports	</identifier>
			<transform>
				<row0>	1.0000 0.0000 0.0000 0.0000	</row0>
				<row1>	0.0000 1.0000 0.0000 0.0000	</row1>
				<row2>	0.0000 0.0000 1.0000 0.0000	</row2>
				<row3>	0.0000 0.0000 0.0000 1.0000	</row3>
			</transform>
			<node>
				<identifier>	HP_FX_Death_1	</identifier>
				<transform>
					<row0>	1.0000 0.0000 0.0000 0.0000	</row0>
					<row1>	0.0000 1.0000 0.0000 0.0000	</row1>
					<row2>	0.0000 0.0000 1.0000 0.0000	</row2>
					<row3>	0.0000 0.0000 4.5419 1.0000	</row3>
				</transform>
			</node>
			<node>
				<identifier>	HP_FX_Fire_1	</identifier>
				<transform>
					<row0>	1.0000 0.0000 0.0000 0.0000	</row0>
					<row1>	0.0000 1.0000 0.0000 0.0000	</row1>
					<row2>	0.0000 0.0000 1.0000 0.0000	</row2>
					<row3>	0.0000 0.4050 4.2450 1.0000	</row3>
				</transform>
			</node>
			<node>
				<identifier>	HP_FX_Flood_water_left_4	</identifier>
				<transform>
					<row0>	-0.3344 -0.9424 0.0000 0.0000	</row0>
					<row1>	-0.9424 0.3344 0.0000 0.0000	</row1>
					<row2>	0.0000 0.0000 -1.0000 0.0000	</row2>
					<row3>	-0.4304 0.1183 3.8159 1.0000	</row3>
				</transform>
			</node>
			<node>
				<identifier>	HP_FX_Flood_water_right_4	</identifier>
				<transform>
					<row0>	0.3344 -0.9424 0.0000 0.0000	</row0>
					<row1>	0.9424 0.3344 0.0000 0.0000	</row1>
					<row2>	0.0000 0.0000 1.0000 0.0000	</row2>
					<row3>	0.4309 0.1181 3.8162 1.0000	</row3>
				</transform>
			</node>
			<node>
				<identifier>	HP_FX_RepairLight_left_1	</identifier>
				<transform>
					<row0>	0.0787 0.0000 0.9969 0.0000	</row0>
					<row1>	0.0000 1.0000 0.0000 0.0000	</row1>
					<row2>	-0.9969 0.0000 0.0787 0.0000	</row2>
					<row3>	-0.5216 0.3633 3.3927 1.0000	</row3>
				</transform>
			</node>
			<node>
				<identifier>	HP_FX_WakeTrace	</identifier>
				<transform>
					<row0>	1.0000 0.0000 0.0000 0.0000	</row0>
					<row1>	0.0000 1.0000 0.0000 0.0000	</row1>
					<row2>	0.0000 0.0000 1.0000 0.0000	</row2>
					<row3>	0.0000 0.0000 6.6826 1.0000	</row3>
				</transform>
			</node>
			<node>
				<identifier>	HP_Ship_death_1	</identifier>
				<transform>
					<row0>	1.0000 0.0000 0.0000 0.0000	</row0>
					<row1>	0.0000 1.0000 0.0000 0.0000	</row1>
					<row2>	0.0000 0.0000 1.0000 0.0000	</row2>
					<row3>	0.0000 0.0000 3.0124 1.0000	</row3>
				</transform>
			</node>
			<node>
				<identifier>	HP_VGA_1	</identifier>
				<transform>
					<row0>	0.7071 0.0000 0.7071 0.0000	</row0>
					<row1>	0.0000 1.0000 0.0000 0.0000	</row1>
					<row2>	-0.7071 0.0000 0.7071 0.0000	</row2>
					<row3>	-0.2839 0.4045 4.8199 1.0000	</row3>
				</transform>
			</node>
			<node>
				<identifier>	HP_VGA_2	</identifier>
				<transform>
					<row0>	0.7071 0.0000 -0.7071 0.0000	</row0>
					<row1>	0.0000 1.0000 0.0000 0.0000	</row1>
					<row2>	0.7071 0.0000 0.7071 0.0000	</row2>
					<row3>	0.2839 0.4045 4.8199 1.0000	</row3>
				</transform>
			</node>
			<node>
				<identifier>	HP_VGA_3	</identifier>
				<transform>
					<row0>	0.7071 0.0000 0.7071 0.0000	</row0>
					<row1>	0.0000 1.0000 0.0000 0.0000	</row1>
					<row2>	-0.7071 0.0000 0.7071 0.0000	</row2>
					<row3>	-0.3670 0.3791 3.9215 1.0000	</row3>
				</transform>
			</node>
			<node>
				<identifier>	HP_VGA_4	</identifier>
				<transform>
					<row0>	0.7071 0.0000 -0.7071 0.0000	</row0>
					<row1>	0.0000 1.0000 0.0000 0.0000	</row1>
					<row2>	0.7071 0.0000 0.7071 0.0000	</row2>
					<row3>	0.3670 0.3791 3.9215 1.0000	</row3>
				</transform>
			</node>
			<node>
				<identifier>	HP_VGA_5	</identifier>
				<transform>
					<row0>	0.7071 0.0000 0.7071 0.0000	</row0>
					<row1>	0.0000 1.0000 0.0000 0.0000	</row1>
					<row2>	-0.7071 0.0000 0.7071 0.0000	</row2>
					<row3>	-0.3855 0.3770 3.6785 1.0000	</row3>
				</transform>
			</node>
			<node>
				<identifier>	HP_VGA_6	</identifier>
				<transform>
					<row0>	0.7071 0.0000 -0.7071 0.0000	</row0>
					<row1>	0.0000 1.0000 0.0000 0.0000	</row1>
					<row2>	0.7071 0.0000 0.7071 0.0000	</row2>
					<row3>	0.3855 0.3770 3.6785 1.0000	</row3>
				</transform>
			</node>
			<node>
				<identifier>	MP_CM012_Fire_Hose_Rack_1	</identifier>
				<transform>
					<row0>	0.0000 -0.8456 0.5338 0.0000	</row0>
					<row1>	0.0000 0.5338 0.8456 0.0000	</row1>
					<row2>	-1.0000 0.0000 0.0000 0.0000	</row2>
					<row3>	0.0017 0.4336 4.3773 1.0000	</row3>
				</transform>
			</node>
			<node>
				<identifier>	MP_CM156_Fire_Fighting_Gear	</identifier>
				<transform>
					<row0>	1.0000 0.0000 0.0000 0.0000	</row0>
					<row1>	0.0000 1.0000 0.0000 0.0000	</row1>
					<row2>	0.0000 0.0000 1.0000 0.0000	</row2>
					<row3>	-0.2029 0.3945 4.3169 1.0000	</row3>
				</transform>
			</node>
			<node>
				<identifier>	MP_CM156_Fire_Fighting_Gear_INDEX_1	</identifier>
				<transform>
					<row0>	1.0000 0.0000 0.0000 0.0000	</row0>
					<row1>	0.0000 1.0000 0.0000 0.0000	</row1>
					<row2>	0.0000 0.0000 1.0000 0.0000	</row2>
					<row3>	0.2029 0.3949 4.3169 1.0000	</row3>
				</transform>
			</node>
			<node>
				<identifier>	MP_CM156_Fire_Fighting_Gear_INDEX_2	</identifier>
				<transform>
					<row0>	1.0000 0.0000 0.0000 0.0000	</row0>
					<row1>	0.0000 1.0000 0.0000 0.0000	</row1>
					<row2>	0.0000 0.0000 1.0000 0.0000	</row2>
					<row3>	0.0000 0.4937 6.0018 1.0000	</row3>
				</transform>
			</node>
			<node>
				<identifier>	MP_CM156_Fire_Fighting_Gear_INDEX_3	</identifier>
				<transform>
					<row0>	-1.0000 0.0000 0.0000 0.0000	</row0>
					<row1>	0.0000 1.0000 0.0000 0.0000	</row1>
					<row2>	0.0000 0.0000 -1.0000 0.0000	</row2>
					<row3>	0.0000 0.4954 6.0228 1.0000	</row3>
				</transform>
			</node>
			<node>
				<identifier>	MP_CM741_Fire_Hose_Reel_HW19	</identifier>
				<transform>
					<row0>	0.0000 -0.9964 0.0849 0.0000	</row0>
					<row1>	1.0000 0.0000 0.0000 0.0000	</row1>
					<row2>	0.0000 0.0849 0.9964 0.0000	</row2>
					<row3>	0.0000 0.5060 6.2038 1.0000	</row3>
				</transform>
			</node>
			<node>
				<identifier>	MP_VM002_Speaker	</identifier>
				<transform>
					<row0>	-0.0747 0.0000 -0.4944 0.0000	</row0>
					<row1>	0.0000 0.5000 0.0000 0.0000	</row1>
					<row2>	0.4944 0.0000 -0.0747 0.0000	</row2>
					<row3>	-0.2939 0.4412 3.6711 1.0000	</row3>
				</transform>
			</node>
			<node>
				<identifier>	MP_VM002_Speaker_INDEX_1	</identifier>
				<transform>
					<row0>	0.3612 0.0000 -0.3457 0.0000	</row0>
					<row1>	0.0000 0.5000 0.0000 0.0000	</row1>
					<row2>	0.3457 0.0000 0.3612 0.0000	</row2>
					<row3>	-0.3049 0.4358 3.9934 1.0000	</row3>
				</transform>
			</node>
			<node>
				<identifier>	MP_VM002_Speaker_INDEX_2	</identifier>
				<transform>
					<row0>	0.3612 0.0000 0.3457 0.0000	</row0>
					<row1>	0.0000 0.5000 0.0000 0.0000	</row1>
					<row2>	-0.3457 0.0000 0.3612 0.0000	</row2>
					<row3>	0.3049 0.4355 3.9934 1.0000	</row3>
				</transform>
			</node>
			<node>
				<identifier>	MP_VM002_Speaker_INDEX_3	</identifier>
				<transform>
					<row0>	-0.4805 0.0000 0.1383 0.0000	</row0>
					<row1>	0.0000 0.5000 0.0000 0.0000	</row1>
					<row2>	-0.1383 0.0000 -0.4805 0.0000	</row2>
					<row3>	-0.3129 0.4346 4.7291 1.0000	</row3>
				</transform>
			</node>
			<node>
				<identifier>	MP_VM002_Speaker_INDEX_4	</identifier>
				<transform>
					<row0>	-0.0747 0.0000 0.4944 0.0000	</row0>
					<row1>	0.0000 0.5000 0.0000 0.0000	</row1>
					<row2>	-0.4944 0.0000 -0.0747 0.0000	</row2>
					<row3>	0.2939 0.4412 3.6711 1.0000	</row3>
				</transform>
			</node>
			<node>
				<identifier>	MP_VM002_Speaker_INDEX_5	</identifier>
				<transform>
					<row0>	-0.4805 0.0000 -0.1383 0.0000	</row0>
					<row1>	0.0000 0.5000 0.0000 0.0000	</row1>
					<row2>	0.1383 0.0000 -0.4805 0.0000	</row2>
					<row3>	0.3129 0.4347 4.7291 1.0000	</row3>
				</transform>
			</node>
			<node>
				<identifier>	MP_VM004_Anchor_down	</identifier>
				<transform>
					<row0>	0.7142 -0.3604 -0.0081 0.0000	</row0>
					<row1>	0.0460 0.1091 -0.7912 0.0000	</row1>
					<row2>	0.3575 0.7059 0.1181 0.0000	</row2>
					<row3>	0.2376 0.4591 6.3232 1.0000	</row3>
				</transform>
			</node>
			<node>
				<identifier>	MP_VM004_Anchor_down_INDEX_1	</identifier>
				<transform>
					<row0>	0.7142 0.3604 0.0081 0.0000	</row0>
					<row1>	-0.0460 0.1091 -0.7912 0.0000	</row1>
					<row2>	-0.3575 0.7059 0.1181 0.0000	</row2>
					<row3>	-0.2376 0.4591 6.3232 1.0000	</row3>
				</transform>
			</node>
			<node>
				<identifier>	MP_VM005_Anchor_top	</identifier>
				<transform>
					<row0>	0.6897 -0.2999 -0.2728 0.0000	</row0>
					<row1>	-0.1985 0.2195 -0.7433 0.0000	</row1>
					<row2>	0.3534 0.7084 0.1148 0.0000	</row2>
					<row3>	0.2376 0.4591 6.3232 1.0000	</row3>
				</transform>
			</node>
			<node>
				<identifier>	MP_VM005_Anchor_top_INDEX_1	</identifier>
				<transform>
					<row0>	0.6897 0.2999 0.2728 0.0000	</row0>
					<row1>	0.1985 0.2195 -0.7433 0.0000	</row1>
					<row2>	-0.3534 0.7084 0.1148 0.0000	</row2>
					<row3>	-0.2376 0.4591 6.3232 1.0000	</row3>
				</transform>
			</node>
			<node>
				<identifier>	MP_VM040_Reels_4	</identifier>
				<transform>
					<row0>	-0.9997 0.0248 0.0002 0.0000	</row0>
					<row1>	0.0248 0.9994 -0.0229 0.0000	</row1>
					<row2>	-0.0007 -0.0229 -0.9997 0.0000	</row2>
					<row3>	0.1678 0.3914 4.1632 1.0000	</row3>
				</transform>
			</node>
			<node>
				<identifier>	MP_VM040_Reels_4_INDEX_1	</identifier>
				<transform>
					<row0>	-0.9997 -0.0248 -0.0002 0.0000	</row0>
					<row1>	-0.0248 0.9994 -0.0229 0.0000	</row1>
					<row2>	0.0007 -0.0229 -0.9997 0.0000	</row2>
					<row3>	-0.1678 0.3914 4.1632 1.0000	</row3>
				</transform>
			</node>
			<node>
				<identifier>	MP_VM052_Break_Handwheel	</identifier>
				<transform>
					<row0>	-1.0000 0.0000 0.0000 0.0000	</row0>
					<row1>	0.0000 1.0000 0.0000 0.0000	</row1>
					<row2>	0.0000 0.0000 -1.0000 0.0000	</row2>
					<row3>	0.1014 0.4293 5.1448 1.0000	</row3>
				</transform>
			</node>
			<node>
				<identifier>	MP_VM052_Break_Handwheel_INDEX_1	</identifier>
				<transform>
					<row0>	-1.0000 0.0000 0.0000 0.0000	</row0>
					<row1>	0.0000 1.0000 0.0000 0.0000	</row1>
					<row2>	0.0000 0.0000 -1.0000 0.0000	</row2>
					<row3>	-0.0473 0.4332 5.1853 1.0000	</row3>
				</transform>
			</node>
			<node>
				<identifier>	MP_VM052_Break_Handwheel_INDEX_2	</identifier>
				<transform>
					<row0>	-1.0000 0.0000 0.0000 0.0000	</row0>
					<row1>	0.0000 1.0000 0.0000 0.0000	</row1>
					<row2>	0.0000 0.0000 -1.0000 0.0000	</row2>
					<row3>	0.0473 0.4332 5.1853 1.0000	</row3>
				</transform>
			</node>
			<node>
				<identifier>	MP_VM052_Break_Handwheel_INDEX_3	</identifier>
				<transform>
					<row0>	-1.0000 0.0000 0.0000 0.0000	</row0>
					<row1>	0.0000 1.0000 0.0000 0.0000	</row1>
					<row2>	0.0000 0.0000 -1.0000 0.0000	</row2>
					<row3>	-0.1014 0.4293 5.1448 1.0000	</row3>
				</transform>
			</node>
			<node>
				<identifier>	MP_VM602_Multiple_Switch	</identifier>
				<transform>
					<row0>	0.3979 0.0000 -0.9174 0.0000	</row0>
					<row1>	0.0000 1.0000 0.0000 0.0000	</row1>
					<row2>	0.9174 0.0000 0.3979 0.0000	</row2>
					<row3>	0.2941 0.4199 3.6437 1.0000	</row3>
				</transform>
			</node>
			<node>
				<identifier>	MP_VM602_Multiple_Switch_INDEX_1	</identifier>
				<transform>
					<row0>	-0.0115 0.0000 -0.9999 0.0000	</row0>
					<row1>	0.0000 1.0000 0.0000 0.0000	</row1>
					<row2>	0.9999 0.0000 -0.0115 0.0000	</row2>
					<row3>	0.2680 0.4199 3.9294 1.0000	</row3>
				</transform>
			</node>
			<node>
				<identifier>	MP_VM602_Multiple_Switch_INDEX_2	</identifier>
				<transform>
					<row0>	-0.0115 0.0000 0.9999 0.0000	</row0>
					<row1>	0.0000 1.0000 0.0000 0.0000	</row1>
					<row2>	-0.9999 0.0000 -0.0115 0.0000	</row2>
					<row3>	-0.2680 0.4199 3.9294 1.0000	</row3>
				</transform>
			</node>
			<node>
				<identifier>	MP_VM602_Multiple_Switch_INDEX_3	</identifier>
				<transform>
					<row0>	0.0224 0.0000 0.9997 0.0000	</row0>
					<row1>	0.0000 1.0000 0.0000 0.0000	</row1>
					<row2>	-0.9997 0.0000 0.0224 0.0000	</row2>
					<row3>	-0.1844 0.4478 4.8188 1.0000	</row3>
				</transform>
			</node>
			<node>
				<identifier>	MP_VM602_Multiple_Switch_INDEX_4	</identifier>
				<transform>
					<row0>	0.3979 0.0000 0.9174 0.0000	</row0>
					<row1>	0.0000 1.0000 0.0000 0.0000	</row1>
					<row2>	-0.9174 0.0000 0.3979 0.0000	</row2>
					<row3>	-0.2941 0.4199 3.6437 1.0000	</row3>
				</transform>
			</node>
			<node>
				<identifier>	MP_VM602_Multiple_Switch_INDEX_5	</identifier>
				<transform>
					<row0>	0.0224 0.0000 -0.9997 0.0000	</row0>
					<row1>	0.0000 1.0000 0.0000 0.0000	</row1>
					<row2>	0.9997 0.0000 0.0224 0.0000	</row2>
					<row3>	0.1844 0.4478 4.8188 1.0000	</row3>
				</transform>
			</node>
			<node>
				<identifier>	MP_VM714_Ammobox	</identifier>
				<transform>
					<row0>	0.0517 0.0000 0.9987 0.0000	</row0>
					<row1>	0.0000 1.0000 0.0000 0.0000	</row1>
					<row2>	-0.9987 0.0000 0.0517 0.0000	</row2>
					<row3>	0.2401 0.3858 3.9061 1.0000	</row3>
				</transform>
			</node>
			<node>
				<identifier>	MP_VM714_Ammobox_INDEX_1	</identifier>
				<transform>
					<row0>	0.1419 -0.0454 -0.9888 0.0000	</row0>
					<row1>	-0.0180 0.9987 -0.0484 0.0000	</row1>
					<row2>	0.9897 0.0246 0.1409 0.0000	</row2>
					<row3>	-0.1624 0.4125 4.8515 1.0000	</row3>
				</transform>
			</node>
			<node>
				<identifier>	MP_VM714_Ammobox_INDEX_2	</identifier>
				<transform>
					<row0>	0.4994 0.0283 0.8659 0.0000	</row0>
					<row1>	-0.0379 0.9992 -0.0107 0.0000	</row1>
					<row2>	-0.8656 -0.0275 0.5000 0.0000	</row2>
					<row3>	-0.2835 0.3818 3.6123 1.0000	</row3>
				</transform>
			</node>
			<node>
				<identifier>	MP_VM714_Ammobox_INDEX_3	</identifier>
				<transform>
					<row0>	0.0517 0.0000 -0.9987 0.0000	</row0>
					<row1>	0.0000 1.0000 0.0000 0.0000	</row1>
					<row2>	0.9987 0.0000 0.0517 0.0000	</row2>
					<row3>	-0.2401 0.3858 3.9061 1.0000	</row3>
				</transform>
			</node>
			<node>
				<identifier>	MP_VM714_Ammobox_INDEX_4	</identifier>
				<transform>
					<row0>	-0.1419 -0.0454 -0.9888 0.0000	</row0>
					<row1>	0.0180 0.9987 -0.0484 0.0000	</row1>
					<row2>	0.9897 -0.0246 -0.1409 0.0000	</row2>
					<row3>	0.1624 0.4125 4.8515 1.0000	</row3>
				</transform>
			</node>
			<node>
				<identifier>	MP_VM714_Ammobox_INDEX_5	</identifier>
				<transform>
					<row0>	0.4994 -0.0283 -0.8659 0.0000	</row0>
					<row1>	0.0379 0.9992 -0.0107 0.0000	</row1>
					<row2>	0.8656 -0.0275 0.5000 0.0000	</row2>
					<row3>	0.2835 0.3818 3.6123 1.0000	</row3>
				</transform>
			</node>
			<node>
				<identifier>	MP_VM750_Hatch	</identifier>
				<transform>
					<row0>	0.0000 -0.0916 -0.9958 0.0000	</row0>
					<row1>	0.0000 0.9958 -0.0916 0.0000	</row1>
					<row2>	1.0000 0.0000 0.0000 0.0000	</row2>
					<row3>	0.0000 0.5377 6.5678 1.0000	</row3>
				</transform>
			</node>
			<node>
				<identifier>	MP_VM761_Hatch	</identifier>
				<transform>
					<row0>	1.0000 0.0000 0.0000 0.0000	</row0>
					<row1>	0.0000 1.0000 0.0000 0.0000	</row1>
					<row2>	0.0000 0.0000 1.0000 0.0000	</row2>
					<row3>	0.0000 0.4563 5.8400 1.0000	</row3>
				</transform>
			</node>
			<node>
				<identifier>	MP_VM761_Hatch_INDEX_1	</identifier>
				<transform>
					<row0>	1.0000 0.0000 0.0000 0.0000	</row0>
					<row1>	0.0000 1.0000 0.0000 0.0000	</row1>
					<row2>	0.0000 0.0000 1.0000 0.0000	</row2>
					<row3>	-0.0584 0.3684 3.8683 1.0000	</row3>
				</transform>
			</node>
			<node>
				<identifier>	MP_VM805_Ventilators_3	</identifier>
				<transform>
					<row0>	1.0000 0.0000 0.0000 0.0000	</row0>
					<row1>	0.0000 1.0000 0.0000 0.0000	</row1>
					<row2>	0.0000 0.0000 1.0000 0.0000	</row2>
					<row3>	-0.1385 0.4055 4.7128 1.0000	</row3>
				</transform>
			</node>
			<node>
				<identifier>	MP_VM805_Ventilators_3_INDEX_1	</identifier>
				<transform>
					<row0>	1.0000 0.0000 0.0000 0.0000	</row0>
					<row1>	0.0000 1.0000 0.0000 0.0000	</row1>
					<row2>	0.0000 0.0000 1.0000 0.0000	</row2>
					<row3>	0.1385 0.3968 4.4951 1.0000	</row3>
				</transform>
			</node>
			<node>
				<identifier>	MP_VM809_Ventilators_4	</identifier>
				<transform>
					<row0>	0.0000 0.0000 -1.0000 0.0000	</row0>
					<row1>	0.0000 1.0000 0.0000 0.0000	</row1>
					<row2>	1.0000 0.0000 0.0000 0.0000	</row2>
					<row3>	-0.1062 0.3839 3.5445 1.0000	</row3>
				</transform>
			</node>
			<node>
				<identifier>	MP_VM809_Ventilators_4_INDEX_1	</identifier>
				<transform>
					<row0>	0.0000 0.0000 -1.0000 0.0000	</row0>
					<row1>	0.0000 1.0000 0.0000 0.0000	</row1>
					<row2>	1.0000 0.0000 0.0000 0.0000	</row2>
					<row3>	0.1207 0.3832 3.4649 1.0000	</row3>
				</transform>
			</node>
			<node>
				<identifier>	MP_VM858_Signal_Lamp	</identifier>
				<transform>
					<row0>	1.0000 0.0000 0.0000 0.0000	</row0>
					<row1>	0.0000 1.0000 0.0000 0.0000	</row1>
					<row2>	0.0000 0.0000 1.0000 0.0000	</row2>
					<row3>	0.0000 0.9891 6.7905 1.0000	</row3>
				</transform>
			</node>
			<node>
				<identifier>	MP_VM953_Anchor_Capstan	</identifier>
				<transform>
					<row0>	-0.8550 0.0000 0.0000 0.0000	</row0>
					<row1>	0.0000 0.8525 -0.0649 0.0000	</row1>
					<row2>	0.0000 -0.0649 -0.8525 0.0000	</row2>
					<row3>	0.0795 0.4482 5.3115 1.0000	</row3>
				</transform>
			</node>
			<node>
				<identifier>	MP_VM953_Anchor_Capstan_INDEX_1	</identifier>
				<transform>
					<row0>	-0.8550 0.0000 0.0000 0.0000	</row0>
					<row1>	0.0000 0.8525 -0.0649 0.0000	</row1>
					<row2>	0.0000 -0.0649 -0.8525 0.0000	</row2>
					<row3>	-0.0795 0.4482 5.3115 1.0000	</row3>
				</transform>
			</node>
			<node>
				<identifier>	MP_VM962_Bollard	</identifier>
				<transform>
					<row0>	-0.6461 0.0305 -0.0637 0.0000	</row0>
					<row1>	0.0326 0.6489 -0.0201 0.0000	</row1>
					<row2>	0.0627 -0.0232 -0.6466 0.0000	</row2>
					<row3>	0.3749 0.3859 4.4115 1.0000	</row3>
				</transform>
			</node>
			<node>
				<identifier>	MP_VM962_Bollard_INDEX_1	</identifier>
				<transform>
					<row0>	-0.6435 0.0377 -0.0839 0.0000	</row0>
					<row1>	0.0438 0.6470 -0.0448 0.0000	</row1>
					<row2>	0.0809 -0.0500 -0.6430 0.0000	</row2>
					<row3>	0.2608 0.4562 5.7143 1.0000	</row3>
				</transform>
			</node>
			<node>
				<identifier>	MP_VM962_Bollard_INDEX_2	</identifier>
				<transform>
					<row0>	-0.6435 -0.0377 0.0839 0.0000	</row0>
					<row1>	-0.0438 0.6470 -0.0448 0.0000	</row1>
					<row2>	-0.0809 -0.0500 -0.6430 0.0000	</row2>
					<row3>	-0.2608 0.4562 5.7143 1.0000	</row3>
				</transform>
			</node>
			<node>
				<identifier>	MP_VM962_Bollard_INDEX_3	</identifier>
				<transform>
					<row0>	-0.6470 -0.0305 0.0540 0.0000	</row0>
					<row1>	-0.0323 0.6489 -0.0206 0.0000	</row1>
					<row2>	-0.0529 -0.0232 -0.6474 0.0000	</row2>
					<row3>	-0.3750 0.3859 4.4110 1.0000	</row3>
				</transform>
			</node>
			<node>
				<identifier>	MP_VM962_Bollard_INDEX_4	</identifier>
				<transform>
					<row0>	0.6500 0.0000 0.0000 0.0000	</row0>
					<row1>	0.0000 0.6477 -0.0552 0.0000	</row1>
					<row2>	0.0000 0.0552 0.6477 0.0000	</row2>
					<row3>	0.0000 0.5196 6.3656 1.0000	</row3>
				</transform>
			</node>
			<node>
				<identifier>	MP_VM982_Fairlead	</identifier>
				<transform>
					<row0>	1.1946 -0.0087 -0.1137 0.0000	</row0>
					<row1>	-0.0005 1.1961 -0.0968 0.0000	</row1>
					<row2>	0.1140 0.0964 1.1907 0.0000	</row2>
					<row3>	-0.3294 0.4230 5.3839 1.0000	</row3>
				</transform>
			</node>
			<node>
				<identifier>	MP_VM982_Fairlead_INDEX_1	</identifier>
				<transform>
					<row0>	1.1917 -0.0108 -0.1407 0.0000	</row0>
					<row1>	0.0007 1.1969 -0.0856 0.0000	</row1>
					<row2>	0.1412 0.0849 1.1886 0.0000	</row2>
					<row3>	-0.2646 0.4696 5.9543 1.0000	</row3>
				</transform>
			</node>
			<node>
				<identifier>	MP_VM982_Fairlead_INDEX_2	</identifier>
				<transform>
					<row0>	1.1917 0.0108 0.1407 0.0000	</row0>
					<row1>	-0.0007 1.1969 -0.0856 0.0000	</row1>
					<row2>	-0.1412 0.0849 1.1886 0.0000	</row2>
					<row3>	0.2646 0.4696 5.9543 1.0000	</row3>
				</transform>
			</node>
			<node>
				<identifier>	MP_VM982_Fairlead_INDEX_3	</identifier>
				<transform>
					<row0>	1.1947 0.0013 0.1130 0.0000	</row0>
					<row1>	0.0030 1.1991 -0.0456 0.0000	</row1>
					<row2>	-0.1129 0.0456 1.1938 0.0000	</row2>
					<row3>	0.4414 0.3659 4.2675 1.0000	</row3>
				</transform>
			</node>
			<node>
				<identifier>	MP_VM982_Fairlead_INDEX_4	</identifier>
				<transform>
					<row0>	1.1963 0.0000 -0.0945 0.0000	</row0>
					<row1>	0.0000 1.2000 0.0000 0.0000	</row1>
					<row2>	0.0945 0.0000 1.1963 0.0000	</row2>
					<row3>	-0.5163 0.3590 3.3727 1.0000	</row3>
				</transform>
			</node>
			<node>
				<identifier>	MP_VM982_Fairlead_INDEX_5	</identifier>
				<transform>
					<row0>	1.1963 0.0000 0.0945 0.0000	</row0>
					<row1>	0.0000 1.2000 0.0000 0.0000	</row1>
					<row2>	-0.0945 0.0000 1.1963 0.0000	</row2>
					<row3>	0.5163 0.3590 3.3727 1.0000	</row3>
				</transform>
			</node>
			<node>
				<identifier>	MP_VM982_Fairlead_INDEX_6	</identifier>
				<transform>
					<row0>	1.1947 0.0013 0.1130 0.0000	</row0>
					<row1>	0.0030 1.1991 -0.0456 0.0000	</row1>
					<row2>	-0.1129 0.0456 1.1938 0.0000	</row2>
					<row3>	0.4121 0.3763 4.5726 1.0000	</row3>
				</transform>
			</node>
			<node>
				<identifier>	MP_VM982_Fairlead_INDEX_7	</identifier>
				<transform>
					<row0>	1.1947 -0.0013 -0.1130 0.0000	</row0>
					<row1>	-0.0030 1.1991 -0.0456 0.0000	</row1>
					<row2>	0.1129 0.0456 1.1938 0.0000	</row2>
					<row3>	-0.4121 0.3763 4.5726 1.0000	</row3>
				</transform>
			</node>
			<node>
				<identifier>	MP_VM982_Fairlead_INDEX_8	</identifier>
				<transform>
					<row0>	1.1946 0.0087 0.1137 0.0000	</row0>
					<row1>	0.0005 1.1961 -0.0968 0.0000	</row1>
					<row2>	-0.1140 0.0964 1.1907 0.0000	</row2>
					<row3>	0.3294 0.4230 5.3839 1.0000	</row3>
				</transform>
			</node>
			<node>
				<identifier>	MP_VM982_Fairlead_INDEX_9	</identifier>
				<transform>
					<row0>	1.1947 -0.0013 -0.1130 0.0000	</row0>
					<row1>	-0.0030 1.1991 -0.0456 0.0000	</row1>
					<row2>	0.1129 0.0456 1.1938 0.0000	</row2>
					<row3>	-0.4414 0.3659 4.2675 1.0000	</row3>
				</transform>
			</node>
			<node>
				<identifier>	SP_YMS001_YHBM_M_1	</identifier>
				<transform>
					<row0>	1.0000 0.0000 0.0000 0.0000	</row0>
					<row1>	0.0000 1.0000 0.0000 0.0000	</row1>
					<row2>	0.0000 0.0000 1.0000 0.0000	</row2>
					<row3>	0.0000 0.5704 6.7907 1.0000	</row3>
				</transform>
			</node>
			<node>
				<identifier>	SP_YMS002_YHBL_M_1	</identifier>
				<transform>
					<row0>	0.9128 -0.0113 -0.0752 0.0000	</row0>
					<row1>	0.0020 0.9092 -0.1117 0.0000	</row1>
					<row2>	0.0760 0.1111 0.9061 0.0000	</row2>
					<row3>	0.0000 0.5549 6.7878 1.0000	</row3>
				</transform>
			</node>
			<node>
				<identifier>	SP_YMS003_YHBR_M_1	</identifier>
				<transform>
					<row0>	0.9128 0.0113 0.0752 0.0000	</row0>
					<row1>	-0.0020 0.9092 -0.1117 0.0000	</row1>
					<row2>	-0.0760 0.1111 0.9061 0.0000	</row2>
					<row3>	0.0000 0.5549 6.7878 1.0000	</row3>
				</transform>
			</node>
			<node>
				<identifier>	SP_YMS010_YHWM_L_1	</identifier>
				<transform>
					<row0>	0.8336 0.0000 0.0000 0.0000	</row0>
					<row1>	0.0000 0.8336 0.0000 0.0000	</row1>
					<row2>	0.0000 0.0000 0.8336 0.0000	</row2>
					<row3>	0.0000 0.0000 6.7369 1.0000	</row3>
				</transform>
			</node>
			<node>
				<identifier>	SP_YMS011_YHWL_M_1_INDEX_10	</identifier>
				<transform>
					<row0>	0.8746 0.0254 -0.1298 0.0000	</row0>
					<row1>	-0.0268 0.8841 -0.0071 0.0000	</row1>
					<row2>	0.1295 0.0109 0.8749 0.0000	</row2>
					<row3>	-0.2180 0.0000 5.2287 1.0000	</row3>
				</transform>
			</node>
			<node>
				<identifier>	SP_YMS011_YHWL_M_1_INDEX_12	</identifier>
				<transform>
					<row0>	0.8756 0.0255 -0.1229 0.0000	</row0>
					<row1>	-0.0268 0.8841 -0.0071 0.0000	</row1>
					<row2>	0.1226 0.0107 0.8759 0.0000	</row2>
					<row3>	-0.3238 0.0000 4.4822 1.0000	</row3>
				</transform>
			</node>
			<node>
				<identifier>	SP_YMS011_YHWL_M_1_INDEX_13	</identifier>
				<transform>
					<row0>	0.8768 -0.0095 -0.1164 0.0000	</row0>
					<row1>	0.0096 0.8845 0.0000 0.0000	</row1>
					<row2>	0.1164 -0.0013 0.8769 0.0000	</row2>
					<row3>	-0.4307 0.0000 3.7346 1.0000	</row3>
				</transform>
			</node>
			<node>
				<identifier>	SP_YMS012_YHWR_M_1_INDEX_12	</identifier>
				<transform>
					<row0>	0.8760 -0.0255 0.1229 0.0000	</row0>
					<row1>	0.0268 0.8846 -0.0071 0.0000	</row1>
					<row2>	-0.1227 0.0107 0.8764 0.0000	</row2>
					<row3>	0.3238 -0.0262 4.4822 1.0000	</row3>
				</transform>
			</node>
			<node>
				<identifier>	SP_YMS012_YHWR_M_1_INDEX_7	</identifier>
				<transform>
					<row0>	0.8773 0.0095 0.1164 0.0000	</row0>
					<row1>	-0.0096 0.8849 0.0000 0.0000	</row1>
					<row2>	-0.1164 -0.0013 0.8773 0.0000	</row2>
					<row3>	0.4307 0.0000 3.7346 1.0000	</row3>
				</transform>
			</node>
			<node>
				<identifier>	SP_YMS012_YHWR_M_1_INDEX_8	</identifier>
				<transform>
					<row0>	0.8750 -0.0255 0.1299 0.0000	</row0>
					<row1>	0.0268 0.8846 -0.0071 0.0000	</row1>
					<row2>	-0.1296 0.0109 0.8754 0.0000	</row2>
					<row3>	0.2180 0.0000 5.2287 1.0000	</row3>
				</transform>
			</node>
			<node>
				<identifier>	SP_YMS020_YHBU_M_1	</identifier>
				<transform>
					<row0>	1.0000 0.0000 0.0000 0.0000	</row0>
					<row1>	0.0000 1.0000 0.0000 0.0000	</row1>
					<row2>	0.0000 0.0000 1.0000 0.0000	</row2>
					<row3>	0.0000 -0.1305 6.5829 1.0000	</row3>
				</transform>
			</node>
			<node>
				<identifier>	SP_YMS053_YHDC_S_1	</identifier>
				<transform>
					<row0>	-1.0000 0.0000 0.0000 0.0000	</row0>
					<row1>	0.0000 0.9992 -0.0401 0.0000	</row1>
					<row2>	0.0000 -0.0401 -0.9992 0.0000	</row2>
					<row3>	0.0000 0.4314 4.9860 1.0000	</row3>
				</transform>
			</node>
			<node>
				<identifier>	SP_YMS053_YHDC_S_1_INDEX_3	</identifier>
				<transform>
					<row0>	-1.0000 0.0000 0.0000 0.0000	</row0>
					<row1>	0.0000 1.0000 -0.0058 0.0000	</row1>
					<row2>	0.0000 -0.0058 -1.0000 0.0000	</row2>
					<row3>	0.0000 0.4010 3.6586 1.0000	</row3>
				</transform>
			</node>
			<node>
				<identifier>	SP_YMS071_YHHC_S_1_INDEX_1	</identifier>
				<transform>
					<row0>	-0.1185 -0.9929 -0.0140 0.0000	</row0>
					<row1>	0.9867 -0.1193 0.1103 0.0000	</row1>
					<row2>	-0.1112 -0.0008 0.9938 0.0000	</row2>
					<row3>	0.2391 -0.2525 4.9518 1.0000	</row3>
				</transform>
			</node>
			<node>
				<identifier>	SP_YMS071_YHHC_S_1_INDEX_11	</identifier>
				<transform>
					<row0>	-0.0438 0.9990 0.0051 0.0000	</row0>
					<row1>	-0.9905 -0.0441 0.1301 0.0000	</row1>
					<row2>	0.1302 0.0007 0.9915 0.0000	</row2>
					<row3>	-0.1913 -0.2527 5.3638 1.0000	</row3>
				</transform>
			</node>
			<node>
				<identifier>	SP_YMS071_YHHC_S_1_INDEX_3	</identifier>
				<transform>
					<row0>	-0.1185 0.9929 0.0140 0.0000	</row0>
					<row1>	-0.9867 -0.1193 0.1103 0.0000	</row1>
					<row2>	0.1112 -0.0008 0.9938 0.0000	</row2>
					<row3>	-0.2391 -0.2525 4.9518 1.0000	</row3>
				</transform>
			</node>
			<node>
				<identifier>	SP_YMS071_YHHC_S_1_INDEX_4	</identifier>
				<transform>
					<row0>	-0.2760 0.9606 0.0316 0.0000	</row0>
					<row1>	-0.9547 -0.2778 0.1072 0.0000	</row1>
					<row2>	0.1117 -0.0006 0.9937 0.0000	</row2>
					<row3>	-0.2904 -0.2536 4.5563 1.0000	</row3>
				</transform>
			</node>
			<node>
				<identifier>	SP_YMS071_YHHC_S_1_INDEX_7	</identifier>
				<transform>
					<row0>	-0.0438 -0.9990 -0.0051 0.0000	</row0>
					<row1>	0.9905 -0.0441 0.1301 0.0000	</row1>
					<row2>	-0.1302 0.0007 0.9915 0.0000	</row2>
					<row3>	0.1913 -0.2527 5.3638 1.0000	</row3>
				</transform>
			</node>
			<node>
				<identifier>	SP_YMS071_YHHC_S_1_INDEX_8	</identifier>
				<transform>
					<row0>	-0.2760 -0.9606 -0.0316 0.0000	</row0>
					<row1>	0.9547 -0.2778 0.1072 0.0000	</row1>
					<row2>	-0.1117 -0.0006 0.9937 0.0000	</row2>
					<row3>	0.2904 -0.2536 4.5563 1.0000	</row3>
				</transform>
			</node>
			<node>
				<identifier>	SP_YMS080_YHSL_M_1_INDEX_1	</identifier>
				<transform>
					<row0>	0.8343 0.3144 -0.1232 0.0000	</row0>
					<row1>	-0.3253 0.8363 -0.0691 0.0000	</row1>
					<row2>	0.0904 0.1086 0.8888 0.0000	</row2>
					<row3>	-0.4432 0.1773 3.7342 1.0000	</row3>
				</transform>
			</node>
			<node>
				<identifier>	SP_YMS080_YHSL_M_1_INDEX_6	</identifier>
				<transform>
					<row0>	0.8257 0.3419 -0.1069 0.0000	</row0>
					<row1>	-0.3521 0.8239 -0.0850 0.0000	</row1>
					<row2>	0.0656 0.1198 0.8896 0.0000	</row2>
					<row3>	-0.3482 0.2108 4.4991 1.0000	</row3>
				</transform>
			</node>
			<node>
				<identifier>	SP_YMS081_YHSR_M_1	</identifier>
				<transform>
					<row0>	0.8343 -0.3144 0.1232 0.0000	</row0>
					<row1>	0.3114 0.8433 0.0433 0.0000	</row1>
					<row2>	-0.1306 0.0025 0.8905 0.0000	</row2>
					<row3>	0.4432 0.1773 3.7342 1.0000	</row3>
				</transform>
			</node>
			<node>
				<identifier>	SP_YMS081_YHSR_M_1_INDEX_4	</identifier>
				<transform>
					<row0>	0.8257 -0.3419 0.1069 0.0000	</row0>
					<row1>	0.3386 0.8325 0.0474 0.0000	</row1>
					<row2>	-0.1169 -0.0032 0.8924 0.0000	</row2>
					<row3>	0.3482 0.2108 4.4991 1.0000	</row3>
				</transform>
			</node>
			<node>
				<identifier>	SP_YMS085_YHSC_S_1	</identifier>
				<transform>
					<row0>	-0.0549 -0.0348 -0.4786 0.0000	</row0>
					<row1>	-0.1752 0.4499 -0.0126 0.0000	</row1>
					<row2>	0.4467 0.1722 -0.0638 0.0000	</row2>
					<row3>	-0.3412 0.4111 5.3358 1.0000	</row3>
				</transform>
			</node>
			<node>
				<identifier>	SP_YMS085_YHSC_S_1_INDEX_2	</identifier>
				<transform>
					<row0>	-0.0549 0.0348 0.4786 0.0000	</row0>
					<row1>	0.1752 0.4499 -0.0126 0.0000	</row1>
					<row2>	-0.4467 0.1722 -0.0638 0.0000	</row2>
					<row3>	0.3412 0.4111 5.3358 1.0000	</row3>
				</transform>
			</node>
		</node>
	</node>
	<boundingBox>
		<min>	-0.0667 -0.0667 -0.0667	</min>
		<max>	0.0667 0.0667 0.0667	</max>
	</boundingBox>
</VSC011_Santander_1948_Bow_ports.visual>
