<BSC035_Gibraltar_1947_Bow_ports.visual>
	<node>
		<identifier>	Scene Root	</identifier>
		<transform>
			<row0>	1.0000 0.0000 0.0000 0.0000	</row0>
			<row1>	0.0000 1.0000 0.0000 0.0000	</row1>
			<row2>	0.0000 0.0000 1.0000 0.0000	</row2>
			<row3>	0.0000 0.0000 0.0000 1.0000	</row3>
		</transform>
		<node>
			<identifier>	Bow_ports	</identifier>
			<transform>
				<row0>	1.0000 0.0000 0.0000 0.0000	</row0>
				<row1>	0.0000 1.0000 0.0000 0.0000	</row1>
				<row2>	0.0000 0.0000 1.0000 0.0000	</row2>
				<row3>	0.0000 0.0000 0.0000 1.0000	</row3>
			</transform>
			<node>
				<identifier>	HP_BGA_1	</identifier>
				<transform>
					<row0>	1.0000 0.0000 0.0000 0.0000	</row0>
					<row1>	0.0000 1.0000 0.0000 0.0000	</row1>
					<row2>	0.0000 0.0000 1.0000 0.0000	</row2>
					<row3>	-0.4890 0.5181 4.9180 1.0000	</row3>
				</transform>
			</node>
			<node>
				<identifier>	HP_BGA_2	</identifier>
				<transform>
					<row0>	1.0000 0.0000 0.0000 0.0000	</row0>
					<row1>	0.0000 1.0000 0.0000 0.0000	</row1>
					<row2>	0.0000 0.0000 1.0000 0.0000	</row2>
					<row3>	0.4890 0.5181 4.9180 1.0000	</row3>
				</transform>
			</node>
			<node>
				<identifier>	HP_FX_Death_1	</identifier>
				<transform>
					<row0>	1.0000 0.0000 0.0000 0.0000	</row0>
					<row1>	0.0000 1.0000 0.0000 0.0000	</row1>
					<row2>	0.0000 0.0000 1.0000 0.0000	</row2>
					<row3>	0.0000 0.0000 4.3696 1.0000	</row3>
				</transform>
			</node>
			<node>
				<identifier>	HP_FX_Fire_1	</identifier>
				<transform>
					<row0>	1.0000 0.0000 0.0000 0.0000	</row0>
					<row1>	0.0000 1.0000 0.0000 0.0000	</row1>
					<row2>	0.0000 0.0000 1.0000 0.0000	</row2>
					<row3>	0.0000 0.5627 6.0352 1.0000	</row3>
				</transform>
			</node>
			<node>
				<identifier>	HP_FX_Flood_water_left_2	</identifier>
				<transform>
					<row0>	-0.9879 -0.1120 0.1070 0.0000	</row0>
					<row1>	-0.1126 0.9936 0.0000 0.0000	</row1>
					<row2>	-0.1063 -0.0120 -0.9943 0.0000	</row2>
					<row3>	-0.6250 0.1580 4.4620 1.0000	</row3>
				</transform>
			</node>
			<node>
				<identifier>	HP_FX_Flood_water_left_3	</identifier>
				<transform>
					<row0>	-0.9311 -0.2908 0.2201 0.0000	</row0>
					<row1>	-0.2981 0.9545 0.0000 0.0000	</row1>
					<row2>	-0.2101 -0.0656 -0.9755 0.0000	</row2>
					<row3>	-0.3410 0.1790 5.9900 1.0000	</row3>
				</transform>
			</node>
			<node>
				<identifier>	HP_FX_Flood_water_right_2	</identifier>
				<transform>
					<row0>	0.9735 -0.1594 0.1640 0.0000	</row0>
					<row1>	0.1616 0.9869 0.0000 0.0000	</row1>
					<row2>	-0.1618 0.0265 0.9865 0.0000	</row2>
					<row3>	0.6229 0.1525 4.4620 1.0000	</row3>
				</transform>
			</node>
			<node>
				<identifier>	HP_FX_Flood_water_right_3	</identifier>
				<transform>
					<row0>	0.9650 -0.1054 0.2402 0.0000	</row0>
					<row1>	0.1086 0.9941 0.0000 0.0000	</row1>
					<row2>	-0.2387 0.0261 0.9707 0.0000	</row2>
					<row3>	0.3409 0.1779 5.9897 1.0000	</row3>
				</transform>
			</node>
			<node>
				<identifier>	HP_FX_WakeTrace	</identifier>
				<transform>
					<row0>	1.0000 0.0000 0.0000 0.0000	</row0>
					<row1>	0.0000 1.0000 0.0000 0.0000	</row1>
					<row2>	0.0000 0.0000 1.0000 0.0000	</row2>
					<row3>	0.0000 0.0000 7.3016 1.0000	</row3>
				</transform>
			</node>
			<node>
				<identifier>	HP_Ship_death_1	</identifier>
				<transform>
					<row0>	1.0000 0.0000 0.0000 0.0000	</row0>
					<row1>	0.0000 1.0000 0.0000 0.0000	</row1>
					<row2>	0.0000 0.0000 1.0000 0.0000	</row2>
					<row3>	0.0000 0.0000 4.2021 1.0000	</row3>
				</transform>
			</node>
			<node>
				<identifier>	MP_BM026_Reels	</identifier>
				<transform>
					<row0>	-0.5830 -0.0134 -0.8124 0.0000	</row0>
					<row1>	0.0136 0.9996 -0.0262 0.0000	</row1>
					<row2>	0.8124 -0.0263 -0.5826 0.0000	</row2>
					<row3>	0.2568 0.5373 5.3399 1.0000	</row3>
				</transform>
			</node>
			<node>
				<identifier>	MP_BM026_Reels_INDEX_1	</identifier>
				<transform>
					<row0>	-0.5830 0.0134 0.8124 0.0000	</row0>
					<row1>	-0.0136 0.9996 -0.0262 0.0000	</row1>
					<row2>	-0.8124 -0.0263 -0.5826 0.0000	</row2>
					<row3>	-0.2568 0.5373 5.3399 1.0000	</row3>
				</transform>
			</node>
			<node>
				<identifier>	MP_BM509_Liferaft_type_20_10ft	</identifier>
				<transform>
					<row0>	0.9998 0.0199 -0.0002 0.0000	</row0>
					<row1>	-0.0199 0.9997 -0.0164 0.0000	</row1>
					<row2>	-0.0002 0.0164 0.9999 0.0000	</row2>
					<row3>	-0.0610 0.5197 4.5503 1.0000	</row3>
				</transform>
			</node>
			<node>
				<identifier>	MP_BM509_Liferaft_type_20_10ft_INDEX_1	</identifier>
				<transform>
					<row0>	0.9998 -0.0199 0.0002 0.0000	</row0>
					<row1>	0.0199 0.9997 -0.0164 0.0000	</row1>
					<row2>	0.0002 0.0164 0.9999 0.0000	</row2>
					<row3>	0.0610 0.5197 4.5503 1.0000	</row3>
				</transform>
			</node>
			<node>
				<identifier>	MP_BM704_Locker	</identifier>
				<transform>
					<row0>	-0.4997 0.0171 0.8660 0.0000	</row0>
					<row1>	0.0117 0.9998 -0.0130 0.0000	</row1>
					<row2>	-0.8661 0.0036 -0.4998 0.0000	</row2>
					<row3>	0.3355 0.5207 4.8308 1.0000	</row3>
				</transform>
			</node>
			<node>
				<identifier>	MP_BM704_Locker_INDEX_1	</identifier>
				<transform>
					<row0>	-0.4997 -0.0171 -0.8660 0.0000	</row0>
					<row1>	-0.0117 0.9998 -0.0130 0.0000	</row1>
					<row2>	0.8661 0.0036 -0.4998 0.0000	</row2>
					<row3>	-0.3355 0.5207 4.8308 1.0000	</row3>
				</transform>
			</node>
			<node>
				<identifier>	MP_BM704_Locker_INDEX_2	</identifier>
				<transform>
					<row0>	-0.4998 -0.0123 -0.8660 0.0000	</row0>
					<row1>	0.0296 0.9991 -0.0313 0.0000	</row1>
					<row2>	0.8656 -0.0413 -0.4990 0.0000	</row2>
					<row3>	0.6306 0.5119 4.8308 1.0000	</row3>
				</transform>
			</node>
			<node>
				<identifier>	MP_BM704_Locker_INDEX_3	</identifier>
				<transform>
					<row0>	-0.4998 0.0123 0.8660 0.0000	</row0>
					<row1>	-0.0296 0.9991 -0.0313 0.0000	</row1>
					<row2>	-0.8656 -0.0413 -0.4990 0.0000	</row2>
					<row3>	-0.6306 0.5119 4.8308 1.0000	</row3>
				</transform>
			</node>
			<node>
				<identifier>	MP_BM706_Ammunition_Box	</identifier>
				<transform>
					<row0>	0.0000 -0.0341 -0.9994 0.0000	</row0>
					<row1>	0.0000 0.9994 -0.0341 0.0000	</row1>
					<row2>	1.0000 0.0000 0.0000 0.0000	</row2>
					<row3>	-0.0570 0.5296 5.0209 1.0000	</row3>
				</transform>
			</node>
			<node>
				<identifier>	MP_BM706_Ammunition_Box_INDEX_1	</identifier>
				<transform>
					<row0>	0.8269 -0.0380 -0.5611 0.0000	</row0>
					<row1>	0.0315 0.9993 -0.0214 0.0000	</row1>
					<row2>	0.5615 0.0000 0.8275 0.0000	</row2>
					<row3>	0.4267 0.5293 5.2079 1.0000	</row3>
				</transform>
			</node>
			<node>
				<identifier>	MP_BM706_Ammunition_Box_INDEX_2	</identifier>
				<transform>
					<row0>	0.0000 0.0341 0.9994 0.0000	</row0>
					<row1>	0.0000 0.9994 -0.0341 0.0000	</row1>
					<row2>	-1.0000 0.0000 0.0000 0.0000	</row2>
					<row3>	0.0570 0.5296 5.0209 1.0000	</row3>
				</transform>
			</node>
			<node>
				<identifier>	MP_BM706_Ammunition_Box_INDEX_3	</identifier>
				<transform>
					<row0>	0.0000 0.0235 0.9997 0.0000	</row0>
					<row1>	0.0000 0.9997 -0.0235 0.0000	</row1>
					<row2>	-1.0000 0.0000 0.0000 0.0000	</row2>
					<row3>	0.0570 0.5241 4.8526 1.0000	</row3>
				</transform>
			</node>
			<node>
				<identifier>	MP_BM706_Ammunition_Box_INDEX_4	</identifier>
				<transform>
					<row0>	0.8269 0.0380 0.5611 0.0000	</row0>
					<row1>	-0.0315 0.9993 -0.0214 0.0000	</row1>
					<row2>	-0.5615 0.0000 0.8275 0.0000	</row2>
					<row3>	-0.4267 0.5293 5.2079 1.0000	</row3>
				</transform>
			</node>
			<node>
				<identifier>	MP_BM706_Ammunition_Box_INDEX_5	</identifier>
				<transform>
					<row0>	0.0000 -0.0235 -0.9997 0.0000	</row0>
					<row1>	0.0000 0.9997 -0.0235 0.0000	</row1>
					<row2>	1.0000 0.0000 0.0000 0.0000	</row2>
					<row3>	-0.0570 0.5241 4.8526 1.0000	</row3>
				</transform>
			</node>
			<node>
				<identifier>	MP_BM754_Deck_Hatch	</identifier>
				<transform>
					<row0>	1.0000 0.0000 0.0000 0.0000	</row0>
					<row1>	0.0000 0.9998 -0.0201 0.0000	</row1>
					<row2>	0.0000 0.0201 0.9998 0.0000	</row2>
					<row3>	0.2562 0.5196 4.5119 1.0000	</row3>
				</transform>
			</node>
			<node>
				<identifier>	MP_BM754_Deck_Hatch_INDEX_1	</identifier>
				<transform>
					<row0>	1.0000 0.0000 0.0000 0.0000	</row0>
					<row1>	0.0000 0.9995 -0.0320 0.0000	</row1>
					<row2>	0.0000 0.0320 0.9995 0.0000	</row2>
					<row3>	0.0000 0.5408 5.2418 1.0000	</row3>
				</transform>
			</node>
			<node>
				<identifier>	MP_BM754_Deck_Hatch_INDEX_2	</identifier>
				<transform>
					<row0>	1.0000 0.0000 0.0000 0.0000	</row0>
					<row1>	0.0000 0.9998 -0.0201 0.0000	</row1>
					<row2>	0.0000 0.0201 0.9998 0.0000	</row2>
					<row3>	-0.2562 0.5196 4.5119 1.0000	</row3>
				</transform>
			</node>
			<node>
				<identifier>	MP_BM800_Ventilators_mushroom	</identifier>
				<transform>
					<row0>	-1.0000 0.0000 0.0000 0.0000	</row0>
					<row1>	0.0000 1.0000 0.0000 0.0000	</row1>
					<row2>	0.0000 0.0000 -1.0000 0.0000	</row2>
					<row3>	-0.3352 0.5778 6.4210 1.0000	</row3>
				</transform>
			</node>
			<node>
				<identifier>	MP_BM800_Ventilators_mushroom_INDEX_1	</identifier>
				<transform>
					<row0>	1.0000 0.0000 0.0000 0.0000	</row0>
					<row1>	0.0000 1.0000 0.0000 0.0000	</row1>
					<row2>	0.0000 0.0000 1.0000 0.0000	</row2>
					<row3>	-0.1026 0.5374 5.4383 1.0000	</row3>
				</transform>
			</node>
			<node>
				<identifier>	MP_BM800_Ventilators_mushroom_INDEX_2	</identifier>
				<transform>
					<row0>	1.0000 0.0000 0.0000 0.0000	</row0>
					<row1>	0.0000 1.0000 0.0000 0.0000	</row1>
					<row2>	0.0000 0.0000 1.0000 0.0000	</row2>
					<row3>	0.1406 0.5374 5.4501 1.0000	</row3>
				</transform>
			</node>
			<node>
				<identifier>	MP_BM800_Ventilators_mushroom_INDEX_3	</identifier>
				<transform>
					<row0>	1.0000 0.0000 0.0000 0.0000	</row0>
					<row1>	0.0000 1.0000 0.0000 0.0000	</row1>
					<row2>	0.0000 0.0000 1.0000 0.0000	</row2>
					<row3>	-0.1406 0.5374 5.4501 1.0000	</row3>
				</transform>
			</node>
			<node>
				<identifier>	MP_BM800_Ventilators_mushroom_INDEX_4	</identifier>
				<transform>
					<row0>	1.0000 0.0000 0.0000 0.0000	</row0>
					<row1>	0.0000 1.0000 0.0000 0.0000	</row1>
					<row2>	0.0000 0.0000 1.0000 0.0000	</row2>
					<row3>	0.1026 0.5374 5.4383 1.0000	</row3>
				</transform>
			</node>
			<node>
				<identifier>	MP_BM800_Ventilators_mushroom_INDEX_5	</identifier>
				<transform>
					<row0>	-1.0000 0.0000 0.0000 0.0000	</row0>
					<row1>	0.0000 1.0000 0.0000 0.0000	</row1>
					<row2>	0.0000 0.0000 -1.0000 0.0000	</row2>
					<row3>	0.3352 0.5778 6.4210 1.0000	</row3>
				</transform>
			</node>
			<node>
				<identifier>	MP_BM803_Ventilation_box	</identifier>
				<transform>
					<row0>	0.0000 0.0000 -1.0000 0.0000	</row0>
					<row1>	0.0000 1.0000 0.0000 0.0000	</row1>
					<row2>	1.0000 0.0000 0.0000 0.0000	</row2>
					<row3>	-0.1251 0.5099 4.3392 1.0000	</row3>
				</transform>
			</node>
			<node>
				<identifier>	MP_BM803_Ventilation_box_INDEX_1	</identifier>
				<transform>
					<row0>	0.0000 0.0000 -1.0000 0.0000	</row0>
					<row1>	0.0000 1.0000 0.0000 0.0000	</row1>
					<row2>	1.0000 0.0000 0.0000 0.0000	</row2>
					<row3>	-0.2443 0.5099 4.2769 1.0000	</row3>
				</transform>
			</node>
			<node>
				<identifier>	MP_BM803_Ventilation_box_INDEX_2	</identifier>
				<transform>
					<row0>	0.0000 0.0000 -1.0000 0.0000	</row0>
					<row1>	0.0000 1.0000 0.0000 0.0000	</row1>
					<row2>	1.0000 0.0000 0.0000 0.0000	</row2>
					<row3>	0.2443 0.5099 4.2769 1.0000	</row3>
				</transform>
			</node>
			<node>
				<identifier>	MP_BM803_Ventilation_box_INDEX_3	</identifier>
				<transform>
					<row0>	0.0000 0.0000 -1.0000 0.0000	</row0>
					<row1>	0.0000 1.0000 0.0000 0.0000	</row1>
					<row2>	1.0000 0.0000 0.0000 0.0000	</row2>
					<row3>	0.1251 0.5099 4.3392 1.0000	</row3>
				</transform>
			</node>
			<node>
				<identifier>	MP_BM862_Signal_Lamp	</identifier>
				<transform>
					<row0>	1.0000 0.0000 0.0000 0.0000	</row0>
					<row1>	0.0000 1.0000 0.0000 0.0000	</row1>
					<row2>	0.0000 0.0000 1.0000 0.0000	</row2>
					<row3>	0.0158 1.0363 7.3959 1.0000	</row3>
				</transform>
			</node>
			<node>
				<identifier>	MP_BM950_Anchor_top	</identifier>
				<transform>
					<row0>	-0.1671 1.2748 1.3989 0.0000	</row0>
					<row1>	0.1332 1.4088 -1.2679 0.0000	</row1>
					<row2>	-1.8879 -0.0134 -0.2133 0.0000	</row2>
					<row3>	0.1567 0.4253 7.1616 1.0000	</row3>
				</transform>
			</node>
			<node>
				<identifier>	MP_BM950_Anchor_top_INDEX_1	</identifier>
				<transform>
					<row0>	-0.1966 -1.2748 -1.3950 0.0000	</row0>
					<row1>	-0.1335 1.4084 -1.2683 0.0000	</row1>
					<row2>	1.8851 -0.0333 -0.2353 0.0000	</row2>
					<row3>	-0.1567 0.4253 7.1616 1.0000	</row3>
				</transform>
			</node>
			<node>
				<identifier>	MP_BM950_Anchor_top_INDEX_2	</identifier>
				<transform>
					<row0>	0.1125 1.2879 1.3924 0.0000	</row0>
					<row1>	0.1049 1.3885 -1.2927 0.0000	</row1>
					<row2>	-1.8938 0.1535 0.0111 0.0000	</row2>
					<row3>	0.2495 0.4253 6.9079 1.0000	</row3>
				</transform>
			</node>
			<node>
				<identifier>	MP_BM951_Anchor_down	</identifier>
				<transform>
					<row0>	-0.1241 -1.2068 -1.4623 0.0000	</row0>
					<row1>	-0.5971 1.4157 -1.1177 0.0000	</row1>
					<row2>	1.7995 0.3865 -0.4717 0.0000	</row2>
					<row3>	-0.1544 0.4253 7.1616 1.0000	</row3>
				</transform>
			</node>
			<node>
				<identifier>	MP_BM951_Anchor_down_INDEX_1	</identifier>
				<transform>
					<row0>	-0.1241 1.2068 1.4623 0.0000	</row0>
					<row1>	0.5971 1.4157 -1.1177 0.0000	</row1>
					<row2>	-1.7995 0.3865 -0.4717 0.0000	</row2>
					<row3>	0.1544 0.4253 7.1616 1.0000	</row3>
				</transform>
			</node>
			<node>
				<identifier>	MP_BM951_Anchor_down_INDEX_2	</identifier>
				<transform>
					<row0>	0.1538 1.1576 1.4987 0.0000	</row0>
					<row1>	0.6903 1.3660 -1.1259 0.0000	</row1>
					<row2>	-1.7635 0.6356 -0.3100 0.0000	</row2>
					<row3>	0.2479 0.4253 6.9079 1.0000	</row3>
				</transform>
			</node>
			<node>
				<identifier>	MP_BM952_Bollard	</identifier>
				<transform>
					<row0>	0.8778 0.0188 -0.2270 0.0000	</row0>
					<row1>	-0.0272 0.9060 -0.0305 0.0000	</row1>
					<row2>	0.2261 0.0363 0.8775 0.0000	</row2>
					<row3>	-0.4486 0.5759 6.2729 1.0000	</row3>
				</transform>
			</node>
			<node>
				<identifier>	MP_BM952_Bollard_INDEX_1	</identifier>
				<transform>
					<row0>	0.8839 0.0000 0.0000 0.0000	</row0>
					<row1>	0.0000 0.8829 -0.0427 0.0000	</row1>
					<row2>	0.0000 0.0427 0.8829 0.0000	</row2>
					<row3>	0.0000 0.5717 6.0172 1.0000	</row3>
				</transform>
			</node>
			<node>
				<identifier>	MP_BM952_Bollard_INDEX_2	</identifier>
				<transform>
					<row0>	0.8778 -0.0188 0.2270 0.0000	</row0>
					<row1>	0.0272 0.9060 -0.0305 0.0000	</row1>
					<row2>	-0.2261 0.0363 0.8775 0.0000	</row2>
					<row3>	0.4501 0.5759 6.2729 1.0000	</row3>
				</transform>
			</node>
			<node>
				<identifier>	MP_BM954_hawse	</identifier>
				<transform>
					<row0>	0.0474 0.0122 0.6456 0.0000	</row0>
					<row1>	-0.0138 0.6472 -0.0112 0.0000	</row1>
					<row2>	-0.6456 -0.0129 0.0476 0.0000	</row2>
					<row3>	-0.8060 0.4868 4.2005 1.0000	</row3>
				</transform>
			</node>
			<node>
				<identifier>	MP_BM954_hawse_INDEX_1	</identifier>
				<transform>
					<row0>	0.1145 0.0359 0.6363 0.0000	</row0>
					<row1>	-0.0174 0.6464 -0.0334 0.0000	</row1>
					<row2>	-0.6370 -0.0112 0.1153 0.0000	</row2>
					<row3>	-0.6019 0.5481 5.8527 1.0000	</row3>
				</transform>
			</node>
			<node>
				<identifier>	MP_BM954_hawse_INDEX_2	</identifier>
				<transform>
					<row0>	0.1145 -0.0359 -0.6363 0.0000	</row0>
					<row1>	0.0174 0.6464 -0.0334 0.0000	</row1>
					<row2>	0.6370 -0.0112 0.1153 0.0000	</row2>
					<row3>	0.6019 0.5481 5.8527 1.0000	</row3>
				</transform>
			</node>
			<node>
				<identifier>	MP_BM954_hawse_INDEX_3	</identifier>
				<transform>
					<row0>	0.2259 -0.0318 -0.6060 0.0000	</row0>
					<row1>	0.0000 0.6466 -0.0339 0.0000	</row1>
					<row2>	0.6068 0.0118 0.2256 0.0000	</row2>
					<row3>	0.3775 0.5874 6.6933 1.0000	</row3>
				</transform>
			</node>
			<node>
				<identifier>	MP_BM954_hawse_INDEX_4	</identifier>
				<transform>
					<row0>	0.2236 0.0318 0.6068 0.0000	</row0>
					<row1>	0.0000 0.6466 -0.0339 0.0000	</row1>
					<row2>	-0.6076 0.0117 0.2233 0.0000	</row2>
					<row3>	-0.3777 0.5874 6.6933 1.0000	</row3>
				</transform>
			</node>
			<node>
				<identifier>	MP_BM961_Anchor_Capstan_Cruiser_WW2_Bow	</identifier>
				<transform>
					<row0>	1.0000 0.0000 0.0000 0.0000	</row0>
					<row1>	0.0000 1.0000 0.0000 0.0000	</row1>
					<row2>	0.0000 0.0000 1.0000 0.0000	</row2>
					<row3>	-0.1977 0.5928 6.1793 1.0000	</row3>
				</transform>
			</node>
			<node>
				<identifier>	MP_BM961_Anchor_Capstan_Cruiser_WW2_Bow_INDEX_1	</identifier>
				<transform>
					<row0>	1.0000 0.0000 0.0000 0.0000	</row0>
					<row1>	0.0000 1.0000 0.0000 0.0000	</row1>
					<row2>	0.0000 0.0000 1.0000 0.0000	</row2>
					<row3>	0.1977 0.5928 6.1793 1.0000	</row3>
				</transform>
			</node>
			<node>
				<identifier>	MP_BM962_Chain_Fairlead	</identifier>
				<transform>
					<row0>	0.9154 0.0000 -0.4025 0.0000	</row0>
					<row1>	0.0000 1.0000 0.0000 0.0000	</row1>
					<row2>	0.4025 0.0000 0.9154 0.0000	</row2>
					<row3>	-0.0960 0.5820 6.4007 1.0000	</row3>
				</transform>
			</node>
			<node>
				<identifier>	MP_BM962_Chain_Fairlead_INDEX_1	</identifier>
				<transform>
					<row0>	0.9154 0.0000 0.4025 0.0000	</row0>
					<row1>	0.0000 1.0000 0.0000 0.0000	</row1>
					<row2>	-0.4025 0.0000 0.9154 0.0000	</row2>
					<row3>	0.0960 0.5820 6.4007 1.0000	</row3>
				</transform>
			</node>
			<node>
				<identifier>	MP_CM011_Fire_Fighting_Gear	</identifier>
				<transform>
					<row0>	1.0000 0.0000 0.0000 0.0000	</row0>
					<row1>	0.0000 1.0000 0.0000 0.0000	</row1>
					<row2>	0.0000 0.0000 1.0000 0.0000	</row2>
					<row3>	0.0000 0.5562 5.7723 1.0000	</row3>
				</transform>
			</node>
			<node>
				<identifier>	MP_CM012_Fire_Hose_Rack_1	</identifier>
				<transform>
					<row0>	0.0000 -0.6129 0.7902 0.0000	</row0>
					<row1>	0.0000 0.7902 0.6129 0.0000	</row1>
					<row2>	-1.0000 0.0000 0.0000 0.0000	</row2>
					<row3>	0.0000 0.5795 5.4963 1.0000	</row3>
				</transform>
			</node>
			<node>
				<identifier>	MP_CM109_Leadsman_Platform	</identifier>
				<transform>
					<row0>	0.8807 0.1464 0.4506 0.0000	</row0>
					<row1>	-0.1115 0.9884 -0.1032 0.0000	</row1>
					<row2>	-0.4604 0.0406 0.8868 0.0000	</row2>
					<row3>	0.2074 0.6204 7.1565 1.0000	</row3>
				</transform>
			</node>
			<node>
				<identifier>	MP_CM109_Leadsman_Platform_INDEX_1	</identifier>
				<transform>
					<row0>	-0.8823 0.1459 0.4475 0.0000	</row0>
					<row1>	0.1127 0.9886 -0.1002 0.0000	</row1>
					<row2>	-0.4570 -0.0379 -0.8886 0.0000	</row2>
					<row3>	-0.2074 0.6204 7.1565 1.0000	</row3>
				</transform>
			</node>
			<node>
				<identifier>	SP_YMS001_YHBM_M_1_INDEX_1	</identifier>
				<transform>
					<row0>	1.0000 0.0000 0.0000 0.0000	</row0>
					<row1>	0.0000 1.0000 0.0000 0.0000	</row1>
					<row2>	0.0000 0.0000 1.0000 0.0000	</row2>
					<row3>	0.0000 0.6335 7.4503 1.0000	</row3>
				</transform>
			</node>
			<node>
				<identifier>	SP_YMS002_YHBL_M_1	</identifier>
				<transform>
					<row0>	1.1668 -0.0028 -0.1743 0.0000	</row0>
					<row1>	-0.0047 1.1786 -0.0504 0.0000	</row1>
					<row2>	0.1742 0.0506 1.1657 0.0000	</row2>
					<row3>	0.0152 0.6335 7.4020 1.0000	</row3>
				</transform>
			</node>
			<node>
				<identifier>	SP_YMS003_YHBR_M_1	</identifier>
				<transform>
					<row0>	1.1668 0.0028 0.1743 0.0000	</row0>
					<row1>	0.0047 1.1786 -0.0504 0.0000	</row1>
					<row2>	-0.1742 0.0506 1.1657 0.0000	</row2>
					<row3>	-0.0152 0.6335 7.4020 1.0000	</row3>
				</transform>
			</node>
			<node>
				<identifier>	SP_YMS004_YHXL_L_1	</identifier>
				<transform>
					<row0>	0.7052 0.3008 -0.3226 0.0000	</row0>
					<row1>	-0.2890 0.7746 0.0906 0.0000	</row1>
					<row2>	0.3332 0.0353 0.7613 0.0000	</row2>
					<row3>	-0.1465 0.4631 7.1566 1.0000	</row3>
				</transform>
			</node>
			<node>
				<identifier>	SP_YMS005_YHXR_L_1	</identifier>
				<transform>
					<row0>	0.7052 -0.3008 0.3226 0.0000	</row0>
					<row1>	0.2890 0.7746 0.0906 0.0000	</row1>
					<row2>	-0.3332 0.0353 0.7613 0.0000	</row2>
					<row3>	0.1465 0.4631 7.1566 1.0000	</row3>
				</transform>
			</node>
			<node>
				<identifier>	SP_YMS010_YHWM_L_1	</identifier>
				<transform>
					<row0>	0.9833 0.0000 0.0000 0.0000	</row0>
					<row1>	0.0000 0.9833 0.0000 0.0000	</row1>
					<row2>	0.0000 0.0000 0.9833 0.0000	</row2>
					<row3>	0.0000 0.0000 7.4146 1.0000	</row3>
				</transform>
			</node>
			<node>
				<identifier>	SP_YMS011_YHWL_M_1_INDEX_15	</identifier>
				<transform>
					<row0>	0.9332 0.3465 -0.1512 0.0000	</row0>
					<row1>	-0.3421 0.9454 0.0554 0.0000	</row1>
					<row2>	0.1611 0.0000 0.9939 0.0000	</row2>
					<row3>	-0.5283 0.0000 4.8857 1.0000	</row3>
				</transform>
			</node>
			<node>
				<identifier>	SP_YMS011_YHWL_M_1_INDEX_6	</identifier>
				<transform>
					<row0>	0.9233 0.3465 -0.2036 0.0000	</row0>
					<row1>	-0.3388 0.9454 0.0726 0.0000	</row1>
					<row2>	0.2161 0.0020 0.9834 0.0000	</row2>
					<row3>	-0.3661 0.0000 5.7240 1.0000	</row3>
				</transform>
			</node>
			<node>
				<identifier>	SP_YMS012_YHWR_M_1	</identifier>
				<transform>
					<row0>	0.9233 -0.3465 0.2036 0.0000	</row0>
					<row1>	0.3388 0.9454 0.0726 0.0000	</row1>
					<row2>	-0.2161 0.0020 0.9834 0.0000	</row2>
					<row3>	0.3661 0.0000 5.7240 1.0000	</row3>
				</transform>
			</node>
			<node>
				<identifier>	SP_YMS012_YHWR_M_1_INDEX_13	</identifier>
				<transform>
					<row0>	0.9332 -0.3465 0.1512 0.0000	</row0>
					<row1>	0.3421 0.9454 0.0554 0.0000	</row1>
					<row2>	-0.1611 0.0000 0.9939 0.0000	</row2>
					<row3>	0.5283 0.0000 4.8857 1.0000	</row3>
				</transform>
			</node>
			<node>
				<identifier>	SP_YMS020_YHBU_M_1	</identifier>
				<transform>
					<row0>	1.0000 0.0000 0.0000 0.0000	</row0>
					<row1>	0.0000 1.0000 0.0000 0.0000	</row1>
					<row2>	0.0000 0.0000 1.0000 0.0000	</row2>
					<row3>	0.0152 -0.1509 7.1567 1.0000	</row3>
				</transform>
			</node>
			<node>
				<identifier>	SP_YMS051_YHDL_L_1	</identifier>
				<transform>
					<row0>	0.9935 0.0000 -0.1136 0.0000	</row0>
					<row1>	-0.0060 0.9986 -0.0525 0.0000	</row1>
					<row2>	0.1134 0.0528 0.9921 0.0000	</row2>
					<row3>	-0.7470 0.5134 4.9958 1.0000	</row3>
				</transform>
			</node>
			<node>
				<identifier>	SP_YMS052_YHDR_L_1	</identifier>
				<transform>
					<row0>	0.9935 0.0000 0.1136 0.0000	</row0>
					<row1>	0.0060 0.9986 -0.0525 0.0000	</row1>
					<row2>	-0.1134 0.0528 0.9921 0.0000	</row2>
					<row3>	0.7470 0.5134 4.9958 1.0000	</row3>
				</transform>
			</node>
			<node>
				<identifier>	SP_YMS053_YHDC_S_1_INDEX_10	</identifier>
				<transform>
					<row0>	1.0000 0.0000 0.0000 0.0000	</row0>
					<row1>	0.0000 1.0000 0.0000 0.0000	</row1>
					<row2>	0.0000 0.0000 1.0000 0.0000	</row2>
					<row3>	0.6142 0.5097 4.3935 1.0000	</row3>
				</transform>
			</node>
			<node>
				<identifier>	SP_YMS053_YHDC_S_1_INDEX_12	</identifier>
				<transform>
					<row0>	1.0000 0.0000 0.0000 0.0000	</row0>
					<row1>	0.0000 1.0000 0.0000 0.0000	</row1>
					<row2>	0.0000 0.0000 1.0000 0.0000	</row2>
					<row3>	-0.6142 0.5097 4.3935 1.0000	</row3>
				</transform>
			</node>
			<node>
				<identifier>	SP_YMS053_YHDC_S_1_INDEX_2	</identifier>
				<transform>
					<row0>	0.0000 0.0000 1.0000 0.0000	</row0>
					<row1>	0.0000 1.0000 0.0000 0.0000	</row1>
					<row2>	-1.0000 0.0000 0.0000 0.0000	</row2>
					<row3>	-0.3068 0.5658 5.7741 1.0000	</row3>
				</transform>
			</node>
			<node>
				<identifier>	SP_YMS053_YHDC_S_1_INDEX_8	</identifier>
				<transform>
					<row0>	0.0000 0.0000 1.0000 0.0000	</row0>
					<row1>	0.0000 1.0000 0.0000 0.0000	</row1>
					<row2>	-1.0000 0.0000 0.0000 0.0000	</row2>
					<row3>	0.3068 0.5658 5.7741 1.0000	</row3>
				</transform>
			</node>
			<node>
				<identifier>	SP_YMS080_YHSL_M_1	</identifier>
				<transform>
					<row0>	0.8758 0.4743 -0.0900 0.0000	</row0>
					<row1>	-0.4762 0.8793 0.0000 0.0000	</row1>
					<row2>	0.0792 0.0429 0.9959 0.0000	</row2>
					<row3>	-0.6928 0.3203 4.3741 1.0000	</row3>
				</transform>
			</node>
			<node>
				<identifier>	SP_YMS080_YHSL_M_1_INDEX_3	</identifier>
				<transform>
					<row0>	0.8696 0.4709 -0.1486 0.0000	</row0>
					<row1>	-0.4762 0.8793 0.0000 0.0000	</row1>
					<row2>	0.1306 0.0707 0.9889 0.0000	</row2>
					<row3>	-0.5186 0.3232 5.6343 1.0000	</row3>
				</transform>
			</node>
			<node>
				<identifier>	SP_YMS081_YHSR_M_1	</identifier>
				<transform>
					<row0>	0.8758 -0.4743 0.0900 0.0000	</row0>
					<row1>	0.4762 0.8793 0.0000 0.0000	</row1>
					<row2>	-0.0792 0.0429 0.9959 0.0000	</row2>
					<row3>	0.6928 0.3203 4.3741 1.0000	</row3>
				</transform>
			</node>
			<node>
				<identifier>	SP_YMS081_YHSR_M_1_INDEX_3	</identifier>
				<transform>
					<row0>	0.8696 -0.4709 0.1486 0.0000	</row0>
					<row1>	0.4762 0.8793 0.0000 0.0000	</row1>
					<row2>	-0.1306 0.0707 0.9889 0.0000	</row2>
					<row3>	0.5186 0.3232 5.6343 1.0000	</row3>
				</transform>
			</node>
		</node>
	</node>
	<boundingBox>
		<min>	-0.0667 -0.0667 -0.0667	</min>
		<max>	0.0667 0.0667 0.0667	</max>
	</boundingBox>
</BSC035_Gibraltar_1947_Bow_ports.visual>
