<ASB078_Wisconsin_1945_MidFront_ports.visual>
	<node>
		<identifier>	Scene Root	</identifier>
		<transform>
			<row0>	1.0000 0.0000 0.0000 0.0000	</row0>
			<row1>	0.0000 1.0000 0.0000 0.0000	</row1>
			<row2>	0.0000 0.0000 1.0000 0.0000	</row2>
			<row3>	0.0000 0.0000 0.0000 1.0000	</row3>
		</transform>
		<node>
			<identifier>	MidFront_ports	</identifier>
			<transform>
				<row0>	1.0000 0.0000 0.0000 0.0000	</row0>
				<row1>	0.0000 1.0000 0.0000 0.0000	</row1>
				<row2>	0.0000 0.0000 1.0000 0.0000	</row2>
				<row3>	0.0000 0.0000 0.0000 1.0000	</row3>
			</transform>
			<node>
				<identifier>	HP_AD_10	</identifier>
				<transform>
					<row0>	0.0000 0.0000 -1.0000 0.0000	</row0>
					<row1>	0.0000 1.0000 0.0000 0.0000	</row1>
					<row2>	1.0000 0.0000 0.0000 0.0000	</row2>
					<row3>	0.2238 1.1862 0.4864 1.0000	</row3>
				</transform>
			</node>
			<node>
				<identifier>	HP_AD_11	</identifier>
				<transform>
					<row0>	0.0000 0.0000 1.0000 0.0000	</row0>
					<row1>	0.0000 1.0000 0.0000 0.0000	</row1>
					<row2>	-1.0000 0.0000 0.0000 0.0000	</row2>
					<row3>	-0.4475 1.0576 0.1502 1.0000	</row3>
				</transform>
			</node>
			<node>
				<identifier>	HP_AD_12	</identifier>
				<transform>
					<row0>	0.0000 0.0000 -1.0000 0.0000	</row0>
					<row1>	0.0000 1.0000 0.0000 0.0000	</row1>
					<row2>	1.0000 0.0000 0.0000 0.0000	</row2>
					<row3>	0.4475 1.0576 0.1502 1.0000	</row3>
				</transform>
			</node>
			<node>
				<identifier>	HP_AD_13	</identifier>
				<transform>
					<row0>	0.0000 0.0000 1.0000 0.0000	</row0>
					<row1>	0.0000 1.0000 0.0000 0.0000	</row1>
					<row2>	-1.0000 0.0000 0.0000 0.0000	</row2>
					<row3>	-0.3468 1.2500 -0.0293 1.0000	</row3>
				</transform>
			</node>
			<node>
				<identifier>	HP_AD_14	</identifier>
				<transform>
					<row0>	0.0000 0.0000 -1.0000 0.0000	</row0>
					<row1>	0.0000 1.0000 0.0000 0.0000	</row1>
					<row2>	1.0000 0.0000 0.0000 0.0000	</row2>
					<row3>	0.3468 1.2500 -0.0293 1.0000	</row3>
				</transform>
			</node>
			<node>
				<identifier>	HP_AD_3	</identifier>
				<transform>
					<row0>	0.7071 0.0000 0.7071 0.0000	</row0>
					<row1>	0.0000 1.0000 0.0000 0.0000	</row1>
					<row2>	-0.7071 0.0000 0.7071 0.0000	</row2>
					<row3>	-0.5394 0.5611 1.5994 1.0000	</row3>
				</transform>
			</node>
			<node>
				<identifier>	HP_AD_4	</identifier>
				<transform>
					<row0>	0.7071 0.0000 -0.7071 0.0000	</row0>
					<row1>	0.0000 1.0000 0.0000 0.0000	</row1>
					<row2>	0.7071 0.0000 0.7071 0.0000	</row2>
					<row3>	0.5394 0.5611 1.5994 1.0000	</row3>
				</transform>
			</node>
			<node>
				<identifier>	HP_AD_5	</identifier>
				<transform>
					<row0>	0.0000 0.0000 1.0000 0.0000	</row0>
					<row1>	0.0000 1.0000 0.0000 0.0000	</row1>
					<row2>	-1.0000 0.0000 0.0000 0.0000	</row2>
					<row3>	-0.3090 1.0641 1.3854 1.0000	</row3>
				</transform>
			</node>
			<node>
				<identifier>	HP_AD_6	</identifier>
				<transform>
					<row0>	0.0000 0.0000 -1.0000 0.0000	</row0>
					<row1>	0.0000 1.0000 0.0000 0.0000	</row1>
					<row2>	1.0000 0.0000 0.0000 0.0000	</row2>
					<row3>	0.3090 1.0641 1.3854 1.0000	</row3>
				</transform>
			</node>
			<node>
				<identifier>	HP_AD_7	</identifier>
				<transform>
					<row0>	1.0000 0.0000 0.0000 0.0000	</row0>
					<row1>	0.0000 1.0000 0.0000 0.0000	</row1>
					<row2>	0.0000 0.0000 1.0000 0.0000	</row2>
					<row3>	0.0000 1.2500 1.2821 1.0000	</row3>
				</transform>
			</node>
			<node>
				<identifier>	HP_AD_8	</identifier>
				<transform>
					<row0>	1.0000 0.0000 0.0000 0.0000	</row0>
					<row1>	0.0000 1.0000 0.0000 0.0000	</row1>
					<row2>	0.0000 0.0000 1.0000 0.0000	</row2>
					<row3>	0.0000 2.2489 0.5862 1.0000	</row3>
				</transform>
			</node>
			<node>
				<identifier>	HP_AD_9	</identifier>
				<transform>
					<row0>	0.0000 0.0000 1.0000 0.0000	</row0>
					<row1>	0.0000 1.0000 0.0000 0.0000	</row1>
					<row2>	-1.0000 0.0000 0.0000 0.0000	</row2>
					<row3>	-0.2238 1.1862 0.4864 1.0000	</row3>
				</transform>
			</node>
			<node>
				<identifier>	HP_AF_1	</identifier>
				<transform>
					<row0>	1.0000 0.0000 0.0000 0.0000	</row0>
					<row1>	0.0000 1.0000 0.0000 0.0000	</row1>
					<row2>	0.0000 0.0000 1.0000 0.0000	</row2>
					<row3>	0.0000 1.1824 1.7824 1.0000	</row3>
				</transform>
			</node>
			<node>
				<identifier>	HP_AGA_10	</identifier>
				<transform>
					<row0>	0.7071 0.0000 -0.7071 0.0000	</row0>
					<row1>	0.0000 1.0000 0.0000 0.0000	</row1>
					<row2>	0.7071 0.0000 0.7071 0.0000	</row2>
					<row3>	0.7515 0.3117 2.7641 1.0000	</row3>
				</transform>
			</node>
			<node>
				<identifier>	HP_AGA_11	</identifier>
				<transform>
					<row0>	0.7071 0.0000 0.7071 0.0000	</row0>
					<row1>	0.0000 1.0000 0.0000 0.0000	</row1>
					<row2>	-0.7071 0.0000 0.7071 0.0000	</row2>
					<row3>	-0.8860 0.3105 2.5232 1.0000	</row3>
				</transform>
			</node>
			<node>
				<identifier>	HP_AGA_12	</identifier>
				<transform>
					<row0>	0.7071 0.0000 -0.7071 0.0000	</row0>
					<row1>	0.0000 1.0000 0.0000 0.0000	</row1>
					<row2>	0.7071 0.0000 0.7071 0.0000	</row2>
					<row3>	0.8860 0.3105 2.5232 1.0000	</row3>
				</transform>
			</node>
			<node>
				<identifier>	HP_AGA_13	</identifier>
				<transform>
					<row0>	0.7071 0.0000 0.7071 0.0000	</row0>
					<row1>	0.0000 1.0000 0.0000 0.0000	</row1>
					<row2>	-0.7071 0.0000 0.7071 0.0000	</row2>
					<row3>	-0.7747 0.4483 1.5090 1.0000	</row3>
				</transform>
			</node>
			<node>
				<identifier>	HP_AGA_14	</identifier>
				<transform>
					<row0>	0.7071 0.0000 -0.7071 0.0000	</row0>
					<row1>	0.0000 1.0000 0.0000 0.0000	</row1>
					<row2>	0.7071 0.0000 0.7071 0.0000	</row2>
					<row3>	0.7747 0.4483 1.5090 1.0000	</row3>
				</transform>
			</node>
			<node>
				<identifier>	HP_AGA_15	</identifier>
				<transform>
					<row0>	0.0000 0.0000 1.0000 0.0000	</row0>
					<row1>	0.0000 1.0000 0.0000 0.0000	</row1>
					<row2>	-1.0000 0.0000 0.0000 0.0000	</row2>
					<row3>	-0.9769 0.4517 1.0193 1.0000	</row3>
				</transform>
			</node>
			<node>
				<identifier>	HP_AGA_16	</identifier>
				<transform>
					<row0>	0.0000 0.0000 -1.0000 0.0000	</row0>
					<row1>	0.0000 1.0000 0.0000 0.0000	</row1>
					<row2>	1.0000 0.0000 0.0000 0.0000	</row2>
					<row3>	0.9769 0.4517 1.0193 1.0000	</row3>
				</transform>
			</node>
			<node>
				<identifier>	HP_AGA_17	</identifier>
				<transform>
					<row0>	0.0000 0.0000 1.0000 0.0000	</row0>
					<row1>	0.0000 1.0000 0.0000 0.0000	</row1>
					<row2>	-1.0000 0.0000 0.0000 0.0000	</row2>
					<row3>	-0.3144 1.1070 0.7744 1.0000	</row3>
				</transform>
			</node>
			<node>
				<identifier>	HP_AGA_18	</identifier>
				<transform>
					<row0>	0.0000 0.0000 -1.0000 0.0000	</row0>
					<row1>	0.0000 1.0000 0.0000 0.0000	</row1>
					<row2>	1.0000 0.0000 0.0000 0.0000	</row2>
					<row3>	0.3144 1.1070 0.7744 1.0000	</row3>
				</transform>
			</node>
			<node>
				<identifier>	HP_AGA_19	</identifier>
				<transform>
					<row0>	0.0000 0.0000 1.0000 0.0000	</row0>
					<row1>	0.0000 1.0000 0.0000 0.0000	</row1>
					<row2>	-1.0000 0.0000 0.0000 0.0000	</row2>
					<row3>	-0.9769 0.4517 0.7725 1.0000	</row3>
				</transform>
			</node>
			<node>
				<identifier>	HP_AGA_20	</identifier>
				<transform>
					<row0>	0.0000 0.0000 -1.0000 0.0000	</row0>
					<row1>	0.0000 1.0000 0.0000 0.0000	</row1>
					<row2>	1.0000 0.0000 0.0000 0.0000	</row2>
					<row3>	0.9769 0.4517 0.7725 1.0000	</row3>
				</transform>
			</node>
			<node>
				<identifier>	HP_AGA_21	</identifier>
				<transform>
					<row0>	0.0000 0.0000 1.0000 0.0000	</row0>
					<row1>	0.0000 1.0000 0.0000 0.0000	</row1>
					<row2>	-1.0000 0.0000 0.0000 0.0000	</row2>
					<row3>	-0.4669 0.7649 0.1808 1.0000	</row3>
				</transform>
			</node>
			<node>
				<identifier>	HP_AGA_22	</identifier>
				<transform>
					<row0>	0.0000 0.0000 -1.0000 0.0000	</row0>
					<row1>	0.0000 1.0000 0.0000 0.0000	</row1>
					<row2>	1.0000 0.0000 0.0000 0.0000	</row2>
					<row3>	0.4669 0.7649 0.1808 1.0000	</row3>
				</transform>
			</node>
			<node>
				<identifier>	HP_AGA_23	</identifier>
				<transform>
					<row0>	0.0000 0.0000 1.0000 0.0000	</row0>
					<row1>	0.0000 1.0000 0.0000 0.0000	</row1>
					<row2>	-1.0000 0.0000 0.0000 0.0000	</row2>
					<row3>	-0.5399 0.7649 -0.0214 1.0000	</row3>
				</transform>
			</node>
			<node>
				<identifier>	HP_AGA_24	</identifier>
				<transform>
					<row0>	0.0000 0.0000 -1.0000 0.0000	</row0>
					<row1>	0.0000 1.0000 0.0000 0.0000	</row1>
					<row2>	1.0000 0.0000 0.0000 0.0000	</row2>
					<row3>	0.5399 0.7649 -0.0214 1.0000	</row3>
				</transform>
			</node>
			<node>
				<identifier>	HP_AGA_25	</identifier>
				<transform>
					<row0>	0.0000 0.0000 1.0000 0.0000	</row0>
					<row1>	0.0000 1.0000 0.0000 0.0000	</row1>
					<row2>	-1.0000 0.0000 0.0000 0.0000	</row2>
					<row3>	-0.8693 0.4517 -0.2679 1.0000	</row3>
				</transform>
			</node>
			<node>
				<identifier>	HP_AGA_26	</identifier>
				<transform>
					<row0>	0.0000 0.0000 -1.0000 0.0000	</row0>
					<row1>	0.0000 1.0000 0.0000 0.0000	</row1>
					<row2>	1.0000 0.0000 0.0000 0.0000	</row2>
					<row3>	0.8693 0.4517 -0.2679 1.0000	</row3>
				</transform>
			</node>
			<node>
				<identifier>	HP_AGA_27	</identifier>
				<transform>
					<row0>	0.0000 0.0000 1.0000 0.0000	</row0>
					<row1>	0.0000 1.0000 0.0000 0.0000	</row1>
					<row2>	-1.0000 0.0000 0.0000 0.0000	</row2>
					<row3>	-0.8693 0.4517 -0.4780 1.0000	</row3>
				</transform>
			</node>
			<node>
				<identifier>	HP_AGA_28	</identifier>
				<transform>
					<row0>	0.0000 0.0000 -1.0000 0.0000	</row0>
					<row1>	0.0000 1.0000 0.0000 0.0000	</row1>
					<row2>	1.0000 0.0000 0.0000 0.0000	</row2>
					<row3>	0.8693 0.4517 -0.4780 1.0000	</row3>
				</transform>
			</node>
			<node>
				<identifier>	HP_AGA_7	</identifier>
				<transform>
					<row0>	0.7071 0.0000 0.7071 0.0000	</row0>
					<row1>	0.0000 1.0000 0.0000 0.0000	</row1>
					<row2>	-0.7071 0.0000 0.7071 0.0000	</row2>
					<row3>	-0.6174 0.3136 3.0096 1.0000	</row3>
				</transform>
			</node>
			<node>
				<identifier>	HP_AGA_8	</identifier>
				<transform>
					<row0>	0.7071 0.0000 -0.7071 0.0000	</row0>
					<row1>	0.0000 1.0000 0.0000 0.0000	</row1>
					<row2>	0.7071 0.0000 0.7071 0.0000	</row2>
					<row3>	0.6174 0.3136 3.0096 1.0000	</row3>
				</transform>
			</node>
			<node>
				<identifier>	HP_AGA_9	</identifier>
				<transform>
					<row0>	0.7071 0.0000 0.7071 0.0000	</row0>
					<row1>	0.0000 1.0000 0.0000 0.0000	</row1>
					<row2>	-0.7071 0.0000 0.7071 0.0000	</row2>
					<row3>	-0.7515 0.3117 2.7641 1.0000	</row3>
				</transform>
			</node>
			<node>
				<identifier>	HP_AGM_2	</identifier>
				<transform>
					<row0>	1.0000 0.0000 0.0000 0.0000	</row0>
					<row1>	0.0000 1.0000 0.0000 0.0000	</row1>
					<row2>	0.0000 0.0000 1.0000 0.0000	</row2>
					<row3>	0.0000 0.5417 2.7342 1.0000	</row3>
				</transform>
			</node>
			<node>
				<identifier>	HP_AGS_1	</identifier>
				<transform>
					<row0>	1.0000 0.0000 0.0000 0.0000	</row0>
					<row1>	0.0000 1.0000 0.0000 0.0000	</row1>
					<row2>	0.0000 0.0000 1.0000 0.0000	</row2>
					<row3>	-0.6064 0.6442 0.7439 1.0000	</row3>
				</transform>
			</node>
			<node>
				<identifier>	HP_AGS_2	</identifier>
				<transform>
					<row0>	1.0000 0.0000 0.0000 0.0000	</row0>
					<row1>	0.0000 1.0000 0.0000 0.0000	</row1>
					<row2>	0.0000 0.0000 1.0000 0.0000	</row2>
					<row3>	0.6064 0.6442 0.7439 1.0000	</row3>
				</transform>
			</node>
			<node>
				<identifier>	HP_AGS_3	</identifier>
				<transform>
					<row0>	1.0000 0.0000 0.0000 0.0000	</row0>
					<row1>	0.0000 1.0000 0.0000 0.0000	</row1>
					<row2>	0.0000 0.0000 1.0000 0.0000	</row2>
					<row3>	-0.8828 0.4796 0.1499 1.0000	</row3>
				</transform>
			</node>
			<node>
				<identifier>	HP_AGS_4	</identifier>
				<transform>
					<row0>	1.0000 0.0000 0.0000 0.0000	</row0>
					<row1>	0.0000 1.0000 0.0000 0.0000	</row1>
					<row2>	0.0000 0.0000 1.0000 0.0000	</row2>
					<row3>	0.8828 0.4796 0.1499 1.0000	</row3>
				</transform>
			</node>
			<node>
				<identifier>	HP_AGS_5	</identifier>
				<transform>
					<row0>	0.0000 0.0000 1.0000 0.0000	</row0>
					<row1>	0.0000 1.0000 0.0000 0.0000	</row1>
					<row2>	-1.0000 0.0000 0.0000 0.0000	</row2>
					<row3>	-0.6064 0.6383 -0.4306 1.0000	</row3>
				</transform>
			</node>
			<node>
				<identifier>	HP_AGS_6	</identifier>
				<transform>
					<row0>	0.0000 0.0000 -1.0000 0.0000	</row0>
					<row1>	0.0000 1.0000 0.0000 0.0000	</row1>
					<row2>	1.0000 0.0000 0.0000 0.0000	</row2>
					<row3>	0.6064 0.6383 -0.4306 1.0000	</row3>
				</transform>
			</node>
			<node>
				<identifier>	HP_ARF_1	</identifier>
				<transform>
					<row0>	1.0000 0.0000 0.0000 0.0000	</row0>
					<row1>	0.0000 1.0000 0.0000 0.0000	</row1>
					<row2>	0.0000 0.0000 1.0000 0.0000	</row2>
					<row3>	-0.0247 1.2127 1.6897 1.0000	</row3>
				</transform>
			</node>
			<node>
				<identifier>	HP_ARS_1	</identifier>
				<transform>
					<row0>	1.0000 0.0000 0.0000 0.0000	</row0>
					<row1>	0.0000 1.0000 0.0000 0.0000	</row1>
					<row2>	0.0000 0.0000 1.0000 0.0000	</row2>
					<row3>	0.0000 2.4482 0.3023 1.0000	</row3>
				</transform>
			</node>
			<node>
				<identifier>	HP_ARS_2	</identifier>
				<transform>
					<row0>	1.0000 0.0000 0.0000 0.0000	</row0>
					<row1>	0.0000 1.0000 0.0000 0.0000	</row1>
					<row2>	0.0000 0.0000 1.0000 0.0000	</row2>
					<row3>	0.0000 2.8307 0.0754 1.0000	</row3>
				</transform>
			</node>
			<node>
				<identifier>	HP_FX_Fire_2	</identifier>
				<transform>
					<row0>	1.0000 0.0000 0.0000 0.0000	</row0>
					<row1>	0.0000 1.0000 0.0000 0.0000	</row1>
					<row2>	0.0000 0.0000 1.0000 0.0000	</row2>
					<row3>	0.0000 0.9961 1.4858 1.0000	</row3>
				</transform>
			</node>
			<node>
				<identifier>	HP_FX_Fire_2_side_1	</identifier>
				<transform>
					<row0>	1.0000 0.0000 0.0000 0.0000	</row0>
					<row1>	0.0000 1.0000 0.0000 0.0000	</row1>
					<row2>	0.0000 0.0000 1.0000 0.0000	</row2>
					<row3>	-0.7425 0.5287 1.7930 1.0000	</row3>
				</transform>
			</node>
			<node>
				<identifier>	HP_FX_Fire_2_side_2	</identifier>
				<transform>
					<row0>	1.0000 0.0000 0.0000 0.0000	</row0>
					<row1>	0.0000 1.0000 0.0000 0.0000	</row1>
					<row2>	0.0000 0.0000 1.0000 0.0000	</row2>
					<row3>	0.7794 0.5714 1.5145 1.0000	</row3>
				</transform>
			</node>
			<node>
				<identifier>	HP_FX_Fire_2_side_3	</identifier>
				<transform>
					<row0>	1.0000 0.0000 0.0000 0.0000	</row0>
					<row1>	0.0000 1.0000 0.0000 0.0000	</row1>
					<row2>	0.0000 0.0000 1.0000 0.0000	</row2>
					<row3>	-0.5498 0.8555 -0.0258 1.0000	</row3>
				</transform>
			</node>
			<node>
				<identifier>	HP_FX_FloodLight_left_1	</identifier>
				<transform>
					<row0>	-1.0000 0.0000 0.0000 0.0000	</row0>
					<row1>	0.0000 1.0000 0.0000 0.0000	</row1>
					<row2>	0.0000 0.0000 -1.0000 0.0000	</row2>
					<row3>	-0.4900 0.7453 1.1815 1.0000	</row3>
				</transform>
			</node>
			<node>
				<identifier>	HP_FX_FloodLight_right_2	</identifier>
				<transform>
					<row0>	1.0000 0.0000 0.0000 0.0000	</row0>
					<row1>	0.0000 1.0000 0.0000 0.0000	</row1>
					<row2>	0.0000 0.0000 1.0000 0.0000	</row2>
					<row3>	0.4897 0.7435 1.1820 1.0000	</row3>
				</transform>
			</node>
			<node>
				<identifier>	HP_FX_Flood_steam_1	</identifier>
				<transform>
					<row0>	1.0000 0.0000 0.0000 0.0000	</row0>
					<row1>	0.0000 0.9458 -0.3250 0.0000	</row1>
					<row2>	0.0000 0.3250 0.9458 0.0000	</row2>
					<row3>	-0.0609 1.7099 -0.2990 1.0000	</row3>
				</transform>
			</node>
			<node>
				<identifier>	HP_FX_Flood_steam_exhaust_2	</identifier>
				<transform>
					<row0>	1.0000 0.0000 0.0000 0.0000	</row0>
					<row1>	0.0000 0.9265 -0.3763 0.0000	</row1>
					<row2>	0.0000 0.3763 0.9265 0.0000	</row2>
					<row3>	-0.0605 1.7083 -0.2979 1.0000	</row3>
				</transform>
			</node>
			<node>
				<identifier>	HP_FX_Flood_steam_left	</identifier>
				<transform>
					<row0>	-1.0000 0.0000 0.0000 0.0000	</row0>
					<row1>	0.0000 1.0000 0.0000 0.0000	</row1>
					<row2>	0.0000 0.0000 -1.0000 0.0000	</row2>
					<row3>	-0.8550 0.4172 2.0715 1.0000	</row3>
				</transform>
			</node>
			<node>
				<identifier>	HP_FX_Flood_water_left_1	</identifier>
				<transform>
					<row0>	-0.9918 0.0000 0.1277 0.0000	</row0>
					<row1>	0.0000 1.0000 0.0000 0.0000	</row1>
					<row2>	-0.1277 0.0000 -0.9918 0.0000	</row2>
					<row3>	-0.9808 0.0432 2.0810 1.0000	</row3>
				</transform>
			</node>
			<node>
				<identifier>	HP_FX_Flood_water_right_1	</identifier>
				<transform>
					<row0>	0.9983 0.0000 0.0584 0.0000	</row0>
					<row1>	0.0000 1.0000 0.0000 0.0000	</row1>
					<row2>	-0.0584 0.0000 0.9983 0.0000	</row2>
					<row3>	0.9808 0.0437 2.0816 1.0000	</row3>
				</transform>
			</node>
			<node>
				<identifier>	HP_FX_Rage_beam_3	</identifier>
				<transform>
					<row0>	0.0714 0.0000 0.9974 0.0000	</row0>
					<row1>	0.0000 1.0000 0.0000 0.0000	</row1>
					<row2>	-0.9974 0.0000 0.0714 0.0000	</row2>
					<row3>	-0.4707 1.1486 -0.2361 1.0000	</row3>
				</transform>
			</node>
			<node>
				<identifier>	HP_FX_Rage_beam_4	</identifier>
				<transform>
					<row0>	0.0000 0.0000 -1.0000 0.0000	</row0>
					<row1>	0.0000 1.0000 0.0000 0.0000	</row1>
					<row2>	1.0000 0.0000 0.0000 0.0000	</row2>
					<row3>	0.4704 1.1492 -0.2342 1.0000	</row3>
				</transform>
			</node>
			<node>
				<identifier>	HP_FX_Rage_beam_5	</identifier>
				<transform>
					<row0>	0.0714 0.0000 0.9974 0.0000	</row0>
					<row1>	0.0000 1.0000 0.0000 0.0000	</row1>
					<row2>	-0.9974 0.0000 0.0714 0.0000	</row2>
					<row3>	-0.4600 0.8521 1.1710 1.0000	</row3>
				</transform>
			</node>
			<node>
				<identifier>	HP_FX_Rage_beam_6	</identifier>
				<transform>
					<row0>	0.0000 0.0000 -1.0000 0.0000	</row0>
					<row1>	0.0000 1.0000 0.0000 0.0000	</row1>
					<row2>	1.0000 0.0000 0.0000 0.0000	</row2>
					<row3>	0.4600 0.8533 1.1723 1.0000	</row3>
				</transform>
			</node>
			<node>
				<identifier>	HP_FX_RepairLight_right_2	</identifier>
				<transform>
					<row0>	0.1458 0.0352 -0.9887 0.0000	</row0>
					<row1>	0.0096 0.9993 0.0370 0.0000	</row1>
					<row2>	0.9893 -0.0149 0.1454 0.0000	</row2>
					<row3>	0.9090 0.3286 3.1909 1.0000	</row3>
				</transform>
			</node>
			<node>
				<identifier>	HP_FX_Smoke_1	</identifier>
				<transform>
					<row0>	1.0000 0.0000 0.0000 0.0000	</row0>
					<row1>	0.0000 0.9525 -0.3046 0.0000	</row1>
					<row2>	0.0000 0.3046 0.9525 0.0000	</row2>
					<row3>	0.0000 1.7790 -0.1000 1.0000	</row3>
				</transform>
			</node>
			<node>
				<identifier>	HP_Flagpole	</identifier>
				<transform>
					<row0>	0.5000 0.0000 0.0000 0.0000	</row0>
					<row1>	0.0000 0.5000 0.0000 0.0000	</row1>
					<row2>	0.0000 0.0000 0.5000 0.0000	</row2>
					<row3>	0.0000 2.8448 0.0141 1.0000	</row3>
				</transform>
			</node>
			<node>
				<identifier>	HP_Ship_death_2	</identifier>
				<transform>
					<row0>	1.0000 0.0000 0.0000 0.0000	</row0>
					<row1>	0.0000 1.0000 0.0000 0.0000	</row1>
					<row2>	0.0000 0.0000 1.0000 0.0000	</row2>
					<row3>	0.0000 0.0000 -0.4343 1.0000	</row3>
				</transform>
			</node>
			<node>
				<identifier>	HP_flag_1	</identifier>
				<transform>
					<row0>	0.9991 0.0425 -0.0031 0.0000	</row0>
					<row1>	-0.0425 0.9887 -0.1441 0.0000	</row1>
					<row2>	-0.0031 0.1441 0.9896 0.0000	</row2>
					<row3>	0.3795 1.9867 0.2905 1.0000	</row3>
				</transform>
			</node>
			<node>
				<identifier>	HP_flag_2	</identifier>
				<transform>
					<row0>	0.9991 -0.0425 0.0031 0.0000	</row0>
					<row1>	0.0425 0.9887 -0.1441 0.0000	</row1>
					<row2>	0.0031 0.1441 0.9896 0.0000	</row2>
					<row3>	-0.3795 1.9867 0.2905 1.0000	</row3>
				</transform>
			</node>
			<node>
				<identifier>	HP_flag_3	</identifier>
				<transform>
					<row0>	0.9956 0.0936 -0.0068 0.0000	</row0>
					<row1>	-0.0936 0.9851 -0.1441 0.0000	</row1>
					<row2>	-0.0068 0.1441 0.9895 0.0000	</row2>
					<row3>	0.2494 1.9829 0.2905 1.0000	</row3>
				</transform>
			</node>
			<node>
				<identifier>	HP_flag_4	</identifier>
				<transform>
					<row0>	0.9956 -0.0936 0.0068 0.0000	</row0>
					<row1>	0.0936 0.9851 -0.1441 0.0000	</row1>
					<row2>	0.0068 0.1441 0.9895 0.0000	</row2>
					<row3>	-0.2494 1.9829 0.2905 1.0000	</row3>
				</transform>
			</node>
			<node>
				<identifier>	HP_flag_courtesy	</identifier>
				<transform>
					<row0>	0.9999 0.0128 -0.0009 0.0000	</row0>
					<row1>	-0.0128 0.9895 -0.1440 0.0000	</row1>
					<row2>	-0.0009 0.1440 0.9896 0.0000	</row2>
					<row3>	0.4435 2.0383 0.2832 1.0000	</row3>
				</transform>
			</node>
			<node>
				<identifier>	HP_flag_house	</identifier>
				<transform>
					<row0>	0.9999 -0.0128 0.0009 0.0000	</row0>
					<row1>	0.0128 0.9895 -0.1440 0.0000	</row1>
					<row2>	0.0009 0.1440 0.9896 0.0000	</row2>
					<row3>	-0.4435 2.0370 0.2833 1.0000	</row3>
				</transform>
			</node>
			<node>
				<identifier>	MP_AM010_Speaker_1	</identifier>
				<transform>
					<row0>	0.0000 1.0000 0.0000 0.0000	</row0>
					<row1>	0.0000 0.0000 -1.0000 0.0000	</row1>
					<row2>	-1.0000 0.0000 0.0000 0.0000	</row2>
					<row3>	0.2969 0.8824 0.7896 1.0000	</row3>
				</transform>
			</node>
			<node>
				<identifier>	MP_AM010_Speaker_1_INDEX_1	</identifier>
				<transform>
					<row0>	0.0000 1.0000 0.0000 0.0000	</row0>
					<row1>	-1.0000 0.0000 0.0000 0.0000	</row1>
					<row2>	0.0000 0.0000 1.0000 0.0000	</row2>
					<row3>	0.3204 1.0295 -0.1217 1.0000	</row3>
				</transform>
			</node>
			<node>
				<identifier>	MP_AM010_Speaker_1_INDEX_2	</identifier>
				<transform>
					<row0>	0.0000 -1.0000 0.0000 0.0000	</row0>
					<row1>	1.0000 0.0000 0.0000 0.0000	</row1>
					<row2>	0.0000 0.0000 1.0000 0.0000	</row2>
					<row3>	-0.3204 1.0295 -0.1217 1.0000	</row3>
				</transform>
			</node>
			<node>
				<identifier>	MP_AM010_Speaker_1_INDEX_3	</identifier>
				<transform>
					<row0>	0.0000 -1.0000 0.0000 0.0000	</row0>
					<row1>	0.0000 0.0000 -1.0000 0.0000	</row1>
					<row2>	1.0000 0.0000 0.0000 0.0000	</row2>
					<row3>	-0.2969 0.8824 0.7896 1.0000	</row3>
				</transform>
			</node>
			<node>
				<identifier>	MP_AM010_Speaker_1_INDEX_4	</identifier>
				<transform>
					<row0>	0.0000 0.6438 0.0000 0.0000	</row0>
					<row1>	0.4533 0.0000 -0.4572 0.0000	</row1>
					<row2>	-0.4572 0.0000 -0.4533 0.0000	</row2>
					<row3>	0.4605 0.9082 0.8586 1.0000	</row3>
				</transform>
			</node>
			<node>
				<identifier>	MP_AM010_Speaker_1_INDEX_5	</identifier>
				<transform>
					<row0>	0.0000 -0.6438 0.0000 0.0000	</row0>
					<row1>	-0.4533 0.0000 -0.4572 0.0000	</row1>
					<row2>	0.4572 0.0000 -0.4533 0.0000	</row2>
					<row3>	-0.4605 0.9082 0.8586 1.0000	</row3>
				</transform>
			</node>
			<node>
				<identifier>	MP_AM018_Compass_Binnacle	</identifier>
				<transform>
					<row0>	1.0000 0.0000 0.0000 0.0000	</row0>
					<row1>	0.0000 1.0000 0.0000 0.0000	</row1>
					<row2>	0.0000 0.0000 1.0000 0.0000	</row2>
					<row3>	0.0000 0.9099 -0.5168 1.0000	</row3>
				</transform>
			</node>
			<node>
				<identifier>	MP_AM021_Ventilators_3	</identifier>
				<transform>
					<row0>	1.1585 0.0000 0.0000 0.0000	</row0>
					<row1>	0.0000 1.1585 0.0000 0.0000	</row1>
					<row2>	0.0000 0.0000 1.1585 0.0000	</row2>
					<row3>	0.5015 0.3124 3.1875 1.0000	</row3>
				</transform>
			</node>
			<node>
				<identifier>	MP_AM025_Pelorus_Mk7	</identifier>
				<transform>
					<row0>	0.0000 0.0000 1.0000 0.0000	</row0>
					<row1>	0.0000 1.0000 0.0000 0.0000	</row1>
					<row2>	-1.0000 0.0000 0.0000 0.0000	</row2>
					<row3>	0.3575 0.7795 1.3845 1.0000	</row3>
				</transform>
			</node>
			<node>
				<identifier>	MP_AM025_Pelorus_Mk7_INDEX_1	</identifier>
				<transform>
					<row0>	0.0000 0.0000 -1.0000 0.0000	</row0>
					<row1>	0.0000 1.0000 0.0000 0.0000	</row1>
					<row2>	1.0000 0.0000 0.0000 0.0000	</row2>
					<row3>	-0.3575 0.7795 1.3845 1.0000	</row3>
				</transform>
			</node>
			<node>
				<identifier>	MP_AM025_Pelorus_Mk7_INDEX_2	</identifier>
				<transform>
					<row0>	0.0000 0.0000 1.0000 0.0000	</row0>
					<row1>	0.0000 1.0000 0.0000 0.0000	</row1>
					<row2>	-1.0000 0.0000 0.0000 0.0000	</row2>
					<row3>	-0.3947 0.9276 1.0805 1.0000	</row3>
				</transform>
			</node>
			<node>
				<identifier>	MP_AM025_Pelorus_Mk7_INDEX_3	</identifier>
				<transform>
					<row0>	0.0000 0.0000 -1.0000 0.0000	</row0>
					<row1>	0.0000 1.0000 0.0000 0.0000	</row1>
					<row2>	1.0000 0.0000 0.0000 0.0000	</row2>
					<row3>	0.3947 0.9276 1.0805 1.0000	</row3>
				</transform>
			</node>
			<node>
				<identifier>	MP_AM025_Pelorus_Mk7_INDEX_4	</identifier>
				<transform>
					<row0>	-1.0000 0.0000 0.0000 0.0000	</row0>
					<row1>	0.0000 1.0000 0.0000 0.0000	</row1>
					<row2>	0.0000 0.0000 -1.0000 0.0000	</row2>
					<row3>	0.0000 1.0654 1.9604 1.0000	</row3>
				</transform>
			</node>
			<node>
				<identifier>	MP_AM025_Pelorus_Mk7_INDEX_5	</identifier>
				<transform>
					<row0>	0.0000 0.0000 -1.0000 0.0000	</row0>
					<row1>	0.0000 1.0000 0.0000 0.0000	</row1>
					<row2>	1.0000 0.0000 0.0000 0.0000	</row2>
					<row3>	0.1869 1.5172 0.7159 1.0000	</row3>
				</transform>
			</node>
			<node>
				<identifier>	MP_AM025_Pelorus_Mk7_INDEX_6	</identifier>
				<transform>
					<row0>	0.0000 0.0000 1.0000 0.0000	</row0>
					<row1>	0.0000 1.0000 0.0000 0.0000	</row1>
					<row2>	-1.0000 0.0000 0.0000 0.0000	</row2>
					<row3>	-0.1869 1.5172 0.7159 1.0000	</row3>
				</transform>
			</node>
			<node>
				<identifier>	MP_AM025_Pelorus_Mk7_INDEX_7	</identifier>
				<transform>
					<row0>	1.0000 0.0000 0.0000 0.0000	</row0>
					<row1>	0.0000 1.0000 0.0000 0.0000	</row1>
					<row2>	0.0000 0.0000 1.0000 0.0000	</row2>
					<row3>	0.0000 1.0589 -0.5031 1.0000	</row3>
				</transform>
			</node>
			<node>
				<identifier>	MP_AM045_Running_Lights_F	</identifier>
				<transform>
					<row0>	1.0000 0.0000 0.0000 0.0000	</row0>
					<row1>	0.0000 1.0000 0.0000 0.0000	</row1>
					<row2>	0.0000 0.0000 1.0000 0.0000	</row2>
					<row3>	0.0000 2.0168 0.8772 1.0000	</row3>
				</transform>
			</node>
			<node>
				<identifier>	MP_AM047_Running_Lights_R	</identifier>
				<transform>
					<row0>	1.0000 0.0000 0.0000 0.0000	</row0>
					<row1>	0.0000 1.0000 0.0000 0.0000	</row1>
					<row2>	0.0000 0.0000 1.0000 0.0000	</row2>
					<row3>	0.4646 0.9338 0.7137 1.0000	</row3>
				</transform>
			</node>
			<node>
				<identifier>	MP_AM048_Running_Lights_L	</identifier>
				<transform>
					<row0>	1.0000 0.0000 0.0000 0.0000	</row0>
					<row1>	0.0000 1.0000 0.0000 0.0000	</row1>
					<row2>	0.0000 0.0000 1.0000 0.0000	</row2>
					<row3>	-0.4646 0.9338 0.7137 1.0000	</row3>
				</transform>
			</node>
			<node>
				<identifier>	MP_AM059_Boat_5	</identifier>
				<transform>
					<row0>	0.0000 0.0000 1.0000 0.0000	</row0>
					<row1>	0.0000 1.0000 0.0000 0.0000	</row1>
					<row2>	-1.0000 0.0000 0.0000 0.0000	</row2>
					<row3>	-0.7317 0.4519 1.7902 1.0000	</row3>
				</transform>
			</node>
			<node>
				<identifier>	MP_AM059_Boat_5_INDEX_1	</identifier>
				<transform>
					<row0>	0.0000 0.0000 -1.0000 0.0000	</row0>
					<row1>	0.0000 1.0000 0.0000 0.0000	</row1>
					<row2>	1.0000 0.0000 0.0000 0.0000	</row2>
					<row3>	0.7317 0.4519 1.7902 1.0000	</row3>
				</transform>
			</node>
			<node>
				<identifier>	MP_AM059_Boat_5_INDEX_2	</identifier>
				<transform>
					<row0>	0.0000 0.0000 -1.0000 0.0000	</row0>
					<row1>	0.0000 1.0000 0.0000 0.0000	</row1>
					<row2>	1.0000 0.0000 0.0000 0.0000	</row2>
					<row3>	0.7665 0.4523 1.2323 1.0000	</row3>
				</transform>
			</node>
			<node>
				<identifier>	MP_AM059_Boat_5_INDEX_3	</identifier>
				<transform>
					<row0>	0.0000 0.0000 1.0000 0.0000	</row0>
					<row1>	0.0000 1.0000 0.0000 0.0000	</row1>
					<row2>	-1.0000 0.0000 0.0000 0.0000	</row2>
					<row3>	-0.7665 0.4523 1.2323 1.0000	</row3>
				</transform>
			</node>
			<node>
				<identifier>	MP_AM062_IFF_Antenna	</identifier>
				<transform>
					<row0>	0.9996 0.0000 0.0293 0.0000	</row0>
					<row1>	0.0000 1.0000 0.0000 0.0000	</row1>
					<row2>	-0.0293 0.0000 0.9996 0.0000	</row2>
					<row3>	-0.4029 2.1197 0.2812 1.0000	</row3>
				</transform>
			</node>
			<node>
				<identifier>	MP_AM062_IFF_Antenna_INDEX_1	</identifier>
				<transform>
					<row0>	0.9996 0.0000 -0.0293 0.0000	</row0>
					<row1>	0.0000 1.0000 0.0000 0.0000	</row1>
					<row2>	0.0293 0.0000 0.9996 0.0000	</row2>
					<row3>	0.4029 2.1197 0.2802 1.0000	</row3>
				</transform>
			</node>
			<node>
				<identifier>	MP_AM062_IFF_Antenna_INDEX_2	</identifier>
				<transform>
					<row0>	0.8769 0.0000 0.0000 0.0000	</row0>
					<row1>	0.0000 0.8769 0.0000 0.0000	</row1>
					<row2>	0.0000 0.0000 0.8769 0.0000	</row2>
					<row3>	0.0000 2.2106 0.1855 1.0000	</row3>
				</transform>
			</node>
			<node>
				<identifier>	MP_AM071_Signal_Lamp_2	</identifier>
				<transform>
					<row0>	1.0000 0.0000 0.0000 0.0000	</row0>
					<row1>	0.0000 1.0000 0.0000 0.0000	</row1>
					<row2>	0.0000 0.0000 1.0000 0.0000	</row2>
					<row3>	-0.4582 2.0843 0.2775 1.0000	</row3>
				</transform>
			</node>
			<node>
				<identifier>	MP_AM071_Signal_Lamp_2_INDEX_1	</identifier>
				<transform>
					<row0>	1.0000 0.0000 0.0000 0.0000	</row0>
					<row1>	0.0000 1.0000 0.0000 0.0000	</row1>
					<row2>	0.0000 0.0000 1.0000 0.0000	</row2>
					<row3>	0.4582 2.0843 0.2775 1.0000	</row3>
				</transform>
			</node>
			<node>
				<identifier>	MP_AM074_Floater_Net_Basket_2	</identifier>
				<transform>
					<row0>	0.0439 0.0060 0.9990 0.0000	</row0>
					<row1>	-0.0729 0.9973 -0.0028 0.0000	</row1>
					<row2>	-0.9964 -0.0727 0.0442 0.0000	</row2>
					<row3>	-0.8914 0.4433 1.2198 1.0000	</row3>
				</transform>
			</node>
			<node>
				<identifier>	MP_AM074_Floater_Net_Basket_2_INDEX_1	</identifier>
				<transform>
					<row0>	0.0439 -0.0060 -0.9990 0.0000	</row0>
					<row1>	0.0729 0.9973 -0.0028 0.0000	</row1>
					<row2>	0.9964 -0.0727 0.0442 0.0000	</row2>
					<row3>	0.8914 0.4433 1.2198 1.0000	</row3>
				</transform>
			</node>
			<node>
				<identifier>	MP_AM074_Floater_Net_Basket_2_INDEX_2	</identifier>
				<transform>
					<row0>	1.0000 0.0000 0.0000 0.0000	</row0>
					<row1>	0.0000 1.0000 0.0000 0.0000	</row1>
					<row2>	0.0000 0.0000 1.0000 0.0000	</row2>
					<row3>	0.0000 0.5837 1.9020 1.0000	</row3>
				</transform>
			</node>
			<node>
				<identifier>	MP_AM074_Floater_Net_Basket_2_INDEX_3	</identifier>
				<transform>
					<row0>	0.2927 0.0000 -0.9562 0.0000	</row0>
					<row1>	0.1396 0.9893 0.0427 0.0000	</row1>
					<row2>	0.9460 -0.1460 0.2895 0.0000	</row2>
					<row3>	0.5412 0.7783 0.2125 1.0000	</row3>
				</transform>
			</node>
			<node>
				<identifier>	MP_AM074_Floater_Net_Basket_2_INDEX_4	</identifier>
				<transform>
					<row0>	0.2927 0.0000 0.9562 0.0000	</row0>
					<row1>	-0.1396 0.9893 0.0427 0.0000	</row1>
					<row2>	-0.9460 -0.1460 0.2895 0.0000	</row2>
					<row3>	-0.5412 0.7783 0.2125 1.0000	</row3>
				</transform>
			</node>
			<node>
				<identifier>	MP_AM074_Floater_Net_Basket_2_INDEX_5	</identifier>
				<transform>
					<row0>	0.0000 0.0000 -1.0000 0.0000	</row0>
					<row1>	0.0000 1.0000 0.0000 0.0000	</row1>
					<row2>	1.0000 0.0000 0.0000 0.0000	</row2>
					<row3>	0.9411 0.4527 -0.2850 1.0000	</row3>
				</transform>
			</node>
			<node>
				<identifier>	MP_AM074_Floater_Net_Basket_2_INDEX_6	</identifier>
				<transform>
					<row0>	0.0000 0.0000 1.0000 0.0000	</row0>
					<row1>	0.0000 1.0000 0.0000 0.0000	</row1>
					<row2>	-1.0000 0.0000 0.0000 0.0000	</row2>
					<row3>	-0.9411 0.4527 -0.2850 1.0000	</row3>
				</transform>
			</node>
			<node>
				<identifier>	MP_AM079_24in_SearchLight	</identifier>
				<transform>
					<row0>	0.0000 0.0000 -1.0000 0.0000	</row0>
					<row1>	0.0000 1.0000 0.0000 0.0000	</row1>
					<row2>	1.0000 0.0000 0.0000 0.0000	</row2>
					<row3>	0.4372 0.7656 1.1720 1.0000	</row3>
				</transform>
			</node>
			<node>
				<identifier>	MP_AM079_24in_SearchLight_INDEX_1	</identifier>
				<transform>
					<row0>	0.0000 0.0000 1.0000 0.0000	</row0>
					<row1>	0.0000 1.0000 0.0000 0.0000	</row1>
					<row2>	-1.0000 0.0000 0.0000 0.0000	</row2>
					<row3>	-0.4372 0.7656 1.1720 1.0000	</row3>
				</transform>
			</node>
			<node>
				<identifier>	MP_AM087_TBS_Antenna_3	</identifier>
				<transform>
					<row0>	0.0000 0.0000 -1.0000 0.0000	</row0>
					<row1>	0.0000 1.0000 0.0000 0.0000	</row1>
					<row2>	1.0000 0.0000 0.0000 0.0000	</row2>
					<row3>	0.1413 2.4365 0.1291 1.0000	</row3>
				</transform>
			</node>
			<node>
				<identifier>	MP_AM087_TBS_Antenna_3_INDEX_1	</identifier>
				<transform>
					<row0>	0.0000 0.0000 1.0000 0.0000	</row0>
					<row1>	0.0000 1.0000 0.0000 0.0000	</row1>
					<row2>	-1.0000 0.0000 0.0000 0.0000	</row2>
					<row3>	-0.1413 2.4365 0.1291 1.0000	</row3>
				</transform>
			</node>
			<node>
				<identifier>	MP_AM098_Siren	</identifier>
				<transform>
					<row0>	0.8117 0.0000 0.1917 0.0000	</row0>
					<row1>	0.0000 0.8340 0.0000 0.0000	</row1>
					<row2>	-0.1917 0.0000 0.8117 0.0000	</row2>
					<row3>	-0.1403 1.8472 0.3727 1.0000	</row3>
				</transform>
			</node>
			<node>
				<identifier>	MP_AM101_Cooling_tube	</identifier>
				<transform>
					<row0>	0.2542 0.8574 -0.4475 0.0000	</row0>
					<row1>	0.4235 -0.5146 -0.7455 0.0000	</row1>
					<row2>	-0.8695 0.0000 -0.4940 0.0000	</row2>
					<row3>	0.7617 0.3204 2.9296 1.0000	</row3>
				</transform>
			</node>
			<node>
				<identifier>	MP_AM101_Cooling_tube_INDEX_1	</identifier>
				<transform>
					<row0>	0.2521 0.8600 -0.4438 0.0000	</row0>
					<row1>	0.4248 -0.5104 -0.7477 0.0000	</row1>
					<row2>	-0.8695 0.0000 -0.4940 0.0000	</row2>
					<row3>	0.8989 0.3204 2.6880 1.0000	</row3>
				</transform>
			</node>
			<node>
				<identifier>	MP_AM101_Cooling_tube_INDEX_10	</identifier>
				<transform>
					<row0>	0.1261 0.9005 -0.4161 0.0000	</row0>
					<row1>	0.2612 -0.4348 -0.8618 0.0000	</row1>
					<row2>	-0.9570 0.0000 -0.2901 0.0000	</row2>
					<row3>	0.5721 0.7672 0.1214 1.0000	</row3>
				</transform>
			</node>
			<node>
				<identifier>	MP_AM101_Cooling_tube_INDEX_11	</identifier>
				<transform>
					<row0>	0.9037 0.2780 -0.3257 0.0000	</row0>
					<row1>	-0.2615 0.9606 0.0942 0.0000	</row1>
					<row2>	0.3390 0.0000 0.9408 0.0000	</row2>
					<row3>	-0.5828 0.7709 -0.1219 1.0000	</row3>
				</transform>
			</node>
			<node>
				<identifier>	MP_AM101_Cooling_tube_INDEX_12	</identifier>
				<transform>
					<row0>	-0.2786 0.2782 -0.9192 0.0000	</row0>
					<row1>	0.0807 0.9605 0.2662 0.0000	</row1>
					<row2>	0.9570 0.0000 -0.2901 0.0000	</row2>
					<row3>	-0.5721 0.7672 0.1214 1.0000	</row3>
				</transform>
			</node>
			<node>
				<identifier>	MP_AM101_Cooling_tube_INDEX_13	</identifier>
				<transform>
					<row0>	0.0369 0.0000 -0.9993 0.0000	</row0>
					<row1>	0.0000 1.0000 0.0000 0.0000	</row1>
					<row2>	0.9993 0.0000 0.0369 0.0000	</row2>
					<row3>	1.0764 0.4725 0.8479 1.0000	</row3>
				</transform>
			</node>
			<node>
				<identifier>	MP_AM101_Cooling_tube_INDEX_14	</identifier>
				<transform>
					<row0>	0.0000 0.7471 0.6648 0.0000	</row0>
					<row1>	0.0000 -0.6648 0.7471 0.0000	</row1>
					<row2>	1.0000 0.0000 0.0000 0.0000	</row2>
					<row3>	0.9280 0.4646 -0.3920 1.0000	</row3>
				</transform>
			</node>
			<node>
				<identifier>	MP_AM101_Cooling_tube_INDEX_15	</identifier>
				<transform>
					<row0>	0.0000 0.0000 1.0000 0.0000	</row0>
					<row1>	0.0000 1.0000 0.0000 0.0000	</row1>
					<row2>	-1.0000 0.0000 0.0000 0.0000	</row2>
					<row3>	-0.9280 0.4646 -0.3920 1.0000	</row3>
				</transform>
			</node>
			<node>
				<identifier>	MP_AM101_Cooling_tube_INDEX_2	</identifier>
				<transform>
					<row0>	0.4322 0.8611 0.2679 0.0000	</row0>
					<row1>	0.7318 -0.5085 0.4537 0.0000	</row1>
					<row2>	0.5269 0.0000 -0.8499 0.0000	</row2>
					<row3>	0.5018 0.3214 3.0664 1.0000	</row3>
				</transform>
			</node>
			<node>
				<identifier>	MP_AM101_Cooling_tube_INDEX_3	</identifier>
				<transform>
					<row0>	-0.4825 0.2146 -0.8492 0.0000	</row0>
					<row1>	0.1060 0.9767 0.1866 0.0000	</row1>
					<row2>	0.8695 0.0000 -0.4940 0.0000	</row2>
					<row3>	-0.8989 0.3204 2.6880 1.0000	</row3>
				</transform>
			</node>
			<node>
				<identifier>	MP_AM101_Cooling_tube_INDEX_4	</identifier>
				<transform>
					<row0>	-0.4831 0.2089 -0.8503 0.0000	</row0>
					<row1>	0.1032 0.9779 0.1816 0.0000	</row1>
					<row2>	0.8695 0.0000 -0.4940 0.0000	</row2>
					<row3>	-0.7617 0.3204 2.9296 1.0000	</row3>
				</transform>
			</node>
			<node>
				<identifier>	MP_AM101_Cooling_tube_INDEX_5	</identifier>
				<transform>
					<row0>	-0.8306 0.2120 0.5150 0.0000	</row0>
					<row1>	0.1802 0.9773 -0.1117 0.0000	</row1>
					<row2>	-0.5269 0.0000 -0.8499 0.0000	</row2>
					<row3>	-0.5018 0.3211 3.0664 1.0000	</row3>
				</transform>
			</node>
			<node>
				<identifier>	MP_AM101_Cooling_tube_INDEX_6	</identifier>
				<transform>
					<row0>	0.0369 0.0000 -0.9993 0.0000	</row0>
					<row1>	0.0000 1.0000 0.0000 0.0000	</row1>
					<row2>	0.9993 0.0000 0.0369 0.0000	</row2>
					<row3>	1.0690 0.4725 1.0470 1.0000	</row3>
				</transform>
			</node>
			<node>
				<identifier>	MP_AM101_Cooling_tube_INDEX_7	</identifier>
				<transform>
					<row0>	0.0256 -0.7218 0.6916 0.0000	</row0>
					<row1>	0.0267 0.6921 0.7213 0.0000	</row1>
					<row2>	-0.9993 0.0000 0.0369 0.0000	</row2>
					<row3>	-1.0711 0.4971 0.9909 1.0000	</row3>
				</transform>
			</node>
			<node>
				<identifier>	MP_AM101_Cooling_tube_INDEX_8	</identifier>
				<transform>
					<row0>	0.0251 -0.7327 0.6801 0.0000	</row0>
					<row1>	0.0271 0.6805 0.7322 0.0000	</row1>
					<row2>	-0.9993 0.0000 0.0369 0.0000	</row2>
					<row3>	-1.0784 0.4967 0.7918 1.0000	</row3>
				</transform>
			</node>
			<node>
				<identifier>	MP_AM101_Cooling_tube_INDEX_9	</identifier>
				<transform>
					<row0>	-0.4091 0.9005 -0.1474 0.0000	</row0>
					<row1>	-0.8472 -0.4348 -0.3053 0.0000	</row1>
					<row2>	-0.3390 0.0000 0.9408 0.0000	</row2>
					<row3>	0.5828 0.7709 -0.1219 1.0000	</row3>
				</transform>
			</node>
			<node>
				<identifier>	MP_AM108_Reels_4	</identifier>
				<transform>
					<row0>	0.0000 0.0000 -0.7022 0.0000	</row0>
					<row1>	0.0000 0.7022 0.0000 0.0000	</row1>
					<row2>	0.7022 0.0000 0.0000 0.0000	</row2>
					<row3>	0.6712 0.4529 1.0262 1.0000	</row3>
				</transform>
			</node>
			<node>
				<identifier>	MP_AM108_Reels_4_INDEX_1	</identifier>
				<transform>
					<row0>	0.0000 0.0000 0.7022 0.0000	</row0>
					<row1>	0.0000 0.7022 0.0000 0.0000	</row1>
					<row2>	-0.7022 0.0000 0.0000 0.0000	</row2>
					<row3>	-0.6712 0.4529 1.0262 1.0000	</row3>
				</transform>
			</node>
			<node>
				<identifier>	MP_AM108_Reels_4_INDEX_2	</identifier>
				<transform>
					<row0>	0.0000 0.0000 -1.0000 0.0000	</row0>
					<row1>	0.0000 1.0000 0.0000 0.0000	</row1>
					<row2>	1.0000 0.0000 0.0000 0.0000	</row2>
					<row3>	0.6485 0.4531 -0.1068 1.0000	</row3>
				</transform>
			</node>
			<node>
				<identifier>	MP_AM108_Reels_4_INDEX_3	</identifier>
				<transform>
					<row0>	0.0000 0.0000 1.0000 0.0000	</row0>
					<row1>	0.0000 1.0000 0.0000 0.0000	</row1>
					<row2>	-1.0000 0.0000 0.0000 0.0000	</row2>
					<row3>	-0.6485 0.4531 -0.1068 1.0000	</row3>
				</transform>
			</node>
			<node>
				<identifier>	MP_AM114_Freon_Cylinder_acetylene	</identifier>
				<transform>
					<row0>	-1.0000 0.0000 0.0000 0.0000	</row0>
					<row1>	0.0000 1.0000 0.0000 0.0000	</row1>
					<row2>	0.0000 0.0000 -1.0000 0.0000	</row2>
					<row3>	0.9399 0.3102 -0.0293 1.0000	</row3>
				</transform>
			</node>
			<node>
				<identifier>	MP_AM114_Freon_Cylinder_acetylene_INDEX_1	</identifier>
				<transform>
					<row0>	-1.0000 0.0000 0.0000 0.0000	</row0>
					<row1>	0.0000 1.0000 0.0000 0.0000	</row1>
					<row2>	0.0000 0.0000 -1.0000 0.0000	</row2>
