<ASB078_Wisconsin_1945_Bow_ports.visual>
	<node>
		<identifier>	Scene Root	</identifier>
		<transform>
			<row0>	1.0000 0.0000 0.0000 0.0000	</row0>
			<row1>	0.0000 1.0000 0.0000 0.0000	</row1>
			<row2>	0.0000 0.0000 1.0000 0.0000	</row2>
			<row3>	0.0000 0.0000 0.0000 1.0000	</row3>
		</transform>
		<node>
			<identifier>	Bow_ports	</identifier>
			<transform>
				<row0>	1.0000 0.0000 0.0000 0.0000	</row0>
				<row1>	0.0000 1.0000 0.0000 0.0000	</row1>
				<row2>	0.0000 0.0000 1.0000 0.0000	</row2>
				<row3>	0.0000 0.0000 0.0000 1.0000	</row3>
			</transform>
			<node>
				<identifier>	HP_AD_1	</identifier>
				<transform>
					<row0>	0.7071 0.0000 0.7071 0.0000	</row0>
					<row1>	0.0000 1.0000 0.0000 0.0000	</row1>
					<row2>	-0.7071 0.0000 0.7071 0.0000	</row2>
					<row3>	-0.1268 0.5152 5.7668 1.0000	</row3>
				</transform>
			</node>
			<node>
				<identifier>	HP_AD_2	</identifier>
				<transform>
					<row0>	0.7071 0.0000 -0.7071 0.0000	</row0>
					<row1>	0.0000 1.0000 0.0000 0.0000	</row1>
					<row2>	0.7071 0.0000 0.7071 0.0000	</row2>
					<row3>	0.1268 0.5152 5.7668 1.0000	</row3>
				</transform>
			</node>
			<node>
				<identifier>	HP_AGA_1	</identifier>
				<transform>
					<row0>	1.0000 0.0000 0.0000 0.0000	</row0>
					<row1>	0.0000 1.0000 0.0000 0.0000	</row1>
					<row2>	0.0000 0.0000 1.0000 0.0000	</row2>
					<row3>	-0.0961 0.6412 8.9857 1.0000	</row3>
				</transform>
			</node>
			<node>
				<identifier>	HP_AGA_2	</identifier>
				<transform>
					<row0>	1.0000 0.0000 0.0000 0.0000	</row0>
					<row1>	0.0000 1.0000 0.0000 0.0000	</row1>
					<row2>	0.0000 0.0000 1.0000 0.0000	</row2>
					<row3>	0.0961 0.6412 8.9857 1.0000	</row3>
				</transform>
			</node>
			<node>
				<identifier>	HP_AGA_3	</identifier>
				<transform>
					<row0>	0.7071 0.0000 0.7071 0.0000	</row0>
					<row1>	0.0000 1.0000 0.0000 0.0000	</row1>
					<row2>	-0.7071 0.0000 0.7071 0.0000	</row2>
					<row3>	-0.2552 0.4345 6.5212 1.0000	</row3>
				</transform>
			</node>
			<node>
				<identifier>	HP_AGA_4	</identifier>
				<transform>
					<row0>	0.7071 0.0000 -0.7071 0.0000	</row0>
					<row1>	0.0000 1.0000 0.0000 0.0000	</row1>
					<row2>	0.7071 0.0000 0.7071 0.0000	</row2>
					<row3>	0.2552 0.4345 6.5212 1.0000	</row3>
				</transform>
			</node>
			<node>
				<identifier>	HP_AGA_5	</identifier>
				<transform>
					<row0>	0.7071 0.0000 0.7071 0.0000	</row0>
					<row1>	0.0000 1.0000 0.0000 0.0000	</row1>
					<row2>	-0.7071 0.0000 0.7071 0.0000	</row2>
					<row3>	-0.2928 0.3930 5.9437 1.0000	</row3>
				</transform>
			</node>
			<node>
				<identifier>	HP_AGA_6	</identifier>
				<transform>
					<row0>	0.7071 0.0000 -0.7071 0.0000	</row0>
					<row1>	0.0000 1.0000 0.0000 0.0000	</row1>
					<row2>	0.7071 0.0000 0.7071 0.0000	</row2>
					<row3>	0.2928 0.3930 5.9437 1.0000	</row3>
				</transform>
			</node>
			<node>
				<identifier>	HP_AGM_1	</identifier>
				<transform>
					<row0>	1.0000 0.0000 0.0000 0.0000	</row0>
					<row1>	0.0000 1.0000 0.0000 0.0000	</row1>
					<row2>	0.0000 0.0000 1.0000 0.0000	</row2>
					<row3>	0.0000 0.3635 4.1706 1.0000	</row3>
				</transform>
			</node>
			<node>
				<identifier>	HP_FX_Death_1	</identifier>
				<transform>
					<row0>	1.0000 0.0000 0.0000 0.0000	</row0>
					<row1>	0.0000 1.0000 0.0000 0.0000	</row1>
					<row2>	0.0000 0.0000 1.0000 0.0000	</row2>
					<row3>	0.0000 0.0000 5.0000 1.0000	</row3>
				</transform>
			</node>
			<node>
				<identifier>	HP_FX_Fire_1	</identifier>
				<transform>
					<row0>	1.0000 0.0000 0.0000 0.0000	</row0>
					<row1>	0.0000 1.0000 0.0000 0.0000	</row1>
					<row2>	0.0000 0.0000 1.0000 0.0000	</row2>
					<row3>	0.0000 0.5181 6.4729 1.0000	</row3>
				</transform>
			</node>
			<node>
				<identifier>	HP_FX_Flood_water_left	</identifier>
				<transform>
					<row0>	-0.9838 0.0000 0.1791 0.0000	</row0>
					<row1>	0.0000 1.0000 0.0000 0.0000	</row1>
					<row2>	-0.1791 0.0000 -0.9838 0.0000	</row2>
					<row3>	-0.5346 0.0703 5.1405 1.0000	</row3>
				</transform>
			</node>
			<node>
				<identifier>	HP_FX_Flood_water_right	</identifier>
				<transform>
					<row0>	0.9722 0.0000 0.2340 0.0000	</row0>
					<row1>	0.0000 1.0000 0.0000 0.0000	</row1>
					<row2>	-0.2340 0.0000 0.9722 0.0000	</row2>
					<row3>	0.5347 0.0716 5.1409 1.0000	</row3>
				</transform>
			</node>
			<node>
				<identifier>	HP_FX_RepairLight_left_1	</identifier>
				<transform>
					<row0>	0.1213 -0.0505 0.9913 0.0000	</row0>
					<row1>	0.0164 0.9987 0.0489 0.0000	</row1>
					<row2>	-0.9925 0.0103 0.1220 0.0000	</row2>
					<row3>	-0.7576 0.3398 4.2925 1.0000	</row3>
				</transform>
			</node>
			<node>
				<identifier>	HP_FX_WakeTrace	</identifier>
				<transform>
					<row0>	1.0000 0.0000 0.0000 0.0000	</row0>
					<row1>	0.0000 1.0000 0.0000 0.0000	</row1>
					<row2>	0.0000 0.0000 1.0000 0.0000	</row2>
					<row3>	0.0000 0.0000 8.7381 1.0000	</row3>
				</transform>
			</node>
			<node>
				<identifier>	HP_Ship_death_1	</identifier>
				<transform>
					<row0>	1.0000 0.0000 0.0000 0.0000	</row0>
					<row1>	0.0000 1.0000 0.0000 0.0000	</row1>
					<row2>	0.0000 0.0000 1.0000 0.0000	</row2>
					<row3>	0.0000 0.0000 3.7074 1.0000	</row3>
				</transform>
			</node>
			<node>
				<identifier>	MP_AM010_Speaker_1	</identifier>
				<transform>
					<row0>	1.0000 0.0000 0.0000 0.0000	</row0>
					<row1>	0.0000 1.0000 0.0000 0.0000	</row1>
					<row2>	0.0000 0.0000 1.0000 0.0000	</row2>
					<row3>	0.2918 0.4926 5.7424 1.0000	</row3>
				</transform>
			</node>
			<node>
				<identifier>	MP_AM010_Speaker_1_INDEX_1	</identifier>
				<transform>
					<row0>	1.0000 0.0000 0.0000 0.0000	</row0>
					<row1>	0.0000 1.0000 0.0000 0.0000	</row1>
					<row2>	0.0000 0.0000 1.0000 0.0000	</row2>
					<row3>	-0.2918 0.4926 5.7424 1.0000	</row3>
				</transform>
			</node>
			<node>
				<identifier>	MP_AM021_Ventilators_3	</identifier>
				<transform>
					<row0>	1.0000 0.0000 0.0000 0.0000	</row0>
					<row1>	0.0000 1.0000 0.0000 0.0000	</row1>
					<row2>	0.0000 0.0000 1.0000 0.0000	</row2>
					<row3>	-0.0404 0.4189 6.3378 1.0000	</row3>
				</transform>
			</node>
			<node>
				<identifier>	MP_AM021_Ventilators_3_INDEX_1	</identifier>
				<transform>
					<row0>	0.8426 0.0000 0.0000 0.0000	</row0>
					<row1>	0.0000 0.8426 0.0000 0.0000	</row1>
					<row2>	0.0000 0.0000 0.8426 0.0000	</row2>
					<row3>	0.1443 0.4052 6.1128 1.0000	</row3>
				</transform>
			</node>
			<node>
				<identifier>	MP_AM021_Ventilators_3_INDEX_2	</identifier>
				<transform>
					<row0>	0.5322 0.0000 0.0000 0.0000	</row0>
					<row1>	0.0000 0.5322 0.0000 0.0000	</row1>
					<row2>	0.0000 0.0000 0.5322 0.0000	</row2>
					<row3>	0.0814 0.4166 6.2648 1.0000	</row3>
				</transform>
			</node>
			<node>
				<identifier>	MP_AM023_Hatch_1	</identifier>
				<transform>
					<row0>	0.0000 0.0000 -1.0000 0.0000	</row0>
					<row1>	0.0000 1.0000 0.0000 0.0000	</row1>
					<row2>	1.0000 0.0000 0.0000 0.0000	</row2>
					<row3>	-0.1376 0.5710 8.3030 1.0000	</row3>
				</transform>
			</node>
			<node>
				<identifier>	MP_AM023_Hatch_1_INDEX_1	</identifier>
				<transform>
					<row0>	0.0000 0.0000 -1.0000 0.0000	</row0>
					<row1>	0.0000 1.0000 0.0000 0.0000	</row1>
					<row2>	1.0000 0.0000 0.0000 0.0000	</row2>
					<row3>	0.1199 0.5304 7.8145 1.0000	</row3>
				</transform>
			</node>
			<node>
				<identifier>	MP_AM023_Hatch_1_INDEX_2	</identifier>
				<transform>
					<row0>	0.0000 0.0000 -1.0000 0.0000	</row0>
					<row1>	0.0000 1.0000 0.0000 0.0000	</row1>
					<row2>	1.0000 0.0000 0.0000 0.0000	</row2>
					<row3>	0.0460 0.4322 6.5066 1.0000	</row3>
				</transform>
			</node>
			<node>
				<identifier>	MP_AM077_Paravane	</identifier>
				<transform>
					<row0>	1.0000 0.0000 0.0000 0.0000	</row0>
					<row1>	0.0000 1.0000 0.0000 0.0000	</row1>
					<row2>	0.0000 0.0000 1.0000 0.0000	</row2>
					<row3>	0.3291 0.3911 5.6411 1.0000	</row3>
				</transform>
			</node>
			<node>
				<identifier>	MP_AM077_Paravane_INDEX_1	</identifier>
				<transform>
					<row0>	1.0000 0.0000 0.0000 0.0000	</row0>
					<row1>	0.0000 1.0000 0.0000 0.0000	</row1>
					<row2>	0.0000 0.0000 1.0000 0.0000	</row2>
					<row3>	-0.3291 0.3911 5.6411 1.0000	</row3>
				</transform>
			</node>
			<node>
				<identifier>	MP_AM101_Cooling_tube	</identifier>
				<transform>
					<row0>	0.4064 0.9137 0.0000 0.0000	</row0>
					<row1>	-0.9137 0.4064 0.0000 0.0000	</row1>
					<row2>	0.0000 0.0000 1.0000 0.0000	</row2>
					<row3>	0.1228 0.4301 6.4127 1.0000	</row3>
				</transform>
			</node>
			<node>
				<identifier>	MP_AM101_Cooling_tube_INDEX_1	</identifier>
				<transform>
					<row0>	0.4064 0.9137 0.0000 0.0000	</row0>
					<row1>	-0.9137 0.4064 0.0000 0.0000	</row1>
					<row2>	0.0000 0.0000 1.0000 0.0000	</row2>
					<row3>	-0.1230 0.4301 6.4127 1.0000	</row3>
				</transform>
			</node>
			<node>
				<identifier>	MP_AM108_Reels_4	</identifier>
				<transform>
					<row0>	0.4000 0.0016 -0.0002 0.0000	</row0>
					<row1>	-0.0016 0.3998 -0.0112 0.0000	</row1>
					<row2>	0.0001 0.0112 0.3998 0.0000	</row2>
					<row3>	0.2438 0.3510 5.0228 1.0000	</row3>
				</transform>
			</node>
			<node>
				<identifier>	MP_AM108_Reels_4_INDEX_1	</identifier>
				<transform>
					<row0>	0.4000 0.0016 -0.0002 0.0000	</row0>
					<row1>	-0.0016 0.3998 -0.0112 0.0000	</row1>
					<row2>	0.0001 0.0112 0.3998 0.0000	</row2>
					<row3>	0.1708 0.3524 5.0617 1.0000	</row3>
				</transform>
			</node>
			<node>
				<identifier>	MP_AM108_Reels_4_INDEX_2	</identifier>
				<transform>
					<row0>	0.4000 -0.0007 0.0002 0.0000	</row0>
					<row1>	0.0007 0.3998 -0.0112 0.0000	</row1>
					<row2>	-0.0001 0.0112 0.3998 0.0000	</row2>
					<row3>	-0.1475 0.3521 5.0518 1.0000	</row3>
				</transform>
			</node>
			<node>
				<identifier>	MP_AM108_Reels_4_INDEX_3	</identifier>
				<transform>
					<row0>	0.4000 0.0016 -0.0002 0.0000	</row0>
					<row1>	-0.0016 0.3998 -0.0129 0.0000	</row1>
					<row2>	0.0001 0.0129 0.3998 0.0000	</row2>
					<row3>	-0.3500 0.3509 5.0126 1.0000	</row3>
				</transform>
			</node>
			<node>
				<identifier>	MP_AM157_Telephone	</identifier>
				<transform>
					<row0>	1.0000 0.0000 0.0000 0.0000	</row0>
					<row1>	0.0000 1.0000 0.0000 0.0000	</row1>
					<row2>	0.0000 0.0000 1.0000 0.0000	</row2>
					<row3>	0.1468 0.4807 6.4229 1.0000	</row3>
				</transform>
			</node>
			<node>
				<identifier>	MP_AM157_Telephone_INDEX_1	</identifier>
				<transform>
					<row0>	-0.6841 0.0000 -0.7294 0.0000	</row0>
					<row1>	0.0000 1.0000 0.0000 0.0000	</row1>
					<row2>	0.7294 0.0000 -0.6841 0.0000	</row2>
					<row3>	0.1750 0.5776 5.7390 1.0000	</row3>
				</transform>
			</node>
			<node>
				<identifier>	MP_AM157_Telephone_INDEX_2	</identifier>
				<transform>
					<row0>	-0.6841 0.0000 0.7294 0.0000	</row0>
					<row1>	0.0000 1.0000 0.0000 0.0000	</row1>
					<row2>	-0.7294 0.0000 -0.6841 0.0000	</row2>
					<row3>	-0.1750 0.5776 5.7390 1.0000	</row3>
				</transform>
			</node>
			<node>
				<identifier>	MP_AM161_Anchor_top	</identifier>
				<transform>
					<row0>	0.9171 -0.0782 -0.3936 0.0000	</row0>
					<row1>	-0.2729 0.5982 -0.7548 0.0000	</row1>
					<row2>	0.3785 1.0278 0.6777 0.0000	</row2>
					<row3>	0.1581 0.4813 8.9765 1.0000	</row3>
				</transform>
			</node>
			<node>
				<identifier>	MP_AM161_Anchor_top_INDEX_1	</identifier>
				<transform>
					<row0>	0.9171 0.0782 0.3936 0.0000	</row0>
					<row1>	0.2729 0.5982 -0.7548 0.0000	</row1>
					<row2>	-0.3785 1.0278 0.6777 0.0000	</row2>
					<row3>	-0.1581 0.4813 8.9765 1.0000	</row3>
				</transform>
			</node>
			<node>
				<identifier>	MP_AM162_Anchor_down	</identifier>
				<transform>
					<row0>	1.2077 -0.4476 0.0043 0.0000	</row0>
					<row1>	0.2389 0.6342 -1.0953 0.0000	</row1>
					<row2>	0.3785 1.0278 0.6777 0.0000	</row2>
					<row3>	0.1581 0.4912 8.9614 1.0000	</row3>
				</transform>
			</node>
			<node>
				<identifier>	MP_AM162_Anchor_down_INDEX_1	</identifier>
				<transform>
					<row0>	1.2077 0.4476 -0.0043 0.0000	</row0>
					<row1>	-0.2389 0.6342 -1.0953 0.0000	</row1>
					<row2>	-0.3785 1.0278 0.6777 0.0000	</row2>
					<row3>	-0.1581 0.4912 8.9614 1.0000	</row3>
				</transform>
			</node>
			<node>
				<identifier>	MP_AM219_Bollard	</identifier>
				<transform>
					<row0>	-1.1690 -0.0072 -0.0806 0.0000	</row0>
					<row1>	0.0000 1.1672 -0.1043 0.0000	</row1>
					<row2>	0.0809 -0.1041 -1.1644 0.0000	</row2>
					<row3>	0.1799 0.5920 8.4918 1.0000	</row3>
				</transform>
			</node>
			<node>
				<identifier>	MP_AM219_Bollard_INDEX_1	</identifier>
				<transform>
					<row0>	-1.1690 0.0072 0.0806 0.0000	</row0>
					<row1>	0.0000 1.1672 -0.1043 0.0000	</row1>
					<row2>	-0.0809 -0.1041 -1.1644 0.0000	</row2>
					<row3>	-0.1799 0.5920 8.4918 1.0000	</row3>
				</transform>
			</node>
			<node>
				<identifier>	MP_AM219_Bollard_INDEX_2	</identifier>
				<transform>
					<row0>	-1.1542 -0.0035 -0.2026 0.0000	</row0>
					<row1>	0.0038 1.1711 -0.0422 0.0000	</row1>
					<row2>	0.2026 -0.0422 -1.1534 0.0000	</row2>
					<row3>	0.6312 0.3372 4.6650 1.0000	</row3>
				</transform>
			</node>
			<node>
				<identifier>	MP_AM219_Bollard_INDEX_3	</identifier>
				<transform>
					<row0>	-1.1542 0.0035 0.2026 0.0000	</row0>
					<row1>	-0.0038 1.1711 -0.0422 0.0000	</row1>
					<row2>	-0.2026 -0.0422 -1.1534 0.0000	</row2>
					<row3>	-0.6312 0.3372 4.6650 1.0000	</row3>
				</transform>
			</node>
			<node>
				<identifier>	MP_AM219_Bollard_INDEX_4	</identifier>
				<transform>
					<row0>	1.1676 0.0036 0.0999 0.0000	</row0>
					<row1>	0.0039 1.1685 -0.0884 0.0000	</row1>
					<row2>	-0.0999 0.0884 1.1642 0.0000	</row2>
					<row3>	0.2976 0.4736 7.0459 1.0000	</row3>
				</transform>
			</node>
			<node>
				<identifier>	MP_AM219_Bollard_INDEX_5	</identifier>
				<transform>
					<row0>	1.1676 -0.0036 -0.0999 0.0000	</row0>
					<row1>	-0.0039 1.1685 -0.0884 0.0000	</row1>
					<row2>	0.0999 0.0884 1.1642 0.0000	</row2>
					<row3>	-0.2976 0.4736 7.0459 1.0000	</row3>
				</transform>
			</node>
			<node>
				<identifier>	MP_AM442_Multipole_Switch	</identifier>
				<transform>
					<row0>	0.6859 0.0000 0.7277 0.0000	</row0>
					<row1>	0.0000 1.0000 0.0000 0.0000	</row1>
					<row2>	-0.7277 0.0000 0.6859 0.0000	</row2>
					<row3>	0.1960 0.5725 5.7615 1.0000	</row3>
				</transform>
			</node>
			<node>
				<identifier>	MP_AM442_Multipole_Switch_INDEX_1	</identifier>
				<transform>
					<row0>	0.1265 0.0000 -0.9920 0.0000	</row0>
					<row1>	0.0000 1.0000 0.0000 0.0000	</row1>
					<row2>	0.9920 0.0000 0.1265 0.0000	</row2>
					<row3>	0.1087 0.4569 5.9270 1.0000	</row3>
				</transform>
			</node>
			<node>
				<identifier>	MP_AM442_Multipole_Switch_INDEX_2	</identifier>
				<transform>
					<row0>	1.0000 0.0000 0.0000 0.0000	</row0>
					<row1>	0.0000 1.0000 0.0000 0.0000	</row1>
					<row2>	0.0000 0.0000 1.0000 0.0000	</row2>
					<row3>	0.1323 0.4698 6.4232 1.0000	</row3>
				</transform>
			</node>
			<node>
				<identifier>	MP_AM442_Multipole_Switch_INDEX_3	</identifier>
				<transform>
					<row0>	0.6859 0.0000 -0.7277 0.0000	</row0>
					<row1>	0.0000 1.0000 0.0000 0.0000	</row1>
					<row2>	0.7277 0.0000 0.6859 0.0000	</row2>
					<row3>	-0.1960 0.5725 5.7615 1.0000	</row3>
				</transform>
			</node>
			<node>
				<identifier>	MP_AM442_Multipole_Switch_INDEX_4	</identifier>
				<transform>
					<row0>	0.1265 0.0000 0.9920 0.0000	</row0>
					<row1>	0.0000 1.0000 0.0000 0.0000	</row1>
					<row2>	-0.9920 0.0000 0.1265 0.0000	</row2>
					<row3>	-0.1087 0.4569 5.9270 1.0000	</row3>
				</transform>
			</node>
			<node>
				<identifier>	MP_AM442_Multipole_Switch_INDEX_5	</identifier>
				<transform>
					<row0>	1.0000 0.0000 0.0000 0.0000	</row0>
					<row1>	0.0000 1.0000 0.0000 0.0000	</row1>
					<row2>	0.0000 0.0000 1.0000 0.0000	</row2>
					<row3>	-0.1323 0.4698 6.4232 1.0000	</row3>
				</transform>
			</node>
			<node>
				<identifier>	MP_AM720_Helmets_Rack	</identifier>
				<transform>
					<row0>	1.0000 0.0000 0.0000 0.0000	</row0>
					<row1>	0.0000 1.0000 0.0000 0.0000	</row1>
					<row2>	0.0000 0.0000 1.0000 0.0000	</row2>
					<row3>	0.1582 0.4450 6.4240 1.0000	</row3>
				</transform>
			</node>
			<node>
				<identifier>	MP_AM720_Helmets_Rack_INDEX_1	</identifier>
				<transform>
					<row0>	-0.1310 0.0000 0.9914 0.0000	</row0>
					<row1>	0.0000 1.0000 0.0000 0.0000	</row1>
					<row2>	-0.9914 0.0000 -0.1310 0.0000	</row2>
					<row3>	0.1062 0.4352 5.9296 1.0000	</row3>
				</transform>
			</node>
			<node>
				<identifier>	MP_AM720_Helmets_Rack_INDEX_2	</identifier>
				<transform>
					<row0>	-0.1310 0.0000 -0.9914 0.0000	</row0>
					<row1>	0.0000 1.0000 0.0000 0.0000	</row1>
					<row2>	0.9914 0.0000 -0.1310 0.0000	</row2>
					<row3>	-0.1062 0.4352 5.9296 1.0000	</row3>
				</transform>
			</node>
			<node>
				<identifier>	MP_AM720_Helmets_Rack_INDEX_3	</identifier>
				<transform>
					<row0>	1.0000 0.0000 0.0000 0.0000	</row0>
					<row1>	0.0000 1.0000 0.0000 0.0000	</row1>
					<row2>	0.0000 0.0000 1.0000 0.0000	</row2>
					<row3>	-0.1582 0.4450 6.4240 1.0000	</row3>
				</transform>
			</node>
			<node>
				<identifier>	MP_AM724_Ammobox_big	</identifier>
				<transform>
					<row0>	1.0000 0.0000 0.0000 0.0000	</row0>
					<row1>	0.0000 1.0000 0.0000 0.0000	</row1>
					<row2>	0.0000 0.0000 1.0000 0.0000	</row2>
					<row3>	0.2567 0.4262 6.3955 1.0000	</row3>
				</transform>
			</node>
			<node>
				<identifier>	MP_AM724_Ammobox_big_INDEX_1	</identifier>
				<transform>
					<row0>	1.0000 0.0000 0.0000 0.0000	</row0>
					<row1>	0.0000 1.0000 0.0000 0.0000	</row1>
					<row2>	0.0000 0.0000 1.0000 0.0000	</row2>
					<row3>	-0.2567 0.4262 6.3955 1.0000	</row3>
				</transform>
			</node>
			<node>
				<identifier>	MP_AM724_Ammobox_big_INDEX_2	</identifier>
				<transform>
					<row0>	-1.0000 0.0000 0.0000 0.0000	</row0>
					<row1>	0.0000 1.0000 0.0000 0.0000	</row1>
					<row2>	0.0000 0.0000 -1.0000 0.0000	</row2>
					<row3>	0.2233 0.4443 6.6448 1.0000	</row3>
				</transform>
			</node>
			<node>
				<identifier>	MP_AM724_Ammobox_big_INDEX_3	</identifier>
				<transform>
					<row0>	-1.0000 0.0000 0.0000 0.0000	</row0>
					<row1>	0.0000 1.0000 0.0000 0.0000	</row1>
					<row2>	0.0000 0.0000 -1.0000 0.0000	</row2>
					<row3>	-0.2233 0.4443 6.6448 1.0000	</row3>
				</transform>
			</node>
			<node>
				<identifier>	MP_AM724_Ammobox_big_INDEX_4	</identifier>
				<transform>
					<row0>	0.0000 -0.0322 -0.9995 0.0000	</row0>
					<row1>	0.0000 0.9995 -0.0322 0.0000	</row1>
					<row2>	1.0000 0.0000 0.0000 0.0000	</row2>
					<row3>	0.1416 0.3743 5.5531 1.0000	</row3>
				</transform>
			</node>
			<node>
				<identifier>	MP_AM724_Ammobox_big_INDEX_5	</identifier>
				<transform>
					<row0>	0.0000 -0.0545 -0.9985 0.0000	</row0>
					<row1>	0.0000 0.9985 -0.0545 0.0000	</row1>
					<row2>	1.0000 0.0000 0.0000 0.0000	</row2>
					<row3>	0.1416 0.3804 5.6671 1.0000	</row3>
				</transform>
			</node>
			<node>
				<identifier>	MP_AM724_Ammobox_big_INDEX_6	</identifier>
				<transform>
					<row0>	0.0000 0.0545 0.9985 0.0000	</row0>
					<row1>	0.0000 0.9985 -0.0545 0.0000	</row1>
					<row2>	-1.0000 0.0000 0.0000 0.0000	</row2>
					<row3>	-0.1416 0.3804 5.6671 1.0000	</row3>
				</transform>
			</node>
			<node>
				<identifier>	MP_AM724_Ammobox_big_INDEX_7	</identifier>
				<transform>
					<row0>	0.0000 0.0322 0.9995 0.0000	</row0>
					<row1>	0.0000 0.9995 -0.0322 0.0000	</row1>
					<row2>	-1.0000 0.0000 0.0000 0.0000	</row2>
					<row3>	-0.1416 0.3743 5.5531 1.0000	</row3>
				</transform>
			</node>
			<node>
				<identifier>	MP_AM724_Ammobox_big_INDEX_8	</identifier>
				<transform>
					<row0>	-0.9425 0.0000 -0.3343 0.0000	</row0>
					<row1>	0.0000 1.0000 0.0000 0.0000	</row1>
					<row2>	0.3343 0.0000 -0.9425 0.0000	</row2>
					<row3>	0.2371 0.4089 6.1468 1.0000	</row3>
				</transform>
			</node>
			<node>
				<identifier>	MP_AM724_Ammobox_big_INDEX_9	</identifier>
				<transform>
					<row0>	-0.9425 0.0000 0.3343 0.0000	</row0>
					<row1>	0.0000 1.0000 0.0000 0.0000	</row1>
					<row2>	-0.3343 0.0000 -0.9425 0.0000	</row2>
					<row3>	-0.2371 0.4089 6.1468 1.0000	</row3>
				</transform>
			</node>
			<node>
				<identifier>	MP_AM725_Ammobox	</identifier>
				<transform>
					<row0>	0.0000 0.0000 1.0000 0.0000	</row0>
					<row1>	0.0000 1.0000 0.0000 0.0000	</row1>
					<row2>	-1.0000 0.0000 0.0000 0.0000	</row2>
					<row3>	0.1344 0.4356 6.5422 1.0000	</row3>
				</transform>
			</node>
			<node>
				<identifier>	MP_AM725_Ammobox_INDEX_1	</identifier>
				<transform>
					<row0>	0.0000 0.0000 -1.0000 0.0000	</row0>
					<row1>	0.0000 1.0000 0.0000 0.0000	</row1>
					<row2>	1.0000 0.0000 0.0000 0.0000	</row2>
					<row3>	-0.1344 0.4356 6.5422 1.0000	</row3>
				</transform>
			</node>
			<node>
				<identifier>	MP_AM725_Ammobox_INDEX_2	</identifier>
				<transform>
					<row0>	0.1487 -0.0843 -0.9853 0.0000	</row0>
					<row1>	0.0154 0.9964 -0.0829 0.0000	</row1>
					<row2>	0.9888 -0.0029 0.1494 0.0000	</row2>
					<row3>	0.1548 0.6272 8.8643 1.0000	</row3>
				</transform>
			</node>
			<node>
				<identifier>	MP_AM725_Ammobox_INDEX_3	</identifier>
				<transform>
					<row0>	0.1487 0.0843 0.9853 0.0000	</row0>
					<row1>	-0.0154 0.9964 -0.0829 0.0000	</row1>
					<row2>	-0.9888 -0.0029 0.1494 0.0000	</row2>
					<row3>	-0.1548 0.6272 8.8643 1.0000	</row3>
				</transform>
			</node>
			<node>
				<identifier>	MP_AM749_Hatch	</identifier>
				<transform>
					<row0>	1.0000 0.0000 0.0000 0.0000	</row0>
					<row1>	0.0000 1.0000 0.0000 0.0000	</row1>
					<row2>	0.0000 0.0000 1.0000 0.0000	</row2>
					<row3>	-0.0507 0.4040 6.2313 1.0000	</row3>
				</transform>
			</node>
			<node>
				<identifier>	MP_CM011_Fire_Fighting_Gear	</identifier>
				<transform>
					<row0>	-1.0000 0.0000 0.0000 0.0000	</row0>
					<row1>	0.0000 1.0000 0.0000 0.0000	</row1>
					<row2>	0.0000 0.0000 -1.0000 0.0000	</row2>
					<row3>	0.0970 0.5382 7.8583 1.0000	</row3>
				</transform>
			</node>
			<node>
				<identifier>	MP_CM011_Fire_Fighting_Gear_INDEX_1	</identifier>
				<transform>
					<row0>	-1.0000 0.0000 0.0000 0.0000	</row0>
					<row1>	0.0000 1.0000 0.0000 0.0000	</row1>
					<row2>	0.0000 0.0000 -1.0000 0.0000	</row2>
					<row3>	-0.1579 0.5800 8.3514 1.0000	</row3>
				</transform>
			</node>
			<node>
				<identifier>	MP_CM012_Fire_Hose_Rack_1	</identifier>
				<transform>
					<row0>	0.0039 -0.8456 0.5339 0.0000	</row0>
					<row1>	-0.0029 0.5339 0.8456 0.0000	</row1>
					<row2>	-1.0000 -0.0049 -0.0004 0.0000	</row2>
					<row3>	0.0015 0.3932 5.1622 1.0000	</row3>
				</transform>
			</node>
			<node>
				<identifier>	MP_CM012_Fire_Hose_Rack_1_INDEX_1	</identifier>
				<transform>
					<row0>	0.1050 -0.8471 0.5209 0.0000	</row0>
					<row1>	0.1734 0.5314 0.8292 0.0000	</row1>
					<row2>	-0.9792 0.0032 0.2026 0.0000	</row2>
					<row3>	0.1369 0.3930 5.1501 1.0000	</row3>
				</transform>
			</node>
			<node>
				<identifier>	MP_CM012_Fire_Hose_Rack_1_INDEX_2	</identifier>
				<transform>
					<row0>	-0.1050 -0.8471 0.5209 0.0000	</row0>
					<row1>	-0.1734 0.5314 0.8292 0.0000	</row1>
					<row2>	-0.9792 -0.0032 -0.2026 0.0000	</row2>
					<row3>	-0.1361 0.3930 5.1502 1.0000	</row3>
				</transform>
			</node>
			<node>
				<identifier>	MP_CM029_Emergency_Box	</identifier>
				<transform>
					<row0>	-0.1387 0.0000 -0.9903 0.0000	</row0>
					<row1>	0.0000 1.0000 0.0000 0.0000	</row1>
					<row2>	0.9903 0.0000 -0.1387 0.0000	</row2>
					<row3>	0.1020 0.4435 5.9669 1.0000	</row3>
				</transform>
			</node>
			<node>
				<identifier>	MP_CM029_Emergency_Box_INDEX_1	</identifier>
				<transform>
					<row0>	-0.1387 0.0000 0.9903 0.0000	</row0>
					<row1>	0.0000 1.0000 0.0000 0.0000	</row1>
					<row2>	-0.9903 0.0000 -0.1387 0.0000	</row2>
					<row3>	-0.1020 0.4435 5.9669 1.0000	</row3>
				</transform>
			</node>
			<node>
				<identifier>	MP_CM104_Life_Buoy	</identifier>
				<transform>
					<row0>	0.6855 0.0000 0.7281 0.0000	</row0>
					<row1>	0.0000 1.0000 0.0000 0.0000	</row1>
					<row2>	-0.7281 0.0000 0.6855 0.0000	</row2>
					<row3>	0.1828 0.5662 5.7435 1.0000	</row3>
				</transform>
			</node>
			<node>
				<identifier>	MP_CM104_Life_Buoy_INDEX_1	</identifier>
				<transform>
					<row0>	0.6855 0.0000 -0.7281 0.0000	</row0>
					<row1>	0.0000 1.0000 0.0000 0.0000	</row1>
					<row2>	0.7281 0.0000 0.6855 0.0000	</row2>
					<row3>	-0.1828 0.5662 5.7435 1.0000	</row3>
				</transform>
			</node>
			<node>
				<identifier>	SP_YMS001_YHBM_M_1	</identifier>
				<transform>
					<row0>	1.0240 0.0000 0.0000 0.0000	</row0>
					<row1>	0.0000 0.9793 0.2994 0.0000	</row1>
					<row2>	0.0000 -0.2994 0.9793 0.0000	</row2>
					<row3>	0.0000 0.5488 9.2138 1.0000	</row3>
				</transform>
			</node>
			<node>
				<identifier>	SP_YMS002_YHBL_M_1_INDEX_1	</identifier>
				<transform>
					<row0>	1.4044 -0.1684 0.1257 0.0000	</row0>
					<row1>	0.1790 1.4035 -0.1207 0.0000	</row1>
					<row2>	-0.1099 0.1352 1.4093 0.0000	</row2>
					<row3>	0.0000 0.6010 8.9987 1.0000	</row3>
				</transform>
			</node>
			<node>
				<identifier>	SP_YMS003_YHBR_M_1_INDEX_2	</identifier>
				<transform>
					<row0>	1.4044 0.1684 -0.1257 0.0000	</row0>
					<row1>	-0.1790 1.4035 -0.1207 0.0000	</row1>
					<row2>	0.1099 0.1352 1.4093 0.0000	</row2>
					<row3>	0.0000 0.6010 8.9987 1.0000	</row3>
				</transform>
			</node>
			<node>
				<identifier>	SP_YMS004_YHXL_L_1	</identifier>
				<transform>
					<row0>	0.5856 0.2795 -0.0372 0.0000	</row0>
					<row1>	-0.2800 0.5866 -0.0007 0.0000	</row1>
					<row2>	0.0333 0.0167 0.6489 0.0000	</row2>
					<row3>	-0.0758 0.3993 8.6281 1.0000	</row3>
				</transform>
			</node>
			<node>
				<identifier>	SP_YMS005_YHXR_L_1	</identifier>
				<transform>
					<row0>	0.5856 -0.2795 0.0372 0.0000	</row0>
					<row1>	0.2800 0.5866 -0.0007 0.0000	</row1>
					<row2>	-0.0333 0.0167 0.6489 0.0000	</row2>
					<row3>	0.0758 0.3993 8.6281 1.0000	</row3>
				</transform>
			</node>
			<node>
				<identifier>	SP_YMS010_YHWM_L_1	</identifier>
				<transform>
					<row0>	0.8200 0.0000 0.0000 0.0000	</row0>
					<row1>	0.0000 0.8200 0.0000 0.0000	</row1>
					<row2>	0.0000 0.0000 0.8200 0.0000	</row2>
					<row3>	0.0000 0.0000 8.8877 1.0000	</row3>
				</transform>
			</node>
			<node>
				<identifier>	SP_YMS011_YHWL_M_1_INDEX_10	</identifier>
				<transform>
					<row0>	0.9923 0.0000 -0.1882 0.0000	</row0>
					<row1>	0.0000 1.0100 0.0000 0.0000	</row1>
					<row2>	0.1882 0.0000 0.9923 0.0000	</row2>
					<row3>	-0.5728 -0.0127 4.9355 1.0000	</row3>
				</transform>
			</node>
			<node>
				<identifier>	SP_YMS011_YHWL_M_1_INDEX_14	</identifier>
				<transform>
					<row0>	0.9974 0.0000 -0.1587 0.0000	</row0>
					<row1>	0.0000 1.0100 0.0000 0.0000	</row1>
					<row2>	0.1587 0.0000 0.9974 0.0000	</row2>
					<row3>	-0.1333 -0.0127 7.4731 1.0000	</row3>
				</transform>
			</node>
			<node>
				<identifier>	SP_YMS011_YHWL_M_1_INDEX_17	</identifier>
				<transform>
					<row0>	0.9962 0.0000 -0.1662 0.0000	</row0>
					<row1>	0.0000 1.0100 0.0000 0.0000	</row1>
					<row2>	0.1662 0.0000 0.9962 0.0000	</row2>
					<row3>	-0.7255 -0.0127 4.0900 1.0000	</row3>
				</transform>
			</node>
			<node>
				<identifier>	SP_YMS011_YHWL_M_1_INDEX_3	</identifier>
				<transform>
					<row0>	0.9974 0.0000 -0.1587 0.0000	</row0>
					<row1>	0.0000 1.0100 0.0000 0.0000	</row1>
					<row2>	0.1587 0.0000 0.9974 0.0000	</row2>
					<row3>	-0.2687 -0.0127 6.6247 1.0000	</row3>
				</transform>
			</node>
			<node>
				<identifier>	SP_YMS011_YHWL_M_1_INDEX_5	</identifier>
				<transform>
					<row0>	0.9936 0.0000 -0.1810 0.0000	</row0>
					<row1>	0.0000 1.0100 0.0000 0.0000	</row1>
					<row2>	0.1810 0.0000 0.9936 0.0000	</row2>
					<row3>	-0.4123 -0.0127 5.7783 1.0000	</row3>
				</transform>
			</node>
			<node>
				<identifier>	SP_YMS011_YHWL_M_1_INDEX_9	</identifier>
				<transform>
					<row0>	0.9974 0.0000 -0.1587 0.0000	</row0>
					<row1>	0.0000 1.0100 0.0000 0.0000	</row1>
					<row2>	0.1587 0.0000 0.9974 0.0000	</row2>
					<row3>	-0.2687 -0.0127 6.6247 1.0000	</row3>
				</transform>
			</node>
			<node>
				<identifier>	SP_YMS012_YHWR_M_1_INDEX_13	</identifier>
				<transform>
					<row0>	0.9962 0.0000 0.1662 0.0000	</row0>
					<row1>	0.0000 1.0100 0.0000 0.0000	</row1>
					<row2>	-0.1662 0.0000 0.9962 0.0000	</row2>
					<row3>	0.7255 -0.0127 4.0900 1.0000	</row3>
				</transform>
			</node>
			<node>
				<identifier>	SP_YMS012_YHWR_M_1_INDEX_15	</identifier>
				<transform>
					<row0>	0.9936 0.0000 0.1810 0.0000	</row0>
					<row1>	0.0000 1.0100 0.0000 0.0000	</row1>
					<row2>	-0.1810 0.0000 0.9936 0.0000	</row2>
					<row3>	0.4122 -0.0127 5.7784 1.0000	</row3>
				</transform>
			</node>
			<node>
				<identifier>	SP_YMS012_YHWR_M_1_INDEX_16	</identifier>
				<transform>
					<row0>	0.9974 0.0000 0.1587 0.0000	</row0>
					<row1>	0.0000 1.0100 0.0000 0.0000	</row1>
					<row2>	-0.1587 0.0000 0.9974 0.0000	</row2>
					<row3>	0.1333 -0.0127 7.4731 1.0000	</row3>
				</transform>
			</node>
			<node>
				<identifier>	SP_YMS012_YHWR_M_1_INDEX_5	</identifier>
				<transform>
					<row0>	0.9923 0.0000 0.1882 0.0000	</row0>
					<row1>	0.0000 1.0100 0.0000 0.0000	</row1>
					<row2>	-0.1882 0.0000 0.9923 0.0000	</row2>
					<row3>	0.5728 -0.0127 4.9354 1.0000	</row3>
				</transform>
			</node>
			<node>
				<identifier>	SP_YMS012_YHWR_M_1_INDEX_6	</identifier>
				<transform>
					<row0>	0.9974 0.0000 0.1587 0.0000	</row0>
					<row1>	0.0000 1.0100 0.0000 0.0000	</row1>
					<row2>	-0.1587 0.0000 0.9974 0.0000	</row2>
					<row3>	0.2687 -0.0127 6.6247 1.0000	</row3>
				</transform>
			</node>
			<node>
				<identifier>	SP_YMS020_YHBU_M_1	</identifier>
				<transform>
					<row0>	1.5000 0.0000 0.0000 0.0000	</row0>
					<row1>	0.0000 1.5000 0.0000 0.0000	</row1>
					<row2>	0.0000 0.0000 1.5000 0.0000	</row2>
					<row3>	0.0000 -0.2059 8.6771 1.0000	</row3>
				</transform>
			</node>
			<node>
				<identifier>	SP_YMS022_YHUS_L_1_INDEX_1	</identifier>
				<transform>
					<row0>	-0.2775 -0.0081 1.7785 0.0000	</row0>
					<row1>	0.4358 1.7448 0.0759 0.0000	</row1>
					<row2>	-1.7243 0.4423 -0.2670 0.0000	</row2>
					<row3>	0.4624 -0.6477 4.5819 1.0000	</row3>
				</transform>
			</node>
			<node>
				<identifier>	SP_YMS022_YHUS_L_1_INDEX_2	</identifier>
				<transform>
					<row0>	-0.2775 0.0081 -1.7785 0.0000	</row0>
					<row1>	-0.4358 1.7448 0.0759 0.0000	</row1>
					<row2>	1.7243 0.4423 -0.2670 0.0000	</row2>
					<row3>	-0.4624 -0.6477 4.5819 1.0000	</row3>
				</transform>
			</node>
			<node>
				<identifier>	SP_YMS051_YHDL_L_1	</identifier>
				<transform>
					<row0>	0.9931 0.0040 -0.1173 0.0000	</row0>
					<row1>	-0.0124 0.9974 -0.0703 0.0000	</row1>
					<row2>	0.1167 0.0713 0.9906 0.0000	</row2>
					<row3>	-0.4020 0.4385 6.6378 1.0000	</row3>
				</transform>
			</node>
			<node>
				<identifier>	SP_YMS052_YHDR_L_1	</identifier>
				<transform>
					<row0>	0.9931 -0.0040 0.1173 0.0000	</row0>
					<row1>	0.0124 0.9974 -0.0703 0.0000	</row1>
					<row2>	-0.1167 0.0713 0.9906 0.0000	</row2>
					<row3>	0.4020 0.4385 6.6378 1.0000	</row3>
				</transform>
			</node>
			<node>
				<identifier>	SP_YMS062_YHGH_M_1_INDEX_7	</identifier>
				<transform>
					<row0>	0.2192 0.0000 0.2192 0.0000	</row0>
					<row1>	0.0000 0.3100 0.0000 0.0000	</row1>
					<row2>	-0.2192 0.0000 0.2192 0.0000	</row2>
					<row3>	-0.1286 0.5921 5.7657 1.0000	</row3>
				</transform>
			</node>
			<node>
				<identifier>	SP_YMS062_YHGH_M_1_INDEX_8	</identifier>
				<transform>
					<row0>	0.2192 0.0000 -0.2192 0.0000	</row0>
					<row1>	0.0000 0.3100 0.0000 0.0000	</row1>
					<row2>	0.2192 0.0000 0.2192 0.0000	</row2>
					<row3>	0.1286 0.5921 5.7657 1.0000	</row3>
				</transform>
			</node>
			<node>
				<identifier>	SP_YMS080_YHSL_M_1	</identifier>
				<transform>
					<row0>	0.8126 0.1931 -0.1577 0.0000	</row0>
					<row1>	-0.1926 0.8276 0.0210 0.0000	</row1>
					<row2>	0.1583 0.0157 0.8350 0.0000	</row2>
					<row3>	-0.3821 0.2049 6.1025 1.0000	</row3>
				</transform>
			</node>
			<node>
				<identifier>	SP_YMS080_YHSL_M_1_INDEX_1	</identifier>
				<transform>
					<row0>	0.9177 0.3697 -0.1456 0.0000	</row0>
					<row1>	-0.3663 0.9291 0.0505 0.0000	</row1>
					<row2>	0.1540 0.0070 0.9880 0.0000	</row2>
					<row3>	-0.1944 0.2759 7.3973 1.0000	</row3>
				</transform>
			</node>
			<node>
				<identifier>	SP_YMS081_YHSR_M_1	</identifier>
				<transform>
					<row0>	0.9177 -0.3697 0.1456 0.0000	</row0>
					<row1>	0.3663 0.9291 0.0505 0.0000	</row1>
					<row2>	-0.1540 0.0070 0.9880 0.0000	</row2>
					<row3>	0.1944 0.2751 7.3973 1.0000	</row3>
				</transform>
			</node>
			<node>
				<identifier>	SP_YMS081_YHSR_M_1_INDEX_1	</identifier>
				<transform>
					<row0>	0.8126 -0.1931 0.1577 0.0000	</row0>
					<row1>	0.1926 0.8276 0.0210 0.0000	</row1>
					<row2>	-0.1583 0.0157 0.8350 0.0000	</row2>
					<row3>	0.3821 0.2049 6.1025 1.0000	</row3>
				</transform>
			</node>
			<node>
				<identifier>	SP_YMS083_YHSC_L_1	</identifier>
				<transform>
					<row0>	-0.1524 -0.0405 -0.8352 0.0000	</row0>
					<row1>	-0.2266 0.8192 0.0016 0.0000	</row1>
					<row2>	0.8049 0.2230 -0.1577 0.0000	</row2>
					<row3>	-0.5397 0.3716 5.4567 1.0000	</row3>
				</transform>
			</node>
			<node>
				<identifier>	SP_YMS083_YHSC_L_1_INDEX_3	</identifier>
				<transform>
					<row0>	-0.1524 0.0405 0.8352 0.0000	</row0>
					<row1>	0.2266 0.8192 0.0016 0.0000	</row1>
					<row2>	-0.8049 0.2230 -0.1577 0.0000	</row2>
					<row3>	0.5397 0.3716 5.4567 1.0000	</row3>
				</transform>
			</node>
			<node>
				<identifier>	SP_YMS084_YHSC_L_2_INDEX_1	</identifier>
				<transform>
					<row0>	-0.1494 -0.0245 -0.7855 0.0000	</row0>
					<row1>	-0.1691 0.7819 0.0078 0.0000	</row1>
					<row2>	0.7675 0.1675 -0.1512 0.0000	</row2>
					<row3>	-0.6661 0.3291 4.7441 1.0000	</row3>
				</transform>
			</node>
			<node>
				<identifier>	SP_YMS084_YHSC_L_2_INDEX_2	</identifier>
				<transform>
					<row0>	-0.1494 0.0245 0.7855 0.0000	</row0>
					<row1>	0.1691 0.7819 0.0078 0.0000	</row1>
					<row2>	-0.7675 0.1675 -0.1512 0.0000	</row2>
					<row3>	0.6661 0.3291 4.7441 1.0000	</row3>
				</transform>
			</node>
		</node>
	</node>
	<boundingBox>
		<min>	-0.0667 -0.0667 -0.0667	</min>
		<max>	0.0667 0.0667 0.0667	</max>
	</boundingBox>
</ASB078_Wisconsin_1945_Bow_ports.visual>
