<RSC018_Pr_68_Chapaev_1947_Stern_ports.visual>
	<node>
		<identifier>	Scene Root	</identifier>
		<transform>
			<row0>	1.0000 0.0000 0.0000 0.0000	</row0>
			<row1>	0.0000 1.0000 0.0000 0.0000	</row1>
			<row2>	0.0000 0.0000 1.0000 0.0000	</row2>
			<row3>	0.0000 0.0000 0.0000 1.0000	</row3>
		</transform>
		<node>
			<identifier>	Stern_ports	</identifier>
			<transform>
				<row0>	1.0000 0.0000 0.0000 0.0000	</row0>
				<row1>	0.0000 1.0000 0.0000 0.0000	</row1>
				<row2>	0.0000 0.0000 1.0000 0.0000	</row2>
				<row3>	0.0000 0.0000 0.0000 1.0000	</row3>
			</transform>
			<node>
				<identifier>	HP_FX_Death_3	</identifier>
				<transform>
					<row0>	1.0000 0.0000 0.0000 0.0000	</row0>
					<row1>	0.0000 1.0000 0.0000 0.0000	</row1>
					<row2>	0.0000 0.0000 1.0000 0.0000	</row2>
					<row3>	0.0000 0.0000 -4.1755 1.0000	</row3>
				</transform>
			</node>
			<node>
				<identifier>	HP_FX_Fire_4	</identifier>
				<transform>
					<row0>	1.0000 0.0000 0.0000 0.0000	</row0>
					<row1>	0.0000 1.0000 0.0000 0.0000	</row1>
					<row2>	0.0000 0.0000 1.0000 0.0000	</row2>
					<row3>	0.0000 0.2719 -4.9894 1.0000	</row3>
				</transform>
			</node>
			<node>
				<identifier>	HP_FX_WakeTraceBack	</identifier>
				<transform>
					<row0>	1.0000 0.0000 0.0000 0.0000	</row0>
					<row1>	0.0000 1.0000 0.0000 0.0000	</row1>
					<row2>	0.0000 0.0000 1.0000 0.0000	</row2>
					<row3>	0.0000 0.0000 -6.4921 1.0000	</row3>
				</transform>
			</node>
			<node>
				<identifier>	HP_FX_WakeTrace_screw_1	</identifier>
				<transform>
					<row0>	1.0000 0.0000 0.0000 0.0000	</row0>
					<row1>	0.0000 1.0000 0.0000 0.0000	</row1>
					<row2>	0.0000 0.0000 1.0000 0.0000	</row2>
					<row3>	-0.2420 -0.3830 -5.4662 1.0000	</row3>
				</transform>
			</node>
			<node>
				<identifier>	HP_FX_WakeTrace_screw_2	</identifier>
				<transform>
					<row0>	1.0000 0.0000 0.0000 0.0000	</row0>
					<row1>	0.0000 1.0000 0.0000 0.0000	</row1>
					<row2>	0.0000 0.0000 1.0000 0.0000	</row2>
					<row3>	0.2420 -0.3830 -5.4662 1.0000	</row3>
				</transform>
			</node>
			<node>
				<identifier>	HP_RGB_1	</identifier>
				<transform>
					<row0>	0.0001 0.0063 1.0000 0.0000	</row0>
					<row1>	-0.1056 0.9944 -0.0062 0.0000	</row1>
					<row2>	-0.9944 -0.1056 0.0008 0.0000	</row2>
					<row3>	-0.3141 0.2371 -4.8200 1.0000	</row3>
				</transform>
			</node>
			<node>
				<identifier>	HP_RGB_2	</identifier>
				<transform>
					<row0>	0.0001 -0.0063 -1.0000 0.0000	</row0>
					<row1>	0.1056 0.9944 -0.0062 0.0000	</row1>
					<row2>	0.9944 -0.1056 0.0008 0.0000	</row2>
					<row3>	0.3141 0.2371 -4.8200 1.0000	</row3>
				</transform>
			</node>
			<node>
				<identifier>	HP_RGB_3	</identifier>
				<transform>
					<row0>	-0.0009 0.0183 0.9998 0.0000	</row0>
					<row1>	-0.0529 0.9984 -0.0183 0.0000	</row1>
					<row2>	-0.9986 -0.0529 0.0001 0.0000	</row2>
					<row3>	-0.1899 0.2337 -5.8684 1.0000	</row3>
				</transform>
			</node>
			<node>
				<identifier>	HP_RGB_4	</identifier>
				<transform>
					<row0>	-0.0009 -0.0183 -0.9998 0.0000	</row0>
					<row1>	0.0529 0.9984 -0.0183 0.0000	</row1>
					<row2>	0.9986 -0.0529 0.0001 0.0000	</row2>
					<row3>	0.1899 0.2337 -5.8684 1.0000	</row3>
				</transform>
			</node>
			<node>
				<identifier>	HP_RGB_5	</identifier>
				<transform>
					<row0>	-1.0000 -0.0083 0.0006 0.0000	</row0>
					<row1>	-0.0083 0.9890 -0.1475 0.0000	</row1>
					<row2>	0.0006 -0.1475 -0.9891 0.0000	</row2>
					<row3>	-0.1101 0.2021 -6.4503 1.0000	</row3>
				</transform>
			</node>
			<node>
				<identifier>	HP_RGB_6	</identifier>
				<transform>
					<row0>	-1.0000 0.0083 -0.0006 0.0000	</row0>
					<row1>	0.0083 0.9890 -0.1475 0.0000	</row1>
					<row2>	-0.0006 -0.1475 -0.9891 0.0000	</row2>
					<row3>	0.1101 0.2021 -6.4503 1.0000	</row3>
				</transform>
			</node>
			<node>
				<identifier>	HP_RGM_4	</identifier>
				<transform>
					<row0>	-1.0000 0.0000 0.0000 0.0000	</row0>
					<row1>	0.0000 1.0000 0.0000 0.0000	</row1>
					<row2>	0.0000 0.0000 -1.0000 0.0000	</row2>
					<row3>	0.0000 0.2777 -4.0881 1.0000	</row3>
				</transform>
			</node>
			<node>
				<identifier>	HP_Ship_death_3	</identifier>
				<transform>
					<row0>	1.0000 0.0000 0.0000 0.0000	</row0>
					<row1>	0.0000 1.0000 0.0000 0.0000	</row1>
					<row2>	0.0000 0.0000 1.0000 0.0000	</row2>
					<row3>	0.0000 0.0000 -3.6267 1.0000	</row3>
				</transform>
			</node>
			<node>
				<identifier>	MP_CM001_Propeller3_L	</identifier>
				<transform>
					<row0>	0.9999 -0.0009 -0.0166 0.0000	</row0>
					<row1>	0.0000 0.9985 -0.0556 0.0000	</row1>
					<row2>	0.0167 0.0556 0.9983 0.0000	</row2>
					<row3>	-0.2420 -0.3830 -5.4662 1.0000	</row3>
				</transform>
			</node>
			<node>
				<identifier>	MP_CM011_Fire_Fighting_Gear	</identifier>
				<transform>
					<row0>	-0.1280 0.0000 -0.9918 0.0000	</row0>
					<row1>	0.0000 1.0000 0.0000 0.0000	</row1>
					<row2>	0.9918 0.0000 -0.1280 0.0000	</row2>
					<row3>	0.3493 0.2211 -5.9944 1.0000	</row3>
				</transform>
			</node>
			<node>
				<identifier>	MP_CM011_Fire_Fighting_Gear_INDEX_1	</identifier>
				<transform>
					<row0>	-0.1280 0.0000 0.9918 0.0000	</row0>
					<row1>	0.0000 1.0000 0.0000 0.0000	</row1>
					<row2>	-0.9918 0.0000 -0.1280 0.0000	</row2>
					<row3>	-0.3493 0.2211 -5.9944 1.0000	</row3>
				</transform>
			</node>
			<node>
				<identifier>	MP_CM011_Fire_Fighting_Gear_INDEX_2	</identifier>
				<transform>
					<row0>	1.0000 0.0000 0.0000 0.0000	</row0>
					<row1>	0.0000 1.0000 0.0000 0.0000	</row1>
					<row2>	0.0000 0.0000 1.0000 0.0000	</row2>
					<row3>	0.0000 0.2523 -4.3310 1.0000	</row3>
				</transform>
			</node>
			<node>
				<identifier>	MP_CM032_Propeller3_R	</identifier>
				<transform>
					<row0>	1.0571 0.0010 0.0176 0.0000	</row0>
					<row1>	0.0000 1.0556 -0.0588 0.0000	</row1>
					<row2>	-0.0176 0.0588 1.0555 0.0000	</row2>
					<row3>	0.2420 -0.3830 -5.4662 1.0000	</row3>
				</transform>
			</node>
			<node>
				<identifier>	MP_CM059_Ladder_Cruiser	</identifier>
				<transform>
					<row0>	0.9945 0.0903 0.0533 0.0000	</row0>
					<row1>	-0.0901 0.9959 -0.0065 0.0000	</row1>
					<row2>	-0.0536 0.0017 0.9986 0.0000	</row2>
					<row3>	-0.5181 0.2287 -3.5393 1.0000	</row3>
				</transform>
			</node>
			<node>
				<identifier>	MP_CM109_Leadsman_Platform	</identifier>
				<transform>
					<row0>	0.0062 -1.0000 0.0000 0.0000	</row0>
					<row1>	-0.9881 -0.0061 -0.1534 0.0000	</row1>
					<row2>	0.1534 0.0009 -0.9882 0.0000	</row2>
					<row3>	-0.2900 0.2174 -6.5510 1.0000	</row3>
				</transform>
			</node>
			<node>
				<identifier>	MP_CM109_Leadsman_Platform_INDEX_1	</identifier>
				<transform>
					<row0>	-0.0060 -1.0000 0.0007 0.0000	</row0>
					<row1>	0.9881 -0.0061 -0.1534 0.0000	</row1>
					<row2>	0.1534 -0.0002 0.9882 0.0000	</row2>
					<row3>	0.2900 0.2174 -6.5510 1.0000	</row3>
				</transform>
			</node>
			<node>
				<identifier>	MP_CM117_Ladder_Cruiser_L	</identifier>
				<transform>
					<row0>	0.9945 -0.0903 -0.0533 0.0000	</row0>
					<row1>	0.0901 0.9959 -0.0065 0.0000	</row1>
					<row2>	0.0536 0.0017 0.9986 0.0000	</row2>
					<row3>	0.5209 0.2320 -3.5322 1.0000	</row3>
				</transform>
			</node>
			<node>
				<identifier>	MP_CM137_Anchor_Up	</identifier>
				<transform>
					<row0>	-0.7490 0.0000 0.0000 0.0000	</row0>
					<row1>	0.0000 0.5664 0.3481 0.0000	</row1>
					<row2>	0.0000 0.3922 -0.6381 0.0000	</row2>
					<row3>	-0.0004 0.0826 -6.5758 1.0000	</row3>
				</transform>
			</node>
			<node>
				<identifier>	MP_CM138_Anchor_Bottom	</identifier>
				<transform>
					<row0>	-0.7490 0.0000 0.0000 0.0000	</row0>
					<row1>	0.0000 0.7460 -0.0666 0.0000	</row1>
					<row2>	0.0000 -0.0666 -0.7460 0.0000	</row2>
					<row3>	-0.0004 0.0826 -6.5757 1.0000	</row3>
				</transform>
			</node>
			<node>
				<identifier>	MP_RM017_Fairlead	</identifier>
				<transform>
					<row0>	0.9899 -0.1090 -0.0905 0.0000	</row0>
					<row1>	0.1085 0.9940 -0.0099 0.0000	</row1>
					<row2>	0.0910 0.0000 0.9958 0.0000	</row2>
					<row3>	0.4494 0.2210 -5.1235 1.0000	</row3>
				</transform>
			</node>
			<node>
				<identifier>	MP_RM017_Fairlead_INDEX_1	</identifier>
				<transform>
					<row0>	0.9899 0.1090 0.0905 0.0000	</row0>
					<row1>	-0.1085 0.9940 -0.0099 0.0000	</row1>
					<row2>	-0.0910 0.0000 0.9958 0.0000	</row2>
					<row3>	-0.4494 0.2210 -5.1235 1.0000	</row3>
				</transform>
			</node>
			<node>
				<identifier>	MP_RM021_Screened_speed_light	</identifier>
				<transform>
					<row0>	-0.5892 0.0000 0.0000 0.0000	</row0>
					<row1>	0.0000 0.5892 0.0000 0.0000	</row1>
					<row2>	0.0000 0.0000 -0.5892 0.0000	</row2>
					<row3>	0.0000 0.2879 -6.6192 1.0000	</row3>
				</transform>
			</node>
			<node>
				<identifier>	MP_RM043_Griping_Spar	</identifier>
				<transform>
					<row0>	0.0000 0.0000 1.0000 0.0000	</row0>
					<row1>	0.0000 1.0000 0.0000 0.0000	</row1>
					<row2>	-0.8923 0.0000 0.0000 0.0000	</row2>
					<row3>	0.0000 0.2621 -4.9845 1.0000	</row3>
				</transform>
			</node>
			<node>
				<identifier>	MP_RM043_Griping_Spar_INDEX_1	</identifier>
				<transform>
					<row0>	0.0000 0.0000 1.0000 0.0000	</row0>
					<row1>	0.0000 1.0000 0.0000 0.0000	</row1>
					<row2>	-0.9475 0.0000 0.0000 0.0000	</row2>
					<row3>	0.0000 0.2621 -4.9110 1.0000	</row3>
				</transform>
			</node>
			<node>
				<identifier>	MP_RM043_Griping_Spar_INDEX_2	</identifier>
				<transform>
					<row0>	0.0000 0.0000 1.0000 0.0000	</row0>
					<row1>	0.0000 1.0000 0.0000 0.0000	</row1>
					<row2>	-0.9475 0.0000 0.0000 0.0000	</row2>
					<row3>	0.0000 0.2621 -4.9475 1.0000	</row3>
				</transform>
			</node>
			<node>
				<identifier>	MP_RM060_Hatch	</identifier>
				<transform>
					<row0>	0.7491 0.0000 0.0000 0.0000	</row0>
					<row1>	0.0000 0.7491 0.0000 0.0000	</row1>
					<row2>	0.0000 0.0000 0.7491 0.0000	</row2>
					<row3>	-0.1785 0.2238 -6.1590 1.0000	</row3>
				</transform>
			</node>
			<node>
				<identifier>	MP_RM061_Basket_Rope	</identifier>
				<transform>
					<row0>	0.9962 0.0872 0.0000 0.0000	</row0>
					<row1>	-0.0872 0.9962 0.0000 0.0000	</row1>
					<row2>	0.0000 0.0000 1.0000 0.0000	</row2>
					<row3>	-0.5124 0.2207 -4.0909 1.0000	</row3>
				</transform>
			</node>
			<node>
				<identifier>	MP_RM061_Basket_Rope_INDEX_1	</identifier>
				<transform>
					<row0>	0.9938 0.1110 0.0000 0.0000	</row0>
					<row1>	-0.1110 0.9938 0.0000 0.0000	</row1>
					<row2>	0.0000 0.0000 1.0000 0.0000	</row2>
					<row3>	-0.4585 0.2217 -4.7827 1.0000	</row3>
				</transform>
			</node>
			<node>
				<identifier>	MP_RM061_Basket_Rope_INDEX_2	</identifier>
				<transform>
					<row0>	0.9942 -0.1075 0.0000 0.0000	</row0>
					<row1>	0.1075 0.9942 0.0000 0.0000	</row1>
					<row2>	0.0000 0.0000 1.0000 0.0000	</row2>
					<row3>	0.4488 0.2219 -4.8762 1.0000	</row3>
				</transform>
			</node>
			<node>
				<identifier>	MP_RM061_Basket_Rope_INDEX_3	</identifier>
				<transform>
					<row0>	0.9954 -0.0955 0.0000 0.0000	</row0>
					<row1>	0.0955 0.9954 0.0000 0.0000	</row1>
					<row2>	0.0000 0.0000 1.0000 0.0000	</row2>
					<row3>	0.5123 0.2208 -4.0909 1.0000	</row3>
				</transform>
			</node>
			<node>
				<identifier>	MP_RM061_Basket_Rope_INDEX_4	</identifier>
				<transform>
					<row0>	-0.9953 -0.0971 0.0007 0.0000	</row0>
					<row1>	-0.0971 0.9952 -0.0126 0.0000	</row1>
					<row2>	0.0006 -0.0126 -0.9999 0.0000	</row2>
					<row3>	-0.4114 0.2224 -5.2712 1.0000	</row3>
				</transform>
			</node>
			<node>
				<identifier>	MP_RM061_Basket_Rope_INDEX_5	</identifier>
				<transform>
					<row0>	0.9935 0.1134 0.0000 0.0000	</row0>
					<row1>	-0.1134 0.9934 -0.0161 0.0000	</row1>
					<row2>	-0.0018 0.0160 0.9999 0.0000	</row2>
					<row3>	-0.4500 0.2218 -4.8713 1.0000	</row3>
				</transform>
			</node>
			<node>
				<identifier>	MP_RM061_Basket_Rope_INDEX_6	</identifier>
				<transform>
					<row0>	0.9967 -0.0812 0.0000 0.0000	</row0>
					<row1>	0.0812 0.9967 0.0000 0.0000	</row1>
					<row2>	0.0000 0.0000 1.0000 0.0000	</row2>
					<row3>	0.5041 0.2211 -4.1925 1.0000	</row3>
				</transform>
			</node>
			<node>
				<identifier>	MP_RM061_Basket_Rope_INDEX_7	</identifier>
				<transform>
					<row0>	0.9955 0.0944 0.0000 0.0000	</row0>
					<row1>	-0.0944 0.9955 0.0000 0.0000	</row1>
					<row2>	0.0000 0.0000 1.0000 0.0000	</row2>
					<row3>	-0.5042 0.2212 -4.1925 1.0000	</row3>
				</transform>
			</node>
			<node>
				<identifier>	MP_RM111_Bollard	</identifier>
				<transform>
					<row0>	0.9946 0.1037 -0.0011 0.0000	</row0>
					<row1>	-0.1037 0.9945 -0.0138 0.0000	</row1>
					<row2>	-0.0003 0.0138 0.9999 0.0000	</row2>
					<row3>	-0.2721 0.2358 -5.2869 1.0000	</row3>
				</transform>
			</node>
			<node>
				<identifier>	MP_RM111_Bollard_INDEX_1	</identifier>
				<transform>
					<row0>	0.9995 0.0310 0.0004 0.0000	</row0>
					<row1>	-0.0310 0.9993 -0.0186 0.0000	</row1>
					<row2>	-0.0009 0.0186 0.9998 0.0000	</row2>
					<row3>	-0.0556 0.2418 -5.5642 1.0000	</row3>
				</transform>
			</node>
			<node>
				<identifier>	MP_RM111_Bollard_INDEX_2	</identifier>
				<transform>
					<row0>	0.9995 -0.0310 -0.0004 0.0000	</row0>
					<row1>	0.0310 0.9993 -0.0186 0.0000	</row1>
					<row2>	0.0009 0.0186 0.9998 0.0000	</row2>
					<row3>	0.0556 0.2418 -5.5642 1.0000	</row3>
				</transform>
			</node>
			<node>
				<identifier>	MP_RM111_Bollard_INDEX_3	</identifier>
				<transform>
					<row0>	0.9946 -0.1037 0.0011 0.0000	</row0>
					<row1>	0.1037 0.9945 -0.0138 0.0000	</row1>
					<row2>	0.0003 0.0138 0.9999 0.0000	</row2>
					<row3>	0.2721 0.2358 -5.2869 1.0000	</row3>
				</transform>
			</node>
			<node>
				<identifier>	MP_RM131_Headphones_locker	</identifier>
				<transform>
					<row0>	0.9996 0.0280 0.0000 0.0000	</row0>
					<row1>	-0.0280 0.9996 0.0000 0.0000	</row1>
					<row2>	0.0000 0.0000 1.0000 0.0000	</row2>
					<row3>	-0.0816 0.2483 -3.7698 1.0000	</row3>
				</transform>
			</node>
			<node>
				<identifier>	MP_RM131_Headphones_locker_INDEX_1	</identifier>
				<transform>
					<row0>	0.9996 -0.0280 0.0000 0.0000	</row0>
					<row1>	0.0280 0.9996 0.0000 0.0000	</row1>
					<row2>	0.0000 0.0000 1.0000 0.0000	</row2>
					<row3>	0.0816 0.2483 -3.7698 1.0000	</row3>
				</transform>
			</node>
			<node>
				<identifier>	MP_RM131_Headphones_locker_INDEX_2	</identifier>
				<transform>
					<row0>	-0.9996 -0.0280 0.0000 0.0000	</row0>
					<row1>	-0.0280 0.9996 0.0000 0.0000	</row1>
					<row2>	0.0000 0.0000 -1.0000 0.0000	</row2>
					<row3>	-0.1251 0.2470 -4.3910 1.0000	</row3>
				</transform>
			</node>
			<node>
				<identifier>	MP_RM182_Depth_Charge_BB1	</identifier>
				<transform>
					<row0>	0.7053 0.0019 -0.7089 0.0000	</row0>
					<row1>	0.0003 1.0000 0.0030 0.0000	</row1>
					<row2>	0.7089 -0.0023 0.7053 0.0000	</row2>
					<row3>	-0.0285 0.2642 -4.7148 1.0000	</row3>
				</transform>
			</node>
			<node>
				<identifier>	MP_RM182_Depth_Charge_BB1_INDEX_1	</identifier>
				<transform>
					<row0>	0.7053 0.0019 -0.7089 0.0000	</row0>
					<row1>	0.0003 1.0000 0.0030 0.0000	</row1>
					<row2>	0.7089 -0.0023 0.7053 0.0000	</row2>
					<row3>	-0.0565 0.2642 -4.7148 1.0000	</row3>
				</transform>
			</node>
			<node>
				<identifier>	MP_RM182_Depth_Charge_BB1_INDEX_10	</identifier>
				<transform>
					<row0>	0.7053 -0.0150 -0.7088 0.0000	</row0>
					<row1>	0.0003 0.9998 -0.0208 0.0000	</row1>
					<row2>	0.7089 0.0145 0.7051 0.0000	</row2>
					<row3>	-0.0565 0.2547 -5.7812 1.0000	</row3>
				</transform>
			</node>
			<node>
				<identifier>	MP_RM182_Depth_Charge_BB1_INDEX_11	</identifier>
				<transform>
					<row0>	0.7053 -0.0150 -0.7088 0.0000	</row0>
					<row1>	0.0003 0.9998 -0.0208 0.0000	</row1>
					<row2>	0.7089 0.0145 0.7051 0.0000	</row2>
					<row3>	-0.0005 0.2547 -5.7812 1.0000	</row3>
				</transform>
			</node>
			<node>
				<identifier>	MP_RM182_Depth_Charge_BB1_INDEX_2	</identifier>
				<transform>
					<row0>	0.7053 0.0019 -0.7089 0.0000	</row0>
					<row1>	0.0003 1.0000 0.0030 0.0000	</row1>
					<row2>	0.7089 -0.0023 0.7053 0.0000	</row2>
					<row3>	-0.0005 0.2642 -4.7148 1.0000	</row3>
				</transform>
			</node>
			<node>
				<identifier>	MP_RM182_Depth_Charge_BB1_INDEX_3	</identifier>
				<transform>
					<row0>	-0.0115 -0.0030 0.9999 0.0000	</row0>
					<row1>	0.0003 1.0000 0.0030 0.0000	</row1>
					<row2>	-0.9999 0.0003 -0.0115 0.0000	</row2>
					<row3>	0.0493 0.2657 -4.7180 1.0000	</row3>
				</transform>
			</node>
			<node>
				<identifier>	MP_RM182_Depth_Charge_BB1_INDEX_4	</identifier>
				<transform>
					<row0>	-0.7089 0.0023 -0.7053 0.0000	</row0>
					<row1>	0.0003 1.0000 0.0030 0.0000	</row1>
					<row2>	0.7053 0.0019 -0.7089 0.0000	</row2>
					<row3>	-0.0380 0.2642 -4.7211 1.0000	</row3>
				</transform>
			</node>
			<node>
				<identifier>	MP_RM182_Depth_Charge_BB1_INDEX_5	</identifier>
				<transform>
					<row0>	-0.7089 0.0023 -0.7053 0.0000	</row0>
					<row1>	0.0003 1.0000 0.0030 0.0000	</row1>
					<row2>	0.7053 0.0019 -0.7089 0.0000	</row2>
					<row3>	-0.0100 0.2642 -4.7211 1.0000	</row3>
				</transform>
			</node>
			<node>
				<identifier>	MP_RM182_Depth_Charge_BB1_INDEX_6	</identifier>
				<transform>
					<row0>	-0.7089 -0.0145 -0.7051 0.0000	</row0>
					<row1>	0.0003 0.9998 -0.0208 0.0000	</row1>
					<row2>	0.7053 -0.0150 -0.7088 0.0000	</row2>
					<row3>	-0.0100 0.2545 -5.7875 1.0000	</row3>
				</transform>
			</node>
			<node>
				<identifier>	MP_RM182_Depth_Charge_BB1_INDEX_7	</identifier>
				<transform>
					<row0>	0.7053 -0.0150 -0.7088 0.0000	</row0>
					<row1>	0.0003 0.9998 -0.0208 0.0000	</row1>
					<row2>	0.7089 0.0145 0.7051 0.0000	</row2>
					<row3>	-0.0285 0.2547 -5.7812 1.0000	</row3>
				</transform>
			</node>
			<node>
				<identifier>	MP_RM182_Depth_Charge_BB1_INDEX_8	</identifier>
				<transform>
					<row0>	-0.7089 -0.0145 -0.7051 0.0000	</row0>
					<row1>	0.0003 0.9998 -0.0208 0.0000	</row1>
					<row2>	0.7053 -0.0150 -0.7088 0.0000	</row2>
					<row3>	-0.0380 0.2545 -5.7875 1.0000	</row3>
				</transform>
			</node>
			<node>
				<identifier>	MP_RM182_Depth_Charge_BB1_INDEX_9	</identifier>
				<transform>
					<row0>	-0.0115 0.0208 0.9997 0.0000	</row0>
					<row1>	0.0003 0.9998 -0.0208 0.0000	</row1>
					<row2>	-0.9999 0.0000 -0.0115 0.0000	</row2>
					<row3>	0.0493 0.2561 -5.7845 1.0000	</row3>
				</transform>
			</node>
			<node>
				<identifier>	MP_RM200_Running_Lights_B	</identifier>
				<transform>
					<row0>	-1.4040 0.0000 0.0000 0.0000	</row0>
					<row1>	0.0000 1.4040 0.0000 0.0000	</row1>
					<row2>	0.0000 0.0000 -1.4040 0.0000	</row2>
					<row3>	0.0000 0.2613 -6.6084 1.0000	</row3>
				</transform>
			</node>
			<node>
				<identifier>	MP_RM202_Screen_Smoke_DA2	</identifier>
				<transform>
					<row0>	-0.1800 0.0000 0.9837 0.0000	</row0>
					<row1>	0.0000 1.0000 0.0000 0.0000	</row1>
					<row2>	-0.9837 0.0000 -0.1800 0.0000	</row2>
					<row3>	-0.2764 0.2197 -6.4969 1.0000	</row3>
				</transform>
			</node>
			<node>
				<identifier>	MP_RM202_Screen_Smoke_DA2_INDEX_1	</identifier>
				<transform>
					<row0>	-0.1800 0.0000 -0.9837 0.0000	</row0>
					<row1>	0.0000 1.0000 0.0000 0.0000	</row1>
					<row2>	0.9837 0.0000 -0.1800 0.0000	</row2>
					<row3>	0.2764 0.2197 -6.4969 1.0000	</row3>
				</transform>
			</node>
			<node>
				<identifier>	MP_RM219_Fairlead	</identifier>
				<transform>
					<row0>	1.4866 -0.0604 -0.1907 0.0000	</row0>
					<row1>	0.0599 1.4988 -0.0077 0.0000	</row1>
					<row2>	0.1909 0.0000 1.4878 0.0000	</row2>
					<row3>	0.3391 0.2263 -6.0614 1.0000	</row3>
				</transform>
			</node>
			<node>
				<identifier>	MP_RM219_Fairlead_INDEX_1	</identifier>
				<transform>
					<row0>	1.4866 0.0604 0.1907 0.0000	</row0>
					<row1>	-0.0599 1.4988 -0.0077 0.0000	</row1>
					<row2>	-0.1909 0.0000 1.4878 0.0000	</row2>
					<row3>	-0.3391 0.2263 -6.0614 1.0000	</row3>
				</transform>
			</node>
			<node>
				<identifier>	MP_RM221_Ventilation_Mushroom	</identifier>
				<transform>
					<row0>	1.0387 0.0000 0.0000 0.0000	</row0>
					<row1>	0.0000 1.0387 0.0000 0.0000	</row1>
					<row2>	0.0000 0.0000 1.0387 0.0000	</row2>
					<row3>	0.1045 0.2459 -5.0340 1.0000	</row3>
				</transform>
			</node>
			<node>
				<identifier>	MP_RM221_Ventilation_Mushroom_INDEX_1	</identifier>
				<transform>
					<row0>	1.9221 0.0000 0.0000 0.0000	</row0>
					<row1>	0.0000 1.9221 0.0000 0.0000	</row1>
					<row2>	0.0000 0.0000 1.9221 0.0000	</row2>
					<row3>	-0.1145 0.2462 -5.0967 1.0000	</row3>
				</transform>
			</node>
			<node>
				<identifier>	MP_RM221_Ventilation_Mushroom_INDEX_2	</identifier>
				<transform>
					<row0>	1.9221 0.0000 0.0000 0.0000	</row0>
					<row1>	0.0000 1.9221 0.0000 0.0000	</row1>
					<row2>	0.0000 0.0000 1.9221 0.0000	</row2>
					<row3>	-0.1126 0.2448 -5.0455 1.0000	</row3>
				</transform>
			</node>
			<node>
				<identifier>	MP_RM221_Ventilation_Mushroom_INDEX_3	</identifier>
				<transform>
					<row0>	1.0387 0.0000 0.0000 0.0000	</row0>
					<row1>	0.0000 1.0387 0.0000 0.0000	</row1>
					<row2>	0.0000 0.0000 1.0387 0.0000	</row2>
					<row3>	-0.0977 0.2459 -5.0716 1.0000	</row3>
				</transform>
			</node>
			<node>
				<identifier>	MP_RM238_Fairlead_Duck	</identifier>
				<transform>
					<row0>	-0.1285 0.0000 0.9917 0.0000	</row0>
					<row1>	0.0000 1.0000 0.0000 0.0000	</row1>
					<row2>	-0.9917 0.0000 -0.1285 0.0000	</row2>
					<row3>	-0.3389 0.2273 -6.1630 1.0000	</row3>
				</transform>
			</node>
			<node>
				<identifier>	MP_RM238_Fairlead_Duck_INDEX_1	</identifier>
				<transform>
					<row0>	-0.1285 0.0000 -0.9917 0.0000	</row0>
					<row1>	0.0000 1.0000 0.0000 0.0000	</row1>
					<row2>	0.9917 0.0000 -0.1285 0.0000	</row2>
					<row3>	0.3389 0.2273 -6.1630 1.0000	</row3>
				</transform>
			</node>
			<node>
				<identifier>	MP_RM239_Bomb_Bogie	</identifier>
				<transform>
					<row0>	-0.0024 0.0028 -0.9300 0.0000	</row0>
					<row1>	-0.0003 1.0000 0.0030 0.0000	</row1>
					<row2>	1.0000 0.0003 -0.0026 0.0000	</row2>
					<row3>	0.0000 0.2502 -4.7179 1.0000	</row3>
				</transform>
			</node>
			<node>
				<identifier>	MP_RM239_Bomb_Bogie_INDEX_1	</identifier>
				<transform>
					<row0>	-0.0024 -0.0194 -0.9298 0.0000	</row0>
					<row1>	-0.0003 0.9998 -0.0208 0.0000	</row1>
					<row2>	1.0000 0.0002 -0.0026 0.0000	</row2>
					<row3>	0.0000 0.2406 -5.7840 1.0000	</row3>
				</transform>
			</node>
			<node>
				<identifier>	MP_RM249_Coat_of_Arms_USSR	</identifier>
				<transform>
					<row0>	-1.0000 0.0000 0.0000 0.0000	</row0>
					<row1>	0.0000 0.9394 -0.3430 0.0000	</row1>
					<row2>	0.0000 -0.3430 -0.9394 0.0000	</row2>
					<row3>	0.0000 0.1877 -6.5843 1.0000	</row3>
				</transform>
			</node>
			<node>
				<identifier>	MP_RM254_Anchor_Capstan_Stern	</identifier>
				<transform>
					<row0>	1.0000 0.0000 0.0000 0.0000	</row0>
					<row1>	0.0000 1.0000 0.0000 0.0000	</row1>
					<row2>	0.0000 0.0000 1.0000 0.0000	</row2>
					<row3>	0.0675 0.2494 -5.3278 1.0000	</row3>
				</transform>
			</node>
			<node>
				<identifier>	MP_RM254_Anchor_Capstan_Stern_INDEX_1	</identifier>
				<transform>
					<row0>	1.0000 0.0000 0.0000 0.0000	</row0>
					<row1>	0.0000 1.0000 0.0000 0.0000	</row1>
					<row2>	0.0000 0.0000 1.0000 0.0000	</row2>
					<row3>	-0.0675 0.2494 -5.3278 1.0000	</row3>
				</transform>
			</node>
			<node>
				<identifier>	MP_RM273_Fire_Hose_Rack_box	</identifier>
				<transform>
					<row0>	0.0000 0.0000 1.0000 0.0000	</row0>
					<row1>	0.0000 1.0000 0.0000 0.0000	</row1>
					<row2>	-1.0000 0.0000 0.0000 0.0000	</row2>
					<row3>	-0.2323 0.2687 -4.0881 1.0000	</row3>
				</transform>
			</node>
			<node>
				<identifier>	MP_RM273_Fire_Hose_Rack_box_INDEX_1	</identifier>
				<transform>
					<row0>	0.0000 0.0000 -1.0000 0.0000	</row0>
					<row1>	0.0000 1.0000 0.0000 0.0000	</row1>
					<row2>	1.0000 0.0000 0.0000 0.0000	</row2>
					<row3>	0.2323 0.2687 -4.0881 1.0000	</row3>
				</transform>
			</node>
			<node>
				<identifier>	MP_RM277_Davit	</identifier>
				<transform>
					<row0>	0.7369 0.0000 0.0845 0.0000	</row0>
					<row1>	0.0000 0.7418 0.0000 0.0000	</row1>
					<row2>	-0.0845 0.0000 0.7369 0.0000	</row2>
					<row3>	-0.4642 0.2141 -5.2033 1.0000	</row3>
				</transform>
			</node>
			<node>
				<identifier>	MP_RM277_Davit_INDEX_1	</identifier>
				<transform>
					<row0>	0.9968 0.0000 0.0794 0.0000	</row0>
					<row1>	0.0000 1.0000 0.0000 0.0000	</row1>
					<row2>	-0.0794 0.0000 0.9968 0.0000	</row2>
					<row3>	-0.5402 0.2141 -4.2759 1.0000	</row3>
				</transform>
			</node>
			<node>
				<identifier>	MP_RM277_Davit_INDEX_2	</identifier>
				<transform>
					<row0>	0.9969 0.0000 -0.0792 0.0000	</row0>
					<row1>	0.0000 1.0000 0.0000 0.0000	</row1>
					<row2>	0.0792 0.0000 0.9969 0.0000	</row2>
					<row3>	0.5036 0.2141 -4.7371 1.0000	</row3>
				</transform>
			</node>
			<node>
				<identifier>	MP_RM277_Davit_INDEX_3	</identifier>
				<transform>
					<row0>	0.9973 0.0000 -0.0740 0.0000	</row0>
					<row1>	0.0000 1.0000 0.0000 0.0000	</row1>
					<row2>	0.0740 0.0000 0.9973 0.0000	</row2>
					<row3>	0.5388 0.2141 -4.2741 1.0000	</row3>
				</transform>
			</node>
			<node>
				<identifier>	MP_RM277_Davit_INDEX_4	</identifier>
				<transform>
					<row0>	0.7388 0.0000 0.0663 0.0000	</row0>
					<row1>	0.0000 0.7418 0.0000 0.0000	</row1>
					<row2>	-0.0663 0.0000 0.7388 0.0000	</row2>
					<row3>	-0.4887 0.2141 -4.9289 1.0000	</row3>
				</transform>
			</node>
			<node>
				<identifier>	MP_RM277_Davit_INDEX_5	</identifier>
				<transform>
					<row0>	0.9969 0.0000 0.0781 0.0000	</row0>
					<row1>	0.0000 1.0000 0.0000 0.0000	</row1>
					<row2>	-0.0781 0.0000 0.9969 0.0000	</row2>
					<row3>	-0.5157 0.2141 -4.5918 1.0000	</row3>
				</transform>
			</node>
			<node>
				<identifier>	MP_RM284_Hatch	</identifier>
				<transform>
					<row0>	0.5426 0.0000 0.0000 0.0000	</row0>
					<row1>	0.0000 0.5426 0.0000 0.0000	</row1>
					<row2>	0.0000 0.0000 0.5426 0.0000	</row2>
					<row3>	0.2312 0.2448 -3.7805 1.0000	</row3>
				</transform>
			</node>
			<node>
				<identifier>	MP_RM284_Hatch_INDEX_1	</identifier>
				<transform>
					<row0>	1.0000 0.0000 0.0000 0.0000	</row0>
					<row1>	0.0000 1.0000 0.0000 0.0000	</row1>
					<row2>	0.0000 0.0000 1.0000 0.0000	</row2>
					<row3>	0.1599 0.2444 -4.4738 1.0000	</row3>
				</transform>
			</node>
			<node>
				<identifier>	MP_RM284_Hatch_INDEX_2	</identifier>
				<transform>
					<row0>	1.0000 0.0000 0.0000 0.0000	</row0>
					<row1>	0.0000 1.0000 0.0000 0.0000	</row1>
					<row2>	0.0000 0.0000 1.0000 0.0000	</row2>
					<row3>	-0.0517 0.2480 -5.0616 1.0000	</row3>
				</transform>
			</node>
			<node>
				<identifier>	MP_RM284_Hatch_INDEX_3	</identifier>
				<transform>
					<row0>	1.0000 0.0000 0.0000 0.0000	</row0>
					<row1>	0.0000 1.0000 0.0000 0.0000	</row1>
					<row2>	0.0000 0.0000 1.0000 0.0000	</row2>
					<row3>	0.0517 0.2480 -5.0616 1.0000	</row3>
				</transform>
			</node>
			<node>
				<identifier>	MP_RM284_Hatch_INDEX_4	</identifier>
				<transform>
					<row0>	1.0000 0.0000 0.0000 0.0000	</row0>
					<row1>	0.0000 1.0000 0.0000 0.0000	</row1>
					<row2>	0.0000 0.0000 1.0000 0.0000	</row2>
					<row3>	0.0000 0.2491 -3.6395 1.0000	</row3>
				</transform>
			</node>
			<node>
				<identifier>	MP_RM287_Hatch	</identifier>
				<transform>
					<row0>	-1.0000 0.0000 0.0000 0.0000	</row0>
					<row1>	0.0000 1.0000 0.0000 0.0000	</row1>
					<row2>	0.0000 0.0000 -1.0000 0.0000	</row2>
					<row3>	-0.0361 0.2321 -6.0389 1.0000	</row3>
				</transform>
			</node>
			<node>
				<identifier>	MP_RM287_Hatch_INDEX_1	</identifier>
				<transform>
					<row0>	-1.0000 0.0000 0.0000 0.0000	</row0>
					<row1>	0.0000 1.0000 0.0000 0.0000	</row1>
					<row2>	0.0000 0.0000 -1.0000 0.0000	</row2>
					<row3>	0.0425 0.2262 -6.2420 1.0000	</row3>
				</transform>
			</node>
			<node>
				<identifier>	MP_RM288_Hatch	</identifier>
				<transform>
					<row0>	0.0000 0.0000 1.0000 0.0000	</row0>
					<row1>	0.0000 1.0000 0.0000 0.0000	</row1>
					<row2>	-1.0000 0.0000 0.0000 0.0000	</row2>
					<row3>	0.1693 0.2457 -3.8781 1.0000	</row3>
				</transform>
			</node>
			<node>
				<identifier>	MP_RM288_Hatch_INDEX_1	</identifier>
				<transform>
					<row0>	0.0000 0.0000 1.0000 0.0000	</row0>
					<row1>	0.0000 1.0000 0.0000 0.0000	</row1>
					<row2>	-1.0000 0.0000 0.0000 0.0000	</row2>
					<row3>	-0.1688 0.2457 -3.7307 1.0000	</row3>
				</transform>
			</node>
			<node>
				<identifier>	MP_RM289_Reel	</identifier>
				<transform>
					<row0>	1.0000 0.0000 0.0000 0.0000	</row0>
					<row1>	0.0000 1.0000 0.0000 0.0000	</row1>
					<row2>	0.0000 0.0000 1.0000 0.0000	</row2>
					<row3>	-0.0452 0.2483 -4.4950 1.0000	</row3>
				</transform>
			</node>
			<node>
				<identifier>	MP_RM291_Reel	</identifier>
				<transform>
					<row0>	-1.0000 0.0000 0.0000 0.0000	</row0>
					<row1>	0.0000 1.0000 0.0000 0.0000	</row1>
					<row2>	0.0000 0.0000 -1.0000 0.0000	</row2>
					<row3>	0.0787 0.2473 -4.5988 1.0000	</row3>
				</transform>
			</node>
			<node>
				<identifier>	MP_RM291_Reel_INDEX_1	</identifier>
				<transform>
					<row0>	-1.0000 0.0000 0.0000 0.0000	</row0>
					<row1>	0.0000 1.0000 0.0000 0.0000	</row1>
					<row2>	0.0000 0.0000 -1.0000 0.0000	</row2>
					<row3>	-0.1065 0.2463 -4.6226 1.0000	</row3>
				</transform>
			</node>
			<node>
				<identifier>	MP_RM295_Ventilation	</identifier>
				<transform>
					<row0>	1.7979 0.0000 0.0000 0.0000	</row0>
					<row1>	0.0000 1.7979 0.0000 0.0000	</row1>
					<row2>	0.0000 0.0000 1.7979 0.0000	</row2>
					<row3>	-0.1458 0.2048 -4.3365 1.0000	</row3>
				</transform>
			</node>
			<node>
				<identifier>	MP_RM295_Ventilation_INDEX_1	</identifier>
				<transform>
					<row0>	1.7979 0.0000 0.0000 0.0000	</row0>
					<row1>	0.0000 1.7979 0.0000 0.0000	</row1>
					<row2>	0.0000 0.0000 1.7979 0.0000	</row2>
					<row3>	0.1159 0.2341 -5.0746 1.0000	</row3>
				</transform>
			</node>
			<node>
				<identifier>	MP_RM295_Ventilation_INDEX_2	</identifier>
				<transform>
					<row0>	1.7979 0.0000 0.0000 0.0000	</row0>
					<row1>	0.0000 1.7979 0.0000 0.0000	</row1>
					<row2>	0.0000 0.0000 1.7979 0.0000	</row2>
					<row3>	0.1458 0.2048 -4.3365 1.0000	</row3>
				</transform>
			</node>
			<node>
				<identifier>	MP_RM295_Ventilation_INDEX_3	</identifier>
				<transform>
					<row0>	1.1967 0.0000 0.0000 0.0000	</row0>
					<row1>	0.0000 1.1967 0.0000 0.0000	</row1>
					<row2>	0.0000 0.0000 1.1967 0.0000	</row2>
					<row3>	-0.2128 0.2418 -3.8587 1.0000	</row3>
				</transform>
			</node>
			<node>
				<identifier>	MP_RM295_Ventilation_INDEX_4	</identifier>
				<transform>
					<row0>	0.9393 0.0000 0.0000 0.0000	</row0>
					<row1>	0.0000 0.9393 0.0000 0.0000	</row1>
					<row2>	0.0000 0.0000 0.9393 0.0000	</row2>
					<row3>	0.0483 0.2288 -6.1933 1.0000	</row3>
				</transform>
			</node>
			<node>
				<identifier>	MP_RM295_Ventilation_INDEX_5	</identifier>
				<transform>
					<row0>	1.1967 0.0000 0.0000 0.0000	</row0>
					<row1>	0.0000 1.1967 0.0000 0.0000	</row1>
					<row2>	0.0000 0.0000 1.1967 0.0000	</row2>
					<row3>	-0.1670 0.2427 -3.7779 1.0000	</row3>
				</transform>
			</node>
			<node>
				<identifier>	MP_RM295_Ventilation_INDEX_6	</identifier>
				<transform>
					<row0>	1.7979 0.0000 0.0000 0.0000	</row0>
					<row1>	0.0000 1.7979 0.0000 0.0000	</row1>
					<row2>	0.0000 0.0000 1.7979 0.0000	</row2>
					<row3>	-0.0214 0.2085 -4.3905 1.0000	</row3>
				</transform>
			</node>
			<node>
				<identifier>	MP_RM295_Ventilation_INDEX_7	</identifier>
				<transform>
					<row0>	2.2596 0.0000 0.0000 0.0000	</row0>
					<row1>	0.0000 2.2596 0.0000 0.0000	</row1>
					<row2>	0.0000 0.0000 2.2596 0.0000	</row2>
					<row3>	0.0008 0.2158 -5.9485 1.0000	</row3>
				</transform>
			</node>
			<node>
				<identifier>	MP_RM310_Crane_for_Ladder	</identifier>
				<transform>
					<row0>	0.9976 0.0000 0.0689 0.0000	</row0>
					<row1>	0.0000 1.0000 0.0000 0.0000	</row1>
					<row2>	-0.0689 0.0000 0.9976 0.0000	</row2>
					<row3>	-0.5493 0.2101 -4.0776 1.0000	</row3>
				</transform>
			</node>
			<node>
				<identifier>	MP_RM310_Crane_for_Ladder_INDEX_1	</identifier>
				<transform>
					<row0>	0.9976 0.0000 -0.0689 0.0000	</row0>
					<row1>	0.0000 1.0000 0.0000 0.0000	</row1>
					<row2>	0.0689 0.0000 0.9976 0.0000	</row2>
					<row3>	0.5493 0.2101 -4.0776 1.0000	</row3>
				</transform>
			</node>
			<node>
				<identifier>	MP_RM311_Barrel_DV	</identifier>
				<transform>
					<row0>	0.1153 0.0000 -0.9933 0.0000	</row0>
					<row1>	-0.0045 1.0000 -0.0005 0.0000	</row1>
					<row2>	0.9933 0.0045 0.1153 0.0000	</row2>
					<row3>	-0.3569 0.2191 -5.8213 1.0000	</row3>
				</transform>
			</node>
			<node>
				<identifier>	MP_RM311_Barrel_DV_INDEX_1	</identifier>
				<transform>
					<row0>	0.0920 0.0000 0.9958 0.0000	</row0>
					<row1>	0.0045 1.0000 -0.0004 0.0000	</row1>
					<row2>	-0.9957 0.0045 0.0920 0.0000	</row2>
					<row3>	0.4418 0.2190 -5.0214 1.0000	</row3>
				</transform>
			</node>
			<node>
				<identifier>	MP_RM311_Barrel_DV_INDEX_2	</identifier>
				<transform>
					<row0>	0.0974 0.0000 0.9952 0.0000	</row0>
					<row1>	0.0045 1.0000 -0.0004 0.0000	</row1>
					<row2>	-0.9952 0.0045 0.0974 0.0000	</row2>
					<row3>	0.4232 0.2191 -5.2220 1.0000	</row3>
				</transform>
			</node>
			<node>
				<identifier>	MP_RM311_Barrel_DV_INDEX_3	</identifier>
				<transform>
					<row0>	0.1174 0.0000 0.9931 0.0000	</row0>
					<row1>	0.0045 1.0000 -0.0005 0.0000	</row1>
					<row2>	-0.9931 0.0045 0.1174 0.0000	</row2>
					<row3>	0.3693 0.2191 -5.7170 1.0000	</row3>
				</transform>
			</node>
			<node>
				<identifier>	MP_RM311_Barrel_DV_INDEX_4	</identifier>
				<transform>
					<row0>	0.1270 0.0044 -0.9919 0.0000	</row0>
					<row1>	0.0000 1.0000 0.0045 0.0000	</row1>
					<row2>	0.9919 -0.0006 0.1270 0.0000	</row2>
					<row3>	-0.3440 0.2195 -5.9259 1.0000	</row3>
				</transform>
			</node>
			<node>
				<identifier>	MP_RM311_Barrel_DV_INDEX_5	</identifier>
				<transform>
					<row0>	0.1270 -0.0044 0.9919 0.0000	</row0>
					<row1>	0.0000 1.0000 0.0045 0.0000	</row1>
					<row2>	-0.9919 -0.0006 0.1270 0.0000	</row2>
					<row3>	0.3440 0.2195 -5.9259 1.0000	</row3>
				</transform>
			</node>
			<node>
				<identifier>	MP_RM311_Barrel_DV_INDEX_6	</identifier>
				<transform>
					<row0>	0.0986 0.0000 0.9951 0.0000	</row0>
					<row1>	0.0045 1.0000 -0.0004 0.0000	</row1>
					<row2>	-0.9951 0.0045 0.0986 0.0000	</row2>
					<row3>	0.4127 0.2195 -5.3264 1.0000	</row3>
				</transform>
			</node>
			<node>
				<identifier>	MP_RM311_Barrel_DV_INDEX_7	</identifier>
				<transform>
					<row0>	0.1153 0.0000 0.9933 0.0000	</row0>
					<row1>	0.0045 1.0000 -0.0005 0.0000	</row1>
					<row2>	-0.9933 0.0045 0.1153 0.0000	</row2>
					<row3>	0.3569 0.2191 -5.8213 1.0000	</row3>
				</transform>
			</node>
			<node>
				<identifier>	MP_RM311_Barrel_DV_INDEX_8	</identifier>
				<transform>
					<row0>	0.1174 0.0000 -0.9931 0.0000	</row0>
					<row1>	-0.0045 1.0000 -0.0005 0.0000	</row1>
					<row2>	0.9931 0.0045 0.1174 0.0000	</row2>
					<row3>	-0.3693 0.2191 -5.7170 1.0000	</row3>
				</transform>
			</node>
			<node>
				<identifier>	MP_RM316_Sbomb_MDSH	</identifier>
				<transform>
					<row0>	0.9692 0.0000 0.2464 0.0000	</row0>
					<row1>	0.0000 1.0000 0.0000 0.0000	</row1>
					<row2>	-0.2464 0.0000 0.9692 0.0000	</row2>
					<row3>	0.3097 0.2190 -6.2621 1.0000	</row3>
				</transform>
			</node>
			<node>
				<identifier>	MP_RM316_Sbomb_MDSH_INDEX_1	</identifier>
				<transform>
					<row0>	0.9662 0.0000 -0.2578 0.0000	</row0>
					<row1>	0.0000 1.0000 0.0000 0.0000	</row1>
					<row2>	0.2578 0.0000 0.9662 0.0000	</row2>
					<row3>	-0.3047 0.2190 -6.3003 1.0000	</row3>
				</transform>
			</node>
			<node>
				<identifier>	MP_RM316_Sbomb_MDSH_INDEX_2	</identifier>
				<transform>
					<row0>	0.9673 0.0000 -0.2538 0.0000	</row0>
					<row1>	0.0000 1.0000 0.0000 0.0000	</row1>
					<row2>	0.2538 0.0000 0.9673 0.0000	</row2>
					<row3>	-0.3151 0.2190 -6.2236 1.0000	</row3>
				</transform>
			</node>
			<node>
				<identifier>	MP_RM316_Sbomb_MDSH_INDEX_3	</identifier>
				<transform>
					<row0>	0.9673 0.0000 0.2538 0.0000	</row0>
					<row1>	0.0000 1.0000 0.0000 0.0000	</row1>
					<row2>	-0.2538 0.0000 0.9673 0.0000	</row2>
					<row3>	0.3151 0.2190 -6.2236 1.0000	</row3>
				</transform>
			</node>
			<node>
				<identifier>	MP_RM316_Sbomb_MDSH_INDEX_4	</identifier>
				<transform>
					<row0>	0.9680 0.0000 0.2509 0.0000	</row0>
					<row1>	0.0000 1.0000 0.0000 0.0000	</row1>
					<row2>	-0.2509 0.0000 0.9680 0.0000	</row2>
					<row3>	0.2990 0.2190 -6.3391 1.0000	</row3>
				</transform>
			</node>
			<node>
				<identifier>	MP_RM316_Sbomb_MDSH_INDEX_5	</identifier>
				<transform>
					<row0>	0.9680 0.0000 -0.2509 0.0000	</row0>
					<row1>	0.0000 1.0000 0.0000 0.0000	</row1>
					<row2>	0.2509 0.0000 0.9680 0.0000	</row2>
					<row3>	-0.2990 0.2190 -6.3391 1.0000	</row3>
				</transform>
			</node>
			<node>
				<identifier>	MP_RM316_Sbomb_MDSH_INDEX_6	</identifier>
				<transform>
					<row0>	0.9692 0.0000 -0.2464 0.0000	</row0>
					<row1>	0.0000 1.0000 0.0000 0.0000	</row1>
					<row2>	0.2464 0.0000 0.9692 0.0000	</row2>
					<row3>	-0.3097 0.2190 -6.2621 1.0000	</row3>
				</transform>
			</node>
			<node>
				<identifier>	MP_RM316_Sbomb_MDSH_INDEX_7	</identifier>
				<transform>
					<row0>	0.9662 0.0000 0.2578 0.0000	</row0>
					<row1>	0.0000 1.0000 0.0000 0.0000	</row1>
					<row2>	-0.2578 0.0000 0.9662 0.0000	</row2>
					<row3>	0.3047 0.2190 -6.3003 1.0000	</row3>
				</transform>
			</node>
			<node>
				<identifier>	MP_RM320_Rescue_Eggs	</identifier>
				<transform>
					<row0>	-0.1322 0.0000 0.9912 0.0000	</row0>
					<row1>	0.0000 1.0000 0.0000 0.0000	</row1>
					<row2>	-0.9912 0.0000 -0.1322 0.0000	</row2>
					<row3>	-0.3184 0.2666 -6.4238 1.0000	</row3>
				</transform>
			</node>
			<node>
				<identifier>	MP_RM320_Rescue_Eggs_INDEX_1	</identifier>
				<transform>
					<row0>	-0.1322 0.0000 -0.9912 0.0000	</row0>
					<row1>	0.0000 1.0000 0.0000 0.0000	</row1>
					<row2>	0.9912 0.0000 -0.1322 0.0000	</row2>
					<row3>	0.3184 0.2666 -6.4238 1.0000	</row3>
				</transform>
			</node>
			<node>
				<identifier>	SP_YMS011_YHWL_M_1_INDEX_12	</identifier>
				<transform>
					<row0>	0.9376 0.1279 0.0836 0.0000	</row0>
					<row1>	-0.1274 0.9414 -0.0117 0.0000	</row1>
					<row2>	-0.0844 0.0003 0.9462 0.0000	</row2>
					<row3>	-0.5219 0.0000 -4.2965 1.0000	</row3>
				</transform>
			</node>
			<node>
				<identifier>	SP_YMS011_YHWL_M_1_INDEX_13	</identifier>
				<transform>
					<row0>	0.8898 0.3147 0.1079 0.0000	</row0>
					<row1>	-0.3119 0.8963 -0.0425 0.0000	</row1>
					<row2>	-0.1159 0.0043 0.9429 0.0000	</row2>
					<row3>	-0.4322 0.0000 -5.0747 1.0000	</row3>
				</transform>
			</node>
			<node>
				<identifier>	SP_YMS012_YHWR_M_1_INDEX_12	</identifier>
				<transform>
					<row0>	0.9376 -0.1279 -0.0836 0.0000	</row0>
					<row1>	0.1274 0.9414 -0.0117 0.0000	</row1>
					<row2>	0.0844 0.0003 0.9462 0.0000	</row2>
					<row3>	0.5219 0.0000 -4.2965 1.0000	</row3>
				</transform>
			</node>
			<node>
				<identifier>	SP_YMS012_YHWR_M_1_INDEX_13	</identifier>
				<transform>
					<row0>	0.8898 -0.3147 -0.1079 0.0000	</row0>
					<row1>	0.3119 0.8963 -0.0425 0.0000	</row1>
					<row2>	0.1159 0.0043 0.9429 0.0000	</row2>
					<row3>	0.4322 0.0000 -5.0747 1.0000	</row3>
				</transform>
			</node>
			<node>
				<identifier>	SP_YMS023_YHUC_L_1	</identifier>
				<transform>
					<row0>	0.9999 -0.0009 -0.0166 0.0000	</row0>
					<row1>	0.0000 0.9985 -0.0556 0.0000	</row1>
					<row2>	0.0167 0.0556 0.9983 0.0000	</row2>
					<row3>	-0.2446 -0.3916 -5.6273 1.0000	</row3>
				</transform>
			</node>
			<node>
				<identifier>	SP_YMS023_YHUC_L_1_INDEX_1	</identifier>
				<transform>
					<row0>	0.9999 0.0009 0.0166 0.0000	</row0>
					<row1>	0.0000 0.9985 -0.0556 0.0000	</row1>
					<row2>	-0.0167 0.0556 0.9983 0.0000	</row2>
