<FSC028_Brest_1944_Stern_ports.visual>
	<node>
		<identifier>	Scene Root	</identifier>
		<transform>
			<row0>	1.0000 0.0000 0.0000 0.0000	</row0>
			<row1>	0.0000 1.0000 0.0000 0.0000	</row1>
			<row2>	0.0000 0.0000 1.0000 0.0000	</row2>
			<row3>	0.0000 0.0000 0.0000 1.0000	</row3>
		</transform>
		<node>
			<identifier>	Stern_ports	</identifier>
			<transform>
				<row0>	1.0000 0.0000 0.0000 0.0000	</row0>
				<row1>	0.0000 1.0000 0.0000 0.0000	</row1>
				<row2>	0.0000 0.0000 1.0000 0.0000	</row2>
				<row3>	0.0000 0.0000 0.0000 1.0000	</row3>
			</transform>
			<node>
				<identifier>	HP_FD_11	</identifier>
				<transform>
					<row0>	-1.0000 0.0000 0.0000 0.0000	</row0>
					<row1>	0.0000 1.0000 0.0000 0.0000	</row1>
					<row2>	0.0000 0.0000 -1.0000 0.0000	</row2>
					<row3>	-0.2044 0.4685 -5.6502 1.0000	</row3>
				</transform>
			</node>
			<node>
				<identifier>	HP_FD_12	</identifier>
				<transform>
					<row0>	-1.0000 0.0000 0.0000 0.0000	</row0>
					<row1>	0.0000 1.0000 0.0000 0.0000	</row1>
					<row2>	0.0000 0.0000 -1.0000 0.0000	</row2>
					<row3>	0.2044 0.4685 -5.6502 1.0000	</row3>
				</transform>
			</node>
			<node>
				<identifier>	HP_FGA_19	</identifier>
				<transform>
					<row0>	-1.0000 0.0000 0.0000 0.0000	</row0>
					<row1>	0.0000 1.0000 0.0000 0.0000	</row1>
					<row2>	0.0000 0.0000 -1.0000 0.0000	</row2>
					<row3>	-0.2020 0.3876 -5.9240 1.0000	</row3>
				</transform>
			</node>
			<node>
				<identifier>	HP_FGA_20	</identifier>
				<transform>
					<row0>	-1.0000 0.0000 0.0000 0.0000	</row0>
					<row1>	0.0000 1.0000 0.0000 0.0000	</row1>
					<row2>	0.0000 0.0000 -1.0000 0.0000	</row2>
					<row3>	0.2020 0.3876 -5.9240 1.0000	</row3>
				</transform>
			</node>
			<node>
				<identifier>	HP_FGA_21	</identifier>
				<transform>
					<row0>	-1.0000 0.0000 0.0000 0.0000	</row0>
					<row1>	0.0000 1.0000 0.0000 0.0000	</row1>
					<row2>	0.0000 0.0000 -1.0000 0.0000	</row2>
					<row3>	-0.1599 0.3954 -6.8077 1.0000	</row3>
				</transform>
			</node>
			<node>
				<identifier>	HP_FGA_22	</identifier>
				<transform>
					<row0>	-1.0000 0.0000 0.0000 0.0000	</row0>
					<row1>	0.0000 1.0000 0.0000 0.0000	</row1>
					<row2>	0.0000 0.0000 -1.0000 0.0000	</row2>
					<row3>	0.1599 0.3954 -6.8077 1.0000	</row3>
				</transform>
			</node>
			<node>
				<identifier>	HP_FX_Fire_4	</identifier>
				<transform>
					<row0>	1.0000 0.0000 0.0000 0.0000	</row0>
					<row1>	0.0000 1.0000 0.0000 0.0000	</row1>
					<row2>	0.0000 0.0000 1.0000 0.0000	</row2>
					<row3>	0.0000 0.3532 -5.5941 1.0000	</row3>
				</transform>
			</node>
			<node>
				<identifier>	HP_FX_Flood_water_left	</identifier>
				<transform>
					<row0>	-0.9613 0.0000 -0.2753 0.0000	</row0>
					<row1>	0.0000 1.0000 0.0000 0.0000	</row1>
					<row2>	0.2753 0.0000 -0.9613 0.0000	</row2>
					<row3>	-0.2776 0.0584 -6.3317 1.0000	</row3>
				</transform>
			</node>
			<node>
				<identifier>	HP_FX_Flood_water_left_2	</identifier>
				<transform>
					<row0>	-0.9849 0.0689 -0.1585 0.0000	</row0>
					<row1>	0.0690 0.9976 0.0044 0.0000	</row1>
					<row2>	0.1585 -0.0066 -0.9873 0.0000	</row2>
					<row3>	-0.4598 0.0583 -5.4806 1.0000	</row3>
				</transform>
			</node>
			<node>
				<identifier>	HP_FX_Flood_water_right	</identifier>
				<transform>
					<row0>	0.9763 0.0000 -0.2164 0.0000	</row0>
					<row1>	0.0000 1.0000 0.0000 0.0000	</row1>
					<row2>	0.2164 0.0000 0.9763 0.0000	</row2>
					<row3>	0.2773 0.0579 -6.3319 1.0000	</row3>
				</transform>
			</node>
			<node>
				<identifier>	HP_FX_Flood_water_right_2	</identifier>
				<transform>
					<row0>	0.9890 0.0000 -0.1480 0.0000	</row0>
					<row1>	0.0076 0.9987 0.0511 0.0000	</row1>
					<row2>	0.1478 -0.0517 0.9877 0.0000	</row2>
					<row3>	0.4595 0.0574 -5.4810 1.0000	</row3>
				</transform>
			</node>
			<node>
				<identifier>	HP_FX_WakeTraceBack	</identifier>
				<transform>
					<row0>	1.0000 0.0000 0.0000 0.0000	</row0>
					<row1>	0.0000 1.0000 0.0000 0.0000	</row1>
					<row2>	0.0000 0.0000 1.0000 0.0000	</row2>
					<row3>	0.0000 0.0000 -6.9849 1.0000	</row3>
				</transform>
			</node>
			<node>
				<identifier>	HP_FX_WakeTrace_screw_2	</identifier>
				<transform>
					<row0>	1.0000 0.0000 0.0000 0.0000	</row0>
					<row1>	0.0000 1.0000 0.0000 0.0000	</row1>
					<row2>	0.0000 0.0000 1.0000 0.0000	</row2>
					<row3>	-0.2739 -0.4248 -5.8931 1.0000	</row3>
				</transform>
			</node>
			<node>
				<identifier>	HP_FX_WakeTrace_screw_3	</identifier>
				<transform>
					<row0>	1.0000 0.0000 0.0000 0.0000	</row0>
					<row1>	0.0000 1.0000 0.0000 0.0000	</row1>
					<row2>	0.0000 0.0000 1.0000 0.0000	</row2>
					<row3>	0.2739 -0.4248 -5.8931 1.0000	</row3>
				</transform>
			</node>
			<node>
				<identifier>	HP_Ship_death_3	</identifier>
				<transform>
					<row0>	1.0000 0.0000 0.0000 0.0000	</row0>
					<row1>	0.0000 1.0000 0.0000 0.0000	</row1>
					<row2>	0.0000 0.0000 1.0000 0.0000	</row2>
					<row3>	0.0000 0.0000 -5.4480 1.0000	</row3>
				</transform>
			</node>
			<node>
				<identifier>	MP_CM011_Fire_Fighting_Gear	</identifier>
				<transform>
					<row0>	-1.0000 0.0000 0.0000 0.0000	</row0>
					<row1>	0.0000 1.0000 0.0000 0.0000	</row1>
					<row2>	0.0000 0.0000 -1.0000 0.0000	</row2>
					<row3>	-0.0404 0.3871 -5.7916 1.0000	</row3>
				</transform>
			</node>
			<node>
				<identifier>	MP_CM011_Fire_Fighting_Gear_INDEX_1	</identifier>
				<transform>
					<row0>	-1.0000 0.0000 0.0000 0.0000	</row0>
					<row1>	0.0000 1.0000 0.0000 0.0000	</row1>
					<row2>	0.0000 0.0000 -1.0000 0.0000	</row2>
					<row3>	0.0404 0.3871 -5.7916 1.0000	</row3>
				</transform>
			</node>
			<node>
				<identifier>	MP_CM013_Fire_Hose_Rack_2	</identifier>
				<transform>
					<row0>	-0.1972 0.0000 -0.9804 0.0000	</row0>
					<row1>	0.0000 1.0000 0.0000 0.0000	</row1>
					<row2>	0.9804 0.0000 -0.1972 0.0000	</row2>
					<row3>	0.2425 0.4319 -5.7443 1.0000	</row3>
				</transform>
			</node>
			<node>
				<identifier>	MP_CM161_Propeller_4_8m_BB_R	</identifier>
				<transform>
					<row0>	1.2080 0.0000 0.0000 0.0000	</row0>
					<row1>	0.0000 1.2076 -0.0299 0.0000	</row1>
					<row2>	0.0000 0.0299 1.2076 0.0000	</row2>
					<row3>	0.2728 -0.4274 -5.8934 1.0000	</row3>
				</transform>
			</node>
			<node>
				<identifier>	MP_CM162_Propeller_4_8m_BB_L	</identifier>
				<transform>
					<row0>	1.2080 0.0000 0.0000 0.0000	</row0>
					<row1>	0.0000 1.2076 -0.0299 0.0000	</row1>
					<row2>	0.0000 0.0299 1.2076 0.0000	</row2>
					<row3>	-0.2728 -0.4274 -5.8934 1.0000	</row3>
				</transform>
			</node>
			<node>
				<identifier>	MP_FM011_Reels	</identifier>
				<transform>
					<row0>	1.7246 0.0000 0.0000 0.0000	</row0>
					<row1>	0.0000 1.7245 0.0189 0.0000	</row1>
					<row2>	0.0000 -0.0189 1.7245 0.0000	</row2>
					<row3>	0.2487 0.3931 -6.3165 1.0000	</row3>
				</transform>
			</node>
			<node>
				<identifier>	MP_FM011_Reels_INDEX_1	</identifier>
				<transform>
					<row0>	1.7246 0.0000 0.0000 0.0000	</row0>
					<row1>	0.0000 1.7245 0.0189 0.0000	</row1>
					<row2>	0.0000 -0.0189 1.7245 0.0000	</row2>
					<row3>	-0.2487 0.3931 -6.3165 1.0000	</row3>
				</transform>
			</node>
			<node>
				<identifier>	MP_FM014_Telephone	</identifier>
				<transform>
					<row0>	0.9804 0.0000 -0.1970 0.0000	</row0>
					<row1>	0.0000 1.0000 0.0000 0.0000	</row1>
					<row2>	0.1970 0.0000 0.9804 0.0000	</row2>
					<row3>	0.2531 0.4449 -5.7474 1.0000	</row3>
				</transform>
			</node>
			<node>
				<identifier>	MP_FM014_Telephone_INDEX_1	</identifier>
				<transform>
					<row0>	0.9804 0.0000 0.1970 0.0000	</row0>
					<row1>	0.0000 1.0000 0.0000 0.0000	</row1>
					<row2>	-0.1970 0.0000 0.9804 0.0000	</row2>
					<row3>	-0.2531 0.4449 -5.7474 1.0000	</row3>
				</transform>
			</node>
			<node>
				<identifier>	MP_FM014_Telephone_INDEX_2	</identifier>
				<transform>
					<row0>	0.9823 0.0000 0.1871 0.0000	</row0>
					<row1>	0.0000 1.0000 0.0000 0.0000	</row1>
					<row2>	-0.1871 0.0000 0.9823 0.0000	</row2>
					<row3>	-0.1786 0.4534 -6.7134 1.0000	</row3>
				</transform>
			</node>
			<node>
				<identifier>	MP_FM014_Telephone_INDEX_3	</identifier>
				<transform>
					<row0>	0.9823 0.0000 -0.1871 0.0000	</row0>
					<row1>	0.0000 1.0000 0.0000 0.0000	</row1>
					<row2>	0.1871 0.0000 0.9823 0.0000	</row2>
					<row3>	0.1786 0.4534 -6.7134 1.0000	</row3>
				</transform>
			</node>
			<node>
				<identifier>	MP_FM017_Turtles_box	</identifier>
				<transform>
					<row0>	-0.9810 0.0000 0.1940 0.0000	</row0>
					<row1>	0.0000 1.0000 0.0000 0.0000	</row1>
					<row2>	-0.1940 0.0000 -0.9810 0.0000	</row2>
					<row3>	0.2156 0.3991 -5.7425 1.0000	</row3>
				</transform>
			</node>
			<node>
				<identifier>	MP_FM017_Turtles_box_INDEX_1	</identifier>
				<transform>
					<row0>	0.9805 0.0000 0.1964 0.0000	</row0>
					<row1>	0.0000 1.0000 0.0000 0.0000	</row1>
					<row2>	-0.1964 0.0000 0.9805 0.0000	</row2>
					<row3>	-0.1744 0.4154 -6.7072 1.0000	</row3>
				</transform>
			</node>
			<node>
				<identifier>	MP_FM017_Turtles_box_INDEX_2	</identifier>
				<transform>
					<row0>	0.9805 0.0000 -0.1964 0.0000	</row0>
					<row1>	0.0000 1.0000 0.0000 0.0000	</row1>
					<row2>	0.1964 0.0000 0.9805 0.0000	</row2>
					<row3>	0.1744 0.4154 -6.7072 1.0000	</row3>
				</transform>
			</node>
			<node>
				<identifier>	MP_FM017_Turtles_box_INDEX_3	</identifier>
				<transform>
					<row0>	-0.9810 0.0000 -0.1940 0.0000	</row0>
					<row1>	0.0000 1.0000 0.0000 0.0000	</row1>
					<row2>	0.1940 0.0000 -0.9810 0.0000	</row2>
					<row3>	-0.2156 0.3991 -5.7425 1.0000	</row3>
				</transform>
			</node>
			<node>
				<identifier>	MP_FM019_Life_Bouy	</identifier>
				<transform>
					<row0>	0.2887 0.0000 0.9574 0.0000	</row0>
					<row1>	0.0000 1.0000 0.0000 0.0000	</row1>
					<row2>	-0.9574 0.0000 0.2887 0.0000	</row2>
					<row3>	0.3722 0.4096 -6.4983 1.0000	</row3>
				</transform>
			</node>
			<node>
				<identifier>	MP_FM019_Life_Bouy_INDEX_1	</identifier>
				<transform>
					<row0>	0.2887 0.0000 -0.9574 0.0000	</row0>
					<row1>	0.0000 1.0000 0.0000 0.0000	</row1>
					<row2>	0.9574 0.0000 0.2887 0.0000	</row2>
					<row3>	-0.3722 0.4096 -6.4983 1.0000	</row3>
				</transform>
			</node>
			<node>
				<identifier>	MP_FM502_Rafts_5in	</identifier>
				<transform>
					<row0>	0.0000 0.0000 -1.0000 0.0000	</row0>
					<row1>	0.0000 1.0000 0.0000 0.0000	</row1>
					<row2>	1.0000 0.0000 0.0000 0.0000	</row2>
					<row3>	0.2464 0.3911 -6.1892 1.0000	</row3>
				</transform>
			</node>
			<node>
				<identifier>	MP_FM502_Rafts_5in_INDEX_1	</identifier>
				<transform>
					<row0>	0.0000 0.0000 1.0000 0.0000	</row0>
					<row1>	0.0000 1.0000 0.0000 0.0000	</row1>
					<row2>	-1.0000 0.0000 0.0000 0.0000	</row2>
					<row3>	-0.2464 0.3911 -6.1892 1.0000	</row3>
				</transform>
			</node>
			<node>
				<identifier>	MP_FM601_Multipole_Switch	</identifier>
				<transform>
					<row0>	0.1919 0.0000 -0.9814 0.0000	</row0>
					<row1>	0.0000 1.0000 0.0000 0.0000	</row1>
					<row2>	0.9814 0.0000 0.1919 0.0000	</row2>
					<row3>	0.0643 0.4357 -6.8203 1.0000	</row3>
				</transform>
			</node>
			<node>
				<identifier>	MP_FM601_Multipole_Switch_INDEX_1	</identifier>
				<transform>
					<row0>	-0.9804 0.0000 0.1970 0.0000	</row0>
					<row1>	0.0000 1.0000 0.0000 0.0000	</row1>
					<row2>	-0.1970 0.0000 -0.9804 0.0000	</row2>
					<row3>	0.2365 0.4315 -5.7446 1.0000	</row3>
				</transform>
			</node>
			<node>
				<identifier>	MP_FM601_Multipole_Switch_INDEX_2	</identifier>
				<transform>
					<row0>	-0.9804 0.0000 -0.1970 0.0000	</row0>
					<row1>	0.0000 1.0000 0.0000 0.0000	</row1>
					<row2>	0.1970 0.0000 -0.9804 0.0000	</row2>
					<row3>	-0.2365 0.4315 -5.7446 1.0000	</row3>
				</transform>
			</node>
			<node>
				<identifier>	MP_FM601_Multipole_Switch_INDEX_3	</identifier>
				<transform>
					<row0>	0.1919 0.0000 0.9814 0.0000	</row0>
					<row1>	0.0000 1.0000 0.0000 0.0000	</row1>
					<row2>	-0.9814 0.0000 0.1919 0.0000	</row2>
					<row3>	-0.0643 0.4357 -6.8203 1.0000	</row3>
				</transform>
			</node>
			<node>
				<identifier>	MP_FM701_Ammunition_Box	</identifier>
				<transform>
					<row0>	0.0000 0.0000 1.0000 0.0000	</row0>
					<row1>	0.0000 1.0000 0.0000 0.0000	</row1>
					<row2>	-1.0000 0.0000 0.0000 0.0000	</row2>
					<row3>	0.0768 0.3940 -6.6531 1.0000	</row3>
				</transform>
			</node>
			<node>
				<identifier>	MP_FM701_Ammunition_Box_INDEX_1	</identifier>
				<transform>
					<row0>	0.0000 0.0000 -1.0000 0.0000	</row0>
					<row1>	0.0000 1.0000 0.0000 0.0000	</row1>
					<row2>	1.0000 0.0000 0.0000 0.0000	</row2>
					<row3>	-0.0768 0.3940 -6.6531 1.0000	</row3>
				</transform>
			</node>
			<node>
				<identifier>	MP_FM800_Ventilation	</identifier>
				<transform>
					<row0>	-0.6240 0.0000 0.0000 0.0000	</row0>
					<row1>	0.0000 0.6240 0.0000 0.0000	</row1>
					<row2>	0.0000 0.0000 -0.6240 0.0000	</row2>
					<row3>	0.1699 0.3825 -5.2277 1.0000	</row3>
				</transform>
			</node>
			<node>
				<identifier>	MP_FM800_Ventilation_INDEX_1	</identifier>
				<transform>
					<row0>	-0.6240 0.0000 0.0000 0.0000	</row0>
					<row1>	0.0000 0.6240 0.0000 0.0000	</row1>
					<row2>	0.0000 0.0000 -0.6240 0.0000	</row2>
					<row3>	-0.1699 0.3825 -5.2277 1.0000	</row3>
				</transform>
			</node>
			<node>
				<identifier>	MP_FM950_Anchor_bottom	</identifier>
				<transform>
					<row0>	0.8200 0.0000 0.0000 0.0000	</row0>
					<row1>	0.0000 0.7788 0.2565 0.0000	</row1>
					<row2>	0.0000 -0.2565 0.7788 0.0000	</row2>
					<row3>	0.0000 0.2491 -7.1115 1.0000	</row3>
				</transform>
			</node>
			<node>
				<identifier>	MP_FM951_Anchor_up	</identifier>
				<transform>
					<row0>	0.8200 0.0000 0.0000 0.0000	</row0>
					<row1>	0.0000 0.3243 0.7531 0.0000	</row1>
					<row2>	0.0000 -0.7531 0.3243 0.0000	</row2>
					<row3>	0.0000 0.2491 -7.1104 1.0000	</row3>
				</transform>
			</node>
			<node>
				<identifier>	SP_YMS023_YHUC_L_1_INDEX_1	</identifier>
				<transform>
					<row0>	0.9539 0.0000 0.0000 0.0000	</row0>
					<row1>	0.0000 0.9539 0.0000 0.0000	</row1>
					<row2>	0.0000 0.0000 0.7342 0.0000	</row2>
					<row3>	-0.2744 -0.4243 -6.0155 1.0000	</row3>
				</transform>
			</node>
			<node>
				<identifier>	SP_YMS023_YHUC_L_1_INDEX_2	</identifier>
				<transform>
					<row0>	0.9539 0.0000 0.0000 0.0000	</row0>
					<row1>	0.0000 0.9539 0.0000 0.0000	</row1>
					<row2>	0.0000 0.0000 0.7342 0.0000	</row2>
					<row3>	0.2744 -0.4243 -6.0155 1.0000	</row3>
				</transform>
			</node>
			<node>
				<identifier>	SP_YMS031_YHAL_M_1	</identifier>
				<transform>
					<row0>	0.9772 0.0000 0.2122 0.0000	</row0>
					<row1>	0.0000 1.0000 0.0000 0.0000	</row1>
					<row2>	-0.2122 0.0000 0.9772 0.0000	</row2>
					<row3>	-0.2746 0.2307 -6.6933 1.0000	</row3>
				</transform>
			</node>
			<node>
				<identifier>	SP_YMS032_YHAR_M_1	</identifier>
				<transform>
					<row0>	0.9772 0.0000 -0.2122 0.0000	</row0>
					<row1>	0.0000 1.0000 0.0000 0.0000	</row1>
					<row2>	0.2122 0.0000 0.9772 0.0000	</row2>
					<row3>	0.2746 0.2307 -6.6933 1.0000	</row3>
				</transform>
			</node>
			<node>
				<identifier>	SP_YMS033_YHAM_S_1	</identifier>
				<transform>
					<row0>	1.0830 0.0000 0.0000 0.0000	</row0>
					<row1>	0.0000 1.0830 0.0000 0.0000	</row1>
					<row2>	0.0000 0.0000 1.0830 0.0000	</row2>
					<row3>	0.0000 0.1847 -7.1094 1.0000	</row3>
				</transform>
			</node>
			<node>
				<identifier>	SP_YMS061_YHGH_S_1	</identifier>
				<transform>
					<row0>	0.1719 0.0000 0.5756 0.0000	</row0>
					<row1>	0.0000 0.6007 0.0000 0.0000	</row1>
					<row2>	-0.5756 0.0000 0.1719 0.0000	</row2>
					<row3>	0.1601 0.4786 -6.8057 1.0000	</row3>
				</transform>
			</node>
			<node>
				<identifier>	SP_YMS061_YHGH_S_1_INDEX_1	</identifier>
				<transform>
					<row0>	0.1719 0.0000 -0.5756 0.0000	</row0>
					<row1>	0.0000 0.6007 0.0000 0.0000	</row1>
					<row2>	0.5756 0.0000 0.1719 0.0000	</row2>
					<row3>	-0.1601 0.4786 -6.8057 1.0000	</row3>
				</transform>
			</node>
			<node>
				<identifier>	SP_YMS080_YHSL_M_1_INDEX_1	</identifier>
				<transform>
					<row0>	0.9152 0.1750 0.2231 0.0000	</row0>
					<row1>	-0.1733 0.9419 -0.0277 0.0000	</row1>
					<row2>	-0.2244 -0.0140 0.9313 0.0000	</row2>
					<row3>	-0.4574 0.1101 -5.5422 1.0000	</row3>
				</transform>
			</node>
			<node>
				<identifier>	SP_YMS081_YHSR_M_1_INDEX_1	</identifier>
				<transform>
					<row0>	0.9152 -0.1750 -0.2231 0.0000	</row0>
					<row1>	0.1733 0.9419 -0.0277 0.0000	</row1>
					<row2>	0.2244 -0.0140 0.9313 0.0000	</row2>
					<row3>	0.4574 0.1101 -5.5422 1.0000	</row3>
				</transform>
			</node>
			<node>
				<identifier>	SP_YMS083_YHSC_L_1_INDEX_2	</identifier>
				<transform>
					<row0>	0.1340 0.0000 -0.6265 0.0000	</row0>
					<row1>	0.0000 0.6407 0.0000 0.0000	</row1>
					<row2>	0.6265 0.0000 0.1340 0.0000	</row2>
					<row3>	-0.3576 0.4545 -6.2113 1.0000	</row3>
				</transform>
			</node>
			<node>
				<identifier>	SP_YMS083_YHSC_L_1_INDEX_8	</identifier>
				<transform>
					<row0>	0.1248 0.0000 0.6284 0.0000	</row0>
					<row1>	0.0000 0.6407 0.0000 0.0000	</row1>
					<row2>	-0.6284 0.0000 0.1248 0.0000	</row2>
					<row3>	0.3576 0.4545 -6.2113 1.0000	</row3>
				</transform>
			</node>
		</node>
	</node>
	<boundingBox>
		<min>	-0.0667 -0.0667 -0.0667	</min>
		<max>	0.0667 0.0667 0.0667	</max>
	</boundingBox>
</FSC028_Brest_1944_Stern_ports.visual>
