<FSC010_Henri_IV_1957_Bow_ports.visual>
	<node>
		<identifier>	Scene Root	</identifier>
		<transform>
			<row0>	1.0000 0.0000 0.0000 0.0000	</row0>
			<row1>	0.0000 1.0000 0.0000 0.0000	</row1>
			<row2>	0.0000 0.0000 1.0000 0.0000	</row2>
			<row3>	0.0000 0.0000 0.0000 1.0000	</row3>
		</transform>
		<node>
			<identifier>	Bow_ports	</identifier>
			<transform>
				<row0>	1.0000 0.0000 0.0000 0.0000	</row0>
				<row1>	0.0000 1.0000 0.0000 0.0000	</row1>
				<row2>	0.0000 0.0000 1.0000 0.0000	</row2>
				<row3>	0.0000 0.0000 0.0000 1.0000	</row3>
			</transform>
			<node>
				<identifier>	HP_FGM_1	</identifier>
				<transform>
					<row0>	1.0000 0.0000 0.0000 0.0000	</row0>
					<row1>	0.0000 1.0000 0.0000 0.0000	</row1>
					<row2>	0.0000 0.0000 1.0000 0.0000	</row2>
					<row3>	0.0000 0.5456 4.4664 1.0000	</row3>
				</transform>
			</node>
			<node>
				<identifier>	HP_FX_Death_1	</identifier>
				<transform>
					<row0>	1.0000 0.0000 0.0000 0.0000	</row0>
					<row1>	0.0000 1.0000 0.0000 0.0000	</row1>
					<row2>	0.0000 0.0000 1.0000 0.0000	</row2>
					<row3>	0.0000 0.0000 5.8318 1.0000	</row3>
				</transform>
			</node>
			<node>
				<identifier>	HP_FX_Fire_1	</identifier>
				<transform>
					<row0>	1.0000 0.0000 0.0000 0.0000	</row0>
					<row1>	0.0000 1.0000 0.0000 0.0000	</row1>
					<row2>	0.0000 0.0000 1.0000 0.0000	</row2>
					<row3>	0.0000 0.5199 5.8130 1.0000	</row3>
				</transform>
			</node>
			<node>
				<identifier>	HP_FX_WakeTrace	</identifier>
				<transform>
					<row0>	1.0000 0.0000 0.0000 0.0000	</row0>
					<row1>	0.0000 1.0000 0.0000 0.0000	</row1>
					<row2>	0.0000 0.0000 1.0000 0.0000	</row2>
					<row3>	0.0000 0.0000 7.4780 1.0000	</row3>
				</transform>
			</node>
			<node>
				<identifier>	HP_Ship_death_1	</identifier>
				<transform>
					<row0>	1.0000 0.0000 0.0000 0.0000	</row0>
					<row1>	0.0000 1.0000 0.0000 0.0000	</row1>
					<row2>	0.0000 0.0000 1.0000 0.0000	</row2>
					<row3>	0.0000 0.0000 3.9291 1.0000	</row3>
				</transform>
			</node>
			<node>
				<identifier>	MP_CM010_Fire_Hose_Reel	</identifier>
				<transform>
					<row0>	0.0000 -0.9988 0.0497 0.0000	</row0>
					<row1>	0.0000 0.0497 0.9988 0.0000	</row1>
					<row2>	-1.0000 0.0000 0.0000 0.0000	</row2>
					<row3>	0.0000 0.5284 5.4181 1.0000	</row3>
				</transform>
			</node>
			<node>
				<identifier>	MP_CM056_Ships_bell	</identifier>
				<transform>
					<row0>	0.0000 0.0000 -1.0000 0.0000	</row0>
					<row1>	0.0000 1.0000 0.0000 0.0000	</row1>
					<row2>	1.0000 0.0000 0.0000 0.0000	</row2>
					<row3>	0.0000 0.8902 7.8316 1.0000	</row3>
				</transform>
			</node>
			<node>
				<identifier>	MP_FM011_Reels	</identifier>
				<transform>
					<row0>	0.7938 0.0000 0.6082 0.0000	</row0>
					<row1>	0.0179 0.9996 -0.0233 0.0000	</row1>
					<row2>	-0.6079 0.0294 0.7935 0.0000	</row2>
					<row3>	-0.2001 0.4992 4.7380 1.0000	</row3>
				</transform>
			</node>
			<node>
				<identifier>	MP_FM011_Reels_INDEX_1	</identifier>
				<transform>
					<row0>	0.7938 0.0000 -0.6082 0.0000	</row0>
					<row1>	-0.0179 0.9996 -0.0233 0.0000	</row1>
					<row2>	0.6079 0.0294 0.7935 0.0000	</row2>
					<row3>	0.2001 0.4992 4.7380 1.0000	</row3>
				</transform>
			</node>
			<node>
				<identifier>	MP_FM015_Life_Buoy	</identifier>
				<transform>
					<row0>	-0.0918 0.0000 0.9958 0.0000	</row0>
					<row1>	0.0000 1.0000 0.0000 0.0000	</row1>
					<row2>	-0.9958 0.0000 -0.0918 0.0000	</row2>
					<row3>	0.4718 0.6540 6.2697 1.0000	</row3>
				</transform>
			</node>
			<node>
				<identifier>	MP_FM015_Life_Buoy_INDEX_1	</identifier>
				<transform>
					<row0>	-0.0537 0.0000 0.9986 0.0000	</row0>
					<row1>	0.0000 1.0000 0.0000 0.0000	</row1>
					<row2>	-0.9986 0.0000 -0.0537 0.0000	</row2>
					<row3>	0.5948 0.5550 4.4669 1.0000	</row3>
				</transform>
			</node>
			<node>
				<identifier>	MP_FM015_Life_Buoy_INDEX_2	</identifier>
				<transform>
					<row0>	-0.0918 0.0000 -0.9958 0.0000	</row0>
					<row1>	0.0000 1.0000 0.0000 0.0000	</row1>
					<row2>	0.9958 0.0000 -0.0918 0.0000	</row2>
					<row3>	-0.4718 0.6540 6.2697 1.0000	</row3>
				</transform>
			</node>
			<node>
				<identifier>	MP_FM015_Life_Buoy_INDEX_3	</identifier>
				<transform>
					<row0>	-0.0537 0.0000 -0.9986 0.0000	</row0>
					<row1>	0.0000 1.0000 0.0000 0.0000	</row1>
					<row2>	0.9986 0.0000 -0.0537 0.0000	</row2>
					<row3>	-0.5948 0.5550 4.4669 1.0000	</row3>
				</transform>
			</node>
			<node>
				<identifier>	MP_FM851_Mastheadlight	</identifier>
				<transform>
					<row0>	1.0000 0.0000 0.0000 0.0000	</row0>
					<row1>	0.0000 1.0000 0.0000 0.0000	</row1>
					<row2>	0.0000 0.0000 1.0000 0.0000	</row2>
					<row3>	0.0000 0.8935 7.8933 1.0000	</row3>
				</transform>
			</node>
			<node>
				<identifier>	MP_FM950_Anchor_bottom	</identifier>
				<transform>
					<row0>	-0.5227 0.7327 0.4358 0.0000	</row0>
					<row1>	-0.2584 0.3509 -0.9000 0.0000	</row1>
					<row2>	-0.8124 -0.5831 0.0059 0.0000	</row2>
					<row3>	-0.2307 0.5377 7.3124 1.0000	</row3>
				</transform>
			</node>
			<node>
				<identifier>	MP_FM950_Anchor_bottom_INDEX_1	</identifier>
				<transform>
					<row0>	-0.5227 -0.7327 -0.4358 0.0000	</row0>
					<row1>	0.2584 0.3509 -0.9000 0.0000	</row1>
					<row2>	0.8124 -0.5831 0.0059 0.0000	</row2>
					<row3>	0.2308 0.5377 7.3124 1.0000	</row3>
				</transform>
			</node>
			<node>
				<identifier>	MP_FM950_Anchor_bottom_INDEX_2	</identifier>
				<transform>
					<row0>	1.0000 0.0000 0.0000 0.0000	</row0>
					<row1>	0.0000 0.0000 -1.0000 0.0000	</row1>
					<row2>	0.0000 1.0000 0.0000 0.0000	</row2>
					<row3>	0.0000 0.5508 7.8373 1.0000	</row3>
				</transform>
			</node>
			<node>
				<identifier>	MP_FM951_Anchor_up	</identifier>
				<transform>
					<row0>	-0.5238 -0.7340 -0.4323 0.0000	</row0>
					<row1>	-0.1195 0.5658 -0.8159 0.0000	</row1>
					<row2>	0.8434 -0.3756 -0.3840 0.0000	</row2>
					<row3>	0.2308 0.5377 7.3126 1.0000	</row3>
				</transform>
			</node>
			<node>
				<identifier>	MP_FM951_Anchor_up_INDEX_1	</identifier>
				<transform>
					<row0>	-0.5238 0.7340 0.4323 0.0000	</row0>
					<row1>	0.1195 0.5658 -0.8159 0.0000	</row1>
					<row2>	-0.8434 -0.3756 -0.3840 0.0000	</row2>
					<row3>	-0.2307 0.5377 7.3126 1.0000	</row3>
				</transform>
			</node>
			<node>
				<identifier>	MP_FM951_Anchor_up_INDEX_2	</identifier>
				<transform>
					<row0>	1.0000 0.0000 0.0000 0.0000	</row0>
					<row1>	0.0000 0.5884 -0.8085 0.0000	</row1>
					<row2>	0.0000 0.8085 0.5884 0.0000	</row2>
					<row3>	0.0000 0.5508 7.8373 1.0000	</row3>
				</transform>
			</node>
			<node>
				<identifier>	SP_YMS001_YHBM_M_1	</identifier>
				<transform>
					<row0>	1.7000 0.0000 0.0000 0.0000	</row0>
					<row1>	0.0000 1.6742 0.2952 0.0000	</row1>
					<row2>	0.0000 -0.2952 1.6742 0.0000	</row2>
					<row3>	0.0000 0.7316 7.9179 1.0000	</row3>
				</transform>
			</node>
			<node>
				<identifier>	SP_YMS002_YHBL_M_1	</identifier>
				<transform>
					<row0>	1.4642 -0.0133 -0.0767 0.0000	</row0>
					<row1>	0.0070 1.4612 -0.1213 0.0000	</row1>
					<row2>	0.0776 0.1208 1.4592 0.0000	</row2>
					<row3>	0.0000 0.7316 7.9179 1.0000	</row3>
				</transform>
			</node>
			<node>
				<identifier>	SP_YMS003_YHBR_M_1	</identifier>
				<transform>
					<row0>	1.4642 0.0133 0.0767 0.0000	</row0>
					<row1>	-0.0070 1.4612 -0.1213 0.0000	</row1>
					<row2>	-0.0776 0.1208 1.4592 0.0000	</row2>
					<row3>	0.0000 0.7316 7.9179 1.0000	</row3>
				</transform>
			</node>
			<node>
				<identifier>	SP_YMS004_YHXL_L_1	</identifier>
				<transform>
					<row0>	0.7887 0.5352 -0.2704 0.0000	</row0>
					<row1>	-0.5420 0.8274 0.0569 0.0000	</row1>
					<row2>	0.2565 0.1026 0.9514 0.0000	</row2>
					<row3>	-0.2256 0.5585 7.2207 1.0000	</row3>
				</transform>
			</node>
			<node>
				<identifier>	SP_YMS005_YHXR_L_1	</identifier>
				<transform>
					<row0>	0.7887 -0.5352 0.2704 0.0000	</row0>
					<row1>	0.5420 0.8274 0.0569 0.0000	</row1>
					<row2>	-0.2565 0.1026 0.9514 0.0000	</row2>
					<row3>	0.2256 0.5585 7.2207 1.0000	</row3>
				</transform>
			</node>
			<node>
				<identifier>	SP_YMS010_YHWM_L_1	</identifier>
				<transform>
					<row0>	0.9278 0.0000 0.0000 0.0000	</row0>
					<row1>	0.0000 0.9278 0.0000 0.0000	</row1>
					<row2>	0.0000 0.0000 0.9278 0.0000	</row2>
					<row3>	0.0000 0.0000 7.6444 1.0000	</row3>
				</transform>
			</node>
			<node>
				<identifier>	SP_YMS011_YHWL_M_1	</identifier>
				<transform>
					<row0>	1.0120 0.2108 -0.1710 0.0000	</row0>
					<row1>	-0.2075 1.0264 0.0370 0.0000	</row1>
					<row2>	0.1749 -0.0019 1.0331 0.0000	</row2>
					<row3>	-0.2844 0.0000 6.0378 1.0000	</row3>
				</transform>
			</node>
			<node>
				<identifier>	SP_YMS011_YHWL_M_1_INDEX_1	</identifier>
				<transform>
					<row0>	1.0329 0.1002 -0.1448 0.0000	</row0>
					<row1>	-0.0998 1.0430 0.0101 0.0000	</row1>
					<row2>	0.1451 0.0039 1.0377 0.0000	</row2>
					<row3>	-0.4211 0.0000 5.1697 1.0000	</row3>
				</transform>
			</node>
			<node>
				<identifier>	SP_YMS011_YHWL_M_1_INDEX_2	</identifier>
				<transform>
					<row0>	1.0404 0.0501 -0.1140 0.0000	</row0>
					<row1>	-0.0500 1.0466 0.0043 0.0000	</row1>
					<row2>	0.1140 0.0011 1.0416 0.0000	</row2>
					<row3>	-0.5269 0.0000 4.2879 1.0000	</row3>
				</transform>
			</node>
			<node>
				<identifier>	SP_YMS012_YHWR_M_1	</identifier>
				<transform>
					<row0>	1.0120 -0.2108 0.1710 0.0000	</row0>
					<row1>	0.2075 1.0264 0.0370 0.0000	</row1>
					<row2>	-0.1749 -0.0019 1.0331 0.0000	</row2>
					<row3>	0.2844 0.0000 6.0378 1.0000	</row3>
				</transform>
			</node>
			<node>
				<identifier>	SP_YMS012_YHWR_M_1_INDEX_1	</identifier>
				<transform>
					<row0>	1.0329 -0.1002 0.1448 0.0000	</row0>
					<row1>	0.0998 1.0430 0.0101 0.0000	</row1>
					<row2>	-0.1451 0.0039 1.0377 0.0000	</row2>
					<row3>	0.4211 0.0000 5.1697 1.0000	</row3>
				</transform>
			</node>
			<node>
				<identifier>	SP_YMS012_YHWR_M_1_INDEX_2	</identifier>
				<transform>
					<row0>	1.0404 -0.0501 0.1140 0.0000	</row0>
					<row1>	0.0500 1.0466 0.0043 0.0000	</row1>
					<row2>	-0.1140 0.0011 1.0416 0.0000	</row2>
					<row3>	0.5269 0.0000 4.2879 1.0000	</row3>
				</transform>
			</node>
			<node>
				<identifier>	SP_YMS020_YHBU_M_1	</identifier>
				<transform>
					<row0>	0.9739 0.0000 0.0000 0.0000	</row0>
					<row1>	0.0000 0.9231 0.3104 0.0000	</row1>
					<row2>	0.0000 -0.3104 0.9231 0.0000	</row2>
					<row3>	0.0000 -0.1043 7.3652 1.0000	</row3>
				</transform>
			</node>
			<node>
				<identifier>	SP_YMS022_YHUS_L_1	</identifier>
				<transform>
					<row0>	-0.1060 0.0028 -0.9944 0.0000	</row0>
					<row1>	-0.5264 0.8482 0.0585 0.0000	</row1>
					<row2>	0.8436 0.5296 -0.0884 0.0000	</row2>
					<row3>	-0.3173 -0.3204 4.3903 1.0000	</row3>
				</transform>
			</node>
			<node>
				<identifier>	SP_YMS022_YHUS_L_1_INDEX_1	</identifier>
				<transform>
					<row0>	-0.1060 -0.0028 0.9944 0.0000	</row0>
					<row1>	0.5264 0.8482 0.0585 0.0000	</row1>
					<row2>	-0.8436 0.5296 -0.0884 0.0000	</row2>
					<row3>	0.3173 -0.3204 4.3903 1.0000	</row3>
				</transform>
			</node>
			<node>
				<identifier>	SP_YMS051_YHDL_L_1	</identifier>
				<transform>
					<row0>	0.9878 -0.0001 -0.0687 0.0000	</row0>
					<row1>	-0.0031 0.9891 -0.0467 0.0000	</row1>
					<row2>	0.0686 0.0468 0.9867 0.0000	</row2>
					<row3>	-0.5521 0.5375 5.5428 1.0000	</row3>
				</transform>
			</node>
			<node>
				<identifier>	SP_YMS052_YHDR_L_1	</identifier>
				<transform>
					<row0>	0.9878 0.0001 0.0687 0.0000	</row0>
					<row1>	0.0031 0.9891 -0.0467 0.0000	</row1>
					<row2>	-0.0686 0.0468 0.9867 0.0000	</row2>
					<row3>	0.5521 0.5375 5.5428 1.0000	</row3>
				</transform>
			</node>
			<node>
				<identifier>	SP_YMS053_YHDC_S_1	</identifier>
				<transform>
					<row0>	1.3257 0.0000 0.0000 0.0000	</row0>
					<row1>	0.0000 1.3247 -0.0519 0.0000	</row1>
					<row2>	0.0000 0.0519 1.3247 0.0000	</row2>
					<row3>	-0.3482 0.5548 5.5379 1.0000	</row3>
				</transform>
			</node>
			<node>
				<identifier>	SP_YMS053_YHDC_S_1_INDEX_1	</identifier>
				<transform>
					<row0>	1.3257 0.0000 0.0000 0.0000	</row0>
					<row1>	0.0000 1.3247 -0.0519 0.0000	</row1>
					<row2>	0.0000 0.0519 1.3247 0.0000	</row2>
					<row3>	0.3482 0.5548 5.5379 1.0000	</row3>
				</transform>
			</node>
			<node>
				<identifier>	SP_YMS073_YHHC_M_2	</identifier>
				<transform>
					<row0>	-0.1398 -0.0580 -0.9885 0.0000	</row0>
					<row1>	-0.3976 0.9176 0.0024 0.0000	</row1>
					<row2>	0.9069 0.3933 -0.1513 0.0000	</row2>
					<row3>	-0.3326 0.3523 6.2481 1.0000	</row3>
				</transform>
			</node>
			<node>
				<identifier>	SP_YMS073_YHHC_M_2_INDEX_1	</identifier>
				<transform>
					<row0>	-0.1398 0.0580 0.9885 0.0000	</row0>
					<row1>	0.3976 0.9176 0.0024 0.0000	</row1>
					<row2>	-0.9069 0.3933 -0.1513 0.0000	</row2>
					<row3>	0.3326 0.3523 6.2481 1.0000	</row3>
				</transform>
			</node>
			<node>
				<identifier>	SP_YMS083_YHSC_L_1	</identifier>
				<transform>
					<row0>	-0.0787 -0.0050 -0.9969 0.0000	</row0>
					<row1>	-0.2286 0.9734 0.0132 0.0000	</row1>
					<row2>	0.9703 0.2289 -0.0778 0.0000	</row2>
					<row3>	-0.5824 0.4459 4.4025 1.0000	</row3>
				</transform>
			</node>
			<node>
				<identifier>	SP_YMS083_YHSC_L_1_INDEX_1	</identifier>
				<transform>
					<row0>	-0.0787 0.0050 0.9969 0.0000	</row0>
					<row1>	0.2286 0.9734 0.0132 0.0000	</row1>
					<row2>	-0.9703 0.2289 -0.0778 0.0000	</row2>
					<row3>	0.5824 0.4459 4.4025 1.0000	</row3>
				</transform>
			</node>
		</node>
	</node>
	<boundingBox>
		<min>	-0.0667 -0.0667 -0.0667	</min>
		<max>	0.0667 0.0667 0.0667	</max>
	</boundingBox>
</FSC010_Henri_IV_1957_Bow_ports.visual>
